1000
0
10
2
2
6
4
7
5
2
2
6
2
9
10
8
3
1
5
6
5
2
8
3
1
7
7
9
9
4
2
5
4
5
8
8
3
3
8
7
7
9
5
3
6
5
2
10
2
2
1
4
2
9
8
4
1
6
5
6
6
10
5
7
6
9
2
9
4
8
7
2
9
9
6
4
1
9
3
6
4
6
5
3
2
4
9
3
8
5
4
5
7
5
2
8
1
6
4
4
4
5
7
9
5
8
10
3
2
4
3
10
3
6
9
5
5
4
9
8
9
8
2
8
10
5
4
7
7
3
1
5
5
5
5
1
2
3
4
6
9
5
8
6
10
2
7
2
9
2
2
2
3
8
4
8
7
3
6
3
9
6
3
8
3
6
8
2
5
7
5
5
6
4
8
10
4
5
8
7
9
7
8
8
2
6
9
4
6
4
8
6
1
8
8
10
1
3
10
8
2
9
2
2
6
2
10
3
4
4
7
7
10
3
8
2
2
7
7
1
4
2
7
9
5
9
9
2
6
8
9
2
8
4
7
5
7
8
5
1
1
2
7
2
10
4
9
7
3
5
6
7
5
9
9
9
3
7
9
9
3
7
3
3
4
2
2
6
8
10
4
10
3
9
4
3
4
5
6
5
3
6
9
7
9
7
8
8
10
9
10
3
6
4
8
5
9
2
7
4
4
3
5
9
7
5
8
9
3
4
2
1
4
1
5
7
2
7
8
5
9
4
2
9
10
10
10
6
5
3
2
5
3
8
9
1
3
10
6
8
7
6
3
5
5
3
7
8
8
3
10
1
4
6
6
3
9
2
2
2
6
10
6
2
4
2
4
2
6
7
2
2
4
10
3
7
6
5
8
10
7
8
9
6
4
9
1
8
3
3
4
6
1
8
9
8
3
6
10
1
7
2
6
2
3
7
6
6
7
6
7
9
1
2
1
6
8
8
3
7
7
7
2
8
2
6
2
8
6
3
8
2
1
7
4
9
2
8
6
6
2
7
9
3
4
2
10
3
7
8
1
2
1
10
3
8
2
1
3
4
6
10
10
4
8
3
10
5
2
2
3
10
8
5
7
3
4
7
5
5
5
3
9
4
4
6
6
2
3
8
4
1
3
2
2
2
10
8
3
7
9
9
6
4
4
4
8
3
9
4
7
7
7
10
7
7
6
7
6
1
6
4
2
8
8
6
9
5
7
2
2
4
6
5
9
6
7
7
9
9
2
4
3
10
2
4
6
3
10
6
3
6
2
7
3
9
9
2
7
6
5
6
2
2
3
9
3
1
3
2
5
9
1
5
2
9
5
6
2
6
7
5
9
5
8
7
6
6
2
6
3
4
3
4
6
4
1
2
2
3
5
6
7
5
5
2
3
8
9
4
5
6
2
6
8
5
10
6
1
8
4
7
3
6
3
5
2
6
5
8
9
4
7
3
6
9
2
3
3
10
5
10
9
4
6
3
6
9
3
2
4
1
4
10
7
7
4
3
2
6
8
6
2
6
8
3
10
8
1
5
2
4
3
4
9
3
9
9
1
9
6
5
4
8
7
7
3
4
9
9
6
3
8
2
10
9
6
4
7
9
6
8
6
7
4
9
10
4
2
8
8
6
7
4
3
6
1
8
8
6
2
5
10
6
4
6
4
2
8
2
7
6
6
4
7
3
10
7
1
6
9
9
8
9
3
6
9
5
9
2
8
7
6
3
5
7
3
8
9
8
9
2
9
3
7
2
8
8
10
6
4
8
7
6
9
1
10
7
5
4
6
9
4
6
6
8
10
5
5
2
10
7
2
9
2
5
2
6
2
1
1
6
6
6
8
5
7
2
1
8
9
6
7
6
4
4
6
9
2
3
5
9
6
1
1
8
2
7
2
9
1
5
5
7
2
10
1
4
3
8
6
3
3
2
6
4
1
9
3
4
2
6
3
6
7
9
9
8
3
2
2
1
10
10
3
5
3
9
9
8
9
1
8
3
7
10
2
8
9
3
5
1
6
8
9
8
9
2
6
10
2
7
6
5
2
6
5
5
8
4
9
4
9
6
7
7
3
3
1
5
1
6
9
8
5
3
3
10
2
5
6
1
4
7
3
8
3
4
7
9
1
9
3
4
6
9
5
2
7
5
4
6
7
2
8
7
2
10
2
3
6
2
1
8
3
6
3
9
2
6
3
4
3
4
5
2
10
6
1
4
7
3
8
4
6
8
3
9
4
2
1
4
4
6
3
2
3
9
9
10
4
2
7
9
6
6
2
8
9
9
4
0 242 10
0 687 9
0 637 12
0 518 10
0 110 9
1 409 8
1 861 11
1 434 10
1 994 13
1 310 10
2 756 10
2 683 10
2 878 7
2 997 11
2 401 10
3 632 11
3 615 12
3 60 12
3 675 9
4 723 11
4 442 10
4 234 13
4 522 10
4 76 9
5 674 9
5 814 11
5 480 8
5 857 10
5 782 14
6 732 9
6 672 11
6 500 8
6 242 9
7 940 6
7 878 12
7 910 12
7 17 11
7 830 7
8 992 11
8 873 10
8 800 12
8 14 13
9 226 13
9 772 15
9 91 6
9 330 12
10 668 9
10 737 10
10 922 9
10 237 9
10 48 11
10 293 10
11 522 10
11 591 9
11 424 12
11 971 8
11 903 10
11 441 12
11 370 10
12 699 6
12 244 10
12 198 15
12 335 10
13 929 10
13 660 13
13 187 13
13 176 10
13 617 14
14 229 13
14 154 12
14 224 11
14 752 10
15 847 13
15 76 13
15 858 7
15 597 9
15 323 12
15 665 3
16 45 8
16 351 8
16 281 12
16 740 11
17 744 9
17 370 10
17 791 15
18 663 10
18 111 9
18 833 8
18 681 8
18 176 5
18 573 12
19 373 7
19 328 10
19 782 12
19 663 7
20 288 11
20 433 7
20 879 11
20 118 12
20 619 9
21 734 11
21 991 10
21 239 11
21 296 8
21 670 9
22 119 10
22 99 12
22 456 12
22 452 12
22 431 9
22 465 10
23 626 10
23 301 9
23 928 11
23 139 10
23 897 14
24 828 12
24 901 8
24 390 7
24 171 11
25 158 12
25 155 11
25 588 8
25 474 11
25 60 11
25 566 15
26 977 12
26 591 5
26 72 11
26 750 9
26 122 12
27 547 10
27 993 8
27 103 4
27 386 10
27 322 8
28 147 10
28 129 9
28 416 9
28 345 10
28 914 10
28 435 10
29 415 7
29 870 9
29 717 8
29 807 8
29 441 9
30 559 7
24 30 12
30 698 12
30 353 11
31 339 10
31 806 8
31 957 10
31 281 10
31 460 8
31 279 10
31 65 10
32 686 13
32 486 15
32 48 12
32 892 9
33 835 8
33 748 9
33 303 11
33 745 9
34 178 9
34 490 11
34 53 12
34 852 7
34 130 14
35 479 11
35 831 12
35 785 7
35 863 9
35 508 10
35 597 11
35 143 9
36 584 11
36 681 12
36 617 8
36 623 14
36 856 11
37 743 8
37 696 13
37 289 14
37 165 7
37 815 11
38 318 9
38 986 10
38 735 12
38 413 10
38 414 7
39 633 6
39 652 9
39 473 11
39 746 9
40 478 11
40 112 11
40 750 12
27 40 11
41 315 8
41 566 11
41 575 14
41 326 9
41 109 9
30 41 14
42 346 10
42 446 12
42 74 10
42 335 11
42 625 7
42 67 7
43 413 9
43 951 14
43 377 10
43 530 13
43 339 8
44 644 11
44 822 17
44 578 8
44 653 15
44 651 12
44 351 12
44 791 11
45 108 14
45 427 10
45 709 10
43 45 9
45 157 13
46 600 13
46 215 9
46 693 12
46 900 11
46 753 6
11 47 11
47 329 13
27 47 11
47 887 10
47 478 11
47 640 11
48 829 8
7 48 11
48 537 11
48 287 10
48 664 8
48 996 11
49 889 10
49 931 10
49 205 9
49 732 9
49 340 9
50 168 9
50 496 11
50 569 10
50 565 11
50 582 9
50 795 8
51 502 12
51 470 11
51 114 11
51 531 10
52 920 14
52 682 11
52 574 10
52 426 12
52 826 9
52 977 8
11 53 9
33 53 8
53 603 13
53 539 7
54 563 12
54 872 12
54 196 11
54 653 14
54 221 13
55 563 9
55 132 10
55 654 13
55 276 8
55 836 13
56 257 9
56 712 11
56 734 12
56 151 10
57 267 11
57 935 10
57 536 12
57 524 12
57 598 7
57 969 13
58 712 11
37 58 11
58 557 15
58 702 11
58 628 12
58 107 11
58 793 12
58 685 15
58 361 14
59 215 10
59 301 10
59 235 14
59 75 9
59 130 14
59 120 12
59 802 13
7 59 11
60 104 12
60 150 9
60 250 11
60 657 10
60 791 12
60 579 12
60 969 13
60 415 12
61 898 12
61 997 11
61 539 11
61 943 9
61 329 12
62 411 10
62 899 11
62 691 11
62 693 10
62 444 10
16 62 10
63 398 6
63 801 10
63 561 12
63 309 7
64 949 11
64 74 11
64 468 11
64 853 10
64 168 11
65 852 8
65 153 12
65 80 9
65 713 10
66 310 10
27 66 9
66 298 13
66 926 9
66 613 11
66 676 11
67 104 11
67 984 9
67 147 12
67 901 10
68 285 11
9 68 10
68 441 12
68 997 13
69 817 11
69 850 10
69 179 9
69 276 11
69 612 9
69 245 13
70 385 12
70 572 12
70 171 7
70 824 11
70 865 12
47 71 13
71 189 11
71 460 12
71 874 15
72 579 11
72 959 7
72 369 11
72 849 11
72 252 10
73 560 9
73 91 10
73 502 9
73 225 12
73 265 8
73 695 11
74 144 13
74 581 10
74 179 7
74 748 11
74 564 10
74 714 12
49 75 10
75 125 9
75 998 9
6 75 9
75 134 10
75 572 11
37 75 9
76 713 10
76 497 12
76 948 11
76 276 9
76 663 11
76 305 13
77 122 11
77 701 10
77 475 9
77 989 11
78 652 14
78 396 7
78 412 12
78 685 12
78 793 10
78 617 10
78 170 13
79 817 12
79 978 13
79 258 8
79 760 10
79 267 12
80 246 10
80 343 14
80 768 10
80 186 5
80 554 10
81 123 12
81 472 9
81 950 11
81 384 10
64 81 9
8 81 11
82 308 10
82 239 13
82 906 11
83 797 8
83 725 9
83 790 7
83 341 8
84 914 8
84 228 10
84 741 13
84 248 8
84 569 9
85 406 11
85 940 8
85 403 8
85 541 9
85 644 11
55 85 12
86 439 12
86 758 11
86 453 9
86 604 10
86 138 13
87 180 5
87 736 13
87 899 10
87 261 9
87 321 9
76 87 10
88 398 11
88 553 10
88 128 12
88 153 14
88 618 8
89 818 13
89 645 13
89 385 13
89 226 11
89 733 11
89 854 10
89 530 8
90 642 9
90 176 9
90 988 12
91 780 8
91 323 13
91 183 8
91 762 10
91 601 11
92 753 11
92 965 14
92 401 12
66 92 12
92 530 11
93 981 8
93 744 12
93 703 10
93 168 8
93 407 11
94 596 10
94 486 10
94 948 11
94 834 6
94 727 14
94 614 8
95 988 7
95 774 13
95 652 3
95 175 10
95 811 13
96 615 12
96 115 12
96 159 10
96 139 10
96 869 10
96 784 10
97 934 13
97 197 14
97 328 8
97 837 11
97 160 10
98 265 8
98 936 8
98 894 10
66 98 11
98 920 11
99 732 13
99 266 13
99 778 10
99 912 8
99 601 9
1 100 11
100 496 9
100 364 14
100 463 10
100 299 10
101 141 9
101 385 9
101 727 10
101 779 11
102 561 9
102 711 9
102 528 11
102 547 9
102 639 9
103 535 8
103 352 13
64 103 9
68 103 13
103 492 11
104 506 14
104 178 5
104 109 12
104 312 13
104 378 8
105 675 14
105 320 9
105 614 11
105 626 10
106 507 9
106 629 11
106 472 13
106 475 11
106 681 10
107 207 9
107 263 11
25 107 8
107 473 11
107 606 9
108 189 13
108 510 8
108 252 13
108 548 12
108 884 9
108 904 12
109 828 6
109 601 10
109 531 7
109 706 11
109 525 11
110 604 11
110 927 9
63 110 14
110 970 11
110 336 10
110 867 13
111 585 8
111 180 11
111 698 11
111 523 8
111 952 10
112 624 7
82 112 9
112 650 10
99 112 8
113 616 15
113 696 10
113 232 12
113 596 8
113 765 12
114 159 9
114 571 9
114 473 15
114 400 11
114 200 10
115 654 8
115 523 9
40 115 15
115 242 7
115 891 9
4 116 10
116 193 12
116 879 13
116 756 13
116 318 12
117 545 7
117 870 11
117 565 7
117 822 11
117 927 10
118 971 8
118 358 10
118 883 10
118 670 12
118 330 11
119 493 8
119 469 11
119 124 12
119 455 10
86 119 11
119 353 11
120 841 7
120 350 14
120 382 14
120 798 10
120 273 9
120 839 9
121 812 13
121 386 10
117 121 11
121 576 12
121 529 10
122 238 13
122 545 8
122 645 9
122 150 10
123 792 12
123 560 13
123 692 10
123 234 10
124 702 12
124 715 12
124 352 13
124 615 11
96 125 8
125 573 11
125 942 12
125 839 10
125 662 10
106 126 10
67 126 11
126 164 12
126 377 10
127 683 10
127 540 10
127 802 10
127 857 13
127 210 11
127 262 13
128 180 10
128 863 11
128 901 8
128 452 10
129 678 8
129 169 12
129 625 14
129 308 10
129 249 13
130 639 11
130 400 10
130 468 9
130 865 13
130 170 10
130 782 9
131 396 12
131 713 9
131 375 9
131 893 11
131 783 11
132 316 11
132 292 9
132 673 10
132 848 12
133 490 13
8 133 10
103 133 9
134 249 11
134 987 7
134 859 10
19 135 11
135 866 8
135 506 11
33 135 9
136 718 12
136 724 9
136 169 10
84 136 11
136 297 10
136 862 12
136 631 10
137 637 13
137 651 9
137 457 13
137 857 13
137 771 7
27 138 11
12 138 12
138 501 10
138 961 11
138 286 9
139 462 10
139 274 15
139 315 9
139 710 9
139 700 10
140 393 14
140 245 12
140 624 10
140 253 10
140 946 11
140 690 5
141 940 13
141 548 9
141 529 10
141 221 10
142 307 11
142 910 13
142 200 12
142 260 14
142 367 5
143 618 11
143 696 9
143 428 11
143 205 14
143 363 11
144 503 10
144 893 11
2 144 11
144 751 9
144 353 10
145 157 12
145 787 10
80 145 11
145 829 12
145 215 11
146 513 13
146 636 12
139 146 12
146 492 13
147 900 12
147 364 10
147 327 12
147 937 10
115 147 11
147 723 15
147 333 9
148 587 10
148 581 11
148 287 10
148 745 10
148 598 10
149 419 15
149 837 11
150 229 7
150 805 9
150 375 12
150 515 9
88 151 9
151 273 13
151 617 9
151 669 11
151 677 10
152 672 10
152 625 12
152 380 12
152 647 10
153 722 9
153 473 11
153 179 11
153 709 10
154 900 11
154 667 14
154 614 10
154 636 10
154 389 11
154 357 10
155 431 7
155 728 14
76 155 10
155 534 12
155 341 9
156 538 10
156 454 8
156 696 6
156 706 8
156 807 12
118 156 14
156 466 10
7 157 12
157 690 14
157 585 8
21 157 12
157 583 9
131 157 6
157 970 14
158 359 7
158 326 10
158 962 9
158 857 10
158 701 11
159 633 13
159 358 12
159 717 5
159 341 14
19 160 14
160 613 12
160 301 11
160 240 7
161 359 13
161 566 13
161 879 11
161 169 10
161 723 10
162 351 10
162 255 11
162 621 11
162 474 11
162 815 11
163 535 11
163 398 10
163 236 11
83 163 13
163 932 9
163 234 12
164 589 14
164 992 13
69 164 9
164 667 9
164 846 9
1 164 10
165 712 11
165 519 6
165 571 11
166 728 17
166 236 16
166 897 6
166 859 13
166 453 12
167 641 14
167 344 10
167 307 12
167 262 13
73 167 9
47 168 11
168 751 8
168 969 15
72 168 11
167 168 8
130 169 10
169 994 12
169 665 10
169 218 9
170 984 11
170 923 12
95 170 13
170 874 9
170 751 9
171 677 4
171 888 8
147 171 11
17 171 11
171 815 8
171 726 12
172 876 11
172 582 9
172 380 12
172 654 11
172 463 6
172 301 14
173 988 11
173 528 12
173 905 12
173 593 11
173 364 11
173 222 8
174 286 6
174 311 11
174 958 12
174 461 11
175 801 10
175 222 11
156 175 4
176 793 7
176 641 7
176 756 10
11 176 11
177 196 14
177 806 12
147 177 11
177 565 8
178 342 11
178 644 11
178 214 8
108 178 8
179 873 12
134 179 7
35 179 13
179 893 9
179 950 12
180 181 12
180 908 9
180 505 10
180 744 12
93 180 11
181 570 10
181 433 11
15 181 12
181 203 12
12 181 11
182 658 12
67 182 10
5 182 11
182 563 9
182 530 11
183 474 8
183 455 9
183 784 10
123 183 9
183 831 10
184 944 13
184 688 10
184 332 13
88 184 9
184 251 11
184 371 8
185 194 12
185 964 12
185 483 12
185 600 12
110 185 9
186 964 11
186 605 11
186 282 11
124 186 14
187 340 14
187 723 11
187 979 11
187 543 6
187 301 12
188 322 12
33 188 13
16 188 10
189 916 10
189 863 11
149 189 13
189 962 9
190 487 7
190 386 11
190 352 12
190 254 12
190 871 11
191 587 10
101 191 12
40 191 9
191 299 14
191 615 11
147 191 9
191 231 10
192 263 9
180 192 12
192 931 8
192 977 11
50 192 10
193 499 11
193 308 8
193 865 11
193 660 9
193 664 10
193 935 12
63 194 11
194 495 11
194 615 11
194 706 10
56 195 9
195 465 12
185 195 8
195 344 12
195 867 8
196 904 9
196 711 9
196 336 8
196 723 9
196 891 10
197 966 10
173 197 12
197 593 10
109 197 10
18 197 9
65 197 11
29 197 13
198 878 12
198 574 10
198 759 13
198 465 10
198 797 7
199 795 10
196 199 11
199 841 10
199 674 8
199 349 12
200 524 10
200 687 9
200 262 9
200 629 8
200 707 12
197 201 8
201 804 8
201 703 9
201 784 8
201 647 9
202 815 10
202 990 8
30 202 13
43 202 12
203 486 8
203 850 10
203 750 10
189 203 12
203 853 10
204 484 9
204 505 10
204 244 13
162 204 8
205 428 9
205 902 14
205 651 10
205 318 11
205 910 9
205 275 11
79 206 9
206 937 11
206 287 8
206 235 11
206 758 8
73 206 9
147 207 9
207 421 11
207 283 13
190 207 13
208 797 11
208 575 10
208 789 11
208 542 9
180 208 9
159 209 6
209 239 9
209 716 12
100 209 15
178 209 8
210 605 14
210 664 9
105 210 11
210 617 9
39 210 8
73 211 13
211 242 12
211 719 12
211 273 11
211 616 15
211 739 8
212 790 11
212 523 10
212 970 12
212 443 12
114 212 13
212 997 7
213 489 11
213 572 11
156 213 13
213 855 12
213 256 16
214 791 13
15 214 8
214 622 11
165 214 9
214 288 10
215 329 13
215 375 9
215 855 7
215 668 10
216 245 7
216 500 10
216 718 12
216 356 10
216 745 10
123 216 12
217 728 8
31 217 10
217 775 14
217 382 9
217 818 11
218 645 11
218 938 12
25 218 7
45 218 13
219 973 7
219 644 10
16 219 10
219 915 10
220 665 11
221 754 10
204 221 8
221 416 12
221 656 12
221 854 9
222 619 11
222 812 10
222 453 10
104 222 7
223 775 11
223 724 11
223 490 12
223 231 8
178 223 11
223 607 10
224 362 11
224 913 12
224 652 11
224 765 11
224 756 12
224 400 12
225 979 11
225 536 11
225 363 12
225 969 14
205 226 16
226 289 8
157 226 10
112 226 16
226 617 13
226 528 10
227 628 12
227 406 10
227 622 13
227 675 13
228 554 14
127 228 12
194 228 10
228 925 8
228 669 12
225 228 13
229 320 12
229 706 12
229 758 9
134 229 11
62 230 9
230 731 7
230 824 7
230 882 11
230 482 12
231 835 11
231 739 9
231 993 9
231 497 14
231 255 12
231 764 10
232 420 7
232 497 9
232 854 10
232 566 10
232 712 10
233 387 10
109 233 14
85 233 10
97 233 11
234 288 12
234 895 9
234 979 13
234 297 10
235 734 5
235 255 14
235 424 7
10 235 6
235 759 9
235 697 11
235 303 12
236 941 10
236 834 11
236 739 8
224 236 12
237 441 11
77 237 15
237 272 14
237 634 12
238 987 13
238 412 10
13 238 11
238 657 9
77 238 9
172 238 9
238 702 10
239 444 10
239 753 12
239 596 10
239 307 11
239 261 11
239 445 13
240 999 13
240 616 7
240 476 12
240 401 10
241 563 7
205 241 13
69 241 11
241 791 11
241 472 7
241 488 8
242 727 15
242 871 12
242 629 12
242 324 12
10 242 8
117 243 13
243 713 9
243 738 10
36 243 11
243 534 9
243 257 10
68 243 12
244 383 11
244 569 9
244 755 8
244 419 7
244 760 10
245 656 12
245 515 9
245 591 8
245 400 11
245 792 12
137 245 10
244 245 7
31 246 10
129 246 13
246 987 13
246 942 9
247 525 9
247 588 5
116 247 13
247 350 10
247 354 15
247 707 12
109 248 10
248 634 11
248 283 11
102 248 10
248 645 9
248 849 11
249 726 9
249 347 12
249 548 9
249 631 15
249 665 9
194 250 9
250 596 11
250 680 11
250 326 12
250 628 10
250 531 11
250 805 9
55 251 11
251 625 9
251 537 13
251 735 13
251 318 9
251 747 8
252 833 11
16 252 12
17 252 11
252 591 9
252 655 11
253 855 8
253 494 11
13 253 11
253 829 9
254 990 10
254 337 12
254 854 9
254 322 10
255 524 9
255 749 11
255 752 12
255 256 10
255 493 10
255 588 10
256 637 10
99 256 10
256 856 11
256 443 11
256 899 10
34 256 8
256 750 15
257 341 12
257 701 10
257 691 12
159 257 9
242 257 9
257 533 9
23 258 10
258 381 10
258 336 10
258 460 10
258 307 12
258 259 12
183 259 10
259 852 12
259 727 13
259 369 10
259 549 8
259 748 10
260 509 9
260 682 11
223 260 12
260 423 8
260 472 11
261 676 9
261 882 11
7 261 12
261 662 12
262 494 11
262 959 9
262 355 10
129 262 4
262 981 11
263 913 8
263 621 12
263 835 7
263 462 6
70 263 11
264 356 12
124 264 14
129 264 12
264 680 14
264 979 12
168 265 10
265 537 11
265 618 9
265 274 9
266 282 13
266 917 13
266 672 8
266 805 11
267 787 11
187 267 11
267 651 12
267 272 11
267 846 9
268 777 9
268 542 7
268 537 11
268 678 11
269 768 12
269 818 13
269 343 12
269 972 12
269 588 9
154 269 5
270 271 7
270 883 10
270 791 11
270 643 8
270 325 8
271 383 11
161 271 13
271 318 12
272 552 11
263 272 13
248 272 15
272 628 11
242 272 11
273 810 9
273 760 11
273 891 9
273 339 9
273 993 7
274 502 11
194 274 10
125 274 13
274 928 12
275 893 11
218 275 13
275 774 10
275 973 10
275 612 11
275 429 7
276 535 12
276 383 11
276 477 12
276 886 14
276 472 9
110 276 13
277 308 11
277 595 10
16 277 13
277 496 7
278 747 7
278 751 9
278 781 9
278 439 11
214 279 11
279 283 10
279 624 13
279 324 14
279 569 10
279 619 8
27 280 8
280 674 6
280 907 11
133 281 11
252 281 12
89 281 9
225 281 8
19 281 10
282 420 9
71 282 10
282 856 9
105 282 14
24 282 13
2 283 8
177 283 10
265 283 11
283 433 7
67 283 9
284 707 9
284 407 12
44 284 9
284 879 13
285 638 12
285 292 11
285 570 13
285 472 12
285 416 7
157 285 15
286 417 10
165 286 10
286 289 12
118 286 9
286 816 12
287 947 11
287 952 12
287 982 11
287 363 9
246 287 11
287 710 10
134 288 13
288 730 7
288 746 11
288 750 13
288 719 12
288 807 10
289 614 12
289 953 11
156 289 10
289 406 13
289 446 11
290 547 11
14 290 7
290 976 13
290 541 11
290 689 11
133 290 9
291 405 10
291 701 12
291 670 13
14 291 16
292 406 9
292 847 12
279 292 11
212 292 10
292 766 13
292 314 9
293 580 9
293 342 12
293 933 13
293 441 13
293 971 11
294 779 10
294 296 12
294 940 15
62 294 13
295 303 10
81 295 12
55 295 9
295 823 9
296 411 12
104 296 11
296 444 10
24 296 8
296 653 11
296 663 9
115 297 11
297 501 13
297 948 12
7 297 10
298 384 10
298 768 11
298 723 11
55 298 8
298 997 14
299 334 8
299 495 10
299 949 11
134 299 7
0 299 11
5 300 10
300 671 10
300 567 8
182 300 8
48 300 11
88 301 11
301 788 15
301 747 11
283 301 12
301 717 11
144 302 11
94 302 13
302 674 9
302 658 14
302 606 11
303 924 9
303 315 9
266 303 8
303 470 12
243 303 9
120 304 14
43 304 11
304 965 7
304 659 9
126 304 16
304 869 11
305 932 7
305 323 10
305 397 13
305 942 14
305 600 5
306 436 9
306 322 11
306 450 11
133 306 13
307 899 10
307 350 10
307 564 8
307 785 12
307 686 10
308 844 9
154 308 11
27 308 12
308 330 11
308 486 7
242 308 16
7 309 11
309 601 11
224 309 12
309 451 12
309 706 8
229 310 8
310 846 8
310 911 8
310 542 10
36 310 11
310 667 13
310 496 12
311 312 11
261 311 7
311 593 13
311 975 8
312 610 9
312 350 9
312 319 8
228 312 12
95 312 11
313 459 13
313 474 12
183 313 10
313 634 12
313 824 10
313 493 12
137 314 8
314 463 9
219 314 9
314 787 9
315 515 12
315 542 15
256 315 11
315 883 13
247 316 13
316 725 6
228 316 11
316 329 13
315 317 12
317 655 12
317 358 10
317 980 12
317 969 10
317 596 9
318 600 10
318 669 12
318 878 10
318 414 11
318 982 13
318 918 8
319 758 11
319 385 10
319 330 9
319 609 11
169 320 10
320 910 12
320 919 12
34 320 10
320 650 8
321 811 10
256 321 8
321 646 9
321 484 10
321 726 10
322 862 11
16 322 11
322 475 9
322 973 9
322 511 12
322 618 10
322 451 11
323 372 9
56 323 11
323 896 12
206 323 7
123 323 5
6 324 10
324 364 11
201 324 11
324 585 13
193 325 12
325 741 9
125 325 11
325 538 12
326 951 10
326 953 11
326 842 9
326 844 16
181 326 12
326 887 9
302 327 8
237 327 9
327 853 11
327 519 10
327 411 6
266 328 11
328 904 12
207 328 13
138 328 10
206 328 14
329 845 12
329 480 12
318 329 11
329 868 8
329 809 11
92 330 11
330 611 12
330 569 13
330 981 11
330 662 13
55 331 11
331 898 9
331 389 8
331 526 13
331 983 11
331 641 13
125 332 8
332 791 10
311 332 10
332 737 15
332 601 8
40 332 5
333 926 11
333 335 12
333 436 10
333 364 10
334 432 10
199 334 9
334 805 8
334 392 9
334 881 8
335 641 9
335 658 14
335 795 9
335 540 11
335 846 10
335 868 11
10 336 9
225 336 9
336 564 8
289 336 11
336 767 11
336 700 16
322 337 9
337 411 9
127 337 6
337 650 10
337 960 9
337 582 11
338 870 11
30 338 9
338 692 11
339 382 9
104 339 13
339 620 10
339 758 12
339 459 10
339 686 10
340 886 10
340 919 9
340 793 12
132 340 10
341 566 8
297 341 7
341 823 13
341 639 11
290 341 9
342 918 15
342 457 9
257 342 9
279 342 8
343 683 8
320 343 11
343 814 11
343 723 10
343 872 12
343 837 12
48 344 10
344 487 12
344 477 5
143 345 13
293 345 8
345 417 5
98 345 13
345 685 10
346 621 8
346 926 13
346 895 12
346 872 10
188 346 11
347 747 5
347 689 10
347 353 9
347 687 12
347 389 12
348 828 11
348 972 12
348 809 7
348 869 15
348 901 12
348 757 10
302 348 11
349 549 12
349 694 11
349 801 9
349 394 14
349 559 8
62 350 12
350 489 10
350 892 12
350 622 6
281 350 9
21 351 10
147 351 8
351 567 11
351 380 13
352 586 8
62 352 11
352 773 4
352 732 8
352 432 16
353 713 12
353 619 11
353 698 13
353 687 11
66 354 13
354 373 12
198 354 8
240 354 6
354 396 12
354 767 10
354 787 7
192 355 8
355 659 12
95 355 8
355 464 10
355 890 13
356 853 13
356 956 14
356 811 11
277 356 6
162 356 10
357 475 10
357 798 10
357 527 11
357 564 17
358 488 13
209 358 13
47 358 14
358 437 10
358 680 11
320 359 8
93 359 10
359 797 10
124 359 12
360 422 14
360 926 9
360 779 9
329 360 11
268 360 12
170 360 8
84 361 9
361 689 8
361 685 10
274 361 8
362 928 14
362 484 11
362 889 9
138 362 12
362 416 9
135 363 8
243 363 8
204 363 9
324 363 5
363 448 10
363 787 10
364 799 11
364 434 7
110 364 12
364 652 10
85 364 9
365 759 9
34 365 14
365 533 12
365 520 11
365 962 13
87 365 8
358 365 12
366 868 11
366 877 11
366 775 9
68 366 11
366 991 11
367 373 8
367 587 13
367 820 13
69 367 12
367 651 10
368 680 8
368 874 9
369 684 9
123 369 12
369 963 9
369 518 10
369 533 8
6 369 9
370 472 10
24 370 12
370 793 13
370 544 9
243 370 7
370 808 12
371 585 12
371 896 11
296 371 8
371 787 11
372 701 12
239 372 9
372 611 9
372 491 12
11 372 13
372 814 10
53 373 7
373 905 13
373 702 10
374 860 10
7 374 12
374 820 12
374 570 8
374 833 8
374 891 7
261 374 12
153 375 10
164 375 12
375 990 11
375 902 11
375 711 10
269 376 8
376 889 9
376 758 11
176 376 12
188 376 13
376 890 10
377 527 8
377 855 11
377 630 11
378 580 9
378 547 12
88 378 8
256 378 6
233 378 12
379 571 12
379 585 13
280 379 9
87 379 10
62 379 11
379 763 12
380 775 11
341 380 8
170 380 11
380 695 13
380 669 12
263 381 12
381 717 13
17 381 8
381 733 13
141 382 11
382 663 14
382 561 10
382 950 14
383 912 9
383 877 8
383 935 9
383 548 7
383 510 10
383 624 11
261 384 9
5 384 12
271 384 10
384 591 8
227 384 10
385 585 14
385 788 13
385 863 7
103 385 7
55 385 13
138 386 17
386 759 8
146 386 15
386 902 10
386 991 10
386 591 9
387 579 10
387 604 12
387 434 10
387 849 12
98 387 8
387 581 12
387 612 12
388 543 13
97 388 11
388 791 10
388 572 9
388 750 9
44 388 11
389 517 12
144 389 11
389 488 8
389 982 12
390 710 13
390 959 11
290 390 10
176 391 11
100 391 10
391 945 10
391 645 12
391 991 10
324 392 9
371 392 12
16 392 12
392 698 8
117 392 11
393 445 13
393 526 11
340 393 12
61 393 9
394 454 10
370 394 8
394 744 12
394 937 12
394 917 9
195 394 12
62 395 9
395 969 11
395 514 9
395 482 11
57 395 13
58 396 13
396 560 10
396 480 13
348 396 13
397 772 11
397 912 9
397 667 10
398 915 9
398 706 7
398 443 12
199 398 10
38 398 9
308 399 11
399 974 9
135 399 11
399 584 13
399 406 10
265 399 12
400 441 9
400 883 10
400 569 10
400 977 14
400 873 13
400 666 13
256 401 10
401 707 10
211 401 10
401 537 11
402 467 11
402 513 12
402 694 6
402 529 10
402 568 9
391 403 9
403 700 7
403 857 10
403 757 8
110 403 12
166 403 12
404 986 11
404 459 11
404 756 10
158 404 12
377 404 10
405 500 11
405 506 13
405 438 12
405 413 11
256 406 12
406 492 6
364 406 10
406 830 12
406 734 13
168 407 12
47 407 12
224 407 12
113 408 12
408 998 12
279 408 12
409 867 10
409 493 11
77 409 12
39 409 10
294 409 12
410 594 11
410 463 9
129 410 13
410 702 12
79 411 8
411 563 9
411 652 10
411 610 10
411 769 12
93 412 10
412 680 12
6 412 12
176 412 11
412 517 11
412 882 10
413 575 12
413 636 10
413 876 10
413 807 9
374 413 10
414 744 12
330 414 9
414 745 9
414 590 14
414 463 12
414 655 10
415 791 6
415 807 12
415 817 12
415 822 10
416 477 11
312 416 9
416 990 6
365 417 11
152 417 15
186 417 10
417 967 10
417 755 8
109 417 9
418 971 8
363 418 12
418 683 10
418 436 13
419 862 12
419 833 10
328 419 11
50 419 12
419 703 12
420 424 9
356 420 12
417 420 12
420 731 8
420 881 10
421 601 15
70 421 10
81 421 10
212 421 9
209 422 11
256 422 10
112 422 12
232 422 10
422 769 13
423 457 10
162 423 8
423 766 9
423 937 13
423 675 9
423 806 11
377 423 7
31 424 12
424 436 12
225 424 14
424 901 12
143 424 11
424 498 10
425 911 10
4 425 10
425 620 7
425 678 13
425 932 8
92 425 9
426 555 10
370 426 13
426 510 10
426 657 13
426 749 8
426 531 11
205 427 9
427 751 9
306 427 12
414 427 11
164 428 9
364 428 8
428 665 12
429 683 12
144 429 12
139 429 10
16 429 7
65 429 8
258 430 10
430 672 13
283 430 12
377 430 13
430 683 8
430 659 13
283 431 12
431 920 14
233 431 9
431 624 9
427 431 8
256 432 9
432 848 12
182 432 11
432 836 9
433 689 11
433 729 10
433 742 10
433 863 9
433 870 8
434 547 10
434 999 10
196 434 7
434 867 11
434 458 7
42 434 10
435 950 9
347 435 11
435 676 11
435 826 11
435 452 13
435 691 7
436 813 11
436 927 13
381 436 10
291 436 6
261 436 11
315 437 13
437 753 14
437 738 10
437 499 9
438 973 11
438 878 11
301 438 8
166 438 8
181 438 10
438 961 9
439 830 9
42 439 14
439 573 12
439 697 10
139 439 10
440 677 9
440 746 10
292 440 12
440 476 9
392 441 13
428 441 11
441 608 11
60 441 11
441 684 14
442 800 10
371 442 9
53 442 13
442 504 9
418 442 11
443 800 9
443 489 9
443 596 17
443 880 10
73 444 11
89 444 8
444 533 10
172 444 14
99 444 12
445 751 7
126 445 10
14 445 11
151 445 8
446 715 12
446 729 11
156 446 10
112 446 12
179 446 7
447 596 13
447 880 12
379 447 8
134 447 9
447 780 12
448 860 10
447 448 12
448 731 9
207 448 6
50 448 8
448 833 10
227 449 8
246 449 12
364 449 11
449 806 9
450 737 8
231 450 9
450 993 10
367 450 12
25 450 13
450 940 8
73 450 16
451 452 11
261 451 11
451 474 11
102 451 10
160 451 13
165 452 5
9 452 9
452 871 13
452 953 13
452 812 8
452 720 12
123 453 7
441 453 12
290 453 12
103 453 9
395 453 11
453 740 9
282 454 11
184 454 13
178 454 11
188 454 11
141 455 6
455 906 12
455 907 10
296 455 10
81 455 10
456 692 7
456 680 9
456 951 15
457 911 13
418 457 16
457 463 9
420 457 13
457 712 10
347 457 11
338 458 11
458 698 10
275 458 13
447 458 10
459 827 10
459 617 14
459 954 14
54 459 12
459 581 11
101 460 7
460 544 12
460 661 9
460 992 11
278 461 12
461 536 10
461 577 12
229 461 11
142 461 8
462 825 11
462 688 10
462 847 10
463 636 11
463 584 9
463 980 8
423 463 10
463 642 8
264 464 11
464 667 11
464 845 10
464 614 10
464 585 9
147 464 8
465 545 10
306 465 9
443 465 10
465 893 10
364 465 11
263 466 11
262 466 8
418 466 9
303 466 13
122 466 10
249 466 8
467 603 12
467 471 9
467 638 12
329 467 13
467 566 9
164 467 8
468 957 11
133 468 13
426 468 9
48 468 15
468 973 11
409 468 13
24 469 11
469 701 12
315 469 13
271 469 9
469 756 11
470 688 11
470 792 11
448 470 9
470 798 10
278 470 12
288 471 11
322 471 13
471 685 8
390 471 13
451 471 13
471 850 10
472 626 10
53 472 8
472 525 10
472 618 11
164 473 13
456 473 10
66 473 11
473 613 9
473 986 6
473 750 8
474 514 9
474 660 10
37 474 12
474 845 9
474 709 11
475 657 8
475 990 9
475 906 8
475 862 8
476 581 11
340 476 8
247 476 9
476 798 8
99 476 10
267 477 10
477 974 11
315 477 12
477 551 10
477 891 9
478 813 11
291 478 11
478 657 12
478 523 8
478 980 9
334 479 10
479 643 9
126 479 9
177 479 9
480 490 16
480 741 6
350 480 9
480 498 11
95 480 7
240 480 9
288 481 7
481 804 13
481 705 12
255 481 10
481 718 12
160 482 5
99 482 8
482 637 11
482 875 13
325 482 12
221 483 15
224 483 10
8 483 12
483 702 5
483 867 11
484 510 8
484 913 12
258 484 9
383 484 9
484 879 10
327 484 12
484 665 11
423 485 11
485 489 10
485 976 11
485 829 11
485 695 8
303 485 12
254 486 9
249 486 11
323 486 11
482 486 6
487 962 10
312 487 10
487 686 10
487 658 12
487 821 12
96 488 10
324 488 13
488 684 12
488 646 11
488 842 13
489 602 8
489 844 13
237 489 10
490 534 11
490 728 10
361 490 9
490 979 10
491 993 12
378 491 10
491 743 10
491 806 10
290 491 10
235 492 9
492 710 13
492 974 12
405 492 10
89 492 11
493 633 11
438 493 10
493 756 14
493 839 11
180 494 9
467 494 7
494 704 10
494 751 12
494 515 12
494 721 10
495 952 7
495 759 9
495 966 10
475 495 7
417 496 10
104 496 9
496 550 8
496 579 13
465 496 9
497 859 9
497 810 8
497 976 16
497 952 11
497 532 12
2 497 10
498 609 9
386 498 11
327 498 13
498 536 9
153 499 7
121 499 11
499 547 10
499 650 8
210 500 8
500 893 12
500 701 10
248 500 13
500 527 10
380 500 9
501 951 14
323 501 8
501 609 11
501 707 11
502 718 14
502 783 10
502 676 11
149 502 11
503 581 9
503 952 10
362 503 12
26 503 13
503 834 11
195 504 6
99 504 10
398 504 9
504 944 8
504 549 7
482 504 11
88 505 10
441 505 8
454 505 8
505 652 11
505 752 10
506 602 9
387 506 12
132 506 12
506 530 12
258 506 11
271 506 10
507 547 12
507 883 10
507 755 9
207 507 8
491 507 10
344 508 6
10 508 9
486 508 11
508 680 9
508 705 11
509 654 10
421 509 14
509 991 12
244 509 7
460 509 8
391 509 10
510 856 15
37 510 13
112 510 8
220 510 9
511 975 10
337 511 11
511 755 10
283 511 11
350 512 14
512 802 8
512 606 10
512 980 9
243 513 13
513 869 9
513 948 15
513 803 7
513 678 12
514 745 7
269 514 13
514 689 9
26 514 11
15 514 13
514 891 11
84 515 12
515 645 8
515 840 8
290 515 10
491 515 9
217 516 8
147 516 10
516 904 10
117 516 11
33 516 10
516 947 12
250 516 11
517 688 12
517 959 12
492 517 10
504 517 9
382 517 13
518 851 8
518 931 9
518 613 12
83 518 11
519 760 11
519 667 10
81 519 11
519 970 10
122 520 11
520 807 14
520 775 8
402 520 8
520 651 11
194 520 12
448 521 10
521 593 12
363 522 13
522 689 9
154 522 10
522 899 11
362 522 10
203 523 12
523 828 10
92 523 13
523 763 9
205 524 9
118 524 8
524 981 9
524 946 14
524 720 10
524 632 6
515 525 10
415 525 11
172 525 11
526 768 12
332 526 5
243 526 9
49 526 6
244 527 10
490 527 12
527 631 8
391 527 11
527 528 12
280 528 14
185 528 10
281 528 11
528 953 11
454 528 10
386 528 9
528 631 6
529 735 10
29 529 10
529 970 12
529 691 9
28 529 8
480 530 14
336 530 9
530 736 13
530 630 12
267 530 10
521 531 10
531 686 11
13 531 13
531 585 10
194 532 12
387 532 11
365 532 12
209 532 11
532 888 11
414 533 14
412 533 11
39 533 9
533 714 13
116 533 9
534 756 10
534 629 10
534 586 9
534 665 10
495 534 10
295 534 7
480 535 11
178 535 12
274 535 11
535 901 7
113 536 10
536 849 11
536 898 12
536 921 8
536 881 14
365 536 7
527 536 8
88 537 7
537 657 10
537 905 11
537 636 12
301 537 9
387 538 12
538 851 11
11 538 10
8 538 14
538 771 9
436 539 7
313 539 8
539 673 11
539 600 12
539 893 12
35 539 14
379 539 11
490 540 14
338 540 11
540 592 11
156 540 6
540 793 16
426 540 9
160 541 11
395 541 9
541 736 12
14 541 12
500 542 9
166 542 8
414 542 12
59 542 9
542 881 13
542 661 12
543 762 11
543 996 8
79 543 12
99 543 10
379 543 15
543 774 10
438 544 13
544 552 11
544 991 9
316 544 10
544 602 9
156 545 9
545 599 12
545 821 12
371 545 11
545 925 9
518 545 10
498 546 11
69 546 10
546 669 11
546 839 11
2 546 12
547 561 8
393 547 12
547 638 9
547 765 11
547 646 10
537 547 10
356 548 11
396 548 12
238 548 12
548 552 10
548 801 10
253 548 14
549 780 9
549 817 5
433 549 10
100 549 11
549 598 9
550 841 10
550 905 12
447 550 13
550 945 11
122 550 11
551 605 11
529 551 12
551 665 10
551 753 8
249 551 11
520 552 13
74 552 11
512 552 11
552 855 11
77 552 10
217 553 12
553 923 10
123 553 11
427 553 9
334 553 11
237 553 9
554 588 12
495 554 13
554 869 9
554 780 13
108 554 8
554 959 12
430 554 6
521 555 13
555 853 8
555 922 11
555 728 11
79 556 6
556 644 13
78 556 13
556 656 8
556 745 10
306 556 13
374 557 12
525 557 12
532 557 9
557 767 10
104 557 13
558 603 8
515 558 11
73 558 13
558 804 10
103 558 8
82 558 9
525 559 14
443 559 12
126 559 10
378 560 13
33 560 8
560 877 9
560 640 12
383 560 7
210 560 8
561 786 6
342 561 9
532 561 13
562 697 13
422 562 9
562 966 12
81 562 11
562 839 10
277 562 7
563 917 15
144 563 14
563 664 11
362 563 13
165 563 10
304 563 12
280 564 12
564 703 9
564 618 13
564 715 11
121 564 9
181 565 10
565 797 12
565 845 8
565 583 9
415 565 9
60 566 7
566 735 8
566 678 14
136 566 13
537 566 13
207 566 8
489 567 11
380 567 11
567 961 12
567 650 10
14 567 11
252 567 13
568 612 9
568 894 8
300 568 12
93 568 11
569 877 13
569 738 9
547 569 10
126 569 9
569 819 13
569 784 11
107 570 10
570 649 7
401 570 12
442 570 15
571 794 11
526 571 9
216 571 13
311 571 13
571 592 9
294 572 12
36 572 10
472 572 11
572 821 11
572 639 7
572 758 12
573 862 8
573 675 13
573 853 7
256 573 12
110 573 13
79 573 10
573 827 11
403 574 6
240 574 8
554 574 11
574 700 12
574 849 12
311 575 10
575 736 11
407 575 10
433 575 12
576 782 9
2 576 13
28 576 7
285 577 12
397 577 10
29 577 7
577 772 12
578 902 10
197 578 5
578 950 8
579 866 9
320 579 10
338 579 11
579 983 10
444 579 8
580 684 13
328 580 12
580 660 12
580 837 12
581 782 12
581 582 10
581 856 12
581 796 5
239 581 12
582 886 8
582 958 14
211 582 10
582 634 11
583 804 16
583 779 7
583 955 10
573 583 16
472 583 10
583 968 10
584 641 10
579 584 9
417 584 12
44 584 10
585 680 11
287 585 10
386 585 8
495 586 8
230 586 11
114 586 8
586 809 12
451 586 11
587 990 12
587 653 9
110 587 10
326 587 13
587 637 9
267 587 13
588 807 11
588 661 13
98 588 14
358 588 14
589 865 12
437 589 11
176 589 8
589 783 7
201 589 12
395 590 10
590 817 9
28 590 9
565 590 11
590 633 9
591 822 14
261 591 6
110 591 8
387 591 8
207 592 9
592 769 10
513 592 11
592 606 12
97 592 11
500 593 12
235 593 11
562 593 13
593 770 11
226 593 12
593 850 10
280 594 13
594 968 11
404 594 12
594 614 13
291 594 11
595 746 9
595 845 10
595 945 10
595 717 12
595 936 10
515 596 13
314 596 10
596 834 8
204 596 8
456 596 8
225 596 9
596 713 10
63 597 10
597 845 12
107 597 11
545 597 15
597 669 8
519 597 9
68 598 12
598 660 7
564 598 6
598 845 9
598 702 10
332 599 9
449 599 16
599 885 10
599 739 10
492 599 8
65 600 11
370 600 12
497 600 11
600 697 11
600 922 6
457 601 12
569 601 8
398 601 9
601 823 11
138 601 13
367 601 10
601 878 10
368 602 9
196 602 8
603 865 14
360 603 9
367 603 12
603 746 10
489 603 12
604 956 15
414 604 11
604 877 12
604 811 8
339 604 13
604 937 12
177 605 12
605 721 12
172 605 11
28 605 10
606 941 10
484 606 11
606 879 8
101 606 11
178 606 8
195 606 8
607 992 11
607 677 11
471 607 10
367 607 12
607 611 9
607 831 11
597 608 11
454 608 13
608 676 12
66 608 9
608 756 11
129 609 9
609 789 11
609 897 14
609 706 11
402 609 12
457 610 9
610 673 12
122 610 12
610 863 9
611 697 15
155 611 14
604 611 13
611 685 8
612 850 7
612 990 13
174 612 7
444 612 11
352 613 13
443 613 10
565 613 13
286 614 12
579 614 9
614 983 9
104 614 9
284 614 13
406 615 9
215 615 10
615 690 6
241 615 9
616 954 9
616 913 8
616 792 8
65 616 9
617 762 13
95 617 11
617 967 12
617 942 9
617 741 10
256 618 10
371 618 13
618 788 12
619 634 10
497 619 12
241 619 9
550 619 9
620 773 9
321 620 13
620 711 9
185 620 12
467 621 10
280 621 13
621 908 12
278 621 14
621 939 16
622 723 8
622 906 9
599 622 11
622 970 9
306 623 11
623 867 11
397 623 10
623 872 12
623 825 9
588 623 9
624 919 12
624 949 11
505 624 12
624 711 8
624 793 7
624 903 10
625 872 12
394 625 10
337 625 8
243 625 10
625 803 13
626 895 13
36 626 13
626 667 12
491 626 11
369 626 11
627 644 11
627 718 9
595 627 10
602 627 8
150 627 12
276 628 11
366 628 7
628 960 10
535 628 14
537 628 15
547 628 10
629 955 12
80 629 7
606 629 12
147 629 9
629 649 9
506 629 13
630 754 7
380 630 7
601 630 12
630 687 10
341 630 12
476 630 8
549 631 9
291 631 10
217 631 11
631 865 12
631 638 11
111 632 8
94 632 10
105 632 10
439 632 10
633 816 12
344 633 10
196 633 8
633 904 16
22 633 9
569 633 13
120 634 12
161 634 14
634 939 12
607 634 12
599 634 10
11 635 9
635 670 10
342 635 15
221 636 8
636 788 7
368 636 9
636 976 14
365 637 9
117 637 11
637 781 8
638 973 11
448 638 9
638 759 11
638 673 11
335 638 10
395 638 9
639 961 11
639 858 9
24 639 13
639 806 11
174 639 11
72 640 10
514 640 12
88 640 7
630 640 7
641 985 14
641 652 14
152 641 12
641 855 11
412 641 12
479 641 9
28 642 12
111 642 12
91 642 11
14 642 11
48 642 12
528 642 7
643 754 11
403 643 9
643 748 9
610 643 10
17 643 10
644 713 15
644 775 10
644 875 10
317 644 8
76 644 10
644 776 5
173 645 11
641 645 9
315 645 11
601 645 10
502 646 7
295 646 9
467 646 13
52 646 7
232 646 9
368 647 10
477 647 9
647 914 9
647 795 10
240 647 14
614 647 12
6 648 15
618 648 14
221 648 11
648 807 9
494 648 8
649 706 9
649 753 9
649 965 9
288 649 13
650 926 12
511 650 9
429 650 11
638 650 7
650 826 13
574 650 9
321 651 13
81 651 12
221 651 9
651 838 13
651 776 8
309 652 17
312 652 6
300 652 11
221 652 10
652 835 11
652 923 10
152 652 9
653 782 11
335 653 9
653 944 12
654 821 10
654 963 13
490 654 7
654 688 12
235 654 11
428 655 12
655 767 11
655 685 12
655 749 11
305 656 12
656 724 11
640 656 13
656 750 10
191 656 13
551 657 9
107 657 11
416 657 12
530 657 7
658 996 11
346 658 10
492 658 11
498 658 9
658 811 11
659 915 13
562 659 10
499 659 12
659 950 11
455 659 13
660 851 12
660 734 8
479 660 12
56 660 12
334 661 10
278 661 14
661 675 12
348 661 11
333 662 13
223 662 16
662 723 9
662 901 12
663 810 10
511 663 11
572 663 11
410 663 10
169 663 10
663 850 10
441 664 12
600 664 12
664 965 9
664 814 13
109 664 10
597 664 12
529 665 11
214 665 12
343 665 12
606 665 9
526 665 11
654 665 10
169 666 14
646 666 8
666 832 12
666 800 10
577 666 14
395 667 10
667 936 10
38 667 14
216 667 8
49 667 13
252 668 10
528 668 13
58 668 13
523 668 10
34 669 12
134 669 8
130 669 10
499 669 11
579 669 12
670 675 9
670 973 11
415 670 9
671 994 12
402 671 9
671 917 13
228 671 10
591 671 10
537 671 12
132 672 10
672 833 10
332 672 12
595 672 10
672 780 10
540 672 9
231 672 13
438 672 13
531 673 12
673 872 10
454 673 9
566 673 9
231 674 12
277 674 11
230 674 9
118 674 11
674 843 11
674 754 14
674 679 7
489 675 11
675 811 11
675 823 9
675 962 10
52 676 13
573 676 8
220 676 9
676 756 9
550 677 9
94 677 10
677 689 10
677 694 10
429 678 8
633 678 7
189 678 13
209 678 11
604 678 12
678 952 9
415 678 14
592 679 13
611 679 8
550 679 13
680 885 11
680 837 9
680 919 11
410 680 7
651 680 11
629 681 11
681 785 5
681 748 8
552 682 9
594 682 12
427 682 9
254 682 13
566 682 11
475 682 10
21 683 8
683 841 9
435 683 15
258 683 14
303 683 14
515 684 10
19 684 6
684 833 11
684 847 14
490 685 10
317 685 9
289 685 11
685 877 12
359 685 10
685 981 14
457 685 8
686 886 10
2 686 11
279 686 12
686 690 15
687 768 12
687 928 8
687 937 12
283 687 10
687 781 13
267 688 11
688 877 7
688 772 9
340 688 12
481 688 9
572 689 10
315 689 6
689 980 13
471 689 11
510 689 11
229 689 6
521 690 11
690 935 13
10 690 11
690 889 11
690 980 9
690 958 11
691 761 14
691 859 11
522 691 8
691 811 11
692 958 12
655 692 9
581 692 12
305 692 9
584 693 12
693 821 8
693 786 11
635 693 9
17 693 9
694 950 11
365 694 18
558 694 12
694 962 11
147 695 10
695 708 9
605 695 13
548 695 8
546 695 9
696 973 12
494 696 10
525 696 9
348 696 12
696 939 15
696 784 10
33 696 9
697 699 15
492 697 7
528 697 10
505 698 8
322 698 11
153 698 11
698 971 9
198 698 14
662 698 10
146 699 11
699 981 7
688 699 12
603 699 9
302 700 12
44 700 14
556 700 12
700 893 6
612 701 12
333 701 10
545 701 13
321 701 12
702 842 7
702 896 12
122 702 13
532 702 10
577 702 14
703 777 12
703 857 11
703 931 12
396 703 13
405 703 14
480 704 8
652 704 13
341 704 9
557 704 13
704 930 6
705 894 12
29 705 9
622 705 10
230 705 10
125 705 10
49 706 10
458 706 13
93 706 7
706 980 11
148 707 12
707 946 11
707 718 10
240 708 10
256 708 12
708 819 9
91 708 11
708 942 9
118 709 12
709 739 11
182 709 9
709 816 12
710 997 15
710 784 9
325 710 7
710 723 11
100 710 11
710 838 7
151 711 12
711 717 14
711 724 10
324 711 9
279 712 10
491 712 10
293 712 9
712 799 9
631 712 13
713 920 11
713 944 12
713 972 13
151 713 11
714 822 9
714 762 9
225 714 7
714 951 11
279 714 14
366 715 11
393 715 10
449 715 11
56 715 8
356 716 14
716 747 9
279 716 9
716 961 10
446 716 6
283 716 9
716 754 6
228 717 12
342 717 13
169 717 7
717 761 13
688 717 13
61 718 8
622 718 9
491 718 11
609 719 10
719 798 13
558 719 12
719 957 11
355 719 13
307 720 9
237 720 12
486 720 9
9 720 9
333 720 11
669 721 13
548 721 8
121 721 11
237 721 9
721 956 11
458 721 11
325 722 10
82 722 8
527 722 11
539 722 11
620 722 10
389 722 10
723 973 12
723 945 12
34 723 10
55 724 9
719 724 10
724 766 11
159 724 8
469 724 14
725 744 11
454 725 10
198 725 12
678 725 12
537 725 11
545 726 14
203 726 9
159 726 10
550 726 11
727 762 10
540 727 9
159 727 10
267 727 14
653 727 7
728 768 10
192 728 9
573 728 10
383 728 10
728 999 14
51 728 12
438 729 14
416 729 11
519 729 14
592 729 7
127 729 7
417 730 12
486 730 11
730 912 12
730 853 10
635 730 13
731 767 11
731 917 9
93 731 10
731 817 9
731 935 14
731 834 10
444 732 13
732 805 10
732 907 10
565 732 13
732 776 13
391 732 10
517 732 8
350 733 7
206 733 10
95 733 9
734 744 9
734 893 11
734 894 11
643 734 11
734 773 9
710 735 11
14 735 13
115 735 8
236 735 13
266 735 7
84 736 10
293 736 8
658 736 10
15 736 8
424 736 10
736 737 8
632 737 10
430 737 10
233 737 10
65 737 18
665 737 13
337 738 10
308 738 10
595 738 11
222 738 13
738 833 14
219 739 9
242 739 7
404 739 11
611 739 7
642 739 7
169 740 11
740 818 12
115 740 11
740 799 6
75 740 8
528 740 11
564 741 10
582 741 8
741 853 9
390 742 10
698 742 12
204 742 12
100 742 10
742 937 10
479 743 14
743 858 11
16 743 13
567 743 10
446 743 9
547 743 7
692 744 10
471 744 12
304 744 9
744 992 9
398 744 11
612 745 10
132 745 9
722 745 9
691 745 11
746 797 13
527 746 8
746 791 9
548 746 13
567 746 13
132 747 15
637 747 11
162 747 9
747 809 9
195 747 11
390 748 12
442 748 12
640 748 12
748 841 12
422 749 10
393 749 11
749 832 13
749 882 10
749 794 12
749 887 12
35 750 13
178 750 14
750 861 13
456 750 8
574 750 9
742 751 9
739 751 10
150 751 13
714 751 15
751 824 7
752 894 9
532 752 12
451 752 10
752 798 11
413 752 16
164 753 13
363 753 8
639 753 12
753 754 11
603 753 6
34 754 9
754 785 12
754 897 9
754 811 10
755 941 7
755 886 12
496 755 8
3 755 12
50 756 9
756 971 9
49 756 10
572 756 11
109 756 9
677 757 10
633 757 12
188 757 12
529 757 11
172 757 6
498 757 10
757 975 9
615 758 7
178 758 13
501 758 13
55 758 14
758 831 11
444 758 10
392 759 10
121 759 11
759 785 11
565 760 10
277 760 12
724 760 11
383 760 12
571 760 11
456 761 14
620 761 11
149 761 8
214 761 13
55 761 10
647 761 11
762 965 13
594 762 12
762 945 8
241 762 11
739 762 12
762 880 8
78 763 12
326 763 11
539 763 9
558 764 12
606 764 11
330 764 10
764 997 11
274 764 11
765 898 10
754 765 8
222 765 13
725 765 8
765 861 9
413 766 11
766 921 11
22 766 12
766 945 12
157 766 9
767 846 8
767 932 10
767 893 10
393 767 12
436 767 12
496 767 10
657 767 8
768 891 10
78 768 7
768 876 10
768 868 11
635 768 15
768 818 13
178 769 11
419 769 13
558 769 10
697 769 14
631 769 12
384 769 10
770 802 9
770 806 7
187 770 9
438 770 10
132 770 11
389 771 9
379 771 10
547 772 11
390 772 7
609 772 11
401 772 10
264 772 11
138 773 9
720 773 7
457 773 12
71 773 8
202 773 10
666 774 15
50 774 8
55 774 11
641 774 12
774 789 10
611 775 12
19 775 11
415 775 10
497 775 12
107 775 11
175 776 8
167 776 8
432 776 14
287 776 9
84 776 9
690 777 10
240 777 9
483 777 9
339 777 12
53 777 12
333 777 10
778 807 11
270 778 10
54 778 8
170 778 10
778 802 9
117 779 12
22 779 14
748 779 10
245 779 10
327 779 13
674 780 11
202 780 10
780 824 11
469 780 9
137 781 11
303 781 11
211 781 9
713 781 12
100 781 14
115 782 9
271 782 14
77 782 13
420 782 11
33 782 16
783 937 13
327 783 11
434 783 10
783 840 10
24 784 9
606 784 9
440 784 9
337 784 11
784 966 8
784 862 12
529 785 14
785 904 12
730 785 9
181 785 11
82 785 7
635 786 9
786 956 9
786 839 8
543 786 10
736 786 12
458 787 11
154 787 11
277 787 10
572 787 12
788 830 9
332 788 8
213 788 12
435 788 11
788 876 9
789 877 11
789 914 11
536 789 9
790 988 9
650 790 7
375 790 12
292 791 11
784 791 10
121 791 13
791 932 13
791 926 9
144 791 10
771 791 11
645 792 10
743 792 12
599 792 11
498 792 11
466 792 11
717 793 13
793 937 9
648 793 7
409 793 9
359 794 12
537 794 8
752 794 10
755 794 8
336 794 12
201 795 10
597 795 11
795 828 14
795 959 6
508 795 15
642 796 12
576 796 14
796 927 11
53 796 12
239 796 10
396 797 10
782 797 11
748 797 8
327 797 12
223 797 14
798 876 12
716 798 12
798 825 10
173 798 10
622 798 12
491 799 10
788 799 11
799 907 10
559 800 13
486 800 11
583 800 11
800 966 11
259 800 12
192 801 11
599 801 10
801 888 15
801 990 8
801 992 10
517 801 14
710 802 11
579 802 13
462 802 10
802 890 6
253 803 11
48 803 7
341 803 9
587 803 11
803 935 9
174 804 13
341 804 9
491 804 8
377 804 13
804 862 11
62 805 10
671 805 10
383 805 14
618 805 12
242 805 10
636 805 7
523 806 9
730 806 10
691 806 12
795 806 12
335 806 9
675 806 13
641 807 13
160 807 11
807 857 12
808 990 10
266 808 9
290 808 11
808 919 11
808 964 10
375 808 8
214 809 12
434 809 10
380 809 13
562 809 14
550 810 7
744 810 14
553 810 13
1 811 11
811 853 13
349 811 11
157 811 11
781 812 9
680 812 12
812 957 7
705 812 10
576 813 8
574 813 11
560 813 12
379 813 10
19 813 10
2 814 8
814 913 11
470 814 13
637 814 13
502 814 9
754 814 15
440 815 11
605 815 5
595 815 11
815 903 13
178 815 10
248 816 13
449 816 13
553 816 13
675 816 11
175 816 11
677 816 11
698 817 11
817 889 10
443 817 11
589 817 8
817 896 11
369 817 15
154 818 11
492 818 9
331 818 7
488 818 11
682 819 10
111 819 11
646 819 13
326 819 10
329 819 11
472 820 9
249 820 10
218 820 8
820 889 9
821 946 13
821 919 11
711 821 11
494 821 12
754 821 12
282 822 10
822 935 14
69 822 15
787 822 14
523 822 11
726 823 10
127 823 8
809 823 9
41 823 13
332 823 13
666 823 5
798 824 9
824 943 10
62 824 8
534 824 11
32 825 11
825 826 9
453 825 13
141 825 13
180 826 10
6 826 8
336 826 9
201 826 11
321 826 8
624 826 13
670 827 10
211 827 10
297 827 9
310 827 8
49 827 12
828 975 8
383 828 11
695 828 15
828 836 9
186 828 16
660 828 12
765 829 12
634 829 14
813 829 11
829 942 10
346 829 11
193 829 9
554 830 14
179 830 11
672 830 10
378 830 13
616 830 12
589 831 10
831 848 14
643 831 13
634 831 12
341 831 10
454 832 11
313 832 11
363 832 11
809 832 11
596 832 17
41 833 7
833 954 11
831 833 13
188 833 7
617 833 10
38 833 11
614 834 10
92 834 12
211 834 10
451 834 11
666 834 12
835 996 5
830 835 8
673 835 15
835 851 13
285 836 10
190 836 11
322 836 11
836 841 13
766 836 13
837 870 12
25 837 11
118 837 9
562 837 11
837 917 9
363 838 10
667 838 9
838 929 12
820 838 11
839 947 14
839 935 11
518 839 11
436 839 13
306 839 5
673 840 8
48 840 13
297 840 12
199 840 12
58 840 11
516 840 10
22 841 12
586 841 12
841 943 12
105 841 11
8 841 12
249 842 7
710 842 9
322 842 10
588 842 9
842 890 9
172 843 10
473 843 9
113 843 11
843 897 14
347 843 12
221 844 13
668 844 7
844 889 14
40 844 10
844 908 10
99 845 13
401 845 12
383 845 12
418 845 12
845 962 9
845 953 8
752 846 12
113 846 11
667 846 10
651 846 10
295 846 6
847 959 8
847 876 10
449 847 12
52 848 13
751 848 8
790 848 10
203 848 10
369 848 6
329 848 8
849 977 12
849 936 10
169 849 11
775 849 10
140 849 8
243 849 9
585 850 13
748 850 12
418 850 12
613 850 9
562 850 7
564 851 9
615 851 11
334 851 12
294 851 9
145 851 8
851 888 8
358 852 8
459 852 9
600 852 10
386 852 11
222 853 10
53 853 6
200 853 13
444 853 10
251 853 11
579 853 11
854 922 10
825 854 13
354 854 14
818 854 9
734 855 10
855 879 8
531 855 11
855 930 11
580 855 15
385 855 7
797 856 10
441 856 13
856 993 13
701 857 12
308 857 8
238 857 11
222 857 9
491 857 7
511 858 10
338 858 9
858 986 10
498 858 15
90 858 12
663 859 12
344 859 11
859 920 10
860 889 7
449 860 14
174 860 11
756 860 10
7 860 12
34 861 10
791 861 11
339 861 11
365 861 13
125 861 12
740 862 11
770 862 12
100 862 6
431 862 10
556 862 13
363 862 13
863 959 12
863 923 10
153 863 10
114 863 8
335 864 10
77 864 10
421 864 8
232 864 12
657 864 13
21 865 8
865 945 9
127 865 5
513 865 10
91 866 7
600 866 10
664 866 11
524 866 12
526 866 12
30 866 10
72 867 11
356 867 10
867 991 6
867 934 11
868 926 10
556 868 8
105 868 13
695 868 12
89 868 11
868 987 11
371 869 9
863 869 14
624 869 8
468 869 6
869 887 7
638 870 11
870 968 8
870 983 9
221 870 11
474 870 6
870 896 8
709 871 9
396 871 11
388 871 9
718 871 14
670 871 12
505 871 8
441 872 12
756 872 13
580 872 12
308 872 7
204 872 9
527 872 11
356 873 8
189 873 9
196 873 15
99 873 8
455 873 10
156 874 12
790 874 8
171 874 14
177 875 11
521 875 14
676 875 7
419 875 10
84 875 11
822 876 7
556 876 15
568 876 11
876 978 12
874 876 10
124 877 12
12 877 6
877 962 12
318 877 11
263 877 12
878 961 10
878 942 10
834 878 8
424 878 13
682 879 11
874 879 9
260 879 9
819 880 10
479 880 10
13 880 12
741 880 12
395 880 7
474 881 11
353 881 11
504 881 16
502 881 14
286 881 12
881 991 12
715 881 13
380 882 9
479 882 13
745 882 9
156 882 11
699 883 9
17 883 12
883 892 12
528 883 13
113 884 10
58 884 11
274 884 8
698 884 10
239 884 11
347 884 14
775 885 12
125 885 10
885 890 7
461 885 12
75 885 8
508 886 9
886 898 11
99 886 7
263 886 8
840 886 10
460 886 7
413 886 12
350 887 12
193 887 9
195 887 14
519 887 11
731 887 10
875 887 15
888 910 12
269 888 10
680 888 10
184 888 10
557 889 15
109 889 6
167 889 10
390 889 11
882 889 12
154 890 9
585 890 9
335 890 12
540 890 6
47 890 12
216 891 14
496 891 11
599 891 12
711 891 9
358 891 6
224 892 12
571 892 8
851 892 10
630 892 9
394 892 10
794 893 11
270 893 12
656 893 10
839 894 8
185 894 9
882 894 15
151 894 7
266 895 11
828 895 9
681 895 12
441 895 9
422 895 8
795 896 14
736 896 12
249 896 11
812 896 11
734 896 12
145 896 15
135 897 8
763 897 12
774 897 10
190 897 12
328 897 12
693 897 11
128 898 10
590 898 13
460 898 12
354 898 13
158 899 12
265 899 7
812 899 10
305 899 12
132 899 13
48 899 9
762 900 9
793 900 16
524 900 11
900 998 13
581 900 10
131 901 10
689 901 9
13 901 13
625 901 10
197 901 6
638 902 14
128 902 13
659 902 10
425 902 8
903 990 10
141 903 11
152 903 11
499 903 12
903 969 12
604 903 11
467 904 8
621 904 11
904 982 14
901 904 9
205 904 13
319 905 8
494 905 8
806 905 13
295 905 12
213 906 12
906 928 6
664 906 8
516 906 12
734 906 9
693 907 14
780 907 8
907 929 10
907 948 8
66 907 9
48 908 9
493 908 13
629 908 12
514 908 11
425 909 11
374 909 14
627 909 12
590 909 9
563 909 12
635 909 13
591 910 8
683 910 9
608 910 13
177 910 8
710 911 10
252 911 16
124 911 12
240 911 12
625 911 8
149 912 8
187 912 9
274 912 14
253 912 10
401 913 11
612 913 14
696 913 9
233 913 11
206 913 8
446 914 8
111 914 13
172 914 9
914 922 11
690 914 11
530 914 11
915 971 12
153 915 10
513 915 8
752 915 8
915 948 10
668 916 15
369 916 13
655 916 12
592 916 12
84 916 13
596 917 10
749 917 14
917 935 10
608 917 9
413 917 11
122 917 9
770 918 11
918 982 12
292 918 10
552 918 11
128 918 11
583 918 11
100 919 9
162 919 10
919 949 11
161 919 8
179 919 8
693 920 9
627 920 8
311 920 7
577 920 12
921 971 9
396 921 11
581 921 7
891 921 9
189 921 11
614 922 11
896 922 13
201 922 13
536 922 10
619 922 10
923 969 12
296 923 10
339 923 8
528 923 12
650 923 13
360 924 9
150 924 9
418 924 8
254 924 12
575 924 13
100 924 9
81 925 9
925 971 12
470 925 12
167 925 15
266 925 10
873 926 11
646 926 8
26 926 12
213 926 10
392 926 13
771 926 7
809 927 12
395 927 13
278 927 11
798 927 11
765 927 4
485 928 8
566 928 12
65 928 12
818 928 14
893 928 8
749 929 11
929 988 11
813 929 12
345 929 14
562 929 8
353 930 15
639 930 10
599 930 9
438 930 10
28 930 12
925 930 11
367 931 9
140 931 10
9 931 11
216 931 13
932 957 7
347 932 9
528 932 8
182 932 12
535 932 10
492 933 12
297 933 11
514 933 11
444 933 9
555 933 13
7 933 10
896 934 10
513 934 10
914 934 9
91 934 7
912 934 9
280 935 12
649 935 13
477 935 11
552 935 11
215 936 8
93 936 12
516 936 9
918 936 5
849 937 10
779 937 9
201 937 12
713 937 9
937 961 13
868 938 10
227 938 9
795 938 11
756 938 11
835 938 7
533 939 11
340 939 11
716 939 11
317 939 13
701 939 12
814 939 10
911 940 11
620 940 8
485 940 14
678 940 9
13 940 11
132 941 12
881 941 11
11 941 12
91 941 14
903 942 9
470 942 9
942 943 10
936 943 13
695 943 10
725 943 9
284 943 11
613 943 13
818 944 8
17 944 11
863 944 10
483 944 10
67 945 9
438 945 11
912 945 11
175 945 11
92 946 12
544 946 11
196 946 7
860 946 10
631 947 11
449 947 10
269 947 14
627 947 9
395 948 11
497 948 10
171 948 9
569 948 13
340 948 8
886 949 11
298 949 7
836 949 12
161 949 14
913 949 11
451 950 13
181 950 11
950 966 8
791 950 16
586 951 11
25 951 9
913 951 13
15 951 9
654 952 11
722 952 11
356 952 15
627 952 8
855 952 9
953 982 9
122 953 9
788 953 14
56 953 11
260 954 11
414 954 8
348 954 9
604 955 12
222 955 11
87 955 12
744 955 9
537 955 9
918 956 13
340 956 13
745 956 12
553 956 9
165 956 12
49 957 10
494 957 13
711 957 10
956 957 12
166 958 10
113 958 12
333 958 12
442 958 9
381 959 11
578 959 11
766 959 12
933 960 9
190 960 9
311 960 10
875 960 12
389 961 7
460 961 13
0 961 7
614 961 7
555 961 13
962 995 12
962 993 12
887 962 12
135 962 9
621 963 12
843 963 12
663 963 9
963 979 9
661 963 8
454 964 10
60 964 9
196 964 12
684 964 10
833 964 8
546 964 11
208 965 10
839 965 12
460 965 13
586 965 12
275 965 15
808 966 8
850 966 9
362 966 10
888 966 13
471 966 9
385 967 11
918 967 10
547 967 10
549 967 13
241 968 11
391 968 12
281 968 6
782 968 11
462 968 10
298 969 15
649 969 7
935 969 11
699 969 12
180 969 13
187 969 9
124 970 13
181 970 12
857 970 10
880 970 11
630 970 12
782 971 10
41 971 10
920 971 11
65 972 7
917 972 9
4 972 12
208 972 9
851 973 9
156 973 9
958 973 9
748 973 15
108 973 7
509 973 7
181 973 6
207 974 14
487 974 11
885 974 10
461 974 12
34 974 9
754 975 13
597 975 12
477 975 13
439 975 7
731 975 13
508 975 9
186 976 8
787 976 11
63 976 11
358 976 10
106 976 11
878 976 13
225 977 11
965 977 12
593 977 12
54 977 9
683 977 10
216 978 14
496 978 10
755 978 9
69 978 10
3 978 11
891 979 11
967 979 9
316 979 9
314 979 8
286 979 11
695 979 9
295 980 11
34 980 9
867 980 10
188 980 11
335 980 12
732 981 12
899 981 8
168 981 9
738 981 11
964 982 17
465 982 11
409 982 10
490 982 13
369 982 8
943 982 7
36 983 14
951 983 12
219 983 11
705 984 10
0 984 12
845 984 12
649 984 11
739 984 11
321 984 11
436 985 12
985 990 9
674 985 10
858 985 13
627 986 8
32 986 12
821 986 9
603 986 12
474 986 11
439 986 9
89 987 9
978 987 11
979 988 13
396 988 7
580 988 11
450 988 7
375 988 12
511 988 10
188 989 10
764 989 12
83 989 9
185 989 8
702 989 11
605 990 11
947 990 11
152 990 10
500 990 10
270 990 10
795 990 10
692 991 13
42 991 12
109 991 9
564 991 13
204 991 13
504 991 16
290 992 11
330 992 11
780 992 11
757 992 10
266 992 10
739 992 9
953 992 8
411 993 10
280 993 12
388 993 11
396 993 5
495 994 12
296 994 10
22 994 11
794 994 7
43 994 11
922 995 10
906 995 11
655 995 12
917 995 11
663 995 11
143 996 11
762 996 13
261 996 11
585 996 10
667 996 9
619 997 7
961 997 12
229 997 9
986 997 11
275 998 13
675 998 15
102 998 10
658 998 8
334 999 12
219 999 11
117 999 11
788 999 10
666 999 10
