100
0
6
7
4
8
10
7
6
4
8
10
5
10
8
2
7
1
2
5
9
8
4
2
8
4
4
4
6
4
2
6
2
3
9
4
7
9
10
6
1
4
2
4
5
1
10
8
10
7
6
5
6
9
7
2
7
3
2
5
3
7
8
8
3
8
7
7
7
9
1
2
2
8
7
9
9
7
5
9
9
8
1
3
1
6
9
10
3
6
3
1
5
9
1
3
2
5
8
2
7
0 96 8
0 46 8
0 37 11
0 65 13
0 9 10
0 24 7
0 64 6
0 72 13
0 88 11
0 89 9
1 88 8
1 48 9
1 13 12
1 73 9
1 95 11
1 39 11
1 51 11
1 18 8
1 53 5
1 65 11
1 26 8
2 35 13
2 66 8
2 87 11
2 15 11
2 57 11
2 39 13
2 17 11
1 2 10
2 55 10
2 59 11
2 96 13
3 57 6
3 96 14
3 82 10
3 16 9
3 85 10
3 40 12
3 89 9
3 27 9
3 74 11
3 90 7
4 53 8
4 35 11
4 7 12
4 80 11
4 62 10
4 49 7
4 29 12
4 58 9
4 12 12
4 92 11
5 65 10
5 36 13
5 99 11
5 44 11
5 56 9
2 5 10
5 18 13
5 59 12
5 35 9
5 46 13
6 9 9
6 49 9
6 38 8
6 14 15
6 15 11
6 17 11
6 68 10
5 6 9
7 20 10
7 15 11
7 14 11
3 7 16
7 67 10
7 63 11
7 40 10
7 9 12
7 85 9
7 17 11
8 42 8
8 19 11
8 15 12
8 77 8
8 80 10
8 86 11
8 40 12
8 90 7
8 61 12
8 63 10
5 8 12
9 82 11
9 48 11
9 91 11
9 52 14
9 32 12
9 62 8
9 89 13
3 9 9
9 37 15
9 21 14
9 98 5
10 67 9
2 10 10
10 52 8
5 10 12
10 74 11
10 60 10
10 16 11
3 10 12
10 32 12
10 31 13
10 39 10
11 31 14
11 27 11
11 96 10
11 58 7
3 11 13
11 13 11
11 87 9
11 73 11
11 33 11
11 71 10
11 53 13
12 93 11
9 12 9
12 46 11
12 38 10
11 12 11
12 51 9
12 44 7
0 12 8
12 15 11
12 94 8
12 85 10
12 23 14
13 69 9
13 38 7
13 82 6
13 37 9
13 56 11
13 40 9
13 18 10
13 39 10
13 46 12
13 52 9
14 89 9
14 98 9
14 16 10
14 31 14
14 62 13
14 88 9
14 27 9
14 29 9
14 25 12
14 73 7
10 15 10
15 82 14
15 89 12
15 38 11
15 23 12
15 88 12
15 72 14
15 31 9
15 86 10
16 85 14
16 42 12
16 97 10
16 68 7
16 60 10
16 43 14
16 17 8
11 16 8
1 16 14
5 17 7
17 58 15
17 70 10
4 17 11
17 29 11
17 78 12
11 17 10
17 52 12
17 80 8
10 17 15
17 94 11
18 67 11
18 36 14
18 59 14
18 81 8
18 47 9
15 18 12
11 18 6
18 34 11
18 32 7
19 71 10
19 24 10
19 51 9
15 19 8
1 19 11
19 98 12
19 52 14
19 67 10
19 85 12
19 22 8
20 42 11
14 20 9
12 20 10
20 28 11
4 20 9
20 52 12
20 75 10
5 20 11
20 71 13
0 21 10
21 23 8
21 35 14
4 21 9
21 76 9
13 21 15
21 71 7
21 90 7
21 65 12
5 21 11
22 83 12
22 91 9
5 22 10
22 66 12
4 22 10
22 98 13
22 52 7
6 22 10
22 62 8
13 22 9
22 78 11
23 68 11
10 23 11
22 23 7
23 47 11
23 56 10
23 31 9
23 48 12
23 63 13
23 66 7
24 43 10
24 80 12
24 63 12
24 56 12
24 82 9
20 24 10
24 32 9
24 74 11
18 24 8
25 78 11
3 25 8
25 49 10
17 25 9
25 83 11
7 25 12
6 25 11
25 56 10
25 65 10
25 52 10
25 69 10
26 87 6
18 26 10
26 43 15
26 58 7
22 26 10
23 26 6
3 26 12
26 32 12
26 37 13
26 42 9
27 95 11
27 32 12
27 77 6
27 67 10
27 68 9
25 27 7
27 60 11
12 27 11
27 29 11
27 42 11
27 28 10
28 45 14
28 61 12
28 43 13
28 84 12
28 78 11
28 34 12
28 47 11
28 87 14
28 80 12
28 42 12
29 38 11
29 96 12
29 88 9
29 35 12
29 94 9
29 46 10
29 53 9
29 44 12
29 56 10
29 34 13
29 74 8
30 63 10
30 64 12
30 48 11
30 94 10
30 45 12
30 83 9
8 30 10
30 59 7
30 68 11
31 71 9
27 31 10
31 50 13
31 51 10
8 31 13
17 31 13
31 61 12
29 31 13
31 65 10
31 94 13
31 92 11
32 53 11
13 32 10
32 63 5
5 32 11
32 42 8
32 85 14
28 32 8
32 36 7
32 51 11
20 32 6
3 32 9
33 75 10
33 79 13
33 61 12
33 90 11
32 33 11
33 51 12
33 50 11
12 33 17
25 33 12
33 48 11
33 86 11
34 99 14
7 34 6
22 34 11
34 64 9
8 34 13
34 38 10
34 36 10
26 34 10
34 77 15
35 37 9
35 69 8
35 49 11
35 36 11
35 83 12
35 57 12
19 35 11
35 38 10
35 74 6
35 90 11
18 35 11
36 85 13
36 97 13
28 36 12
36 87 11
36 70 9
36 41 13
36 80 11
36 46 10
37 41 14
37 89 12
1 37 12
4 37 9
37 83 8
32 37 11
16 37 9
37 81 12
19 37 11
37 42 11
37 46 7
38 57 10
33 38 8
38 43 13
19 38 9
38 58 8
38 76 9
38 88 13
38 99 11
11 38 9
38 60 12
38 97 7
38 39 9
17 39 9
39 92 12
39 41 14
39 97 10
39 47 10
20 39 9
39 88 12
39 54 10
39 86 12
25 39 9
29 39 4
22 40 9
40 48 11
40 46 10
14 40 14
40 60 6
2 40 12
20 40 12
40 68 11
40 76 12
37 40 7
40 88 10
13 41 7
41 95 12
41 46 11
41 50 10
41 47 10
12 41 13
41 79 9
10 41 9
41 86 10
38 41 6
22 42 10
29 42 9
17 42 9
3 42 8
9 42 10
2 42 11
42 98 10
42 93 9
42 53 7
42 81 9
29 43 11
0 43 10
43 73 13
43 81 9
43 62 10
22 43 12
5 43 9
43 87 9
23 43 8
42 43 13
44 63 13
44 51 10
44 73 7
41 44 8
32 44 9
17 44 8
44 47 9
44 71 12
44 86 9
26 45 10
45 84 9
22 45 9
45 97 10
43 45 12
10 45 7
15 45 10
9 45 9
14 45 11
45 93 7
45 76 10
45 78 9
9 46 8
46 92 7
14 46 15
46 73 9
46 80 11
46 85 14
46 99 13
16 46 11
32 46 11
26 47 14
47 53 10
47 50 10
47 95 14
36 47 6
5 47 12
47 58 12
47 67 11
47 99 11
46 48 12
26 48 11
2 48 9
48 79 8
48 64 9
20 48 10
28 48 10
4 48 9
7 48 11
41 48 10
49 89 11
49 84 11
20 49 12
14 49 12
41 49 12
36 49 10
34 49 6
5 49 8
49 53 10
28 49 9
49 61 10
50 66 12
27 50 8
24 50 10
50 96 7
15 50 11
50 75 11
50 80 12
38 50 11
50 70 10
16 50 11
29 51 12
51 65 9
5 51 11
35 51 8
20 51 13
21 51 9
51 84 9
50 51 10
51 98 9
52 68 13
16 52 11
52 80 13
52 98 7
52 75 12
52 84 10
52 79 12
52 54 11
39 52 10
42 52 10
53 80 13
35 53 13
53 68 9
53 79 12
7 53 12
53 62 13
15 53 11
16 53 7
53 84 13
54 93 7
12 54 11
26 54 8
30 54 10
23 54 13
54 94 8
20 54 13
1 54 9
18 54 10
55 72 13
55 64 11
11 55 8
1 55 12
46 55 9
26 55 9
55 60 10
55 61 7
55 62 12
55 77 9
14 56 9
56 87 10
2 56 9
36 56 7
56 59 14
56 63 10
6 56 9
15 56 11
32 56 13
56 60 7
56 65 11
17 56 7
57 76 8
8 57 13
32 57 13
30 57 8
14 57 11
53 57 9
21 57 9
57 91 12
57 72 15
57 59 10
57 62 9
58 60 10
58 69 12
58 81 12
51 58 9
58 83 13
9 58 10
58 64 12
20 58 10
58 63 13
7 58 11
59 78 8
23 59 12
0 59 13
59 62 8
33 59 11
59 68 10
59 94 8
28 59 12
17 59 9
59 96 6
59 91 12
22 60 11
34 60 12
51 60 11
5 60 11
13 60 7
12 60 10
60 79 11
59 60 13
36 60 11
60 92 10
61 71 10
20 61 7
61 77 12
37 61 8
61 83 10
14 61 16
45 61 10
48 61 13
61 63 12
6 61 10
61 79 12
44 62 13
30 62 5
62 98 13
21 62 13
62 66 14
52 62 11
61 62 11
62 96 10
1 62 11
50 62 10
9 63 11
63 96 9
46 63 9
63 98 7
45 63 10
59 63 13
12 63 11
20 63 8
63 76 10
63 87 13
50 63 10
45 64 14
64 70 10
22 64 11
8 64 11
36 64 6
49 64 10
64 75 7
50 64 14
64 96 14
17 64 7
65 78 11
43 65 11
27 65 10
13 65 11
14 65 9
65 82 14
65 81 13
38 65 10
57 65 12
59 65 12
8 66 10
33 66 11
57 66 7
59 66 13
5 66 11
66 81 12
53 66 13
31 66 11
60 66 14
63 66 10
51 66 13
42 66 9
43 67 12
30 67 10
67 70 11
67 84 10
59 67 10
50 67 8
28 67 10
36 67 7
67 71 6
41 67 13
26 68 13
44 68 7
57 68 10
68 79 10
0 68 10
51 68 11
39 68 8
68 74 8
68 77 12
68 82 10
42 69 8
69 82 12
69 76 11
17 69 13
37 69 9
14 69 10
4 69 10
69 95 7
38 69 9
69 89 11
21 70 9
11 70 13
26 70 12
70 77 9
70 72 9
29 70 15
51 70 8
38 70 9
70 80 11
70 96 11
71 75 13
71 86 11
3 71 10
24 71 9
71 81 9
52 71 11
69 71 11
71 72 10
71 85 10
71 95 11
17 72 11
72 77 8
2 72 9
72 95 13
8 72 11
35 72 12
65 72 12
7 72 11
43 72 12
72 75 11
17 73 5
39 73 9
51 73 11
66 73 14
72 73 11
58 73 9
73 90 8
73 82 9
26 73 10
69 73 9
70 74 9
74 93 11
46 74 17
37 74 11
0 74 10
74 75 7
38 74 11
2 74 11
49 74 9
40 74 12
65 75 12
22 75 8
75 96 10
47 75 6
5 75 12
1 75 10
75 91 11
68 75 10
75 88 10
26 75 11
6 76 10
65 76 10
76 79 8
64 76 9
16 76 9
42 76 12
9 76 13
46 76 10
48 76 11
47 77 9
15 77 9
63 77 9
31 77 12
45 77 12
74 77 10
4 77 9
69 77 9
36 77 9
77 85 11
52 78 12
78 86 10
69 78 9
8 78 9
61 78 11
63 78 9
72 78 8
57 78 8
78 98 8
41 78 10
71 78 12
79 88 8
70 79 9
17 79 11
79 96 13
67 79 14
79 95 8
62 79 13
13 79 11
10 79 14
60 80 11
59 80 7
41 80 11
71 80 9
0 80 13
18 80 8
29 80 8
49 80 12
60 81 10
81 90 9
51 81 6
64 81 8
26 81 10
11 81 11
59 81 10
39 81 1
81 88 9
75 81 9
82 85 10
6 82 8
23 82 10
77 82 9
8 82 12
82 90 9
82 93 11
47 82 9
25 82 8
43 82 10
11 82 9
59 83 11
2 83 13
83 84 13
39 83 9
83 94 12
48 83 10
83 86 10
0 83 9
31 83 10
15 83 13
5 84 9
59 84 12
31 84 13
26 84 11
29 84 11
20 84 10
21 84 7
12 84 11
84 93 7
36 84 11
85 87 10
23 85 9
76 85 10
85 86 9
85 95 13
56 85 10
49 85 10
85 97 10
86 95 10
5 86 11
18 86 10
72 86 11
60 86 8
63 86 9
77 86 13
86 89 11
86 87 12
77 87 13
76 87 10
46 87 10
87 88 10
74 87 13
60 87 7
54 87 11
33 87 12
20 88 13
45 88 11
22 88 13
30 88 10
11 88 14
6 88 9
88 97 9
32 88 9
88 96 13
59 88 12
81 89 11
58 89 10
88 89 6
70 89 11
18 89 7
89 93 9
53 89 9
4 89 10
73 89 12
46 90 11
69 90 12
55 90 9
36 90 11
59 90 8
1 90 9
85 90 8
84 90 7
90 98 6
61 90 9
51 90 8
34 90 9
17 91 12
91 98 10
83 91 12
19 91 11
34 91 15
89 91 10
23 91 11
33 91 12
44 91 10
1 91 8
91 95 12
68 92 10
18 92 10
28 92 9
37 92 10
15 92 12
48 92 12
56 92 7
20 92 11
77 92 11
66 92 12
85 93 11
33 93 14
73 93 11
9 93 5
90 93 11
1 93 11
10 93 11
52 93 14
8 93 12
66 93 11
45 94 11
94 98 9
4 94 13
57 94 11
43 94 15
67 94 14
63 94 8
74 94 10
25 94 7
94 95 12
90 94 9
44 94 12
26 95 13
67 95 8
2 95 12
48 95 7
0 95 7
70 95 9
95 98 9
6 95 12
77 95 13
8 95 12
14 96 12
69 96 12
93 96 9
52 96 11
44 96 10
46 96 14
55 96 10
49 96 10
18 96 10
73 96 14
83 97 8
18 97 12
66 97 14
25 97 8
82 97 11
51 97 12
2 97 12
14 97 10
30 97 15
75 97 14
48 98 11
53 98 7
54 98 13
12 98 8
40 98 13
72 98 9
75 98 11
61 98 15
77 98 10
21 98 10
28 98 9
91 99 11
12 99 8
17 99 11
92 99 10
90 99 10
88 99 13
87 99 10
0 99 7
36 99 12
37 99 9
