1000
0
8
6
4
9
9
1
3
9
6
10
3
7
2
9
6
8
2
3
8
8
5
4
2
8
2
4
2
10
7
1
4
7
3
1
4
5
1
2
8
2
9
8
5
2
2
9
7
3
3
9
2
2
3
2
4
6
3
7
8
4
5
5
5
9
9
1
10
4
4
5
1
10
3
2
6
3
8
4
4
4
8
7
8
7
9
4
4
2
3
1
9
9
10
8
7
10
7
3
4
2
9
2
4
8
8
5
2
8
8
3
6
6
1
10
9
3
4
1
5
3
6
9
6
7
5
6
3
7
6
1
7
3
4
8
8
5
8
8
10
5
10
2
6
2
5
2
5
4
3
6
7
4
5
5
5
6
3
3
7
9
9
5
6
8
8
5
10
5
8
7
5
1
1
8
9
5
7
6
2
7
9
5
8
3
7
7
5
5
7
10
9
4
9
5
4
10
6
7
6
2
8
3
10
8
5
4
3
7
6
10
8
8
6
3
4
5
1
4
7
8
10
8
3
8
2
6
6
2
5
2
7
5
8
6
2
3
7
2
9
3
1
8
3
2
7
1
6
8
6
2
10
1
8
9
9
5
2
2
3
6
8
8
5
4
9
6
3
10
4
5
4
2
10
5
3
2
3
3
3
1
6
4
7
8
4
6
5
3
10
3
5
5
5
5
5
7
8
6
10
6
3
4
5
4
6
4
8
10
7
6
2
2
6
6
5
6
6
6
5
8
3
9
7
4
1
7
9
1
10
4
3
9
6
3
8
10
9
3
4
9
8
7
6
2
5
7
5
10
7
5
6
1
5
1
10
3
10
7
10
3
9
3
4
9
1
8
7
8
6
6
6
5
4
8
3
1
9
6
2
5
2
5
1
10
9
10
9
2
6
2
5
9
9
1
1
4
5
3
2
5
4
4
4
10
6
6
3
8
3
4
9
5
6
3
8
7
10
7
10
5
2
3
8
8
6
9
5
6
8
2
7
3
2
10
4
9
2
4
10
10
7
4
4
3
4
8
8
8
8
5
9
10
4
9
3
9
1
10
2
6
2
2
10
7
3
1
5
7
8
3
4
2
8
3
7
8
7
9
3
1
2
9
8
6
4
7
7
5
5
3
6
2
10
4
1
9
2
4
2
1
8
8
3
3
5
8
10
8
8
4
8
2
5
6
7
2
6
5
5
4
4
6
9
3
5
6
4
5
5
4
3
9
9
2
6
7
6
7
5
9
3
9
5
7
3
5
9
9
8
2
7
3
5
8
6
9
4
3
7
8
5
3
4
2
3
7
3
8
2
2
6
5
10
3
8
10
8
7
6
2
5
7
3
8
4
1
3
1
1
6
3
10
8
8
5
3
6
2
5
4
9
3
6
9
3
7
5
8
2
9
8
3
1
9
4
7
6
10
3
2
9
6
5
6
3
8
2
9
3
4
8
7
7
4
7
5
9
9
10
7
5
7
9
2
9
8
9
5
6
7
3
9
1
6
3
1
6
3
3
2
9
7
4
3
9
9
8
5
8
3
8
4
10
7
10
6
8
4
4
5
7
10
9
5
7
2
5
4
8
8
9
2
7
5
7
9
9
9
1
1
6
2
3
8
5
6
4
6
8
2
2
4
2
10
3
4
2
6
3
7
7
9
7
7
8
3
2
7
4
4
9
3
6
1
6
4
9
3
9
8
8
5
5
3
5
9
9
6
3
2
5
10
3
3
9
10
4
5
6
5
9
7
1
8
8
7
3
2
5
8
2
2
7
7
7
9
6
7
9
2
6
8
9
9
1
10
2
3
7
10
6
4
5
5
3
5
1
8
7
5
7
4
6
3
6
7
4
6
7
9
4
7
7
3
9
9
2
4
3
3
10
7
7
4
10
6
6
7
3
1
5
5
2
5
2
2
6
6
2
3
6
10
9
3
10
2
6
10
3
7
6
8
9
6
4
5
8
10
2
5
8
7
4
6
7
7
1
8
7
4
6
7
4
4
7
5
2
9
3
9
7
9
6
4
4
7
6
2
2
8
7
6
2
4
3
9
5
6
4
7
7
7
6
7
6
3
3
9
4
9
5
9
3
4
6
2
5
5
6
8
9
8
7
4
7
1
8
8
6
9
3
8
4
4
1
1
2
6
5
7
5
5
7
1
3
5
6
5
6
8
6
9
7
9
8
2
10
2
4
1
6
1
2
6
7
4
7
2
3
4
7
7
8
3
5
2
5
3
6
3
3
4
3
8
3
6
2
1
8
7
3
8
10
6
5
9
5
9
7
0 730 9
0 228 14
0 757 9
0 617 10
0 594 12
1 783 12
1 730 11
1 720 9
1 622 7
1 982 9
2 59 15
2 150 12
2 854 12
3 586 10
3 155 11
3 183 13
3 459 10
3 202 11
4 157 13
4 752 11
4 283 9
4 892 11
4 76 13
5 968 10
5 854 10
5 902 11
5 533 11
6 952 8
6 625 9
6 280 13
6 229 12
7 12 10
7 717 12
7 83 8
7 667 10
8 991 10
8 542 7
8 999 9
8 625 10
8 552 9
8 920 11
9 449 8
9 22 11
9 696 11
9 469 10
9 390 6
10 621 11
10 278 9
10 376 7
10 630 9
11 700 12
11 473 11
11 345 13
11 615 9
11 931 9
11 311 8
11 406 10
12 178 9
12 368 9
12 402 11
12 202 10
12 53 7
12 824 10
13 77 12
13 429 8
13 200 11
13 199 12
13 810 9
14 236 9
14 752 9
14 59 7
14 844 7
15 23 11
15 576 11
15 838 10
15 404 9
15 226 11
15 582 11
15 645 9
16 701 12
16 387 12
16 355 10
16 279 11
16 903 10
17 897 12
17 915 10
17 709 16
17 933 9
18 862 10
18 791 11
18 709 9
18 780 12
19 248 5
19 892 12
19 329 8
19 962 13
19 812 11
20 150 9
20 652 12
20 943 10
20 624 12
20 157 9
21 890 9
21 167 12
21 874 10
21 280 12
21 877 13
22 561 7
22 795 8
22 873 12
22 405 12
23 632 11
23 457 8
23 824 13
23 414 11
23 196 11
24 797 8
24 872 7
24 934 12
24 162 9
24 827 12
24 500 8
25 27 11
25 563 7
25 398 8
25 758 13
25 69 7
25 953 11
26 556 10
26 35 6
26 428 8
26 44 9
26 388 8
26 722 10
26 817 8
27 105 7
27 399 10
27 228 12
27 423 12
27 650 11
27 462 10
28 218 9
28 617 8
5 28 5
28 499 9
28 666 8
29 488 10
29 517 10
29 637 10
29 93 8
29 730 12
30 452 11
30 625 10
30 476 12
30 727 12
31 371 13
31 385 10
31 494 11
31 178 12
32 731 14
32 712 14
32 957 10
32 328 11
32 458 9
32 688 8
33 70 10
33 986 8
33 741 12
33 278 11
33 561 12
34 282 10
34 990 12
34 687 13
35 848 11
35 330 8
35 728 10
35 687 10
35 974 11
36 159 9
36 507 12
36 46 12
24 36 11
16 37 12
37 854 10
37 327 10
37 721 16
37 710 12
38 296 10
38 501 13
38 783 11
38 888 10
38 730 9
39 895 9
39 163 8
39 704 10
39 726 11
39 182 11
40 749 12
40 616 11
40 557 11
40 649 13
40 436 8
41 795 10
38 41 8
41 585 13
41 442 15
41 813 10
41 737 10
42 655 14
42 243 12
42 941 7
42 53 11
42 657 10
43 933 7
43 172 13
43 874 12
43 445 11
43 421 11
43 526 13
44 420 8
44 194 12
44 563 10
44 52 9
44 841 11
44 809 10
44 764 14
45 270 12
45 707 13
45 373 15
45 843 13
15 46 9
46 602 9
46 286 11
46 568 13
46 67 8
47 912 8
47 533 11
47 356 11
47 908 7
47 718 10
47 243 12
48 165 11
6 48 12
48 172 11
48 409 10
48 999 9
49 493 10
49 673 11
49 452 9
49 828 10
49 594 13
50 68 12
50 655 12
50 221 8
50 572 10
51 349 12
51 937 14
51 652 12
51 989 8
17 51 7
52 763 9
52 66 12
52 254 11
52 634 12
52 597 9
52 198 9
1 53 8
53 157 10
53 471 13
53 934 14
53 580 7
53 969 11
54 868 11
54 876 10
54 829 14
54 325 10
54 422 9
54 936 10
55 323 8
55 761 11
55 868 11
55 307 12
56 706 12
56 501 8
56 495 12
56 268 11
56 158 13
56 213 10
35 57 11
57 961 10
57 406 7
57 920 14
58 861 13
58 615 10
58 495 10
58 364 9
58 158 9
59 643 9
59 373 9
59 906 11
59 184 9
59 783 7
59 505 11
60 537 9
60 435 9
60 148 14
60 151 10
60 423 10
60 94 8
61 250 8
61 888 10
61 365 9
61 150 11
61 792 11
62 942 14
62 418 11
62 663 11
62 622 9
62 275 12
63 394 10
63 959 9
63 404 8
63 611 10
64 375 7
64 90 9
64 680 8
64 365 12
64 287 12
65 698 11
65 90 13
65 963 7
65 506 10
65 656 7
66 685 11
66 546 10
47 66 9
66 677 10
66 188 9
67 977 12
67 504 9
67 119 7
67 959 6
67 273 8
68 681 12
68 755 11
68 576 10
68 402 10
68 821 12
68 369 13
69 867 11
69 588 7
69 493 12
69 487 14
70 452 11
70 306 7
70 288 9
70 693 10
70 844 12
70 543 11
71 537 8
71 876 11
71 667 10
71 439 11
71 985 12
72 98 11
72 343 11
33 72 8
72 86 5
29 72 10
72 608 14
73 988 11
73 376 11
73 954 9
73 734 11
73 589 11
73 713 10
73 163 7
74 246 11
74 692 11
74 276 10
74 345 10
74 600 6
75 204 13
75 110 10
75 905 13
76 797 11
76 401 12
76 892 13
76 681 16
24 77 11
77 803 14
77 533 10
77 776 8
77 444 10
78 660 7
78 636 9
78 593 8
78 315 11
78 577 12
78 595 9
78 930 12
79 222 11
79 640 12
79 788 13
79 478 11
79 835 12
80 915 7
80 852 12
80 748 12
74 80 11
80 187 10
81 630 10
80 81 9
81 790 7
81 186 8
81 231 11
81 776 9
82 516 10
82 747 13
82 558 9
82 634 9
82 615 12
82 366 12
83 151 12
83 372 7
83 485 9
14 83 12
84 731 9
84 430 9
84 814 11
84 294 9
84 583 11
84 822 10
85 955 7
85 604 12
85 701 12
85 91 10
85 159 9
85 646 12
86 203 10
73 86 8
86 213 12
86 405 10
86 118 12
46 87 11
87 225 10
87 268 10
87 937 11
87 929 12
87 98 8
25 88 12
88 324 12
88 211 9
88 912 11
89 180 12
89 993 9
89 206 11
15 89 11
89 310 8
90 116 11
90 621 11
90 612 9
90 230 13
90 505 11
90 503 9
91 384 9
91 878 7
91 189 9
91 389 10
92 917 12
92 904 12
92 382 13
92 831 14
93 350 12
93 643 11
93 546 10
93 397 9
93 653 12
2 94 10
94 514 13
94 357 12
94 726 8
95 417 8
95 747 10
95 523 10
95 345 9
95 758 14
96 295 11
96 700 8
96 952 11
96 926 8
96 679 11
97 439 12
97 973 13
97 127 12
41 97 10
57 97 10
97 534 14
15 98 10
98 521 12
98 130 7
98 292 11
98 930 9
99 859 12
99 631 10
82 99 12
99 424 8
1 99 10
99 383 8
100 204 12
100 220 11
100 295 8
100 707 12
62 101 9
101 544 11
101 174 15
101 227 12
102 122 10
102 823 12
102 716 10
102 905 13
102 624 11
102 853 9
102 619 14
103 501 8
103 973 11
103 764 13
103 320 9
103 970 13
103 734 10
104 987 9
50 104 11
104 957 9
4 104 14
104 341 10
105 575 14
44 105 9
105 237 9
105 509 12
105 786 10
97 106 8
106 907 7
106 583 11
106 341 8
106 185 11
107 358 10
107 796 13
107 807 12
107 389 9
107 894 11
108 731 10
108 601 13
108 141 9
108 679 12
108 307 12
109 279 10
109 785 11
2 109 11
109 246 8
109 829 10
110 621 11
56 110 9
110 531 9
110 341 12
110 262 11
111 473 13
111 222 11
111 840 12
111 784 12
111 345 12
34 111 11
112 211 10
112 274 12
112 276 13
112 426 11
112 839 11
113 581 10
96 113 13
113 782 11
113 377 10
113 163 12
114 181 13
114 680 12
114 635 10
114 242 12
114 919 9
114 690 10
115 539 12
115 782 10
115 447 11
115 357 12
116 433 6
116 124 14
116 316 9
116 426 14
116 941 12
37 116 11
116 734 14
92 117 8
117 367 10
117 745 9
117 910 10
117 869 11
117 919 7
117 279 11
118 201 11
118 653 13
118 247 10
118 225 12
118 848 7
118 627 14
118 718 12
119 985 8
119 358 13
120 753 9
120 242 9
120 981 8
120 182 10
120 417 7
120 258 14
105 121 8
87 121 10
121 372 8
116 121 10
122 690 10
122 280 12
122 939 14
122 700 9
122 709 9
123 233 13
123 701 13
32 123 11
123 478 9
123 448 11
124 615 7
124 650 9
124 550 14
124 323 13
124 557 10
125 750 8
23 125 5
125 565 11
125 584 14
125 951 11
126 884 11
126 845 11
87 126 13
126 463 10
126 428 12
127 905 10
69 127 11
116 127 9
127 767 13
127 665 9
127 763 12
128 207 6
128 652 9
51 128 7
128 517 12
128 214 14
129 629 11
129 524 10
129 898 10
129 257 10
129 346 12
130 404 8
40 130 12
130 721 14
130 577 13
130 341 10
131 548 13
131 463 11
131 792 11
131 877 8
131 916 11
131 197 11
132 848 9
132 670 10
132 192 10
132 962 8
132 179 12
133 142 12
33 133 11
133 680 10
133 468 14
133 138 11
21 133 11
134 273 11
134 542 11
134 819 9
134 808 7
135 861 10
135 989 11
135 605 12
78 135 9
135 548 8
136 658 15
136 345 9
136 546 11
136 654 10
136 192 8
137 611 7
137 304 14
88 137 10
137 384 10
34 137 8
138 847 10
138 293 9
138 438 13
139 378 3
139 358 7
139 690 12
139 592 10
139 755 11
139 180 11
140 868 10
140 428 9
140 509 11
140 369 8
140 297 12
140 642 9
141 567 14
141 571 11
141 175 8
65 141 11
142 805 11
142 269 8
142 654 9
142 885 11
142 852 10
143 159 12
38 143 10
143 749 15
87 143 9
113 143 11
144 241 9
144 247 11
144 159 10
144 520 13
7 144 12
27 145 11
145 605 8
145 537 12
145 959 10
145 737 9
146 348 11
146 655 8
146 877 13
147 683 12
147 656 8
147 842 11
147 942 10
148 253 9
148 687 7
148 969 8
148 469 8
148 618 12
18 149 11
84 149 9
149 827 10
149 201 14
149 235 15
150 579 11
150 388 11
116 150 10
150 468 9
16 151 13
151 435 9
151 495 12
151 400 11
152 901 9
152 859 9
152 831 12
23 152 8
153 523 9
153 836 10
58 153 10
153 608 10
153 926 9
154 380 8
154 740 12
154 875 9
33 154 12
154 522 9
155 643 13
155 290 11
155 405 9
70 155 13
155 540 10
155 276 11
109 156 10
156 345 12
91 156 11
156 808 9
156 255 12
157 645 10
157 594 14
157 921 11
157 846 12
157 664 8
158 871 10
158 448 12
158 525 10
158 655 12
158 446 11
159 601 11
159 396 11
159 752 11
159 299 13
159 965 10
159 296 9
160 615 11
160 368 9
160 636 12
160 508 10
161 252 12
161 565 9
161 588 11
161 831 14
161 736 9
162 440 7
162 909 13
162 248 15
162 548 10
162 531 11
162 315 13
162 168 10
163 597 12
163 660 11
163 866 12
22 163 11
163 568 14
163 635 13
164 983 10
44 164 10
164 443 12
165 640 10
165 257 11
165 757 9
54 166 11
166 951 10
166 789 5
166 985 10
166 969 9
32 166 12
167 648 13
62 167 10
167 862 7
167 244 10
167 466 13
168 520 8
168 390 9
168 507 14
127 169 8
30 169 10
31 169 12
169 640 10
169 279 8
170 760 10
170 327 12
67 170 13
170 317 10
171 955 10
171 320 7
5 171 13
171 667 14
98 171 7
171 218 11
172 842 10
172 553 13
172 204 11
172 485 12
172 336 10
173 718 9
173 378 9
173 466 11
173 187 11
86 174 8
174 756 13
174 231 10
174 835 13
174 513 15
175 748 14
175 293 13
175 387 10
167 175 13
175 553 10
175 183 8
175 741 11
176 441 11
34 176 9
149 176 10
176 833 11
176 406 9
176 531 12
168 177 9
177 646 9
177 708 13
177 487 13
177 385 13
178 197 9
178 268 11
178 628 12
178 327 11
179 509 11
108 179 11
179 726 7
179 681 9
179 791 10
179 994 14
180 379 12
180 311 8
123 180 12
180 555 10
180 376 10
133 181 9
181 462 13
65 181 8
47 181 10
182 480 6
103 182 13
182 375 13
4 182 9
182 659 9
183 863 12
183 532 9
183 226 8
183 551 12
183 388 12
184 951 8
184 720 8
184 643 14
184 558 9
184 592 8
184 620 13
185 995 9
128 185 13
186 819 16
186 402 11
186 345 9
187 748 11
187 579 13
187 937 8
187 605 9
187 582 12
84 187 11
36 188 13
135 188 9
188 697 10
188 486 10
188 830 10
188 666 12
188 992 11
189 405 12
189 362 11
79 189 11
189 531 9
189 779 12
189 998 12
190 886 10
190 999 13
190 265 10
94 190 12
190 716 15
191 579 11
191 383 12
191 240 10
191 643 11
191 549 11
191 530 9
192 841 13
192 464 13
192 847 7
192 930 16
192 305 6
193 492 11
193 965 9
193 309 14
62 193 11
166 194 11
194 859 9
194 338 12
194 557 11
45 194 10
141 195 9
195 945 11
195 564 11
195 535 15
195 291 11
196 813 10
196 678 8
196 966 7
196 610 12
196 499 11
197 649 13
197 429 11
197 821 11
197 253 10
197 564 12
116 197 13
198 862 9
198 962 10
40 198 13
2 198 15
198 445 10
92 198 7
199 804 10
199 403 8
199 589 12
199 725 11
114 199 11
199 262 12
199 849 15
200 746 8
200 571 14
167 200 10
200 283 12
200 422 10
200 377 6
201 315 8
201 861 12
201 360 10
202 529 10
202 607 11
202 844 14
202 646 9
202 268 9
202 480 13
203 244 11
203 718 9
203 432 16
203 573 10
200 204 10
72 204 11
115 204 13
204 440 8
204 733 12
204 244 9
205 825 10
205 844 11
205 679 11
171 205 11
206 334 11
33 206 7
206 440 9
206 796 11
206 865 10
12 206 9
47 207 11
100 207 9
207 847 10
208 316 15
208 853 6
208 257 7
45 208 11
209 993 8
53 209 15
209 312 9
209 276 11
209 665 11
210 587 14
210 753 10
19 210 13
210 229 8
210 932 11
211 763 9
211 716 10
191 211 9
211 246 9
21 211 10
126 212 13
212 350 14
46 212 9
155 213 12
213 751 9
213 944 10
213 366 13
213 814 8
213 727 13
202 214 10
37 214 8
214 939 9
214 283 12
214 711 13
214 524 9
215 797 10
197 215 9
215 268 13
215 216 11
95 216 13
216 416 8
216 731 10
48 216 7
216 422 10
217 571 9
64 217 11
217 637 11
217 645 12
217 784 11
218 367 10
218 616 13
218 256 10
218 814 9
218 898 9
218 252 12
219 963 14
219 694 12
21 219 11
219 304 7
219 982 8
96 220 10
220 648 8
125 220 10
220 324 8
221 951 8
221 507 12
221 732 9
221 233 7
221 974 11
221 950 9
222 654 11
222 456 15
222 477 8
222 326 11
222 485 10
222 566 8
152 223 9
47 223 12
223 801 6
224 403 9
178 224 9
183 224 13
224 929 9
224 541 9
224 563 11
225 387 9
225 898 8
225 987 13
226 436 9
226 433 13
226 691 12
226 893 12
226 245 8
226 493 10
111 227 14
227 899 12
49 227 12
227 583 13
227 268 9
228 573 15
228 374 11
87 228 14
228 802 17
228 923 12
228 453 15
171 228 9
229 716 12
143 229 11
51 229 10
229 487 11
230 999 9
230 574 11
178 230 12
230 641 10
230 338 12
231 498 7
231 705 10
231 749 7
38 231 12
232 781 10
232 954 9
232 655 10
232 276 11
232 919 9
233 402 10
233 580 12
233 243 8
233 791 12
233 371 9
10 234 10
113 234 15
234 286 6
64 234 11
235 576 7
235 526 10
235 925 12
164 235 10
236 919 9
236 739 7
146 236 10
236 632 9
115 237 13
237 279 13
237 464 12
237 631 12
79 238 10
238 649 9
238 295 9
238 732 12
239 694 14
239 457 10
216 239 12
240 401 13
170 240 12
240 363 11
240 995 11
240 719 8
241 892 11
241 473 9
241 553 10
241 440 11
242 840 6
242 659 5
242 736 5
144 242 9
242 361 10
122 242 10
243 872 14
243 621 10
243 667 12
243 494 8
243 315 10
244 325 11
244 946 12
244 481 11
148 244 8
245 927 9
245 715 8
245 400 10
245 592 11
245 296 10
245 642 7
199 246 7
246 387 11
246 804 12
246 398 11
246 862 13
247 741 10
247 389 9
247 314 7
247 467 10
152 247 11
248 540 9
248 856 12
139 248 7
132 248 11
248 488 13
191 248 7
249 843 11
249 287 11
68 249 11
249 503 9
249 869 9
249 829 9
250 282 12
250 637 9
250 399 10
250 811 11
251 379 9
18 251 13
96 251 10
251 876 11
235 251 9
252 748 13
252 930 11
252 871 10
252 677 7
252 321 11
131 252 11
253 525 11
253 667 10
215 253 14
253 321 10
253 451 11
254 479 7
254 358 10
254 730 14
254 679 5
63 255 9
125 255 8
97 255 7
255 422 8
255 684 11
255 329 12
256 676 10
74 256 11
256 437 12
89 256 12
257 592 11
257 743 9
257 882 7
257 792 9
257 875 9
257 449 11
115 258 11
258 833 10
258 476 13
258 619 9
258 453 8
259 543 11
259 349 12
259 421 10
259 972 11
259 742 6
259 413 12
260 973 13
154 260 9
211 260 9
251 260 11
260 592 11
260 776 8
191 261 11
261 447 9
261 880 10
261 384 10
261 375 11
262 547 10
182 262 9
262 440 10
262 991 12
262 940 7
262 711 10
263 595 15
263 772 13
264 907 13
264 978 13
264 854 12
264 586 12
265 888 9
265 923 12
110 265 12
265 294 9
265 988 9
266 290 12
266 335 11
31 266 12
140 266 11
266 403 11
267 596 11
182 267 8
267 649 14
267 590 8
267 744 10
267 926 10
268 848 9
197 268 8
177 268 12
268 282 8
223 268 12
268 519 8
124 269 9
269 755 6
269 532 9
269 942 11
269 405 10
269 914 9
270 589 13
0 270 8
38 270 11
270 395 10
270 702 8
271 308 11
271 537 12
173 271 11
271 675 9
172 271 14
33 272 11
272 376 13
272 330 10
272 552 12
272 608 13
272 677 9
273 421 12
273 693 9
273 948 12
273 839 10
273 513 10
274 758 9
274 621 10
274 906 12
275 333 13
275 841 12
275 491 11
276 991 9
276 840 9
276 841 8
276 679 12
239 276 10
276 468 6
277 665 13
191 277 9
277 982 7
277 932 9
225 278 15
278 936 12
278 488 12
202 278 12
279 503 9
4 279 12
279 932 6
171 279 8
75 280 7
16 280 11
280 816 8
280 316 7
280 558 10
281 386 11
80 281 10
63 281 11
282 801 13
282 857 12
282 743 11
49 283 11
283 376 10
283 446 11
283 866 11
283 690 12
284 882 11
82 284 11
191 284 11
284 820 13
284 739 14
259 284 10
285 797 10
285 468 10
203 285 8
285 453 8
285 676 8
286 939 14
149 286 12
286 699 11
90 286 14
287 949 9
287 478 10
287 635 13
287 985 12
288 650 12
288 409 10
288 583 8
288 510 9
288 844 12
196 288 10
289 425 10
14 289 13
139 289 9
289 931 10
105 289 13
290 414 3
290 410 12
290 355 12
291 919 14
291 476 15
291 434 11
159 291 8
291 593 10
63 292 12
178 292 11
292 640 12
292 731 9
239 293 12
293 980 9
293 698 13
293 422 14
180 293 12
293 671 10
211 294 8
294 708 9
294 623 12
131 294 13
295 305 8
295 564 13
295 902 9
295 879 9
296 710 12
296 972 13
128 296 12
296 688 15
296 523 9
296 303 12
297 662 14
236 297 11
297 520 14
297 915 9
297 807 9
298 752 9
298 852 11
298 381 13
298 806 10
298 361 10
299 465 12
299 666 11
299 645 11
299 823 11
299 314 12
299 741 9
300 342 9
24 300 10
290 300 11
300 858 9
300 639 10
300 778 11
301 918 8
154 301 11
301 730 12
301 934 6
71 301 8
302 671 10
151 302 10
181 302 10
302 628 11
215 303 9
303 655 12
303 670 10
129 303 11
303 952 11
231 303 10
304 538 11
304 937 11
304 969 11
294 304 12
304 795 8
305 607 8
305 614 9
305 605 10
305 823 10
305 829 11
306 540 10
190 306 15
225 306 9
306 810 13
306 363 10
307 834 7
307 946 9
150 307 9
278 307 11
307 687 12
307 714 14
308 554 11
134 308 9
308 637 10
308 710 7
308 858 9
309 594 12
309 938 8
309 604 10
309 375 7
267 309 8
309 878 8
310 539 11
310 959 8
250 310 10
310 793 14
311 907 12
311 782 10
50 311 10
311 322 10
93 311 9
312 391 9
78 312 11
312 620 11
312 814 10
312 600 14
313 463 13
313 602 12
313 904 8
313 673 12
313 847 12
314 343 7
134 314 10
314 775 9
314 773 13
314 406 14
138 314 7
315 350 8
287 315 8
315 999 7
234 315 11
159 315 9
316 642 14
316 782 10
316 652 11
316 505 11
316 446 8
316 843 13
317 923 8
317 875 9
317 656 9
317 582 9
317 486 8
236 317 13
317 786 8
318 366 10
3 318 13
318 407 11
318 646 11
280 319 10
319 997 10
319 967 9
0 319 11
319 589 11
320 528 12
320 684 12
320 753 7
320 808 14
320 511 14
172 321 9
321 401 9
267 321 11
290 321 10
321 595 13
322 856 10
322 892 10
322 629 11
322 739 13
249 322 10
322 548 12
323 773 13
323 631 11
323 966 12
323 724 6
323 486 10
323 913 12
324 941 9
324 779 9
324 470 11
324 745 10
324 777 11
325 530 12
168 325 10
325 889 12
325 517 14
325 720 12
280 326 14
326 662 8
326 395 13
326 980 9
327 454 12
254 327 12
327 392 11
327 542 10
128 327 6
327 637 11
327 836 13
328 743 8
328 739 7
6 328 12
302 328 12
184 329 13
67 329 11
329 628 10
329 646 9
330 539 10
119 330 12
6 330 12
330 655 12
67 330 11
331 552 10
331 457 8
331 952 13
331 959 13
331 383 9
332 623 8
287 332 11
332 995 12
332 564 14
332 406 11
333 535 9
97 333 11
333 825 12
204 333 10
333 635 10
290 334 12
334 744 10
334 548 9
123 334 11
77 334 11
335 548 9
335 891 13
335 976 9
113 335 10
163 335 10
336 966 6
336 987 11
336 671 6
336 361 10
161 336 11
337 980 9
303 337 11
101 337 11
125 337 9
337 763 15
338 588 7
338 916 5
338 850 10
338 615 10
338 582 9
339 752 10
339 864 12
339 418 12
339 921 13
340 454 8
84 340 11
340 760 11
340 617 10
340 544 9
135 341 11
341 935 9
105 341 10
341 492 11
274 341 12
324 341 9
143 341 9
136 342 7
342 698 11
342 435 13
226 342 10
343 361 9
49 343 9
343 622 7
44 343 11
343 809 10
344 723 12
344 871 9
85 344 13
344 354 13
344 791 12
283 344 14
79 344 10
345 724 9
345 905 10
345 353 5
345 520 9
346 668 9
203 346 12
346 999 13
226 346 9
347 385 14
21 347 8
347 918 11
347 945 12
347 383 11
347 948 11
210 348 12
62 348 10
151 348 12
348 993 12
348 941 11
348 359 11
159 348 10
4 349 14
333 349 12
349 364 7
232 349 10
349 922 9
350 373 13
350 368 13
350 852 10
176 350 5
255 350 9
351 739 13
351 358 13
208 351 11
122 351 10
12 352 11
16 352 13
104 352 10
32 352 9
352 563 9
181 353 11
316 353 12
284 353 9
176 353 16
271 353 13
353 518 12
354 997 7
354 410 12
354 640 6
354 795 10
354 606 11
86 354 13
354 666 10
164 355 8
315 355 11
355 960 10
192 355 13
356 507 12
356 525 12
356 613 9
57 356 13
289 357 11
357 880 8
357 772 11
357 505 11
357 899 8
176 357 10
358 885 10
358 416 12
358 401 11
358 820 9
358 376 8
358 898 11
359 560 13
359 697 11
359 425 6
359 513 10
359 884 10
360 807 12
360 461 8
360 593 10
360 418 9
361 563 7
361 667 13
152 361 8
362 681 9
164 362 11
362 956 10
260 362 11
362 575 9
362 538 11
362 387 11
363 588 11
363 494 9
363 584 10
324 363 12
363 399 10
364 398 8
364 710 11
364 822 12
364 923 13
364 808 10
364 630 10
221 364 7
27 365 10
365 883 16
365 958 9
365 383 11
365 367 10
365 711 12
366 811 12
127 366 9
174 366 10
366 959 10
366 606 11
367 930 10
367 855 9
367 787 7
163 367 11
368 631 9
368 617 9
368 797 7
368 892 14
369 936 11
262 369 13
117 369 12
96 369 10
369 653 12
369 974 12
319 370 8
370 881 9
370 593 11
370 401 9
370 883 9
230 370 12
136 371 10
371 568 11
371 607 10
371 675 13
173 371 6
351 372 10
198 372 9
372 614 12
372 968 8
372 925 9
372 789 11
373 498 10
340 373 10
373 881 11
274 373 10
373 996 12
374 655 9
349 374 8
374 394 12
374 638 10
374 475 10
375 798 9
57 375 8
375 960 13
375 748 12
340 375 13
376 930 10
376 920 11
376 752 8
165 376 10
335 376 9
376 926 9
205 377 12
35 377 10
377 873 12
316 377 10
377 666 10
115 378 10
378 946 11
378 513 11
378 772 10
378 840 10
379 446 13
239 379 8
14 379 9
379 747 9
39 379 15
380 732 12
380 856 8
275 380 11
146 380 12
325 381 12
201 381 10
381 763 9
135 381 13
381 494 11
370 382 10
382 614 11
382 528 11
226 382 11
382 476 14
330 383 14
273 383 9
383 654 10
383 612 11
384 493 11
384 539 10
384 943 13
384 916 13
385 474 10
111 385 12
385 428 11
386 631 8
386 442 11
386 705 9
337 386 13
386 696 10
225 386 9
344 387 10
387 924 5
387 552 9
387 626 10
304 388 10
388 880 10
388 902 13
388 507 12
133 388 14
13 389 7
264 389 13
389 895 14
389 768 8
389 728 11
389 763 11
48 390 14
230 390 7
390 719 11
390 795 12
20 390 13
391 814 11
391 916 10
391 484 8
46 391 13
391 630 5
358 392 8
159 392 12
392 680 10
348 392 9
384 392 12
393 838 11
393 396 9
393 844 11
386 393 10
394 925 7
394 850 7
335 394 10
394 528 11
27 394 15
394 804 10
53 395 14
29 395 16
395 598 9
63 395 11
395 462 11
396 795 8
396 627 8
396 897 11
68 396 13
396 748 7
397 508 13
397 466 8
245 397 13
397 567 10
397 890 11
322 397 10
398 588 8
398 410 10
367 398 12
28 398 9
399 414 14
399 461 9
399 545 13
399 945 10
399 854 12
399 577 12
400 746 11
175 400 9
16 400 13
400 756 10
138 401 13
401 904 10
4 401 9
401 404 11
25 401 12
402 669 11
241 402 10
213 402 9
402 817 12
106 402 11
402 826 8
121 403 9
403 580 11
329 403 10
403 574 6
403 514 13
404 592 9
259 404 9
235 404 10
75 404 7
404 617 12
405 871 9
123 405 9
312 405 12
72 405 11
51 405 11
406 794 13
292 406 11
406 999 10
131 406 9
407 590 9
99 407 13
216 407 12
95 407 10
93 408 12
151 408 10
408 573 12
408 566 15
337 408 9
364 409 12
238 409 10
409 492 9
107 409 9
410 899 11
410 447 9
410 415 14
410 589 8
411 929 8
411 769 11
240 411 9
411 469 12
323 412 11
412 575 11
321 412 12
348 412 14
412 546 10
413 993 13
413 478 11
49 413 4
196 413 12
134 414 11
414 569 5
376 414 9
414 650 12
169 414 12
415 973 11
375 415 12
415 473 7
158 415 11
416 754 10
416 717 10
129 416 6
245 416 11
416 531 14
416 816 12
417 812 10
29 417 14
417 430 11
417 956 11
417 986 10
417 830 14
418 522 11
418 729 11
418 456 17
52 418 12
418 687 10
418 461 11
419 470 14
419 542 9
209 419 11
419 594 10
77 419 12
402 419 12
419 499 11
147 420 10
420 889 10
420 680 12
420 792 10
255 420 13
421 820 12
421 717 14
421 888 9
422 459 9
422 824 14
422 510 12
422 587 14
422 728 6
64 422 8
156 422 11
423 810 10
423 613 11
423 813 11
384 423 10
423 528 10
56 423 11
424 796 10
424 821 11
295 424 9
424 600 11
424 503 12
424 797 10
425 740 10
425 959 9
425 855 6
425 575 11
265 426 13
426 994 8
300 426 12
332 426 9
308 426 9
426 603 11
427 933 13
427 650 13
427 879 12
427 457 10
427 842 12
428 813 15
347 428 9
278 428 13
346 428 9
68 428 9
428 931 10
429 943 10
253 429 14
72 429 10
429 605 9
113 430 9
430 967 11
430 571 9
430 662 10
430 924 15
431 770 11
431 472 12
431 913 11
431 626 10
431 908 15
314 432 11
432 856 10
432 525 9
72 432 9
432 765 11
433 617 8
304 433 11
433 596 9
433 763 10
129 433 9
434 559 15
434 589 9
56 434 13
434 908 8
434 958 13
52 435 12
435 480 12
199 435 12
435 492 12
307 436 11
336 436 13
436 962 13
436 937 13
301 437 10
437 955 11
437 950 10
437 469 12
437 864 12
298 437 12
265 438 10
153 438 16
438 476 10
241 438 12
438 514 11
337 438 10
301 439 7
439 456 9
439 675 13
439 543 13
439 681 13
440 728 13
409 440 9
238 440 10
440 538 8
441 865 9
269 441 9
441 640 12
421 441 9
441 580 11
252 442 7
442 738 13
303 442 11
442 729 9
155 442 10
443 680 8
443 757 10
151 443 8
109 443 13
177 444 13
213 444 12
140 445 11
445 703 11
445 514 12
445 967 8
446 955 14
134 446 13
32 446 12
446 821 16
446 503 13
338 447 10
268 447 8
416 447 8
448 985 13
448 456 11
173 448 7
388 448 12
448 552 11
320 449 13
449 659 10
449 614 8
11 449 12
449 626 11
450 909 13
450 960 13
191 450 7
450 939 12
450 537 11
47 451 13
451 836 11
148 451 11
452 728 9
452 926 8
452 528 11
452 652 13
376 452 10
378 452 14
453 880 10
453 742 11
453 532 11
453 796 12
453 506 13
209 453 8
410 454 11
107 454 8
454 947 13
454 771 10
455 991 9
455 464 11
455 979 9
427 455 8
456 577 14
456 798 10
456 604 9
273 456 7
456 934 11
457 542 9
152 457 9
91 457 11
457 697 11
457 906 9
458 936 8
458 687 12
298 458 11
458 535 7
349 459 12
331 459 12
218 459 9
459 935 9
459 722 12
253 460 9
460 954 10
105 460 11
452 460 13
460 772 9
461 861 9
461 932 6
461 922 14
223 461 7
461 536 8
208 462 12
205 462 13
462 473 12
462 688 10
153 462 11
462 728 11
463 472 8
463 769 11
463 807 11
194 463 10
67 463 11
287 464 10
464 533 13
47 464 14
269 465 9
465 538 9
232 465 10
465 670 9
465 728 10
465 942 13
465 676 15
464 466 12
318 466 13
466 937 13
466 511 9
466 768 10
467 499 9
467 662 14
418 467 9
170 467 13
467 726 10
51 467 11
250 468 8
468 611 11
305 469 10
469 759 14
367 469 11
469 626 10
37 469 8
462 470 12
470 904 10
470 804 8
470 559 9
471 783 9
471 486 11
23 471 10
471 860 12
471 555 11
414 472 9
381 472 12
472 941 12
256 472 8
408 473 11
473 540 14
473 811 12
79 473 8
394 473 15
474 978 10
72 474 8
474 944 10
474 940 9
474 706 14
475 752 13
475 903 9
475 993 10
475 632 10
121 476 12
476 522 15
476 825 13
160 476 10
476 599 4
182 476 8
425 477 13
477 756 14
76 477 12
477 509 10
289 477 10
399 477 10
257 478 10
319 478 10
239 478 3
478 739 9
478 976 15
478 604 10
479 668 9
479 752 13
131 479 13
479 487 13
241 480 11
480 573 10
92 480 9
480 710 11
418 480 11
384 480 14
302 480 6
228 480 11
452 481 9
481 741 14
481 520 7
297 481 9
240 482 8
482 809 13
482 984 12
482 738 13
483 825 8
483 801 13
483 558 7
120 483 12
483 626 8
483 912 12
483 803 11
229 484 13
151 484 13
369 484 10
24 484 8
431 484 8
310 484 11
78 484 7
215 484 9
291 485 12
485 977 9
485 797 14
423 485 12
280 485 13
485 632 8
336 486 10
277 486 12
486 706 7
486 568 9
486 726 12
42 486 9
251 487 12
230 487 10
487 658 7
487 790 12
448 488 12
488 506 11
119 488 10
332 488 11
478 488 10
343 489 11
422 489 10
134 489 12
490 565 11
490 749 11
490 712 11
458 490 12
490 795 12
323 491 9
145 491 13
491 815 12
289 491 11
491 742 8
492 597 10
492 805 8
14 492 11
136 492 16
492 588 11
492 834 14
493 699 8
493 529 12
211 493 11
439 493 4
360 493 10
38 493 10
494 519 8
494 515 8
485 494 13
351 494 11
224 494 11
494 709 8
233 495 10
495 582 7
495 783 10
268 495 13
496 826 9
496 746 5
496 967 9
160 496 11
154 496 8
497 965 11
497 696 12
251 497 11
429 497 13
498 872 9
498 691 11
463 498 11
498 993 10
498 830 9
498 944 9
170 499 6
499 631 13
499 970 12
499 844 11
208 499 12
13 500 13
305 500 8
45 500 11
500 871 8
436 501 14
501 933 12
501 985 6
10 501 10
501 949 10
472 501 11
501 700 10
268 502 11
502 875 12
339 502 14
428 502 10
392 503 13
503 583 10
20 503 10
503 633 6
222 504 9
504 827 12
504 667 10
504 572 9
38 504 15
88 505 10
505 818 9
505 530 10
505 960 9
505 922 10
159 506 12
187 506 10
251 506 7
506 653 11
9 507 7
507 751 10
281 507 9
507 777 7
470 507 13
508 762 9
508 820 13
508 723 12
369 508 9
509 577 9
197 509 11
509 725 11
241 509 10
107 509 14
125 510 10
510 706 11
171 510 10
510 792 9
266 510 12
225 511 10
344 511 11
375 511 12
511 582 11
15 511 8
253 512 11
6 512 11
512 812 8
429 512 10
26 512 12
383 513 11
513 810 11
130 513 9
16 513 12
513 543 10
514 928 7
288 514 11
107 514 9
280 514 12
368 514 12
514 895 13
515 737 12
175 515 13
74 515 11
515 768 10
37 516 10
149 516 9
200 516 11
516 762 8
516 913 10
289 516 8
516 811 10
517 765 11
117 517 11
472 517 10
517 754 13
152 517 10
517 689 9
518 938 10
404 518 8
497 518 12
518 710 13
383 518 10
229 518 11
376 518 9
108 519 13
262 519 9
519 580 12
419 519 10
519 856 9
519 977 7
520 854 11
13 520 11
221 520 11
520 982 7
520 563 13
449 521 10
521 686 14
521 821 11
46 521 12
521 933 11
73 521 8
522 825 15
522 732 11
522 828 12
264 522 9
279 522 10
523 758 13
523 852 11
523 731 10
312 523 11
162 523 11
208 523 10
247 523 11
524 601 11
309 524 10
318 524 6
300 524 8
442 525 12
315 525 10
406 525 12
280 525 10
43 525 10
526 656 13
526 666 10
453 526 11
242 526 11
526 889 11
351 526 10
68 527 14
41 527 12
128 527 15
527 885 14
528 665 12
145 528 11
528 845 8
201 528 9
453 528 6
348 528 10
44 529 10
529 991 10
529 683 8
325 529 10
484 529 11
530 714 9
76 530 10
530 695 10
509 530 8
65 530 12
531 613 7
159 531 11
13 531 16
506 531 12
531 967 12
531 614 13
67 532 9
185 532 10
532 778 9
532 664 10
163 532 9
533 952 13
533 835 11
486 533 4
533 568 9
533 909 14
463 533 9
533 788 9
467 534 11
72 534 10
534 812 14
534 637 10
535 701 13
535 733 15
535 814 12
297 535 9
535 571 10
408 536 12
515 536 10
78 536 12
536 880 13
516 536 8
536 637 13
537 633 12
290 537 6
526 537 14
231 537 11
436 538 13
190 538 8
292 538 8
257 539 11
539 732 7
539 698 12
296 539 12
539 610 7
251 539 11
348 540 12
540 767 11
541 834 11
302 541 13
189 541 10
541 909 8
542 941 10
542 563 11
447 542 11
225 542 11
289 542 9
269 543 10
407 543 11
543 653 7
136 543 12
543 652 12
544 972 10
544 754 11
398 544 9
544 654 10
544 777 11
544 868 12
291 545 8
545 671 13
99 545 13
38 545 8
152 546 11
362 546 10
143 546 8
546 559 12
546 913 11
300 547 10
258 547 10
452 547 10
147 547 8
73 547 10
438 547 11
548 691 11
548 636 13
548 640 11
223 548 8
215 548 9
392 549 12
244 549 9
549 806 15
549 838 10
549 960 14
549 559 11
236 549 10
550 656 14
179 550 11
509 550 14
550 559 9
550 699 10
546 551 11
435 551 12
551 872 12
144 551 10
551 941 8
551 924 11
345 552 11
89 552 10
326 552 12
552 622 10
85 552 9
270 553 10
553 806 9
177 553 12
553 735 11
5 554 10
554 584 9
165 554 10
96 554 11
226 554 10
273 554 10
555 631 13
257 555 10
511 555 8
555 779 11
494 555 11
556 891 9
556 958 7
117 556 13
556 945 13
557 996 11
47 557 8
229 557 10
557 641 11
408 557 8
557 739 11
558 911 7
546 558 14
558 677 14
152 558 9
158 558 10
558 709 9
166 559 12
88 559 8
559 969 14
51 559 10
48 559 15
559 795 10
460 560 9
438 560 8
311 560 14
560 949 8
560 661 10
560 583 10
233 560 13
37 561 12
561 680 11
561 885 12
561 971 13
26 561 12
562 978 10
431 562 10
551 562 13
148 562 11
562 697 11
373 563 11
328 563 13
563 667 11
563 750 10
90 563 8
158 563 9
564 695 8
427 564 12
116 564 16
300 564 12
188 565 9
91 565 11
140 565 13
162 565 9
489 565 11
48 565 9
190 566 9
538 566 13
482 566 9
566 678 10
110 567 8
36 567 12
567 948 11
517 567 6
567 780 12
568 785 11
281 568 14
388 568 11
408 568 13
568 930 8
568 932 10
568 569 9
112 569 11
179 569 9
569 946 8
570 589 11
514 570 10
570 922 12
570 649 10
570 836 12
570 844 9
259 571 12
571 938 13
370 571 9
177 571 12
279 571 7
572 821 11
572 648 16
572 734 10
572 960 8
572 645 11
103 573 11
62 573 7
53 573 7
484 573 11
573 945 8
470 574 12
574 905 11
341 574 11
192 574 12
241 574 12
223 575 12
489 575 9
122 575 8
408 575 11
576 868 11
436 576 13
562 576 10
576 589 10
520 577 12
506 577 14
145 577 14
577 833 11
578 810 13
578 586 7
472 578 9
579 794 10
192 579 10
163 579 13
277 579 10
579 638 9
579 691 11
580 800 9
51 580 9
580 640 11
580 627 12
88 581 11
387 581 9
299 581 9
147 581 7
582 867 8
238 582 13
381 582 13
582 586 7
439 582 15
500 582 10
440 583 12
583 898 14
583 737 11
433 583 9
171 583 12
284 583 11
210 584 11
140 584 14
117 584 13
478 584 10
584 691 10
429 584 12
54 585 8
585 748 8
585 598 10
585 817 10
398 586 12
21 586 16
414 586 9
253 586 10
434 586 10
199 586 7
440 587 11
587 894 12
273 587 8
347 587 13
588 799 9
361 588 10
559 588 12
238 588 10
456 589 10
368 589 9
589 850 11
540 589 10
590 653 10
569 590 8
184 590 12
590 660 12
590 798 11
590 895 10
591 941 11
591 936 11
107 591 11
506 591 8
353 591 7
16 592 14
309 592 8
592 945 9
592 651 9
259 592 9
592 593 8
433 593 12
593 614 12
593 664 6
594 932 12
594 660 13
440 594 11
314 594 14
430 595 9
595 953 13
363 595 11
595 841 12
255 595 11
532 596 13
477 596 10
83 596 8
393 596 8
176 597 11
597 609 11
597 717 11
351 597 8
598 845 11
598 896 10
598 996 11
598 924 12
470 599 11
147 599 11
138 599 13
134 599 9
599 847 11
530 600 9
362 600 9
600 696 10
600 650 13
97 601 10
601 681 13
294 601 8
601 997 10
601 711 11
492 602 10
518 602 13
388 602 11
602 807 10
551 603 11
603 954 7
603 837 11
498 603 16
170 604 8
473 604 9
604 752 11
555 604 11
510 604 10
604 974 9
605 997 11
535 605 8
303 605 12
605 799 9
605 936 9
226 605 7
606 952 8
606 790 12
344 606 10
251 606 5
606 718 8
607 988 6
530 607 15
607 712 12
356 607 9
607 655 9
159 607 11
608 880 8
608 863 12
608 748 12
608 798 13
471 609 12
44 609 10
116 609 14
499 609 11
316 610 14
447 610 9
261 610 11
134 610 8
310 610 12
610 921 11
610 758 9
611 751 12
136 611 15
248 611 9
611 715 9
15 612 9
572 612 10
186 612 11
612 873 9
612 770 12
393 613 12
11 613 10
599 613 10
36 613 13
483 614 13
614 695 11
614 624 12
614 774 10
614 631 12
255 614 6
453 615 6
615 887 9
615 703 11
205 615 13
615 785 10
90 616 11
327 616 10
464 616 12
617 967 8
185 617 9
589 617 11
617 867 11
617 885 10
234 617 9
490 617 8
546 618 11
308 618 7
88 618 8
618 820 9
618 990 10
405 619 13
473 619 10
568 619 10
25 619 10
111 620 8
417 620 11
438 620 12
436 621 7
576 621 13
621 861 9
211 621 14
4 621 12
59 622 14
144 622 13
622 693 11
112 622 11
143 622 10
217 622 12
323 623 11
464 623 13
143 623 10
623 858 9
568 624 11
624 723 13
392 624 8
624 651 10
266 624 9
350 625 9
469 625 10
172 625 9
466 625 9
86 625 9
574 626 8
626 825 11
626 673 13
626 976 10
558 627 11
624 627 9
627 871 10
437 627 11
47 627 11
574 627 14
124 627 10
628 929 10
473 628 13
105 628 10
628 638 9
421 629 10
629 796 9
221 629 13
145 629 12
24 629 10
156 629 10
630 864 11
388 630 12
368 630 9
471 630 12
630 742 8
138 630 8
375 631 10
45 631 11
52 631 13
170 631 12
69 632 9
368 632 10
632 783 11
632 725 13
174 633 12
201 633 11
633 761 10
497 633 10
634 748 12
634 710 8
322 634 7
634 730 8
497 634 8
383 634 14
159 635 9
635 732 12
436 635 10
450 635 12
630 636 13
636 791 10
353 636 11
28 636 12
554 636 9
637 741 13
348 637 8
224 637 10
381 637 11
521 637 10
52 638 8
638 688 10
638 869 10
334 638 12
87 638 13
639 798 12
463 639 11
639 831 16
46 639 11
639 980 11
499 639 10
510 639 9
141 639 11
278 640 12
640 810 14
146 640 15
641 769 15
170 641 12
641 648 9
641 954 10
307 642 10
167 642 11
642 837 11
412 642 7
414 642 12
333 643 12
122 643 9
643 650 11
527 643 10
643 916 8
643 948 8
644 871 10
644 902 9
308 644 16
644 812 9
47 645 10
559 645 8
91 645 10
129 645 12
645 869 9
646 882 13
646 865 11
346 646 14
647 930 15
190 647 11
647 655 8
647 796 7
297 647 10
648 815 15
286 648 8
136 648 8
236 648 8
648 854 8
239 649 12
562 649 12
368 649 8
123 649 6
649 681 12
564 650 10
366 650 11
207 650 10
536 651 10
224 651 10
505 651 10
651 887 6
471 651 13
490 652 8
351 652 5
68 652 11
70 652 13
104 652 10
653 889 11
68 653 10
195 653 12
653 844 12
653 951 7
42 653 13
643 654 14
654 720 11
654 834 9
654 764 10
548 654 7
384 655 13
432 655 8
655 881 8
536 655 9
56 655 12
62 655 15
431 656 9
656 868 10
656 876 10
656 752 7
656 781 8
653 656 11
253 657 11
638 657 10
218 657 8
657 915 8
658 925 10
461 658 11
658 871 13
658 946 9
658 877 9
468 659 10
159 659 9
365 659 12
659 807 13
659 900 11
628 659 8
391 660 8
660 994 8
660 945 13
661 929 13
661 846 10
392 661 7
533 661 10
605 662 10
111 662 10
223 662 8
662 997 7
144 662 12
662 872 11
64 663 10
663 822 11
663 948 9
663 980 10
524 663 11
664 730 8
664 683 10
664 991 11
152 664 8
664 820 11
665 993 13
354 665 8
665 782 9
665 885 10
499 665 10
173 666 10
141 666 6
273 666 7
402 666 9
193 666 7
93 667 11
667 771 13
667 696 13
17 667 8
640 667 11
667 980 12
46 668 10
668 714 11
538 668 9
545 668 11
77 668 6
94 668 10
632 668 9
57 669 11
669 742 9
669 914 9
252 669 10
670 857 8
617 670 9
333 670 10
352 670 11
561 670 12
240 671 10
608 671 9
209 671 9
671 802 8
671 974 9
672 726 9
15 672 9
645 672 10
672 748 8
355 672 13
673 716 9
424 673 15
673 795 14
261 673 8
486 674 12
402 674 11
660 674 12
476 674 10
185 675 9
57 675 11
202 675 14
248 675 12
308 675 11
330 676 8
676 690 9
676 727 14
570 676 11
676 805 10
677 836 10
404 677 9
677 799 11
516 677 8
106 678 10
112 678 11
678 720 13
258 678 9
678 820 10
437 678 10
679 939 10
186 679 14
679 894 9
679 800 13
563 679 7
493 680 8
252 680 11
194 680 12
680 967 9
680 789 10
40 680 10
105 681 12
137 681 9
415 681 11
24 681 9
332 682 10
296 682 7
139 682 16
682 921 12
416 683 11
683 723 8
683 856 8
260 684 8
671 684 10
524 684 12
450 684 8
367 685 13
157 685 12
170 685 8
526 685 10
73 685 10
570 685 12
686 909 12
115 686 12
137 686 11
484 686 12
241 686 11
81 686 10
347 687 11
687 953 10
518 687 10
116 687 9
687 902 11
7 688 9
589 688 11
476 688 10
670 688 7
383 688 11
689 815 9
149 689 10
689 819 12
304 689 11
690 726 11
156 690 10
690 733 11
690 707 9
450 690 10
691 728 8
691 904 11
434 691 12
328 691 8
691 804 11
429 691 11
77 691 11
682 692 12
519 692 9
173 692 10
693 716 13
465 693 10
151 693 13
547 693 9
572 693 11
693 840 14
694 995 11
35 694 9
694 717 10
694 936 10
172 694 8
306 695 10
209 695 13
254 695 11
196 695 12
84 696 12
696 949 13
72 696 8
378 696 11
696 843 14
697 978 7
132 697 10
150 697 12
49 697 11
697 852 10
693 698 12
376 698 11
698 925 9
672 698 9
479 698 10
536 699 8
117 699 12
48 699 14
699 797 6
419 699 10
520 699 6
399 700 10
172 700 10
700 839 12
256 700 15
103 701 11
473 701 11
701 723 11
702 987 10
403 702 8
409 702 11
230 702 13
702 851 8
405 703 13
703 947 12
12 703 8
354 703 14
295 703 11
218 704 6
704 833 14
704 963 13
704 759 10
581 704 10
215 704 10
450 705 13
705 886 10
375 705 9
608 705 11
705 749 12
140 706 12
706 810 9
439 706 11
308 706 12
697 707 9
629 707 9
306 707 10
467 707 10
415 708 10
203 708 10
309 708 10
319 708 11
709 863 10
540 709 10
273 709 10
219 709 8
709 712 11
624 710 10
688 710 11
710 839 17
710 719 10
656 711 11
711 906 9
172 711 13
711 718 13
711 777 12
129 711 8
441 711 11
399 711 10
670 712 10
270 712 8
249 712 7
674 712 11
712 848 9
103 713 10
654 713 9
713 943 6
148 713 12
103 714 9
169 714 8
714 761 9
88 714 14
714 852 7
254 714 9
342 715 8
715 903 8
165 715 13
47 715 13
715 868 9
183 716 11
716 818 10
705 716 8
716 832 10
294 717 11
154 717 10
512 717 9
39 717 11
377 717 13
643 717 9
718 891 12
78 718 12
158 718 11
524 718 11
603 718 12
111 718 14
705 719 13
55 719 12
511 719 10
719 885 9
634 719 10
538 719 11
215 720 5
720 970 10
161 720 11
720 915 8
720 823 13
48 721 8
721 872 8
128 721 10
159 721 13
678 721 11
722 849 10
477 722 10
722 799 10
427 722 11
704 722 12
723 928 12
628 723 11
428 723 12
723 852 13
501 724 10
724 909 11
255 724 11
53 724 10
644 724 12
646 725 9
409 725 7
53 725 14
624 725 10
147 726 12
549 726 10
614 726 12
519 727 13
465 727 10
657 727 12
727 959 12
263 727 13
622 727 11
728 743 14
417 728 13
489 728 14
323 728 7
728 916 9
544 729 10
606 729 12
474 729 12
677 729 16
296 730 13
364 730 9
730 804 11
132 730 12
101 730 11
436 731 11
572 731 9
476 731 15
374 732 9
732 818 10
732 979 10
187 732 11
732 754 13
733 927 5
733 961 13
733 762 11
507 733 14
353 733 13
139 734 10
734 878 11
205 734 8
291 734 9
735 917 13
124 735 9
735 839 10
455 735 10
580 735 10
736 783 11
736 748 10
210 736 12
732 736 10
314 736 8
584 736 8
737 852 14
586 737 12
135 737 15
680 737 9
737 772 11
242 738 10
385 738 10
230 738 14
197 738 11
675 738 10
652 739 10
559 739 9
739 778 9
633 739 11
739 750 13
142 740 8
441 740 8
665 740 12
22 740 11
740 861 11
227 741 12
741 843 10
135 741 11
741 831 10
533 742 13
177 742 15
742 823 9
742 993 9
93 742 10
134 742 9
3 742 11
130 743 11
743 813 11
597 743 13
146 743 11
139 743 9
107 744 11
744 969 6
563 744 11
744 880 10
574 744 10
745 895 10
107 745 12
229 745 9
224 745 11
745 778 8
746 867 6
597 746 11
746 782 8
527 746 12
746 953 8
746 919 10
747 810 13
654 747 12
658 747 10
471 747 11
241 747 11
120 748 12
748 940 10
131 748 9
748 872 11
378 749 11
427 749 7
615 749 8
399 749 7
511 749 10
594 750 8
146 750 10
750 894 9
613 751 12
248 751 9
127 751 10
19 751 8
752 856 11
67 752 7
95 752 10
575 752 13
601 752 5
241 753 7
753 776 14
109 753 12
682 753 14
754 972 12
302 754 12
314 754 13
754 903 12
485 754 10
555 754 9
755 836 12
755 919 13
185 755 12
183 755 11
755 988 6
756 948 10
234 756 7
81 756 8
148 756 10
186 756 9
757 981 11
403 757 9
131 757 10
514 757 9
208 758 9
358 758 11
758 796 10
305 758 13
175 759 13
542 759 11
759 952 11
260 759 11
151 759 16
582 759 12
274 759 9
759 860 12
26 760 12
418 760 12
760 914 10
760 817 9
636 760 9
545 761 11
319 761 12
31 761 11
656 761 10
710 761 10
249 762 14
762 864 8
579 762 9
762 872 8
763 977 14
318 763 13
333 763 10
585 763 11
763 901 13
565 764 6
432 764 11
764 809 8
75 764 10
323 764 11
750 765 9
54 765 10
62 765 9
751 765 10
475 765 9
765 828 13
164 765 12
126 766 10
64 766 12
275 766 6
401 766 9
582 766 10
69 767 10
767 793 10
620 767 11
767 806 11
595 767 11
767 919 11
768 965 9
473 768 11
589 768 10
768 957 12
769 944 9
676 769 9
769 985 11
177 769 10
593 770 10
753 770 9
770 941 11
243 770 10
770 893 11
771 849 10
771 840 11
459 771 9
546 771 9
147 771 10
771 968 13
347 772 9
643 772 10
536 772 9
762 772 10
772 981 13
14 772 12
194 773 8
391 773 9
592 773 11
359 773 14
210 773 13
774 801 11
393 774 12
429 774 10
9 774 12
19 774 11
775 796 9
775 980 10
494 775 13
755 775 13
775 841 11
104 776 10
336 776 11
744 776 11
268 776 11
129 776 9
282 777 11
67 777 8
111 777 8
334 777 9
452 777 12
611 778 11
349 778 9
740 778 9
637 778 10
778 949 10
746 778 10
134 779 12
662 779 10
335 779 13
14 779 10
323 779 7
696 779 10
739 780 9
780 797 8
61 780 11
455 780 6
675 781 13
781 949 10
655 781 11
25 781 14
88 782 10
782 980 10
263 782 9
714 782 10
418 783 10
220 783 11
470 783 12
783 889 11
367 783 10
77 783 9
524 784 8
776 784 9
250 784 9
81 784 7
167 784 10
546 784 8
198 785 13
624 785 11
785 904 9
182 785 15
645 785 9
669 786 11
168 786 13
215 786 10
188 786 9
729 786 11
708 786 8
787 909 11
460 787 11
712 787 11
694 787 11
137 788 10
644 788 6
516 788 12
358 788 13
306 788 12
788 891 10
20 789 9
411 789 8
64 789 9
129 789 7
789 803 12
498 790 9
541 790 11
790 808 11
137 790 9
608 790 8
790 915 12
766 791 8
791 964 8
63 791 11
721 791 10
713 791 11
635 791 10
791 942 8
471 792 10
79 792 11
271 792 11
743 792 8
566 793 11
277 793 14
662 793 9
793 977 11
794 915 12
510 794 9
282 794 7
745 794 10
667 794 12
585 795 10
574 795 13
234 795 11
63 795 12
65 795 14
744 795 13
67 796 17
668 796 9
574 796 12
660 796 8
172 797 11
322 797 11
554 797 8
290 797 8
145 798 8
34 798 10
678 798 11
233 798 10
98 799 11
0 799 11
752 799 9
692 799 11
271 799 9
800 913 9
554 800 12
715 800 11
793 800 10
233 800 10
169 801 14
246 801 8
646 801 10
801 940 7
431 802 11
802 896 10
323 802 11
802 803 13
802 828 10
749 802 7
440 803 7
777 803 13
171 803 11
168 803 11
804 840 11
710 804 10
406 804 11
804 862 11
804 949 12
638 805 10
31 805 11
215 805 10
574 805 9
4 806 12
450 806 10
676 806 9
806 999 9
807 916 7
378 807 9
361 807 9
545 807 8
214 807 9
742 807 9
311 808 10
130 808 10
493 808 12
271 808 7
808 941 14
808 878 12
809 887 13
809 948 10
433 809 14
379 809 11
127 809 8
552 810 10
810 941 10
105 810 8
150 810 13
810 844 10
172 811 10
811 994 10
115 811 9
211 811 10
725 811 11
160 812 11
296 812 7
578 812 9
812 887 10
812 859 11
813 870 12
249 813 10
528 813 12
344 813 11
709 814 11
633 814 9
814 890 13
475 814 14
814 963 11
404 814 11
159 815 7
540 815 13
656 815 10
815 844 14
22 816 8
462 816 13
746 816 11
816 963 9
73 816 10
277 817 9
802 817 11
515 817 12
817 831 8
252 817 12
366 818 11
105 818 9
135 818 13
145 818 14
819 883 11
199 819 11
682 819 9
712 819 15
786 819 10
269 820 7
438 820 12
199 820 12
366 821 13
404 821 10
474 821 10
603 821 14
821 873 12
335 821 9
822 825 12
150 822 12
360 822 12
140 822 8
176 822 11
654 822 11
712 823 5
823 979 11
32 823 4
657 823 8
755 823 12
19 824 12
548 824 13
295 824 11
730 824 10
472 825 11
269 825 11
627 825 12
825 955 9
257 825 6
558 825 9
826 913 8
83 826 11
81 826 8
177 826 10
578 826 10
684 826 14
535 827 14
569 827 11
476 827 15
59 827 12
473 827 14
452 828 11
783 828 6
262 828 13
370 828 10
306 829 14
777 829 10
197 829 10
181 829 9
72 829 10
53 830 9
615 830 11
91 830 12
419 830 11
506 830 15
16 831 12
831 837 11
831 958 11
573 831 10
262 831 10
751 832 9
95 832 11
415 832 11
566 832 8
832 858 8
306 832 13
827 832 7
321 833 9
58 833 12
833 879 10
247 833 9
299 833 10
214 833 14
710 834 9
144 834 14
505 834 12
394 834 9
226 835 8
830 835 14
542 835 11
288 835 9
592 835 8
835 950 11
415 836 10
827 836 8
75 837 11
639 837 7
837 957 11
726 837 10
837 840 14
786 838 11
273 838 10
838 991 12
361 838 11
523 839 10
747 839 8
245 839 10
25 839 13
185 839 12
191 840 10
840 909 10
840 913 11
795 840 10
167 840 12
456 841 11
435 841 9
604 841 9
253 841 10
123 841 11
602 842 13
297 842 9
654 842 8
568 842 6
472 842 13
5 843 13
609 843 12
843 915 10
742 844 14
519 844 11
844 863 11
129 844 9
533 844 10
431 844 10
403 845 8
394 845 12
290 845 11
845 881 11
818 845 7
759 846 12
580 846 9
776 846 11
201 846 15
401 846 11
846 878 11
623 847 8
73 847 10
22 847 10
198 847 10
141 847 12
298 848 9
335 848 13
264 848 9
848 912 11
522 848 11
653 849 9
601 849 14
451 849 10
220 849 12
504 850 11
850 952 6
850 882 10
508 850 12
371 851 13
491 851 11
285 851 14
851 930 12
413 852 12
330 852 13
20 852 9
375 852 9
852 927 12
310 852 13
104 852 14
154 853 11
652 853 11
831 853 11
582 853 10
472 854 10
436 854 10
592 854 9
556 854 13
754 854 8
854 952 11
102 855 10
838 855 9
772 855 14
377 856 12
362 856 13
389 856 10
838 856 8
415 856 14
616 856 12
846 856 10
332 857 13
666 857 14
857 968 13
720 857 7
660 858 11
858 948 11
748 858 7
749 858 9
328 858 13
676 858 9
266 859 11
731 859 11
566 859 11
316 859 10
78 859 11
457 860 11
287 860 9
510 860 10
855 860 8
102 860 10
861 949 14
338 861 10
734 861 11
861 936 12
601 861 8
24 862 9
862 976 13
271 862 9
862 926 8
789 862 14
506 863 11
105 863 13
863 936 13
89 863 9
838 863 10
864 948 11
313 864 9
568 864 14
483 864 9
551 864 10
864 935 7
316 864 10
594 865 10
458 865 14
408 865 8
151 865 9
463 865 9
780 866 10
536 866 11
821 866 8
702 866 10
66 866 9
867 922 7
540 867 11
756 867 10
642 867 11
36 867 10
30 867 6
868 965 11
72 868 9
325 868 13
774 868 12
868 893 8
868 919 6
720 869 14
711 869 10
441 869 12
512 869 11
417 870 8
870 921 10
537 870 7
311 870 8
8 871 9
101 871 13
871 992 13
452 871 8
10 871 11
872 944 11
872 917 12
334 872 9
867 872 9
815 872 14
770 872 9
511 873 9
617 873 9
632 873 7
757 873 13
508 873 12
789 873 8
849 874 9
373 874 12
776 874 13
865 874 11
662 875 10
385 875 11
112 875 10
875 894 10
362 875 6
493 876 14
25 876 12
818 876 7
591 876 10
517 876 14
877 881 13
79 877 16
877 974 10
278 877 14
672 877 8
191 878 7
789 878 13
743 878 10
578 878 12
314 879 9
643 879 8
345 879 8
879 934 7
29 879 13
584 880 8
306 880 13
880 909 13
880 930 8
606 880 10
57 881 10
711 881 9
881 887 11
180 881 5
881 968 11
420 882 11
771 882 7
188 882 11
709 882 15
189 882 14
80 883 12
640 883 10
767 883 9
182 883 14
91 883 9
630 884 8
191 884 7
732 884 7
589 884 12
367 884 12
627 885 11
363 885 13
275 885 8
503 885 11
885 953 12
19 885 10
877 886 14
827 886 12
500 886 13
49 886 13
886 915 13
710 886 11
742 887 12
446 887 9
92 887 9
887 908 12
450 888 13
888 983 11
106 888 8
888 991 9
255 888 10
313 889 13
377 889 13
513 889 10
597 889 8
756 889 11
498 889 10
460 890 9
463 890 13
125 890 9
671 891 11
721 891 9
35 891 11
757 891 13
268 891 14
579 891 11
883 892 11
110 892 10
616 892 13
69 892 7
547 892 10
607 893 10
27 893 12
754 893 11
114 893 14
103 894 8
96 894 10
894 932 12
842 894 13
104 894 8
720 894 13
412 895 12
526 895 10
618 895 6
594 895 9
38 895 11
896 897 12
471 896 12
478 896 10
152 896 12
896 963 7
731 897 12
556 897 13
813 897 12
14 897 10
511 897 11
674 897 9
482 898 7
391 898 13
873 898 9
556 898 10
529 898 7
333 898 11
899 941 11
636 899 14
730 899 11
758 899 8
365 899 10
657 899 11
783 900 11
900 943 14
137 900 6
805 900 6
336 901 12
482 901 12
501 901 9
34 901 9
770 901 8
902 919 11
300 902 9
582 902 5
749 902 10
902 927 11
859 902 13
10 903 11
376 903 9
339 903 8
886 903 13
780 903 10
631 904 9
904 967 11
904 944 13
629 904 10
878 904 12
230 905 9
92 905 9
899 905 5
358 905 11
743 905 7
496 905 8
377 905 11
415 906 12
851 906 11
393 906 15
451 906 8
307 906 7
897 906 10
529 907 16
486 907 9
901 907 9
907 951 15
38 907 9
301 908 10
379 908 11
509 908 8
304 908 6
786 908 9
614 909 10
488 909 8
204 909 10
877 909 12
901 909 11
237 909 12
582 910 10
552 910 10
46 910 10
216 910 14
668 910 14
135 911 12
546 911 13
884 911 11
357 911 12
67 911 10
912 926 12
257 912 13
20 912 12
33 912 9
468 912 8
843 912 10
629 912 10
138 913 9
350 913 9
92 913 9
692 913 10
913 951 7
272 913 8
16 914 13
399 914 10
407 914 12
307 914 12
620 915 10
757 915 12
915 950 7
269 915 14
847 915 10
348 915 7
638 916 7
45 916 10
19 916 10
916 952 7
415 916 8
466 917 13
782 917 13
263 917 10
151 917 10
478 918 10
734 918 8
9 918 14
32 918 9
717 918 10
838 918 10
498 919 10
786 919 10
415 919 7
456 919 11
23 919 8
55 920 13
114 920 9
871 920 12
262 920 11
564 920 11
72 920 13
802 921 16
773 921 12
143 921 13
616 921 12
99 921 9
120 921 13
858 922 9
372 922 13
899 922 9
603 922 10
432 922 11
173 923 10
116 923 13
804 923 12
123 923 10
698 923 9
707 924 7
924 947 13
704 924 8
726 924 8
285 924 10
630 924 11
629 925 9
570 925 12
342 925 12
446 925 10
728 925 11
165 926 13
294 926 10
478 926 9
504 926 9
520 926 12
321 927 8
568 927 12
164 927 11
927 943 11
927 946 12
54 927 9
469 928 9
928 984 7
528 928 12
601 928 11
458 928 8
377 928 9
842 929 14
418 929 9
461 929 9
720 929 13
427 929 7
533 930 10
14 930 12
803 930 9
546 930 10
246 931 10
232 931 10
709 931 10
98 931 9
181 932 8
813 932 13
851 932 11
926 932 11
751 932 8
562 932 13
857 932 10
873 933 8
45 933 9
526 933 10
916 933 10
145 933 9
23 933 15
42 934 12
708 934 11
859 934 8
920 934 13
209 935 10
405 935 9
368 935 10
246 935 11
862 936 6
517 936 12
86 936 9
33 936 13
608 936 12
350 936 15
275 937 13
776 937 11
372 937 9
192 937 10
479 937 10
705 938 10
938 973 10
883 938 9
6 938 10
10 939 10
939 993 10
516 939 9
483 939 8
278 939 6
352 940 9
69 940 10
940 977 8
445 940 12
487 940 11
251 940 6
932 941 13
106 941 9
941 976 8
151 941 10
516 942 14
933 942 13
625 942 10
899 942 9
816 942 11
173 943 8
332 943 9
909 943 12
775 943 10
335 943 7
943 974 10
935 944 8
901 944 11
322 944 11
666 944 11
172 944 8
148 944 11
515 945 10
945 971 8
233 945 13
608 945 12
582 945 9
690 945 10
495 946 12
496 946 9
765 946 12
617 946 12
907 946 10
334 947 11
889 947 9
17 948 13
355 948 9
111 948 6
543 948 13
739 949 11
498 949 15
823 949 10
949 978 9
950 957 8
498 950 8
950 967 12
824 950 12
258 951 10
64 951 7
642 951 11
314 951 5
499 951 9
79 951 10
392 951 8
444 952 14
616 952 12
181 952 9
257 952 8
679 952 12
697 953 12
953 959 11
900 953 10
227 953 12
933 954 13
142 954 7
929 954 11
444 954 7
149 954 13
933 955 9
917 955 10
432 955 10
111 955 10
596 955 10
135 956 9
414 956 13
368 956 11
541 956 12
314 956 8
780 957 11
744 957 8
795 957 10
750 957 12
939 957 14
194 957 7
499 958 9
82 958 12
165 958 11
702 958 7
66 958 6
30 958 12
325 959 9
959 972 12
372 959 9
865 959 13
959 998 9
768 959 13
324 959 5
690 960 10
500 960 10
140 960 12
601 961 14
150 961 12
906 961 10
844 961 12
700 962 10
70 962 9
574 962 13
799 962 15
340 962 13
356 963 10
640 963 13
436 963 11
552 963 10
454 964 10
119 964 14
742 964 12
182 964 10
111 964 11
96 964 10
381 965 7
280 965 13
169 965 10
573 965 15
548 965 13
800 965 9
314 966 10
672 966 9
212 966 15
899 966 8
70 966 9
470 967 10
918 967 11
702 967 10
365 967 6
129 967 10
368 968 13
286 968 10
253 968 8
426 968 14
729 968 9
361 969 11
580 969 10
753 969 8
885 969 12
314 970 10
131 970 13
959 970 10
254 970 7
172 970 9
649 971 8
180 971 11
788 971 11
578 971 5
556 972 11
324 972 13
105 972 13
65 972 9
965 973 14
17 973 10
733 973 9
973 983 10
405 973 11
943 973 10
560 973 9
251 974 13
881 974 12
910 974 10
574 974 12
756 974 11
64 974 11
661 975 11
864 975 13
449 975 14
845 975 10
405 976 8
896 976 10
139 976 11
0 976 8
506 976 11
503 977 10
882 977 8
162 977 15
962 977 9
977 997 13
978 992 11
597 978 13
651 978 12
348 978 12
331 978 13
721 978 7
509 979 13
779 979 8
4 979 7
112 980 9
240 980 6
591 980 7
340 980 7
708 980 12
946 981 9
93 981 14
177 981 10
108 981 14
413 982 9
364 982 12
774 982 10
117 982 11
41 983 6
371 983 10
364 983 7
58 983 11
701 983 11
116 984 8
311 984 7
898 984 9
391 985 5
348 985 8
303 985 8
659 985 15
311 985 10
835 986 12
81 986 8
943 986 12
834 986 11
544 986 10
321 987 9
752 987 8
767 987 11
978 987 11
735 988 9
751 988 10
864 988 10
331 988 10
479 988 10
65 989 10
235 989 12
964 989 10
884 989 9
940 989 8
798 989 12
321 989 12
548 990 12
470 990 8
348 990 8
285 990 6
349 991 10
595 991 7
202 991 11
210 991 8
789 992 8
175 992 10
126 992 9
371 992 12
225 992 10
136 993 9
809 993 10
197 993 8
954 993 11
183 993 13
428 993 15
323 993 13
600 993 12
691 994 7
92 994 12
642 994 14
294 994 14
67 994 10
805 995 10
695 995 11
648 995 11
852 995 9
890 995 11
244 995 9
721 996 7
314 996 7
32 996 12
260 996 8
431 996 9
620 996 8
990 997 8
464 997 11
521 997 9
186 997 9
309 997 10
667 998 9
15 998 8
131 998 13
283 998 8
58 998 10
293 999 11
803 999 12
699 999 7
623 999 11
798 999 10
