1000
0
6
10
9
4
8
2
5
2
8
8
6
6
9
6
5
1
1
2
9
5
1
2
10
1
8
5
2
3
1
3
1
2
3
9
4
3
3
5
9
6
7
4
2
8
7
8
8
5
8
3
9
9
10
4
8
6
7
7
1
2
1
4
5
3
9
5
7
10
2
3
6
2
8
6
8
9
5
7
2
4
8
2
8
8
7
8
7
8
7
2
9
5
10
6
6
2
10
4
3
2
9
7
7
5
5
7
6
5
1
2
4
4
8
3
10
2
6
8
6
7
9
7
3
1
6
8
8
4
5
7
5
1
8
6
1
4
6
4
7
2
3
3
10
1
5
7
4
2
3
8
2
4
4
9
4
6
7
2
4
7
7
2
5
4
2
6
8
10
7
10
10
10
6
9
5
3
5
7
4
10
2
2
7
7
4
2
7
9
2
2
10
9
4
7
1
6
6
9
4
3
9
4
7
6
7
4
8
1
7
3
9
1
1
5
7
4
4
6
8
5
6
6
8
3
6
2
3
7
1
3
5
9
2
4
9
4
8
5
3
5
3
4
6
3
7
2
9
1
8
8
2
2
5
8
5
4
5
4
10
7
8
10
6
2
3
9
6
2
2
7
8
2
4
10
1
2
10
8
6
9
4
8
5
9
5
4
1
8
5
2
3
6
6
8
7
2
4
9
6
3
5
9
3
1
10
1
2
2
4
3
6
4
2
4
9
9
8
8
3
10
2
8
7
6
9
9
9
4
4
5
3
6
4
7
5
6
10
7
10
7
8
10
10
6
9
7
6
9
8
8
9
2
6
9
4
7
5
6
4
9
5
5
8
4
4
4
4
9
3
2
1
4
6
8
9
9
4
3
5
10
9
9
2
8
3
8
3
4
9
4
8
5
6
6
10
6
2
8
9
10
9
8
9
4
1
2
4
1
9
5
9
2
9
9
4
10
7
8
5
6
6
6
6
9
2
7
5
4
2
5
7
1
5
5
8
3
2
9
9
8
6
8
4
9
2
10
10
4
3
6
5
9
7
8
6
3
9
7
7
10
3
2
8
3
9
7
8
6
7
6
6
4
9
7
6
3
7
7
3
1
4
2
10
3
8
9
1
6
5
8
7
5
8
2
4
3
5
7
4
8
5
2
2
2
1
5
8
10
7
4
5
9
8
9
3
4
2
4
7
2
10
4
10
7
7
4
5
4
7
2
6
6
8
2
3
5
8
3
9
2
9
1
3
4
6
6
8
7
4
7
3
7
4
2
1
1
10
9
8
9
7
4
1
10
1
8
1
8
6
4
7
2
8
3
9
6
8
8
9
2
2
9
10
9
6
9
4
9
2
8
10
4
4
7
3
9
1
2
7
4
3
7
7
8
6
5
7
9
9
1
3
8
5
6
8
2
5
6
8
3
9
1
1
5
6
8
9
8
4
3
3
5
6
6
4
10
6
9
3
2
7
3
4
5
4
6
4
6
10
4
5
5
3
7
2
2
9
9
7
7
9
7
5
2
4
8
8
2
5
7
2
9
8
7
9
9
9
2
7
9
10
4
5
6
6
4
5
2
4
8
8
2
4
8
10
5
2
4
8
8
8
9
9
5
3
3
6
3
6
3
1
4
6
9
2
3
7
6
6
8
2
5
7
6
7
8
8
4
7
2
7
6
5
2
2
3
6
4
1
4
8
2
9
5
9
5
7
6
4
5
2
7
8
1
7
4
8
10
10
7
7
9
6
8
9
8
10
5
2
7
5
6
3
1
3
9
3
4
6
10
5
10
6
10
8
4
6
4
3
2
3
7
4
7
7
5
4
2
9
9
3
6
6
10
5
6
2
10
9
10
4
3
3
6
3
9
7
4
3
5
10
2
7
9
2
3
6
6
5
5
7
7
2
1
9
4
7
4
8
3
2
9
8
1
7
5
2
2
10
9
8
5
8
3
8
7
9
3
2
8
3
10
6
8
8
6
8
5
1
9
3
5
3
6
7
4
8
10
5
8
8
4
2
5
8
3
6
1
5
5
1
9
8
7
3
3
2
4
3
4
10
3
2
9
9
4
6
7
6
9
10
7
3
2
3
5
9
4
6
9
10
5
7
7
2
9
3
7
10
5
2
7
3
7
3
9
5
2
10
3
6
10
7
4
3
5
10
4
5
9
9
3
9
8
8
3
5
2
4
9
1
7
9
2
9
1
9
7
4
10
3
10
7
3
6
9
4
6
3
6
2
3
8
7
3
5
2
4
1
7
10
4
7
1
5
8
4
2
9
0 700 8
0 520 10
0 165 9
1 112 9
1 678 10
1 338 9
2 938 12
2 658 10
3 918 13
3 812 10
3 924 10
3 811 9
4 243 11
4 966 10
4 287 10
4 149 12
5 313 11
5 567 14
6 96 12
6 447 10
6 557 6
7 25 12
7 983 12
7 860 10
8 61 10
9 563 12
9 471 7
9 203 9
10 206 11
10 210 13
10 802 8
11 785 6
11 914 12
11 403 14
11 840 11
12 574 10
12 540 6
13 874 12
13 312 9
14 90 10
14 849 13
15 637 12
15 731 10
15 819 9
3 16 13
16 258 10
17 500 12
17 752 10
17 525 10
17 823 10
7 18 7
18 653 10
18 352 7
19 404 9
19 122 11
20 192 10
20 502 11
20 472 8
20 526 9
20 188 9
20 44 8
21 128 11
21 138 8
21 640 9
22 652 9
22 206 9
22 89 15
22 418 8
23 778 9
23 684 11
23 953 10
23 963 8
24 882 11
24 868 13
25 151 13
26 244 12
27 379 8
27 117 11
27 757 13
27 481 11
28 37 12
28 770 7
28 870 11
29 792 12
29 419 9
30 363 10
30 766 12
30 57 10
31 708 9
31 254 12
31 318 11
32 466 8
32 521 8
33 99 10
33 851 10
33 534 11
33 134 9
34 197 11
34 858 10
34 388 15
20 35 11
35 920 10
35 112 11
36 510 8
36 744 10
36 94 12
37 536 12
37 197 11
37 837 11
38 398 10
38 660 10
1 38 6
6 38 13
39 781 9
39 937 13
39 578 10
40 780 12
40 186 9
40 102 11
41 801 10
41 460 14
41 656 14
41 974 8
42 642 9
42 909 9
42 619 11
42 727 10
42 510 13
42 347 13
43 701 12
43 787 13
44 158 15
44 93 10
44 599 12
45 998 11
45 978 14
45 49 11
46 189 11
46 483 10
47 497 11
47 463 8
47 135 11
48 498 10
49 807 10
49 311 11
50 443 11
50 861 12
50 525 9
51 160 14
51 183 10
51 951 9
52 169 10
52 320 11
52 514 7
52 682 13
53 936 12
54 894 14
54 777 13
55 697 13
24 55 8
56 955 13
56 151 7
57 324 14
57 540 13
57 944 8
58 647 10
58 101 6
58 644 11
59 526 10
59 770 12
59 859 11
60 720 9
60 361 13
60 552 12
61 114 10
61 729 12
61 672 10
62 214 9
62 966 13
62 242 12
62 529 6
63 931 9
63 502 9
63 710 11
63 746 7
64 627 13
64 343 12
64 195 10
65 406 8
65 445 10
65 890 10
65 519 10
66 895 11
66 653 10
67 111 9
67 202 12
68 362 14
68 980 11
68 816 8
68 555 11
69 373 10
69 794 7
69 775 11
70 943 7
70 921 6
70 829 13
71 578 12
71 282 10
71 539 11
72 464 11
33 72 12
72 655 13
73 850 9
73 87 9
74 164 10
74 291 13
74 858 14
75 158 11
75 580 11
75 670 11
76 556 14
76 757 11
76 277 12
77 237 10
77 405 8
78 936 12
78 723 7
78 106 7
78 630 12
79 761 15
79 937 8
79 931 10
80 631 11
6 80 12
80 148 10
81 699 12
81 149 11
81 333 9
81 874 11
81 773 9
82 943 13
82 755 11
82 922 12
83 734 13
83 983 11
16 84 13
84 659 10
84 511 12
2 84 11
53 85 12
85 95 12
85 716 9
86 772 14
87 194 9
87 685 11
87 185 11
88 516 7
89 407 8
89 232 11
89 331 9
89 754 8
12 90 9
90 461 10
90 979 9
90 593 12
90 93 10
91 453 12
91 545 8
91 409 12
92 486 9
93 160 11
93 592 7
93 367 6
93 843 7
93 570 8
94 816 10
94 133 10
94 794 11
95 814 7
95 641 9
95 480 7
95 699 11
59 96 10
96 354 8
96 189 10
97 903 9
97 311 11
98 150 7
98 998 8
98 100 11
99 192 9
99 990 15
100 261 11
18 100 12
101 897 9
101 895 13
101 967 9
101 411 11
102 166 13
102 388 12
12 103 8
103 545 14
104 284 6
105 211 14
105 955 10
105 788 9
106 598 11
62 106 10
106 232 11
107 270 10
107 523 13
72 108 11
108 431 11
108 916 11
108 145 11
55 109 11
109 648 11
109 675 11
110 677 7
110 225 12
31 110 13
110 991 10
111 188 14
111 873 11
111 938 10
112 378 10
112 129 8
113 391 9
25 113 7
113 862 13
114 570 13
6 114 8
114 775 10
114 210 6
115 502 9
115 870 10
115 920 13
30 115 10
116 122 11
116 125 6
117 669 9
117 211 11
48 117 9
104 118 12
118 707 12
118 257 12
119 937 7
119 946 11
111 120 10
120 920 12
102 120 11
121 388 11
121 858 8
43 121 11
121 295 10
8 122 7
122 322 9
123 920 10
123 308 11
123 610 8
124 542 7
124 256 8
124 405 9
9 125 8
125 340 9
125 806 10
126 785 6
126 821 9
127 581 10
127 635 10
128 242 13
128 509 13
27 128 13
128 637 11
129 144 10
103 129 10
129 157 10
130 530 13
130 609 10
131 782 11
131 354 11
131 887 10
39 131 9
131 295 10
132 912 13
132 580 12
132 288 10
133 897 10
133 538 11
133 688 12
133 939 10
134 801 10
134 439 8
134 815 12
134 406 11
134 934 10
135 924 9
135 209 11
135 332 4
130 135 14
136 882 11
136 430 10
136 196 14
137 771 10
137 979 11
137 857 10
16 138 11
138 342 12
138 206 13
139 365 10
139 376 7
140 205 12
140 990 11
141 793 9
43 141 12
142 515 9
142 333 13
70 143 12
143 371 8
143 380 11
143 950 10
143 554 13
144 240 9
144 340 12
145 562 10
146 946 7
146 916 8
146 690 10
147 500 12
147 344 16
147 580 10
147 911 13
147 454 13
148 759 11
149 895 10
149 307 8
149 209 8
149 694 10
150 553 10
64 150 10
151 445 12
151 910 8
152 903 9
152 651 10
153 836 10
153 284 9
153 179 10
154 353 10
154 371 12
154 948 11
154 341 13
155 968 10
155 726 11
155 582 11
156 669 8
156 191 15
156 423 11
157 813 10
158 911 9
158 206 9
158 258 13
158 453 9
159 721 14
159 831 10
159 369 13
159 463 12
160 968 10
160 279 7
36 160 9
160 944 10
8 161 9
161 972 13
161 733 11
162 776 10
85 162 10
162 737 7
26 162 10
163 699 14
117 163 11
164 951 10
164 285 8
164 881 9
164 850 9
165 191 11
165 234 9
165 353 8
63 165 14
166 814 12
166 942 9
166 777 7
166 747 12
167 872 13
168 736 8
168 780 12
102 168 9
168 524 12
169 603 12
161 169 13
169 777 10
170 185 12
170 317 13
170 716 11
170 585 11
171 763 10
171 570 9
172 256 12
172 378 11
172 703 12
172 769 10
89 173 11
173 462 11
173 771 13
174 895 9
174 648 11
174 909 13
174 555 13
49 175 11
175 220 8
64 175 7
176 347 12
177 962 12
177 583 10
177 929 10
178 397 13
178 501 11
178 941 11
179 558 11
179 229 11
179 934 11
179 657 7
180 949 11
180 680 11
180 666 12
181 274 13
181 259 8
110 181 9
181 597 8
182 614 10
182 550 11
182 460 9
20 182 13
61 183 10
183 293 12
183 340 9
184 416 12
184 647 11
184 704 16
185 508 8
185 482 12
186 565 11
187 392 9
124 187 12
187 213 12
187 232 10
188 754 10
188 668 10
188 814 13
188 334 11
140 189 12
190 860 10
191 840 11
191 735 10
191 685 14
192 738 10
192 516 15
193 973 10
193 634 11
193 377 8
193 447 13
168 194 12
194 698 9
195 704 10
195 634 12
195 303 12
196 310 11
196 609 12
196 363 9
196 388 12
197 750 11
197 407 10
198 654 9
198 745 13
160 198 13
199 600 12
199 432 11
200 638 15
200 601 14
200 639 10
200 497 7
201 249 10
201 689 11
201 666 9
168 201 10
202 357 10
202 403 10
202 528 6
203 406 13
203 663 13
203 499 9
2 203 10
203 378 12
204 892 8
204 309 11
204 488 12
205 706 15
205 496 10
206 361 10
206 764 12
156 206 12
207 753 9
193 207 15
207 838 11
208 508 9
208 337 9
208 406 15
209 752 9
210 542 8
131 210 12
211 973 12
212 812 11
212 652 13
185 212 11
213 455 10
213 301 11
213 683 10
147 213 8
214 971 12
214 673 8
214 405 11
214 723 13
215 634 9
100 215 8
215 983 10
216 311 8
216 369 9
216 722 15
81 217 11
218 607 12
218 805 11
218 334 12
49 218 11
99 219 11
219 307 10
219 611 10
82 220 10
207 220 11
220 636 6
221 528 9
169 221 9
221 578 8
222 312 7
222 557 10
222 855 10
103 222 10
223 302 13
223 771 12
223 409 9
224 917 12
206 224 13
224 919 11
217 225 11
225 710 12
225 487 6
98 226 12
226 239 11
226 983 15
227 314 9
227 269 9
227 690 11
40 227 10
228 482 11
228 407 10
229 529 13
229 378 9
229 399 10
229 784 8
230 365 9
230 873 10
231 990 8
231 397 12
231 414 8
232 273 11
232 351 13
232 289 13
232 681 10
233 581 11
207 233 12
234 549 11
116 234 13
234 281 11
235 926 14
235 400 10
236 286 4
236 320 12
208 237 8
237 927 9
237 301 10
238 874 10
238 700 9
238 367 12
157 239 12
239 940 10
111 239 10
53 239 8
237 239 12
240 870 9
240 777 7
202 240 11
240 775 10
7 241 9
241 580 14
241 423 9
242 518 11
242 352 11
242 538 11
243 387 6
244 261 10
244 893 11
245 542 9
245 472 6
246 373 11
151 246 10
246 488 12
246 913 12
247 564 9
247 471 11
248 555 7
248 584 12
248 710 9
249 657 10
249 534 12
8 249 15
84 250 8
250 372 7
250 656 13
48 251 13
251 642 10
252 503 13
252 997 8
253 550 11
76 253 14
253 729 11
43 254 9
48 254 12
254 613 11
255 846 13
255 427 13
255 545 11
255 588 10
256 981 7
256 941 10
136 256 12
257 555 10
257 526 11
258 738 10
258 262 12
101 258 8
258 888 11
258 377 13
259 527 7
259 623 11
260 331 12
260 774 12
260 296 14
53 260 8
260 345 8
261 706 7
197 261 12
262 821 11
262 914 14
246 262 11
263 694 14
140 263 12
264 322 10
214 264 10
229 264 11
78 265 12
163 265 10
265 646 7
266 807 13
266 815 10
266 736 14
267 525 11
267 280 9
267 696 13
268 638 12
268 316 7
269 819 12
269 496 10
270 877 11
8 270 10
263 270 11
271 838 8
271 947 12
271 634 12
271 465 10
272 396 11
98 272 11
56 273 8
273 775 12
274 951 13
274 826 12
274 312 13
274 864 9
275 701 10
276 790 12
276 330 14
276 677 11
41 276 8
161 277 16
278 911 13
278 854 11
278 886 12
278 970 11
279 899 8
279 798 10
222 279 13
279 893 8
280 813 9
198 280 8
280 797 10
280 554 9
281 774 13
281 748 12
281 974 9
87 282 10
282 529 14
282 314 12
128 283 9
283 347 9
95 284 8
183 284 12
160 285 11
285 496 14
285 362 11
285 805 8
285 720 7
228 285 10
28 286 11
113 286 11
286 870 11
287 684 11
287 929 9
287 852 11
287 754 7
288 542 13
288 688 10
288 515 10
289 359 10
289 820 9
289 517 13
270 290 13
290 646 11
62 290 10
291 767 10
97 291 10
223 292 11
292 682 8
292 536 14
160 292 10
293 359 12
138 293 7
58 293 12
293 903 10
294 858 11
294 430 15
294 530 11
294 427 10
294 582 8
295 944 8
295 491 9
295 933 14
295 918 11
296 670 13
296 571 14
296 297 14
297 716 15
297 942 12
297 606 11
238 298 10
298 451 8
299 451 10
298 299 11
299 650 9
299 675 9
299 492 8
300 477 9
67 300 8
300 741 8
301 620 9
302 774 10
302 575 9
2 302 7
302 931 10
302 485 11
303 798 7
303 630 10
150 303 15
33 303 10
303 939 11
224 304 11
192 304 13
63 305 10
306 407 13
306 659 11
307 521 12
94 307 11
308 581 10
176 308 10
183 308 11
309 574 7
309 524 8
309 651 8
309 618 12
309 716 14
310 500 12
310 720 12
310 732 12
311 993 12
311 853 7
311 951 14
312 843 8
68 312 12
312 573 9
313 420 15
313 761 7
313 376 8
314 716 8
314 575 14
314 702 9
180 315 14
47 315 6
315 446 10
315 432 11
315 933 10
281 316 6
316 803 10
316 354 11
317 781 13
317 937 10
318 476 10
318 952 8
319 597 11
319 391 9
179 319 11
320 960 9
101 320 9
155 321 10
322 350 8
322 844 9
323 664 9
323 539 13
323 393 11
324 394 8
324 772 12
39 325 9
299 325 14
234 325 7
314 325 10
326 871 11
326 335 9
205 326 9
327 571 12
327 754 8
74 327 12
328 615 10
328 833 10
329 803 12
329 562 10
330 460 13
330 750 11
331 857 11
331 805 10
332 918 8
332 384 8
332 593 15
332 567 8
320 332 10
333 663 7
333 464 11
167 333 10
334 366 9
334 742 10
334 458 11
124 334 10
335 581 10
241 335 9
94 335 8
335 937 10
335 904 11
335 829 11
336 759 9
336 794 10
336 894 11
336 337 14
337 681 10
337 889 12
338 507 12
338 450 13
338 380 12
339 953 10
339 487 13
340 907 9
340 849 11
26 340 9
341 523 8
253 341 11
173 341 13
342 801 11
342 480 10
343 429 11
343 880 12
343 616 9
270 344 10
24 344 10
90 344 10
144 344 11
345 906 8
38 346 12
315 346 12
346 972 11
286 346 9
347 498 11
347 360 9
347 994 13
347 481 11
200 347 10
348 631 10
348 509 12
348 439 12
231 349 8
349 599 11
349 628 12
213 350 8
350 998 10
221 350 12
350 417 16
351 791 12
68 351 14
351 698 13
123 352 11
352 563 8
328 352 8
285 352 13
345 352 10
353 382 7
254 353 9
353 470 10
270 354 10
354 492 11
355 434 10
355 442 10
355 392 12
151 356 7
356 636 12
357 595 11
357 763 8
357 435 13
357 359 10
313 358 12
358 791 11
209 358 10
358 739 11
359 828 10
359 439 15
360 875 12
355 360 10
360 648 8
361 480 12
361 441 11
345 361 8
362 959 12
362 685 10
363 566 7
363 885 12
363 365 10
364 817 9
364 760 14
353 365 10
365 774 9
365 410 12
365 456 6
366 873 11
366 936 9
366 969 11
367 485 11
367 423 12
276 367 12
368 970 11
369 882 14
4 369 8
369 397 15
370 720 8
370 437 13
156 370 10
370 612 11
370 994 9
371 772 8
371 868 10
372 597 7
372 434 10
372 810 16
373 808 8
373 588 12
367 373 8
373 785 10
27 374 14
316 374 11
375 884 13
376 731 12
376 612 11
358 377 6
266 377 12
377 950 13
343 377 10
378 541 10
378 888 13
136 379 12
25 379 10
379 394 9
171 379 11
379 715 16
380 628 12
381 689 12
381 583 13
381 907 11
246 381 10
381 839 8
34 382 12
382 479 10
55 382 13
383 981 12
147 383 10
383 849 11
218 384 9
199 384 9
384 532 14
170 385 13
160 385 13
385 388 9
385 665 11
386 863 10
217 386 12
386 749 9
386 839 8
387 949 10
233 387 13
333 388 11
384 388 12
388 398 12
292 389 14
389 939 8
389 507 9
389 997 10
344 389 12
390 742 9
390 439 12
390 938 14
390 951 11
60 391 12
391 871 11
392 818 11
392 452 12
65 392 9
15 393 11
393 457 12
393 481 11
190 394 8
384 394 12
374 394 9
57 394 11
112 395 9
395 729 12
367 395 9
395 659 8
396 398 8
37 396 8
396 922 9
397 583 14
300 397 8
397 475 9
397 419 12
51 398 10
398 501 12
398 942 10
399 666 9
399 528 9
399 426 14
324 399 13
232 400 10
400 784 14
400 897 11
400 923 15
401 925 10
401 720 10
401 461 8
380 402 6
402 447 13
402 953 9
402 575 7
121 403 13
403 722 12
403 915 8
404 456 9
182 404 13
404 790 10
208 404 6
266 404 8
302 405 11
405 711 11
405 894 9
405 805 8
354 406 13
407 699 14
32 407 11
45 407 11
407 963 12
408 753 9
302 408 10
408 982 12
408 776 8
409 458 9
283 409 8
27 409 11
410 589 11
410 549 8
410 654 11
410 495 11
202 411 11
248 411 11
412 763 11
413 998 11
413 878 9
413 981 9
414 430 15
414 647 10
414 814 10
414 816 13
415 419 9
386 415 11
416 496 11
402 416 9
157 416 6
416 500 11
417 692 12
72 417 12
417 872 10
417 486 13
277 418 9
418 565 15
418 812 12
419 785 13
94 419 9
419 687 16
297 420 12
420 608 11
420 712 11
109 420 10
400 421 11
421 551 13
421 520 12
60 421 9
422 500 12
422 724 8
422 968 12
422 687 13
423 960 9
423 958 12
353 423 12
424 923 11
312 425 13
425 919 11
425 773 7
387 426 9
339 426 9
426 584 9
6 426 5
426 774 10
427 831 11
427 549 7
427 876 11
257 427 7
428 708 7
330 428 8
290 428 10
399 429 14
416 429 8
430 799 9
430 579 12
373 431 12
431 681 10
431 660 11
431 678 10
432 886 12
98 432 12
130 432 11
433 629 14
433 649 8
433 714 11
271 433 9
434 745 10
434 813 11
434 453 10
353 435 9
435 461 12
436 498 8
437 634 11
265 437 11
437 944 9
210 437 11
438 869 11
438 523 13
425 438 12
320 439 11
439 530 15
439 566 11
269 440 11
188 440 9
348 440 10
441 905 10
441 918 12
310 441 8
305 442 10
387 442 11
442 591 9
442 604 12
37 443 8
443 665 13
443 756 10
121 444 13
444 873 12
329 444 12
445 460 10
266 445 10
207 445 9
445 493 10
446 771 9
446 665 11
446 656 9
446 780 9
447 872 9
243 447 10
447 728 10
396 448 12
448 727 9
449 638 13
450 865 11
450 880 12
58 451 12
451 746 10
451 561 10
93 452 15
452 501 8
453 669 14
398 453 11
326 453 12
453 978 10
454 763 13
454 965 12
132 454 13
455 514 7
266 455 7
356 456 9
206 456 9
43 456 12
402 456 10
17 457 8
231 457 11
458 779 11
458 573 8
103 458 11
182 459 11
460 721 7
460 923 11
460 996 10
461 653 10
461 550 12
320 461 8
461 953 12
350 462 7
192 462 10
462 480 12
391 462 8
462 466 10
136 463 11
463 984 7
317 463 10
463 832 11
244 464 9
321 464 10
276 464 7
101 464 13
465 613 9
124 465 12
465 668 8
466 692 11
466 852 11
267 467 9
15 467 10
467 705 14
468 571 9
41 468 9
468 537 9
290 468 10
469 943 11
183 469 12
469 899 10
470 926 9
285 470 11
389 471 15
425 471 8
173 471 9
472 921 10
441 472 11
472 678 10
473 740 9
473 911 12
473 997 11
473 861 11
108 473 12
474 606 11
453 474 7
399 475 10
475 543 11
475 802 7
346 475 12
476 500 11
476 559 15
343 476 10
119 477 11
477 872 11
478 639 11
478 851 10
7 479 12
479 487 8
479 868 11
480 634 11
480 990 11
480 800 13
481 516 10
481 816 8
430 481 13
124 481 8
482 653 9
482 596 13
460 482 13
82 482 8
424 482 8
362 483 8
483 891 11
220 484 12
338 484 11
484 943 13
484 783 10
408 484 9
43 485 11
109 485 9
486 680 9
259 486 7
365 486 12
487 861 7
198 487 11
156 488 8
488 992 11
488 948 10
115 489 10
457 489 12
328 489 11
489 962 13
270 489 13
490 859 12
490 853 13
490 764 9
490 722 9
491 913 10
491 734 9
491 771 9
372 492 12
492 916 8
62 493 7
493 770 10
231 493 15
259 493 15
493 606 14
196 493 13
80 494 10
495 686 11
477 495 13
495 530 11
275 495 13
495 972 9
158 496 7
496 537 9
98 496 15
497 725 11
198 497 15
498 708 11
346 498 13
498 561 11
428 498 10
233 499 8
5 500 11
73 500 11
500 673 10
454 501 11
257 501 10
346 502 9
502 893 8
490 503 15
503 589 14
136 503 9
504 989 12
504 546 14
199 504 7
504 552 15
505 571 10
371 505 11
505 736 11
469 505 11
109 506 8
432 506 8
507 750 10
507 856 8
283 508 7
195 508 11
372 509 14
438 510 10
440 511 11
511 810 12
76 511 9
256 512 11
246 512 8
512 556 9
512 723 11
419 512 9
68 513 7
513 703 10
513 801 13
514 516 11
514 978 7
514 909 8
208 515 11
89 515 6
516 719 9
335 516 8
124 517 10
271 517 10
253 517 10
286 518 11
302 518 13
519 622 9
200 519 8
519 706 11
520 779 10
521 629 11
521 898 12
519 521 10
522 607 13
522 745 12
522 563 13
514 523 12
523 888 11
137 523 10
44 523 11
313 524 15
524 603 9
524 882 10
116 524 8
525 627 8
525 988 13
525 612 8
246 525 10
419 526 13
169 526 11
526 698 10
527 862 12
527 956 11
477 527 13
527 895 10
503 528 9
448 528 13
528 612 9
319 529 10
479 529 13
113 529 10
152 529 9
323 530 8
531 869 10
182 531 9
531 572 9
328 532 8
532 668 9
532 805 11
533 619 7
534 608 9
534 902 11
47 535 12
535 568 9
535 559 17
300 536 8
533 536 11
104 536 5
536 877 10
537 621 10
306 537 11
329 538 11
183 538 11
538 698 7
467 538 13
399 539 7
366 539 7
379 540 9
540 549 10
284 540 11
540 634 8
270 541 12
520 541 7
541 949 12
541 662 12
475 542 9
542 795 12
542 915 11
542 560 11
185 543 8
544 562 14
544 710 7
344 544 11
415 544 10
514 545 11
545 690 12
448 545 11
133 546 7
546 574 15
547 802 12
342 547 7
363 547 9
366 548 11
295 548 8
78 548 6
549 746 12
246 549 11
549 589 11
81 550 9
550 927 6
551 926 14
55 551 10
551 880 9
482 551 9
421 552 11
338 552 9
7 553 9
519 553 10
553 815 12
131 553 9
505 554 9
78 554 12
353 554 11
555 615 11
373 555 6
418 555 9
423 556 10
556 972 11
556 926 13
295 557 10
542 557 8
558 717 11
559 906 10
273 559 11
308 559 9
405 559 13
560 885 11
373 560 9
560 722 10
321 561 13
312 561 13
561 792 7
173 562 12
562 719 13
562 607 12
517 562 9
240 563 10
232 564 11
82 564 11
564 882 9
337 564 15
508 565 8
422 565 12
506 565 10
9 565 11
566 830 12
24 566 8
160 566 8
566 748 7
566 985 8
47 567 11
100 568 11
213 568 10
569 829 8
278 569 9
125 569 10
570 889 12
570 879 9
20 570 9
570 984 12
570 838 9
344 571 11
571 825 10
572 837 14
572 977 11
225 572 12
573 954 11
573 807 13
235 573 11
297 574 7
574 832 10
574 766 13
73 574 9
210 574 11
510 575 12
576 592 10
395 576 10
45 576 10
212 577 12
526 577 10
577 684 9
45 577 10
578 594 11
516 578 14
578 878 9
424 579 11
96 579 13
364 579 8
249 580 8
514 580 10
580 745 11
60 581 11
39 581 12
582 707 12
70 582 12
473 583 10
542 583 10
584 713 10
584 794 8
584 871 9
585 674 6
351 585 10
586 599 11
99 586 11
586 795 11
16 587 7
587 627 10
97 587 12
454 588 11
588 594 12
432 588 13
589 754 9
137 589 8
482 590 11
590 874 13
590 881 7
248 591 11
591 613 9
591 642 11
592 619 11
592 703 15
592 744 13
94 592 9
147 593 9
593 974 12
118 593 11
449 593 7
471 594 9
218 594 12
515 594 8
68 595 9
396 595 8
261 595 11
411 595 10
596 808 14
117 596 11
13 596 8
309 596 13
596 795 11
4 597 11
59 597 12
597 689 7
598 750 13
266 598 10
422 599 7
151 599 9
599 892 11
600 990 11
451 600 9
600 729 14
7 600 13
598 601 11
601 929 13
601 604 13
601 619 12
426 601 13
95 602 7
602 693 13
602 615 11
603 705 11
123 603 11
449 603 12
603 653 13
603 906 11
565 604 13
353 604 6
605 942 13
395 606 13
588 606 9
173 606 15
607 893 8
607 957 12
335 608 10
608 741 6
608 685 10
609 862 13
609 658 10
144 609 11
295 610 7
610 642 11
610 988 11
136 611 10
25 611 6
7 611 13
163 611 13
612 625 11
612 855 11
32 612 10
102 613 11
525 613 8
614 780 7
228 614 9
482 615 10
297 615 10
540 616 10
576 616 11
451 616 12
158 616 13
616 790 12
471 617 12
617 841 10
527 617 13
98 617 11
305 617 10
516 618 11
618 704 10
619 664 14
386 619 12
195 619 12
620 784 10
103 621 12
621 991 13
470 621 9
411 622 8
441 622 11
508 623 12
623 663 9
479 623 12
95 624 11
323 624 10
58 625 14
625 742 11
108 625 10
625 761 10
625 850 13
324 626 11
225 626 9
282 626 11
256 626 9
627 673 10
600 627 11
627 949 11
392 627 11
628 692 9
112 628 12
94 629 11
460 629 12
349 629 8
410 630 8
618 630 13
482 630 13
631 954 6
275 632 13
77 633 8
475 633 10
633 749 13
550 634 11
634 745 8
549 634 11
463 634 10
373 635 10
159 635 9
47 636 12
370 636 11
637 812 11
617 637 11
637 817 12
238 638 8
254 638 11
131 639 12
178 639 10
618 640 9
75 640 11
158 640 10
211 640 11
392 640 13
641 753 9
641 682 10
642 819 9
198 642 11
642 649 10
465 642 11
643 952 10
514 643 10
320 643 9
406 644 12
402 644 11
129 644 9
645 722 7
251 645 11
645 696 11
240 646 10
612 646 11
646 861 12
380 647 13
647 902 9
647 739 11
647 961 9
283 648 11
296 648 8
99 649 16
649 674 10
436 649 14
650 681 7
386 650 11
650 971 10
392 651 10
652 973 10
400 652 8
279 652 11
287 653 11
448 653 10
233 653 11
653 810 12
654 879 14
654 918 12
615 654 14
654 768 9
62 655 10
655 980 9
656 694 11
657 710 9
657 927 12
657 754 10
170 658 11
492 658 9
653 658 10
44 659 15
636 659 11
659 755 12
659 860 7
157 660 15
660 730 12
339 660 12
626 661 7
662 781 12
662 793 13
191 662 8
307 662 7
112 662 11
663 786 11
314 663 11
560 663 8
285 664 12
83 664 8
209 664 13
230 665 9
468 665 10
70 666 9
666 736 14
666 696 11
101 666 13
241 667 8
526 667 14
515 667 11
667 711 11
634 668 13
449 668 11
668 917 12
591 669 10
42 669 15
669 884 12
118 670 12
267 670 13
587 671 8
609 671 10
582 671 12
671 976 11
112 672 10
15 672 9
114 672 9
672 956 12
417 673 9
670 674 6
257 674 10
674 723 11
605 675 14
29 676 13
676 838 12
399 677 9
604 677 9
120 677 11
33 677 12
250 677 14
384 678 12
523 678 11
678 782 11
598 679 9
545 680 10
458 680 12
63 680 13
640 681 11
502 681 8
543 681 12
682 965 10
682 803 12
683 921 10
297 683 9
40 683 10
72 684 11
424 684 13
295 685 11
685 739 12
661 685 12
685 939 10
580 685 11
387 686 10
109 686 6
307 686 11
262 686 12
624 687 9
459 687 13
688 888 11
174 688 11
234 689 14
93 689 9
689 936 10
609 689 10
578 690 13
474 690 12
388 690 8
681 690 13
194 691 11
258 691 14
20 691 9
360 692 10
529 692 9
557 692 9
503 692 11
70 693 10
47 693 11
694 756 9
554 694 11
695 856 8
695 742 14
554 696 12
245 696 12
179 696 10
697 759 13
482 697 8
698 825 14
698 942 13
613 698 11
698 701 10
270 699 9
699 968 12
131 699 12
90 700 9
152 700 12
700 729 11
351 701 9
701 702 11
701 897 7
609 702 9
247 702 8
362 703 13
149 703 16
400 703 10
75 703 8
704 827 10
342 704 11
294 704 11
497 704 12
545 705 11
164 705 14
196 706 12
706 810 8
600 706 10
603 707 12
585 707 10
707 859 10
707 996 11
708 794 10
294 708 13
708 975 7
286 708 7
14 709 9
22 709 9
709 951 13
344 710 12
175 710 9
710 975 12
400 710 10
273 711 14
711 853 14
670 711 7
105 711 10
371 712 10
490 712 11
334 712 13
586 712 14
277 713 16
713 745 9
375 714 11
37 714 12
171 714 10
516 715 11
481 715 10
678 715 10
715 997 14
716 882 9
92 716 10
716 900 7
450 716 12
458 717 10
210 717 10
321 717 12
123 718 9
314 718 14
240 718 9
214 719 12
719 766 10
203 719 13
397 719 15
27 720 13
183 720 8
395 721 9
125 721 13
331 722 11
563 722 13
722 930 11
131 723 14
601 724 12
378 724 13
101 725 11
725 817 8
263 725 9
646 725 13
679 726 11
283 726 13
506 726 11
227 727 12
531 727 12
519 727 11
728 898 7
592 728 13
185 729 10
665 730 7
568 730 12
712 730 10
196 731 9
577 731 12
732 922 7
573 732 9
732 781 13
406 732 9
58 733 10
718 733 10
286 733 12
734 815 9
226 734 7
37 735 12
735 942 9
736 995 14
633 736 8
600 736 6
290 737 10
737 868 11
100 738 7
718 738 11
416 738 7
739 938 9
338 739 11
360 739 11
740 911 9
122 740 11
269 741 10
323 741 10
89 742 9
500 742 11
743 841 7
620 743 12
117 743 13
102 743 9
743 747 11
399 744 9
536 744 8
744 918 11
178 744 10
432 744 10
744 787 9
331 745 12
536 745 9
203 745 5
435 745 9
481 746 12
498 746 10
746 943 13
172 747 11
650 747 10
747 872 7
458 748 14
37 748 8
469 748 11
689 748 14
455 749 10
110 749 8
264 749 13
380 750 13
750 879 9
750 784 13
230 750 10
451 751 10
752 832 11
436 752 9
136 752 9
554 752 12
354 753 10
454 753 11
630 753 13
362 754 13
754 934 9
500 754 12
193 754 13
755 810 13
755 988 10
133 755 14
379 755 13
341 756 11
333 756 9
737 756 14
402 757 9
563 757 9
186 757 13
200 758 11
758 865 10
603 758 8
758 806 13
121 759 12
71 759 12
137 759 10
629 760 11
329 760 9
760 942 9
475 761 8
259 761 13
556 761 9
13 761 13
263 762 11
762 788 16
762 984 9
370 762 10
763 955 12
379 763 11
249 763 14
763 956 10
677 763 10
742 764 13
764 774 11
764 826 7
634 764 12
211 765 11
765 953 10
437 765 12
765 808 10
164 766 11
766 883 10
554 766 10
577 766 11
765 767 11
679 767 13
380 767 12
767 873 13
201 768 10
768 842 5
276 768 11
676 769 8
385 769 11
348 769 10
770 931 11
682 770 10
771 986 11
606 771 10
107 771 11
374 772 9
382 772 13
435 772 9
773 799 8
233 773 8
773 794 13
773 942 13
27 774 12
506 774 12
208 775 10
187 775 11
773 775 14
776 916 10
693 776 9
211 776 6
777 824 11
424 777 13
701 777 9
90 777 14
307 778 13
45 778 14
779 796 13
692 779 8
779 811 12
165 779 9
696 780 10
147 780 9
619 780 13
704 781 11
490 781 14
43 781 12
781 898 11
732 782 10
551 782 11
782 828 8
721 783 10
783 936 9
131 783 12
171 783 13
132 783 9
783 784 12
774 784 10
459 784 8
86 784 6
178 785 12
341 785 10
38 786 10
412 786 11
349 786 12
786 827 11
224 787 7
713 787 11
340 788 11
525 788 12
426 788 10
209 789 10
190 789 6
645 789 11
790 841 12
95 790 13
665 790 8
791 797 10
737 791 13
269 791 10
322 792 10
395 792 12
221 792 11
231 793 11
493 793 11
586 793 11
419 793 11
261 793 9
136 794 13
247 794 12
495 794 9
285 795 8
795 953 8
682 795 11
747 796 11
88 796 15
757 796 9
797 800 9
796 797 12
193 797 8
798 954 10
688 798 13
419 798 6
323 799 8
253 799 12
164 799 10
248 799 13
561 800 11
371 800 8
800 866 9
801 972 8
188 801 12
626 801 11
732 802 14
584 802 9
631 802 10
242 802 13
766 803 13
56 803 10
803 952 9
318 804 9
140 804 11
804 838 8
414 805 10
132 805 12
546 805 8
805 958 12
806 891 10
446 806 11
755 806 9
675 806 13
519 806 11
807 870 11
403 807 10
70 807 8
448 808 10
808 820 10
419 808 8
15 809 10
809 983 11
809 891 7
554 810 14
170 810 10
574 811 11
188 811 12
483 811 11
160 812 12
812 977 10
590 812 12
554 813 11
734 813 8
489 813 12
814 970 11
327 814 8
549 814 10
404 814 10
39 815 11
87 815 15
242 815 8
207 815 11
588 816 11
816 926 9
164 816 11
817 961 8
586 817 8
99 817 11
199 817 8
359 817 9
260 818 13
633 818 8
359 818 12
817 818 11
718 819 10
72 819 9
4 819 8
242 820 10
692 820 15
103 821 9
821 921 13
67 821 11
318 822 10
423 822 18
419 822 11
165 822 10
91 823 9
324 823 11
824 984 11
824 964 10
39 824 8
824 982 8
697 825 8
251 825 13
711 825 11
825 910 10
826 913 11
826 853 15
331 826 10
100 827 9
85 827 10
593 828 10
821 828 9
161 828 9
14 829 9
492 829 10
331 830 17
803 830 10
831 906 11
810 831 12
704 831 12
179 831 12
399 832 11
700 832 11
832 857 10
416 833 10
833 917 14
759 834 12
132 834 8
308 835 6
521 835 11
434 836 7
837 919 11
226 837 11
771 837 13
101 837 8
838 870 11
677 839 14
769 839 11
189 839 10
478 840 9
223 840 9
190 841 9
841 962 9
10 841 10
701 842 13
307 842 10
360 842 10
842 957 13
843 994 12
844 975 13
137 844 16
633 844 9
615 844 11
611 845 12
845 981 10
111 845 10
783 846 12
607 846 11
422 846 13
209 847 12
799 847 11
454 847 10
409 847 11
847 952 11
473 848 11
591 848 10
633 848 9
849 969 8
502 849 12
607 849 12
705 849 10
7 850 10
242 850 9
494 850 12
353 851 9
262 852 10
470 852 11
853 884 11
734 853 8
501 853 10
741 853 12
33 854 7
284 854 8
319 855 11
499 855 13
600 856 15
10 856 13
112 857 7
335 857 12
839 857 8
363 858 12
571 859 12
626 859 12
156 859 8
89 859 11
192 860 7
245 860 10
526 860 9
598 861 13
87 861 10
862 908 12
339 862 8
598 862 11
133 863 16
389 863 7
256 864 12
223 864 10
864 994 10
295 864 13
357 864 12
730 865 14
321 865 7
734 865 10
866 898 12
516 866 12
85 866 9
475 866 12
444 867 8
589 867 13
450 867 12
868 910 10
493 868 10
87 868 7
25 869 14
643 869 10
869 953 11
820 870 12
827 870 8
23 870 15
275 870 11
175 871 10
430 871 12
752 871 12
795 871 9
706 871 9
371 872 12
843 872 13
244 872 11
453 872 13
873 939 12
1 873 8
631 873 8
369 873 9
479 874 13
627 874 11
528 874 11
258 874 9
62 875 9
237 875 12
629 876 11
386 876 16
117 876 11
143 876 12
682 877 13
717 877 13
877 887 10
488 878 8
368 878 14
604 879 12
879 967 11
207 879 10
655 880 10
334 880 10
880 905 11
346 880 9
849 881 10
844 881 8
881 903 13
803 881 12
681 882 11
576 882 13
676 882 12
722 883 8
42 883 9
357 883 8
533 884 11
32 884 10
695 884 13
543 884 16
417 885 12
310 885 12
301 885 7
859 886 10
298 887 6
776 887 7
522 888 14
176 888 7
158 888 12
627 889 12
648 889 12
274 890 8
890 996 11
401 890 13
608 891 7
159 891 12
280 892 10
534 892 9
164 893 10
7 893 8
498 893 12
345 894 11
768 894 10
663 894 11
860 895 12
253 895 8
216 896 9
886 896 8
229 896 11
335 896 9
841 896 15
663 897 8
290 897 12
111 897 8
312 898 12
736 898 9
145 899 14
101 899 13
132 899 12
760 899 12
126 900 8
727 901 9
276 901 10
131 901 13
51 902 13
492 902 12
119 902 9
89 902 9
337 903 11
802 903 13
390 903 11
828 903 12
545 904 12
566 904 11
632 904 11
347 905 13
905 912 10
37 906 8
666 906 9
21 906 10
77 906 12
788 907 12
5 907 12
907 963 11
756 907 13
801 908 9
10 908 8
877 908 13
687 908 9
234 909 14
854 909 11
393 910 9
535 910 9
154 910 10
818 911 10
70 911 12
665 911 9
155 912 15
117 912 9
427 912 7
530 912 12
659 913 10
647 913 12
84 913 9
150 914 13
280 915 7
526 915 8
791 916 11
787 916 11
423 917 11
427 917 10
507 917 12
143 917 12
447 918 12
399 919 11
603 919 11
705 920 11
142 920 12
661 920 10
463 920 13
269 921 8
724 921 7
591 921 6
751 922 9
856 922 11
454 922 11
162 922 13
544 923 10
142 923 12
696 923 10
923 976 13
15 923 10
598 924 11
329 925 9
78 925 15
473 925 13
19 925 9
19 926 13
171 927 11
402 927 12
595 927 11
520 928 14
882 929 12
720 929 11
925 930 13
497 930 10
898 931 16
369 931 15
322 932 10
922 932 5
769 932 15
244 933 9
270 933 8
587 933 10
210 933 11
239 934 13
669 934 8
568 934 12
928 935 13
423 935 9
556 936 10
646 937 15
920 937 12
559 937 12
40 937 10
744 938 12
120 938 12
647 938 11
144 939 12
333 939 12
174 939 12
445 940 8
863 940 9
263 940 8
941 973 8
101 941 8
785 941 9
342 942 10
500 942 14
697 943 10
195 943 15
943 961 9
776 943 11
715 944 12
643 944 9
171 945 12
129 945 10
945 981 5
337 946 11
944 946 13
325 946 11
366 946 9
430 947 8
662 947 12
201 947 13
145 947 10
816 947 14
730 948 10
20 948 13
676 948 10
669 948 13
840 949 11
716 949 12
511 949 12
480 949 11
873 950 10
459 950 11
579 950 9
949 950 10
337 951 9
198 951 11
951 980 11
779 952 11
919 952 10
804 953 14
858 953 9
234 954 12
128 954 7
313 954 10
735 955 11
743 955 11
915 955 10
669 956 10
111 956 10
668 957 13
122 957 10
21 957 8
54 958 9
11 958 11
125 958 13
669 959 10
96 959 11
717 959 13
728 960 11
836 960 10
26 960 10
434 961 10
918 962 10
558 962 14
279 962 9
808 962 10
122 963 13
465 963 10
354 963 12
964 983 10
859 964 10
335 964 9
749 965 7
150 965 13
708 965 10
602 965 12
480 966 11
609 966 14
183 966 13
644 966 11
643 966 7
904 967 10
708 967 13
869 967 13
585 967 10
920 968 9
218 968 6
166 969 11
331 969 8
230 969 10
769 969 13
794 970 7
684 970 13
359 970 10
877 971 11
971 975 8
464 971 10
700 971 9
712 972 11
289 972 14
357 972 12
181 973 13
232 973 12
974 986 11
796 974 13
662 974 11
846 974 10
58 974 12
294 975 12
487 975 10
329 975 9
555 975 12
600 975 8
460 976 9
510 976 10
580 976 9
366 976 10
417 977 12
178 977 10
967 977 12
354 978 11
652 978 12
59 978 11
526 979 9
336 979 7
26 979 12
680 979 12
561 980 12
127 980 7
688 980 11
894 980 10
349 981 10
981 990 14
763 981 11
642 982 9
169 983 11
861 983 9
879 983 10
300 983 8
10 984 6
781 985 10
723 985 13
629 985 8
117 986 10
35 986 12
116 987 10
512 987 10
843 987 8
615 988 12
267 988 10
731 988 10
172 988 9
690 988 14
118 989 12
717 989 12
301 990 15
115 990 9
760 990 16
92 991 8
185 991 11
257 992 9
714 993 9
716 993 11
15 994 13
522 995 11
324 996 12
122 996 9
280 996 9
153 996 11
95 996 10
137 997 11
858 997 11
83 998 10
24 998 11
649 998 10
189 998 10
805 999 8
622 999 7
508 999 9
