1000
0
6
4
7
7
8
8
7
4
10
2
4
4
3
6
6
10
10
9
6
5
7
7
4
4
5
6
4
6
4
2
8
6
5
9
7
4
8
10
3
1
8
9
9
7
6
4
5
9
4
2
9
4
8
10
7
2
6
8
6
9
9
7
2
3
9
6
6
9
6
7
4
8
4
2
3
5
7
9
3
3
5
2
5
9
8
5
6
2
3
5
2
3
8
3
8
3
10
7
6
8
2
7
8
9
6
1
6
8
7
8
9
2
4
8
10
9
1
10
5
4
9
4
6
6
5
8
7
7
8
4
5
5
3
2
4
10
3
8
3
10
7
9
5
8
2
5
3
8
3
6
5
5
10
9
7
5
4
3
8
5
7
5
5
6
4
1
8
6
3
7
7
8
3
6
10
9
10
3
4
3
5
5
6
4
10
9
4
3
8
2
7
3
2
2
4
3
4
7
9
1
2
3
2
4
8
2
5
2
8
4
4
7
8
9
5
2
4
9
5
7
8
4
9
9
4
9
1
9
8
9
6
6
8
3
7
6
4
1
2
8
6
1
4
8
6
8
5
1
8
7
8
1
3
3
10
3
2
3
4
9
5
7
3
2
10
4
4
7
4
3
6
3
9
3
1
5
3
7
5
7
4
2
4
6
7
6
9
5
3
10
7
5
7
5
4
10
3
7
9
4
4
9
5
3
3
4
5
8
3
8
9
5
10
3
7
3
10
5
8
3
5
9
6
5
4
8
4
2
6
2
10
5
2
7
9
8
6
1
1
2
3
4
6
3
8
4
4
7
6
8
7
4
5
2
7
4
8
5
8
4
7
4
3
3
3
6
10
8
4
5
1
7
1
9
7
7
6
4
7
5
6
8
5
9
9
3
10
4
8
2
5
9
8
3
8
6
8
1
7
5
2
6
5
10
6
1
8
2
8
9
9
3
2
10
4
6
4
10
6
9
9
8
6
4
2
1
9
6
8
5
7
9
1
4
2
10
6
6
9
8
10
6
8
3
6
3
5
7
5
5
2
5
5
3
9
4
2
3
9
6
1
4
4
6
3
7
9
9
5
9
9
2
8
1
1
10
4
5
4
4
7
1
6
6
2
2
7
10
9
7
4
3
2
5
6
3
4
2
3
7
3
8
6
4
10
7
3
7
4
5
4
2
6
1
5
7
6
4
4
1
5
3
8
5
4
1
9
8
6
8
6
4
10
8
2
3
2
4
4
6
9
5
7
3
9
9
3
8
4
2
5
9
2
6
4
5
3
9
9
7
9
2
9
5
10
7
2
5
6
4
6
4
7
6
8
6
7
2
9
2
3
5
8
5
3
3
6
8
5
4
4
8
7
1
8
5
4
10
2
3
1
6
7
4
9
9
5
6
7
6
10
5
10
7
5
9
4
2
2
8
9
8
7
3
6
2
7
5
6
5
8
3
9
4
5
2
1
6
4
6
3
5
9
8
7
9
9
3
9
3
2
2
4
4
3
2
7
2
4
8
3
9
7
3
5
6
3
9
7
8
7
10
9
3
9
3
4
3
3
4
8
10
7
3
5
3
7
7
8
6
7
8
5
2
7
9
4
1
6
8
5
4
6
2
5
7
7
4
9
5
8
2
3
7
9
2
7
2
9
8
9
8
8
5
8
5
3
3
3
7
2
2
8
5
9
10
2
2
4
6
4
5
3
9
10
4
8
9
6
9
4
10
2
9
7
2
4
8
9
4
2
8
1
2
5
7
6
9
3
2
2
5
2
5
9
7
2
3
10
7
3
8
2
10
4
6
2
9
9
2
3
7
8
10
5
5
2
10
6
2
3
7
2
4
6
1
6
8
7
9
8
6
5
5
1
4
3
6
3
9
3
3
4
1
9
2
7
9
2
1
3
5
6
1
6
7
4
2
2
6
9
2
10
5
9
7
6
8
3
9
3
5
3
6
5
8
2
4
5
6
5
9
2
10
4
6
3
4
8
2
6
3
2
3
7
9
9
4
9
4
7
6
9
9
7
6
2
4
6
4
6
1
10
3
10
3
6
6
8
10
2
7
1
6
4
4
1
9
5
10
4
1
1
1
9
4
10
8
4
10
3
10
8
1
10
9
4
7
7
3
4
9
1
8
5
2
7
3
8
1
5
2
8
4
3
3
6
6
3
6
9
5
7
5
7
8
1
9
7
2
3
3
7
6
6
8
6
9
4
6
3
1
9
6
5
8
6
2
5
8
5
6
2
9
2
7
7
2
6
2
5
8
2
4
5
2
7
2
6
0 55 11
0 677 12
0 379 11
0 31 8
0 189 10
0 274 13
1 563 11
1 542 15
1 616 12
1 393 10
2 355 10
2 225 8
2 799 11
2 232 9
2 547 14
3 178 10
3 886 10
3 372 10
3 904 13
3 734 14
4 289 12
4 786 7
4 50 9
4 368 9
4 405 9
4 61 12
5 259 10
5 822 11
5 966 10
5 384 11
6 570 10
6 538 9
6 813 12
6 292 14
6 780 11
7 332 11
7 93 12
7 445 12
7 290 9
7 427 11
8 669 8
8 155 10
8 110 9
8 529 9
8 203 6
9 772 7
9 271 6
9 487 10
10 944 7
10 882 7
10 564 9
10 464 12
11 154 11
11 50 11
11 529 11
12 405 11
12 331 10
12 495 8
12 202 10
12 271 13
13 558 9
13 534 9
13 908 9
13 766 8
14 576 13
14 599 10
14 734 12
15 590 11
15 480 13
15 218 14
15 267 11
15 948 9
16 292 11
16 405 13
16 412 10
16 346 12
17 178 11
17 863 11
17 222 10
17 490 12
17 358 11
17 478 11
18 29 14
18 31 8
18 862 10
18 599 10
18 750 10
18 444 12
19 123 10
19 196 7
19 240 11
19 341 10
19 721 10
19 369 8
19 983 9
20 970 9
20 46 6
20 891 10
20 373 6
20 640 13
20 795 11
21 147 11
21 256 11
21 82 10
9 21 12
22 194 9
22 826 10
22 258 12
22 819 9
6 22 9
22 346 11
23 287 12
23 409 11
23 354 10
23 526 9
23 111 11
24 779 8
24 637 12
24 242 13
25 712 13
25 350 11
25 107 12
25 789 9
25 488 15
26 236 12
26 788 10
26 301 8
26 927 10
26 757 8
26 813 15
27 440 12
27 931 11
27 201 11
27 367 10
28 986 12
28 654 13
28 864 11
28 843 9
28 698 9
29 35 10
29 537 12
29 826 10
29 813 11
29 477 11
29 456 8
30 227 10
30 166 12
30 192 11
30 511 10
30 31 10
30 304 7
31 96 7
31 728 12
31 259 10
31 310 13
31 192 12
26 32 9
32 759 11
32 346 9
32 339 9
32 732 10
32 270 10
33 952 9
33 68 11
33 588 10
33 66 10
33 283 13
33 614 12
34 820 13
34 460 11
34 403 13
35 589 8
35 917 13
35 284 10
35 262 10
35 313 12
35 198 9
36 226 7
36 396 8
7 36 12
36 185 11
36 591 13
7 37 13
37 168 9
37 443 11
37 125 13
37 239 9
37 275 7
38 877 9
38 382 11
38 154 10
38 871 8
38 595 10
39 594 9
39 924 8
39 549 11
40 78 14
40 413 12
40 474 16
40 612 13
41 173 13
41 341 12
41 537 9
41 928 12
41 608 12
41 42 14
42 986 9
42 275 10
42 701 11
42 51 12
43 325 12
43 318 11
43 900 6
43 928 8
43 959 8
43 989 13
44 669 11
44 859 12
44 992 10
44 698 10
45 310 12
45 572 10
45 905 11
45 673 14
45 451 10
46 826 8
46 382 11
46 421 13
46 75 11
47 747 10
47 821 10
47 451 9
47 76 12
15 47 8
48 531 10
48 746 7
48 340 8
48 257 9
48 382 10
49 182 8
49 418 12
49 654 9
49 436 12
49 989 11
50 91 12
50 787 6
50 727 9
50 734 8
50 188 8
51 237 12
51 158 11
51 918 7
51 69 11
51 79 8
51 437 9
52 615 12
52 84 10
52 709 14
52 868 14
53 66 14
53 592 11
53 405 10
53 317 14
2 53 10
53 973 11
54 905 8
54 60 7
54 909 9
54 171 9
54 717 16
55 570 11
55 796 8
55 916 10
55 324 5
55 469 8
56 634 8
56 571 9
56 292 13
56 99 10
56 856 11
57 416 8
57 406 11
57 639 12
57 522 9
57 803 9
57 997 8
57 636 10
57 265 13
58 732 11
58 115 10
58 823 10
58 833 10
58 768 11
59 731 13
59 856 12
59 244 10
60 885 10
60 266 10
60 553 11
60 675 11
60 566 12
61 675 13
61 410 9
61 182 9
61 202 10
62 732 6
62 969 12
62 834 12
25 62 12
62 633 10
63 339 13
21 63 14
42 63 10
63 865 10
64 68 10
64 785 16
64 459 13
65 970 10
65 863 11
65 702 12
65 233 9
64 66 10
66 71 11
66 156 7
67 151 10
67 643 12
67 298 10
67 254 13
67 597 11
67 185 15
68 135 10
68 739 11
16 68 13
68 252 7
68 380 7
69 838 12
69 409 10
69 843 12
69 466 10
69 890 12
69 319 15
70 865 11
70 634 15
70 846 13
70 679 13
30 70 14
71 369 11
71 942 8
60 71 6
71 759 14
1 71 9
72 448 10
72 789 13
72 732 8
73 302 11
73 585 5
73 807 11
73 681 10
73 374 13
73 702 10
74 375 12
74 281 13
74 391 11
74 679 10
74 320 11
75 822 12
75 846 12
75 647 13
75 315 10
75 979 11
75 365 8
76 553 9
76 109 11
27 76 11
77 238 7
77 613 11
77 91 9
77 508 7
77 925 14
78 874 10
78 748 11
78 823 12
78 997 11
78 247 12
79 246 11
79 936 11
79 725 7
79 894 13
79 240 8
79 191 11
80 578 8
80 183 12
74 80 9
80 927 8
80 595 10
80 419 9
81 231 10
81 829 14
81 997 13
81 119 10
82 409 13
82 691 12
82 866 12
82 654 8
82 431 10
82 115 13
82 756 9
83 583 13
83 112 7
83 861 11
57 83 15
84 347 14
84 892 8
84 537 8
84 659 13
84 288 11
85 558 16
85 477 10
85 246 8
85 491 10
85 520 10
86 437 9
86 680 9
86 701 10
87 919 12
87 741 11
87 283 12
87 234 9
87 246 10
87 696 7
88 349 8
88 491 11
88 984 11
88 163 9
88 130 8
89 772 9
89 191 10
89 854 12
89 159 9
89 162 11
90 234 13
90 923 7
90 706 13
90 759 12
91 594 6
91 653 12
91 410 11
91 566 11
91 770 15
92 157 7
92 245 7
3 92 11
92 400 12
92 715 11
93 925 13
93 613 8
93 249 12
93 655 10
94 519 11
94 152 14
64 94 13
95 858 10
95 164 14
95 190 10
95 541 10
95 664 12
96 440 8
96 160 11
96 922 10
96 404 13
96 755 13
97 374 14
97 681 11
82 97 14
49 97 11
97 382 11
98 821 13
94 98 13
98 281 11
98 523 8
98 341 9
98 376 11
99 323 15
99 288 8
99 754 10
99 931 11
99 577 7
100 649 7
100 457 12
100 166 10
100 710 12
101 455 13
101 375 12
101 616 15
101 182 12
101 972 13
101 168 10
102 973 12
102 104 11
54 102 11
103 601 11
103 392 12
103 919 6
103 124 11
103 675 10
104 947 10
80 104 12
104 924 15
104 207 12
104 463 9
83 104 9
105 206 11
82 105 11
63 105 9
105 533 7
105 415 9
106 309 13
106 172 12
106 333 9
106 740 14
106 630 8
107 360 11
107 317 10
85 107 9
107 939 12
107 691 10
43 108 12
108 708 9
108 304 12
108 503 10
30 108 9
108 663 11
109 980 13
109 768 9
107 109 8
109 374 11
110 807 12
110 972 12
110 985 12
110 152 10
111 518 14
111 717 13
111 293 14
111 615 9
112 162 10
112 443 10
112 719 11
112 782 9
112 686 10
113 295 10
113 582 13
113 701 8
113 996 8
113 606 11
113 321 10
114 483 16
114 740 13
114 660 11
114 979 10
114 578 7
115 841 6
115 721 10
28 115 11
115 682 11
107 115 9
116 468 9
116 517 8
116 575 13
116 563 15
116 553 10
117 350 12
117 946 10
51 117 8
117 813 11
117 502 11
118 394 12
118 206 10
118 412 10
118 848 11
85 119 12
119 381 11
119 947 12
119 248 10
120 661 13
120 184 12
120 842 10
15 120 11
121 607 14
21 121 10
121 576 11
121 226 9
121 331 12
106 121 12
122 197 8
122 234 9
122 603 9
122 884 12
122 811 6
122 931 12
123 149 6
123 753 12
123 551 11
123 632 10
123 843 8
124 650 11
124 805 12
124 127 11
125 845 9
125 990 11
125 595 11
126 135 13
48 126 14
28 126 14
126 717 10
127 768 13
127 378 11
127 735 12
127 673 9
127 253 12
128 537 11
128 783 12
128 230 12
128 762 8
128 238 12
129 277 11
129 424 11
129 766 14
129 567 8
130 656 11
130 134 8
130 998 12
131 932 12
131 746 10
40 132 8
132 375 9
132 783 12
132 513 13
132 981 9
67 133 12
133 362 9
133 996 11
133 310 11
134 468 10
134 228 10
134 440 9
134 980 11
134 975 9
134 445 10
134 424 12
135 912 9
135 958 10
135 550 9
135 675 11
136 295 11
136 269 14
136 399 8
136 654 12
136 299 9
136 772 8
137 952 10
137 672 5
137 915 10
137 153 11
137 294 12
137 264 13
49 138 11
138 304 8
138 657 12
138 791 11
138 400 12
138 447 11
125 139 8
139 237 14
77 139 16
139 390 10
139 791 11
90 139 11
140 922 11
140 294 13
140 459 10
140 472 8
140 596 13
141 308 9
141 752 7
141 423 15
141 353 13
141 995 11
142 627 11
142 331 11
30 142 12
142 669 10
137 142 9
142 294 16
69 142 11
142 792 11
143 729 12
143 573 11
143 867 11
143 230 7
143 169 11
45 143 9
144 198 9
77 144 12
144 912 9
76 144 11
145 177 10
27 145 11
145 880 13
146 766 11
146 976 14
146 149 14
146 663 12
146 483 11
140 146 13
146 355 9
147 278 13
147 750 10
147 412 13
147 594 7
147 753 12
148 410 10
148 176 13
148 697 13
148 983 11
148 546 14
149 793 12
149 300 11
149 827 11
149 813 10
149 223 13
150 947 10
150 361 10
150 793 9
150 736 11
150 382 10
151 425 7
151 648 12
151 460 12
2 151 12
151 929 10
152 193 9
82 152 13
152 323 11
152 602 9
152 844 14
152 749 8
153 170 14
153 510 9
153 225 12
16 153 12
153 625 11
105 153 13
154 165 7
154 601 9
154 385 9
154 917 11
154 487 9
155 809 11
132 155 8
155 311 9
155 703 10
155 336 12
156 413 13
156 348 8
156 246 9
156 227 8
156 982 9
157 764 6
157 450 9
157 853 9
27 157 9
157 856 10
63 158 7
158 875 7
158 343 3
158 563 10
158 690 10
158 833 11
69 158 12
159 891 10
159 438 10
159 479 10
159 870 12
160 468 11
160 406 11
160 708 10
153 160 10
161 967 9
161 412 9
36 161 12
161 432 11
161 485 12
162 736 10
162 738 12
73 162 10
93 162 11
162 596 8
162 225 13
163 307 11
163 334 8
20 163 7
24 163 11
163 453 12
163 804 11
163 210 11
164 998 11
164 303 12
164 375 12
20 164 11
165 413 13
165 792 8
165 201 8
166 802 10
166 908 10
166 750 11
166 669 15
166 971 10
166 565 11
167 704 12
167 883 11
44 167 10
167 572 12
167 204 11
168 705 11
168 227 10
168 576 11
168 594 16
169 591 9
169 985 11
169 716 10
169 996 12
170 653 10
170 795 9
170 829 9
170 375 9
125 170 9
171 544 12
33 171 10
14 171 10
171 530 12
172 664 8
172 308 10
172 879 10
172 594 9
172 458 12
140 173 12
173 446 14
173 827 10
173 264 15
66 173 14
105 174 8
17 174 8
174 435 13
174 494 11
174 775 11
3 175 11
43 175 11
175 401 13
175 176 7
145 175 10
176 788 11
176 614 7
176 883 15
176 441 13
176 851 15
177 992 12
177 792 8
46 177 11
177 974 9
156 177 9
177 299 14
177 505 7
45 178 11
154 178 10
178 309 9
29 178 10
179 906 11
116 179 9
179 742 10
179 239 11
180 215 10
180 506 9
180 435 7
180 356 8
108 180 9
181 894 11
181 347 11
181 394 9
181 548 8
181 354 12
182 414 7
103 182 6
182 718 12
182 193 10
182 199 9
182 958 12
183 430 12
157 183 9
183 495 13
184 772 9
184 775 8
184 681 8
184 395 12
182 184 10
184 389 11
185 730 12
185 645 13
185 391 14
185 632 10
185 835 10
158 185 12
186 317 10
6 186 11
186 826 11
186 636 11
186 973 11
98 187 9
187 854 11
147 187 12
187 266 9
60 187 11
187 404 9
187 528 7
7 188 10
188 635 10
29 188 11
188 672 8
189 221 10
189 765 9
161 189 10
189 936 9
189 735 9
190 226 8
190 301 10
145 190 12
190 488 13
191 203 14
191 217 11
191 929 12
138 191 9
191 310 9
191 878 11
192 753 10
128 192 15
66 192 8
192 711 11
192 529 13
193 704 9
193 440 12
193 572 9
51 193 12
193 896 11
188 193 9
194 930 10
194 634 10
194 757 10
194 540 11
194 913 7
195 233 8
195 486 13
195 844 11
195 865 10
195 906 11
31 196 10
196 262 8
196 917 7
196 960 12
197 560 16
197 467 11
197 799 14
197 592 8
197 498 12
197 481 10
197 555 8
198 938 15
81 198 10
197 198 8
199 494 9
14 199 12
199 952 12
199 360 8
199 994 12
200 979 16
200 912 13
77 200 12
200 329 8
200 621 13
91 201 14
201 710 11
131 201 11
201 435 12
202 616 10
202 603 11
2 202 9
202 308 11
157 202 10
202 415 11
51 203 11
203 337 10
171 203 13
203 568 12
203 714 9
203 373 12
69 204 15
204 807 11
132 204 6
204 331 11
145 204 11
205 352 9
205 761 12
150 205 11
205 251 13
206 669 12
206 830 13
206 441 13
206 947 11
206 470 12
206 599 8
207 406 9
185 207 10
51 207 8
207 998 9
208 659 10
208 259 10
208 272 8
208 997 12
157 208 11
208 476 11
209 848 9
209 910 9
209 273 7
61 209 12
82 209 10
209 985 11
209 921 9
210 919 10
210 213 12
210 713 9
204 210 8
210 885 13
5 210 9
83 210 7
129 211 9
211 493 8
211 633 9
137 211 11
211 446 9
211 643 9
212 428 10
212 874 13
212 606 12
212 533 9
213 556 9
22 213 14
213 809 13
213 383 10
213 236 8
213 296 9
214 551 10
214 277 11
214 288 9
215 917 5
150 215 6
215 871 10
215 561 10
215 794 13
216 893 12
1 216 11
216 467 7
216 785 14
216 821 11
216 268 10
133 217 11
217 329 12
217 933 10
217 736 10
217 534 9
217 641 10
211 218 12
218 421 8
22 218 11
218 777 7
218 604 13
219 888 14
219 277 10
219 223 13
219 379 9
219 297 14
220 856 10
220 647 10
220 797 9
220 474 13
221 623 9
221 975 12
221 262 10
221 632 10
221 871 9
106 221 10
222 668 11
222 297 10
222 508 11
116 222 10
222 686 9
222 484 11
223 464 11
223 253 8
223 899 11
141 223 7
223 522 11
223 683 12
224 675 7
224 631 13
224 467 13
224 446 13
224 603 12
225 476 10
76 225 12
225 405 9
226 469 9
226 817 12
226 724 11
226 655 13
226 967 9
226 998 14
227 479 8
227 881 13
227 703 8
86 227 9
61 227 15
228 641 9
228 855 9
228 784 11
228 509 11
228 577 10
228 604 11
229 831 12
229 653 13
104 229 11
60 230 11
230 658 14
230 811 13
230 887 11
230 961 13
231 639 11
231 537 12
194 231 10
231 802 9
231 790 12
232 518 8
232 772 9
186 232 10
233 771 11
233 898 8
233 791 11
233 927 11
233 883 12
233 742 8
234 403 11
234 303 9
234 695 14
234 809 6
234 942 10
235 919 9
235 603 10
106 235 7
235 714 8
144 235 12
235 657 13
235 616 14
236 392 12
236 834 7
236 983 8
236 352 11
174 236 14
237 426 13
40 237 9
237 637 13
237 455 13
26 237 14
237 850 7
238 816 10
238 978 11
238 744 10
114 238 12
238 562 8
102 238 11
239 453 10
239 243 10
221 239 6
239 457 13
239 832 11
240 657 13
240 954 10
240 286 9
240 775 13
240 295 10
240 746 12
241 682 10
241 976 6
37 241 9
242 644 10
242 297 11
242 428 8
242 860 10
243 783 14
243 721 12
103 243 9
243 347 14
244 840 12
244 358 9
244 679 11
244 931 10
209 244 10
134 244 7
244 710 10
137 245 12
245 862 8
245 966 12
245 724 9
245 909 15
82 245 8
246 301 7
246 587 11
246 623 13
195 246 10
246 364 10
247 778 9
247 333 13
156 247 10
247 676 9
247 270 13
186 248 12
248 603 10
193 248 14
248 605 9
248 270 10
39 248 11
248 427 9
249 517 15
103 249 11
249 748 11
153 249 8
249 906 10
123 249 13
250 307 7
250 898 10
250 984 13
250 253 8
189 250 9
251 738 15
251 705 10
190 251 11
251 524 10
251 758 11
179 251 11
252 886 8
252 450 10
252 994 12
252 567 12
158 252 9
178 253 11
43 253 10
217 253 12
253 442 7
201 253 14
253 984 8
254 775 11
254 618 12
26 254 9
254 332 9
208 255 10
255 474 10
255 791 9
255 852 13
237 255 11
85 256 13
254 256 9
256 995 12
256 832 10
71 256 11
257 724 8
257 290 11
257 844 9
257 659 8
258 495 8
258 628 12
198 258 10
259 470 12
126 259 10
259 285 10
259 465 13
260 569 12
260 287 10
260 756 11
261 471 9
261 556 12
261 573 10
261 745 10
261 657 14
261 267 10
101 262 9
125 262 6
262 764 11
118 262 10
262 488 10
262 706 11
262 403 14
201 263 11
263 941 8
263 926 12
173 263 10
72 263 11
264 824 9
264 503 6
20 264 12
264 383 11
264 567 13
265 933 10
265 876 12
265 299 13
265 851 8
47 265 6
13 266 10
266 700 11
266 634 11
267 645 13
267 278 11
267 322 11
267 912 13
130 267 7
72 268 9
268 963 8
268 596 12
268 652 10
268 731 13
268 709 11
268 569 11
269 859 7
269 623 9
269 810 9
269 774 11
269 718 11
269 628 10
270 558 15
221 270 8
270 353 10
170 270 9
271 769 13
271 690 11
176 271 7
271 500 12
271 565 6
16 272 13
272 720 13
272 547 11
272 322 12
236 272 12
273 388 13
35 273 11
273 549 13
273 632 14
273 299 7
274 512 8
274 957 8
274 555 6
274 553 11
103 275 9
275 960 11
275 880 12
275 295 11
275 942 10
276 287 8
276 499 14
276 339 8
207 277 11
277 315 13
277 869 11
139 277 10
277 873 10
278 733 13
278 971 10
278 445 13
146 278 7
278 711 13
279 734 7
16 279 8
279 554 13
140 279 9
279 688 12
280 306 10
219 280 7
97 280 11
224 280 10
280 821 11
281 617 9
281 369 12
281 852 9
178 281 9
281 892 7
282 666 8
136 282 11
282 458 9
283 619 7
283 780 11
259 283 8
283 641 9
283 669 11
66 283 13
135 283 13
284 843 15
284 835 9
284 478 12
284 504 14
284 918 12
212 285 9
285 841 14
285 287 10
272 285 9
285 299 12
26 286 11
16 286 10
286 921 11
286 629 12
286 685 7
286 334 14
287 797 6
287 574 8
287 408 9
287 794 7
287 291 13
287 652 10
288 613 13
288 854 13
288 844 7
288 444 14
288 930 15
288 495 9
289 678 11
289 709 11
178 289 9
289 457 7
289 518 12
289 867 13
290 975 10
290 733 9
290 726 9
214 290 10
290 750 9
290 617 9
291 607 10
52 291 11
115 291 10
291 926 10
28 291 9
291 777 13
292 955 12
292 391 8
292 629 8
292 793 11
292 768 9
179 292 8
293 376 10
293 540 11
293 579 13
293 563 12
294 720 11
294 805 11
294 311 11
192 294 10
294 813 9
251 295 10
295 388 13
295 722 12
157 295 11
296 428 10
296 557 10
296 330 12
264 296 9
296 640 14
208 296 9
297 368 12
297 694 11
297 999 9
297 701 13
298 391 13
298 726 9
298 879 10
296 298 10
6 298 11
298 958 8
217 298 11
299 605 8
80 299 8
299 314 13
299 396 11
300 971 10
300 935 13
66 300 9
136 300 12
300 516 11
84 300 10
301 508 3
301 964 10
19 301 10
301 834 12
301 753 10
302 436 13
302 354 6
152 302 10
302 801 10
157 303 10
303 709 8
291 303 7
288 303 10
303 598 12
286 303 10
304 535 13
304 958 8
10 304 8
304 695 10
304 395 14
305 447 9
305 506 12
130 305 9
118 305 11
289 305 13
306 619 12
127 306 10
248 306 11
306 403 14
306 480 11
307 352 12
307 406 13
307 337 12
307 720 10
87 307 10
118 308 14
226 308 13
221 308 13
308 378 7
130 308 10
16 309 11
244 309 11
309 651 13
309 875 10
309 475 10
162 310 11
310 692 9
310 478 12
310 704 12
80 310 9
310 904 9
311 966 12
311 798 12
311 474 13
311 374 11
311 497 10
311 995 9
280 312 14
312 677 10
312 861 9
312 803 11
312 896 12
313 728 8
313 444 11
313 448 12
302 313 12
313 778 14
313 452 13
314 995 11
314 381 13
314 934 13
300 314 12
314 778 11
135 315 12
14 315 11
48 315 9
315 475 8
315 401 12
315 371 9
316 971 10
62 316 9
316 959 7
122 316 11
316 575 9
317 681 7
317 403 13
317 607 9
317 742 11
317 318 7
193 317 8
318 899 13
318 664 9
318 792 12
89 319 11
44 319 15
319 977 12
319 469 8
296 320 7
320 601 13
320 659 9
320 495 10
320 701 7
320 646 11
255 321 9
321 515 10
321 335 13
280 321 7
321 637 11
322 334 7
322 837 7
322 856 12
322 607 11
322 575 12
148 322 12
323 680 11
323 738 10
323 614 11
323 981 12
323 639 11
129 324 10
324 614 12
324 812 11
324 887 11
324 444 10
325 504 6
325 827 10
325 492 14
325 572 11
325 654 9
326 389 11
10 326 10
274 326 10
326 568 12
326 371 10
327 330 10
163 327 12
327 592 8
327 888 13
328 668 13
39 328 7
6 328 13
303 328 13
328 431 11
97 329 14
329 773 12
329 878 13
42 329 8
15 329 10
329 871 10
329 741 12
330 375 11
172 330 13
330 340 8
330 828 12
269 330 11
331 524 13
331 839 13
331 695 6
331 354 12
331 935 11
58 331 11
323 332 11
12 332 9
332 828 11
162 332 11
332 915 9
333 636 13
333 563 8
120 333 10
222 333 12
333 437 11
333 918 13
334 877 11
66 334 13
189 334 10
178 334 12
334 943 12
282 335 11
335 645 6
14 335 8
107 336 11
336 626 10
251 336 8
336 440 12
316 336 11
337 643 13
337 397 7
137 337 7
178 337 12
337 991 12
338 770 12
176 338 10
213 338 10
338 457 10
339 344 10
339 929 7
105 339 8
117 339 13
339 560 10
340 961 7
1 340 8
340 577 10
341 643 10
341 656 6
341 958 8
137 341 13
341 542 10
120 342 11
23 342 10
342 466 10
342 829 10
342 738 11
342 826 12
342 654 11
343 633 9
343 404 11
40 343 11
343 457 8
344 505 5
77 344 11
344 932 12
344 813 9
106 345 5
345 475 13
345 752 12
345 426 10
345 919 13
346 349 14
346 390 9
346 791 9
346 439 12
346 649 8
275 347 13
347 988 9
301 347 12
347 599 8
348 571 6
348 683 11
19 348 10
348 674 10
349 545 15
141 349 12
349 781 8
349 539 9
170 349 12
350 879 12
350 412 11
350 863 12
350 592 9
350 359 11
350 552 9
351 951 5
351 517 6
351 683 13
351 976 10
351 444 13
351 787 11
351 483 8
352 693 10
120 352 9
352 727 9
352 510 10
352 459 11
353 997 7
353 482 9
353 666 8
353 684 11
126 353 7
353 828 12
354 622 9
354 832 12
354 661 10
354 817 10
355 984 8
42 355 7
355 495 10
355 366 14
355 481 9
356 760 13
17 356 9
133 356 12
357 809 11
357 785 12
200 357 9
160 358 12
36 358 10
358 700 9
358 543 9
318 358 10
359 876 6
359 827 10
63 359 13
359 981 9
78 360 9
360 751 9
360 729 13
360 485 13
313 360 9
361 901 7
361 475 10
340 361 12
240 361 11
278 361 14
362 375 14
142 362 4
362 370 11
121 362 11
363 670 9
363 601 8
31 363 10
363 456 10
148 363 14
363 776 9
364 515 11
364 785 9
364 595 10
364 865 9
364 823 13
365 832 14
365 764 12
365 378 12
365 401 6
365 738 11
197 366 8
366 645 16
366 774 10
366 378 8
367 808 11
367 592 12
267 367 11
318 367 7
151 368 7
368 813 8
308 368 11
368 500 9
97 368 10
369 844 8
369 570 11
152 369 8
192 369 9
324 369 10
369 578 9
370 870 11
370 563 10
370 573 10
370 496 9
278 370 9
347 371 12
89 371 12
325 371 10
371 411 11
346 372 14
142 372 9
185 372 12
372 465 10
372 707 10
372 747 10
373 969 12
373 802 9
187 373 12
373 977 6
374 958 10
374 924 13
374 726 15
374 900 11
84 374 9
0 374 7
375 682 9
315 375 9
168 375 12
375 853 9
348 375 11
134 375 15
30 376 12
284 376 10
376 569 11
351 376 12
376 679 14
377 916 13
377 971 8
377 700 7
28 377 8
354 378 10
378 898 15
378 459 13
378 799 12
188 378 11
167 379 13
379 532 13
235 379 12
379 535 9
379 384 12
380 797 12
331 380 12
340 380 9
372 380 9
380 798 11
26 380 9
381 847 11
381 395 10
381 729 11
381 853 11
315 381 9
382 762 9
313 382 11
382 784 12
382 506 11
219 383 11
233 383 11
253 383 8
383 624 6
383 484 12
383 432 7
135 384 10
384 707 13
169 384 11
384 552 12
385 685 12
385 907 12
185 385 10
336 385 12
384 385 9
317 386 10
386 479 11
386 541 13
386 617 10
386 649 10
386 462 7
60 386 13
387 713 13
387 703 9
387 791 9
216 387 12
387 547 12
257 388 9
388 394 9
388 947 9
388 749 12
389 593 8
187 389 9
377 389 7
323 389 13
60 390 9
45 390 11
390 805 11
115 390 11
390 865 8
391 600 15
125 391 11
369 391 8
363 391 14
18 391 12
63 391 7
73 392 11
392 449 8
114 392 11
124 392 10
392 906 13
393 437 13
393 646 9
393 825 11
258 394 9
394 762 12
394 432 7
220 394 10
394 725 11
395 929 13
395 742 9
395 570 11
290 395 10
395 437 10
395 715 13
396 740 8
356 396 11
281 396 11
397 426 10
397 660 7
397 862 8
1 397 7
397 524 14
397 824 12
89 398 9
398 456 12
375 398 10
192 398 9
399 600 10
399 958 11
399 612 8
399 935 10
291 400 8
30 400 10
53 400 12
401 816 9
401 910 9
401 938 11
401 483 8
9 401 6
151 401 10
234 402 15
215 402 8
185 402 10
402 679 9
402 701 12
402 728 8
397 403 12
403 803 10
138 403 12
403 410 14
404 799 11
404 544 13
84 404 8
405 669 12
405 734 11
405 865 9
129 405 11
109 405 14
190 405 13
405 882 9
94 406 10
4 406 11
406 853 10
407 468 10
407 809 13
407 630 9
407 879 9
323 407 8
214 408 14
326 408 11
21 408 7
408 951 10
408 458 11
409 765 10
401 409 7
46 409 6
409 538 9
409 504 12
410 665 11
410 918 9
410 937 7
410 448 11
411 908 11
296 411 13
411 496 13
71 411 11
18 411 10
411 652 13
412 785 11
233 412 12
412 598 11
17 412 10
413 891 12
413 929 7
75 413 11
413 761 10
413 449 14
222 413 9
364 414 12
414 877 13
376 414 9
414 797 9
414 539 9
406 415 11
415 574 12
318 415 14
415 811 10
385 415 8
416 477 8
416 826 12
264 416 14
338 416 10
416 528 11
416 515 10
324 417 12
17 417 9
417 440 10
15 417 12
70 417 7
418 452 11
418 920 12
62 418 10
418 800 14
234 419 12
180 419 9
419 790 9
419 444 10
155 419 11
419 579 9
420 863 13
420 603 12
103 420 8
391 420 11
122 420 12
420 830 14
421 969 10
42 421 12
421 646 10
421 654 12
265 421 12
417 421 10
422 466 8
422 551 9
238 422 10
394 422 12
422 722 15
422 969 9
423 501 13
298 423 10
360 423 11
423 955 12
423 643 11
206 424 11
424 510 9
424 799 12
413 424 9
424 636 13
424 522 13
425 573 13
405 425 14
105 425 9
425 545 11
425 428 9
239 426 12
182 426 11
148 426 12
273 426 9
426 989 10
427 468 8
345 427 7
427 661 9
169 427 11
25 427 11
428 563 12
358 428 12
359 428 11
428 603 12
428 729 8
429 523 7
105 429 13
175 429 11
429 991 11
429 474 11
429 903 12
430 609 8
430 746 10
216 430 11
430 754 9
214 431 11
431 587 11
168 431 8
353 431 11
131 431 13
432 836 13
68 432 10
371 432 11
432 454 12
313 432 13
432 530 12
433 545 10
433 539 9
67 433 13
164 433 11
433 807 11
265 433 9
167 433 12
434 797 8
434 516 9
434 598 11
198 434 9
219 434 10
434 791 12
434 620 13
435 998 15
435 820 12
435 734 10
86 435 10
327 435 7
61 435 9
419 436 11
82 436 9
436 893 9
436 678 9
436 496 9
436 880 14
437 902 10
104 437 13
437 903 13
437 953 12
437 449 9
438 505 9
341 438 11
438 885 9
438 463 11
438 684 7
439 977 13
439 535 12
376 439 9
439 936 13
439 764 11
439 671 12
440 695 10
383 440 9
440 990 13
440 466 10
440 773 10
61 441 11
318 441 15
441 511 9
441 846 9
441 710 10
326 441 10
441 962 14
160 442 10
362 442 10
1 442 8
409 442 10
440 443 9
443 737 9
443 918 10
337 443 11
443 566 10
444 905 13
29 444 10
317 444 12
444 716 12
314 444 11
401 445 12
445 665 12
445 449 13
446 617 13
446 889 10
230 446 13
326 447 10
447 732 11
199 447 10
447 607 7
447 675 10
47 448 12
78 448 11
448 752 10
448 923 12
448 830 9
448 625 15
338 449 14
449 644 8
449 842 9
4 449 10
449 559 10
127 450 11
450 685 11
132 450 11
33 450 9
318 450 14
290 451 10
131 451 8
451 575 10
191 451 10
451 645 12
452 828 9
383 452 8
323 452 11
452 530 10
452 930 12
8 453 9
453 983 10
261 453 10
454 896 11
454 763 10
454 653 11
455 630 10
248 455 13
455 810 13
79 455 8
455 704 9
74 456 11
440 456 9
456 702 14
427 456 12
404 456 10
308 456 13
457 616 13
457 622 14
9 457 12
217 457 10
457 548 10
458 610 10
458 695 12
222 458 12
439 458 11
229 458 14
459 759 8
413 459 10
459 839 12
459 832 13
459 723 9
459 747 9
460 794 11
104 460 11
460 588 9
229 460 9
410 460 11
460 603 11
460 776 12
292 461 10
461 834 9
403 461 14
52 461 6
462 508 9
303 462 10
161 462 12
462 610 11
462 539 12
463 752 10
77 463 7
60 463 13
80 463 12
463 825 9
187 463 13
373 464 15
464 747 12
464 992 11
107 464 14
464 692 12
464 701 6
465 993 11
465 499 9
465 537 8
448 465 10
466 557 10
290 466 7
439 466 10
466 514 13
269 466 13
357 467 9
467 561 7
57 467 13
336 467 11
9 467 8
468 755 9
468 587 8
158 468 12
468 835 8
188 468 11
469 940 10
469 571 8
469 703 11
414 469 14
469 947 10
420 470 10
470 634 11
470 793 9
466 470 11
471 875 10
471 986 8
34 471 8
207 471 9
420 471 12
312 471 6
453 472 13
472 811 11
100 472 13
472 921 11
32 472 9
166 472 10
450 472 9
22 473 12
93 473 9
473 743 10
83 473 10
473 592 7
471 473 12
474 696 13
474 915 12
36 474 12
475 610 15
475 793 9
475 547 9
475 923 11
476 978 14
476 758 9
476 762 12
73 476 10
476 683 10
107 477 11
477 973 11
196 477 14
477 679 10
239 477 8
395 477 10
68 477 11
478 996 9
478 926 12
478 849 9
171 478 10
478 965 11
138 478 7
345 478 6
177 479 11
479 936 9
365 479 10
190 479 11
361 479 8
161 480 11
480 542 13
480 764 11
7 480 9
158 480 8
295 481 10
481 509 13
481 779 11
481 599 8
451 482 10
234 482 9
54 482 10
482 834 12
482 812 12
482 866 13
214 483 11
57 483 9
27 483 4
433 483 7
358 483 12
199 483 9
290 483 13
484 901 12
442 484 13
484 908 8
110 484 13
484 849 8
397 485 13
227 485 12
178 485 10
485 656 12
285 485 15
378 486 10
486 819 10
116 486 13
486 681 11
487 671 8
144 487 10
487 526 10
393 487 10
284 487 10
345 488 12
488 628 11
488 882 10
488 491 13
404 489 13
489 679 15
489 879 8
489 880 12
489 708 9
490 650 10
490 730 9
186 490 9
490 616 7
491 632 13
491 737 14
491 958 6
473 491 13
491 932 8
255 491 11
120 492 13
484 492 8
492 995 11
263 492 8
187 493 12
493 842 11
493 522 8
421 493 13
164 493 10
494 564 11
494 563 13
446 494 13
494 937 9
300 495 9
185 495 10
495 897 7
374 496 13
496 737 14
316 496 12
354 496 11
496 620 13
385 497 12
497 758 12
497 975 12
498 534 10
240 498 11
498 529 6
498 746 15
499 910 12
170 499 8
294 499 9
499 531 11
173 500 12
500 881 8
28 500 13
238 500 12
500 803 11
42 501 8
214 501 12
374 501 8
474 501 11
501 542 7
502 626 11
94 502 14
23 502 10
502 910 12
503 805 11
246 503 11
503 545 10
503 868 8
504 708 9
504 608 10
504 555 14
504 642 11
504 869 8
117 505 9
505 981 10
426 505 9
505 563 11
458 505 13
505 758 10
337 506 13
506 543 10
506 559 12
436 506 12
506 998 12
506 765 9
507 928 8
82 507 10
507 942 4
318 507 8
507 755 11
507 595 11
508 890 10
508 828 11
388 508 10
145 508 10
257 508 11
59 508 12
173 509 9
509 886 7
509 924 8
196 509 12
185 510 10
156 510 7
510 530 10
510 679 11
187 510 12
510 517 11
110 511 10
316 511 11
111 511 9
488 511 9
480 511 14
512 967 7
512 952 12
430 512 15
512 627 11
485 512 10
52 513 10
513 961 10
321 513 11
513 535 8
513 801 11
514 602 9
283 514 15
514 938 13
514 629 7
377 514 11
515 762 13
73 515 10
24 515 11
191 515 11
411 515 14
515 673 9
516 641 5
316 516 7
84 516 13
516 759 7
239 516 9
428 517 11
486 517 10
517 546 8
296 517 7
511 517 13
518 543 8
518 936 10
428 518 9
141 519 6
519 940 12
519 590 10
257 519 5
519 668 9
64 520 9
520 616 9
520 780 14
520 777 10
520 648 9
322 521 9
521 958 6
331 521 6
521 907 10
314 522 8
522 956 10
522 617 12
522 862 13
522 742 11
19 522 7
522 816 9
353 523 13
454 523 10
165 523 8
443 523 10
523 554 12
524 897 11
524 573 11
524 602 14
370 524 8
281 524 9
218 525 13
200 525 10
317 525 10
189 526 10
526 904 9
299 526 10
117 526 10
420 526 11
523 527 10
527 630 8
69 527 10
197 527 9
528 955 11
526 528 11
327 528 9
528 928 9
275 528 12
433 529 11
276 529 15
174 529 10
204 529 9
121 529 10
66 530 13
28 530 12
434 530 9
17 530 13
531 565 10
531 560 9
531 774 12
531 577 13
171 531 11
531 819 10
531 749 8
532 983 14
447 532 11
532 891 15
532 540 12
376 533 11
533 642 11
481 533 11
425 533 9
201 534 10
496 534 12
534 537 10
421 534 9
534 960 10
535 656 13
111 535 10
83 535 8
19 535 10
436 536 11
261 536 11
429 536 9
383 536 11
179 536 12
506 537 10
537 627 11
537 592 13
537 946 12
537 935 11
364 538 11
538 696 13
538 670 13
367 538 11
539 805 11
327 539 12
539 739 10
321 539 12
119 540 10
412 540 8
170 540 11
61 540 9
355 540 11
319 541 8
135 541 12
541 555 11
131 541 9
38 542 9
7 542 8
542 752 12
11 542 11
305 542 12
469 542 11
377 543 10
541 543 11
543 575 9
543 573 7
543 633 11
321 543 7
188 544 11
544 786 10
544 774 12
544 801 10
544 657 9
545 741 13
439 545 12
243 545 11
545 731 6
25 545 13
546 711 10
546 912 11
546 906 10
546 599 8
241 546 10
488 546 8
546 755 10
455 547 7
441 547 11
421 547 11
116 547 11
547 749 9
548 758 11
55 548 11
115 548 7
548 637 11
548 937 11
294 548 10
548 920 8
485 549 13
549 738 11
549 555 11
176 549 13
550 960 11
162 550 12
550 852 12
168 550 10
120 551 13
289 551 13
376 551 16
140 551 12
48 551 10
294 551 10
552 988 10
122 552 14
275 552 10
311 553 10
468 553 12
288 553 9
146 553 10
554 596 12
336 554 8
399 554 11
433 554 11
28 554 9
554 992 9
555 841 10
95 555 9
139 555 11
416 555 10
555 584 14
277 555 6
555 986 14
294 555 10
382 556 12
242 556 14
556 864 12
435 556 11
216 556 12
557 771 10
415 557 12
557 651 7
557 611 12
557 737 12
172 558 8
78 558 5
558 641 8
368 559 11
559 983 9
250 559 8
463 559 8
389 559 11
559 964 10
473 560 12
233 560 10
369 560 12
560 987 11
308 560 9
561 975 7
561 564 10
2 561 7
261 561 13
464 561 10
562 924 14
562 624 14
562 874 11
183 562 13
501 562 9
509 562 10
384 562 10
294 563 9
184 563 15
82 563 9
236 563 9
171 563 9
41 564 8
270 564 9
564 588 10
202 564 11
339 564 11
262 565 10
565 896 10
565 816 12
565 744 14
336 565 10
71 566 12
566 788 8
521 566 9
299 566 12
448 567 10
132 567 10
567 576 10
428 567 6
567 946 11
567 577 10
568 623 10
239 568 10
568 657 10
569 877 9
426 569 12
569 998 10
569 901 9
569 634 8
436 570 13
570 983 13
228 570 13
570 993 12
570 572 13
571 740 14
26 571 11
571 957 7
571 636 11
571 721 6
571 754 8
243 572 9
572 753 11
13 572 9
573 801 13
573 635 13
230 573 10
573 619 11
297 573 11
574 927 11
167 574 9
574 703 8
367 574 10
473 574 7
168 575 7
575 645 9
248 575 13
575 880 7
437 576 11
153 576 12
529 576 11
576 616 11
576 924 10
577 872 9
577 797 9
577 656 11
577 800 11
577 621 10
431 577 8
552 578 9
326 578 10
578 819 11
578 600 11
427 578 10
330 579 10
579 649 9
579 947 12
579 905 7
579 750 10
281 579 13
89 579 11
580 843 10
580 683 12
214 580 16
580 751 8
19 580 12
580 835 8
355 581 10
581 941 14
581 923 12
581 624 8
288 581 12
518 582 10
582 613 13
582 623 9
582 955 11
582 736 12
19 582 9
187 583 9
583 986 11
508 583 10
352 583 12
488 583 9
583 647 9
583 584 8
483 584 10
497 584 10
566 584 10
182 584 9
584 872 9
178 585 6
457 585 11
585 911 12
585 883 13
585 852 9
389 585 13
586 894 7
586 758 10
200 586 10
586 594 12
541 587 13
505 587 8
587 709 16
526 587 9
419 587 11
32 587 9
587 900 6
587 651 9
588 752 9
588 971 12
588 699 8
588 849 8
589 683 11
589 958 13
589 773 10
589 808 12
572 589 11
111 590 10
155 590 8
516 590 10
164 590 10
108 590 8
413 590 9
591 775 10
591 684 4
412 591 14
345 592 15
581 592 6
110 592 11
332 593 11
593 639 11
25 593 12
593 642 10
593 666 9
577 594 11
109 594 12
594 701 9
594 645 11
562 594 6
501 595 12
595 854 17
414 595 10
595 886 8
596 609 8
388 596 13
596 690 12
301 596 8
596 919 7
596 721 9
588 597 11
48 597 12
597 884 11
285 597 8
304 598 11
598 698 11
490 598 12
598 795 8
599 939 8
373 599 9
497 599 12
599 657 11
348 599 12
508 600 10
600 967 8
175 600 9
600 771 11
558 600 13
543 601 12
264 601 12
601 664 10
601 869 6
601 852 13
282 601 13
148 601 10
316 602 10
602 921 10
602 663 10
602 839 10
63 602 13
602 625 11
67 603 7
603 649 11
452 603 9
535 603 11
603 992 12
603 900 14
105 604 12
400 604 10
604 919 14
62 604 13
604 925 10
572 604 10
288 605 12
513 605 11
353 605 12
313 605 11
135 605 12
605 972 13
606 877 9
384 606 15
108 606 13
325 606 9
117 606 9
607 753 9
358 607 9
0 607 12
471 607 11
533 608 11
608 852 11
264 608 13
558 608 12
608 792 12
8 608 9
360 609 12
609 959 10
609 964 7
253 609 8
609 848 10
297 609 13
140 610 10
178 610 15
501 610 9
259 610 6
610 850 13
610 700 13
147 611 13
611 698 9
611 710 12
554 611 10
327 611 11
165 611 11
612 897 14
612 984 7
2 612 9
612 740 11
612 875 12
461 613 12
159 613 12
613 834 9
209 613 8
403 613 12
50 614 14
614 781 10
81 614 10
325 614 10
443 614 12
483 614 10
615 906 12
615 643 7
615 875 13
615 694 9
615 930 12
540 616 8
63 616 8
185 616 7
616 623 11
616 892 13
616 763 8
617 817 11
410 617 7
75 617 9
368 617 10
41 618 11
618 667 11
159 618 8
387 618 10
385 618 11
619 769 8
619 797 8
162 619 14
531 619 14
378 619 10
619 787 13
270 620 10
620 896 10
561 620 10
32 621 9
621 655 14
621 995 9
394 621 7
385 621 14
621 674 10
420 622 12
221 622 9
622 762 14
622 924 12
623 832 9
172 623 11
347 623 12
204 623 9
420 624 11
624 665 7
188 624 11
624 804 12
624 784 11
624 806 9
455 624 10
625 908 15
348 625 11
625 788 12
421 625 14
625 652 11
626 658 11
626 906 11
548 626 11
626 974 8
626 810 12
219 626 10
627 937 9
24 627 10
305 627 15
266 627 10
189 627 9
627 649 11
628 645 10
21 628 7
435 628 9
628 727 12
593 628 9
629 923 12
158 629 7
391 629 8
629 801 11
341 629 10
486 629 10
630 854 8
630 683 11
630 819 9
630 749 11
630 677 9
126 630 12
343 631 9
631 669 10
631 884 13
176 631 10
631 768 12
631 792 11
294 631 6
407 632 14
178 632 7
120 632 12
341 632 14
450 632 9
496 633 10
347 633 11
316 633 12
633 704 11
633 810 12
634 761 10
634 740 10
634 978 8
28 634 13
427 634 12
635 955 9
39 635 12
635 665 6
635 984 11
636 985 9
636 871 10
399 636 10
636 725 13
632 636 14
637 853 14
155 637 9
306 637 8
637 794 9
638 801 10
155 638 10
575 638 8
639 802 7
639 930 11
255 639 12
639 992 6
110 639 7
639 677 11
639 901 9
640 849 13
341 640 11
374 640 8
423 640 13
641 652 7
249 641 12
75 641 9
205 641 11
479 641 11
642 647 10
60 642 7
387 642 9
642 683 14
642 952 11
429 642 13
642 643 8
643 915 9
643 936 11
385 643 9
643 854 7
209 643 10
644 858 11
384 644 9
350 644 10
486 644 10
500 644 10
645 977 10
645 943 8
76 645 8
645 796 10
646 881 8
311 646 11
419 646 11
646 822 13
646 964 14
646 763 13
647 957 11
523 647 10
449 647 12
582 647 10
453 647 12
648 983 12
648 672 10
18 648 13
646 648 9
648 975 6
649 998 9
649 819 12
578 649 11
236 649 12
3 649 11
188 650 13
640 650 9
650 980 11
302 650 9
650 930 9
651 909 10
651 738 10
579 651 9
629 651 12
123 651 8
473 652 14
488 652 9
194 652 10
652 671 10
652 821 13
531 652 9
544 653 13
653 701 10
263 653 11
297 653 10
401 654 11
6 654 11
654 875 16
496 654 10
655 911 11
553 655 8
43 655 8
655 818 10
383 656 9
656 936 10
656 788 10
340 656 12
528 656 13
247 656 17
468 656 11
657 834 9
535 657 9
547 657 9
134 657 9
658 987 10
429 658 11
658 990 8
658 691 9
403 658 7
5 659 10
361 659 11
283 659 9
39 659 9
2 659 10
141 659 11
653 660 9
644 660 11
462 660 11
130 660 8
560 660 12
285 660 11
661 898 9
29 661 12
463 661 12
632 661 8
661 871 11
68 662 9
572 662 11
8 662 12
38 662 9
461 663 10
310 663 11
158 663 10
658 663 7
663 917 14
495 664 8
268 664 10
664 807 11
664 880 13
665 967 13
296 665 9
638 665 12
464 665 6
401 665 10
575 665 8
666 684 9
666 813 7
352 666 8
666 994 10
666 898 11
527 666 8
300 667 8
667 897 10
105 667 10
245 667 10
667 731 9
169 667 10
416 668 13
196 668 7
221 668 11
166 668 8
490 669 8
125 669 10
287 669 8
669 896 14
670 831 8
628 670 12
670 771 11
115 670 9
631 670 11
671 862 7
671 725 10
624 671 12
671 892 10
632 671 9
672 689 14
57 672 4
647 672 14
473 672 9
672 700 12
562 673 12
236 673 8
513 673 11
226 673 15
550 673 14
63 673 8
667 674 9
674 956 11
128 674 7
566 674 16
530 674 10
675 963 8
675 920 12
652 675 7
675 983 12
620 675 10
458 676 10
676 813 10
617 676 8
253 676 8
450 676 11
307 676 13
677 703 11
440 677 14
66 677 9
128 677 11
677 735 11
275 677 11
678 905 8
555 678 7
232 678 10
83 678 13
679 717 13
679 723 9
236 679 12
349 679 14
680 973 14
680 747 8
680 736 9
187 680 14
573 680 12
681 831 11
681 937 8
418 681 9
681 773 13
623 681 14
396 682 11
374 682 5
358 682 8
381 682 9
431 683 10
572 683 11
262 683 10
605 683 10
201 683 12
671 683 8
143 684 12
22 684 7
10 684 6
472 684 9
514 684 8
685 860 7
436 685 6
381 685 6
177 685 9
686 719 12
202 686 11
528 686 10
273 687 9
324 687 10
428 687 13
534 687 10
422 687 13
566 687 11
4 688 13
266 688 9
688 994 13
483 688 12
57 688 11
370 688 18
176 689 9
336 689 11
609 689 7
219 689 10
689 883 9
422 690 9
558 690 10
525 690 6
690 888 6
537 690 15
104 690 15
634 691 9
691 945 12
274 691 7
691 727 13
692 737 10
692 956 9
28 692 14
43 692 12
286 692 8
693 893 9
693 894 7
192 693 12
540 693 7
693 902 9
375 693 8
606 694 13
694 716 12
694 946 11
568 694 13
365 695 12
12 695 14
465 695 13
228 695 11
193 696 12
696 838 7
9 696 8
408 696 11
600 697 10
393 697 8
88 697 9
697 978 9
697 940 8
429 697 10
281 698 9
688 698 9
269 698 9
311 698 10
107 698 10
292 699 13
699 757 13
31 699 12
249 699 12
661 699 8
187 700 8
347 700 12
503 700 12
700 869 11
418 700 12
682 700 9
701 837 9
256 701 10
544 701 10
668 701 13
485 701 7
174 701 8
156 701 10
702 983 8
702 895 13
583 702 9
592 702 13
570 702 14
136 703 8
703 893 10
392 703 10
703 984 12
683 703 6
704 978 10
704 882 11
424 704 9
120 704 8
175 704 10
704 722 11
644 705 9
705 848 10
624 705 13
704 705 8
231 705 13
500 705 12
706 978 9
517 706 12
223 706 9
706 880 9
160 707 12
707 862 10
108 707 12
308 707 12
261 707 11
94 707 10
56 708 11
52 708 9
346 708 10
512 708 9
518 708 8
564 708 12
488 709 10
462 709 12
209 709 10
709 834 9
100 709 8
540 709 13
705 710 9
92 710 12
478 710 10
86 710 8
516 710 8
110 710 7
711 997 13
403 711 10
580 711 10
90 711 13
711 763 8
20 711 10
133 712 11
712 914 9
351 712 13
712 736 10
114 712 11
713 971 8
713 801 10
351 713 7
648 713 13
237 713 9
592 713 10
581 713 10
269 714 12
452 714 11
474 714 10
714 888 12
714 715 9
651 715 8
138 715 7
715 804 14
715 962 8
303 716 14
716 960 11
716 853 12
536 717 14
219 717 8
614 717 11
551 718 12
718 845 11
718 841 12
129 718 12
22 719 8
719 954 10
719 790 9
116 719 12
228 719 11
719 846 9
161 720 11
555 720 7
720 801 9
231 720 8
609 720 9
51 720 12
720 834 12
379 721 12
583 721 11
721 853 9
722 769 10
675 722 11
39 722 12
722 835 9
105 722 9
509 722 12
39 723 11
483 723 11
502 723 13
723 926 12
724 884 8
708 724 13
302 724 10
724 995 13
332 725 10
725 930 13
10 725 10
432 725 12
725 810 11
12 725 10
219 726 10
726 730 9
222 726 10
726 977 11
301 727 9
727 800 12
156 727 8
632 727 8
696 727 12
105 728 12
100 728 14
7 728 13
355 728 14
381 728 6
728 745 11
30 728 8
247 729 11
365 729 8
729 929 8
729 835 15
359 729 11
729 790 10
332 730 11
393 730 14
93 730 10
269 730 11
731 789 12
417 731 12
731 821 8
408 731 11
732 978 10
581 732 5
344 732 13
544 732 13
107 732 7
414 733 10
557 733 10
690 733 10
497 733 6
733 763 12
733 803 11
610 733 9
734 742 10
587 734 14
202 734 12
631 734 14
513 734 9
20 734 10
324 735 8
735 883 11
735 824 9
735 738 10
540 735 11
197 735 13
273 736 9
736 999 11
277 736 13
631 736 7
736 957 9
199 737 10
391 737 8
638 737 10
551 737 10
224 738 7
738 966 10
591 738 13
699 738 12
739 783 8
94 739 11
679 739 7
739 977 10
22 740 10
310 740 11
740 817 12
313 740 11
740 899 11
740 926 11
740 800 10
741 873 12
741 855 9
568 741 9
741 893 12
403 741 9
500 741 12
107 742 11
71 742 12
731 742 6
16 742 11
742 850 8
639 742 9
743 759 11
90 743 13
743 761 10
645 743 9
144 744 12
366 744 10
675 744 15
605 744 11
411 744 11
745 841 15
664 745 10
309 745 11
745 972 13
745 797 9
746 895 7
558 746 10
143 746 9
585 746 9
746 762 8
561 747 10
73 747 13
91 747 10
329 747 10
581 747 13
104 748 11
528 748 12
494 748 11
617 748 9
749 857 9
749 987 12
636 749 10
353 749 13
699 750 11
116 750 10
629 750 9
631 750 12
751 877 9
92 751 10
697 751 8
511 751 10
264 751 10
738 751 11
752 988 9
501 752 11
497 752 9
359 752 9
68 752 12
752 833 11
134 753 7
753 833 11
453 753 6
686 753 10
132 753 11
754 893 8
754 930 9
203 754 13
530 754 10
70 754 10
754 926 13
755 958 10
596 755 9
224 755 13
134 755 10
285 755 7
756 965 8
463 756 12
607 756 10
218 756 8
646 757 9
550 757 11
757 829 11
681 757 10
758 893 7
128 758 9
758 896 10
490 758 10
759 803 12
512 759 8
759 864 12
264 759 9
344 760 12
760 985 8
402 760 8
246 760 9
124 760 12
761 940 17
53 761 8
761 897 10
315 761 11
84 762 9
451 762 13
762 847 10
363 762 7
680 762 13
673 763 8
331 763 9
763 784 11
300 763 11
0 763 13
204 763 10
364 764 11
589 764 15
220 764 11
714 764 11
63 765 8
654 765 12
355 765 11
112 765 13
625 765 12
54 766 8
66 766 10
538 767 7
767 904 12
442 767 12
127 767 7
659 768 9
478 768 7
768 910 6
482 768 8
769 797 14
769 882 8
105 769 8
275 769 11
17 769 11
482 769 8
606 770 10
397 770 10
770 860 8
278 770 9
771 976 8
771 850 14
172 771 13
760 771 14
333 772 11
220 772 10
694 772 14
323 772 6
719 773 9
603 773 12
327 773 10
655 773 10
773 936 9
341 774 9
705 774 12
225 774 7
116 774 6
600 774 11
150 774 11
450 775 12
233 775 16
604 775 8
186 775 10
710 775 11
500 776 7
776 944 10
776 901 9
365 776 13
776 962 11
777 982 11
371 777 13
158 777 9
464 777 11
536 778 11
778 842 13
160 778 14
66 778 13
56 778 8
778 880 9
230 778 11
425 779 9
465 779 11
561 779 11
725 779 13
297 779 12
18 780 12
127 780 11
62 780 10
751 780 7
780 828 13
94 781 10
772 781 12
138 781 11
257 781 12
782 806 13
207 782 9
151 782 7
697 782 9
35 782 12
782 986 7
783 822 8
783 967 13
520 783 7
401 783 7
403 783 11
83 784 14
404 784 7
273 784 12
784 913 8
364 784 12
449 785 12
630 785 12
272 785 12
31 785 8
785 848 8
569 785 10
246 786 11
608 786 12
12 786 9
687 786 9
786 983 9
786 940 9
299 787 13
779 787 12
447 787 10
787 807 8
91 787 13
678 788 9
284 788 11
120 788 9
203 788 14
180 788 6
51 789 11
789 942 13
481 789 8
654 789 10
294 789 10
182 789 11
789 792 12
497 790 8
281 790 13
790 838 5
278 790 9
511 791 10
182 791 9
508 791 10
69 791 12
791 938 7
589 792 9
792 812 14
792 973 8
792 819 6
419 793 8
153 793 12
412 793 9
232 793 14
422 793 10
794 941 9
794 835 13
540 794 14
288 794 14
296 794 10
333 794 10
282 795 12
419 795 12
194 795 7
3 795 8
795 971 5
764 796 15
288 796 14
796 824 9
796 883 9
88 796 8
757 797 7
389 797 10
126 797 10
628 797 13
575 798 10
555 798 8
544 798 12
538 798 16
424 798 12
608 799 13
799 942 10
205 799 10
799 994 9
366 799 9
391 800 10
236 800 12
130 800 10
132 800 7
724 800 11
233 801 12
542 801 13
489 801 14
801 971 11
83 801 14
488 802 11
479 802 10
592 802 11
4 802 13
802 948 8
40 803 12
92 803 10
97 803 11
362 803 5
259 803 7
648 803 10
392 804 8
33 804 10
281 804 12
3 804 10
595 805 9
805 807 9
188 805 10
805 995 9
117 806 9
438 806 14
806 988 12
461 806 14
226 806 11
551 807 12
261 807 9
792 807 12
250 807 11
802 808 8
703 808 15
231 808 11
808 889 10
38 808 11
578 808 10
342 809 12
568 809 10
266 809 10
809 893 13
485 810 9
575 810 8
238 810 10
810 884 7
374 810 10
732 811 11
108 811 9
611 811 12
304 811 13
209 812 12
39 812 11
96 812 13
394 812 10
806 812 10
812 864 12
629 813 12
645 813 10
781 813 11
582 813 11
443 813 11
814 850 14
814 920 11
538 814 5
133 814 14
661 814 12
579 815 7
154 815 9
520 815 9
469 815 13
96 815 11
587 816 9
17 816 12
476 816 10
256 816 10
36 817 13
83 817 9
720 817 9
817 819 10
578 817 7
123 818 12
436 818 13
397 818 12
429 818 12
818 880 15
192 819 11
333 819 10
93 819 10
204 819 10
819 901 12
280 819 10
820 886 10
62 820 12
286 820 9
152 820 12
178 820 9
155 820 16
106 821 11
745 821 12
179 821 7
404 821 12
821 911 11
718 821 10
822 888 8
42 822 9
14 822 11
506 822 9
81 822 13
226 823 9
24 823 10
823 882 7
823 854 11
23 823 14
589 824 10
824 899 11
171 824 12
824 849 10
254 824 10
303 824 12
814 825 9
269 825 10
216 825 10
279 825 10
675 825 11
583 826 11
225 826 15
687 826 14
152 826 11
327 826 13
827 888 7
827 938 15
534 827 14
585 827 9
225 828 10
578 828 11
379 828 11
468 828 11
96 829 8
829 910 12
565 829 7
301 829 14
821 829 11
766 830 13
115 830 14
247 830 11
697 830 11
830 928 11
460 830 9
417 831 15
831 979 9
114 831 8
547 831 9
328 831 10
832 866 9
413 832 13
595 832 10
281 832 10
833 935 10
707 833 11
833 952 10
833 889 7
212 833 12
677 834 7
834 951 7
347 834 7
271 834 10
475 835 9
755 835 13
796 835 7
89 835 13
325 835 9
836 919 14
682 836 8
688 836 12
216 836 10
582 836 11
237 836 9
136 837 14
837 999 12
43 837 9
76 837 10
772 837 11
837 966 11
590 838 9
206 838 10
546 838 13
796 838 13
233 838 10
525 838 13
622 839 10
258 839 11
366 839 12
494 839 10
277 839 12
697 839 12
607 840 7
840 950 11
697 840 11
396 840 13
706 840 9
473 841 9
701 841 8
352 841 7
624 841 8
214 842 9
13 842 8
20 842 11
596 842 14
205 842 10
843 869 11
281 843 11
843 988 10
843 917 10
579 843 9
166 844 8
586 844 11
150 844 11
609 844 10
574 845 8
473 845 14
657 845 9
114 845 12
770 845 12
191 846 9
846 890 9
261 846 11
178 846 9
172 846 8
810 846 12
484 847 12
77 847 8
337 847 9
630 847 9
798 848 8
661 848 10
402 848 12
546 848 5
263 848 6
347 849 12
176 849 13
849 928 10
30 850 10
409 850 12
570 850 9
378 850 7
850 908 14
268 850 11
696 850 8
537 851 15
632 851 10
360 851 9
557 851 13
371 851 10
760 852 13
134 852 12
653 852 9
603 852 12
853 861 13
798 853 12
368 853 10
389 853 10
530 853 11
109 854 14
697 854 11
152 854 10
854 979 14
380 854 6
37 855 10
768 855 11
510 855 11
855 918 11
771 855 13
782 856 12
719 856 10
708 856 10
393 856 10
350 857 9
717 857 12
677 857 8
416 857 10
314 857 14
857 912 9
858 976 9
604 858 10
121 858 13
539 858 9
367 859 9
152 859 9
1 859 10
546 859 15
352 859 11
508 860 11
564 860 10
776 860 15
592 860 7
179 861 12
861 994 10
480 861 5
215 861 6
252 861 13
773 862 10
862 992 5
122 862 12
369 862 12
710 862 13
685 862 10
142 862 9
622 863 10
212 863 10
719 863 9
609 863 9
242 863 11
63 864 8
768 864 9
250 864 13
864 958 10
705 865 10
410 865 9
81 865 10
865 893 15
492 865 10
580 865 12
620 865 13
631 866 12
565 866 9
268 866 10
558 866 9
729 866 10
56 867 11
867 936 11
518 867 10
718 867 12
554 867 12
598 867 9
255 868 10
546 868 10
523 868 10
868 970 8
340 868 6
868 915 10
503 869 12
600 869 7
293 869 12
60 869 13
713 869 9
870 963 12
30 870 12
503 870 12
472 871 12
740 871 11
500 871 13
702 871 6
330 871 10
872 913 12
867 872 9
872 892 9
721 872 7
432 873 11
660 873 12
558 873 9
718 873 11
0 874 10
874 919 13
453 874 11
762 874 10
712 875 12
407 875 11
630 875 10
87 875 8
268 875 9
336 876 8
815 876 10
130 876 9
876 998 9
428 876 13
267 877 10
301 877 6
296 877 11
525 877 11
429 877 12
878 905 10
348 878 11
811 878 11
71 878 11
737 878 15
377 879 8
598 879 12
452 879 14
31 879 11
175 879 10
56 879 7
286 880 13
189 880 11
724 880 9
33 880 13
486 880 12
261 881 10
676 881 9
368 881 6
9 881 9
60 881 12
274 881 8
32 882 11
648 882 11
39 882 9
234 882 11
705 882 11
474 882 9
668 883 10
428 883 9
174 883 7
753 883 9
879 884 6
19 884 9
739 884 12
272 884 14
58 885 8
183 885 9
582 885 6
431 885 14
391 886 12
631 886 9
886 989 16
789 886 10
659 887 8
887 910 10
327 887 10
710 887 9
747 888 16
869 888 13
721 888 15
636 888 11
889 997 14
237 889 12
603 889 10
889 933 10
269 889 7
889 940 11
273 890 10
796 890 11
482 890 7
97 890 13
788 890 12
783 890 12
453 890 16
560 891 13
396 891 11
67 891 12
463 891 10
891 894 11
8 891 11
393 892 12
36 892 9
719 892 9
765 892 15
893 916 19
172 893 12
281 893 9
721 893 13
893 989 10
380 893 10
117 894 9
326 894 10
415 894 14
695 894 11
75 894 11
525 895 8
576 895 7
634 895 13
323 896 10
243 896 9
266 896 12
334 896 11
209 896 9
294 897 13
180 897 11
788 897 12
871 897 12
548 897 9
576 898 13
664 898 7
496 898 13
14 898 13
618 899 8
658 899 9
181 899 12
668 899 10
602 899 10
548 899 9
391 900 11
384 900 13
407 900 11
900 926 11
145 900 9
781 901 10
696 901 12
249 901 10
740 901 12
429 902 11
381 902 9
642 902 10
846 902 12
128 902 15
646 902 9
585 903 12
817 903 9
673 903 10
351 903 12
826 903 10
880 904 13
63 904 9
694 904 10
143 904 8
410 904 8
778 904 13
256 905 10
305 905 11
588 905 11
202 905 9
311 906 11
436 906 11
41 906 12
882 906 10
387 906 11
659 906 12
437 907 13
319 907 11
449 907 9
13 907 12
421 907 13
659 907 15
652 907 12
908 931 11
414 908 12
422 908 10
290 908 13
909 943 9
531 909 7
831 909 10
189 909 9
665 909 9
445 910 10
96 910 11
585 910 7
617 910 14
910 932 13
461 911 16
174 911 10
316 911 10
491 912 13
708 912 8
157 912 6
866 912 11
842 912 11
40 913 9
697 913 10
849 913 9
874 913 12
344 914 9
756 914 10
539 914 9
905 914 7
189 914 11
914 924 11
500 914 10
450 915 7
328 915 10
496 915 12
579 915 10
247 915 12
173 915 12
571 916 12
77 916 10
191 916 10
916 935 10
54 916 13
413 917 16
700 917 13
150 917 6
448 917 12
13 917 10
333 917 11
300 918 16
231 918 7
890 918 11
489 918 12
918 929 12
595 919 14
503 919 12
679 919 9
811 919 12
453 919 10
344 920 8
251 920 9
160 920 6
528 920 10
571 920 12
144 920 9
257 920 11
616 921 10
589 921 10
855 921 12
272 921 10
839 921 7
305 922 7
686 922 15
202 922 14
330 922 10
922 925 13
897 923 5
636 923 10
786 923 13
877 923 8
822 923 10
843 923 11
709 924 11
296 924 9
706 924 11
317 924 9
82 924 11
477 925 11
231 925 8
456 925 14
164 926 11
592 926 13
18 926 12
619 926 7
365 927 9
563 927 11
146 927 13
884 927 11
388 927 8
86 928 11
522 928 10
457 928 13
898 928 8
826 928 8
297 929 12
36 929 13
73 929 10
270 929 7
762 929 11
506 929 11
314 930 10
7 930 8
787 930 13
743 930 8
351 930 10
497 931 11
417 931 9
776 931 11
2 931 8
457 931 11
922 931 6
932 980 11
915 932 13
932 967 14
932 943 8
262 933 10
775 933 8
181 933 14
301 933 9
895 933 14
876 933 13
575 934 11
770 934 9
651 934 13
710 934 12
693 934 8
307 934 11
637 935 10
47 935 13
292 935 10
725 935 11
806 935 12
606 935 10
235 936 10
413 936 12
309 936 8
875 936 12
753 937 8
281 937 10
636 937 12
186 937 10
842 938 12
851 938 11
530 938 12
162 938 9
763 938 12
468 939 14
168 939 9
255 939 10
262 939 12
939 968 14
809 939 11
357 939 7
486 940 10
940 948 7
609 940 11
618 940 11
333 940 12
867 941 10
811 941 15
525 941 12
483 941 10
382 942 10
752 942 12
833 942 12
610 942 11
882 942 14
126 942 11
625 943 15
150 943 5
52 943 12
312 943 9
871 943 11
608 944 12
745 944 8
807 944 14
717 944 10
666 944 11
374 945 11
41 945 13
536 945 11
66 945 13
140 946 9
564 946 9
808 946 13
811 946 12
245 946 10
892 947 8
793 947 9
929 947 13
359 947 10
948 992 11
497 948 15
273 948 10
542 948 12
204 949 13
541 949 7
672 949 14
686 949 7
159 949 10
480 949 13
122 950 9
163 950 11
356 950 11
128 950 9
204 951 9
827 951 13
138 951 11
787 951 13
430 951 12
296 952 10
952 986 12
683 952 10
174 952 10
733 952 8
40 952 10
771 953 13
933 953 12
884 953 14
953 962 9
542 953 13
608 954 13
462 954 16
12 954 10
835 954 11
555 954 7
335 955 10
87 955 11
715 955 12
739 956 10
863 956 9
860 956 11
333 956 9
250 956 12
129 957 10
592 957 9
660 957 12
91 957 9
136 957 9
759 958 10
729 958 11
915 958 7
775 958 11
433 958 10
170 958 12
630 959 9
668 959 11
745 959 13
2 959 10
572 960 8
277 960 10
180 960 14
394 960 12
802 960 12
752 961 10
638 961 8
103 961 9
133 961 11
291 961 10
961 992 13
2 962 10
332 962 9
899 962 8
453 962 9
758 962 9
158 963 10
762 963 9
184 963 11
497 963 6
446 963 9
575 964 10
920 964 10
467 964 9
634 964 11
873 964 12
352 965 9
26 965 12
926 965 10
542 965 7
316 965 8
836 966 10
603 966 8
324 966 12
153 966 9
763 966 7
327 967 11
635 967 11
293 967 9
105 967 11
890 967 12
546 968 12
477 968 12
281 968 13
705 968 12
211 969 11
967 969 10
53 969 14
587 969 14
718 970 10
157 970 9
432 970 10
408 970 13
559 970 7
620 971 10
597 971 8
106 971 9
407 971 12
490 971 7
482 972 12
972 997 10
875 972 10
723 972 9
766 972 12
729 972 13
972 992 9
611 973 11
348 973 7
548 973 11
897 973 9
824 973 11
929 973 15
4 973 10
217 974 11
918 974 11
678 974 11
836 974 13
78 975 11
88 975 9
617 975 6
319 975 12
598 975 9
336 975 10
191 976 9
30 976 11
210 976 10
390 976 12
621 976 14
167 977 12
945 977 11
34 977 14
963 977 11
824 978 9
680 978 8
919 978 10
404 978 9
319 978 6
37 978 12
330 979 8
394 979 10
377 979 8
222 979 11
177 979 11
352 980 13
393 980 10
301 980 10
487 980 9
908 980 9
543 981 11
236 981 9
378 981 9
65 981 10
554 982 9
477 982 8
6 982 7
50 982 10
893 982 15
3 982 13
929 983 10
933 983 11
711 983 14
7 983 9
400 983 9
931 983 13
118 984 11
236 984 10
524 984 7
862 984 15
402 985 10
533 985 10
798 985 10
484 985 11
444 985 14
301 985 10
263 986 9
549 986 10
239 986 9
518 986 12
506 986 7
666 987 9
431 987 11
2 987 9
960 987 9
640 988 9
978 988 13
930 988 11
736 988 11
363 988 13
127 988 10
123 989 12
186 989 8
499 989 10
325 989 13
709 989 10
754 989 11
968 990 11
878 990 11
294 990 16
232 990 9
57 990 14
950 990 10
339 991 10
209 991 9
175 991 11
863 991 16
259 991 11
228 992 9
768 992 10
691 992 13
550 992 12
138 992 8
349 993 8
323 993 13
733 993 8
239 993 14
977 993 13
770 994 14
843 994 13
833 994 12
109 994 11
487 994 8
922 995 12
458 995 8
672 995 13
168 995 8
179 996 9
323 996 9
755 996 9
484 996 9
676 996 9
927 997 13
975 997 11
16 997 9
901 997 7
772 998 8
111 998 11
699 998 8
281 998 8
694 998 10
117 999 14
950 999 8
393 999 11
227 999 13
125 999 11
