100
0
2
3
2
2
9
6
2
10
2
9
8
7
2
4
9
9
9
7
10
7
10
7
4
10
3
4
5
8
3
9
10
7
8
7
6
5
8
9
1
6
4
1
2
6
3
1
4
5
2
7
5
10
6
4
2
4
4
4
1
5
6
8
4
5
9
6
6
6
1
4
7
8
7
9
2
8
8
7
5
3
7
4
6
1
8
6
8
8
9
6
1
6
6
6
6
1
4
2
8
0 36 9
0 98 10
0 40 12
0 68 9
0 93 11
1 52 11
1 46 11
1 47 10
1 66 14
2 78 10
1 2 12
2 5 12
2 53 10
3 9 8
3 38 12
3 73 10
3 13 8
3 70 13
4 74 6
4 36 10
4 69 11
4 60 11
4 47 12
4 80 11
4 38 3
5 76 9
5 8 12
5 61 12
5 38 11
5 32 10
5 63 11
6 46 11
6 16 10
6 94 10
6 65 11
6 20 10
7 38 7
7 16 8
7 79 12
7 77 12
7 48 8
8 14 8
8 33 11
8 52 9
8 40 11
8 47 7
8 27 9
9 43 12
9 19 11
9 64 10
9 55 13
10 76 13
10 97 12
10 27 10
10 80 11
10 85 15
11 78 9
11 68 10
11 61 11
6 11 8
11 20 13
11 28 12
11 80 11
12 88 11
12 51 13
12 39 8
12 55 11
12 21 10
13 31 9
13 82 13
13 22 16
13 54 7
13 35 10
14 82 8
14 62 12
14 89 11
14 34 6
14 18 9
14 54 11
15 20 12
15 65 13
15 16 14
15 44 8
15 74 12
15 99 10
16 86 9
12 16 8
16 76 6
16 79 7
16 45 9
17 25 12
1 17 11
17 93 9
17 68 12
18 22 13
18 32 9
18 57 7
18 53 9
19 64 11
7 19 10
19 54 13
19 82 12
20 76 11
20 63 12
20 96 9
20 85 8
20 84 9
21 70 9
21 68 6
21 77 8
15 21 9
17 22 9
22 26 14
21 23 10
6 23 11
23 94 10
4 23 6
24 88 9
24 58 10
24 49 12
24 87 9
20 24 10
10 25 14
20 25 12
25 89 10
25 26 7
25 28 13
26 40 9
26 35 13
0 26 9
26 81 14
26 44 7
13 27 15
26 27 11
27 95 13
27 69 12
6 27 9
27 81 12
16 27 14
28 57 12
28 61 8
29 41 14
29 90 9
29 69 10
29 43 8
29 86 11
15 29 7
30 77 8
30 49 6
30 42 9
30 89 11
31 84 11
31 94 10
31 48 14
31 49 13
31 55 12
15 31 9
32 52 13
15 32 11
16 32 12
32 42 11
32 39 10
32 75 15
33 82 6
33 97 9
33 53 10
33 73 10
33 90 11
34 87 8
17 34 12
34 59 15
18 34 12
35 67 13
35 57 11
35 68 14
28 35 11
7 35 10
36 99 8
5 36 9
36 51 6
36 69 10
14 36 8
31 37 10
37 42 14
11 37 11
37 57 15
13 37 13
37 49 12
21 38 9
38 76 11
38 67 9
28 38 10
38 50 13
39 46 8
39 74 12
39 48 9
6 39 12
39 61 9
39 44 7
39 75 13
35 40 11
12 40 11
40 86 9
40 41 11
20 41 8
19 41 13
16 41 10
41 55 9
8 41 10
7 42 12
39 42 9
22 42 12
18 42 7
0 42 13
42 70 8
43 95 15
17 43 8
43 69 6
43 86 10
44 70 10
44 63 8
44 50 9
29 44 7
44 83 7
41 45 14
45 67 13
44 45 10
12 45 8
46 50 9
46 79 11
46 74 14
40 46 8
47 97 6
47 91 10
47 83 12
16 47 11
35 47 14
29 48 13
10 48 9
48 69 11
47 48 11
48 63 13
12 49 12
4 49 8
46 49 10
49 53 14
49 68 9
21 50 11
15 50 9
11 50 10
50 69 14
45 50 11
51 53 10
51 97 10
50 51 12
27 51 11
45 52 9
15 52 14
52 53 13
52 62 9
30 52 14
24 53 8
38 53 9
53 70 10
53 98 13
54 75 10
54 84 11
39 54 10
54 90 10
5 54 11
0 55 10
55 98 12
55 84 11
49 55 10
39 55 10
36 56 13
12 56 10
54 56 9
31 56 12
32 56 13
56 61 11
46 57 7
24 57 11
57 98 7
9 57 10
13 57 10
20 57 11
57 82 12
23 58 10
58 72 14
47 58 7
52 58 11
54 58 10
59 89 13
2 59 9
1 59 12
12 59 9
45 59 11
60 89 12
59 60 9
60 82 7
0 60 10
60 74 13
60 90 8
21 61 9
27 61 13
49 61 12
7 61 9
62 82 11
26 62 7
2 62 11
62 70 10
9 63 11
16 63 9
63 72 13
63 71 12
61 63 12
17 64 7
10 64 10
64 71 11
42 64 9
64 92 9
65 75 11
65 73 12
65 98 12
29 65 7
8 65 9
66 72 12
33 66 9
12 66 14
15 66 13
24 66 7
66 98 11
67 90 10
67 93 10
67 95 11
18 67 8
12 67 14
7 68 9
68 72 10
41 68 9
62 68 13
69 92 13
69 84 9
39 69 9
62 69 10
69 80 10
70 95 13
57 70 16
26 70 9
60 70 14
70 74 9
66 71 11
71 86 7
33 71 10
23 71 14
24 71 10
19 71 9
45 72 12
72 73 13
72 80 7
27 72 12
16 72 10
70 72 11
23 72 10
11 73 9
4 73 14
73 80 11
73 90 11
45 73 12
74 80 9
74 99 11
10 74 9
74 97 13
25 74 11
75 95 4
15 75 11
75 96 9
8 75 13
31 75 10
75 98 14
51 76 10
42 76 15
15 76 15
19 76 9
12 76 11
11 77 11
10 77 7
24 77 10
77 80 12
9 77 14
39 77 10
71 78 11
0 78 8
16 78 11
58 78 13
79 84 10
24 79 14
71 79 12
53 79 12
31 79 10
79 97 12
62 79 12
56 79 11
20 79 9
80 85 11
25 80 12
61 80 9
80 97 6
80 89 10
20 80 11
21 80 10
2 81 10
24 81 14
80 81 7
6 81 9
7 82 12
81 82 10
64 82 9
23 83 15
57 83 9
70 83 10
7 83 14
41 84 8
32 84 8
5 84 11
57 85 13
41 85 9
85 90 5
86 96 9
60 86 11
39 86 11
1 87 9
75 87 8
45 87 7
3 87 11
41 87 9
13 87 9
88 99 15
76 88 10
38 88 11
47 88 5
18 88 10
83 89 15
55 89 6
52 89 8
70 89 9
20 89 11
10 90 8
56 90 13
55 90 12
14 90 9
90 92 10
82 91 11
56 91 11
65 91 12
17 91 7
66 92 10
87 92 10
61 92 8
22 92 10
48 92 11
84 92 13
27 92 11
53 93 11
32 93 13
82 93 9
83 93 12
93 99 11
78 93 16
20 94 12
84 94 12
14 94 13
64 94 9
42 94 11
89 94 13
54 95 9
30 95 8
84 95 12
85 95 9
55 95 8
1 95 11
21 96 9
49 96 9
13 96 9
59 96 11
94 96 6
44 97 8
4 97 7
57 97 12
94 98 11
35 98 10
91 98 12
26 98 12
81 99 12
4 99 13
33 99 8
57 99 9
