1000
0
2
4
3
5
8
3
1
7
6
2
9
3
2
2
6
5
7
8
3
4
10
2
2
6
5
3
3
10
2
3
7
8
2
3
3
4
7
2
10
2
3
6
7
6
6
1
2
1
7
1
5
8
4
9
6
7
6
2
4
7
4
6
1
7
10
1
6
1
9
4
8
5
9
4
8
6
2
5
3
3
5
5
7
7
2
5
8
9
3
4
4
5
4
6
10
6
8
9
2
8
4
2
7
6
9
6
7
7
3
9
8
8
5
3
4
5
3
9
2
3
9
9
2
8
7
7
3
7
3
2
2
7
1
4
3
3
9
5
6
6
8
7
2
7
3
7
9
7
8
4
3
5
4
7
10
9
5
3
3
8
8
2
7
9
9
4
3
9
7
4
8
4
10
1
4
2
2
3
9
5
9
10
10
2
6
2
8
8
3
5
7
8
8
6
3
4
4
8
6
5
3
4
6
4
3
7
3
5
9
10
4
3
5
2
6
7
5
4
1
2
10
9
1
9
6
8
6
9
3
10
5
6
1
3
4
7
4
9
5
8
3
6
3
3
10
9
6
5
6
8
7
5
1
2
7
9
3
4
4
6
2
2
4
10
6
9
7
2
1
9
2
7
6
5
7
10
8
3
8
1
8
8
5
8
1
6
9
3
5
8
9
9
5
4
8
3
3
9
5
4
7
2
10
8
3
3
4
7
1
7
10
3
9
5
9
7
1
6
10
6
4
5
1
5
7
6
8
6
2
2
3
2
9
4
4
2
7
10
1
9
1
9
7
1
8
7
2
5
6
3
6
3
9
6
9
7
6
1
2
7
8
8
9
8
7
3
5
9
6
6
5
8
7
7
2
3
5
5
6
10
1
4
3
5
2
3
6
7
9
9
6
2
4
7
5
5
5
4
8
4
5
4
7
7
6
6
1
6
10
6
10
6
4
4
8
2
10
7
3
10
9
6
1
10
8
6
8
7
10
3
5
9
6
3
6
8
3
6
5
5
6
9
4
8
1
6
3
10
2
3
6
1
6
4
8
7
6
5
8
6
8
2
4
6
4
10
4
8
7
6
9
1
8
3
2
7
6
1
2
1
6
3
9
2
8
1
6
9
3
7
1
9
2
9
8
6
5
8
5
4
5
2
3
4
4
5
1
3
2
3
6
3
4
7
7
3
4
8
5
2
4
6
6
4
9
6
6
3
4
4
4
7
8
6
2
6
9
4
6
3
8
5
9
4
1
4
4
1
1
6
9
4
3
8
8
7
3
3
8
7
3
6
4
2
8
5
8
3
3
6
6
4
6
10
2
8
5
6
9
8
5
3
3
8
3
3
1
9
4
6
6
5
7
8
7
1
9
2
6
6
7
8
6
3
4
3
8
6
9
4
8
9
6
2
5
7
3
10
4
4
7
4
8
9
5
2
1
4
5
9
3
7
8
4
8
5
3
8
5
3
8
7
3
8
7
2
8
1
4
10
3
6
8
10
9
4
4
3
8
3
7
3
9
4
4
6
5
4
3
9
3
3
4
3
7
10
8
1
8
9
6
3
9
9
9
5
2
7
6
8
2
4
8
3
9
6
7
3
4
6
7
8
9
3
7
4
7
2
1
8
4
8
10
5
9
5
6
7
6
8
9
8
3
8
10
9
3
4
10
4
4
10
7
8
3
1
5
9
3
9
8
1
3
7
5
5
4
4
10
8
3
3
2
1
10
2
7
7
4
10
5
9
7
6
2
8
4
6
8
6
5
9
10
8
7
8
6
7
9
8
9
7
6
10
4
5
3
3
8
4
3
7
8
6
7
6
10
7
8
4
2
8
5
2
9
2
7
1
2
4
5
9
1
8
4
2
3
2
3
9
7
2
8
7
8
2
9
2
3
6
5
2
10
8
9
7
4
7
4
2
3
3
9
3
9
5
7
8
3
4
6
1
6
7
1
2
2
9
7
8
10
7
8
2
10
3
7
10
3
8
10
5
9
2
8
2
10
10
9
3
2
9
8
4
2
6
8
5
6
10
10
5
6
3
4
8
7
6
3
10
6
4
2
8
4
7
5
5
3
1
9
9
3
8
9
9
3
8
3
2
5
7
5
6
3
7
9
7
5
10
1
7
7
5
7
9
10
10
2
4
1
9
2
2
6
7
4
3
9
1
5
5
5
4
8
4
8
7
6
1
5
3
2
9
10
3
2
6
4
4
6
6
7
5
8
2
7
2
6
5
5
5
9
7
4
2
6
4
6
3
9
2
2
8
2
1
2
5
5
0 141 8
0 956 10
0 804 11
0 831 9
1 61 11
1 29 12
1 2 10
1 798 13
2 761 9
2 718 8
3 544 10
3 333 11
4 847 11
4 529 8
5 540 12
5 175 8
5 753 10
6 592 10
6 668 10
7 847 7
7 16 11
7 675 13
7 508 13
8 754 7
8 580 10
9 438 12
9 617 8
10 501 12
10 135 7
10 274 14
11 33 10
11 370 12
12 352 13
12 711 9
12 664 9
12 561 13
12 31 10
13 921 11
13 187 12
13 489 10
13 456 13
14 751 10
14 868 11
14 467 12
15 281 10
12 15 8
16 519 11
17 867 12
17 189 10
18 177 14
18 808 7
19 330 7
19 739 13
19 927 11
20 58 12
20 757 7
20 685 10
21 716 10
21 568 12
21 676 11
21 354 13
2 22 11
22 248 9
22 764 11
23 617 9
23 476 8
23 658 8
24 856 11
24 498 13
24 324 8
25 763 9
25 826 7
25 507 8
26 176 16
26 609 12
21 26 11
27 222 11
27 842 12
27 946 11
28 971 11
28 976 12
28 49 11
29 525 7
29 207 8
29 58 13
29 879 8
30 556 8
30 901 14
30 839 10
30 796 9
30 218 16
31 502 6
31 695 15
32 862 11
32 497 8
23 32 14
32 192 14
33 711 7
33 736 11
33 76 14
34 118 9
34 232 10
34 775 9
35 631 5
36 816 11
36 68 11
36 704 11
37 327 13
37 753 12
37 646 12
37 429 8
38 443 9
38 725 9
38 537 15
38 212 8
39 583 9
39 406 12
39 711 13
39 325 13
40 244 11
41 335 9
41 840 12
41 200 11
42 985 13
42 442 7
42 337 11
43 316 15
43 593 8
43 303 14
43 558 10
43 491 9
43 496 10
44 938 9
44 319 9
44 624 12
45 825 9
36 45 10
45 398 10
45 478 9
4 45 11
29 46 9
47 244 12
47 672 9
47 762 13
48 861 9
48 203 13
48 252 9
49 704 15
49 845 10
49 267 13
50 710 10
50 70 10
50 115 11
51 517 9
51 919 11
51 273 9
52 734 11
52 276 10
52 801 14
52 232 10
53 461 12
53 222 11
54 226 9
54 385 9
55 959 14
55 650 13
56 808 12
56 658 9
57 785 13
57 788 11
57 651 10
58 747 8
58 863 11
58 615 11
59 60 11
59 513 9
59 821 13
51 59 9
29 60 10
60 391 9
61 363 15
61 413 8
61 255 10
59 62 11
5 62 11
62 145 9
63 454 10
64 663 9
64 923 12
64 645 11
65 999 11
65 918 10
65 248 10
65 755 9
65 887 12
66 693 12
66 178 10
66 262 14
67 777 13
67 287 8
67 836 8
67 985 12
21 68 13
4 68 9
68 482 12
69 900 12
69 287 9
69 633 11
70 196 10
70 520 11
70 297 5
70 571 9
71 865 12
71 314 5
71 135 11
72 300 12
72 198 9
73 751 10
73 552 8
24 73 11
74 897 13
74 333 15
75 467 13
75 356 15
34 75 9
75 484 9
76 394 12
76 151 10
76 355 8
76 688 10
77 118 11
77 362 13
77 216 12
78 369 8
78 263 12
78 413 12
78 760 13
79 209 12
79 392 12
46 79 9
80 730 12
53 80 14
51 80 9
80 659 13
80 597 11
81 660 12
81 233 6
81 714 13
81 491 13
82 421 14
82 424 10
83 938 8
83 650 7
83 566 9
83 875 10
16 84 8
71 84 9
85 556 9
85 724 10
85 240 11
86 742 9
23 86 10
87 943 10
87 497 14
87 820 11
87 860 12
88 501 12
67 88 8
88 474 9
88 679 8
88 537 10
89 450 10
89 862 11
89 449 10
89 323 14
90 983 10
90 630 6
90 761 9
90 749 11
90 458 12
91 825 13
91 232 9
91 487 13
91 688 12
92 427 11
92 583 12
92 228 12
93 114 12
94 574 9
95 404 10
95 212 9
96 768 11
96 864 14
96 774 9
97 360 8
97 693 9
97 408 7
97 721 12
98 623 8
98 398 10
98 310 9
98 612 12
99 156 11
99 725 11
99 893 10
100 455 9
100 491 12
100 909 7
100 435 8
28 101 12
101 720 11
102 443 12
102 811 14
102 103 10
102 992 11
102 610 11
103 280 10
103 707 7
103 199 8
103 873 8
104 782 11
104 747 10
105 300 13
105 318 11
105 659 12
105 151 13
105 207 11
106 879 9
106 203 13
106 482 7
107 230 12
107 689 10
107 620 13
107 778 11
108 641 10
108 136 10
108 696 14
109 639 12
109 796 10
109 353 10
109 533 11
109 168 9
110 571 11
110 895 11
111 650 7
111 427 8
112 263 12
112 712 14
112 146 9
112 579 11
112 908 13
113 462 10
113 114 9
113 506 9
113 578 13
47 114 8
114 818 9
115 710 10
115 199 10
53 115 5
21 115 11
115 623 12
116 403 8
116 280 12
117 151 13
117 655 13
118 684 13
118 386 11
118 552 11
118 824 10
119 248 9
119 383 12
119 866 11
120 313 12
120 578 11
121 710 11
121 730 10
121 319 10
122 455 11
122 304 11
79 122 11
122 831 12
109 122 9
123 451 12
123 720 11
123 205 8
124 304 11
124 942 9
124 261 10
125 233 10
126 361 10
126 983 11
126 957 10
127 451 10
128 764 12
128 597 8
72 128 8
53 128 12
129 982 14
129 968 9
56 129 12
129 743 11
129 235 10
130 738 9
130 203 12
130 485 9
130 533 12
131 631 8
131 391 12
132 133 10
132 527 10
132 151 14
132 965 9
133 210 10
133 627 11
133 599 10
133 708 9
80 134 9
134 459 11
72 135 9
135 884 10
135 306 11
135 736 9
136 266 11
136 795 11
136 715 12
136 690 14
137 677 6
138 462 9
138 161 12
138 346 15
139 230 12
139 807 8
140 703 9
140 185 11
140 851 8
141 841 12
141 518 14
141 209 12
141 643 12
11 142 7
142 297 8
143 389 9
143 931 12
143 461 9
143 807 7
144 825 9
144 914 7
144 828 12
118 145 10
145 534 10
145 173 8
145 249 12
107 146 9
146 848 10
146 892 8
146 979 10
147 369 9
50 147 10
147 982 11
148 173 12
31 148 11
149 685 10
149 602 10
149 520 8
150 208 14
150 703 9
150 922 13
150 186 11
151 547 11
151 344 10
152 756 13
152 384 11
60 152 11
153 552 13
48 153 12
153 892 7
153 702 11
154 566 10
155 956 8
155 511 9
156 274 6
157 860 5
157 906 9
157 682 12
157 278 12
158 311 9
158 932 12
159 966 17
159 787 10
160 552 12
32 160 6
161 873 13
162 335 11
162 951 12
162 665 11
162 950 14
96 163 8
163 623 8
163 991 9
164 796 13
48 164 11
165 791 12
165 981 7
23 165 9
0 166 13
61 167 12
167 985 14
167 683 10
168 547 12
168 388 12
163 168 13
125 168 12
169 183 8
169 588 12
114 169 7
169 891 13
170 553 9
170 425 6
170 518 7
171 423 11
171 218 13
171 604 12
171 367 8
48 172 13
172 537 11
172 906 11
172 545 11
173 198 9
173 712 10
173 714 11
173 999 10
173 745 13
173 934 11
174 682 12
174 557 12
175 256 8
14 175 14
175 554 8
176 724 9
176 982 12
177 972 13
177 670 9
177 655 10
178 456 12
178 328 8
178 735 9
178 348 10
179 942 9
179 492 8
134 179 10
71 180 12
23 180 13
181 991 8
181 765 14
182 816 12
182 856 11
182 368 9
182 811 12
183 540 11
183 704 9
183 620 9
183 788 10
183 670 14
184 356 13
184 277 11
184 194 12
185 784 13
185 824 7
185 876 10
185 848 12
186 220 9
186 649 12
65 186 11
187 351 8
187 815 11
187 761 11
187 980 13
111 187 11
188 896 12
142 188 9
189 884 13
190 825 7
190 284 9
190 466 12
190 933 11
190 318 12
190 433 9
191 520 12
191 305 15
191 660 11
192 283 8
192 338 8
35 193 12
193 816 10
28 193 12
194 731 9
194 568 14
110 194 9
194 275 13
194 343 12
195 311 11
195 863 11
195 610 12
195 206 13
196 277 9
196 748 12
196 864 12
148 196 13
197 632 11
197 563 12
197 873 10
197 647 10
198 395 8
198 821 8
99 199 12
105 199 10
199 808 10
148 200 11
200 714 8
200 422 12
201 473 11
201 358 9
201 890 14
202 514 9
158 202 9
202 857 12
203 560 9
203 758 12
203 965 15
203 295 14
204 399 14
204 782 8
205 765 14
205 447 10
205 322 12
206 390 15
206 696 8
207 953 11
207 792 10
207 992 13
129 208 11
208 537 8
19 208 12
208 229 8
209 697 8
209 974 7
210 476 10
211 247 7
211 779 12
211 707 12
211 261 14
212 872 10
212 847 9
84 212 9
212 608 14
213 573 10
213 877 9
133 213 11
127 213 11
213 864 9
214 528 10
162 214 11
82 214 7
214 384 11
207 215 10
120 215 11
165 215 12
197 215 8
216 711 12
46 216 11
26 216 10
216 928 10
217 656 9
217 474 7
1 217 10
217 526 11
218 527 10
202 218 13
3 219 8
219 378 11
50 219 11
16 220 11
151 220 11
203 220 10
209 220 12
221 245 13
221 237 11
221 641 12
116 221 12
222 393 10
51 223 8
223 295 10
223 250 15
223 612 12
224 583 11
224 859 9
225 722 12
225 356 11
50 226 14
226 242 12
226 318 11
227 403 9
227 945 12
228 877 13
228 650 11
228 464 9
204 229 10
229 879 10
229 539 11
230 952 10
230 506 11
182 230 12
231 821 11
85 231 6
231 923 7
232 813 10
232 664 11
232 785 13
233 312 12
33 233 8
233 782 12
234 703 12
234 666 9
234 481 10
209 235 11
235 641 11
235 290 10
236 748 12
126 236 10
83 236 11
5 237 11
237 691 12
237 302 7
11 237 11
238 820 14
238 562 13
161 238 9
238 386 6
238 887 11
239 861 12
239 957 11
239 292 11
240 281 11
15 240 10
240 620 10
241 602 10
242 990 13
242 353 12
242 253 10
243 763 9
243 268 12
244 416 14
135 244 13
244 954 11
244 865 11
245 338 10
245 550 10
246 976 12
163 246 10
56 246 10
213 247 12
247 862 13
247 940 11
168 247 9
248 435 11
248 816 12
248 345 12
188 249 11
249 889 12
249 259 11
250 577 11
250 845 10
250 889 12
250 342 8
250 919 14
66 251 13
209 251 9
251 726 10
135 251 6
252 291 12
252 326 11
252 739 13
253 850 11
253 750 11
253 683 7
125 254 9
254 711 8
255 751 13
255 807 11
124 256 11
256 990 11
256 371 12
257 983 12
257 718 10
258 913 10
258 384 10
258 729 13
258 700 13
259 808 10
9 259 9
259 969 10
58 260 11
260 444 11
260 413 11
261 344 13
261 905 11
262 673 11
262 677 12
262 958 12
262 576 10
263 505 7
158 263 11
263 577 10
45 264 11
264 789 11
264 359 12
265 874 10
265 382 8
266 979 9
266 745 7
266 310 11
267 592 13
267 500 7
138 268 12
269 943 9
269 459 11
269 878 9
270 419 13
253 270 8
270 784 14
270 969 9
110 271 13
271 876 11
271 484 14
272 457 6
273 961 11
210 273 14
273 629 10
109 274 11
274 451 11
274 340 10
189 275 12
275 682 10
275 668 12
270 275 11
275 371 11
276 615 9
276 781 11
277 779 11
277 381 8
277 714 13
277 919 11
8 278 9
278 615 13
279 508 13
279 470 8
279 280 11
279 648 9
280 701 6
280 749 12
281 859 9
281 707 10
281 856 11
222 281 13
282 547 11
282 482 10
282 665 14
282 563 7
283 769 12
283 324 10
284 666 9
284 504 9
284 290 13
285 452 12
285 503 6
285 657 11
285 843 6
120 286 10
285 286 10
286 622 10
287 296 8
151 287 11
288 326 11
279 288 13
289 669 10
289 940 10
290 747 10
181 290 14
290 974 10
290 434 16
100 291 11
291 896 9
291 748 8
198 292 11
293 822 12
293 673 8
61 293 10
293 351 12
267 294 13
83 294 13
245 294 11
294 480 14
36 295 8
295 399 13
295 556 8
296 379 10
297 903 11
76 297 12
297 351 9
297 765 11
298 895 9
298 455 10
298 961 11
299 533 11
19 299 13
299 491 10
109 300 11
300 950 8
300 613 13
301 649 11
301 393 9
277 301 9
301 614 8
302 313 9
118 302 9
302 549 15
160 302 12
303 950 9
303 969 11
303 399 11
82 304 15
242 305 11
305 405 8
83 305 15
305 487 11
121 305 12
49 306 10
306 965 13
306 310 12
306 749 9
307 838 11
307 867 14
79 307 10
308 324 13
308 392 10
193 308 10
309 730 14
299 309 8
309 755 15
243 309 9
309 654 12
310 571 10
310 334 15
272 311 9
311 393 10
311 736 10
92 312 13
257 312 12
238 312 11
312 551 11
295 313 10
313 596 12
70 313 10
314 911 7
314 499 10
315 442 9
315 817 13
176 316 11
116 316 8
316 548 12
317 878 11
35 317 11
318 364 8
318 398 14
318 449 9
318 870 11
318 474 11
319 912 12
319 452 9
320 392 8
320 848 13
31 321 10
321 519 11
201 322 5
323 968 13
323 849 13
323 651 8
323 552 12
313 324 10
293 324 11
6 324 11
324 888 12
324 825 10
325 372 10
208 325 9
22 325 9
325 472 12
326 911 14
326 491 10
326 740 8
326 928 11
327 616 15
248 327 8
327 438 9
327 883 11
327 393 10
328 436 9
328 557 13
168 328 12
282 328 10
268 329 8
329 750 10
330 454 13
330 385 10
330 340 10
331 939 12
331 605 9
332 682 13
332 779 12
80 332 10
333 512 11
159 333 9
333 599 11
169 333 12
334 668 12
334 991 9
227 335 13
335 887 9
335 797 12
336 567 10
336 766 8
337 681 16
269 337 14
338 524 12
338 766 11
15 338 11
338 725 12
339 878 10
339 684 14
339 707 11
340 805 10
340 596 11
0 340 10
341 645 10
104 341 11
341 414 11
342 416 10
127 342 10
257 342 12
108 343 10
343 678 13
279 343 9
344 803 13
344 707 11
344 827 10
345 918 6
239 345 9
52 345 13
346 768 8
346 893 9
346 687 11
347 658 10
347 808 6
347 887 10
348 954 15
175 348 11
348 406 11
349 714 12
330 349 10
14 350 12
107 350 11
146 350 14
351 632 9
351 703 7
351 404 13
352 914 11
352 891 9
352 747 9
5 353 7
353 949 11
287 353 9
124 354 10
354 827 11
280 355 13
150 355 11
162 355 11
356 878 12
68 356 12
356 828 12
356 599 6
357 817 15
167 357 11
357 514 11
180 357 9
358 710 11
62 358 9
59 358 12
335 358 11
359 919 9
82 359 9
359 949 12
169 359 11
359 977 13
360 562 10
360 520 11
361 411 9
292 361 11
207 361 9
362 958 10
343 362 14
362 444 10
363 728 8
269 363 11
353 363 11
277 363 8
364 429 12
364 378 11
364 592 12
364 437 9
365 778 13
365 771 9
366 625 13
366 597 10
366 567 8
226 367 11
367 896 7
54 367 10
368 476 10
236 368 12
369 465 13
369 720 9
39 369 9
370 950 10
370 417 10
371 992 12
225 371 13
371 839 10
371 873 10
372 579 10
373 660 10
203 373 11
374 729 12
374 852 7
374 437 13
374 423 11
157 375 12
70 375 7
376 403 11
376 487 14
376 937 11
376 936 9
377 878 13
377 816 8
378 860 10
378 479 8
289 378 11
94 378 13
306 379 12
379 985 9
322 379 11
227 380 9
380 811 10
61 380 12
381 902 8
381 770 10
381 665 11
382 918 12
382 707 7
383 613 10
383 548 14
383 872 9
383 510 11
384 809 10
384 499 14
144 384 11
384 728 13
81 385 8
349 385 6
385 791 14
241 385 9
256 386 13
235 386 7
121 386 13
387 581 9
387 649 8
387 665 18
388 642 9
388 980 12
99 388 9
353 389 8
389 837 11
390 524 8
79 390 11
88 390 16
390 496 10
391 883 9
391 851 11
288 391 12
373 391 8
392 607 9
392 917 12
354 392 11
112 393 14
371 393 10
319 394 7
394 741 9
394 975 8
395 522 12
395 402 10
395 998 11
78 396 12
396 928 8
396 605 9
397 826 12
397 749 10
201 397 10
398 727 11
213 398 9
110 398 10
124 398 14
374 398 13
286 399 10
399 507 11
399 508 11
372 399 11
400 458 9
199 400 13
400 452 7
260 400 7
401 994 12
401 985 9
211 402 9
402 709 11
319 403 9
203 403 13
403 447 10
232 404 11
404 595 16
30 404 9
405 479 11
175 406 9
406 968 12
407 500 8
407 593 10
408 625 10
408 940 11
408 755 7
268 409 11
409 436 10
409 781 10
410 557 10
410 790 12
410 739 11
411 833 13
411 921 11
13 411 14
316 412 10
141 412 10
339 412 11
412 674 12
132 413 12
334 413 10
200 413 12
414 578 14
186 414 10
28 414 13
414 979 11
415 605 12
415 781 13
149 415 11
415 561 9
416 672 15
416 417 11
417 724 11
417 992 11
282 417 8
216 418 9
418 570 8
418 444 11
418 465 10
133 419 11
97 419 11
50 420 11
420 543 12
420 830 13
281 421 14
6 421 11
421 904 10
115 421 11
393 422 13
422 480 8
110 422 9
422 600 10
423 581 12
423 879 12
237 423 11
235 424 14
425 694 15
252 425 12
425 882 8
375 425 10
126 426 11
426 663 12
426 913 10
426 738 9
427 532 11
165 427 13
418 428 11
414 428 9
429 721 13
429 978 11
84 429 10
66 430 10
431 440 9
431 688 12
18 432 12
432 827 9
433 729 10
156 433 9
434 876 9
434 575 8
435 717 11
435 564 14
435 858 11
436 679 11
243 436 11
437 756 11
437 475 16
438 953 11
438 718 12
143 438 11
371 438 11
439 979 7
439 451 8
183 439 10
439 906 9
439 728 7
187 440 11
440 576 11
12 440 9
9 441 13
441 893 10
65 442 11
213 442 10
443 547 9
418 443 12
258 444 10
444 454 13
444 529 9
322 444 12
445 558 11
81 445 11
445 729 10
445 478 8
445 862 10
446 904 15
388 446 10
78 446 7
16 447 12
175 447 10
447 719 7
422 448 10
448 977 8
448 569 12
229 448 11
316 449 10
129 449 10
449 484 12
450 565 13
450 490 11
116 450 12
451 942 11
162 451 5
143 451 12
451 922 12
452 814 11
405 452 14
453 862 11
453 851 14
234 453 13
419 453 8
453 676 9
454 836 10
454 608 9
117 455 12
455 564 12
220 455 10
247 455 10
455 805 12
456 583 10
456 979 9
259 456 12
457 467 11
457 895 9
457 750 10
458 677 12
458 793 13
85 458 11
458 468 10
459 538 12
413 459 11
102 459 11
459 692 7
460 545 7
299 460 11
460 960 11
428 460 11
461 923 8
461 519 10
4 461 12
461 621 9
364 461 13
403 462 12
309 462 8
462 778 14
462 642 5
463 591 13
463 768 14
246 463 11
464 633 15
2 464 11
465 904 15
465 868 11
0 466 12
147 467 8
369 467 13
249 468 13
468 764 7
468 693 11
469 798 12
469 522 13
469 930 12
469 760 9
215 469 13
470 851 12
470 607 15
470 581 12
236 470 9
471 870 10
348 471 12
471 879 11
471 862 12
472 598 11
447 472 10
103 473 10
474 758 8
474 960 13
475 855 9
475 645 12
475 951 13
107 476 12
224 476 10
477 867 6
28 477 10
477 615 9
277 477 14
478 745 9
478 779 10
478 941 11
479 782 11
479 495 13
480 590 12
480 806 8
265 480 12
481 696 14
481 541 8
271 481 13
481 894 9
482 799 9
482 919 11
460 482 10
272 483 13
390 483 12
483 909 7
483 759 12
484 649 13
484 651 10
484 563 9
485 993 8
485 951 13
450 486 11
486 784 9
487 557 11
487 659 12
458 487 11
487 756 7
487 889 11
488 637 11
488 724 12
488 513 7
333 489 6
489 584 11
36 490 12
490 641 8
491 845 9
491 742 7
491 613 14
134 491 11
492 996 13
492 913 8
493 705 8
493 950 7
195 494 12
494 755 10
494 933 12
494 590 13
243 495 7
495 563 12
157 495 13
44 496 10
305 496 10
496 897 7
497 661 13
497 800 10
497 504 7
189 497 13
449 497 11
497 767 10
498 880 9
498 965 10
146 498 14
499 795 11
499 991 9
323 499 10
500 926 10
206 501 10
492 501 9
501 798 14
418 502 15
219 502 8
502 803 8
41 502 11
357 503 11
203 503 8
56 504 9
94 504 10
194 504 9
97 505 8
375 505 8
34 506 6
506 571 8
155 506 11
507 688 12
321 508 8
508 542 11
508 543 10
508 817 9
467 509 10
49 510 7
510 890 11
399 510 14
510 516 11
222 510 11
54 511 9
511 998 8
412 512 11
122 512 11
326 512 11
513 862 11
335 513 8
513 619 9
511 514 10
514 772 10
515 592 10
515 591 11
515 683 13
516 722 7
516 926 9
336 517 10
406 517 12
517 955 7
486 517 13
203 518 12
293 518 11
434 518 9
519 789 10
519 992 10
519 701 14
331 520 10
101 520 11
258 520 10
291 520 14
316 521 11
184 521 10
521 989 10
452 522 11
344 522 11
40 522 13
523 888 9
523 935 8
349 523 12
173 524 8
524 958 12
330 524 6
359 524 11
525 541 13
525 993 9
174 525 9
456 526 11
526 683 10
526 692 9
527 692 9
527 840 9
527 805 14
528 615 6
349 528 8
41 528 11
375 529 9
225 529 11
93 529 9
243 529 11
29 530 13
230 530 12
495 530 9
506 531 4
531 929 8
269 531 8
531 780 10
235 532 9
532 611 11
68 532 10
533 781 9
533 807 10
73 533 11
65 533 8
98 534 12
231 534 8
534 964 10
374 534 10
44 535 8
535 588 11
535 668 11
536 723 10
56 536 9
537 851 13
513 537 14
248 537 13
103 537 8
106 537 13
154 538 14
538 918 11
538 904 10
539 620 9
518 539 9
539 840 8
486 540 10
317 540 12
240 540 11
540 541 10
522 541 11
342 541 10
542 756 10
199 542 12
542 830 14
525 543 9
403 543 10
441 544 13
545 845 9
454 546 12
546 810 13
298 546 7
546 924 13
459 547 12
547 671 13
70 547 11
413 547 10
547 842 10
212 548 10
408 548 12
548 898 8
151 548 12
86 549 9
81 549 12
549 875 11
550 768 9
551 899 11
303 551 9
310 552 13
207 552 8
553 824 11
553 793 8
553 708 12
554 947 10
554 675 10
99 554 11
555 943 12
114 555 14
555 712 15
285 555 9
556 651 9
556 778 11
556 766 9
414 557 11
395 558 10
67 558 6
55 559 8
277 559 9
559 879 8
227 560 9
560 687 11
241 560 9
433 561 8
458 562 11
562 734 8
510 562 10
562 833 14
563 967 9
563 666 8
285 563 8
38 563 11
209 564 10
99 564 12
565 877 11
284 566 17
566 818 11
340 566 11
457 566 7
103 567 11
567 619 12
367 568 10
78 568 10
479 568 11
363 568 13
569 733 12
569 962 12
281 570 11
570 751 13
570 839 8
571 828 12
571 670 10
572 945 10
289 572 14
572 903 11
548 572 12
351 573 10
161 573 9
565 573 9
574 903 6
70 574 10
574 587 10
501 575 12
575 866 8
486 576 11
73 576 9
576 931 11
183 577 13
577 719 11
578 912 10
230 578 9
578 906 9
160 578 13
578 808 10
317 579 10
475 579 7
559 579 9
580 654 9
580 880 11
431 580 8
581 657 11
238 581 9
499 582 11
149 582 12
583 762 14
460 584 11
389 584 11
544 584 9
382 584 8
435 585 8
197 585 8
585 884 11
294 586 11
548 586 10
283 586 10
587 812 11
42 587 10
236 587 12
341 587 12
96 587 9
588 866 12
0 588 13
588 620 12
588 998 11
589 896 14
589 805 9
74 589 11
190 590 12
396 590 12
590 967 9
310 590 11
221 591 8
42 591 8
591 704 8
592 819 10
284 592 10
593 724 7
202 593 8
493 594 7
594 760 11
594 948 11
594 620 15
595 624 13
416 595 10
566 595 8
303 595 11
596 739 13
202 596 9
15 596 13
38 597 11
597 836 9
597 625 11
597 812 10
518 598 14
598 846 11
598 718 9
229 599 12
599 959 10
333 600 13
600 613 9
573 600 7
225 601 10
542 601 10
575 601 9
601 853 12
601 934 12
602 823 12
328 602 8
34 602 13
602 743 10
342 603 12
15 603 10
603 815 9
190 603 11
53 604 9
604 622 13
251 604 6
604 866 11
500 605 13
605 694 14
544 605 8
605 723 14
263 605 10
606 893 9
606 641 12
525 606 9
82 607 9
3 607 13
607 608 7
588 608 14
603 608 8
599 608 12
609 628 11
348 609 12
33 609 8
476 610 12
610 754 11
610 969 11
63 611 10
25 611 11
611 963 15
612 991 11
12 612 11
612 735 11
613 940 9
613 839 13
486 613 10
265 613 11
298 614 9
535 614 15
427 614 11
614 850 12
563 615 14
244 615 10
302 615 9
218 616 9
586 616 9
376 617 11
458 617 14
214 617 10
52 618 11
619 778 12
619 905 9
619 993 10
620 831 10
50 620 11
434 620 13
621 907 9
621 819 9
621 861 13
279 621 11
621 652 10
622 835 8
584 622 7
622 710 12
566 622 9
399 622 11
623 810 10
623 886 13
444 623 6
623 908 9
442 624 12
596 624 11
449 625 12
393 625 13
625 930 11
543 625 9
625 738 10
448 626 13
291 626 9
626 784 11
209 627 12
627 711 11
236 627 12
628 902 6
428 628 8
425 628 12
452 629 10
435 629 10
241 630 10
630 737 10
630 663 9
631 823 8
631 680 6
632 879 11
632 907 10
633 803 9
281 633 9
633 786 13
634 851 11
430 634 10
191 634 8
54 635 12
635 764 10
19 636 8
332 636 9
1 636 10
636 807 9
637 695 9
546 637 13
637 922 12
166 638 11
57 638 10
499 638 8
58 639 13
4 639 12
464 639 8
280 640 12
479 640 9
640 702 10
640 735 10
522 641 12
576 641 8
641 680 9
642 913 11
452 643 7
343 643 9
643 731 10
301 643 9
117 644 13
277 644 13
63 644 9
469 645 12
383 645 16
421 645 8
430 645 16
646 990 13
646 832 9
647 981 12
267 647 9
64 647 12
648 948 9
648 726 8
132 648 10
649 763 13
590 649 11
254 650 10
651 962 13
303 651 12
623 651 8
216 652 9
652 688 10
652 998 9
352 653 11
653 915 12
653 838 10
653 947 12
654 830 10
333 654 12
207 654 8
655 825 9
51 655 7
222 656 13
656 841 13
4 657 10
657 697 10
207 658 9
124 658 9
658 832 14
464 658 9
658 910 7
520 659 10
418 659 10
660 674 11
660 852 11
610 660 10
172 661 9
182 661 14
150 661 11
575 662 13
519 662 12
643 662 13
278 662 11
515 663 9
663 697 16
484 664 7
664 712 13
664 793 8
664 752 12
665 918 8
134 665 14
665 925 8
135 666 7
651 666 12
666 840 12
389 667 9
667 798 11
21 667 10
514 667 12
115 668 11
31 669 11
167 669 10
225 669 11
123 670 11
128 670 10
227 671 11
399 671 11
307 671 12
238 672 7
460 672 10
198 672 11
673 814 11
549 673 8
673 955 9
135 673 10
673 920 9
29 674 13
674 791 11
518 674 12
94 674 10
331 674 10
674 699 15
644 675 12
675 749 10
103 676 11
645 676 14
101 676 8
677 755 10
579 677 12
213 678 12
503 678 10
678 936 11
413 678 13
299 679 8
679 720 10
680 752 14
350 680 12
129 680 13
347 680 9
327 681 14
471 681 12
81 681 10
286 682 12
117 682 11
637 683 8
683 805 14
683 956 8
58 683 9
616 684 13
684 698 10
524 685 10
379 685 10
130 686 13
50 686 9
686 991 10
622 687 11
348 687 9
10 687 10
517 688 10
344 688 6
505 689 8
503 689 10
94 689 10
418 689 15
117 689 11
690 870 5
14 690 12
690 943 9
104 690 9
691 846 10
691 866 12
691 880 8
163 692 9
692 815 12
692 913 10
693 749 13
659 693 13
595 693 11
447 693 12
302 693 10
650 694 9
486 694 9
364 695 9
695 771 13
696 822 7
192 696 6
696 702 10
443 696 8
417 697 9
697 818 7
698 874 10
555 698 10
698 971 12
699 795 10
135 699 13
699 761 8
416 699 9
536 700 10
595 700 10
232 701 12
422 701 7
203 701 10
111 702 13
149 702 8
276 702 12
151 703 13
703 757 8
704 848 10
704 928 8
92 705 10
705 980 9
97 705 10
532 706 10
437 706 11
706 722 13
402 707 11
707 857 11
574 707 12
88 707 13
535 707 12
708 725 8
321 708 10
708 815 13
708 924 12
177 709 9
700 709 12
135 710 8
710 929 14
513 711 11
326 711 11
690 711 12
540 711 10
598 712 11
159 712 12
710 712 8
713 794 10
713 760 6
648 714 11
714 835 8
715 789 13
715 928 13
497 716 11
223 716 13
20 717 13
476 717 12
718 849 15
718 851 9
66 718 10
707 719 9
719 995 9
425 720 12
346 720 11
63 720 9
395 720 9
613 721 8
524 721 11
721 983 6
722 752 9
57 722 12
723 897 14
342 723 8
79 723 12
684 723 13
724 780 12
389 724 11
98 724 9
200 725 10
725 783 8
402 725 15
647 725 12
463 726 10
727 858 13
431 727 7
155 727 12
216 727 6
252 728 13
25 728 8
420 729 9
264 729 9
729 971 11
472 729 10
730 731 12
32 730 10
530 730 10
619 730 9
731 772 10
731 842 12
70 731 11
732 765 12
297 732 12
485 732 10
312 732 10
107 733 11
64 733 13
449 733 11
364 734 9
734 964 9
417 734 12
494 735 12
329 735 7
36 736 9
736 827 7
121 736 9
579 737 7
74 737 14
435 737 11
55 738 11
73 738 9
738 741 10
410 738 13
14 738 10
556 739 12
411 739 9
36 739 12
250 739 8
167 740 8
380 740 7
269 740 10
701 741 15
135 741 10
171 741 13
521 741 11
432 741 9
742 797 12
742 845 14
743 766 10
326 743 11
18 743 13
526 744 12
744 909 10
744 808 10
298 745 12
143 745 8
311 745 8
746 781 10
403 746 10
513 746 9
654 747 13
133 747 11
42 747 11
747 857 10
197 748 13
483 748 10
749 969 12
749 816 9
19 749 10
749 778 8
749 899 11
483 750 7
258 750 16
600 751 12
47 751 9
232 752 9
752 811 7
752 946 12
752 789 10
411 753 10
753 953 11
636 754 12
451 754 15
63 754 12
754 910 11
755 997 9
217 755 9
174 755 11
670 755 10
34 756 11
677 756 9
756 811 13
196 757 9
543 757 9
757 962 12
757 958 12
98 758 9
758 793 12
1 758 9
262 759 9
757 759 12
318 760 12
533 760 13
317 761 8
589 761 13
272 762 15
762 820 10
636 762 13
387 762 8
763 879 11
763 854 10
763 827 9
418 764 12
52 764 12
764 950 10
459 765 9
409 765 11
766 997 12
618 766 11
766 767 11
121 767 11
320 767 11
459 768 9
127 768 9
89 768 11
215 768 9
139 768 8
287 769 11
153 769 11
240 769 9
425 770 12
253 770 10
771 997 10
238 771 13
648 771 8
649 772 10
772 789 11
615 772 10
279 772 8
448 773 13
123 773 7
692 774 7
298 774 10
774 911 9
319 774 9
675 774 12
775 836 11
658 775 11
4 775 9
244 775 11
57 775 9
97 775 8
420 776 10
255 776 13
439 777 9
777 965 15
334 778 12
218 778 11
778 800 9
585 779 12
779 939 11
99 779 11
780 964 10
780 800 10
780 840 9
780 941 12
390 781 8
782 963 8
82 782 13
538 782 11
431 782 13
205 782 9
620 782 7
783 950 11
783 972 9
224 783 11
134 783 10
707 784 11
8 784 14
153 784 10
453 784 10
446 784 11
194 785 9
420 785 9
470 785 12
786 995 13
754 786 9
713 786 8
192 786 10
390 787 9
259 787 13
787 849 9
788 996 12
419 788 10
583 788 10
720 788 9
442 788 9
789 811 8
789 911 13
430 789 11
101 790 12
629 790 14
75 791 14
792 929 11
336 792 11
132 792 9
445 793 10
549 793 10
672 793 11
794 833 7
658 794 10
763 795 4
795 874 11
704 795 12
796 841 9
161 796 11
796 843 9
797 814 11
175 797 9
726 797 11
499 797 7
578 798 8
736 798 12
294 798 9
360 799 15
477 799 13
635 799 10
37 800 7
604 800 10
456 801 11
766 801 12
347 801 13
228 801 12
801 879 11
802 957 12
569 802 8
20 802 10
415 803 9
725 803 9
592 803 13
426 804 12
804 972 11
250 804 11
92 805 14
625 805 12
423 806 12
420 806 12
760 806 13
283 806 13
33 806 7
807 825 7
75 807 11
179 807 8
325 808 10
809 881 6
173 809 9
604 809 11
203 809 12
810 909 15
810 818 9
347 810 10
433 811 11
441 811 9
811 894 10
364 812 9
659 812 9
782 812 12
79 812 11
44 813 12
813 927 10
813 860 13
606 814 13
654 814 12
297 814 8
515 815 13
214 815 13
391 815 10
815 855 11
556 816 11
816 873 14
290 816 9
817 900 8
100 818 9
818 839 8
117 819 10
747 819 14
15 819 8
158 820 8
468 820 9
813 820 9
378 821 10
638 821 7
190 822 15
748 822 12
290 822 13
226 822 11
372 823 11
396 823 11
797 823 10
478 824 11
398 824 6
813 824 12
34 824 10
720 824 11
269 825 10
63 825 12
825 840 13
496 826 11
525 826 10
93 826 8
694 826 8
221 827 11
828 862 10
695 828 12
70 828 11
588 829 6
805 829 7
514 829 8
632 830 10
213 830 9
468 830 11
831 960 11
284 831 11
70 831 11
796 831 14
27 832 11
546 832 12
833 985 9
270 833 11
71 833 12
297 834 12
633 835 10
832 836 11
582 836 13
5 836 13
549 837 8
683 837 7
676 837 10
672 838 9
774 838 8
128 838 8
485 838 13
20 839 12
156 839 8
419 839 13
546 840 15
787 840 11
191 840 6
92 841 13
801 841 13
802 842 9
241 842 8
436 843 14
474 843 11
46 844 10
584 844 12
771 844 10
733 845 11
810 845 11
845 925 10
671 846 14
3 847 12
635 847 12
34 848 10
848 941 11
69 848 9
195 849 10
627 849 11
396 849 13
159 849 8
850 901 8
773 850 6
437 851 9
59 851 7
549 852 12
704 852 13
852 950 8
640 853 10
684 853 7
94 854 12
489 854 13
854 874 11
398 854 12
694 855 10
545 855 13
192 855 12
445 856 10
520 856 15
491 857 12
817 857 12
768 857 9
686 857 13
273 858 11
858 891 9
790 859 6
625 859 10
859 908 10
558 860 7
295 860 11
452 860 10
334 860 5
861 883 11
774 861 11
407 861 11
862 944 11
118 862 12
740 862 11
586 862 14
397 862 10
863 986 10
328 863 10
784 863 11
103 863 10
788 864 11
384 864 13
204 864 13
864 910 15
7 865 8
9 865 12
454 865 11
732 865 11
47 866 7
254 866 10
248 866 11
867 971 10
488 867 11
489 867 9
776 867 12
470 868 8
745 868 15
868 881 10
224 869 6
536 869 12
869 877 9
607 870 9
870 890 11
870 912 9
629 871 9
807 871 10
153 871 11
134 872 11
101 872 12
479 872 8
160 873 12
794 873 7
546 874 12
745 874 7
626 874 8
24 875 11
816 875 12
496 875 10
250 875 13
327 875 10
487 876 9
651 876 12
91 876 9
338 876 8
647 877 9
877 921 10
271 877 12
574 878 10
878 931 9
89 878 12
553 879 11
841 879 11
846 879 11
740 880 12
257 880 9
777 881 11
8 882 14
825 882 8
171 882 7
730 883 9
169 883 9
756 883 13
522 883 12
690 884 8
777 884 11
730 884 5
225 885 10
858 885 9
330 885 8
703 885 14
503 886 8
394 886 9
755 887 11
254 887 12
603 887 10
431 888 11
851 888 10
192 888 11
794 889 12
598 889 10
357 889 8
352 889 11
643 890 10
32 890 9
890 980 11
737 891 10
788 891 9
404 891 13
845 891 8
792 891 12
572 892 12
256 892 8
892 967 8
877 893 9
499 893 13
535 893 8
249 893 11
881 894 10
127 894 9
384 894 9
282 894 11
895 917 9
79 895 12
159 895 11
406 895 7
372 896 11
594 896 11
820 897 12
513 897 14
181 898 13
22 898 11
848 898 10
721 898 14
575 899 12
155 899 7
581 899 11
776 899 15
508 900 10
118 900 13
346 900 8
223 900 12
658 901 13
507 901 12
727 901 8
830 901 8
581 902 11
663 902 13
425 903 7
109 903 14
125 903 11
488 904 11
754 904 10
710 904 13
133 905 12
650 906 11
331 906 8
652 906 9
767 907 9
797 907 9
475 907 14
722 907 11
332 907 11
439 908 11
210 908 9
98 908 10
873 909 13
313 909 10
875 909 10
859 910 9
3 910 11
426 910 10
911 924 8
744 911 12
117 911 5
217 912 10
673 912 12
912 973 10
331 913 9
246 913 8
874 914 12
596 914 10
579 914 7
6 914 13
111 914 8
395 915 11
581 915 8
915 981 9
568 916 11
66 916 11
675 916 10
818 917 11
412 917 6
857 917 13
93 918 12
861 919 9
591 919 13
919 972 11
101 920 11
618 920 11
626 920 10
921 973 12
921 984 11
543 921 13
270 922 9
458 922 10
493 922 10
228 923 12
478 923 8
718 924 8
50 925 8
712 925 11
418 926 12
308 926 12
402 926 13
225 927 10
900 927 11
420 928 10
534 928 10
438 929 13
309 929 11
195 930 9
296 930 10
377 931 11
868 931 13
664 931 8
804 931 12
102 932 14
441 932 9
663 932 14
534 933 13
652 933 13
575 933 9
85 933 11
501 934 9
478 934 11
633 934 14
934 985 13
244 934 11
525 935 9
72 935 11
680 935 10
538 936 13
31 936 10
381 936 11
564 937 12
300 937 6
334 937 10
891 938 8
844 938 11
707 938 9
249 939 12
562 939 16
12 940 9
510 940 13
326 940 12
871 941 7
915 941 9
429 942 14
242 942 11
401 942 13
20 942 10
565 942 8
512 943 10
943 981 11
9 944 13
601 944 11
116 945 9
95 945 10
424 945 11
364 946 10
731 946 13
611 946 10
917 947 10
770 947 11
466 947 12
948 961 10
666 948 7
949 951 8
260 949 11
287 950 10
574 950 11
743 950 8
626 950 10
951 986 7
163 951 8
116 952 9
215 953 8
30 953 9
954 985 9
1 954 10
232 954 9
687 955 5
656 955 11
956 997 9
696 956 10
603 956 11
487 956 10
949 956 13
417 957 11
594 957 11
861 957 11
383 957 12
560 958 9
416 958 10
434 958 14
41 959 10
614 959 11
177 959 13
31 959 11
638 959 11
311 960 11
63 960 7
469 960 9
689 960 11
744 961 10
849 961 6
805 962 10
426 962 10
118 962 12
246 962 11
398 963 11
832 963 10
188 963 11
543 963 10
228 964 14
964 980 12
18 965 11
626 965 12
829 965 6
965 981 12
532 966 7
72 966 10
903 967 12
967 992 12
388 967 11
788 968 8
569 968 11
533 968 12
359 969 13
950 969 12
907 969 9
21 969 9
490 970 11
576 970 8
45 970 11
970 994 9
616 970 8
877 971 13
964 971 10
371 971 8
339 971 10
471 972 13
230 973 8
151 973 11
50 974 9
242 975 9
95 975 10
148 975 12
287 975 8
539 976 10
525 976 10
792 976 11
218 977 10
36 977 12
281 977 11
10 977 11
128 977 11
180 978 10
392 978 7
517 978 11
856 979 13
787 979 13
640 980 15
925 980 11
251 980 11
943 980 10
150 981 9
471 981 10
77 981 13
155 982 12
566 982 8
729 982 9
579 982 10
251 983 10
343 983 10
954 984 7
740 984 11
975 984 10
703 985 10
985 994 10
399 986 11
101 986 10
980 987 12
714 988 12
943 988 11
446 989 13
578 989 12
876 989 11
191 990 9
982 990 10
418 990 12
144 990 12
35 991 12
515 991 14
58 991 9
890 991 11
669 992 14
683 992 9
784 992 11
850 993 13
338 993 6
37 993 10
671 994 9
512 994 10
25 994 8
893 995 10
994 995 9
115 995 9
321 996 15
65 997 10
256 998 10
386 998 12
54 998 9
495 998 10
690 999 12
102 999 8
137 999 8
