100
0
3
6
8
6
6
2
5
2
10
7
8
4
4
2
7
1
1
7
7
4
6
5
1
6
9
6
5
6
3
9
2
7
3
3
4
7
1
6
4
2
5
1
9
6
9
1
7
6
10
8
9
10
7
5
10
9
8
7
9
4
6
2
3
2
9
8
2
6
3
3
7
5
7
10
2
4
5
6
4
6
3
6
8
8
7
3
3
9
4
9
6
4
5
5
3
4
8
2
5
0 73 12
0 74 12
0 44 10
0 68 13
1 77 7
1 32 10
1 2 8
1 22 10
1 60 12
2 66 12
2 35 8
2 17 11
2 6 4
2 96 15
3 57 11
0 3 11
3 33 10
3 10 10
3 91 9
3 45 12
4 62 8
4 44 13
4 71 13
4 48 9
4 42 10
5 19 7
5 25 13
5 61 10
5 91 7
5 21 7
6 22 11
6 67 14
6 68 11
6 8 12
4 7 8
7 24 9
7 86 7
7 63 9
7 65 8
8 86 12
1 8 7
8 91 12
2 8 11
8 40 10
8 59 12
9 11 11
9 51 11
9 10 10
9 94 11
10 46 9
10 36 9
10 17 14
10 11 11
10 64 10
10 73 12
5 11 8
11 27 13
11 60 10
11 79 13
11 84 14
12 55 11
12 33 13
12 65 11
12 95 7
12 52 9
13 61 10
2 13 11
13 66 15
11 13 9
3 13 10
13 36 10
11 14 13
14 60 13
14 17 11
14 31 7
14 94 11
15 83 12
15 72 11
12 15 8
15 30 10
15 87 13
10 16 13
16 22 7
16 59 10
13 16 11
16 28 15
17 58 12
17 65 9
17 22 12
18 44 9
18 77 7
18 42 11
12 18 8
19 49 11
19 74 12
19 90 10
19 77 8
20 77 7
20 95 9
20 62 14
20 23 15
6 21 7
21 88 5
21 96 14
21 69 9
21 56 9
21 65 8
3 22 12
22 90 9
9 22 9
22 98 11
23 80 9
0 23 9
21 23 14
23 37 11
24 97 10
24 45 10
24 91 11
24 88 10
23 24 12
25 72 8
25 55 13
1 25 12
25 50 11
25 46 10
26 51 9
26 99 12
26 94 8
26 79 13
26 76 11
27 46 9
27 80 8
21 27 13
27 82 12
27 30 10
28 67 14
28 34 13
28 94 12
25 28 10
28 75 14
28 68 12
29 59 10
29 84 12
29 61 12
25 29 9
29 64 10
17 30 9
30 55 12
30 44 11
30 87 8
30 31 12
31 65 8
31 93 9
31 56 15
13 31 11
31 47 11
31 96 12
32 89 8
3 32 11
32 58 12
32 86 8
32 59 12
33 76 8
33 71 11
22 33 9
33 63 10
34 67 11
12 34 9
22 34 8
9 34 11
31 34 12
7 35 10
12 35 11
28 35 12
35 58 11
35 49 8
35 53 15
36 76 13
36 73 9
36 52 12
36 66 7
27 37 9
37 97 9
37 42 11
14 37 12
38 45 12
38 86 11
38 59 12
38 91 9
39 75 11
18 39 10
39 71 8
33 39 13
39 76 10
39 63 12
40 94 9
40 76 11
7 40 11
40 84 7
40 48 12
40 91 10
40 71 11
7 41 11
8 41 10
41 64 9
41 57 14
13 41 9
42 51 9
42 74 11
42 70 8
3 42 8
43 86 6
11 43 11
43 48 13
43 68 11
43 92 12
27 43 11
44 57 12
44 84 10
33 44 13
26 44 9
15 44 12
11 45 12
37 45 8
45 95 12
9 45 9
46 86 11
46 61 12
32 46 6
46 57 13
9 47 12
47 77 10
8 47 9
47 66 12
30 47 12
48 63 7
2 48 8
48 90 8
48 77 10
49 62 9
6 49 11
9 49 11
49 74 8
49 79 10
38 50 9
18 50 11
35 50 11
50 76 8
41 51 12
51 63 10
16 51 11
51 98 13
51 85 12
52 66 11
52 88 10
52 64 13
4 52 8
25 52 8
44 52 9
52 97 11
27 53 12
4 53 9
53 87 11
53 83 11
53 68 7
22 53 9
54 56 5
32 54 10
54 87 11
55 69 11
55 65 11
55 92 12
55 84 11
3 55 11
56 98 8
45 56 13
56 77 11
56 78 11
34 57 12
57 96 11
57 71 12
57 99 10
57 60 16
37 58 14
26 58 10
58 81 12
58 95 9
0 58 9
59 91 11
52 59 11
59 83 9
24 60 11
32 60 9
33 60 11
36 60 10
60 86 10
60 88 9
41 61 7
61 71 13
42 61 9
61 99 11
8 62 11
62 93 11
47 62 11
11 62 12
62 97 9
63 95 8
11 63 11
16 63 12
55 63 9
54 63 15
32 63 10
35 64 8
64 68 10
64 93 7
64 66 12
64 85 12
64 65 13
8 65 12
20 65 14
65 74 11
66 94 14
30 66 7
34 66 14
43 66 13
23 66 12
67 93 12
35 67 10
51 67 15
67 72 10
13 67 8
66 68 10
68 90 9
8 68 12
34 68 8
56 68 14
14 68 9
47 69 12
48 69 11
69 77 13
67 69 13
29 70 12
70 93 14
27 70 10
70 97 12
70 95 12
36 71 13
9 71 10
71 76 9
20 71 8
72 92 8
62 72 9
29 72 11
73 97 12
45 73 10
38 73 11
40 73 10
73 78 13
51 73 10
21 74 11
4 74 11
7 74 9
43 74 10
20 75 13
27 75 12
6 75 14
75 88 11
0 75 10
46 76 8
72 76 10
70 76 10
0 76 14
76 86 11
2 76 9
77 96 9
77 84 12
29 77 11
40 77 8
77 97 8
77 91 14
78 93 17
71 78 11
78 90 9
13 78 10
65 78 11
77 78 11
79 87 9
64 79 10
75 79 7
55 79 8
79 80 10
42 79 11
78 80 4
42 80 12
16 80 14
81 92 9
67 81 10
72 81 12
44 81 11
20 81 11
15 82 14
6 82 10
50 82 7
49 82 11
82 87 13
58 82 13
83 86 11
55 83 11
83 96 12
56 83 10
18 84 11
49 84 9
50 84 9
84 85 9
30 85 9
79 85 8
13 85 9
69 85 13
65 85 10
1 86 11
81 86 9
29 86 8
31 86 8
12 86 12
51 86 7
86 90 15
48 87 9
45 87 14
29 87 11
35 87 14
43 87 8
59 88 10
22 88 12
54 88 11
89 91 11
41 89 11
51 89 8
60 89 14
5 90 7
9 90 13
54 90 11
16 90 9
90 92 11
83 91 8
62 91 9
28 91 10
12 91 13
91 94 12
78 91 10
53 92 9
18 92 12
88 92 11
56 92 16
83 92 9
78 92 12
65 93 11
45 93 12
28 93 13
85 93 12
36 93 13
55 93 11
7 94 9
73 94 12
78 94 12
90 94 12
36 94 11
94 98 10
59 94 8
35 95 13
69 95 14
48 95 9
32 96 11
18 96 13
12 96 14
53 96 9
23 96 5
27 97 10
54 97 8
16 97 7
14 97 9
34 97 14
60 97 10
71 98 10
83 98 10
29 98 11
62 98 12
30 98 12
17 98 8
92 99 10
80 99 11
53 99 9
85 99 6
78 99 8
