1000
0
10
3
2
7
4
8
6
8
8
2
7
8
2
6
2
4
9
7
4
8
5
4
9
4
1
2
6
1
10
9
1
8
2
3
6
2
1
5
4
8
4
4
8
4
5
1
3
6
6
5
2
3
10
5
5
2
9
2
5
4
2
3
8
7
10
2
6
7
6
6
5
5
7
2
2
7
1
8
1
3
3
5
9
9
3
5
10
6
3
2
8
5
1
8
2
6
6
7
7
5
5
8
8
9
1
9
3
10
4
3
7
1
7
5
1
4
6
2
9
10
9
10
2
9
10
8
6
1
7
2
6
8
5
6
7
4
6
6
6
9
3
6
3
7
10
9
7
6
4
8
5
6
7
9
3
5
1
2
2
4
4
1
5
6
10
2
10
4
9
5
6
9
2
3
5
4
7
3
8
6
7
5
8
3
9
6
9
9
4
7
10
6
2
2
7
8
4
7
2
6
4
4
9
8
7
1
4
4
8
3
2
10
8
6
3
7
1
3
9
2
8
8
5
2
6
9
6
6
7
8
3
6
6
2
10
7
1
2
7
5
2
9
10
3
4
3
8
7
6
6
9
6
4
3
6
9
2
8
7
8
7
6
2
7
9
8
3
2
8
5
3
2
5
5
2
8
4
10
2
10
10
3
7
8
4
3
8
6
5
7
9
8
8
4
2
5
2
1
2
9
4
3
3
2
6
6
3
9
8
2
8
1
8
3
2
9
7
7
6
8
3
9
9
7
2
1
5
4
4
9
2
9
9
3
9
6
9
3
1
1
5
8
4
4
3
6
2
7
5
6
7
6
9
5
3
7
1
6
5
3
3
10
5
3
4
8
9
4
7
2
8
10
4
3
2
5
2
5
4
7
3
5
5
7
9
7
7
2
7
7
6
8
5
7
2
1
4
4
10
4
8
9
7
10
8
4
2
8
3
4
8
1
9
9
5
8
2
1
9
8
6
10
8
4
2
9
9
3
1
5
9
2
1
6
2
3
8
2
8
8
10
2
7
3
8
1
7
8
5
8
6
2
8
8
1
3
3
9
6
6
6
6
9
4
3
7
9
1
2
8
6
2
10
4
4
2
10
2
3
5
3
2
7
7
9
7
5
4
9
3
6
7
3
4
4
9
4
4
8
7
1
9
7
6
6
6
5
8
8
4
5
2
8
6
1
6
5
3
5
1
3
3
5
6
5
5
4
2
5
7
4
8
10
2
5
6
5
5
2
5
7
8
5
2
7
8
3
8
3
8
3
9
3
7
2
3
1
8
8
6
4
8
3
1
2
6
8
3
5
8
3
9
8
2
3
5
3
4
4
6
3
9
2
4
2
8
5
8
1
3
9
9
10
5
1
4
6
2
6
2
8
4
5
2
6
2
4
6
4
6
1
10
4
8
6
7
9
5
5
7
5
6
8
7
4
2
2
3
2
5
1
7
2
10
4
6
4
8
6
10
5
8
9
6
8
9
7
5
3
2
3
4
9
9
3
2
6
2
9
9
10
8
4
1
8
3
4
9
2
10
1
8
7
3
9
5
5
1
7
2
3
4
2
4
9
8
8
5
9
5
9
4
3
1
4
4
5
7
10
5
2
8
7
10
4
4
9
8
9
4
6
6
8
8
4
8
7
6
6
6
2
2
6
4
5
7
7
3
4
7
6
3
2
2
9
6
3
6
9
7
8
8
4
6
4
3
4
6
6
9
8
8
2
5
3
9
9
8
1
3
6
6
10
3
1
7
2
5
3
9
3
1
6
2
7
5
5
7
1
7
1
8
4
1
2
2
3
10
3
2
2
4
5
7
8
4
9
4
9
6
5
9
3
9
3
9
7
7
7
4
9
3
6
2
9
4
5
2
3
6
3
7
2
9
8
3
4
8
8
10
5
10
2
7
5
5
10
6
3
8
3
3
5
8
5
6
2
6
9
4
8
3
9
6
7
3
7
6
2
9
5
6
5
10
8
5
7
3
2
9
3
5
1
5
7
5
8
5
2
7
7
3
4
4
1
8
3
9
9
4
3
1
4
6
6
6
4
8
9
4
2
9
8
8
8
6
4
2
6
5
5
6
7
9
8
5
8
6
4
2
1
8
3
9
6
7
8
2
7
5
9
5
7
4
6
9
5
7
3
5
2
9
6
3
2
8
6
6
2
4
7
8
10
1
5
7
8
9
10
2
4
8
2
2
2
2
6
8
7
7
3
4
6
3
6
9
6
6
7
6
4
3
8
3
3
7
2
7
3
3
4
2
1
5
7
3
7
7
8
0 958 8
0 352 10
0 488 14
1 332 10
1 816 11
1 570 10
2 619 10
2 463 10
2 382 7
2 977 13
3 379 11
3 15 10
4 348 8
4 610 9
4 540 14
5 969 9
5 700 9
5 952 9
6 333 10
6 586 10
6 942 16
6 936 8
7 910 14
7 924 9
7 664 10
8 224 12
8 631 9
9 603 13
9 733 7
9 836 8
9 894 11
10 671 12
10 188 8
10 714 7
11 788 11
11 378 10
11 893 8
12 384 9
12 875 10
12 18 9
13 626 11
13 265 12
13 258 11
13 66 8
13 798 11
14 374 14
14 644 11
15 724 10
15 207 12
15 269 8
16 964 10
16 619 14
16 107 10
17 181 9
17 32 12
18 598 13
18 100 9
18 434 11
19 657 10
19 256 9
20 746 9
20 401 11
20 479 10
21 354 11
21 800 11
21 512 12
21 445 12
22 31 9
22 687 8
22 518 12
23 590 8
23 687 10
23 748 14
24 397 10
25 704 14
25 203 11
25 119 11
26 401 11
26 42 11
26 722 9
27 217 12
27 880 11
28 384 17
28 449 9
28 755 12
29 717 10
29 211 9
30 933 10
30 99 8
30 418 9
30 539 10
31 296 9
31 260 8
31 901 12
31 835 9
32 962 13
32 861 8
32 901 9
33 970 14
33 724 8
33 52 8
33 932 9
34 212 11
34 906 7
35 859 12
35 225 14
35 239 11
35 783 9
36 840 8
36 593 14
36 102 11
36 844 9
37 471 15
37 315 10
37 204 11
38 366 13
38 508 11
38 525 10
39 863 7
39 317 12
39 375 11
40 203 12
40 612 11
40 718 10
41 463 5
41 481 9
42 666 6
42 613 12
42 679 9
42 600 8
43 886 10
43 269 13
43 264 9
43 940 11
44 81 11
44 468 5
44 314 5
45 96 8
45 381 11
45 929 10
46 564 11
46 826 9
46 659 10
47 565 9
33 47 11
48 150 9
48 126 12
48 110 11
48 143 15
48 134 12
49 622 13
49 971 11
50 604 9
50 153 9
50 180 14
50 805 10
51 518 9
51 81 10
51 873 10
52 93 9
52 838 8
52 229 10
52 567 12
53 565 11
53 930 8
53 623 13
54 800 9
54 824 11
54 586 12
55 759 15
28 55 11
55 128 9
43 56 9
56 602 10
56 567 12
57 564 11
57 405 12
57 396 10
58 173 13
58 478 11
58 581 8
58 465 10
59 404 8
59 304 12
59 555 8
59 317 11
59 940 9
60 933 10
60 815 16
61 446 9
61 830 9
61 848 13
62 96 11
62 479 11
62 530 10
62 943 8
63 463 9
63 878 7
63 79 9
64 172 9
64 553 9
64 560 10
65 954 8
65 381 11
3 66 12
66 459 12
66 463 11
66 608 10
48 67 14
67 729 10
67 123 12
68 698 10
28 68 12
68 423 11
69 893 5
18 69 11
69 389 10
69 454 13
70 487 9
70 771 8
70 941 10
70 327 11
71 173 10
71 505 11
72 227 8
72 972 13
73 783 12
73 690 10
73 836 8
74 583 8
74 968 9
75 97 10
75 355 10
75 427 11
75 673 13
76 435 10
76 602 12
76 330 10
77 843 7
77 737 11
77 82 13
77 972 8
78 789 8
59 78 14
78 956 14
79 116 10
79 987 9
79 736 9
79 122 10
79 398 7
79 477 14
80 504 9
80 958 9
81 148 13
81 762 12
82 994 7
82 429 10
48 83 9
83 201 9
83 156 11
84 624 8
84 194 11
20 84 9
85 786 12
85 774 13
85 988 15
86 429 12
86 749 9
86 520 12
59 86 8
87 746 8
87 401 14
87 95 8
87 887 11
88 440 11
88 733 13
88 884 8
88 420 8
2 89 11
89 111 10
89 740 10
89 435 11
90 292 10
90 712 8
90 98 10
91 806 9
91 945 11
91 189 13
92 390 11
92 292 12
92 878 8
93 380 11
93 390 11
93 566 10
93 865 6
94 398 10
94 988 8
3 94 8
94 652 11
95 308 8
95 456 12
95 897 9
96 343 13
96 309 10
96 568 9
97 782 10
97 844 8
97 390 8
98 676 13
98 327 10
98 448 10
99 852 11
99 815 9
7 99 10
100 380 12
100 508 15
100 439 12
91 100 12
101 291 10
101 783 10
2 101 9
101 811 12
102 672 8
102 920 10
102 913 11
102 728 13
103 701 8
103 795 11
104 115 10
104 346 10
104 777 12
105 685 11
106 275 10
106 790 13
106 655 10
107 171 13
107 820 13
108 525 8
108 957 10
108 241 6
109 766 11
109 289 11
52 109 11
110 864 12
110 482 9
51 110 10
111 803 11
111 469 8
111 569 12
112 375 13
112 896 8
112 554 7
113 495 9
113 162 12
58 114 9
114 639 8
74 114 10
114 899 11
114 673 12
88 115 11
115 457 10
116 657 7
117 699 9
117 715 10
118 615 9
118 665 9
118 286 9
118 645 12
118 655 8
119 886 12
119 197 9
119 725 13
120 322 8
120 250 13
121 356 12
122 788 8
122 667 10
123 940 12
123 378 11
123 806 10
124 824 10
124 452 10
15 124 14
125 174 7
125 968 11
80 125 14
126 525 11
61 126 10
126 377 12
127 493 13
127 647 13
127 908 11
128 273 12
128 940 11
128 513 10
129 323 10
129 443 9
129 906 9
129 869 9
89 130 9
130 519 11
130 703 12
130 920 13
131 678 12
131 253 5
131 729 13
132 188 10
132 818 10
133 200 13
133 513 13
133 640 8
134 704 12
134 367 11
34 134 9
134 216 15
135 757 14
135 686 11
135 525 11
136 750 6
136 560 12
136 810 10
137 900 14
137 833 11
137 253 11
137 894 14
137 975 9
138 939 9
138 298 9
131 138 10
139 869 11
139 906 7
139 592 7
139 152 11
140 704 9
140 161 10
140 530 8
141 174 11
142 890 9
143 176 9
143 554 10
143 246 12
144 296 9
144 794 9
134 144 6
145 624 11
145 216 14
145 591 10
145 206 6
90 145 12
146 976 8
146 546 8
146 908 15
146 695 11
147 506 11
147 767 13
147 518 10
147 827 8
148 512 7
148 385 13
149 328 13
149 250 12
149 586 12
26 150 12
150 327 15
150 675 8
151 581 12
151 600 13
152 500 14
152 899 9
152 873 12
153 605 13
153 340 12
154 736 10
154 390 12
154 582 11
136 155 10
155 399 14
155 610 13
155 962 10
156 251 6
156 510 11
156 696 9
147 156 11
157 919 12
56 158 13
158 655 12
158 307 10
159 237 8
159 402 8
159 414 7
160 545 9
160 676 13
160 705 9
160 291 10
161 720 11
158 161 13
161 518 11
162 170 11
163 423 9
39 164 10
164 204 9
164 298 11
165 811 12
165 189 10
165 880 9
73 166 10
166 256 14
166 816 15
167 412 11
167 488 11
167 828 8
85 167 13
168 349 10
134 168 7
168 678 12
168 599 12
169 584 11
169 815 8
169 795 10
169 444 12
170 317 9
170 903 12
49 170 12
170 322 7
170 940 10
171 529 11
171 758 10
170 172 15
24 172 11
172 480 11
35 173 9
173 996 12
173 842 10
174 688 7
174 731 16
175 348 11
175 600 14
175 623 13
176 964 10
99 176 12
177 698 10
177 936 11
128 177 8
178 627 11
178 604 7
178 820 12
129 178 9
179 724 10
179 711 11
179 428 9
179 418 10
180 568 12
180 623 9
51 180 10
181 944 11
181 772 11
182 484 7
182 447 11
182 990 8
183 874 16
184 742 11
184 658 10
184 973 7
13 185 11
185 816 11
185 330 14
186 838 11
186 289 8
186 688 13
71 187 10
187 749 9
187 652 9
188 529 11
133 188 9
141 188 12
102 189 12
189 907 11
51 190 7
190 913 9
133 190 10
191 987 9
192 360 9
192 635 9
148 192 10
192 905 9
193 950 8
193 667 9
193 540 11
194 679 7
194 761 7
194 886 11
194 365 11
195 550 9
195 483 11
195 476 10
196 325 8
196 535 9
196 624 13
196 762 10
197 964 11
197 649 15
197 865 10
198 360 8
198 504 9
198 380 11
160 199 12
64 199 15
199 566 11
200 549 10
20 200 11
200 858 9
52 200 10
201 335 8
201 387 10
201 450 9
201 826 11
202 716 10
202 451 6
202 967 8
203 807 7
137 203 13
204 480 11
204 414 10
205 300 10
129 205 12
205 365 8
205 428 11
205 784 9
18 206 13
206 860 8
206 272 12
207 450 13
131 207 12
207 368 12
114 207 12
207 491 8
208 787 10
208 857 13
208 844 12
125 208 11
209 931 16
209 437 10
116 209 9
209 805 9
210 796 10
210 502 9
140 210 12
211 363 10
211 881 13
211 925 10
30 212 14
212 464 10
212 809 11
91 213 8
33 213 7
214 853 7
215 791 7
215 862 7
170 215 12
216 511 14
114 216 11
217 748 11
218 669 9
218 249 9
66 218 9
219 513 11
219 894 11
219 348 11
219 925 16
219 892 10
21 219 12
165 220 7
220 360 9
221 517 9
221 317 15
221 555 11
222 524 10
222 533 6
136 222 11
170 223 9
223 491 8
173 224 10
224 396 14
224 792 10
138 225 12
225 227 14
225 915 11
226 837 11
226 700 8
226 453 13
84 227 14
227 650 11
227 387 7
218 227 9
228 794 9
215 228 12
228 743 13
228 615 12
229 781 7
229 697 8
84 229 13
230 668 10
230 597 6
188 230 13
231 763 10
231 684 12
212 231 12
185 232 12
232 909 13
232 330 13
202 232 10
233 470 10
233 591 12
175 234 12
234 319 11
234 823 11
235 803 11
235 323 8
133 236 9
51 236 14
236 713 12
213 237 8
237 622 10
238 756 9
142 238 14
184 239 8
118 239 9
240 347 12
240 312 12
240 443 8
32 240 11
240 800 8
116 241 10
241 652 9
196 242 10
243 424 9
243 977 12
244 598 10
60 244 11
244 945 8
53 245 11
245 281 10
245 318 14
245 512 14
246 720 9
246 780 10
246 574 13
246 982 8
247 482 11
247 988 10
247 600 13
248 330 11
248 577 11
249 721 13
249 792 13
249 668 7
249 992 11
248 250 11
250 366 10
250 960 14
251 487 9
251 548 11
251 788 12
252 740 13
252 402 13
253 467 11
253 472 13
241 253 11
136 254 10
251 254 11
255 889 9
255 917 9
203 255 10
160 256 12
96 256 15
256 278 12
59 257 11
136 257 13
257 290 13
161 258 10
258 441 10
255 258 8
174 258 10
259 944 11
259 724 12
259 929 10
257 260 10
177 260 10
260 770 11
80 260 9
261 855 8
261 913 13
261 989 8
262 777 13
40 262 10
71 262 10
263 867 11
263 468 11
263 816 14
264 668 6
264 512 9
265 694 14
265 282 10
261 265 14
265 996 9
266 952 9
266 499 9
266 343 10
266 638 13
267 711 10
267 312 10
267 740 9
267 770 7
41 268 11
268 802 11
23 268 11
269 781 11
269 698 12
217 270 12
270 674 8
99 271 11
271 802 9
46 271 11
272 879 9
242 273 12
273 505 11
111 273 11
274 340 12
275 772 10
275 768 10
275 489 9
180 276 13
276 567 11
276 785 11
276 999 12
132 277 9
277 419 10
277 530 11
12 277 11
278 382 13
278 985 12
278 802 13
105 279 11
279 391 11
279 286 11
132 279 12
280 965 12
281 667 13
208 281 8
281 404 12
282 775 13
282 530 12
282 975 12
282 553 13
283 470 7
283 437 8
283 599 11
284 602 13
163 284 11
284 514 15
285 925 15
285 886 14
94 285 11
42 286 13
135 286 10
97 286 10
286 792 10
286 391 11
287 896 10
287 927 8
287 543 11
288 779 9
289 847 10
87 289 8
106 289 11
118 290 11
290 833 12
258 290 11
291 563 10
291 562 12
124 291 10
292 632 10
292 560 7
292 961 10
293 482 11
293 361 12
293 551 11
294 587 11
294 828 10
295 306 13
295 901 11
296 506 13
296 460 10
296 876 12
297 587 12
297 516 12
297 644 11
298 710 11
285 298 12
298 513 13
299 305 12
87 299 10
192 299 13
299 746 10
299 884 7
299 592 11
300 629 11
225 300 11
300 990 11
301 319 16
301 407 10
209 301 12
302 525 13
236 302 13
283 302 13
303 893 11
303 500 7
303 560 6
304 561 11
304 822 13
304 336 12
304 942 11
305 870 12
305 595 11
305 331 10
306 325 13
306 506 13
306 996 12
92 307 12
307 724 12
307 320 10
308 314 10
308 754 11
7 308 9
309 673 11
299 309 9
309 393 12
310 453 10
308 310 13
311 908 11
311 746 10
312 435 11
89 312 10
312 704 11
312 591 6
313 895 10
313 730 10
313 977 11
313 686 10
314 433 12
294 314 9
314 917 11
315 740 7
270 315 12
315 438 8
315 908 8
31 316 10
316 483 11
316 922 10
317 548 7
317 929 10
317 943 11
116 318 9
318 466 11
177 318 12
318 728 11
9 319 10
288 319 15
320 397 8
320 730 11
320 646 10
321 863 8
306 321 11
321 865 11
322 487 13
322 369 13
178 322 13
322 996 9
322 787 11
323 806 8
323 727 13
323 399 13
284 324 8
61 324 9
324 878 10
325 704 12
98 325 8
325 737 12
325 411 12
303 325 9
236 326 12
0 326 9
219 326 11
327 852 8
327 573 9
164 327 11
298 327 11
258 328 9
306 328 13
162 328 12
329 881 14
329 848 10
235 329 12
329 748 12
330 353 8
236 330 12
330 941 9
331 744 14
159 331 10
331 448 12
121 332 10
332 919 11
332 940 11
332 376 16
120 333 9
333 839 14
186 333 7
333 698 10
333 370 11
334 853 6
115 334 11
334 339 9
334 481 9
50 334 12
335 459 9
268 335 11
335 500 12
335 640 11
336 592 11
235 336 11
321 336 11
337 561 12
337 415 11
278 338 10
338 713 12
339 712 11
169 339 10
17 340 10
340 445 12
340 549 10
341 382 12
341 736 10
341 951 9
342 928 11
342 388 12
342 595 12
330 342 9
343 631 12
183 343 11
134 343 7
343 713 15
344 791 5
344 882 8
344 659 12
345 513 14
345 442 9
345 360 10
60 346 7
346 586 11
346 876 13
347 771 8
347 684 7
347 476 8
347 355 9
348 912 8
26 348 9
281 349 9
349 421 7
349 731 12
349 980 11
37 350 8
350 909 9
350 373 11
250 350 11
325 351 11
351 850 11
272 351 9
15 352 9
353 723 6
353 967 13
354 490 6
354 550 10
355 764 12
273 355 9
355 630 8
355 520 7
356 860 10
191 356 8
356 994 8
356 429 11
72 357 11
45 357 13
357 874 11
357 503 7
183 358 12
325 358 11
358 929 10
359 391 10
359 796 11
359 376 10
359 825 12
360 743 10
360 794 11
321 360 10
356 361 9
258 361 12
161 361 9
362 704 11
362 820 14
47 362 8
60 362 12
87 363 10
364 654 11
231 364 8
365 547 9
365 708 13
365 566 11
79 365 15
220 366 11
366 440 9
231 366 7
366 975 8
366 882 11
367 423 11
131 368 9
368 375 12
368 438 9
369 471 8
370 479 12
370 746 10
370 962 12
349 370 10
311 371 7
371 498 13
118 371 11
372 688 11
245 372 11
373 841 11
373 970 14
373 758 9
374 570 11
374 465 13
375 984 11
376 696 13
376 924 9
377 524 10
24 377 16
361 377 13
377 567 13
377 755 9
374 378 12
378 861 10
379 840 11
370 379 10
380 873 10
380 840 15
380 968 9
249 380 12
381 660 12
381 541 12
381 877 11
30 382 11
382 954 8
326 382 11
383 459 10
383 734 8
383 524 12
384 500 10
11 384 11
22 385 11
322 385 7
298 386 7
37 386 11
386 952 14
387 438 10
17 387 10
387 730 11
388 463 10
161 388 10
388 729 10
16 389 12
389 913 12
70 389 13
89 390 11
390 626 15
287 390 12
68 391 7
391 747 13
391 688 11
44 392 10
392 611 11
192 392 10
392 679 10
392 908 10
393 674 11
393 715 12
393 430 13
394 653 9
11 394 10
394 541 10
395 859 8
305 395 10
396 871 10
396 697 12
396 891 8
396 559 10
397 954 8
397 465 9
397 773 9
398 809 10
398 873 14
399 754 12
399 928 11
88 399 10
190 400 12
164 400 12
400 849 11
401 658 10
401 975 8
401 536 11
401 911 12
401 450 14
402 674 10
402 567 17
402 498 9
403 433 10
403 751 10
403 918 11
86 404 8
404 605 9
405 995 11
308 406 11
406 774 11
406 561 11
406 635 12
406 485 9
292 407 8
176 407 12
408 729 9
408 762 14
408 595 11
212 408 7
409 911 10
196 409 7
11 409 5
409 817 11
13 410 10
410 583 11
411 577 8
411 504 10
411 632 11
411 546 10
412 940 11
412 580 7
412 845 9
413 537 7
413 432 10
414 461 13
414 842 10
415 512 12
415 782 10
415 923 11
42 416 12
350 416 11
417 563 11
417 889 13
417 855 6
418 698 11
419 940 11
419 601 13
419 659 12
419 431 10
420 839 9
258 420 9
52 420 10
421 669 13
31 421 12
421 846 9
416 422 9
94 422 9
422 443 9
78 422 8
423 510 12
423 779 11
155 423 12
8 424 9
363 424 11
424 693 11
150 425 10
425 872 10
425 994 10
373 426 14
78 426 8
378 427 10
427 863 10
94 427 12
428 445 7
428 707 9
238 428 11
109 429 6
429 530 12
430 616 12
430 656 10
332 431 10
272 431 11
206 431 7
273 432 11
253 432 13
433 766 11
433 474 14
433 955 9
434 443 11
124 434 11
434 573 11
435 462 15
435 675 8
435 870 11
147 436 8
95 436 12
348 437 9
437 819 12
348 438 13
438 738 9
211 439 10
439 829 9
440 648 10
285 440 9
102 441 9
441 541 9
404 442 11
93 442 7
352 442 12
435 443 12
194 443 10
444 732 9
112 444 7
445 656 11
269 445 13
446 844 14
186 446 12
446 636 11
447 597 12
447 866 10
319 447 12
200 448 7
388 448 11
448 822 9
7 449 10
82 449 11
320 449 10
99 449 12
165 449 11
431 450 8
450 931 10
42 451 9
451 574 10
452 951 11
182 452 12
316 453 12
444 453 12
194 453 10
454 920 11
454 765 11
138 454 13
349 454 12
430 455 11
456 962 11
456 828 9
242 457 4
63 457 12
457 750 11
458 994 11
71 458 8
458 463 12
459 700 10
459 613 12
459 844 13
353 460 9
210 461 10
461 920 11
461 698 9
233 461 10
462 466 12
379 462 10
462 803 10
43 462 11
463 955 11
33 463 7
464 996 9
464 584 8
464 898 8
464 712 7
465 937 13
465 490 9
3 465 10
466 716 12
466 664 13
466 858 10
467 522 13
467 659 11
467 724 7
467 773 9
468 856 12
455 468 11
151 468 10
469 536 13
469 523 10
238 469 8
154 469 11
469 698 8
175 470 14
389 470 10
471 515 10
248 471 9
110 472 11
472 856 9
426 472 13
473 827 11
257 473 8
474 733 11
447 474 12
329 474 9
475 982 12
475 681 12
476 744 14
316 476 9
477 803 11
477 909 10
461 478 8
479 713 13
480 922 7
248 480 11
126 480 10
194 481 12
211 481 10
481 782 9
441 481 14
54 482 12
201 482 8
482 520 9
483 837 10
387 483 12
483 629 6
228 484 14
13 484 14
167 484 10
422 484 11
166 485 11
485 552 7
148 485 11
119 485 15
286 485 12
181 486 7
87 486 11
323 487 11
487 947 11
334 487 9
231 488 11
488 845 10
489 737 14
58 489 7
225 489 11
5 489 8
490 696 14
490 629 9
163 490 8
490 558 7
35 491 8
422 491 12
491 940 10
479 492 9
281 492 13
479 493 13
368 493 10
493 529 11
215 494 13
494 786 6
229 494 11
495 772 11
495 585 8
370 496 13
496 709 11
496 599 10
497 955 11
498 963 14
498 938 11
498 988 11
181 499 10
499 525 11
72 499 9
499 889 12
500 804 12
500 618 9
500 504 12
273 501 10
501 540 12
501 597 14
502 848 11
502 792 11
223 502 9
502 643 11
134 503 11
260 503 10
503 553 11
50 504 16
504 667 10
142 504 10
505 606 11
400 505 12
506 946 8
506 564 9
482 506 10
507 635 9
95 507 10
507 776 9
430 508 7
136 508 8
508 658 11
375 508 10
348 509 10
188 509 7
294 509 11
301 509 10
510 954 12
19 510 12
30 510 13
510 628 12
511 893 8
511 914 12
453 511 9
452 512 14
512 954 13
512 598 14
513 578 14
513 853 7
416 513 13
100 513 10
514 661 8
421 514 13
514 720 12
11 514 9
126 515 8
515 730 9
516 670 8
112 516 13
275 516 13
254 516 14
517 796 13
517 721 12
517 575 9
12 518 10
375 518 12
8 518 9
346 518 11
414 518 9
304 519 9
519 787 13
519 904 12
414 519 14
520 879 13
521 814 10
521 619 12
214 521 13
13 522 11
522 679 8
523 804 10
1 523 6
523 626 8
523 756 8
524 921 12
188 524 11
27 524 9
423 525 13
525 568 11
525 805 13
525 817 8
515 526 10
461 526 11
527 940 8
289 527 9
251 527 12
527 743 11
78 528 11
15 529 9
529 714 10
529 561 8
30 530 12
104 530 10
531 900 9
360 531 7
412 531 11
102 532 10
532 575 10
208 532 11
533 866 13
113 533 10
533 557 9
313 534 12
299 534 11
264 534 9
534 795 9
185 535 12
199 535 11
520 536 8
70 536 12
301 536 12
195 536 10
536 996 10
537 717 11
537 712 15
538 945 7
538 699 11
440 538 11
539 555 13
539 576 10
259 539 9
379 540 13
183 540 12
411 540 12
540 565 7
154 541 8
541 561 11
391 541 11
118 542 11
208 542 9
278 542 11
543 884 13
543 697 10
407 544 8
544 607 11
514 544 8
315 545 11
545 886 10
546 753 8
487 546 7
547 914 12
547 643 14
462 548 13
548 660 11
515 548 15
548 677 9
120 549 9
549 585 15
550 892 10
550 878 11
550 769 13
550 883 10
203 551 13
236 551 10
504 551 13
1 552 6
157 552 10
279 552 12
424 553 11
445 553 8
554 576 12
554 557 11
555 806 13
199 555 12
139 555 8
556 576 10
242 556 9
36 556 14
240 556 12
190 557 8
557 729 11
558 811 12
94 558 13
559 706 14
97 559 13
560 715 11
560 564 11
143 560 9
561 692 7
561 990 11
357 561 7
562 587 8
331 562 8
161 562 13
109 563 10
563 914 11
563 840 11
116 563 12
309 564 10
524 564 8
404 564 7
33 565 8
565 788 10
160 565 8
566 589 11
193 566 11
566 842 11
359 567 10
567 817 8
254 567 10
324 568 8
568 719 11
568 992 7
568 576 7
176 569 11
569 645 7
569 975 9
570 890 7
570 785 11
571 703 11
571 909 9
571 986 11
571 793 13
572 945 7
186 573 11
573 659 10
537 573 13
488 573 11
574 605 13
574 911 11
249 575 13
575 705 10
575 675 8
576 731 10
576 699 12
576 657 6
173 577 12
56 577 9
577 692 14
575 578 13
285 578 9
178 579 7
579 761 10
579 667 10
579 729 8
8 580 11
580 658 8
580 908 8
580 647 8
581 969 11
581 646 15
338 581 7
67 582 14
582 644 9
540 582 10
583 838 13
390 583 8
584 701 14
177 584 8
584 921 8
113 585 10
72 585 6
445 585 10
366 586 13
340 586 6
587 917 14
155 588 9
588 763 8
227 588 12
98 588 12
410 589 8
310 589 11
589 600 9
590 668 12
576 590 11
100 590 11
144 590 10
271 591 12
591 836 13
373 591 10
219 592 7
232 592 11
231 593 10
594 768 11
366 594 8
594 935 8
220 595 8
261 595 12
440 596 9
504 596 13
549 596 12
200 597 8
545 597 9
294 598 9
315 598 11
338 598 12
390 598 13
599 876 10
599 739 12
54 600 11
65 600 12
246 601 10
601 981 12
601 803 11
120 601 12
493 602 13
569 603 11
274 603 10
466 603 14
410 603 13
382 604 9
246 604 14
604 983 9
604 999 10
68 605 7
605 822 10
425 605 12
518 606 11
80 606 8
606 778 10
607 897 12
607 937 10
608 765 14
570 608 9
466 608 6
330 608 14
609 940 9
609 701 8
609 815 11
605 609 12
260 610 12
611 942 12
611 728 12
612 758 10
613 894 10
285 613 12
156 613 12
302 614 11
51 614 10
409 615 12
568 615 12
616 726 12
294 616 10
588 617 10
76 617 12
184 617 9
260 617 10
617 990 11
617 745 8
618 897 9
361 618 11
138 618 11
619 744 14
161 619 10
619 746 10
619 863 7
620 983 9
255 620 11
207 621 12
520 621 11
621 954 10
474 622 13
555 622 9
537 622 9
622 800 11
623 803 8
605 623 11
542 623 11
296 623 10
397 624 10
592 624 11
624 968 13
625 960 12
296 625 7
154 625 10
625 999 6
101 626 14
626 680 8
75 626 12
604 627 11
244 627 10
627 665 10
120 628 14
628 772 9
318 629 8
629 659 11
630 751 12
630 736 11
630 695 9
10 630 13
16 631 11
631 700 11
631 635 11
632 795 8
632 988 8
632 931 12
586 633 9
398 633 11
424 633 8
234 634 10
365 634 7
29 634 7
634 664 12
205 635 10
20 635 10
439 636 11
204 636 13
104 636 9
215 637 11
637 643 10
207 638 13
564 638 10
351 638 11
638 875 12
639 787 9
180 639 10
639 706 10
640 975 10
72 641 9
175 641 13
58 642 9
560 642 15
642 765 13
559 643 12
216 643 10
473 643 11
440 643 9
188 644 10
644 805 10
644 695 13
111 645 11
2 645 10
163 645 8
55 645 11
426 646 12
38 646 11
647 764 11
223 647 10
186 647 9
383 648 14
204 648 12
648 831 12
73 649 11
236 649 10
650 731 13
137 650 11
567 650 9
651 697 9
550 651 12
652 961 13
652 792 14
389 652 10
571 653 8
653 993 7
654 831 13
654 982 9
654 899 8
261 655 11
401 655 13
60 655 11
655 767 14
655 750 13
223 656 9
101 656 10
596 657 14
274 657 11
492 658 13
534 659 9
58 659 9
659 947 11
660 946 9
660 848 8
442 660 13
88 660 8
661 974 12
661 940 10
134 661 9
306 661 13
662 812 11
543 662 10
662 803 10
663 716 9
317 663 8
663 695 13
664 754 9
367 664 12
503 664 10
57 665 11
665 669 11
20 665 7
665 711 8
600 666 8
490 666 9
632 666 10
667 781 12
666 667 10
668 776 10
668 722 12
167 668 11
410 668 10
669 773 8
227 669 9
670 675 10
670 960 9
337 670 11
670 747 14
138 670 11
671 874 7
498 671 9
634 671 10
469 672 8
672 690 12
578 672 12
546 672 13
673 821 11
1 673 8
673 968 9
673 836 12
434 673 8
13 674 14
309 674 9
61 675 10
274 675 11
380 675 10
675 896 9
660 675 10
676 682 14
23 676 11
676 678 13
171 677 7
677 903 11
389 678 9
678 913 10
679 709 9
259 679 13
540 680 13
671 680 12
680 759 12
194 681 10
215 681 8
26 682 14
68 682 12
682 829 9
221 683 11
357 683 10
641 683 7
588 684 10
464 684 15
362 684 15
507 685 10
151 685 9
610 685 12
118 685 8
685 883 9
655 686 12
79 686 13
442 686 10
447 687 12
462 687 9
684 687 11
688 724 11
688 898 13
318 689 11
689 752 11
606 689 12
689 860 11
610 690 9
609 690 6
463 691 9
683 692 8
513 692 11
692 947 14
19 692 10
289 693 13
90 694 10
24 694 7
326 694 8
695 747 7
195 695 13
631 695 14
695 979 11
695 731 13
275 696 11
696 910 12
126 696 14
697 911 14
697 958 15
70 698 14
495 698 7
698 907 7
71 698 9
273 699 10
131 699 12
700 731 9
12 700 11
277 700 9
122 700 9
701 797 10
284 701 14
702 732 7
405 702 13
71 702 10
627 702 12
421 703 11
703 970 11
703 864 10
499 703 12
690 704 15
480 704 7
248 704 11
606 704 9
586 705 12
705 929 9
256 705 13
286 706 12
33 706 8
126 707 11
453 707 7
132 707 9
37 708 9
447 708 11
708 811 10
709 905 13
446 709 8
239 710 11
710 919 12
710 993 9
676 711 11
711 950 12
434 711 9
613 711 11
354 712 14
380 712 10
147 712 10
648 712 8
612 713 13
384 713 6
232 713 11
713 822 10
714 774 11
107 714 7
626 714 11
714 744 11
0 715 9
715 866 13
716 997 11
178 716 10
551 716 10
716 839 12
583 716 8
323 717 10
204 717 13
583 717 9
718 795 11
266 718 12
358 719 8
122 719 11
690 719 10
91 719 14
193 720 11
691 720 11
442 720 12
152 721 10
184 721 7
327 721 11
169 721 9
721 778 10
461 721 9
653 722 11
722 788 9
52 722 12
204 722 13
77 723 9
318 723 14
204 724 12
239 724 10
724 788 13
130 725 14
168 725 13
291 725 10
220 725 9
272 725 9
415 726 6
726 951 7
317 726 9
727 939 13
317 728 8
459 728 9
104 728 12
728 786 9
729 864 12
640 729 13
350 730 12
513 730 11
252 731 11
352 731 10
732 780 8
452 732 11
96 732 11
34 733 15
247 733 7
191 734 12
647 734 7
615 735 14
155 735 8
117 735 11
312 736 8
736 894 11
659 736 13
224 737 11
737 871 11
621 738 10
721 738 7
738 854 8
521 739 11
316 739 13
739 900 8
464 740 15
740 837 9
108 740 9
722 740 11
430 741 12
227 741 13
573 742 9
742 789 11
743 898 15
454 743 13
80 744 12
508 744 11
169 745 15
406 746 11
573 746 10
695 746 10
444 746 9
747 778 13
747 908 12
248 747 10
748 972 10
422 748 11
415 748 12
528 749 3
182 749 6
720 749 11
523 750 13
70 750 9
474 750 11
565 750 11
750 877 11
571 751 9
602 751 12
541 751 10
247 751 13
610 752 10
475 752 10
461 752 6
430 752 13
242 752 12
559 753 9
714 753 15
231 753 9
700 754 8
401 754 12
625 754 10
755 842 9
660 755 9
550 755 12
379 756 9
756 890 9
89 756 9
649 757 10
98 757 11
688 757 9
479 757 12
758 805 8
135 758 10
167 759 12
571 759 12
759 959 7
100 760 9
204 760 10
624 760 14
112 760 12
163 760 12
271 760 14
10 761 11
385 761 12
175 761 13
46 761 13
762 980 15
762 887 12
705 762 12
762 867 12
735 763 13
395 763 11
310 764 11
194 764 12
764 806 13
765 856 10
67 765 10
639 765 10
22 766 13
126 767 10
767 996 10
315 767 11
419 767 7
696 768 11
768 815 13
573 768 8
768 903 10
736 769 14
253 769 13
315 769 12
555 770 11
83 770 12
522 770 7
68 771 11
565 771 12
736 771 9
210 772 14
772 846 10
772 928 10
416 773 9
205 773 9
512 773 12
410 774 8
509 774 11
573 775 12
133 775 10
477 775 9
556 776 14
303 776 12
684 776 12
777 813 11
547 777 12
777 991 12
195 778 10
773 778 8
260 778 9
772 778 7
720 778 11
470 779 7
626 779 8
679 779 11
780 896 11
780 793 4
489 781 12
613 781 11
782 977 12
672 782 11
168 782 12
512 783 9
256 783 13
588 783 9
345 784 6
177 784 11
658 784 11
785 799 9
456 785 6
130 786 12
480 786 12
786 813 13
593 787 13
594 787 10
780 787 10
751 788 14
788 881 9
300 788 11
789 942 12
449 789 10
283 789 9
99 790 9
60 790 11
208 790 13
525 790 13
636 791 10
562 791 11
235 792 13
792 993 14
440 793 8
550 793 9
233 793 10
794 819 9
59 794 9
605 794 15
795 871 10
276 795 11
404 795 10
795 904 12
116 796 10
476 796 10
796 862 13
225 796 10
444 797 13
499 797 11
142 797 10
40 797 10
479 798 12
610 798 12
14 798 8
799 801 15
799 825 8
91 799 6
143 799 12
64 799 10
262 799 12
785 800 10
76 800 13
648 800 9
100 801 13
604 801 10
75 802 11
38 802 11
335 802 12
802 878 12
752 803 11
578 803 16
174 803 11
763 803 10
263 804 8
180 804 8
465 804 15
619 805 10
805 807 13
398 805 10
71 805 9
170 806 15
806 966 5
62 806 13
390 807 14
807 867 15
614 807 9
807 836 12
737 808 11
578 808 11
602 808 10
210 809 9
683 809 12
757 809 12
438 810 11
810 880 8
107 810 12
309 811 12
203 811 12
663 811 10
428 812 12
225 812 10
18 812 10
321 813 9
713 813 9
134 813 15
250 814 6
802 814 9
104 814 11
211 815 12
604 815 10
592 815 12
0 815 13
538 816 9
811 816 11
38 816 9
445 817 15
650 817 14
818 832 11
285 818 12
109 818 12
819 943 8
105 819 9
683 819 6
583 819 9
413 820 12
71 820 12
18 820 10
288 821 10
821 836 9
91 821 8
536 821 6
586 822 12
666 822 8
551 822 8
104 823 12
442 823 14
390 824 11
603 824 11
446 825 11
714 825 9
139 825 15
734 826 7
90 826 9
705 826 11
79 826 10
701 827 6
827 969 15
560 827 11
70 828 11
529 828 11
828 922 12
15 829 10
187 829 11
675 829 9
553 830 9
242 830 12
607 830 14
756 831 10
784 831 11
227 832 13
391 832 8
485 833 13
812 833 14
590 834 12
701 834 10
835 899 8
144 835 12
606 835 11
0 836 10
836 863 14
99 836 13
837 965 14
397 837 11
837 929 11
818 838 10
810 838 11
324 838 11
662 838 12
626 838 13
646 839 12
839 869 8
622 840 12
840 993 11
684 840 9
714 840 10
841 879 11
670 841 6
302 841 12
251 841 8
700 841 9
513 842 12
842 910 9
843 898 11
265 843 11
844 854 11
723 844 8
245 844 12
167 845 10
845 930 9
314 845 9
725 846 7
479 846 9
488 847 9
332 847 13
97 847 13
848 985 10
314 848 12
446 848 11
510 849 12
831 849 11
528 849 8
32 850 10
668 850 11
528 850 13
197 851 12
392 851 10
94 851 9
593 852 12
853 912 7
853 857 7
854 946 11
259 854 7
545 854 6
525 854 9
525 855 14
33 855 12
296 855 9
70 856 11
632 856 11
597 857 12
857 912 10
202 857 13
725 857 12
857 967 9
520 858 13
778 858 10
121 859 12
38 859 14
720 859 14
859 960 12
860 936 9
776 860 11
761 860 11
126 861 7
380 861 12
688 862 7
862 965 10
167 862 11
568 862 15
863 971 13
626 863 9
193 864 11
3 865 11
493 865 15
609 866 13
866 956 9
767 866 13
160 866 9
867 975 11
840 867 10
35 867 10
244 868 7
769 869 10
869 956 9
348 869 14
528 870 6
631 871 11
213 871 12
739 871 9
4 871 8
152 872 10
480 872 9
841 872 12
873 986 13
137 873 10
446 873 12
874 899 13
874 878 10
410 874 11
74 874 10
641 875 8
690 876 11
876 975 9
877 920 8
408 877 11
471 877 6
245 878 8
878 920 13
443 878 9
157 879 9
410 879 10
129 879 10
293 879 11
842 880 12
699 880 13
880 991 12
537 881 12
836 881 11
881 947 8
800 881 9
711 881 14
230 882 13
149 882 10
521 882 12
736 883 7
53 883 13
177 884 11
562 884 11
845 884 14
339 885 10
159 886 9
586 887 11
167 887 14
873 887 5
438 888 9
592 889 9
669 889 10
333 889 10
439 890 9
702 890 13
233 890 10
424 890 12
287 891 13
455 891 12
841 891 11
297 891 11
587 892 12
645 892 7
121 892 11
892 957 11
651 893 10
244 893 10
472 894 11
894 978 10
713 894 7
894 943 12
219 895 12
364 895 9
831 895 15
156 896 12
291 897 12
17 897 10
350 898 13
444 898 12
437 898 10
415 899 14
899 906 10
179 899 11
800 899 10
303 900 12
411 900 12
260 900 12
795 901 13
211 901 10
105 901 9
97 902 15
798 902 12
833 903 11
394 903 13
487 903 12
104 903 7
633 904 11
654 904 8
845 904 10
259 905 10
670 905 9
889 906 8
874 906 9
782 907 11
901 907 10
342 907 12
472 908 9
599 908 11
588 909 12
28 909 11
772 909 9
608 910 10
353 910 9
167 911 10
612 911 12
177 911 13
862 912 13
572 912 11
127 913 11
505 913 14
235 913 11
555 914 13
717 914 15
393 914 11
53 915 11
241 915 12
527 916 9
482 916 10
782 917 13
425 917 9
441 917 11
253 917 6
535 918 14
260 918 11
656 918 10
919 951 8
530 919 12
321 920 10
175 920 10
609 921 11
282 921 6
669 921 10
396 922 13
440 922 12
641 922 12
735 923 6
236 923 11
833 923 10
765 923 10
534 924 10
502 924 9
843 925 9
70 925 13
108 926 11
82 926 13
750 927 8
200 927 9
554 927 12
369 927 11
627 928 13
636 929 13
74 929 11
929 945 11
23 929 12
360 930 9
218 930 11
72 930 12
776 931 11
348 931 8
6 932 12
932 959 9
704 932 12
682 932 12
448 933 13
888 933 10
555 933 8
226 933 14
517 934 9
379 934 9
491 934 15
682 934 13
331 935 10
713 935 12
638 935 10
369 935 11
193 936 14
762 936 10
209 937 13
182 937 16
61 938 12
760 938 9
299 939 11
359 939 10
850 939 12
832 939 11
336 940 13
461 940 10
503 940 13
603 941 11
869 941 14
39 941 13
365 941 11
254 942 10
187 942 12
589 942 8
525 943 13
116 943 9
538 943 11
37 944 12
637 944 9
64 945 12
381 945 12
248 945 9
108 946 10
52 946 12
349 947 12
947 977 6
300 947 12
424 948 10
74 948 13
204 948 12
867 949 8
262 949 13
922 949 11
888 949 9
28 950 11
671 950 13
950 953 12
950 980 9
740 951 11
798 951 9
699 951 12
669 952 8
76 952 9
27 952 12
795 952 8
431 953 10
549 953 10
438 953 7
471 954 10
231 954 14
644 955 8
372 955 12
620 955 9
777 955 12
941 956 12
686 956 13
899 956 8
10 956 6
34 957 11
730 957 9
685 957 10
255 957 7
668 957 8
260 958 10
839 958 8
265 958 9
578 959 8
408 959 11
23 960 10
919 960 9
67 960 10
799 961 12
856 961 9
409 962 11
12 962 9
199 963 10
686 963 11
716 963 12
149 963 15
88 964 10
44 964 12
302 965 14
937 965 8
308 965 10
943 966 11
155 966 7
745 967 11
967 997 10
621 967 15
786 967 11
216 968 16
427 968 7
826 968 10
872 969 10
403 969 8
882 969 10
665 970 10
815 970 12
612 970 10
690 971 11
905 971 6
809 972 10
9 972 12
570 972 12
972 978 10
734 973 9
337 973 9
271 973 9
91 974 9
975 976 12
727 975 9
455 975 10
625 975 10
683 976 11
976 982 12
957 977 9
73 977 10
835 977 11
630 977 12
723 978 9
945 978 11
556 978 10
440 979 11
260 979 11
153 979 17
369 980 9
270 980 11
201 981 9
379 981 10
155 982 9
680 982 8
315 983 11
721 983 7
723 984 12
374 984 10
742 984 11
924 985 9
796 985 11
720 986 13
181 987 9
689 988 11
533 988 10
232 988 13
37 989 8
810 989 13
577 989 6
844 990 12
534 990 10
760 991 12
917 991 8
250 991 12
379 992 8
115 992 14
649 992 11
81 992 8
312 993 11
567 993 7
976 993 8
983 993 11
448 994 10
503 994 11
582 994 13
776 994 12
693 994 6
49 995 11
278 995 11
502 995 12
462 996 14
27 996 11
95 996 12
129 996 11
989 997 11
229 997 9
995 997 11
597 998 9
811 998 10
808 998 14
287 999 13
512 999 10
346 999 11
