1000
0
4
4
6
10
5
2
5
2
4
6
6
9
6
3
7
6
8
2
2
10
1
2
5
6
9
7
9
8
7
5
8
7
10
5
4
3
3
3
8
3
4
6
4
6
3
2
2
9
5
8
7
8
7
5
4
10
2
4
7
8
8
9
2
9
3
10
2
6
1
10
4
9
9
2
5
4
3
7
2
9
5
3
7
10
6
10
10
8
5
8
7
3
5
3
5
7
7
8
4
5
6
4
10
3
7
6
4
2
8
4
2
3
2
2
10
10
4
10
9
3
10
3
8
4
5
6
8
10
5
7
5
2
1
4
8
5
8
2
7
8
3
10
3
3
9
7
2
6
5
3
5
4
8
5
3
10
3
10
8
2
2
4
7
5
4
4
5
8
9
7
5
7
6
3
4
7
6
4
3
7
7
3
1
7
1
9
4
8
8
2
9
3
1
4
4
10
8
4
3
3
6
4
10
5
8
9
3
3
5
5
2
4
8
8
6
4
7
10
5
4
8
8
6
5
9
7
6
3
3
2
8
10
5
6
9
5
6
5
8
10
5
1
8
7
6
5
5
2
4
3
2
7
9
9
6
7
5
8
3
3
2
4
8
3
9
8
5
1
7
8
4
9
1
8
2
5
2
9
1
5
6
6
8
5
7
1
2
9
4
10
3
2
3
8
6
5
1
4
4
2
6
4
3
6
2
4
6
2
2
1
7
8
9
2
10
6
4
7
9
9
7
3
3
2
3
5
4
3
5
2
9
4
9
6
5
9
2
2
2
5
6
4
3
3
8
8
3
9
5
4
7
8
3
6
2
9
2
6
10
4
10
5
4
7
2
1
5
7
3
9
8
4
9
5
10
6
4
6
4
5
6
2
7
7
2
4
7
5
5
8
2
2
3
9
2
3
6
9
9
1
6
10
6
6
4
2
6
3
3
7
6
5
6
6
6
10
4
4
2
5
7
4
4
8
2
8
3
10
9
7
2
6
5
3
9
9
6
6
4
1
9
7
6
6
10
2
9
3
8
8
3
5
8
3
3
3
8
4
3
7
9
7
4
2
4
9
2
2
3
2
1
9
2
7
8
8
7
6
4
6
6
5
1
2
4
8
7
3
7
5
5
4
7
5
3
4
6
3
4
9
5
3
5
2
7
3
3
10
8
2
2
6
9
1
4
6
7
3
4
9
5
4
6
2
3
3
7
7
8
9
7
9
6
4
2
9
7
3
2
2
6
2
2
7
8
10
9
5
4
7
6
7
7
3
10
5
2
2
4
6
9
3
10
5
1
4
4
4
3
4
1
2
2
2
4
4
6
7
3
6
5
9
6
2
5
4
7
6
3
10
6
7
5
10
1
6
1
9
6
7
9
8
6
9
9
5
8
5
5
7
4
1
8
7
8
2
8
8
5
8
4
1
8
6
1
1
3
7
7
1
7
3
9
4
2
2
3
4
7
8
2
2
5
9
4
10
1
4
8
5
5
3
2
4
6
10
3
9
4
3
5
6
2
9
8
4
7
5
5
9
3
6
5
4
5
9
1
3
4
5
2
5
4
10
7
3
3
7
3
9
1
2
6
6
8
6
10
4
7
1
8
10
7
8
2
8
4
10
5
7
8
8
3
8
9
7
2
1
6
2
9
4
9
2
5
8
7
9
8
7
9
7
4
7
6
2
9
7
5
6
2
4
10
6
7
5
5
7
7
9
9
7
3
4
9
3
8
8
10
9
1
8
5
2
7
10
9
2
4
5
3
10
5
9
2
5
1
2
3
4
7
6
3
8
10
5
8
1
4
7
7
4
4
7
4
2
9
10
4
4
2
9
2
7
3
5
6
7
3
4
4
2
5
2
1
1
5
6
8
6
7
6
3
9
5
3
7
4
4
8
4
4
10
9
9
9
7
7
7
9
6
10
6
8
8
4
1
2
2
1
5
8
2
4
7
6
6
1
1
2
2
7
9
5
1
3
8
4
7
2
5
5
7
10
5
8
10
2
8
4
5
9
3
8
2
2
7
7
6
7
9
2
3
5
4
9
7
7
2
4
10
5
3
1
8
8
9
4
7
5
6
2
6
4
3
3
6
9
7
9
10
5
8
8
5
6
5
1
4
8
8
10
5
1
8
1
3
6
5
6
8
5
6
10
3
3
5
7
4
8
8
3
4
3
7
8
7
2
5
3
1
9
9
9
2
6
6
7
5
9
5
3
5
6
5
4
7
7
8
8
3
2
8
7
5
8
9
3
7
7
8
4
10
9
6
8
7
3
9
0 528 11
0 551 13
0 707 9
0 129 11
1 684 9
1 557 11
2 842 13
2 410 12
2 547 10
2 113 10
3 736 11
3 512 10
3 480 13
3 483 15
4 922 8
4 373 10
4 827 12
5 392 10
5 472 9
5 278 9
6 129 11
6 415 8
7 96 8
7 601 7
7 35 11
7 926 10
8 332 11
8 850 10
8 800 7
8 992 11
9 457 8
9 887 12
9 158 14
9 132 7
10 242 10
10 864 9
10 41 10
11 275 9
11 921 10
12 947 12
12 855 9
12 287 13
13 104 13
13 177 12
13 194 12
13 394 11
14 905 7
14 22 9
14 121 10
14 672 12
15 244 10
15 648 15
15 784 9
15 653 10
16 343 13
16 178 11
16 135 11
17 925 8
17 156 8
18 579 11
18 352 8
18 751 8
19 161 8
19 180 12
19 233 10
19 861 7
20 834 13
20 93 9
20 411 12
20 481 13
7 21 10
21 483 11
21 759 8
21 606 11
21 700 13
22 46 11
22 167 10
22 429 8
22 728 12
23 266 10
23 816 11
24 227 12
24 167 10
24 709 12
24 851 14
25 863 10
25 567 10
26 663 6
26 41 10
26 444 13
27 89 9
27 288 11
27 906 10
28 855 15
28 393 10
28 968 10
29 866 8
29 116 10
29 102 12
29 807 10
30 709 8
30 645 11
31 346 10
31 513 10
31 586 11
32 993 10
32 644 5
32 270 12
33 302 9
33 35 12
33 994 9
34 748 11
34 428 13
34 84 13
34 360 9
34 647 9
34 35 12
35 739 5
35 372 12
35 980 7
36 963 8
36 43 9
36 463 11
37 210 12
37 466 11
37 406 9
37 352 8
38 174 13
38 198 13
39 411 9
39 689 9
40 705 9
40 198 8
41 109 12
41 913 7
42 285 11
43 731 10
43 776 10
43 478 17
43 942 10
44 102 16
44 66 13
44 481 12
27 45 13
45 898 9
45 539 11
45 518 8
46 701 15
26 46 11
46 265 11
46 752 11
47 551 11
47 143 9
47 725 13
19 48 10
48 852 11
48 284 10
49 662 9
49 943 11
50 724 8
50 234 10
50 137 10
51 413 14
51 872 12
51 889 8
51 999 7
52 821 12
52 901 11
53 987 9
53 78 15
53 658 12
53 336 14
54 405 8
54 263 9
55 434 11
55 515 10
5 56 14
56 909 6
56 243 10
57 553 12
53 57 12
57 737 8
58 507 7
58 80 10
59 793 8
59 958 9
59 196 7
59 513 12
60 298 9
60 423 9
60 914 10
61 327 10
61 63 8
61 446 8
61 233 9
62 699 11
63 916 13
63 654 8
63 907 11
64 580 11
65 266 9
65 663 7
66 902 10
66 546 11
66 908 7
67 736 9
67 952 9
68 651 11
68 804 9
68 136 10
69 87 11
69 219 12
70 341 9
70 335 8
70 648 11
71 810 9
71 723 10
71 573 9
71 231 10
72 343 12
72 829 10
72 949 11
73 569 11
73 681 12
73 748 10
74 636 10
74 852 14
31 74 13
74 462 8
75 267 10
75 593 14
75 875 6
75 993 13
1 76 9
76 166 11
76 182 12
76 340 10
77 676 11
24 77 9
78 705 12
78 552 9
78 797 11
78 112 8
79 322 11
79 877 11
80 367 10
80 539 11
80 629 8
1 81 10
81 783 11
81 121 5
81 687 13
82 802 12
83 649 7
83 949 12
83 478 10
83 865 13
83 974 8
84 711 12
84 601 11
85 503 8
85 321 9
86 716 11
86 150 11
87 206 13
87 294 10
37 88 7
68 88 12
88 427 12
89 250 9
89 804 10
89 531 10
89 405 11
89 155 13
90 557 14
90 729 9
90 606 9
91 269 9
91 661 11
91 537 11
91 516 10
91 503 12
92 150 11
92 316 11
92 975 15
92 929 10
93 258 12
93 449 13
22 93 7
94 694 14
94 901 8
94 812 12
95 415 11
68 95 6
96 794 10
96 385 13
96 940 12
96 314 12
96 414 11
97 218 11
97 983 8
97 740 10
98 884 11
99 899 10
99 909 10
99 136 16
63 100 12
100 365 12
100 496 9
70 100 8
48 101 8
96 101 11
101 250 13
102 524 8
102 717 14
102 353 11
103 789 11
104 221 9
76 104 11
104 239 12
104 190 14
105 703 10
105 970 12
105 440 10
106 468 12
106 342 10
106 433 10
106 124 7
107 635 9
108 405 8
108 130 12
108 337 12
108 635 11
108 699 7
109 343 10
109 714 9
109 944 9
109 234 8
110 668 9
110 610 9
103 110 11
110 777 12
110 599 10
111 975 13
111 587 8
111 738 10
111 537 10
112 476 11
112 920 8
112 467 8
113 564 11
105 113 11
113 639 9
113 167 12
114 411 12
114 380 7
114 952 9
114 960 9
115 370 11
115 225 9
115 964 8
115 809 13
115 509 12
116 296 15
116 717 13
117 946 14
118 774 12
118 192 8
119 166 12
34 119 10
119 234 11
119 915 12
120 799 10
120 786 11
28 120 10
121 365 11
121 244 8
121 710 14
121 705 11
121 469 10
122 278 12
122 443 11
9 122 9
123 802 8
123 964 9
123 219 6
123 900 13
124 866 14
124 548 12
7 124 11
125 703 11
125 276 10
32 125 10
125 581 11
126 958 12
126 758 10
126 592 10
127 347 8
127 787 9
127 387 15
128 914 11
128 697 11
129 237 12
129 183 14
129 210 9
130 547 10
130 792 11
130 158 8
130 173 10
5 130 8
131 957 12
131 954 13
132 276 11
132 830 10
133 372 13
133 167 10
14 133 13
89 134 12
134 860 9
42 134 14
99 135 12
135 850 9
135 933 7
136 955 6
136 303 7
136 157 12
137 692 11
137 216 8
137 848 8
137 198 10
138 611 8
138 384 10
138 985 11
130 138 8
50 138 13
139 437 11
139 859 9
140 302 13
140 879 8
141 284 13
141 379 12
141 553 13
142 736 11
142 956 14
143 588 10
143 744 12
143 544 7
144 201 7
144 877 11
144 939 12
145 866 11
145 374 11
145 936 13
146 545 8
146 547 10
147 496 11
86 147 9
147 874 10
147 522 11
147 643 12
147 720 10
148 888 7
148 413 9
148 789 12
149 555 13
149 983 9
149 423 11
150 171 14
150 317 12
150 151 9
151 888 9
152 387 11
152 756 12
152 627 11
152 426 9
134 153 9
66 153 8
153 919 11
153 671 10
154 514 9
150 154 12
154 520 11
155 369 16
155 438 10
155 928 11
155 379 11
156 578 12
156 516 11
156 682 13
156 283 11
157 245 8
157 768 11
158 256 9
52 158 14
132 158 12
159 964 11
159 970 10
160 558 11
79 160 11
160 850 6
161 695 12
161 863 8
161 713 10
162 656 10
162 292 8
162 562 12
163 910 13
163 745 11
163 807 10
20 164 13
164 741 12
165 332 11
165 251 9
166 299 14
167 728 12
75 167 11
167 667 14
168 216 9
97 168 10
168 182 10
152 169 12
169 579 11
169 760 11
170 383 13
170 244 13
2 170 9
170 293 10
170 180 10
171 228 12
68 171 10
171 330 10
172 565 8
173 211 11
173 849 10
174 834 11
174 964 13
33 174 12
174 491 9
175 357 11
175 926 11
175 874 10
175 537 11
176 937 13
176 624 10
176 198 12
177 669 10
177 496 13
178 753 14
152 178 11
178 372 11
178 240 15
178 648 8
178 335 14
78 179 11
179 728 10
142 180 7
180 403 9
180 595 13
180 564 7
180 241 12
38 181 10
181 311 10
182 289 7
182 402 9
182 764 9
182 667 10
51 183 8
183 442 10
183 915 10
72 184 6
67 184 12
185 492 12
185 508 12
185 475 7
186 915 12
186 481 11
159 186 13
187 450 10
187 379 9
187 346 12
188 377 12
188 252 9
188 883 14
188 652 12
189 461 8
189 668 12
86 190 12
190 812 10
190 663 11
190 451 9
190 312 11
191 210 9
191 452 9
191 642 14
191 593 11
192 226 9
192 903 11
27 192 9
192 457 9
193 199 11
193 379 15
193 640 13
194 939 8
194 313 10
194 403 6
195 821 16
195 852 8
195 830 11
44 195 12
175 196 11
197 206 8
197 389 8
197 809 11
197 864 10
93 198 16
198 412 10
166 199 8
199 355 10
199 743 12
83 199 13
200 803 8
200 495 9
145 200 10
201 921 10
201 535 7
201 956 8
202 868 8
202 237 10
202 959 11
203 515 11
182 203 11
203 437 16
203 630 14
139 204 8
140 204 8
204 937 12
204 602 13
205 702 11
205 657 8
206 233 9
206 457 11
206 919 15
206 317 8
206 724 9
207 827 8
207 900 14
207 509 10
208 315 10
208 322 12
208 898 10
209 778 10
209 724 11
133 209 12
209 588 9
210 324 10
210 990 9
139 210 13
210 551 12
210 272 11
210 660 10
211 992 9
211 818 14
211 684 10
50 211 10
211 588 12
212 921 8
212 885 10
213 887 12
18 213 12
213 741 13
213 352 11
214 640 11
214 714 11
43 214 11
214 678 9
215 498 12
215 541 13
216 802 10
216 577 11
217 616 11
217 569 8
217 324 7
34 217 9
218 865 12
219 398 10
219 467 13
220 746 14
220 613 12
220 547 13
220 797 10
221 452 13
221 772 11
222 312 11
223 592 8
223 354 12
224 610 12
224 457 10
25 224 12
225 876 6
225 574 8
226 555 8
226 855 15
226 527 13
226 538 10
227 902 8
45 227 13
228 297 14
228 420 10
228 620 11
229 932 9
229 888 12
230 777 10
4 230 10
230 521 13
230 470 8
5 231 10
231 888 12
231 479 10
232 918 15
232 325 11
232 891 11
10 233 9
233 434 9
184 233 11
234 344 9
234 445 11
234 412 12
235 817 12
235 769 9
235 634 14
115 236 11
236 955 8
60 237 10
237 793 9
237 430 11
238 418 11
238 298 9
238 732 8
238 253 12
167 239 9
239 898 8
239 830 9
211 240 11
240 403 11
240 859 9
212 241 5
241 571 10
241 380 12
242 243 13
242 303 9
242 923 6
242 865 13
242 800 13
243 362 9
243 310 6
243 624 11
243 927 8
244 558 13
244 511 12
245 685 13
188 245 9
246 460 9
6 246 11
246 612 10
247 997 12
247 257 11
234 247 11
248 258 12
248 490 11
249 459 10
249 973 11
15 249 11
217 250 9
250 257 8
250 973 11
251 963 10
251 888 14
198 251 14
202 252 10
252 706 9
252 400 10
252 741 11
253 969 9
253 963 8
25 254 13
254 264 11
192 254 9
255 905 12
255 287 10
180 255 11
255 670 9
255 709 11
33 256 9
256 738 11
256 793 13
256 958 13
257 974 12
257 411 9
258 460 11
258 684 10
258 709 10
56 258 10
258 613 9
259 482 12
259 270 9
259 652 10
259 958 11
260 643 9
260 915 11
261 321 11
261 984 7
261 605 11
262 411 9
262 291 9
262 431 8
209 263 11
263 757 10
154 264 8
56 264 8
264 986 13
116 265 9
265 594 9
265 386 8
55 265 10
266 996 9
266 844 8
267 707 9
267 522 9
267 627 13
267 480 12
37 267 11
268 886 10
268 843 12
269 936 10
269 960 12
270 944 11
270 773 9
270 539 10
28 271 10
271 924 11
271 898 16
271 430 8
272 477 11
272 511 13
207 272 10
272 444 9
189 273 13
180 273 7
270 274 8
113 274 10
227 274 11
145 275 12
275 863 10
276 875 12
276 603 9
159 276 8
276 827 9
277 819 8
277 917 9
278 514 13
278 927 13
279 720 9
279 897 15
279 610 12
279 332 10
280 592 6
280 667 8
82 280 13
281 947 12
281 880 12
281 437 11
281 448 13
282 618 12
282 813 11
282 816 11
282 409 9
71 282 11
272 282 10
29 283 11
283 334 10
283 772 10
283 361 12
284 589 11
284 602 14
284 446 10
284 833 13
136 285 9
175 285 8
286 771 12
286 934 10
286 870 8
287 870 11
287 633 7
288 385 11
288 340 12
288 473 12
289 945 13
289 364 8
290 332 13
290 305 7
291 571 14
291 669 7
291 920 8
0 291 7
153 292 13
196 292 11
292 560 7
292 583 9
293 453 11
293 921 8
85 293 15
294 368 9
294 787 11
294 383 13
3 294 12
295 388 10
102 295 15
296 574 12
296 895 8
297 571 9
268 297 9
297 581 8
297 772 8
50 298 13
298 968 10
225 298 11
245 299 13
299 496 9
32 299 10
300 985 11
300 375 8
263 300 13
38 301 10
301 756 10
258 301 12
302 576 7
103 302 11
302 578 8
196 303 13
303 801 9
303 371 11
304 453 7
304 514 13
304 366 12
305 562 10
305 868 10
306 560 10
306 765 10
307 957 12
307 806 9
307 941 8
308 978 8
308 387 11
309 529 9
14 309 11
309 356 13
309 564 11
99 310 9
139 310 10
310 598 10
48 310 12
311 991 12
311 754 10
311 962 12
311 973 11
312 953 12
312 354 11
313 505 11
313 971 10
313 506 10
313 341 7
313 725 9
314 652 9
314 765 12
314 854 11
315 792 13
315 409 13
315 883 9
251 316 16
316 923 9
316 461 11
316 479 9
317 876 13
215 317 11
317 651 9
203 318 12
317 318 9
192 318 8
110 318 12
245 319 13
134 319 11
320 560 8
320 430 7
320 466 11
321 773 8
321 767 10
322 696 10
323 693 11
157 323 11
68 323 7
324 532 11
324 667 11
324 438 9
324 471 11
325 942 9
237 325 12
326 400 14
326 528 10
326 412 12
69 326 12
327 653 13
327 899 8
327 681 9
274 327 9
294 328 13
23 328 13
164 328 7
329 656 11
329 357 11
114 329 9
329 784 11
80 329 12
330 455 12
284 330 10
234 331 9
331 529 9
51 331 13
332 781 8
332 453 7
332 339 10
236 332 11
333 384 10
333 882 7
334 974 13
334 760 9
334 751 10
335 912 13
335 967 13
335 881 10
336 438 11
336 504 13
90 336 12
336 496 11
337 504 9
337 380 8
337 880 16
288 337 9
338 526 9
85 338 8
126 338 12
338 927 11
339 360 8
339 606 10
315 339 11
28 339 10
140 339 7
339 577 15
203 340 9
340 378 10
340 358 12
341 933 11
341 438 11
133 341 14
342 689 11
342 506 11
342 501 8
342 500 11
342 612 9
343 370 8
343 426 10
226 343 11
344 638 12
344 715 11
233 344 12
345 531 9
289 345 12
345 970 10
345 400 11
345 767 7
106 346 10
346 759 8
336 347 14
347 739 12
347 752 9
347 603 11
215 347 9
348 965 9
128 348 13
223 348 12
139 349 10
349 810 14
350 981 14
93 350 8
351 891 10
351 518 14
351 708 9
351 723 13
292 352 12
352 574 12
352 545 10
353 398 10
331 353 10
354 838 11
158 354 10
30 354 11
354 837 11
236 354 10
355 360 14
355 797 10
224 355 11
356 677 14
357 487 8
13 357 12
358 891 12
358 788 14
118 358 11
358 521 9
358 752 12
160 359 13
11 359 12
359 470 7
360 733 10
360 684 13
361 949 11
217 361 12
50 361 11
337 361 8
362 716 13
362 662 12
363 915 4
364 723 12
223 364 12
365 795 13
365 994 13
365 903 11
366 463 9
366 459 9
366 857 15
367 625 9
367 546 11
367 425 13
89 367 10
23 368 9
368 932 10
292 369 11
369 753 13
369 622 7
370 443 13
371 884 11
141 371 12
369 371 10
371 771 12
372 908 12
130 372 12
372 695 9
373 923 13
298 373 10
201 373 15
374 859 9
374 664 10
374 853 13
237 374 9
375 789 12
375 545 13
224 375 9
195 376 14
376 939 13
376 441 10
376 873 9
377 925 7
377 578 9
377 811 11
103 377 10
378 625 11
74 378 11
244 378 8
294 379 12
379 795 12
379 988 11
315 380 11
326 381 14
381 682 11
381 555 14
381 685 12
382 405 7
382 640 15
230 383 7
279 383 12
366 384 9
384 959 7
385 745 11
385 567 11
386 673 11
386 428 9
39 387 11
387 432 8
387 845 12
265 388 11
388 812 8
389 529 11
141 389 10
390 763 10
390 727 8
257 390 11
390 705 12
391 983 11
391 763 8
158 392 12
392 816 11
70 392 6
393 719 10
393 468 13
214 393 12
219 393 14
394 698 11
394 655 6
395 396 12
395 813 7
174 395 6
236 396 7
396 826 14
396 808 10
396 768 10
397 972 7
398 591 8
398 478 8
399 415 13
399 928 10
11 399 10
399 709 13
227 400 12
400 805 13
400 740 11
401 885 10
68 401 13
401 948 10
402 961 12
402 964 11
402 455 7
403 646 12
48 403 6
403 951 11
114 404 9
404 767 10
404 667 10
405 623 12
367 405 13
148 405 8
203 406 14
406 705 9
406 629 7
322 407 11
407 992 11
63 407 12
243 408 10
408 541 7
108 408 12
226 408 8
409 907 11
409 655 12
373 409 11
296 410 12
164 410 9
91 411 12
400 412 11
22 412 11
412 507 9
412 434 10
404 413 6
124 413 15
413 686 7
264 414 9
414 593 11
415 693 11
415 541 11
415 941 10
416 506 10
197 416 8
416 624 11
9 417 10
127 417 14
417 935 11
348 417 10
418 845 14
22 418 12
418 657 10
156 418 12
419 782 8
419 673 12
419 722 12
302 420 11
420 634 11
420 741 11
121 421 5
421 993 8
268 421 7
45 422 15
422 654 9
422 713 13
423 686 12
423 746 5
424 999 8
424 852 10
424 493 12
425 482 7
425 838 11
238 425 11
426 824 12
426 617 12
426 839 9
195 426 9
359 427 8
427 628 8
337 427 10
67 428 11
299 428 12
35 428 9
428 562 9
38 429 14
429 518 11
256 429 11
430 629 15
430 973 9
60 430 8
122 431 11
431 458 11
431 822 7
381 431 12
432 984 11
312 432 12
433 777 12
338 433 10
433 550 11
169 434 11
435 939 7
14 435 8
435 626 15
436 891 13
436 550 11
95 436 10
437 973 11
437 864 10
344 437 12
156 438 10
438 861 10
439 478 12
439 577 10
328 439 10
68 440 11
440 936 11
434 440 12
441 646 12
367 441 13
284 441 11
442 649 9
442 993 14
442 998 7
395 443 11
443 464 12
444 856 6
444 911 13
444 792 12
445 499 10
445 808 11
197 445 10
445 720 8
22 445 7
446 982 10
446 856 12
446 865 8
111 446 7
244 447 9
362 447 9
447 864 9
448 869 10
448 563 10
213 448 12
449 462 12
449 976 9
449 772 13
449 685 8
450 611 10
450 507 14
130 451 11
424 451 14
96 451 8
452 779 10
452 518 10
453 995 9
453 850 14
315 454 6
454 956 14
39 454 11
454 709 7
455 750 10
301 455 10
456 639 11
348 456 14
456 785 13
450 457 12
151 457 10
458 620 7
295 458 12
414 458 9
459 623 10
459 625 8
181 460 11
460 504 12
125 460 8
296 460 12
461 686 7
132 461 15
461 520 11
44 461 11
284 462 10
126 462 11
462 937 10
463 830 12
463 722 10
463 937 8
463 669 12
464 759 10
180 464 10
430 464 10
347 464 16
202 465 9
465 874 13
465 898 11
465 790 10
465 653 10
466 895 13
466 844 12
249 466 12
56 467 11
24 467 11
259 467 12
468 688 9
422 468 11
468 545 8
468 862 11
315 469 11
469 562 11
469 866 12
469 782 12
263 470 8
465 470 11
14 470 9
205 471 12
227 471 11
401 471 12
472 606 11
302 472 8
309 472 11
473 490 8
162 473 8
3 473 10
473 870 9
473 739 8
474 549 10
407 474 9
474 710 7
124 474 10
475 804 11
475 794 9
309 475 11
258 476 11
60 476 8
476 953 11
347 476 10
100 477 9
220 477 10
478 640 11
478 852 9
105 479 9
479 583 10
222 479 11
480 893 14
291 480 9
480 597 13
480 531 10
480 499 11
33 481 12
230 482 13
206 482 9
483 497 14
97 483 11
374 483 8
483 558 8
87 484 10
484 743 12
57 484 11
89 484 12
367 485 15
40 485 7
485 818 12
485 541 14
445 486 16
486 533 12
73 486 10
49 487 11
99 487 12
488 643 9
488 980 12
489 730 10
42 489 12
433 489 13
161 490 10
490 832 7
416 491 12
492 984 10
492 942 10
492 884 11
493 956 9
493 827 10
494 734 10
494 961 10
494 694 12
495 663 14
318 495 14
128 496 10
496 758 8
497 591 13
284 497 11
497 873 11
85 497 12
291 498 10
499 686 13
499 962 10
499 830 11
1 499 10
326 500 8
501 713 10
247 501 6
501 839 11
502 883 10
502 864 11
89 502 10
502 667 9
461 502 14
336 503 7
504 923 12
504 645 12
505 883 12
158 505 12
505 570 12
505 767 13
506 586 11
506 665 10
507 976 12
296 507 11
155 507 11
507 848 10
508 707 11
508 634 11
508 909 11
450 509 13
487 509 9
50 510 12
60 510 9
510 909 11
510 629 13
362 511 12
64 511 8
511 531 13
498 511 11
201 512 11
512 792 10
512 631 10
512 904 14
512 564 12
513 867 11
203 513 7
514 930 10
514 994 11
391 514 11
514 880 11
515 704 12
515 776 13
515 647 9
516 706 9
516 645 13
516 704 12
302 517 11
76 517 8
517 908 8
475 517 12
335 518 11
122 518 9
466 518 11
518 555 12
519 549 15
276 519 12
337 520 10
520 941 12
132 520 11
468 520 9
520 973 7
521 982 11
158 521 10
20 521 10
521 940 12
521 663 11
421 521 12
461 522 15
522 723 13
215 522 8
408 522 7
523 969 10
250 523 11
210 524 12
143 524 13
262 525 12
525 710 12
526 681 11
526 673 13
527 871 9
183 527 8
164 527 13
528 594 9
528 894 10
145 528 13
529 676 9
529 626 11
261 529 9
55 530 10
530 989 8
342 530 10
44 530 9
531 605 10
125 531 12
532 556 13
266 532 12
532 636 13
532 855 9
533 590 14
328 533 12
359 533 11
533 710 9
534 700 13
209 534 9
534 568 8
534 544 9
535 598 12
511 535 11
535 736 10
536 724 7
218 536 11
1 536 10
67 536 11
537 934 8
537 708 9
76 538 13
279 539 10
23 539 15
539 598 12
539 644 11
142 540 11
541 834 13
376 541 8
541 921 12
336 542 13
196 542 9
262 542 10
542 708 12
366 543 9
543 828 8
541 543 10
466 544 10
544 824 12
545 685 11
217 545 11
406 545 8
4 545 13
546 684 9
546 849 8
400 547 12
204 547 11
547 971 8
364 548 12
442 548 10
12 548 8
531 549 9
549 643 10
474 550 11
550 900 11
537 551 9
73 551 12
462 551 10
509 552 12
65 552 5
553 662 8
553 723 11
553 623 10
261 554 13
212 554 14
554 964 9
554 990 8
555 713 10
488 555 7
555 962 9
291 555 14
555 639 13
144 556 11
21 556 13
239 556 11
489 557 7
524 557 11
326 557 12
133 558 10
558 823 7
109 558 8
392 558 12
283 559 10
197 559 8
531 559 14
94 560 10
560 690 10
561 803 11
561 917 10
562 841 14
562 914 10
563 859 11
309 563 9
157 564 7
479 564 13
233 564 11
438 564 12
565 788 11
565 602 14
565 914 12
252 566 10
25 566 12
567 947 13
567 855 6
524 567 10
568 948 10
522 568 10
55 569 15
471 569 7
453 570 10
571 646 15
77 571 13
97 571 9
572 986 12
572 583 12
204 572 7
572 627 11
455 573 7
348 573 7
158 574 11
27 574 11
574 779 8
266 575 12
575 778 8
428 576 9
576 597 9
576 634 7
431 576 10
335 577 10
121 577 10
143 578 11
578 590 11
450 579 11
417 579 12
136 580 8
580 635 12
580 962 9
217 581 9
581 986 13
581 789 10
473 582 7
582 782 10
138 583 10
583 890 11
443 584 12
405 584 8
45 584 10
584 814 9
324 585 9
585 941 11
586 595 13
586 806 11
190 586 10
363 587 9
587 667 9
240 587 8
168 588 12
588 973 10
588 759 6
589 682 12
589 985 7
454 589 13
185 590 9
239 590 9
590 883 12
591 610 7
591 911 12
591 938 12
592 704 9
593 738 5
593 957 11
2 593 7
594 767 9
594 920 10
499 594 11
77 594 12
362 595 12
595 889 9
299 596 15
250 596 10
401 597 12
4 598 11
483 598 8
40 598 11
599 964 8
599 818 11
174 599 7
349 599 11
600 664 13
546 600 10
600 643 9
176 601 7
591 601 9
471 601 14
601 795 8
545 602 9
37 602 9
23 603 11
98 603 9
99 603 11
595 604 10
537 604 8
604 864 13
503 605 10
605 833 8
178 605 11
398 605 13
320 606 13
606 995 8
21 607 10
607 994 7
223 607 11
607 756 11
401 607 12
401 608 11
82 608 12
354 608 11
507 609 6
483 609 6
609 768 11
154 610 10
383 610 10
336 610 8
611 715 8
15 612 11
308 612 10
436 613 10
613 841 11
613 614 10
403 614 11
130 615 10
117 615 10
471 615 10
28 616 14
616 952 7
349 617 10
207 617 13
323 617 6
345 617 9
98 618 15
500 618 10
619 875 11
620 727 9
24 620 12
449 620 10
621 983 9
274 622 14
622 635 10
555 622 9
143 623 12
513 623 11
623 664 11
623 667 11
532 624 9
593 624 12
400 624 13
130 625 9
434 625 9
268 625 12
626 813 7
525 626 10
142 627 12
627 659 9
619 627 10
627 867 9
628 660 11
500 628 11
628 857 10
629 970 11
629 749 8
629 797 11
629 857 7
629 787 10
630 758 14
180 630 9
248 630 13
372 631 11
631 827 9
306 631 11
120 632 9
632 748 12
56 632 7
632 917 11
163 632 10
64 633 11
235 633 9
633 921 13
611 634 10
522 634 13
95 634 10
229 635 11
34 635 9
135 635 11
125 636 11
636 672 10
636 674 11
637 659 11
292 637 13
638 760 6
607 638 12
292 639 8
639 925 13
260 639 12
350 639 8
430 640 11
263 640 9
641 892 10
233 641 10
542 642 9
525 642 10
642 968 13
450 643 14
235 643 10
175 643 10
643 668 11
644 917 12
644 864 10
642 644 15
524 644 9
645 696 9
142 645 11
271 646 13
462 646 8
431 646 8
604 647 8
67 647 10
277 648 12
138 649 13
587 649 7
650 912 9
232 650 11
586 650 8
448 650 13
651 974 10
461 651 7
312 651 10
238 652 11
13 652 13
173 652 11
282 653 13
240 653 10
631 654 12
536 655 12
23 655 11
227 655 10
483 655 7
394 656 13
129 656 14
266 656 11
352 657 12
169 658 14
341 658 14
585 658 14
329 658 9
658 722 12
556 659 10
96 659 10
660 857 8
660 894 13
289 660 14
661 805 10
517 662 9
36 662 4
302 662 8
557 663 10
299 663 9
534 663 14
4 663 9
35 664 11
136 664 7
664 800 9
602 665 11
21 665 9
26 665 13
573 666 13
593 666 10
67 666 11
666 690 8
551 667 11
193 667 9
159 667 8
668 924 11
445 668 13
325 668 8
454 669 9
109 669 13
669 754 12
546 670 11
670 843 13
670 873 9
343 670 12
193 671 10
671 818 11
246 671 11
352 671 10
672 755 10
542 672 11
672 776 12
672 893 11
29 672 16
95 673 12
383 673 14
185 674 12
33 674 10
674 907 9
135 674 10
675 806 14
276 676 6
676 713 12
677 926 10
12 677 7
678 680 14
678 981 14
679 841 12
679 680 6
545 679 8
679 695 11
679 702 10
132 680 14
413 680 10
681 713 12
330 681 13
83 682 10
682 734 14
683 832 10
684 722 9
300 684 14
52 684 10
685 918 12
274 685 9
50 685 12
388 686 9
686 730 9
686 968 9
586 687 9
318 687 6
687 819 12
688 769 11
688 961 10
689 745 10
689 748 10
560 689 11
103 689 10
690 806 8
110 690 14
690 965 10
124 691 11
308 691 11
577 691 13
537 692 9
692 934 12
209 692 14
692 726 10
693 861 12
343 693 6
308 693 10
433 693 11
356 694 10
358 694 10
694 934 14
542 695 9
629 695 8
226 695 14
403 696 12
207 696 12
696 775 9
623 696 11
310 697 10
441 697 10
60 697 16
152 698 12
314 698 13
698 841 9
517 699 10
624 699 11
395 699 11
59 700 9
700 940 11
266 700 10
332 701 8
572 701 10
607 702 9
124 702 13
431 702 11
321 702 11
413 703 10
704 846 11
124 704 15
518 705 11
162 705 12
706 915 11
674 706 11
49 706 8
630 706 8
707 940 8
707 790 10
109 707 13
656 707 12
708 906 7
708 757 15
709 951 9
709 789 10
508 709 10
710 907 7
399 710 8
710 876 8
710 809 9
349 711 9
711 976 10
442 711 5
711 830 15
235 712 11
245 713 8
652 713 13
591 713 8
35 714 15
520 714 11
685 715 9
419 715 9
579 715 9
285 716 6
716 767 9
716 876 8
716 727 12
4 717 8
718 881 10
577 718 11
686 719 14
238 719 15
319 719 11
189 720 11
209 720 7
629 720 6
187 721 12
721 911 8
624 722 13
574 722 10
305 722 8
690 722 12
60 722 8
69 723 12
103 723 6
33 723 11
649 723 9
250 724 15
724 889 11
724 883 9
285 725 9
579 725 13
404 725 9
353 725 8
601 726 9
58 726 12
711 726 14
406 727 13
498 727 11
727 961 10
58 728 12
687 728 10
272 729 12
165 729 10
211 729 9
397 729 7
730 884 12
327 730 9
499 731 8
570 731 11
173 731 11
310 732 10
732 997 9
732 826 7
12 733 13
650 733 12
484 734 14
415 734 8
542 735 12
695 735 10
735 967 9
371 736 11
736 873 12
619 736 11
119 736 12
737 914 11
361 737 12
737 799 8
500 737 9
504 738 12
678 738 11
413 738 9
739 866 10
295 739 13
366 740 8
36 740 11
411 740 13
452 741 11
549 741 13
371 741 9
382 742 8
742 754 14
742 968 10
743 784 12
305 744 10
73 744 10
529 744 8
94 745 10
20 745 13
111 746 10
746 871 11
62 746 9
91 747 8
545 747 11
639 748 14
748 854 7
198 749 10
616 749 13
217 750 10
559 750 7
676 750 12
750 921 9
750 809 10
88 751 8
751 915 11
270 751 9
34 752 7
340 753 9
222 753 11
753 796 12
754 937 7
681 754 10
76 754 8
755 935 11
354 755 10
525 755 9
756 982 10
664 756 11
756 768 11
139 756 11
74 757 8
657 757 10
35 757 9
758 982 9
758 938 11
696 759 11
58 759 9
759 948 12
641 760 10
760 788 8
760 983 11
761 771 8
227 762 8
75 763 13
763 865 13
653 763 14
756 764 10
342 764 15
54 765 14
198 765 7
385 766 6
766 783 16
645 766 7
611 766 10
651 766 9
470 767 12
767 887 9
284 767 10
74 767 12
460 768 9
765 768 10
260 768 12
618 768 8
249 769 14
636 769 16
770 855 12
770 939 12
318 771 11
692 771 12
291 771 11
772 820 9
598 772 10
772 858 12
683 772 10
566 772 11
731 773 8
773 841 13
409 773 12
607 774 9
58 774 11
705 774 10
712 775 13
603 775 8
498 775 9
776 829 8
341 776 13
548 776 9
774 776 9
200 777 11
259 777 7
550 777 7
778 896 10
377 778 8
778 915 10
124 778 13
252 779 10
152 779 13
597 779 10
414 780 11
781 873 13
781 865 9
289 781 11
782 843 13
553 782 10
269 782 9
483 782 9
205 783 11
769 783 14
784 905 10
252 784 10
631 784 6
437 784 17
229 785 8
551 785 9
40 785 11
351 785 10
51 786 13
105 786 12
787 924 13
382 787 8
58 787 11
683 788 12
5 789 13
496 789 12
614 789 12
368 790 10
0 790 9
791 819 9
382 791 9
583 791 8
712 792 11
150 792 15
222 792 11
792 962 12
576 793 8
393 794 13
751 794 10
53 794 10
567 794 9
516 794 12
701 794 13
620 795 11
280 795 14
698 795 9
796 841 11
539 796 8
616 796 11
502 796 9
427 797 13
708 797 16
560 798 11
562 798 7
713 798 10
83 799 9
758 799 12
412 800 13
778 800 14
198 800 12
290 800 7
801 952 11
349 801 8
568 802 11
793 802 11
624 802 10
109 803 13
130 803 13
656 804 12
804 856 11
304 804 9
630 805 7
189 805 13
785 805 13
235 806 8
806 962 10
721 806 11
308 807 17
100 807 11
808 832 11
321 808 10
809 973 12
378 810 9
94 810 9
647 811 10
372 811 10
806 812 7
607 812 13
808 812 10
274 812 14
813 814 14
708 813 16
644 814 12
209 814 11
12 815 16
589 815 11
438 816 12
464 816 9
703 816 10
501 817 10
178 817 10
281 817 7
47 818 11
159 818 12
755 818 7
761 818 7
268 819 11
819 862 12
819 941 12
295 819 9
427 820 8
605 820 10
228 821 8
536 821 10
821 897 13
155 822 11
822 865 15
527 822 9
284 823 9
751 823 13
453 823 12
745 824 7
96 824 14
596 825 10
532 825 13
492 826 13
471 826 9
636 826 12
826 883 9
827 991 10
121 827 10
132 828 8
500 828 8
198 828 11
403 829 5
281 829 8
243 829 13
494 829 14
816 830 8
818 830 9
453 831 11
316 831 7
832 886 10
319 832 12
832 905 9
215 833 9
190 833 11
9 833 14
570 834 14
528 834 10
515 834 12
606 834 12
525 835 10
322 835 10
835 847 11
740 836 11
135 836 9
127 836 10
623 836 10
225 837 10
518 837 12
364 838 10
347 839 11
640 839 12
152 839 10
195 840 15
412 840 13
17 840 7
27 841 11
841 970 10
608 841 9
841 875 13
559 842 10
293 842 9
416 842 14
817 842 7
90 843 12
447 843 6
843 937 12
30 843 12
703 844 9
844 981 9
545 844 11
372 845 13
476 845 14
838 846 10
185 846 12
15 846 10
632 846 16
143 847 16
190 847 10
847 934 7
787 848 12
790 848 13
849 982 9
624 849 6
782 849 12
849 978 11
850 913 10
454 850 9
357 850 13
251 850 11
426 851 10
851 936 12
25 851 8
772 852 10
520 852 11
130 852 12
324 853 9
698 853 11
833 854 12
854 886 11
855 991 11
824 855 8
91 855 12
154 856 11
363 856 12
413 856 13
856 913 9
378 857 10
505 857 9
756 857 7
602 858 12
851 858 7
533 858 9
506 859 10
573 859 11
534 860 10
401 860 10
861 930 8
365 861 8
536 861 12
671 861 11
502 862 5
835 862 12
730 863 8
469 863 9
863 952 10
634 863 9
69 864 9
717 864 10
152 864 12
824 865 7
118 865 9
577 866 13
645 866 10
781 866 13
458 866 10
185 867 7
422 867 14
867 952 8
585 867 12
351 868 10
71 868 9
705 869 10
277 869 10
869 997 11
869 938 9
852 870 8
234 870 7
2 871 12
325 872 11
97 872 10
847 873 9
524 873 11
792 874 12
658 874 13
364 874 8
875 990 10
876 997 12
819 876 10
745 876 12
58 877 10
409 877 7
143 877 8
461 877 11
813 877 12
324 878 6
18 878 13
648 879 14
879 993 11
67 879 12
267 880 12
64 880 8
736 881 7
881 901 11
709 881 11
694 881 11
882 927 13
209 882 15
821 882 8
846 883 13
313 883 11
647 884 11
884 995 7
564 885 11
582 885 7
811 886 12
724 886 11
814 887 10
20 887 11
689 887 10
186 888 10
878 889 9
90 889 12
186 889 10
106 890 8
9 890 10
279 890 10
347 890 11
860 891 11
775 891 9
580 891 8
316 892 8
627 892 10
419 892 11
849 893 10
893 947 10
174 893 10
342 894 9
585 894 11
832 894 9
768 895 10
865 895 10
414 895 9
185 896 11
61 896 15
129 896 12
897 953 13
486 897 11
317 897 10
730 897 12
80 897 10
735 898 9
220 898 11
62 898 10
753 898 9
377 898 11
340 899 11
899 956 10
320 899 14
733 900 11
549 900 11
556 900 10
553 901 13
798 901 12
742 901 13
800 901 11
36 902 9
59 902 9
876 902 10
903 947 12
137 903 11
609 904 9
607 904 11
129 904 10
330 905 9
222 905 12
488 905 11
884 905 10
799 906 12
14 906 10
886 907 9
261 907 11
658 907 10
907 922 15
116 908 10
481 908 9
762 908 10
356 909 8
517 909 10
827 909 8
772 909 10
910 951 11
871 910 10
83 910 8
335 910 13
596 911 9
720 911 10
424 911 14
747 912 12
349 912 9
533 912 10
269 913 4
622 913 11
913 977 9
743 913 10
797 914 10
244 914 7
506 914 5
685 914 13
136 915 10
312 915 10
875 915 7
30 915 9
795 916 11
543 916 12
0 916 11
403 917 12
126 917 13
313 917 11
144 917 10
617 918 8
627 918 11
149 918 11
523 918 10
488 918 12
620 919 11
135 919 12
597 920 9
262 920 12
920 942 12
889 921 10
301 921 8
719 922 11
191 922 12
833 923 11
154 923 10
773 924 10
832 924 7
924 945 10
195 925 10
241 925 11
536 925 11
337 926 11
827 927 10
353 927 13
95 927 11
258 928 12
755 928 9
346 928 7
472 928 12
361 929 9
167 929 11
329 929 10
156 929 10
31 930 14
524 931 11
309 931 10
234 931 10
616 931 12
556 931 10
559 932 10
3 932 7
129 932 10
53 932 11
403 933 11
67 934 11
484 934 11
897 934 13
305 934 9
120 935 9
458 935 10
936 986 12
874 936 8
92 936 8
234 937 7
771 937 11
69 938 7
223 938 12
619 938 14
402 939 9
939 973 12
627 940 9
918 940 16
778 940 10
225 940 10
175 941 13
866 941 10
883 941 9
210 942 9
56 942 12
600 942 11
97 943 10
84 944 13
944 996 9
279 944 14
541 944 11
936 945 10
268 945 10
843 945 7
658 945 8
946 980 13
51 946 9
552 946 4
606 946 10
947 980 11
884 947 13
945 948 10
348 948 9
948 985 10
785 949 10
364 949 10
45 949 10
562 950 6
586 950 9
748 950 11
263 951 10
100 951 8
83 951 7
7 951 8
702 952 11
709 952 10
198 952 10
685 953 11
254 953 9
30 953 11
234 953 9
388 954 11
877 955 13
283 955 10
519 956 15
570 956 12
513 957 9
396 957 10
39 958 10
871 958 8
542 958 9
710 958 11
948 959 15
30 959 10
574 960 14
758 960 11
135 960 11
805 961 13
246 961 12
437 961 10
655 961 12
359 961 11
238 962 10
134 962 10
698 963 9
935 963 13
927 963 12
891 964 12
731 964 12
431 964 10
192 964 10
928 965 10
330 965 8
748 965 12
375 965 10
807 966 10
873 966 10
689 966 11
42 967 14
806 967 8
863 967 8
371 968 13
402 968 13
508 968 9
677 969 13
925 969 9
196 969 10
177 969 10
170 969 13
210 969 7
194 970 10
736 970 11
728 971 10
562 971 11
160 971 8
339 972 10
379 972 13
610 973 10
358 973 11
772 973 10
168 974 16
700 974 6
871 974 12
176 975 13
538 975 11
290 976 9
499 976 12
886 977 12
917 977 10
810 977 11
667 978 10
859 978 11
874 978 11
183 979 8
782 979 7
243 979 10
261 979 12
539 980 8
186 980 12
92 981 10
173 981 12
909 981 12
799 981 14
873 982 8
311 982 9
652 982 10
983 984 9
259 983 6
586 983 9
948 984 12
671 984 10
389 985 12
40 985 13
617 985 10
596 986 8
300 986 10
238 986 9
452 987 9
632 987 12
79 987 8
135 988 12
452 988 8
772 988 13
740 989 11
351 989 11
971 989 12
909 990 10
454 990 9
237 990 11
153 990 13
81 991 11
275 991 10
252 992 14
486 992 12
533 992 10
535 992 12
76 993 9
480 993 8
644 994 7
737 995 12
456 995 13
41 995 10
202 995 15
86 996 11
700 996 13
24 996 16
686 997 9
492 997 12
28 997 13
896 998 13
443 998 12
79 999 9
430 999 11
72 999 9
