100
0
9
2
7
7
5
8
7
10
10
3
6
3
7
3
7
5
3
10
8
2
9
6
9
7
8
8
8
4
7
3
8
4
5
6
5
3
2
10
4
1
1
6
2
1
10
8
3
5
2
10
9
2
7
7
7
5
9
2
5
6
3
9
7
7
5
7
3
5
6
3
7
2
10
6
9
9
5
9
8
7
3
3
2
5
10
9
9
7
8
10
3
7
10
9
5
2
5
4
6
0 69 9
0 37 12
1 53 12
1 44 9
2 5 12
2 35 10
3 51 13
3 49 14
3 18 12
4 87 9
4 8 8
4 50 13
4 90 7
5 64 9
5 57 10
5 84 9
0 6 10
7 95 11
7 89 7
7 37 9
8 45 9
8 70 9
8 71 11
8 66 10
8 17 9
9 58 8
9 16 11
9 66 9
10 17 9
10 40 12
11 61 10
11 17 7
11 56 11
12 76 12
12 30 9
7 13 13
13 74 11
13 86 8
14 31 8
14 53 11
14 38 7
15 82 12
12 15 6
16 36 10
17 94 10
17 40 9
17 36 11
17 89 13
17 84 13
18 96 13
7 18 11
18 80 7
18 62 9
19 28 9
20 40 8
20 69 12
1 20 12
21 99 8
21 75 11
21 60 11
15 22 9
22 77 11
22 67 14
23 93 9
21 23 9
23 65 13
13 24 11
24 36 11
24 47 11
24 51 10
25 67 7
11 25 11
25 46 8
25 66 15
25 75 8
26 41 9
26 43 15
26 84 15
27 39 12
28 60 11
28 50 12
15 28 11
29 61 9
29 36 13
21 29 9
11 29 11
30 58 10
30 47 11
31 43 12
2 31 9
31 55 12
8 31 12
24 32 9
32 84 12
32 64 8
33 71 13
14 33 10
34 82 12
34 97 6
34 88 10
35 98 10
35 50 9
30 35 10
35 95 8
36 39 11
22 36 6
36 72 11
37 39 10
37 60 11
37 89 10
4 38 10
21 38 13
38 53 12
38 78 10
39 51 14
14 39 13
30 39 12
40 56 11
0 40 9
40 83 14
9 41 15
41 78 7
32 41 13
42 80 14
42 48 14
42 86 12
19 43 8
6 43 11
38 43 14
1 43 11
16 44 10
44 65 11
44 54 13
45 65 10
46 71 11
46 58 7
47 86 7
1 47 10
48 61 11
48 55 10
41 48 13
7 49 10
46 49 10
50 88 11
50 77 13
36 50 11
8 51 10
52 86 11
1 52 9
52 78 11
52 62 11
53 83 12
53 70 8
54 93 9
49 54 11
47 55 9
55 93 10
27 56 10
56 87 10
56 91 11
40 57 10
57 62 12
41 57 11
32 58 10
58 85 11
47 58 13
59 87 8
59 67 11
56 59 9
35 60 10
48 60 9
60 79 11
61 90 11
60 61 14
61 96 11
49 62 11
15 62 9
62 77 12
9 62 7
63 69 15
39 63 12
63 90 14
25 64 7
64 89 7
51 65 12
11 65 14
65 94 10
37 65 11
24 65 10
66 75 12
66 97 13
26 66 12
64 67 12
67 89 10
68 86 8
63 68 13
2 69 11
14 69 7
21 70 8
33 70 12
55 71 8
40 71 9
9 71 11
22 71 12
11 72 14
72 74 11
66 72 10
44 72 13
53 73 9
65 73 14
56 73 9
7 74 10
46 74 8
38 75 12
75 83 8
75 79 10
5 75 10
40 76 13
28 76 13
70 76 8
64 76 13
77 79 10
77 99 12
68 77 14
78 83 16
55 78 12
5 79 10
64 79 15
79 88 9
19 79 11
80 94 10
81 89 10
61 81 13
78 81 13
81 93 10
62 81 7
46 82 8
82 95 11
38 83 13
39 83 9
60 84 11
84 94 9
0 84 9
35 85 11
75 85 12
85 97 11
46 85 11
17 86 8
59 86 7
58 86 10
84 87 8
34 87 9
87 93 8
65 88 14
80 88 14
68 88 10
18 88 10
34 89 10
89 93 9
8 90 9
31 90 9
90 98 11
9 91 13
83 91 9
68 91 10
91 99 9
45 92 11
18 92 10
57 93 12
30 94 9
87 94 12
42 94 13
54 94 14
47 95 6
74 95 11
76 95 10
54 95 7
16 96 9
7 96 9
47 96 8
73 96 14
74 96 14
91 97 8
0 97 8
58 97 10
86 97 11
68 97 11
22 98 10
92 98 10
33 98 9
12 98 11
79 99 7
82 99 12
94 99 8
66 99 13
