100
0
6
6
6
1
6
6
2
6
8
3
4
6
9
5
4
7
7
6
9
4
8
6
6
10
3
10
5
3
9
3
9
2
3
2
7
8
7
5
6
2
5
3
2
3
6
9
6
5
8
2
10
5
6
8
4
3
5
6
2
1
5
3
7
3
8
2
2
6
7
2
5
4
3
1
7
9
6
9
5
6
9
8
10
6
3
2
6
5
9
1
10
9
6
2
2
4
3
9
2
0 86 10
0 89 13
0 79 9
0 56 14
0 27 9
0 17 11
0 32 9
0 94 13
0 78 5
0 71 13
1 26 10
1 97 9
1 73 10
1 58 10
1 29 9
1 30 7
1 80 10
1 77 11
1 85 12
2 95 10
2 66 7
2 38 8
2 72 9
2 88 13
2 26 11
2 85 10
2 23 12
1 2 10
3 54 13
3 26 14
3 25 10
2 3 12
3 32 11
3 66 13
3 38 9
3 82 12
3 31 9
3 34 13
4 50 11
4 32 12
4 72 12
4 92 8
4 17 8
4 87 9
4 5 8
4 30 8
4 98 7
4 46 9
5 8 12
5 27 7
5 46 10
5 62 12
5 67 13
5 94 10
5 45 12
5 21 14
0 5 7
5 15 12
6 95 10
6 21 11
6 14 10
6 77 14
6 44 10
6 30 7
6 43 15
6 82 11
6 98 13
7 84 7
7 96 10
7 11 9
7 8 9
6 7 12
0 7 14
2 7 9
7 28 11
7 98 10
8 48 10
8 43 6
8 69 12
8 88 8
8 28 10
8 17 8
8 50 11
8 49 9
8 80 10
8 9 11
9 55 11
1 9 12
9 82 12
9 54 13
9 84 13
3 9 11
9 12 9
9 35 9
9 21 9
9 76 13
9 43 14
10 99 8
3 10 11
10 98 9
10 43 12
10 12 9
10 36 12
8 10 12
10 77 13
10 40 11
10 67 14
11 64 11
2 11 10
3 11 11
11 83 8
1 11 14
11 92 11
11 67 10
5 11 10
11 70 12
11 14 11
12 76 10
12 75 6
12 88 13
12 45 9
12 78 11
12 29 13
12 50 11
12 69 10
12 13 7
12 66 9
12 99 10
13 30 11
13 89 12
13 62 12
13 20 17
13 88 10
13 73 10
13 40 13
13 19 8
13 59 13
8 13 14
13 91 7
14 52 9
14 78 15
14 41 8
14 40 11
14 86 12
1 14 11
14 49 13
14 36 6
14 88 6
0 14 9
7 15 12
15 23 12
15 50 8
15 80 9
15 68 10
6 15 9
15 70 10
15 76 13
15 33 11
15 95 10
16 21 10
16 81 9
16 24 10
16 86 14
16 97 7
5 16 12
16 82 10
16 87 10
16 57 13
17 93 12
17 75 10
17 32 12
11 17 13
17 23 11
17 58 9
17 69 14
13 17 13
17 27 11
17 28 10
18 47 12
18 95 10
18 82 9
2 18 11
18 93 10
18 30 13
18 56 11
18 98 12
19 80 7
19 63 10
19 95 13
19 85 13
12 19 7
19 53 11
1 19 8
19 66 7
19 30 13
19 44 10
2 20 13
20 32 8
20 87 10
20 86 15
18 20 14
20 72 12
20 38 13
20 28 10
20 22 9
20 29 10
21 72 6
10 21 8
21 31 9
21 66 9
21 53 12
21 41 13
21 30 8
21 47 11
18 21 12
21 44 14
13 21 12
22 45 11
22 44 10
22 42 9
22 77 12
22 48 12
19 22 13
22 81 7
22 25 13
22 58 11
6 22 13
23 46 13
23 92 14
0 23 11
23 55 10
20 23 13
23 57 6
23 48 12
23 41 8
7 23 9
23 69 13
24 32 9
24 62 10
24 40 12
24 48 8
24 84 7
24 73 7
24 88 9
24 25 12
14 24 11
15 24 12
1 24 12
25 50 11
21 25 10
25 65 12
25 74 9
25 84 6
25 76 9
25 63 13
5 25 14
25 83 16
25 78 10
26 92 11
7 26 8
26 29 9
26 50 11
12 26 10
26 62 12
11 26 8
26 81 12
4 26 9
27 83 9
18 27 7
24 27 12
27 96 10
25 27 9
27 91 10
27 82 14
27 36 14
27 45 11
15 28 8
28 67 11
28 87 8
12 28 8
9 28 11
28 35 9
10 28 14
5 28 8
28 57 13
28 41 10
29 54 10
29 65 8
29 90 13
29 37 9
29 93 11
4 29 11
29 86 11
29 83 11
23 29 11
2 29 9
30 41 10
30 62 12
30 56 13
30 73 11
5 30 9
27 30 8
30 96 8
30 46 10
30 32 6
30 80 11
31 66 9
10 31 13
31 42 16
31 45 12
31 99 12
25 31 13
31 34 9
31 63 11
23 31 9
32 70 11
32 34 12
7 32 13
32 81 8
22 32 11
32 51 14
32 80 13
12 32 11
32 54 8
32 49 12
32 41 11
33 86 11
33 71 11
33 90 14
2 33 11
33 82 8
16 33 14
0 33 10
33 75 10
33 77 7
18 33 9
33 95 9
33 34 11
34 68 12
34 69 9
24 34 11
34 44 9
34 73 12
34 59 8
34 79 10
34 38 14
23 35 14
35 71 9
22 35 11
0 35 10
35 78 14
35 50 10
35 83 9
35 82 14
35 48 14
30 35 10
35 57 13
36 71 10
3 36 8
32 36 10
11 36 9
7 36 12
36 57 10
36 98 10
36 43 10
36 46 12
26 37 10
2 37 12
35 37 12
37 54 11
37 42 8
37 80 8
37 58 14
37 99 10
37 50 11
37 67 8
14 38 10
38 94 13
9 38 9
38 95 10
38 96 10
4 38 9
38 80 8
38 59 12
38 72 12
38 71 10
29 38 11
39 94 12
31 39 12
37 39 9
11 39 13
39 75 11
32 39 8
39 97 8
39 84 11
25 39 7
29 40 12
40 73 14
39 40 13
40 89 11
40 71 8
40 57 11
40 78 10
25 40 10
40 90 8
7 40 8
38 41 10
41 89 12
34 41 9
41 63 13
41 74 10
15 41 14
10 41 10
41 60 10
41 68 11
42 57 12
3 42 12
15 42 10
13 42 6
42 64 9
42 80 8
42 53 13
6 42 14
30 42 9
18 42 9
35 43 11
25 43 11
43 97 11
43 60 8
43 61 10
43 91 11
7 43 13
43 94 13
43 95 12
38 44 6
44 91 11
44 90 10
25 44 13
44 85 10
44 94 9
3 44 11
11 44 11
44 98 7
44 86 13
45 71 12
45 48 13
9 45 8
45 62 11
24 45 13
45 64 9
13 45 8
45 82 11
45 77 12
45 65 9
46 57 8
42 46 8
33 46 12
46 60 10
46 84 12
25 46 7
10 46 10
45 46 7
27 46 11
46 93 12
22 47 8
47 87 7
47 53 12
47 60 12
5 47 10
47 82 7
47 70 8
47 88 13
0 47 12
16 48 11
43 48 7
20 48 8
48 72 9
19 48 7
29 48 6
21 48 12
48 50 14
44 48 11
49 61 8
42 49 7
49 55 14
9 49 12
33 49 13
49 90 9
49 96 8
46 49 5
26 49 10
39 49 11
40 49 6
36 49 11
50 71 12
50 92 9
19 50 13
50 61 14
6 50 11
41 50 13
49 50 9
50 88 7
50 51 11
50 65 14
16 50 13
4 51 11
44 51 9
30 51 11
22 51 7
51 58 11
40 51 11
42 51 11
51 59 9
51 99 13
21 52 11
30 52 15
52 96 6
27 52 10
37 52 15
52 91 8
52 86 13
52 61 12
53 80 7
53 67 11
53 85 7
44 53 11
32 53 8
53 92 11
53 98 9
5 53 13
24 53 10
54 67 9
45 54 10
28 54 15
54 90 9
54 63 8
5 54 10
54 83 7
35 54 11
54 75 12
34 54 11
8 55 16
55 93 10
55 89 11
27 55 13
43 55 10
44 55 11
21 55 8
55 70 10
10 55 8
36 55 11
13 56 11
9 56 10
22 56 13
4 56 5
1 56 10
14 56 12
56 59 13
56 97 10
56 95 10
56 91 12
53 56 10
47 57 12
57 83 9
15 57 13
22 57 11
38 57 8
57 89 13
57 96 9
29 57 9
5 57 11
1 57 10
57 81 11
6 58 12
58 65 9
32 58 10
49 58 12
58 95 12
55 58 10
34 58 10
58 74 9
38 58 10
44 58 9
59 74 12
10 59 12
14 59 12
59 79 12
1 59 11
46 59 10
11 59 16
24 59 9
59 90 11
59 97 12
33 59 10
55 60 13
48 60 13
60 85 14
11 60 9
60 84 10
17 60 11
6 60 13
60 71 10
60 62 11
49 60 9
35 61 9
48 61 13
61 71 12
61 86 11
51 61 14
61 67 9
61 92 13
61 98 10
39 61 12
61 63 12
62 83 9
40 62 11
62 93 9
48 62 15
41 62 8
18 62 10
62 65 12
23 62 10
17 62 12
46 63 13
63 97 8
53 63 10
30 63 12
42 63 10
21 63 16
36 63 9
47 63 7
43 63 11
35 63 12
51 63 10
53 64 11
13 64 11
37 64 12
64 75 9
12 64 9
64 78 13
8 64 12
64 83 13
10 64 6
3 64 10
12 65 10
65 72 11
33 65 10
41 65 11
4 65 12
65 79 12
15 65 10
37 65 12
61 65 9
65 97 11
61 66 11
16 66 9
43 66 10
41 66 9
7 66 10
28 66 11
66 96 9
35 66 13
66 86 12
66 72 9
67 88 10
14 67 11
40 67 11
67 80 7
67 73 12
35 67 13
27 67 8
66 67 8
7 67 8
58 67 13
3 68 14
68 72 12
68 79 10
7 68 9
32 68 11
68 98 16
24 68 10
22 68 11
68 87 7
31 68 11
31 69 10
56 69 11
37 69 11
55 69 9
3 69 9
35 69 10
69 78 8
63 69 11
69 92 9
14 69 10
58 69 9
60 69 13
23 70 12
70 90 12
70 97 9
70 82 10
70 80 13
4 70 9
70 76 11
56 70 11
65 70 12
10 70 10
47 71 10
69 71 10
26 71 9
24 71 12
71 84 13
70 71 10
71 91 14
48 71 12
39 72 11
12 72 11
27 72 11
72 93 10
54 72 13
46 72 10
60 72 13
35 72 11
32 72 9
6 72 9
71 73 13
61 73 9
47 73 9
27 73 10
54 73 12
73 82 10
73 81 8
22 73 11
23 73 7
51 73 10
11 73 11
19 73 7
69 74 10
65 74 11
74 89 10
68 74 9
40 74 12
74 98 12
56 74 14
54 74 9
74 75 10
12 74 12
71 74 10
20 75 11
52 75 10
70 75 12
36 75 10
75 86 7
41 75 10
75 92 11
56 75 12
30 75 9
75 98 14
31 76 8
71 76 13
44 76 8
26 76 8
2 76 10
0 76 8
72 76 9
21 76 12
76 79 8
30 76 10
77 93 12
59 77 11
21 77 11
65 77 9
77 83 8
24 77 9
74 77 12
61 77 10
55 77 12
51 77 11
1 78 12
36 78 11
42 78 8
78 88 9
78 81 13
51 78 13
53 78 10
2 78 13
37 78 11
49 79 13
29 79 11
79 83 12
75 79 12
1 79 11
79 82 9
12 79 9
21 79 7
79 84 12
79 97 12
77 79 10
64 80 12
34 80 7
80 85 8
80 90 13
60 80 8
57 80 8
5 80 8
23 80 9
11 81 12
81 85 10
9 81 12
30 81 13
81 90 10
38 81 9
10 81 11
76 81 8
61 81 10
46 81 9
31 82 11
14 82 9
78 82 9
29 82 11
82 84 7
82 91 5
60 82 11
60 83 12
10 83 12
16 83 5
73 83 10
83 98 11
75 83 11
30 83 10
28 83 10
83 85 9
83 86 10
57 84 12
68 84 6
15 84 10
47 84 10
26 84 10
17 84 14
65 84 11
84 93 7
58 84 13
27 84 14
14 84 6
36 85 10
8 85 9
85 97 11
12 85 13
46 85 12
10 85 12
70 85 11
85 91 12
63 85 9
45 86 11
86 90 7
86 88 11
12 86 11
81 86 11
77 86 13
3 86 12
43 86 13
64 86 15
5 86 8
2 87 11
42 87 13
70 87 9
29 87 13
87 92 7
41 87 12
77 87 9
9 87 11
34 87 8
87 98 10
40 88 11
63 88 13
18 88 10
82 88 14
37 88 11
85 88 10
46 88 11
88 93 8
59 88 11
70 89 13
11 89 10
54 89 10
73 89 10
76 89 11
72 89 8
44 89 11
52 89 9
82 89 12
17 89 6
60 89 13
39 90 10
34 90 10
87 90 10
22 90 10
52 90 9
64 90 11
90 96 9
88 90 11
48 90 10
47 90 9
55 91 12
18 91 8
33 91 11
46 91 10
64 91 10
83 91 11
34 91 9
38 91 8
19 91 10
2 91 11
26 91 12
20 92 8
47 92 9
91 92 10
31 92 10
35 92 10
54 92 10
6 92 12
51 92 11
42 92 10
76 92 9
92 93 13
68 93 10
39 93 11
58 93 11
93 94 9
74 93 11
22 93 11
41 93 8
36 93 10
64 93 7
51 94 15
15 94 13
14 94 13
23 94 7
63 94 13
20 94 11
81 94 10
62 94 11
37 94 9
9 95 10
74 95 10
8 95 10
70 95 11
59 95 11
90 95 7
93 95 14
0 95 11
66 95 10
30 95 11
89 96 11
79 96 10
18 96 10
0 96 14
19 96 10
13 96 9
23 96 11
31 96 14
33 96 7
67 97 11
26 97 17
28 97 10
23 97 10
38 97 10
73 97 9
7 97 11
45 97 10
57 97 10
85 98 11
29 98 13
69 98 8
47 98 9
5 98 9
17 98 10
81 98 12
16 98 13
3 98 12
70 98 11
92 98 8
18 99 12
48 99 15
42 99 12
1 99 10
47 99 9
80 99 11
65 99 15
96 99 11
71 99 10
38 99 11
