1000
0
4
8
8
3
1
9
1
5
5
5
1
5
4
9
4
2
8
2
6
5
3
3
8
2
4
2
10
9
6
9
6
7
5
4
3
8
5
7
4
9
10
6
5
5
6
5
6
9
5
8
5
4
6
5
7
3
8
7
1
7
4
3
8
8
8
7
7
8
2
2
3
7
6
8
3
4
2
5
1
8
2
2
2
2
3
4
7
10
9
5
2
4
6
7
6
4
1
5
3
5
9
4
5
8
4
5
8
7
3
7
7
8
6
3
3
2
3
7
10
3
2
2
6
2
8
8
9
5
2
6
4
1
3
8
10
5
4
6
9
4
2
8
8
7
9
7
8
6
2
9
3
2
4
1
6
1
9
7
8
2
7
5
9
1
3
10
7
3
4
6
1
5
9
5
5
3
9
2
9
3
6
4
6
6
1
3
2
9
9
1
9
10
8
7
4
5
4
4
4
8
6
7
9
3
2
6
9
6
6
8
5
4
5
2
3
8
4
8
7
4
8
3
8
2
2
3
10
4
1
4
4
7
8
4
9
6
4
4
1
4
6
3
4
8
5
9
1
1
5
5
2
7
4
9
7
9
5
7
5
10
6
4
6
9
9
9
7
10
4
5
9
1
4
8
8
10
4
3
4
6
7
9
5
3
2
9
4
4
6
7
10
7
4
7
9
2
4
2
8
10
6
3
7
8
9
7
4
2
7
2
4
9
6
10
6
10
6
5
5
6
9
6
3
5
8
5
5
1
10
4
8
2
7
8
2
4
7
8
9
3
9
6
1
1
2
4
7
6
4
4
9
5
6
3
3
2
6
9
5
7
3
8
3
6
5
2
4
9
3
6
9
8
5
7
5
3
3
2
10
4
7
9
2
3
5
4
3
9
1
4
2
3
9
5
3
6
3
5
10
5
5
5
8
5
4
6
5
3
6
5
6
2
4
6
3
8
4
8
7
2
2
1
5
9
3
3
5
9
7
3
5
6
2
10
9
3
8
4
9
9
4
6
9
3
5
6
2
2
7
2
2
5
9
1
8
8
7
9
9
8
3
6
8
2
4
2
7
6
8
3
5
6
8
4
3
3
5
8
4
9
9
3
5
4
8
5
4
2
5
2
5
9
2
3
7
4
4
3
1
3
7
1
7
6
3
7
2
4
1
8
7
3
4
4
7
8
4
9
9
9
2
6
10
6
2
3
5
5
3
8
2
6
2
7
4
1
2
9
3
8
5
2
6
5
6
10
4
5
1
5
5
7
5
4
9
5
4
7
7
2
1
9
8
2
1
7
2
7
4
2
6
4
4
9
6
2
7
3
3
8
1
3
9
2
4
4
9
4
10
6
2
4
9
3
2
5
2
4
9
5
6
2
2
5
8
3
10
4
6
9
3
5
4
6
2
2
4
4
10
4
9
7
9
8
3
3
6
6
10
5
6
4
3
1
8
5
3
1
6
9
6
4
2
4
6
10
6
5
9
7
8
7
2
8
5
5
7
9
10
8
9
5
4
7
2
6
6
5
4
9
1
5
9
9
8
3
6
9
1
8
9
3
8
9
6
5
1
10
6
7
5
5
10
7
1
9
9
9
7
10
1
2
6
2
3
7
2
7
10
4
2
5
6
2
3
7
6
8
8
5
6
7
7
8
2
3
10
5
9
4
2
10
2
3
2
7
5
1
3
8
6
2
1
8
10
4
5
3
7
7
4
9
5
7
8
7
10
8
4
3
6
5
1
3
7
8
2
9
9
3
1
2
1
7
6
9
9
6
1
9
6
3
9
6
8
3
6
5
1
5
8
7
7
10
3
9
7
4
3
3
7
7
4
3
3
6
6
1
9
1
9
2
2
3
2
10
7
7
2
5
4
5
3
10
10
9
5
9
3
9
3
3
2
2
10
4
10
2
2
9
5
1
6
9
3
8
9
6
9
8
7
5
1
6
9
3
7
3
8
2
2
1
4
8
8
6
3
7
1
9
4
10
7
4
7
2
10
5
2
9
5
10
6
4
6
3
7
6
6
9
5
9
6
10
7
8
3
7
10
2
6
9
9
9
1
3
2
9
1
4
5
7
6
2
6
3
6
7
10
4
8
3
9
8
6
6
2
8
4
2
5
9
6
8
7
5
5
10
6
5
5
7
4
1
6
4
8
2
10
6
8
3
9
5
2
5
4
10
3
4
5
3
3
5
6
10
3
8
8
4
2
4
7
10
8
3
3
9
3
7
6
4
3
5
8
6
4
10
1
2
5
4
10
2
9
7
6
2
3
0 268 11
0 788 8
1 575 12
2 556 14
2 642 9
3 386 13
3 967 10
3 460 13
4 315 9
0 4 6
4 235 13
5 112 8
5 34 9
5 698 10
5 664 11
5 830 11
6 672 10
6 506 11
7 216 11
7 830 12
8 899 9
8 564 14
8 618 13
8 417 13
8 214 10
9 990 10
9 376 9
9 591 11
10 321 10
10 703 12
11 359 10
11 463 10
11 723 11
12 224 10
12 32 13
12 589 10
13 975 7
13 661 14
14 669 5
14 448 12
15 908 9
15 834 11
15 757 5
16 445 13
16 860 13
17 205 8
17 91 11
17 898 6
18 340 13
18 637 11
18 309 11
18 220 8
18 546 9
19 62 12
19 265 7
19 966 13
19 117 13
20 749 11
20 976 8
20 153 10
21 910 10
21 751 8
21 339 11
21 524 10
21 370 11
21 515 10
22 436 10
22 591 14
23 873 12
23 841 7
23 610 10
23 98 13
24 207 8
24 742 8
24 146 10
25 488 11
25 649 9
25 540 11
25 643 12
26 582 12
26 168 9
27 578 9
27 395 9
27 536 9
28 450 10
28 365 11
28 302 13
29 353 11
29 620 13
29 403 11
29 277 11
30 955 9
30 91 11
31 908 10
31 256 10
31 314 11
32 399 10
33 214 10
33 976 10
33 765 12
34 462 12
18 34 9
34 201 14
35 798 11
35 194 11
35 368 10
35 338 10
35 947 9
36 647 6
36 128 11
36 217 13
37 999 9
37 627 13
38 643 9
38 621 12
39 272 11
39 297 8
39 210 13
39 777 10
22 40 9
40 731 14
40 470 13
40 234 13
41 729 11
41 296 13
41 424 12
42 833 8
42 335 10
43 850 10
43 928 11
44 625 10
44 167 9
44 169 14
44 814 12
45 128 10
45 751 13
45 941 9
46 498 13
31 46 8
46 480 12
47 405 13
47 265 10
48 191 13
48 281 4
48 839 10
49 89 12
49 488 12
49 179 7
50 586 8
50 554 12
50 207 9
50 816 11
22 51 10
51 931 11
52 869 9
52 617 8
52 432 7
53 420 10
53 490 12
53 652 10
54 360 10
54 559 8
54 512 8
55 359 13
55 71 9
55 88 9
55 597 11
56 603 12
56 558 13
56 331 13
57 768 11
57 146 11
57 472 13
58 960 10
58 629 8
58 764 9
59 973 13
59 157 10
59 324 8
60 695 9
61 222 9
61 746 8
61 922 11
62 784 10
62 748 13
62 709 13
62 386 11
63 785 11
63 832 11
63 817 15
63 840 12
64 484 10
64 377 12
64 889 9
64 329 10
64 373 10
2 65 10
65 164 8
65 484 8
46 65 10
66 652 10
66 73 8
67 990 9
67 107 9
68 367 12
68 978 10
68 991 11
68 985 11
69 429 13
70 897 10
70 244 11
70 747 11
71 595 14
71 755 13
33 71 12
71 994 11
71 259 9
72 734 14
72 478 10
36 72 8
73 576 10
50 73 10
73 702 11
73 454 10
74 248 13
74 823 10
74 306 13
75 577 11
76 438 8
76 870 12
76 849 11
77 551 12
77 834 12
77 370 11
77 289 9
78 987 10
78 154 12
78 775 9
79 216 12
79 995 9
79 793 9
80 780 12
80 786 11
80 457 9
81 916 7
81 849 9
82 478 9
82 914 9
82 511 10
83 146 16
83 345 8
83 793 9
84 578 7
84 771 12
85 617 8
85 385 14
86 490 10
86 105 9
86 342 10
87 857 11
87 243 9
88 257 10
88 398 13
88 472 10
24 89 15
89 395 13
89 92 10
89 594 13
90 736 6
90 418 9
79 90 8
91 339 13
91 331 13
91 993 12
92 780 11
92 216 9
92 306 6
93 998 12
93 836 9
93 340 9
94 553 12
94 180 7
94 342 11
94 241 14
95 241 10
95 475 10
95 311 8
96 783 10
96 366 9
89 96 9
96 484 11
97 171 10
97 593 8
97 536 10
98 133 10
98 645 12
99 528 10
99 837 13
100 205 10
100 604 13
101 840 9
101 802 12
101 491 14
57 101 8
102 905 13
102 202 6
63 103 11
103 541 10
103 631 10
104 341 8
104 520 8
104 463 8
104 224 12
104 229 11
105 213 10
105 684 10
106 988 8
106 353 9
106 293 12
106 535 8
107 285 10
108 723 9
108 601 7
108 919 11
109 192 11
109 369 12
109 596 12
92 109 11
110 695 7
99 110 9
101 110 12
110 932 11
111 216 11
111 678 12
111 649 13
112 156 13
112 627 9
112 703 10
112 936 12
112 788 11
113 680 12
114 572 10
114 981 10
114 587 10
115 847 8
115 752 10
71 115 9
116 301 12
117 958 9
117 480 10
118 430 11
118 387 12
72 118 10
118 380 6
35 119 8
119 183 14
119 629 10
102 120 12
120 388 12
121 467 12
121 305 11
121 240 14
85 122 9
120 122 12
122 567 9
122 479 13
123 325 10
123 990 4
124 507 10
124 351 9
125 829 15
125 503 8
125 636 11
125 496 8
125 520 9
126 510 10
126 695 11
127 508 8
127 752 8
127 613 11
128 174 7
128 478 10
128 233 11
129 281 9
129 917 8
129 866 8
130 650 15
130 202 12
130 451 10
130 303 13
61 131 10
131 587 10
131 415 14
131 581 12
132 406 10
132 310 10
132 691 11
133 324 11
133 855 9
133 245 11
133 385 10
134 594 11
134 630 9
134 812 11
134 565 9
52 135 9
136 167 10
136 840 11
105 136 12
136 442 9
137 654 10
137 258 9
99 138 9
138 846 8
138 141 11
139 615 12
139 405 13
37 140 12
140 546 12
140 516 8
141 659 10
141 289 11
141 632 10
142 839 8
142 725 13
142 921 8
142 256 12
143 174 14
143 253 12
143 827 9
143 680 14
143 319 11
144 210 14
144 414 11
15 144 6
145 346 10
145 207 10
6 146 8
139 147 13
147 928 11
147 271 18
3 147 9
148 852 10
148 584 10
148 553 10
148 903 13
149 331 11
149 433 12
149 595 13
150 211 9
150 441 5
151 421 9
46 152 9
0 152 15
152 574 9
153 851 12
154 263 10
154 509 9
155 900 11
155 461 12
155 710 14
156 616 11
156 466 11
93 157 12
157 733 10
158 490 10
158 333 14
159 926 12
159 468 9
159 415 10
114 159 10
160 668 12
160 498 10
161 776 9
161 355 10
161 364 10
162 175 8
117 162 11
162 779 13
162 445 7
163 998 11
163 957 11
163 933 13
163 949 9
119 163 12
88 164 10
158 164 11
165 845 12
165 887 10
165 832 6
166 525 11
166 546 9
64 166 10
166 321 10
167 436 9
167 501 11
106 167 9
168 958 13
168 397 8
169 479 12
169 173 11
169 331 12
169 389 9
170 565 10
170 335 9
170 370 9
171 508 8
135 171 12
172 773 9
172 693 11
172 326 12
173 938 11
173 819 6
174 378 10
43 174 11
175 324 8
175 227 12
175 558 11
55 176 9
113 176 12
176 837 13
176 738 15
177 194 10
177 677 11
177 669 9
178 865 12
178 501 8
151 178 7
179 800 12
179 431 9
95 179 11
178 180 9
180 351 11
180 631 13
181 675 9
181 716 12
181 278 8
182 622 10
90 182 12
127 182 7
183 694 9
183 204 7
151 183 8
183 292 10
183 713 11
54 184 10
184 609 12
185 293 10
185 861 12
185 440 10
185 459 10
141 186 8
186 935 13
186 272 12
186 292 9
21 187 12
163 187 12
2 188 10
38 188 10
188 995 9
152 189 12
186 189 9
149 189 13
190 553 11
190 512 9
190 551 10
50 191 14
191 533 10
103 191 12
192 250 9
192 731 12
15 192 11
192 411 9
117 193 9
193 307 10
113 193 12
194 618 9
195 352 13
131 195 12
195 569 6
195 727 14
196 425 9
196 987 13
197 993 9
197 754 8
197 294 11
197 888 13
118 197 13
198 427 14
198 453 8
198 217 11
198 435 10
199 509 10
151 199 8
199 390 13
199 908 10
200 813 13
200 715 11
201 867 12
201 528 17
202 622 12
17 202 6
202 908 9
203 561 10
203 356 6
203 620 13
203 619 11
204 855 8
204 610 11
205 381 12
205 372 11
205 710 11
206 439 8
125 206 10
206 916 11
207 900 10
207 587 11
207 260 9
208 597 10
208 371 13
208 794 6
209 546 10
209 549 11
209 409 15
210 764 9
210 617 9
2 210 7
211 659 7
211 903 8
211 758 10
212 753 12
2 212 12
212 400 12
213 253 9
213 457 9
214 648 13
215 779 10
215 821 11
215 688 16
216 858 14
216 543 10
216 763 8
216 578 12
217 575 10
6 217 11
217 625 12
217 813 13
218 542 11
218 772 8
33 218 12
219 235 12
219 603 11
219 257 6
165 220 12
220 654 12
220 878 9
89 221 8
221 467 13
214 221 8
221 317 11
95 222 11
222 403 13
196 222 10
223 830 7
223 330 11
223 754 10
72 223 10
223 951 8
224 835 11
224 428 10
224 619 11
224 755 9
224 594 10
225 835 9
18 225 8
225 405 10
91 226 9
226 922 10
227 743 11
227 742 8
227 453 10
178 227 7
228 641 9
228 519 10
122 228 13
228 448 11
229 545 8
216 229 10
230 569 13
230 591 13
230 840 10
231 403 10
231 351 10
231 608 13
232 856 11
232 546 9
232 923 11
199 233 11
233 749 14
233 365 8
233 514 10
233 614 10
234 342 8
234 345 10
234 236 10
234 923 6
163 234 9
185 235 11
235 686 10
11 235 12
236 335 14
236 902 10
236 511 13
236 995 11
236 732 10
237 576 9
237 709 10
1 238 12
238 822 7
238 561 13
239 499 5
239 495 9
239 666 11
239 898 13
239 633 9
55 240 10
240 559 11
240 563 12
240 691 11
241 336 12
241 988 14
147 241 11
203 242 9
55 242 11
81 242 11
169 243 12
243 468 9
22 243 9
244 319 7
244 549 9
244 875 12
71 245 9
190 245 5
245 261 7
246 618 9
246 676 8
246 534 11
247 263 10
247 585 11
247 595 11
247 548 12
188 248 13
136 248 10
248 729 10
248 575 11
249 526 9
249 954 14
208 249 6
249 714 8
250 512 9
250 703 11
250 998 12
250 398 14
157 251 11
251 970 10
251 623 13
252 438 15
252 555 10
253 424 8
253 855 11
151 253 10
237 254 10
255 782 12
105 255 10
255 492 10
94 256 11
256 826 15
256 625 9
256 922 12
257 708 13
257 593 11
257 573 10
258 265 8
204 259 13
109 259 12
259 979 11
259 432 10
106 260 9
131 260 8
261 549 9
261 669 10
262 591 10
262 330 10
162 262 14
262 906 12
137 263 11
228 263 10
264 350 8
134 264 12
264 331 9
264 654 5
264 841 10
265 353 9
265 910 10
266 566 14
72 266 10
266 415 12
267 883 13
11 267 12
268 622 9
268 601 11
269 917 8
269 564 11
269 346 11
270 704 9
270 805 9
271 854 12
19 271 8
44 271 13
271 393 13
264 272 12
272 557 12
273 948 11
14 273 5
129 274 8
28 274 9
274 870 12
275 772 10
275 508 11
275 529 10
54 276 12
276 655 7
276 501 9
276 354 13
276 777 9
277 442 12
277 726 12
278 382 11
278 344 11
268 278 11
106 279 8
280 904 12
185 280 10
281 610 9
281 886 11
282 640 8
282 796 17
127 283 9
283 501 15
35 283 13
7 283 9
284 305 13
284 388 12
121 284 14
285 822 7
285 876 13
285 294 6
285 620 12
286 296 11
286 449 9
286 445 12
286 741 9
287 887 11
174 287 9
120 287 11
287 346 10
287 474 10
288 295 11
288 904 10
71 288 11
288 773 12
289 370 12
290 682 8
290 357 12
290 837 11
290 700 7
77 291 13
274 291 11
291 588 13
292 743 10
292 575 7
292 319 14
293 825 16
293 377 11
13 293 8
294 607 13
295 385 10
169 296 10
296 576 8
44 296 12
232 296 10
297 934 11
208 297 9
297 391 8
298 414 9
298 573 10
298 945 8
298 747 7
114 299 14
299 880 9
299 538 7
43 300 9
300 555 13
53 300 12
301 749 11
301 542 12
301 898 10
301 982 12
279 302 5
236 302 9
303 690 13
267 303 10
303 667 13
205 303 6
304 379 10
304 387 11
305 458 11
305 997 10
305 547 14
146 306 11
306 348 10
147 307 11
307 881 9
307 330 10
308 331 9
187 308 12
308 367 13
308 716 12
308 368 9
309 675 14
195 309 9
309 929 8
189 310 13
55 310 10
310 495 9
311 869 5
311 956 6
105 311 12
311 895 11
260 312 8
312 402 13
206 313 10
313 385 10
314 857 10
314 937 12
314 836 7
315 876 12
300 315 9
315 904 11
315 912 9
316 945 10
163 316 18
316 426 13
317 355 14
294 317 9
318 703 10
318 754 8
318 534 9
319 972 8
304 319 11
319 720 13
319 593 12
297 319 15
320 475 8
320 887 11
320 530 11
197 320 13
159 321 8
117 321 11
221 321 10
322 986 14
323 918 11
323 632 12
323 994 11
59 323 8
87 324 11
324 501 11
324 594 12
324 981 7
324 485 12
325 546 7
325 646 12
325 992 10
326 823 10
240 326 16
326 940 10
327 643 11
13 327 11
94 328 11
328 520 11
328 566 13
328 367 10
165 329 10
329 837 11
40 329 11
298 329 9
330 596 10
330 945 10
330 390 10
330 817 11
218 331 8
331 764 11
331 763 11
217 331 12
311 332 9
312 332 11
333 855 8
333 536 13
231 333 12
333 806 13
334 641 13
334 878 10
334 428 9
334 524 11
335 893 10
335 443 10
242 335 6
336 785 10
336 472 11
336 633 10
337 551 12
219 337 11
337 859 9
90 338 7
338 374 11
339 830 11
339 909 13
209 340 14
340 582 13
295 340 12
341 530 9
98 341 7
341 849 12
342 607 11
342 465 11
247 342 15
343 729 9
343 515 10
344 768 10
344 584 16
324 344 7
73 345 11
8 345 12
345 727 13
165 346 8
346 903 11
346 384 10
45 346 12
209 347 8
347 934 7
347 696 10
347 750 8
171 347 11
348 750 15
322 348 9
349 493 13
66 349 11
349 847 14
61 350 9
350 827 9
329 351 10
351 366 11
351 964 11
352 954 10
352 589 10
230 352 12
353 356 12
238 353 11
353 997 13
353 512 10
354 436 12
163 354 14
264 355 10
355 621 12
304 355 11
355 471 11
87 356 10
356 922 12
357 383 10
198 357 10
357 475 9
358 482 11
109 358 12
85 358 12
359 754 10
359 846 8
359 855 8
359 730 12
360 905 11
72 360 11
360 709 9
360 991 11
361 779 7
361 652 7
65 361 10
268 361 9
362 873 10
362 709 10
363 931 9
230 363 12
363 910 9
364 967 9
217 365 14
96 365 10
350 365 13
365 683 11
21 366 12
366 478 10
366 921 9
207 367 9
220 367 9
89 367 8
123 368 11
157 368 7
172 368 8
369 680 10
13 369 9
369 929 13
291 370 10
370 888 11
371 558 8
371 594 9
371 978 10
325 371 9
219 371 10
212 372 11
372 429 11
75 372 9
203 372 6
183 372 8
373 821 12
374 915 8
374 874 9
375 621 7
375 790 14
133 375 12
376 790 10
376 907 12
376 573 10
81 377 14
150 377 9
92 378 10
378 592 8
69 378 8
379 580 9
379 880 8
379 727 9
42 379 13
380 668 13
380 551 7
114 381 12
28 381 9
381 806 6
381 801 11
159 381 12
285 381 14
382 608 15
123 382 12
252 382 9
382 981 10
382 624 12
292 383 14
383 946 12
384 801 12
159 384 8
325 384 11
384 392 7
321 385 12
207 385 14
385 529 8
386 564 13
141 386 10
227 386 11
386 776 11
387 989 12
316 387 9
277 387 12
208 387 15
388 657 10
388 898 13
359 388 10
388 487 12
295 389 10
389 924 12
389 812 10
390 825 14
391 427 11
392 697 10
392 960 13
392 493 14
392 644 11
393 822 13
74 393 9
393 402 9
394 768 13
394 529 13
394 458 11
394 592 12
394 823 5
394 779 10
242 395 7
395 469 9
364 395 11
311 396 12
351 396 11
285 397 8
397 466 12
397 912 11
398 877 11
165 398 9
398 600 12
399 603 14
399 923 13
314 399 12
399 557 8
400 811 8
188 400 12
400 754 13
401 528 14
402 940 13
402 474 10
402 462 7
403 811 12
40 403 9
403 764 10
404 528 8
404 453 10
404 616 13
243 405 8
382 406 7
174 406 13
406 637 11
407 811 11
407 832 11
407 977 9
367 408 11
408 577 10
174 409 11
360 409 10
409 671 12
410 821 12
410 913 14
410 572 11
411 931 12
310 411 8
12 412 6
412 666 10
412 606 7
413 589 9
413 538 12
96 413 9
413 685 10
414 758 11
146 414 9
414 910 8
414 508 11
267 415 13
415 507 8
378 416 11
416 692 10
416 988 7
417 455 7
142 417 7
177 417 12
417 987 11
418 809 12
103 418 11
133 418 8
261 418 13
287 419 11
335 419 7
360 419 11
420 435 10
37 420 11
34 420 11
195 420 12
421 746 14
421 816 8
404 421 11
422 569 10
18 422 12
423 674 11
423 554 6
423 820 9
216 423 14
424 719 12
424 639 9
425 825 7
240 425 10
245 426 7
426 493 7
426 434 15
340 427 12
427 435 15
428 629 11
428 920 12
429 673 9
345 429 9
244 429 8
430 934 10
430 959 11
430 957 9
86 431 12
431 512 12
431 989 9
212 432 12
432 490 9
416 432 8
432 735 9
317 432 10
368 433 11
433 577 13
47 434 8
434 530 9
182 434 11
434 704 11
435 678 9
435 468 14
435 905 10
435 441 11
436 577 9
437 586 9
363 437 12
437 977 11
90 437 10
438 456 11
294 438 7
438 912 12
185 439 13
235 439 7
439 907 13
439 987 9
440 566 10
440 587 10
95 440 10
441 997 12
441 513 14
391 441 12
442 945 12
108 442 12
442 678 8
443 650 11
18 444 9
171 444 12
444 807 13
445 781 10
445 926 8
445 557 9
334 445 8
174 445 8
171 446 11
296 446 11
446 741 10
428 446 12
447 883 7
447 867 9
306 447 9
448 833 9
448 522 7
291 448 10
449 571 9
394 449 14
202 449 10
422 450 11
450 924 12
298 450 10
451 632 16
452 839 11
452 738 11
452 647 12
35 453 10
453 740 9
453 687 12
389 454 12
393 454 13
455 808 11
29 455 10
224 455 10
285 456 13
456 743 10
32 456 9
204 456 9
457 459 10
217 457 8
83 457 12
131 458 6
458 930 10
458 716 10
459 628 9
146 459 14
407 459 5
460 898 10
461 820 11
373 461 7
461 889 9
355 462 12
233 462 11
462 944 10
463 718 12
463 757 14
102 463 12
463 574 8
464 780 11
457 464 11
464 878 9
464 588 15
464 536 13
464 635 10
465 511 10
447 465 11
328 465 9
465 510 12
25 466 7
466 556 8
171 466 9
23 466 10
467 964 11
467 919 13
467 661 11
468 497 12
465 468 8
468 796 13
468 799 11
468 726 8
469 605 15
191 469 11
449 469 11
470 684 8
470 655 11
31 471 10
245 471 9
472 482 13
472 510 11
174 472 10
473 552 11
473 829 8
473 621 14
473 789 16
38 473 12
319 474 13
254 475 11
475 793 12
475 831 11
95 476 12
394 476 10
477 879 9
477 514 10
478 822 10
303 478 8
478 969 11
478 999 8
334 479 13
479 818 9
480 599 8
480 635 11
481 776 12
216 481 9
459 481 11
65 482 11
482 952 13
483 737 8
410 484 10
484 690 11
484 515 14
484 596 12
485 498 9
39 485 12
7 486 12
63 486 10
486 702 11
487 538 10
60 487 11
487 742 12
338 487 11
487 971 11
211 488 10
488 972 8
167 488 12
488 981 8
488 647 9
461 489 8
489 670 10
489 583 12
127 489 12
44 490 12
456 490 10
306 490 11
34 491 11
491 514 7
491 791 13
492 969 9
232 493 11
212 493 12
494 819 5
494 800 13
494 874 6
55 494 11
133 495 12
140 495 12
40 496 13
496 701 10
330 496 9
496 831 12
497 667 10
139 497 11
44 497 13
498 503 11
262 498 11
307 499 11
31 499 12
500 818 11
500 764 11
500 536 9
501 790 9
200 501 12
501 880 10
501 760 11
502 896 12
502 582 10
502 624 14
339 502 10
502 776 9
117 503 9
503 977 14
503 961 11
120 503 9
438 504 12
505 557 9
505 994 12
505 697 11
356 505 13
506 707 12
506 623 12
206 506 12
180 507 9
507 909 11
395 508 8
508 691 10
35 508 8
508 838 12
509 927 9
90 509 9
246 509 11
320 510 11
511 783 10
511 865 8
512 779 11
150 512 7
148 513 10
513 819 12
83 514 8
218 514 12
451 514 8
367 515 11
208 515 9
515 555 9
338 515 10
402 516 8
516 917 8
517 960 12
517 536 7
310 517 12
454 517 10
518 612 11
519 838 9
519 884 7
519 598 7
519 559 12
520 546 12
520 597 12
520 582 11
520 906 9
4 521 10
490 521 10
521 917 12
521 697 12
521 534 7
522 931 12
206 522 11
180 522 11
522 744 11
374 523 10
523 679 10
523 711 9
114 524 11
524 878 10
55 524 11
524 746 11
524 965 9
525 789 9
515 525 11
525 704 8
166 526 12
526 995 9
174 526 6
100 526 12
64 526 12
462 527 14
527 866 10
123 527 13
528 626 7
2 528 12
528 832 9
452 529 9
114 529 10
344 530 10
395 530 8
530 922 11
480 530 12
109 531 14
173 531 11
531 872 11
354 532 11
390 532 12
344 532 12
532 585 10
533 909 10
533 696 15
182 534 9
534 623 11
490 534 12
534 696 8
367 534 10
36 535 10
280 535 13
536 949 12
181 536 9
536 769 13
473 537 9
57 537 8
455 537 12
538 960 10
307 538 9
538 923 8
508 539 9
246 539 10
540 758 9
501 540 10
120 541 12
542 905 12
542 556 11
143 542 11
128 542 11
360 543 10
543 809 13
295 544 13
544 981 14
544 723 10
545 728 8
423 545 9
88 545 10
546 563 12
546 784 9
277 546 11
546 644 11
547 745 14
547 813 11
547 611 9
547 729 11
326 548 11
322 548 9
548 615 10
534 549 11
464 549 10
549 569 12
527 550 11
550 913 10
551 855 10
551 760 12
267 551 10
145 551 9
260 551 9
303 552 10
425 552 11
174 552 13
204 553 13
66 553 9
136 553 11
554 671 9
386 554 9
73 554 12
260 554 14
555 633 14
88 555 7
556 963 9
320 556 7
24 556 8
243 557 11
472 557 5
423 557 9
186 558 10
558 906 11
559 682 8
108 559 8
559 567 9
559 588 12
23 560 12
560 895 11
479 561 9
558 561 8
392 561 10
561 890 10
562 853 9
562 811 11
562 902 11
396 563 11
563 616 9
486 563 14
564 963 9
29 564 9
529 564 7
476 565 11
540 565 12
296 566 8
479 566 11
350 567 10
467 567 11
567 757 10
17 567 11
322 568 9
568 954 8
408 569 15
366 569 10
570 987 8
570 918 13
168 571 11
49 571 10
571 647 13
572 772 12
568 572 13
200 572 10
369 573 10
573 665 11
66 573 11
12 573 12
80 573 10
65 573 10
574 836 11
574 756 14
574 895 11
574 691 13
150 575 9
507 575 12
291 576 11
334 576 10
55 576 9
577 772 8
577 698 9
577 939 13
482 577 12
391 577 12
212 578 12
563 578 13
578 660 10
117 579 8
579 621 10
580 969 12
76 580 10
380 580 15
581 609 9
581 843 12
582 952 10
582 637 11
582 694 11
583 593 13
111 583 8
62 584 9
400 584 12
457 584 12
585 965 11
361 585 12
164 585 13
585 666 10
95 586 14
387 586 6
317 586 8
587 785 11
587 781 15
587 782 11
516 587 13
99 588 12
337 588 10
312 589 8
8 589 11
590 620 11
590 918 10
358 590 10
412 590 8
591 801 5
302 591 9
325 591 6
423 591 9
592 853 11
137 593 6
594 763 9
594 797 11
594 777 10
408 595 14
595 949 7
582 596 7
596 617 12
129 596 10
314 596 11
318 597 15
597 848 9
53 597 11
142 598 13
219 598 11
470 598 10
491 599 8
73 599 7
514 599 10
599 769 11
599 856 12
396 600 10
586 600 13
257 600 15
601 884 7
601 940 10
477 601 7
601 696 11
602 955 9
37 602 10
602 630 14
470 603 8
603 980 13
604 984 12
604 885 13
604 897 10
459 604 13
213 605 11
345 605 8
51 605 10
205 606 10
606 808 7
572 606 10
476 607 9
507 608 14
203 608 15
462 608 12
608 903 12
472 609 12
412 609 14
507 609 14
201 610 13
291 610 12
610 668 9
340 611 8
143 611 9
582 612 13
612 700 10
571 613 12
613 653 10
613 633 13
441 614 12
614 710 12
614 916 10
338 614 11
615 837 7
615 862 13
615 772 12
266 616 9
318 616 11
617 908 13
157 617 12
347 617 9
348 617 7
618 791 9
618 838 6
618 898 11
618 722 8
619 671 11
219 619 8
10 620 11
620 833 15
353 620 11
426 621 11
621 935 11
371 621 9
622 647 14
365 622 8
622 767 8
622 697 10
623 950 12
623 800 12
623 848 7
624 721 6
112 624 8
520 625 9
221 625 14
519 625 11
168 626 8
37 626 11
136 626 12
627 940 10
118 627 11
420 627 9
271 628 10
455 628 12
628 972 15
629 756 13
629 702 8
629 686 10
197 630 11
586 630 12
34 630 10
538 630 9
567 630 14
630 656 10
537 631 13
631 753 13
602 631 11
58 632 9
632 976 12
633 915 12
633 849 13
501 633 12
633 751 13
588 633 11
347 634 6
295 634 11
198 634 9
634 660 14
132 635 9
635 824 8
635 779 9
573 635 10
333 636 9
636 887 9
63 636 12
637 992 12
637 862 9
497 637 8
620 638 13
312 638 15
638 863 10
142 638 9
123 639 9
451 640 11
142 640 12
641 760 12
372 641 13
222 641 11
511 642 11
275 642 8
504 642 9
642 987 11
12 642 11
643 668 11
643 728 8
194 643 10
377 644 11
621 645 10
128 645 10
645 876 11
645 912 15
249 645 9
76 646 11
647 972 13
647 995 11
448 647 11
297 648 6
648 796 11
119 648 14
195 648 10
34 649 13
650 784 12
426 650 12
650 791 11
650 843 12
651 865 10
530 651 10
477 651 12
581 651 9
651 970 11
334 652 13
469 652 10
652 747 11
652 744 14
427 653 11
653 739 10
486 653 12
391 654 10
638 654 8
601 654 10
655 850 11
453 656 11
572 656 14
203 656 11
656 988 13
191 657 12
155 657 9
110 657 9
658 690 10
215 658 12
659 717 11
188 659 11
659 767 10
287 660 9
498 660 8
642 660 12
660 810 10
591 661 9
298 661 13
65 661 11
77 662 6
292 662 14
662 708 10
12 662 13
42 663 13
176 663 10
274 663 10
205 664 9
664 850 9
414 664 11
664 842 11
471 665 12
77 665 11
311 666 12
328 666 9
666 786 12
523 667 11
667 811 12
666 668 12
139 668 12
435 668 13
317 668 12
505 668 12
129 669 13
340 669 14
187 669 13
669 751 9
28 669 9
667 670 10
224 670 11
670 900 12
671 703 11
317 671 13
606 671 11
124 672 11
672 861 13
43 672 10
450 673 14
616 673 9
485 673 12
573 674 12
422 674 13
311 674 12
173 675 10
103 675 11
675 976 11
675 769 11
610 676 10
227 676 10
653 676 9
549 677 13
335 677 10
677 794 15
677 847 9
337 678 13
580 678 8
186 678 12
423 679 9
329 679 11
679 709 11
679 989 13
357 680 8
680 917 11
649 680 7
102 680 13
11 681 7
638 681 10
131 682 11
216 682 13
469 682 10
278 683 8
683 885 11
346 683 10
572 683 13
570 684 12
684 711 9
128 684 12
203 685 11
298 685 11
672 685 9
686 933 9
687 877 4
549 687 14
137 687 8
628 687 11
688 917 11
118 688 9
513 688 12
499 689 6
689 934 5
146 690 11
55 690 6
296 691 8
346 691 11
692 930 9
452 692 10
547 692 12
636 693 9
693 711 13
435 694 12
694 931 9
695 798 9
99 695 10
395 696 10
31 696 9
105 696 11
612 697 14
374 697 9
453 698 12
529 698 10
89 698 10
698 927 8
302 699 10
374 699 10
409 699 10
224 699 10
338 700 13
240 700 8
700 806 10
701 974 9
701 923 9
346 702 12
702 996 8
431 702 10
702 853 15
198 702 11
452 703 14
167 703 12
9 704 10
704 931 12
339 704 9
217 705 8
705 777 9
326 705 8
705 891 10
556 706 12
279 706 13
706 942 10
549 707 7
346 707 11
453 707 10
707 937 10
342 708 14
426 709 10
25 709 16
543 709 11
710 972 10
459 710 10
301 710 9
711 758 13
670 711 12
84 711 12
422 711 14
477 712 11
712 720 13
712 836 11
713 944 12
571 713 8
700 713 10
714 939 8
413 714 8
714 733 14
714 966 5
319 715 10
280 715 11
715 769 10
101 716 13
207 716 10
78 716 6
577 717 10
652 717 12
506 717 8
319 717 9
718 914 7
114 718 9
718 910 8
434 718 10
62 719 15
719 942 11
719 889 10
720 943 10
634 720 14
14 720 10
315 721 12
10 721 11
721 773 14
504 722 9
625 722 8
618 723 10
92 723 11
153 723 13
415 723 7
724 725 13
105 724 10
3 724 13
724 962 9
585 725 8
725 919 9
726 784 10
668 726 7
727 764 8
727 775 13
245 727 8
586 728 11
252 728 11
467 728 10
729 883 11
677 729 14
643 730 6
189 730 13
82 731 8
337 731 9
204 731 13
731 943 12
123 732 11
266 732 13
436 732 13
200 733 12
626 733 6
733 754 8
63 734 11
4 734 11
619 734 13
576 735 8
620 735 8
289 736 10
48 736 12
269 736 8
207 736 13
445 737 10
737 921 14
458 738 12
368 738 12
111 738 11
445 739 12
117 740 11
657 740 12
649 741 11
247 741 9
505 741 9
147 741 13
742 833 10
159 742 7
743 839 9
743 835 11
2 743 12
743 987 9
509 744 8
630 744 6
66 744 12
718 745 11
107 745 9
584 745 9
722 745 10
318 745 12
688 746 7
248 746 10
121 747 7
381 747 12
35 747 8
429 747 13
218 748 9
424 748 7
694 749 10
64 749 9
439 749 9
308 750 12
693 750 10
750 991 7
564 750 12
751 941 10
636 751 9
262 751 11
336 752 12
752 860 7
358 753 10
596 753 11
174 753 9
394 754 14
713 754 16
754 839 9
648 755 10
234 755 10
628 755 14
756 778 7
407 756 9
405 756 9
756 830 11
188 757 9
372 757 13
616 758 12
758 798 8
758 924 12
335 759 15
441 759 12
260 760 7
189 760 10
760 870 13
460 761 6
465 761 13
761 764 13
415 762 12
183 762 13
425 762 9
763 988 10
664 763 11
83 763 12
340 763 13
553 764 8
184 764 10
675 764 10
170 765 9
173 765 7
263 765 11
191 765 9
136 766 12
62 766 9
766 944 6
407 767 11
245 767 9
767 817 10
767 988 12
572 768 9
768 867 11
151 768 10
768 839 11
768 952 9
769 826 12
746 769 13
224 769 12
769 971 8
540 770 12
484 770 8
564 771 10
481 771 10
256 771 13
81 771 10
559 771 16
747 772 10
87 772 13
133 772 10
525 772 10
773 847 11
773 929 13
66 774 9
402 774 14
433 774 13
555 774 13
643 775 11
519 775 13
775 980 12
403 776 8
776 853 14
201 776 13
327 777 10
771 777 14
73 777 13
700 778 8
121 778 9
778 864 11
255 778 12
458 779 10
779 833 7
779 896 9
780 905 10
645 780 12
468 780 11
674 780 11
650 781 13
624 781 9
346 781 14
585 782 11
782 937 9
93 783 11
653 783 11
759 784 13
784 898 13
85 784 11
328 785 9
556 785 16
772 785 11
614 785 9
276 786 7
560 786 10
335 786 9
456 786 9
450 786 6
379 787 9
260 787 7
787 897 8
33 787 7
675 788 13
561 788 9
57 788 10
450 789 14
555 789 8
252 789 13
654 790 8
55 790 8
549 790 11
433 791 9
288 791 13
538 791 11
133 792 9
304 793 10
407 793 14
237 793 11
34 794 12
771 794 18
168 794 11
404 795 8
497 795 9
795 827 10
267 796 13
102 796 10
384 796 8
408 796 9
460 797 11
211 797 11
797 957 11
88 798 12
447 798 7
537 798 13
471 798 12
720 799 7
148 799 10
799 806 11
800 924 8
387 800 16
488 801 10
784 801 13
593 801 10
191 802 7
243 802 11
147 802 11
802 963 9
626 803 13
803 939 8
12 803 10
420 804 10
464 804 10
361 804 8
804 940 10
505 804 10
684 805 12
169 805 13
805 830 9
482 805 12
230 806 10
287 806 12
806 940 9
271 807 12
188 807 13
372 807 13
558 808 9
57 808 13
175 808 12
473 809 8
691 809 8
35 809 9
109 809 10
483 810 9
810 922 11
567 811 13
311 811 10
811 911 11
651 811 13
434 812 9
14 812 6
812 939 15
681 813 13
813 894 10
813 916 10
677 814 14
502 814 11
208 815 13
225 815 11
551 816 11
109 816 5
210 817 12
817 863 9
817 959 10
655 818 10
221 818 11
132 818 10
690 819 14
412 820 8
469 820 9
76 820 9
243 820 8
46 821 11
821 881 15
59 822 9
113 823 11
643 823 11
443 823 10
714 824 11
460 824 10
793 825 10
493 825 9
675 826 9
658 826 8
720 826 11
262 826 11
123 826 13
75 827 11
416 827 11
211 827 9
721 828 10
73 829 11
572 829 11
829 881 11
326 829 9
830 840 10
790 830 7
91 831 9
831 867 9
611 831 10
520 831 12
769 832 9
832 936 12
833 898 9
260 833 10
834 966 9
107 834 15
386 834 10
97 834 11
564 835 8
835 976 10
700 835 11
2 836 9
592 836 11
836 981 11
836 846 12
130 837 14
433 837 9
689 837 10
657 837 10
141 838 10
838 887 11
454 839 10
1 839 10
470 839 11
550 840 9
273 840 11
784 840 11
145 841 11
567 841 12
623 841 11
661 842 11
251 842 10
689 842 10
772 842 11
94 842 10
467 843 9
647 843 9
68 844 11
246 844 8
435 844 13
787 845 11
504 845 8
845 859 11
846 922 11
757 846 15
846 945 14
305 846 10
1 847 11
466 847 10
96 847 10
847 958 12
636 847 11
525 848 12
457 848 12
619 848 12
345 849 13
485 849 10
659 849 12
298 850 11
478 850 10
809 850 14
267 850 14
443 851 9
127 851 11
506 851 8
760 852 8
823 852 11
191 853 10
581 853 6
854 998 7
242 854 10
91 855 11
513 855 11
459 855 8
673 856 10
647 856 11
660 857 11
351 857 14
857 869 11
613 857 10
72 857 11
633 858 15
545 858 12
325 858 9
113 858 15
583 858 11
642 859 13
859 957 10
515 859 12
860 889 10
583 860 11
294 861 9
339 861 10
534 861 9
291 861 12
98 862 12
201 862 12
456 862 9
657 862 8
863 876 9
371 863 10
3 864 12
480 864 10
594 865 9
287 866 12
866 980 11
164 866 9
867 977 10
115 867 10
546 867 11
257 868 9
771 868 12
685 868 10
604 868 11
114 869 14
345 869 8
272 870 10
168 870 11
527 870 12
146 870 11
453 871 10
511 871 10
728 871 9
697 871 10
729 872 11
664 872 12
153 873 12
788 873 13
291 873 10
873 918 10
567 873 11
269 874 11
857 874 11
874 934 9
319 875 11
755 875 9
875 988 14
224 876 8
152 876 13
793 876 11
777 877 14
741 877 12
709 878 10
878 907 13
838 878 5
879 951 10
726 879 9
306 879 12
634 879 9
408 880 10
63 880 9
855 880 7
627 880 10
221 880 11
336 881 11
595 881 6
413 882 10
97 882 8
369 882 9
64 883 11
883 922 6
628 883 9
11 883 11
304 884 9
757 884 7
322 884 9
527 885 10
409 885 8
165 885 11
448 886 7
282 886 10
606 886 11
550 886 11
669 887 13
887 981 8
606 888 10
317 888 8
361 888 14
638 889 8
168 889 10
762 890 12
441 890 11
74 890 13
658 891 11
477 891 11
855 892 8
353 892 15
255 892 7
349 893 12
893 989 10
875 893 10
54 894 12
549 894 9
834 894 7
809 895 9
234 895 9
837 895 15
896 937 12
333 896 8
459 896 14
111 897 10
897 983 10
735 898 12
898 900 11
565 899 8
93 899 8
180 899 11
42 900 13
38 900 10
44 900 12
487 901 12
775 901 10
441 902 12
485 902 13
146 903 7
276 903 8
903 966 10
877 903 10
107 904 13
270 904 11
549 904 9
513 904 12
285 905 13
863 905 13
500 906 13
450 906 9
906 995 9
741 907 10
203 907 11
725 907 12
208 907 10
362 908 9
682 908 12
224 909 11
175 909 10
447 910 13
324 910 11
910 946 13
119 910 12
815 911 11
765 911 11
911 956 10
548 911 8
169 912 14
456 912 11
515 913 10
161 913 11
318 913 6
352 913 10
300 914 12
585 914 11
675 914 8
491 915 9
85 915 13
543 915 10
87 915 12
916 934 9
671 917 9
917 996 9
522 917 9
286 917 10
98 918 12
541 918 10
918 962 13
781 918 7
876 919 11
313 919 13
48 919 13
515 920 10
163 920 11
573 920 14
619 920 8
733 920 8
247 921 8
813 921 12
556 921 14
10 922 13
922 971 11
669 922 11
263 923 9
167 923 8
923 942 10
324 924 10
924 996 13
166 925 11
114 925 13
568 926 13
645 926 9
160 927 7
661 927 13
847 927 11
22 928 14
775 928 9
928 943 8
63 928 12
922 928 10
639 929 7
261 929 10
577 929 9
553 929 11
582 930 13
389 930 7
93 930 14
514 930 12
102 930 12
931 985 10
466 931 8
357 932 11
869 932 12
37 933 10
600 933 8
592 934 14
306 934 10
929 934 13
85 934 10
809 935 8
131 935 11
15 935 12
579 936 13
631 936 8
805 936 10
763 936 8
319 937 8
937 959 8
149 937 14
520 938 14
484 938 10
483 939 12
727 939 10
185 940 11
921 940 12
865 941 10
919 941 11
573 941 10
929 941 9
877 942 11
248 942 13
943 974 13
429 943 13
78 944 11
591 944 10
884 944 11
831 945 11
412 945 9
789 945 13
249 945 13
946 994 9
694 946 11
72 946 9
651 947 9
796 947 10
659 947 9
485 948 13
206 948 10
746 948 9
83 948 11
101 948 9
230 949 10
566 949 9
3 949 10
97 950 9
693 950 7
302 950 11
206 951 12
741 951 11
951 971 10
354 952 10
115 952 13
117 952 5
351 953 8
953 973 12
378 953 9
256 954 9
954 964 9
268 955 8
834 955 9
230 955 14
175 955 11
43 955 12
637 956 10
672 956 13
570 956 13
599 956 11
868 957 12
400 957 12
603 957 9
802 957 13
682 957 11
829 958 11
317 958 11
344 959 15
405 959 10
536 959 10
235 960 7
566 960 9
248 960 12
674 960 11
355 961 8
473 961 6
458 962 10
227 962 11
125 962 10
198 962 9
903 963 9
963 991 10
465 963 9
38 963 13
895 964 10
586 964 8
402 965 9
387 965 12
672 965 8
884 965 10
881 965 10
387 966 12
966 978 10
729 967 12
565 967 12
967 986 8
356 967 12
348 968 10
746 968 9
276 968 7
219 969 9
416 969 12
249 970 6
606 970 10
858 970 11
402 971 8
591 971 11
455 971 12
667 972 13
783 972 11
318 972 12
530 973 10
522 973 11
394 973 7
365 974 6
888 974 13
394 974 13
811 974 10
798 975 9
300 975 13
896 975 14
177 975 5
726 976 11
951 976 11
746 976 8
757 976 9
168 977 10
589 977 9
126 978 11
622 978 9
775 978 9
832 978 11
927 979 11
970 979 12
669 979 8
848 979 12
492 980 10
134 980 12
164 980 10
330 980 9
101 981 11
692 981 10
194 981 13
117 982 7
929 982 13
367 982 12
382 982 9
794 982 9
298 982 12
61 983 11
200 983 9
654 983 11
190 983 9
93 984 8
973 985 9
354 985 9
324 985 11
277 985 7
685 986 10
552 986 9
828 986 9
852 987 9
915 987 10
789 988 14
377 988 12
92 988 14
586 989 11
311 989 11
56 989 9
636 990 10
887 990 13
331 991 9
745 992 8
715 992 15
674 992 10
22 992 11
872 993 11
956 993 12
49 993 9
237 994 10
869 994 10
732 995 12
369 995 13
207 995 10
658 996 12
824 996 11
80 996 10
891 996 10
194 997 13
916 997 9
510 997 15
197 997 9
417 998 9
786 998 10
607 998 8
977 999 7
815 999 10
671 999 9
