100
0
4
3
8
1
3
3
1
5
9
4
5
5
3
3
9
8
10
5
5
2
2
3
4
2
6
5
8
4
8
4
4
9
2
8
9
5
9
4
4
2
2
5
8
10
2
9
4
6
4
3
2
6
4
3
7
2
6
10
4
5
7
7
10
6
6
3
3
3
6
2
4
2
3
6
5
9
2
5
2
9
3
8
1
3
8
5
10
2
7
2
7
3
5
9
7
10
3
8
2
0 84 13
0 24 13
0 14 10
1 14 10
1 26 10
1 29 9
2 95 9
2 98 5
3 27 10
3 92 8
3 47 8
3 69 12
4 11 8
4 20 9
4 82 10
5 94 14
5 93 14
6 44 12
6 18 8
6 7 13
7 67 10
7 11 11
8 85 11
8 60 11
9 46 7
9 61 11
9 44 10
9 36 12
10 91 14
10 22 11
10 60 15
11 65 12
11 93 9
11 19 11
12 34 13
12 90 11
13 41 11
12 13 8
13 80 10
5 14 14
14 87 11
14 61 13
15 72 10
15 83 13
0 15 11
16 81 10
16 86 13
16 45 10
17 44 9
17 67 12
18 42 12
18 69 11
19 84 11
19 21 13
17 19 11
20 24 11
20 63 9
21 63 11
21 41 11
21 31 8
22 73 10
22 51 11
22 82 11
6 23 10
23 24 11
23 76 12
24 31 9
24 82 15
16 24 14
25 86 9
25 68 9
4 25 10
26 60 9
26 89 12
26 56 10
27 49 10
27 65 7
27 37 8
27 77 8
18 27 14
28 49 9
28 96 12
28 82 10
4 28 11
29 61 10
29 60 11
10 29 11
30 94 11
30 63 12
30 68 7
30 54 11
30 65 7
31 97 10
31 39 11
32 48 12
32 69 9
28 32 13
33 52 11
25 33 11
33 51 10
7 34 15
28 34 11
35 61 12
35 69 14
9 35 12
35 64 10
35 36 10
28 36 8
36 37 13
37 52 8
17 37 5
37 96 7
11 37 11
38 82 12
39 40 12
39 75 12
21 39 12
40 42 13
15 40 11
31 40 11
41 67 10
19 41 10
41 54 7
42 61 10
42 57 11
35 42 10
43 89 12
43 74 9
21 44 12
28 44 10
35 45 10
45 97 11
14 45 11
46 65 14
46 95 15
46 78 9
47 72 10
47 92 10
15 47 9
14 47 9
4 48 9
19 49 11
35 49 10
49 75 12
50 59 11
31 50 8
50 87 12
50 80 9
35 51 6
51 56 11
51 70 12
51 57 11
52 99 12
52 62 13
52 85 10
14 52 12
11 53 12
53 85 12
53 83 12
46 54 13
54 62 11
49 54 13
24 55 10
55 73 12
53 55 12
48 55 8
56 85 9
5 56 10
56 61 10
55 56 12
57 87 15
15 57 13
37 57 9
57 79 11
11 57 11
56 58 10
35 58 15
1 59 11
59 78 7
5 59 9
60 62 9
61 70 15
5 61 13
25 62 7
62 70 12
35 62 14
43 62 11
23 63 10
43 63 11
35 63 12
64 96 10
64 70 11
39 65 8
65 84 11
21 65 9
18 65 10
16 66 12
33 66 13
66 71 11
66 92 13
67 88 9
14 67 7
68 95 10
10 68 12
69 85 8
23 69 12
64 69 12
22 69 14
10 70 9
2 70 10
25 70 14
60 70 13
28 71 12
55 71 8
71 95 12
70 72 14
29 72 11
33 72 12
35 73 11
47 73 7
28 73 13
73 98 14
44 74 12
47 74 9
74 78 13
34 75 9
11 75 14
64 75 9
64 76 8
76 81 11
3 76 8
44 77 9
0 77 8
55 78 10
58 78 11
16 79 11
79 82 11
63 79 12
79 92 12
48 80 10
29 80 11
66 80 12
67 80 9
48 81 11
81 82 11
74 81 13
75 82 11
82 92 11
6 82 9
49 82 10
83 89 11
8 84 13
9 84 12
59 85 12
68 85 5
85 86 9
55 85 9
51 85 12
50 86 6
83 86 9
54 86 10
76 87 9
46 87 11
47 88 9
3 88 14
0 88 10
52 88 10
89 97 9
35 89 10
8 89 11
19 90 7
73 90 15
46 90 10
83 91 10
91 94 11
81 91 9
34 92 14
80 92 10
0 92 9
40 93 10
18 93 11
2 94 11
73 94 13
6 94 12
64 95 9
32 95 12
45 95 7
23 96 6
22 96 8
66 96 11
53 96 10
66 97 10
6 97 9
62 97 12
77 98 10
56 98 10
46 99 12
45 99 9
22 99 10
