100
0
9
5
5
5
2
5
9
4
7
10
10
3
9
3
9
6
3
6
7
5
4
10
9
8
9
2
2
2
6
8
7
9
4
2
2
10
3
6
3
2
2
10
7
1
7
2
7
2
4
3
4
3
7
6
7
9
2
5
8
8
8
5
5
6
4
5
6
9
7
6
5
8
7
2
10
6
10
6
1
5
1
2
2
7
10
6
7
3
7
9
9
2
6
7
5
5
1
8
4
0 72 10
0 93 9
0 48 14
0 39 11
1 3 9
1 45 12
1 80 10
1 4 9
1 53 10
2 83 9
2 9 11
2 68 11
2 6 8
2 30 13
3 15 9
3 48 11
3 47 15
3 88 11
4 61 7
4 17 11
4 63 13
4 49 9
5 75 13
5 64 11
5 40 11
5 6 11
5 67 12
6 68 7
6 62 11
6 57 12
6 83 11
6 14 10
6 15 11
7 31 8
7 51 10
7 83 13
0 7 9
7 52 10
7 87 9
8 43 12
8 16 12
8 85 10
3 8 8
8 38 11
8 28 9
9 81 11
9 70 11
9 24 12
9 89 16
9 25 10
5 10 11
10 21 10
10 71 10
3 10 11
2 11 11
11 88 12
11 41 7
11 34 9
11 60 11
12 27 13
12 70 8
12 98 10
2 12 13
12 99 12
12 94 10
3 13 10
13 18 10
13 40 13
13 59 11
11 13 11
14 79 7
14 63 11
14 15 14
14 92 8
15 37 11
15 38 13
15 41 11
15 74 11
15 60 14
16 64 10
16 65 13
16 57 8
16 25 9
16 19 11
16 23 11
16 40 11
17 43 7
17 39 10
17 27 13
17 19 14
17 45 10
18 36 15
18 94 11
3 18 11
6 18 7
18 38 14
19 87 11
19 20 15
19 35 6
19 78 13
19 26 9
19 85 8
20 99 10
20 98 16
20 44 13
20 21 11
21 26 9
21 98 10
21 48 11
21 36 10
21 47 14
22 50 9
22 79 13
22 83 8
9 22 10
22 23 12
2 22 10
12 22 12
18 23 10
23 75 7
23 99 6
23 78 10
23 56 10
24 85 9
24 32 11
24 26 7
24 39 7
25 31 11
4 25 13
25 72 12
25 83 11
25 71 10
25 35 10
25 91 16
26 66 8
26 95 12
26 90 12
26 46 11
26 83 11
27 84 10
27 43 13
27 33 17
18 27 9
27 93 12
28 31 10
28 86 10
28 73 8
28 35 10
29 70 10
29 76 12
29 82 8
16 29 13
24 29 9
30 96 6
30 76 10
30 82 9
3 30 12
30 98 9
31 63 9
31 44 16
3 31 13
31 87 5
31 81 11
32 47 11
32 79 12
32 95 10
16 32 8
11 32 15
32 76 11
33 57 14
31 33 8
33 53 10
33 85 10
12 33 9
33 38 13
14 34 13
34 43 13
34 80 10
7 34 10
34 60 12
34 48 11
23 35 12
26 35 13
35 44 16
35 80 15
35 96 12
10 35 7
36 67 6
36 58 8
36 89 13
24 36 13
37 43 10
37 96 10
32 37 8
37 88 12
37 51 11
38 58 11
38 97 14
27 38 14
38 64 12
39 93 10
39 90 13
39 92 11
39 52 8
39 95 11
40 47 10
4 40 12
21 40 10
28 40 11
30 40 10
40 67 12
41 77 11
41 92 10
41 98 9
41 51 10
19 41 11
42 44 11
42 71 12
42 79 10
42 87 11
42 72 10
43 46 12
32 43 11
42 43 11
28 43 13
9 43 10
33 44 10
19 44 7
3 44 11
44 59 11
18 44 9
4 45 9
45 92 9
45 76 13
45 69 9
20 45 10
46 62 10
14 46 10
12 46 9
18 46 10
34 47 9
47 80 9
22 47 8
47 86 12
43 47 14
47 66 7
48 52 6
48 73 7
31 48 13
10 48 8
30 48 15
9 48 10
48 98 10
49 72 10
7 49 12
39 49 10
20 49 8
15 50 11
50 68 8
18 50 7
50 73 10
50 51 11
51 99 11
21 51 9
51 66 10
51 77 11
52 76 11
40 52 12
8 52 14
28 52 8
53 54 11
35 53 8
21 53 10
38 53 10
53 56 8
50 53 12
3 53 12
54 98 9
17 54 10
0 54 12
54 78 12
54 64 13
31 55 10
29 55 9
53 55 12
55 95 7
55 62 10
55 97 7
12 56 10
51 56 9
56 66 11
56 79 11
56 83 9
10 57 8
32 57 9
57 88 12
8 57 13
58 77 13
58 89 11
58 91 12
58 78 7
13 58 9
4 58 9
22 59 6
59 92 9
34 59 7
4 59 12
59 67 9
36 60 8
33 60 11
18 60 6
48 60 11
19 61 7
8 61 11
21 61 8
61 77 12
61 74 12
39 62 10
2 62 9
36 62 9
35 62 16
14 62 12
63 67 8
63 98 10
63 92 14
38 63 10
39 63 11
29 64 9
64 94 12
64 84 9
25 64 9
9 64 9
64 99 9
65 88 9
65 66 15
65 70 13
44 65 8
14 65 11
66 89 11
50 66 12
62 66 12
38 66 8
18 66 9
66 93 12
64 67 10
25 67 9
8 67 9
63 68 8
68 99 10
68 82 11
68 75 10
47 68 9
40 69 10
23 69 7
69 70 14
54 69 10
69 74 11
70 80 11
17 70 10
54 70 8
49 70 10
70 84 11
70 96 10
69 71 9
71 96 7
48 71 13
71 84 3
38 71 13
44 72 12
16 72 11
53 72 12
54 72 10
23 73 12
61 73 8
30 73 12
42 73 11
14 73 12
17 73 7
0 73 12
21 74 12
4 74 11
22 74 15
68 74 11
30 74 7
20 74 13
71 75 10
2 75 12
11 75 8
10 75 14
3 75 14
8 75 9
76 93 9
3 76 8
21 76 13
64 76 11
46 77 10
40 77 11
8 77 9
53 77 11
2 78 11
49 78 10
36 78 11
75 78 12
66 79 9
79 92 11
36 79 8
18 79 9
80 81 11
9 80 13
63 80 13
46 80 15
15 80 9
81 92 11
81 97 13
15 81 10
61 81 12
60 81 9
36 81 10
58 82 9
6 82 14
51 82 9
60 82 11
53 82 8
63 83 10
83 96 11
28 83 7
59 83 13
72 83 10
11 84 11
39 84 9
67 85 11
54 85 8
85 94 13
85 88 7
74 85 14
76 85 13
64 86 10
58 86 8
1 86 13
29 86 14
60 86 14
58 87 13
37 87 8
5 87 14
0 87 12
32 87 7
24 88 10
80 88 12
75 88 9
50 88 10
35 89 9
28 89 7
40 89 13
10 89 10
59 90 11
32 90 13
2 90 12
90 96 8
87 90 13
30 90 8
74 91 8
35 91 11
15 91 6
0 91 7
78 92 10
43 92 11
92 94 9
84 92 9
3 92 14
34 92 7
6 93 13
14 93 11
67 93 10
45 93 10
16 93 8
74 94 10
7 94 12
2 94 7
57 94 9
86 94 9
28 95 8
33 95 12
51 95 9
80 95 12
53 95 12
57 95 8
80 96 15
34 96 10
22 96 12
9 96 11
96 98 10
5 96 12
45 96 12
36 97 14
83 97 11
29 97 10
24 97 13
43 97 7
63 97 9
52 97 11
39 98 11
47 98 10
53 98 10
84 98 8
52 98 11
70 99 7
92 99 6
83 99 6
18 99 8
5 99 8
