100
0
8
6
10
9
10
1
8
7
3
5
7
7
7
7
4
6
2
6
1
2
3
5
9
7
4
2
4
3
4
10
9
9
4
5
8
5
1
5
9
3
3
4
10
4
6
2
10
9
9
9
5
6
8
9
5
2
3
2
1
9
3
9
4
4
2
7
3
7
4
5
6
4
10
10
8
4
6
9
8
6
10
7
9
3
9
10
4
9
8
6
4
2
1
3
6
9
2
9
8
0 56 11
0 25 11
0 58 9
0 20 10
1 5 7
1 7 14
1 50 11
2 56 11
2 41 11
2 16 13
2 43 8
3 84 10
3 69 8
3 88 12
4 86 11
4 74 14
4 10 8
5 86 8
5 69 8
5 82 10
6 14 11
6 21 9
7 73 11
7 18 11
7 12 13
8 33 10
8 80 12
9 61 12
9 18 7
9 94 8
10 43 12
10 19 12
11 67 5
8 11 10
11 69 9
11 12 11
12 90 8
0 12 11
12 92 12
13 43 10
13 95 10
1 13 10
13 29 13
14 73 6
14 18 8
15 49 11
16 61 12
16 23 12
16 34 7
11 17 11
17 98 11
17 57 11
18 52 7
18 49 10
12 18 9
19 81 12
19 46 14
19 37 13
19 33 10
19 31 12
20 22 9
20 65 10
16 20 9
20 71 10
6 20 12
8 21 9
22 92 11
22 24 9
10 22 9
22 28 10
23 63 12
23 33 9
23 45 10
13 24 13
25 66 11
22 25 8
9 25 7
26 33 12
24 26 12
26 41 11
26 85 7
23 27 12
7 27 8
27 41 10
27 30 9
27 50 12
28 97 11
28 40 13
29 99 8
29 50 11
30 57 11
30 41 11
30 81 12
20 31 8
31 73 13
25 31 14
31 44 12
32 92 9
32 72 7
32 53 9
32 55 11
33 67 11
33 95 12
33 90 10
34 66 8
34 77 11
30 35 10
35 74 12
32 35 13
21 35 9
27 35 8
36 39 10
36 83 10
36 51 10
32 37 13
37 48 10
37 63 9
21 37 11
38 86 10
38 91 11
11 38 13
28 39 10
39 58 11
39 79 11
39 40 14
40 42 13
1 40 12
6 40 11
14 40 11
41 90 9
41 67 10
42 69 10
43 69 10
43 60 6
43 88 12
14 43 10
41 44 15
29 44 10
45 69 15
45 48 14
45 51 11
7 46 12
39 46 13
46 63 11
7 47 11
47 53 14
38 48 12
42 48 13
32 49 8
11 49 8
3 49 9
17 49 11
50 52 9
44 50 9
10 50 13
5 51 13
10 51 11
41 51 8
52 73 10
0 52 12
53 81 10
53 99 7
49 53 13
51 53 4
26 54 9
22 54 12
30 55 10
55 77 9
17 56 10
18 56 12
56 66 8
56 57 10
21 57 10
29 57 11
58 67 11
31 59 8
59 78 11
31 60 9
60 97 8
60 68 9
39 60 10
61 87 10
48 61 12
42 61 13
61 98 7
8 62 12
62 77 10
43 63 14
63 85 14
44 63 9
24 64 10
64 70 9
64 97 8
42 65 10
37 66 10
14 66 13
11 66 13
39 66 8
6 67 9
36 67 11
67 69 12
28 68 13
26 68 11
53 69 11
70 93 10
31 71 10
25 71 10
57 71 13
38 72 13
60 72 11
72 98 10
46 73 10
73 92 12
64 73 12
0 74 11
74 80 9
70 74 8
66 74 13
75 80 9
24 76 11
76 93 9
57 76 11
33 77 9
75 77 8
24 77 13
52 77 10
78 99 10
21 78 12
78 83 11
51 79 14
20 79 10
2 80 10
50 80 10
75 81 10
80 81 11
17 81 9
42 82 9
82 97 11
82 88 14
79 82 9
66 82 10
70 83 8
83 85 6
46 83 10
56 83 10
79 84 12
12 84 9
8 84 8
6 85 6
45 86 11
25 86 10
29 86 6
7 87 12
1 87 10
87 93 14
39 88 8
88 89 15
59 89 12
89 95 14
48 90 10
72 90 9
6 90 12
59 90 11
32 90 9
90 96 11
7 91 12
85 91 7
8 91 10
91 98 9
79 92 11
70 92 11
92 99 11
48 92 9
13 93 5
7 93 8
62 93 11
0 94 14
55 94 7
15 94 13
44 95 7
54 95 10
69 95 10
34 96 10
1 96 12
3 96 10
6 97 11
43 97 12
74 97 11
0 98 9
54 98 11
96 98 13
97 99 11
6 99 8
14 99 12
