1000
0
2
2
5
2
5
3
6
4
9
2
3
6
3
5
2
8
2
3
8
4
3
8
2
4
3
7
10
8
6
8
4
7
4
5
3
3
6
3
1
2
6
9
8
4
3
8
9
6
4
3
6
7
2
3
8
8
2
8
8
9
9
6
2
6
5
5
1
2
5
2
9
8
3
6
6
4
4
7
7
8
3
7
3
10
1
6
4
2
9
5
9
4
2
8
4
2
2
8
6
2
5
8
3
8
10
10
7
5
7
7
9
10
6
1
5
6
6
4
7
8
3
5
9
5
10
2
4
7
2
2
5
7
7
3
2
3
8
5
2
2
2
5
3
6
10
7
3
5
2
7
3
9
2
2
5
9
3
7
2
7
5
2
7
8
7
3
5
3
7
4
9
6
10
6
9
5
5
7
6
9
7
8
6
2
10
4
5
7
9
4
3
8
7
2
4
4
2
3
9
1
1
2
7
9
7
3
10
9
4
6
6
5
3
10
1
8
6
10
5
3
4
10
5
7
8
2
9
7
8
4
8
5
6
5
5
8
8
5
7
7
3
4
4
6
1
10
9
3
4
3
4
6
6
4
9
9
8
7
9
5
8
9
5
8
3
7
7
8
6
3
6
10
4
4
4
4
1
2
4
8
2
2
6
6
4
8
8
10
10
7
7
5
5
2
4
3
9
2
7
6
2
8
9
7
1
2
8
10
4
4
6
4
5
8
5
3
3
10
4
9
7
9
2
5
6
2
5
5
7
8
6
6
3
7
5
3
4
3
2
7
3
2
6
2
2
1
8
3
7
8
5
1
2
10
3
3
7
4
4
5
2
2
9
7
5
5
7
6
10
4
6
5
8
10
1
4
1
4
9
2
4
7
5
5
4
4
7
7
2
2
3
7
9
2
6
3
9
5
1
8
9
2
6
2
9
3
3
5
9
6
7
2
3
7
2
3
4
7
4
3
5
8
3
7
10
9
7
9
7
6
4
9
4
3
6
8
8
4
8
9
10
7
4
6
2
4
9
4
2
6
2
3
5
8
6
4
9
9
2
6
8
6
5
4
2
4
10
2
8
2
1
2
2
6
7
10
10
7
6
1
7
4
8
5
2
5
5
9
4
10
9
6
5
8
3
9
2
5
3
10
9
4
7
8
2
3
9
5
9
4
3
3
9
3
7
3
5
8
10
10
1
3
4
3
9
5
9
3
3
9
6
5
4
9
8
9
6
1
3
4
6
9
7
6
6
9
8
5
5
2
7
3
5
7
9
9
7
2
3
2
7
4
3
5
8
8
10
5
7
6
5
3
3
4
5
10
6
7
4
2
3
4
7
3
5
4
2
4
4
6
10
3
3
2
7
3
6
4
5
6
10
2
4
5
5
4
5
4
10
2
9
8
6
7
3
4
4
7
4
8
4
3
9
2
6
7
3
6
1
7
1
6
6
9
1
8
2
9
10
8
6
10
8
8
6
6
10
8
2
3
8
5
9
10
2
1
4
6
4
8
8
3
9
3
9
6
6
4
3
2
1
10
10
3
7
7
7
7
3
5
8
5
5
9
6
9
5
3
5
7
8
3
4
7
10
6
9
5
1
9
3
9
4
3
5
3
6
2
3
8
6
8
7
3
4
9
10
8
3
2
3
4
4
3
9
3
4
8
6
3
2
9
6
5
3
4
4
6
7
6
6
10
8
5
2
1
10
2
6
3
9
10
7
5
6
1
3
3
2
5
3
1
3
5
9
5
6
10
9
6
6
5
2
8
8
8
8
7
4
2
5
6
6
5
5
9
2
2
8
8
8
9
1
9
3
5
6
7
6
3
2
10
2
3
1
3
7
9
2
3
2
9
5
4
8
9
3
10
2
2
7
2
6
6
3
7
7
4
5
2
4
4
6
7
1
6
4
3
5
8
7
3
10
5
8
3
3
8
9
9
7
8
4
9
5
3
2
2
1
8
1
9
2
6
3
7
2
10
7
5
2
10
7
2
1
5
6
5
8
2
6
7
7
4
8
2
6
5
1
2
5
2
6
9
9
6
5
5
9
9
1
4
2
9
7
4
7
8
8
6
5
1
7
9
6
7
5
4
7
10
7
3
3
7
10
2
7
8
7
7
7
3
4
4
9
9
4
5
3
3
9
6
4
2
2
10
3
10
3
7
4
8
6
1
2
9
2
7
5
6
7
5
4
7
7
9
4
10
2
6
8
9
8
4
7
4
9
5
7
10
1
8
8
2
1
6
7
8
7
2
3
4
9
3
4
8
6
10
5
0 987 8
0 980 13
0 784 12
0 437 11
1 283 10
1 772 12
2 485 13
2 3 10
2 721 13
2 231 10
3 882 10
3 468 13
3 383 12
3 470 6
4 619 11
4 306 9
4 772 11
4 580 12
5 560 9
5 964 6
5 763 15
5 171 12
6 567 11
6 132 9
6 190 8
7 970 17
7 865 12
7 270 11
7 387 11
8 590 8
8 311 12
8 622 8
8 205 11
9 247 14
9 33 15
10 918 10
10 79 8
10 885 9
11 867 11
11 943 11
11 929 11
12 680 10
12 387 10
12 436 10
13 705 10
13 779 12
13 237 13
13 370 15
14 965 14
14 959 13
14 466 10
15 947 10
15 107 10
15 132 11
15 500 10
16 266 13
16 655 12
16 642 8
17 875 8
17 821 14
17 84 11
18 559 8
18 146 11
19 796 13
19 90 7
20 40 8
20 91 12
21 645 13
21 899 13
21 70 9
22 607 9
22 867 12
22 950 12
23 594 9
23 752 12
23 553 11
24 49 13
24 352 11
24 999 11
24 906 6
24 85 12
25 251 10
25 610 9
25 26 11
25 895 12
26 694 14
27 766 11
27 378 11
27 919 14
28 971 11
28 906 10
28 699 8
29 660 12
29 403 10
29 510 7
30 772 11
30 308 9
30 608 8
30 997 13
31 935 11
32 971 12
32 66 11
32 984 11
33 236 12
33 789 13
34 139 8
34 728 13
34 130 10
35 277 11
35 329 12
35 935 10
36 421 9
36 170 10
37 563 9
37 791 13
37 700 13
37 647 6
38 466 11
38 726 12
38 155 12
39 991 11
39 600 8
39 912 14
39 710 17
40 702 13
40 512 12
40 701 11
40 112 10
41 161 11
41 401 12
41 305 12
41 806 11
41 629 10
41 522 13
42 141 13
42 395 9
42 569 11
42 252 10
43 601 12
29 43 14
43 245 7
44 362 12
45 200 8
45 210 7
46 454 9
46 755 11
46 224 9
46 626 11
18 47 9
48 288 11
48 677 12
49 348 13
49 184 10
49 290 10
49 779 13
50 566 10
50 775 11
50 123 10
50 356 8
51 60 11
9 51 10
51 637 8
51 557 8
52 765 9
52 703 9
52 572 11
53 665 8
53 55 15
53 538 9
54 431 9
54 507 13
55 220 12
56 145 11
56 162 13
56 818 9
57 329 10
57 735 9
57 105 9
57 326 10
58 438 12
58 569 10
58 136 12
58 878 9
59 719 15
60 467 9
60 825 8
61 857 11
62 84 10
62 921 13
62 564 8
62 670 8
63 216 12
63 497 11
53 63 8
64 162 10
64 899 13
64 482 9
65 295 12
66 941 8
66 736 12
67 925 9
67 858 16
68 845 11
68 334 8
68 461 8
69 948 13
70 900 10
70 396 7
71 291 6
44 71 11
72 704 12
72 214 8
73 199 12
73 442 10
73 786 15
73 763 12
74 588 9
74 939 8
74 786 8
75 311 15
75 769 13
76 772 13
76 106 12
76 312 10
77 755 9
77 371 11
77 737 9
78 177 10
78 399 10
79 443 6
79 342 9
79 971 11
79 803 11
49 80 9
81 103 10
81 820 11
81 237 14
82 190 14
82 339 12
82 922 9
83 486 7
83 923 14
83 303 10
83 755 13
84 729 7
84 642 11
84 290 8
67 85 9
85 927 9
85 105 9
86 327 16
86 414 8
86 195 11
86 577 10
87 563 10
87 717 11
87 951 8
88 979 9
88 410 10
89 859 8
89 872 12
89 964 8
89 810 10
89 754 11
90 194 9
75 90 10
90 417 11
91 588 10
91 966 11
91 208 10
91 118 10
92 663 9
53 92 10
73 92 9
92 215 12
93 159 8
93 461 7
93 724 11
94 771 10
94 816 12
94 776 12
95 223 10
95 720 14
95 479 11
96 965 9
96 592 8
96 931 7
97 840 12
97 368 12
98 552 15
29 98 11
23 98 6
99 941 9
99 424 11
99 681 12
100 292 10
100 617 10
100 184 13
100 529 8
100 148 6
101 266 8
101 719 12
101 496 12
102 885 9
102 971 11
102 322 8
103 887 11
103 623 12
20 103 6
103 714 11
13 104 11
21 104 10
104 937 11
5 105 11
34 105 10
56 105 11
105 989 11
105 979 12
106 486 9
106 179 15
106 429 11
106 599 11
106 739 12
107 711 8
107 264 12
107 521 7
108 649 9
108 746 10
108 315 9
109 672 9
109 452 6
109 315 11
57 110 10
110 368 11
110 839 10
111 134 11
111 863 10
112 941 9
31 112 8
113 570 12
113 676 11
113 543 9
113 493 11
114 342 5
114 890 8
114 358 7
114 529 11
115 404 11
115 440 11
115 679 8
116 359 9
116 381 13
116 291 9
117 173 13
117 346 16
117 479 9
118 350 7
110 118 10
118 975 9
119 255 14
119 601 8
93 119 9
120 230 11
120 156 9
120 506 9
120 360 11
120 485 11
121 903 13
121 832 7
121 230 13
122 674 11
122 688 11
122 998 10
123 370 11
123 903 8
124 496 10
125 169 6
126 220 9
126 807 12
126 720 9
127 486 13
127 738 13
127 841 10
127 640 10
128 545 12
129 349 10
129 577 12
129 336 8
130 333 10
130 748 12
131 896 8
131 750 7
0 131 10
132 221 8
132 161 15
132 281 14
133 661 11
133 455 9
133 401 8
100 134 13
134 170 12
135 530 6
135 669 10
135 856 9
136 601 10
136 295 15
137 636 13
52 137 13
137 571 12
138 391 9
138 910 10
138 307 12
139 350 10
48 139 10
25 140 6
140 268 12
140 316 9
140 725 12
141 459 12
141 865 13
141 814 9
142 340 10
142 595 15
143 435 9
143 683 8
144 864 13
144 337 11
145 956 10
145 696 8
146 455 10
146 734 10
146 744 10
147 668 11
148 456 8
148 788 9
148 949 9
149 378 11
149 576 10
149 340 11
149 656 8
150 185 8
150 767 14
62 150 12
151 934 11
117 151 10
152 442 10
152 232 13
152 451 11
153 511 13
3 153 9
153 410 11
154 193 11
148 154 10
19 155 4
155 663 10
155 289 11
19 156 12
156 377 11
157 313 10
157 253 9
157 790 10
158 936 12
158 220 15
153 158 9
158 983 9
159 790 8
159 998 15
159 427 10
159 699 8
160 358 8
160 832 11
160 694 15
161 906 12
161 302 7
162 385 6
59 162 11
162 906 6
162 294 11
163 880 9
163 925 10
163 746 11
164 683 12
164 439 11
39 164 10
165 751 8
165 598 9
165 582 12
166 592 10
166 755 13
166 327 9
166 667 13
32 167 9
22 167 12
167 642 12
168 659 15
96 168 13
168 635 11
169 632 11
89 169 11
169 666 9
169 755 9
170 956 10
170 617 14
170 466 12
171 764 9
151 171 12
171 906 11
172 975 10
172 415 11
172 470 11
172 982 12
173 629 8
134 173 11
173 711 14
174 729 11
175 758 12
95 175 11
175 912 11
176 809 9
176 797 8
176 237 11
177 856 10
177 746 10
144 178 12
179 775 8
76 179 13
180 577 10
180 603 11
118 180 10
180 889 12
180 901 11
181 807 12
181 453 8
181 438 9
181 717 12
38 182 13
182 920 12
171 182 12
183 224 11
183 310 9
183 659 10
183 186 9
184 269 14
184 659 11
184 287 12
81 184 11
185 949 13
185 739 12
185 631 10
185 383 10
186 591 6
186 320 9
157 186 11
187 261 11
187 939 14
187 914 7
187 854 12
188 208 5
188 321 11
188 523 8
188 284 12
189 896 9
14 189 10
185 189 10
189 735 8
189 835 10
190 336 13
190 317 11
190 761 11
45 190 8
190 674 10
191 993 10
191 262 9
29 191 8
191 987 9
191 517 13
192 421 7
193 426 11
193 859 12
193 324 9
0 194 11
194 563 11
195 297 7
195 641 10
196 990 10
196 951 10
196 983 12
197 623 13
197 733 11
197 250 9
198 884 11
198 876 13
198 567 8
198 970 9
129 199 8
199 663 8
199 796 13
64 199 9
200 602 7
200 485 8
201 573 9
201 867 9
201 918 12
23 202 8
202 267 11
203 792 11
203 529 12
203 414 13
204 961 11
181 204 9
204 285 11
205 574 12
205 224 12
205 751 12
205 765 8
206 449 12
206 253 10
206 668 12
207 429 13
207 965 12
207 308 12
208 276 10
192 208 12
209 911 5
166 209 8
209 941 11
209 944 8
210 505 11
210 957 12
7 210 13
176 211 9
0 211 10
211 979 11
211 530 8
212 346 13
212 907 11
101 212 9
213 825 10
213 772 10
67 213 8
214 618 10
214 620 8
214 391 9
214 695 14
215 548 8
215 501 10
0 216 10
34 216 10
216 487 9
216 223 10
217 982 7
217 433 9
134 217 8
217 650 8
217 683 11
143 218 10
218 555 10
218 452 8
219 475 8
219 786 10
217 219 10
220 990 11
220 809 11
220 243 9
220 360 9
221 632 10
221 410 11
221 779 9
221 247 10
138 222 9
222 962 9
222 443 14
222 434 10
222 550 7
222 638 15
223 259 11
223 225 10
223 648 10
223 309 11
224 673 11
224 714 11
225 858 8
186 225 11
226 406 12
226 403 10
227 717 12
227 644 8
228 668 11
211 228 9
228 955 11
228 543 9
229 948 12
203 229 10
229 963 9
229 885 9
230 244 14
80 230 9
231 767 9
231 577 11
94 232 10
232 242 7
232 582 10
49 233 13
233 612 7
76 234 10
234 859 9
234 566 12
235 890 11
235 532 12
235 701 12
236 504 9
236 863 11
237 958 6
237 649 7
237 437 11
237 738 11
238 891 8
238 854 5
238 527 5
238 965 13
98 238 12
239 855 13
239 786 10
239 758 13
240 551 9
240 414 11
13 240 12
241 657 10
241 351 9
241 442 10
241 311 11
242 384 14
242 521 14
231 243 9
34 243 10
243 656 13
243 471 9
244 336 13
244 985 10
244 737 10
244 760 12
245 759 11
245 765 11
245 777 13
246 831 9
246 550 9
246 855 11
246 972 7
246 595 9
247 865 11
18 247 11
247 790 13
247 751 10
248 530 10
188 249 13
190 249 9
249 428 11
250 340 8
250 610 10
250 517 6
251 424 11
251 269 8
252 736 13
31 252 8
252 722 10
253 588 12
253 665 9
254 618 10
254 912 7
25 254 12
254 760 11
255 433 9
255 371 9
255 316 10
256 781 10
256 778 11
257 704 9
257 849 9
257 278 10
1 258 11
223 258 9
258 306 9
110 258 11
259 941 11
259 789 9
259 766 12
260 978 9
260 742 11
247 260 7
260 295 13
260 783 10
261 830 8
261 990 10
262 735 14
262 782 6
262 814 11
262 907 10
263 731 12
263 763 10
263 863 9
264 737 10
264 333 11
264 935 9
150 264 9
265 337 7
266 535 12
266 569 11
266 582 10
49 267 11
267 271 12
267 613 12
20 268 13
268 381 9
268 902 10
268 301 13
112 269 10
269 884 9
269 912 12
269 985 9
8 269 8
270 740 11
270 847 9
270 591 8
271 487 8
271 762 10
271 282 13
272 885 14
272 798 12
273 490 10
273 935 12
273 462 11
273 294 13
274 525 13
43 274 11
274 749 10
274 331 10
160 275 10
275 770 6
276 859 9
276 884 11
277 618 7
68 277 15
273 277 14
277 430 12
278 984 10
279 932 10
279 927 8
280 636 11
280 776 14
84 281 7
281 855 11
281 764 11
282 314 8
165 282 14
189 282 10
283 617 9
284 919 13
284 905 9
285 466 9
154 285 10
78 285 9
286 886 10
286 633 9
270 286 11
286 667 11
287 953 9
287 680 11
287 393 9
287 482 13
288 304 12
288 305 8
288 789 13
116 288 11
289 861 13
289 957 12
289 885 11
289 779 11
290 552 8
131 290 8
290 386 12
291 787 12
291 909 9
291 486 12
291 484 8
234 292 10
62 292 12
292 719 9
292 498 11
292 922 12
293 528 14
294 896 9
294 350 7
295 981 8
243 295 9
295 438 12
224 296 12
296 578 12
296 797 10
296 813 12
297 397 13
297 586 15
297 360 10
297 582 8
298 675 11
298 386 12
209 299 12
299 832 9
300 692 9
300 667 8
300 830 10
301 868 13
301 362 12
302 814 10
156 302 10
302 966 9
124 303 10
261 303 7
207 303 8
303 861 12
304 961 10
241 304 11
304 781 6
10 305 8
305 610 12
306 784 10
300 306 9
306 619 8
306 763 10
307 340 9
307 765 8
307 479 11
307 730 12
308 571 13
308 938 10
308 591 11
309 597 13
65 309 9
180 309 13
0 310 9
310 353 14
311 509 10
311 396 11
311 830 9
83 312 10
132 312 12
312 667 8
313 799 10
313 482 8
313 792 11
314 665 11
314 622 11
314 487 7
291 315 8
315 581 10
315 528 10
315 508 10
130 316 13
316 424 11
316 930 9
317 318 11
317 627 10
318 795 13
92 318 10
40 318 13
319 750 9
319 504 8
320 508 10
320 906 9
320 605 10
320 395 14
321 378 13
321 664 15
322 855 14
156 322 11
304 322 8
126 322 9
99 323 9
212 323 11
323 391 13
323 785 13
173 324 8
151 324 14
155 324 10
325 709 9
325 467 10
51 326 10
326 881 10
327 463 5
327 498 8
327 595 10
328 443 7
328 788 10
153 328 11
329 464 9
320 329 8
138 329 10
329 937 11
41 330 15
299 330 7
157 330 12
330 957 15
243 330 10
331 458 12
331 490 9
331 884 7
332 759 10
332 978 11
234 332 10
332 722 9
333 480 12
334 867 9
335 400 10
200 335 13
335 633 11
273 336 10
336 450 12
336 411 7
336 716 13
337 612 14
337 833 7
151 337 9
28 338 11
294 338 13
339 380 10
98 339 13
339 769 12
340 684 12
340 357 10
340 679 11
341 523 10
341 953 12
247 341 9
142 341 10
342 922 10
342 925 11
281 343 10
343 746 11
252 343 10
16 344 11
202 344 11
4 344 11
344 932 11
299 345 9
129 345 12
345 375 10
346 514 10
346 964 11
347 753 11
347 922 12
294 347 12
347 406 10
348 719 11
348 664 9
349 964 13
164 349 8
350 464 12
110 350 11
231 350 10
351 543 11
351 553 10
44 351 11
308 352 13
352 625 9
352 485 12
352 553 10
119 353 11
353 632 13
253 354 13
354 600 14
53 355 12
355 775 9
120 355 10
355 697 10
128 355 12
355 872 10
198 356 8
356 360 11
356 637 12
98 356 8
88 356 8
357 571 12
357 696 12
288 357 9
357 778 11
358 857 9
214 358 9
76 358 12
359 494 9
350 359 7
359 772 12
359 813 11
360 758 10
54 360 9
40 360 8
360 690 8
50 360 7
315 361 9
361 535 9
361 893 9
163 362 13
295 362 11
362 662 14
227 362 9
363 490 11
363 473 8
363 848 8
364 584 9
364 741 13
364 684 10
303 364 13
155 365 11
183 365 14
365 682 6
344 365 9
366 461 7
366 433 10
329 367 12
53 368 10
368 678 9
368 379 8
368 458 10
290 369 12
369 392 13
370 445 12
370 706 13
371 988 10
12 371 9
41 372 11
372 679 11
372 684 11
370 373 11
373 596 8
230 373 15
324 374 10
231 375 13
375 723 11
375 772 10
375 944 9
375 675 10
375 973 12
129 376 14
376 972 17
376 457 10
377 946 13
345 378 13
378 886 11
378 516 10
9 378 9
150 379 10
379 477 14
379 876 11
379 396 9
380 790 8
380 900 10
341 381 10
381 851 11
382 539 10
382 658 12
371 382 11
87 383 11
383 919 8
383 424 12
379 384 11
384 869 11
385 864 10
385 529 8
385 473 14
174 386 9
217 386 12
386 675 13
287 386 11
386 985 9
384 387 10
387 764 12
388 702 12
388 586 10
65 388 9
265 388 12
388 625 10
389 410 10
389 872 9
167 389 12
154 389 8
334 390 11
390 764 9
82 390 9
391 897 12
302 392 9
392 810 12
231 392 8
294 392 11
392 625 10
345 393 8
393 975 11
197 394 8
336 394 14
128 394 10
394 472 10
326 395 11
49 395 8
395 501 9
395 439 10
396 902 13
396 466 11
20 396 10
397 515 11
397 925 10
397 511 12
398 483 11
188 398 9
398 948 11
399 449 10
399 577 10
399 776 13
56 400 9
51 400 7
401 836 13
401 605 11
402 809 11
403 738 10
403 506 10
403 856 12
344 404 14
58 404 12
391 404 9
302 405 9
405 918 8
236 405 10
326 405 13
168 406 11
285 406 10
1 407 12
125 407 12
316 408 12
338 408 8
408 651 12
409 480 8
45 409 9
179 410 10
410 874 9
411 654 11
411 941 7
412 671 13
390 412 10
413 417 9
327 413 9
380 413 9
409 414 9
414 831 9
264 414 11
414 577 9
24 415 9
321 415 14
250 415 11
122 416 12
358 416 9
323 416 9
416 716 12
417 593 12
387 417 8
283 417 13
343 418 13
365 418 14
161 418 10
317 419 10
377 419 13
119 419 13
80 420 11
420 809 9
420 840 11
421 810 18
12 421 11
308 421 9
421 888 12
421 865 8
422 871 10
174 422 10
414 422 8
270 422 13
98 423 12
423 872 10
423 998 11
424 540 12
425 762 9
425 956 12
425 987 14
194 425 7
426 872 8
426 788 10
426 849 10
427 909 12
427 735 11
427 917 10
36 428 6
428 882 9
384 428 11
428 538 8
429 946 9
361 429 13
429 773 10
430 991 13
430 507 7
112 430 14
371 430 11
431 595 8
128 431 13
255 431 13
432 757 13
433 660 14
126 433 10
433 887 11
26 434 11
434 812 14
435 906 8
435 637 12
435 795 13
435 820 14
57 436 12
436 705 11
146 436 9
437 997 11
219 437 13
59 438 13
438 521 9
438 479 11
438 971 9
439 753 16
387 439 9
439 887 12
439 495 12
304 440 10
59 440 10
441 465 9
442 780 10
405 442 8
442 911 12
104 443 10
443 608 8
126 444 8
160 444 13
22 444 10
444 845 11
72 445 15
445 804 15
445 862 11
445 550 8
204 446 12
446 719 12
105 446 13
446 742 12
350 447 8
405 447 9
157 447 10
448 703 12
448 518 12
393 448 8
448 686 11
322 448 12
172 449 9
449 508 10
450 569 9
75 450 7
288 450 10
451 594 9
451 640 9
451 907 8
450 451 9
452 995 10
420 452 10
147 452 8
340 452 12
453 463 9
453 748 7
453 737 14
206 454 9
59 454 13
454 576 13
454 592 11
272 454 9
455 678 12
381 455 10
35 455 9
153 456 9
116 456 9
64 457 8
457 873 11
457 552 11
51 458 9
26 458 12
458 789 12
321 459 12
5 459 11
416 459 10
459 887 13
460 832 10
460 871 10
460 885 9
461 550 15
112 461 14
462 549 10
437 462 10
399 462 14
462 532 12
463 677 11
412 463 12
80 464 11
323 464 11
464 922 11
422 465 10
465 719 9
27 465 10
465 547 8
426 466 13
424 466 10
403 466 14
466 814 11
466 585 12
467 908 4
176 467 12
215 467 12
467 495 10
401 468 8
468 912 11
29 469 7
469 704 11
261 470 11
470 481 10
378 471 11
438 471 8
69 471 13
472 807 10
472 705 11
472 486 10
472 927 9
473 730 11
473 489 11
242 473 9
365 474 11
474 672 7
474 790 11
474 886 11
475 915 12
363 475 9
476 980 13
70 476 9
363 476 7
476 962 11
251 477 10
441 477 11
115 477 12
478 755 9
478 503 11
478 515 7
479 612 10
479 747 9
479 975 6
68 479 12
276 480 8
480 888 12
480 846 9
480 614 11
332 481 10
481 626 9
408 482 12
190 482 13
482 498 10
483 818 10
484 642 12
62 484 11
484 625 10
485 762 7
50 485 10
486 963 7
375 486 13
473 486 11
487 777 7
487 574 10
467 487 11
429 488 8
488 625 12
423 488 10
113 489 10
489 621 8
489 516 10
489 497 14
489 636 11
424 490 12
362 490 9
462 490 9
273 491 13
17 491 12
435 491 11
70 492 11
492 892 8
222 493 12
106 493 11
348 493 8
116 493 11
494 521 13
494 742 9
494 869 8
361 494 14
320 494 13
494 870 9
495 983 11
495 852 9
495 897 12
396 496 9
85 496 11
272 497 10
41 497 11
497 886 11
498 986 7
498 500 11
218 499 10
309 499 11
499 821 13
370 500 8
500 563 13
500 724 9
501 884 9
307 501 8
149 501 10
46 502 11
502 527 11
82 502 9
30 503 11
504 640 9
450 504 7
268 504 7
283 505 12
505 692 11
177 505 9
505 578 7
306 506 10
506 729 10
354 507 11
497 507 11
507 624 13
508 979 13
508 770 13
508 843 12
508 824 11
103 509 10
391 509 7
94 509 13
509 812 8
255 510 10
510 747 7
5 510 6
510 835 13
510 843 12
297 510 12
511 886 12
139 511 10
511 869 9
511 937 11
252 512 12
89 512 14
512 938 13
106 513 6
83 513 13
482 514 9
514 822 10
514 994 13
515 693 11
350 515 11
515 964 7
137 516 10
516 935 12
431 516 11
517 909 9
308 517 7
517 652 9
517 841 9
506 517 14
518 714 8
414 518 13
518 598 12
353 518 8
419 519 8
283 519 14
248 520 7
520 983 9
262 521 13
267 521 11
517 522 12
212 522 13
156 522 15
522 882 7
522 785 13
523 797 11
441 523 11
480 523 6
426 523 8
524 877 11
23 524 15
524 638 11
411 525 14
525 862 11
526 883 9
48 526 11
526 622 11
526 953 10
269 527 16
455 527 13
527 533 10
528 974 10
528 538 12
528 639 8
529 713 8
51 529 9
453 529 7
529 718 6
530 550 8
346 530 11
530 552 12
201 531 11
2 531 11
531 981 6
337 531 7
225 532 7
532 776 14
532 793 14
521 533 15
531 533 11
533 590 9
142 534 12
534 614 12
370 534 10
535 747 8
425 535 10
341 535 8
535 785 11
442 536 10
499 536 10
40 537 14
537 633 10
96 537 9
152 537 8
232 538 6
66 538 10
538 686 12
58 539 10
443 539 11
160 540 12
540 606 9
541 915 11
181 541 12
429 541 9
542 869 14
542 759 11
542 555 11
542 764 10
543 979 8
339 543 14
436 544 10
521 544 8
236 545 12
545 829 9
266 545 12
546 926 9
104 546 11
547 904 12
547 692 10
547 661 7
239 548 8
188 548 14
548 769 8
132 549 7
550 988 11
392 550 10
318 551 11
552 852 13
335 552 12
552 942 11
319 552 8
552 627 10
84 553 11
553 902 8
553 721 11
554 869 10
24 554 11
551 554 14
554 625 9
480 555 13
329 555 10
555 869 11
555 792 13
329 556 14
556 801 14
286 556 11
556 906 9
228 556 10
557 872 13
542 557 12
523 558 8
558 948 11
559 878 11
169 559 12
461 559 9
67 559 9
496 560 10
440 560 7
216 560 11
33 561 9
561 566 9
561 639 13
458 562 9
562 741 12
562 904 9
289 563 13
446 563 11
563 642 14
133 563 12
563 663 12
495 564 14
564 961 12
301 565 7
282 565 13
566 771 11
43 566 11
125 566 8
204 567 7
567 956 12
567 702 8
158 568 13
568 675 11
561 569 9
569 852 10
383 569 9
259 570 12
570 704 8
128 571 11
362 571 13
571 705 9
572 767 10
18 572 11
329 572 8
573 989 7
41 573 11
121 573 9
574 938 10
392 574 11
313 574 13
575 769 7
100 576 9
575 576 9
501 576 9
577 847 12
291 578 9
578 766 11
579 666 12
53 579 11
364 580 9
580 663 9
547 580 11
559 581 11
226 581 12
581 667 9
46 581 8
93 582 10
582 735 13
161 582 8
583 805 8
223 583 12
499 584 10
79 584 10
511 584 13
585 634 10
585 847 14
585 790 9
89 585 11
586 940 9
586 976 11
437 586 8
587 831 11
587 953 13
566 587 9
346 588 13
588 595 10
236 588 13
99 589 11
589 968 11
541 589 11
45 590 10
62 590 12
374 590 9
590 847 10
591 761 10
401 591 12
8 591 7
144 592 8
89 592 12
41 592 8
593 764 11
242 593 13
342 594 11
270 594 9
537 595 9
564 595 12
595 953 10
595 675 13
596 905 11
450 596 10
421 596 7
597 656 13
597 694 12
71 597 9
111 598 9
598 985 11
186 599 11
599 728 13
599 804 9
600 977 12
2 600 12
600 837 12
201 600 10
89 600 9
355 600 11
460 601 9
431 601 9
601 981 8
419 602 13
602 929 11
602 923 13
602 867 7
602 651 11
163 603 10
428 603 11
604 659 10
501 604 10
199 604 13
391 604 11
121 605 10
82 605 7
584 605 9
605 689 10
606 937 9
606 972 17
607 866 10
5 607 9
607 672 11
368 608 11
37 608 11
609 929 9
368 609 7
323 610 7
416 610 14
554 610 10
611 934 10
611 710 10
255 612 7
205 612 7
8 612 7
613 691 9
609 613 9
614 829 11
374 614 10
512 614 10
163 615 11
212 615 10
616 893 11
616 925 8
617 639 13
166 617 11
618 918 9
618 667 8
618 891 13
509 619 10
619 762 11
619 826 13
490 620 9
32 620 9
248 620 11
58 620 9
586 621 11
504 621 10
323 621 14
155 622 8
601 622 10
103 622 9
272 622 10
277 623 9
430 623 11
623 855 10
335 624 13
406 624 8
624 768 12
624 818 12
625 739 6
75 625 9
625 937 4
193 626 9
626 866 9
372 626 13
626 863 7
215 627 7
627 812 11
168 627 9
628 947 12
81 628 12
628 929 9
629 919 10
392 629 10
603 629 13
416 629 11
30 630 14
631 982 11
127 631 12
481 631 11
631 730 5
483 632 12
220 632 11
618 633 12
633 708 9
224 633 10
633 867 9
634 781 10
167 634 12
635 990 14
369 635 10
636 826 9
636 894 11
637 839 11
210 637 13
439 638 11
56 638 11
593 638 10
27 639 12
639 665 11
639 651 11
582 640 9
635 640 5
406 640 11
31 641 13
305 641 11
641 980 10
342 641 13
410 642 10
642 715 7
253 642 12
601 643 10
246 643 14
357 644 11
644 868 11
242 644 15
644 859 14
645 832 11
408 645 9
512 646 8
646 820 13
646 723 9
332 647 9
174 647 12
428 648 11
648 895 13
649 875 13
649 937 12
649 709 11
321 649 11
497 650 10
650 734 10
641 650 11
277 650 9
643 650 10
465 651 8
468 651 9
651 768 12
254 651 9
652 749 11
1 652 11
544 652 11
410 652 14
626 653 14
653 876 8
224 653 11
654 701 12
37 654 7
464 655 9
655 994 9
655 937 9
656 926 10
656 689 17
656 791 15
656 979 13
474 656 12
657 696 11
595 657 10
587 658 13
512 658 16
123 659 13
660 804 10
273 660 10
93 660 11
486 661 12
457 661 7
661 738 11
329 661 9
176 662 11
662 989 9
243 662 14
663 865 11
663 922 9
663 684 7
517 663 12
207 663 8
369 664 10
249 664 11
318 664 12
93 665 12
83 665 9
666 778 18
388 666 9
553 667 13
468 667 10
667 717 12
144 668 12
668 725 13
219 668 9
367 669 12
467 669 10
322 669 9
328 670 9
670 896 7
670 718 14
71 671 9
255 671 12
100 672 12
550 672 11
18 672 9
440 672 9
531 672 10
673 998 11
334 673 10
349 673 7
451 673 17
674 983 9
88 674 11
674 751 9
469 674 10
547 675 9
675 820 11
675 981 8
240 675 9
676 887 12
158 676 9
318 677 9
677 776 13
271 677 10
173 678 11
657 678 10
262 678 10
29 679 14
180 679 10
679 826 9
306 679 11
309 680 10
432 680 12
225 680 9
295 681 13
432 681 9
511 681 10
256 682 12
604 682 8
530 682 11
586 683 8
243 683 7
683 912 12
59 684 10
611 684 14
69 685 8
209 685 9
686 720 9
275 686 7
686 711 9
138 687 8
255 688 11
85 688 10
689 793 10
689 982 10
585 689 9
690 970 8
288 690 10
233 690 10
40 691 12
691 996 10
137 691 14
691 742 12
340 692 6
39 692 10
68 692 11
692 767 10
120 693 11
262 693 15
693 877 10
364 693 10
62 694 12
288 694 9
694 806 11
292 695 10
695 991 7
695 820 12
380 696 12
675 696 9
696 935 8
376 696 10
696 809 9
697 879 10
697 702 11
631 697 11
441 697 11
214 698 10
698 838 11
361 698 10
699 759 13
344 699 9
699 999 9
133 699 11
231 700 11
244 700 11
700 703 8
362 700 13
701 910 10
141 701 12
168 701 11
436 702 8
604 702 10
400 702 7
703 954 9
272 703 11
46 703 13
184 703 12
203 704 12
704 765 12
429 704 10
414 704 7
581 704 9
283 705 11
284 705 8
705 861 9
368 706 8
515 707 10
707 881 10
627 707 13
38 707 11
708 862 8
316 708 10
571 708 11
580 708 10
709 786 10
147 709 13
123 709 11
310 710 12
472 710 9
391 710 11
236 710 14
640 711 11
711 883 8
378 712 8
87 712 12
281 713 11
194 713 11
306 714 13
563 714 11
336 714 6
574 715 12
449 715 8
275 716 8
716 764 6
716 855 9
166 716 11
34 717 11
167 717 7
717 867 12
503 718 13
618 718 13
437 718 10
680 718 12
145 719 10
460 719 10
395 720 10
654 720 12
580 720 9
134 721 7
401 721 10
300 721 10
722 742 12
722 826 10
709 722 10
723 784 10
121 723 16
530 724 10
724 969 13
724 871 8
699 725 13
725 775 8
549 725 8
364 726 12
543 726 11
5 727 12
600 727 12
728 773 11
658 728 9
728 872 9
387 729 10
117 729 11
683 729 11
7 730 13
730 754 10
706 730 12
27 730 8
330 731 10
383 731 11
230 731 8
677 732 11
732 783 13
732 986 12
725 732 12
121 733 16
260 733 13
103 733 13
82 734 14
467 735 9
453 735 13
735 945 12
735 785 8
235 736 14
736 951 8
361 736 8
737 742 8
559 737 10
422 737 11
593 738 13
739 844 13
279 739 11
739 758 8
556 740 13
202 740 11
629 740 13
740 789 10
149 740 12
741 850 12
742 912 11
265 742 14
208 742 7
425 743 10
417 743 13
668 743 6
675 744 8
74 744 13
744 816 11
650 744 12
631 744 10
591 745 9
411 745 13
633 745 10
509 745 13
746 892 11
216 746 9
30 747 10
319 747 11
748 823 10
748 856 11
749 971 9
304 749 10
500 749 10
672 750 12
302 750 8
750 797 9
353 751 14
131 751 11
109 751 13
605 751 11
544 752 6
122 752 10
550 753 9
222 754 10
539 754 15
477 755 12
398 755 8
439 755 10
159 756 7
670 756 16
235 756 11
757 894 8
351 757 10
757 970 10
686 758 9
758 997 11
193 758 12
146 758 10
74 758 6
541 759 7
759 997 14
443 759 12
759 971 11
208 760 10
337 760 8
429 760 15
760 828 11
761 979 15
185 761 10
361 761 10
515 762 10
221 762 11
42 762 9
287 763 9
606 763 8
762 763 10
448 763 9
36 764 12
116 764 7
764 856 6
687 764 9
765 806 8
765 893 10
654 765 12
268 766 10
731 766 14
603 767 10
223 767 13
659 768 12
54 768 12
768 947 7
290 768 13
554 768 12
211 769 13
670 769 8
679 769 10
129 769 10
770 962 12
770 872 9
770 784 12
755 770 13
310 770 10
542 771 8
771 965 10
14 772 8
772 970 12
498 772 10
772 929 11
772 855 11
125 773 7
168 773 13
111 773 9
87 773 12
296 774 9
186 774 12
774 817 11
548 775 14
174 776 12
355 776 13
655 777 11
777 813 10
65 777 11
34 778 12
658 778 10
603 778 11
396 778 10
779 966 9
418 779 9
734 779 8
5 780 12
15 780 13
140 781 11
316 781 11
781 906 13
782 958 12
63 782 13
727 783 11
451 783 10
73 783 11
783 837 12
200 784 11
283 784 11
161 785 13
78 785 9
473 785 11
507 786 11
371 786 11
554 787 15
117 787 14
244 787 7
265 787 11
478 787 7
361 788 11
492 788 12
536 788 15
414 789 10
368 789 8
763 790 10
10 791 11
791 807 10
523 791 10
457 792 11
97 792 9
56 792 10
496 792 9
292 793 9
636 793 8
793 882 9
794 845 14
732 794 8
25 794 10
495 794 10
794 996 10
246 795 10
795 812 10
795 984 14
562 795 8
694 796 13
406 796 8
569 796 12
438 797 8
164 797 13
797 894 15
441 797 11
763 797 8
563 797 9
167 798 8
492 798 7
349 798 11
211 798 10
738 799 11
656 799 11
51 799 9
800 949 9
462 800 10
280 800 10
420 800 6
378 801 11
69 802 10
802 873 11
174 802 14
509 802 9
184 802 6
309 803 9
632 803 14
144 803 10
4 803 13
93 804 10
69 804 10
804 870 10
649 805 11
465 805 12
74 805 8
12 806 14
600 806 9
133 806 7
405 807 9
665 807 9
179 807 9
407 808 12
698 808 13
258 809 8
809 850 9
513 809 11
164 809 16
698 810 7
329 810 12
691 810 13
190 810 12
598 811 6
500 811 9
760 812 7
615 812 10
812 945 9
38 813 11
813 870 15
596 814 14
140 814 11
392 814 10
815 900 10
815 885 13
816 884 11
566 816 13
156 816 11
816 848 8
591 817 12
379 817 11
772 817 9
817 909 11
160 818 8
818 847 10
818 887 11
795 819 10
536 819 11
349 819 10
425 820 11
230 820 10
602 820 10
433 821 7
197 821 6
429 821 11
599 821 6
61 822 12
388 822 9
0 822 12
76 822 17
739 822 11
823 971 9
345 823 13
21 824 9
824 852 15
337 824 13
294 825 11
243 825 11
0 825 10
723 825 10
68 826 11
826 871 9
295 827 10
328 827 14
733 827 9
824 827 11
197 828 8
439 828 8
760 829 10
81 829 13
618 829 11
78 830 12
831 871 10
760 831 12
725 831 13
832 838 11
223 832 13
662 832 8
107 833 15
785 833 11
834 922 9
834 869 11
78 834 6
268 835 8
493 835 8
465 835 13
590 836 8
264 836 8
215 836 13
361 837 14
712 837 15
612 837 9
207 837 10
565 838 11
51 838 11
756 838 11
774 838 13
609 839 9
321 839 12
678 839 12
571 839 9
839 947 8
129 840 8
141 840 9
515 840 13
548 840 12
34 841 10
789 841 14
49 841 10
798 841 11
424 842 9
183 842 10
612 842 6
500 842 12
193 843 13
843 946 9
772 843 13
541 844 8
769 845 12
845 951 13
77 845 14
846 896 11
257 846 9
813 846 12
847 960 9
522 847 15
543 848 9
81 848 12
382 848 10
669 848 7
848 857 11
254 848 9
798 849 11
838 849 11
447 849 10
203 850 9
473 850 10
619 850 9
696 850 11
345 851 10
346 851 9
852 893 11
513 852 10
852 948 10
818 852 11
340 853 9
511 853 8
2 853 10
145 854 12
854 991 13
169 854 10
550 855 11
215 855 13
628 855 12
781 856 10
229 856 12
561 857 11
812 857 14
533 857 8
592 858 10
858 993 6
858 966 8
572 859 10
659 859 8
666 859 8
682 860 13
187 860 10
380 860 10
707 860 8
626 861 16
12 861 9
719 861 9
268 861 9
730 862 15
122 863 7
424 863 10
484 863 12
183 864 10
815 864 11
481 865 12
848 865 13
9 865 8
362 866 12
356 866 10
867 957 10
249 867 12
712 867 10
770 868 9
615 868 11
25 868 10
478 869 9
869 911 9
869 891 10
869 934 11
763 869 10
71 870 8
41 870 7
392 870 8
528 871 13
871 991 11
872 960 10
461 872 9
804 872 10
157 872 13
561 873 9
321 873 15
851 873 12
74 874 9
544 874 10
8 874 10
764 874 9
592 875 9
875 987 10
263 876 11
523 876 11
471 876 11
846 876 15
99 877 14
34 877 10
520 877 9
102 877 9
24 878 10
878 983 9
820 878 11
311 878 12
879 896 12
32 879 10
59 879 9
492 879 12
467 880 11
773 880 9
175 880 10
189 881 12
589 881 12
413 881 10
39 882 11
603 883 10
443 884 12
131 884 9
399 884 9
264 884 10
43 884 7
632 885 11
47 885 11
445 885 15
595 885 11
446 886 10
361 887 10
681 887 12
782 887 5
532 887 11
852 887 11
711 888 10
787 888 12
566 888 10
234 889 10
890 946 9
803 891 10
295 891 10
704 892 10
892 962 7
254 892 8
441 892 13
121 892 11
755 893 16
821 893 12
610 893 12
210 893 10
277 893 11
665 894 14
133 894 10
218 894 11
409 894 11
459 895 10
855 895 11
396 896 9
644 896 10
775 896 11
897 932 10
424 897 7
840 897 10
145 897 14
763 898 7
797 898 9
641 898 11
224 898 9
445 899 10
826 899 12
507 899 16
313 900 11
771 900 11
1 900 10
32 900 9
330 901 12
693 901 11
170 901 12
157 901 11
541 902 11
230 902 9
312 902 10
843 902 8
358 903 11
903 949 13
202 903 9
664 904 10
744 904 7
733 904 10
458 904 10
251 905 11
446 905 9
794 905 10
433 906 9
393 906 10
639 907 10
835 907 12
158 907 13
892 907 10
908 937 10
186 908 11
415 908 12
430 909 9
829 909 12
638 909 11
135 909 9
886 910 11
709 911 11
449 911 6
435 911 8
610 912 11
871 912 12
15 912 9
816 913 11
914 975 13
914 972 10
915 985 12
191 915 11
743 915 6
87 916 12
64 916 10
284 916 13
847 917 13
868 917 7
95 917 12
722 917 12
649 918 9
543 918 11
270 918 7
919 939 14
128 919 12
642 919 11
444 920 12
733 920 12
593 920 10
644 921 11
799 921 12
139 922 11
501 922 9
837 923 12
642 923 11
419 923 8
271 923 8
44 924 9
667 924 12
924 980 10
239 924 15
396 924 11
701 925 10
787 925 10
802 925 12
696 926 13
182 926 12
926 946 10
488 927 12
556 927 9
721 928 9
17 928 10
691 928 13
220 928 15
128 929 11
561 929 10
620 929 10
389 930 13
66 930 11
497 930 9
392 930 12
590 931 11
688 931 9
417 932 8
900 932 14
892 932 9
750 932 9
229 933 7
36 933 13
254 933 10
357 933 13
233 934 9
133 934 12
156 934 11
824 934 12
926 935 12
524 935 11
827 935 10
412 935 10
595 935 9
62 936 12
157 936 10
631 936 10
562 936 10
171 936 11
245 937 10
815 937 15
114 938 13
254 938 11
548 938 10
432 939 12
321 939 9
6 940 12
454 940 10
602 940 12
566 940 8
810 941 10
237 941 11
788 941 10
87 941 7
6 942 9
619 942 9
490 943 9
493 943 7
484 943 10
363 944 16
45 944 12
459 944 15
830 944 12
685 944 12
344 945 11
703 945 8
649 945 13
517 945 9
931 945 11
127 946 9
357 946 12
507 946 10
70 947 13
723 947 11
282 947 10
948 959 11
929 948 11
851 948 10
794 949 10
33 949 10
745 949 13
501 950 12
818 950 12
725 950 9
514 951 8
822 951 11
831 952 13
266 952 11
394 952 11
616 952 8
77 953 8
869 953 11
833 953 10
876 954 14
223 954 14
14 954 9
954 968 11
850 955 11
99 955 13
130 956 9
351 956 10
414 956 13
632 956 9
220 957 11
665 957 9
163 957 12
806 957 9
273 958 10
556 958 12
458 958 12
133 959 12
634 959 13
474 959 11
763 960 11
731 960 6
942 960 9
286 961 9
27 961 12
548 961 12
457 961 7
911 962 13
363 962 10
278 962 11
677 962 9
1 962 10
826 963 11
280 963 8
852 964 7
221 964 13
615 965 10
328 965 10
881 965 11
964 966 13
811 966 13
349 967 8
168 967 8
640 967 9
353 967 15
967 997 11
807 968 13
291 968 8
969 993 12
925 969 13
864 969 10
508 970 12
611 970 10
47 971 11
746 971 10
480 972 11
960 972 13
510 972 10
433 973 8
863 973 12
973 979 9
279 974 11
278 974 11
379 974 13
595 975 8
30 975 12
975 993 13
611 975 7
63 975 9
688 975 10
268 976 12
171 976 9
922 977 13
15 978 11
570 978 8
261 978 7
97 978 9
138 979 10
503 979 11
743 979 7
288 980 9
709 980 10
450 980 11
490 981 9
206 981 9
7 982 11
462 982 11
333 982 14
702 983 10
779 983 12
911 984 10
729 984 11
96 984 10
751 985 10
660 985 13
970 985 8
946 985 8
937 986 13
168 986 13
784 986 11
339 987 8
879 987 11
885 988 11
561 988 12
69 988 10
279 988 11
45 989 12
439 989 8
646 990 10
171 990 12
191 990 8
580 991 11
477 991 10
783 991 9
931 991 13
219 992 7
257 992 9
819 992 12
673 992 9
167 993 14
599 993 9
715 993 11
977 994 10
632 994 10
14 994 11
846 995 10
496 995 12
198 995 9
79 996 10
83 996 10
943 996 11
840 997 9
260 997 10
124 997 15
991 998 10
568 998 18
365 998 9
109 998 10
732 999 12
