100
0
4
7
8
7
5
4
4
8
8
7
5
7
3
6
7
1
3
2
7
3
3
7
4
7
9
2
10
4
8
9
8
9
4
5
3
4
7
4
8
7
5
3
7
6
10
3
2
3
4
2
2
1
5
5
6
9
9
5
2
6
9
4
1
2
10
7
6
3
7
5
6
4
4
4
2
2
6
8
5
6
6
3
5
2
9
7
7
8
10
7
9
9
6
5
7
4
8
8
7
0 86 6
0 10 9
0 74 12
0 17 11
1 89 10
1 81 12
1 6 9
1 44 12
1 51 8
1 95 11
2 38 8
2 94 11
2 31 12
2 97 11
2 96 13
3 27 9
3 17 15
3 5 11
3 95 12
4 31 8
4 89 8
4 20 10
4 94 11
1 5 13
2 5 11
5 59 16
5 75 12
6 50 13
6 59 11
6 45 12
6 56 11
6 41 10
7 65 12
7 30 9
7 51 11
7 98 10
8 45 15
8 25 10
8 49 12
8 88 8
8 33 13
9 86 14
9 48 10
9 41 15
9 96 11
9 87 11
9 67 9
10 54 7
10 35 10
10 47 9
9 10 7
10 57 8
11 30 9
11 65 9
11 63 7
11 85 14
12 83 11
12 94 11
12 65 13
13 32 8
13 38 11
13 34 8
13 60 13
13 73 9
14 82 7
14 25 10
14 27 13
14 51 12
14 24 11
14 94 10
15 47 10
15 48 12
15 19 11
15 73 10
15 40 9
15 88 13
16 35 11
16 42 7
16 18 9
16 31 11
12 16 9
17 80 11
17 26 11
16 17 9
2 17 12
17 76 13
18 52 7
18 59 9
7 18 11
18 83 10
18 28 9
18 46 13
19 94 14
2 19 13
14 19 12
19 71 7
19 59 8
20 35 9
20 84 10
5 20 7
20 63 9
20 24 11
20 43 9
21 78 8
21 89 11
21 46 12
6 21 11
21 55 11
22 59 12
22 54 14
22 39 11
8 22 11
23 86 13
14 23 10
23 62 10
9 23 9
23 27 11
24 88 13
21 24 12
22 24 13
24 64 10
24 73 12
24 84 9
24 65 8
25 71 7
25 88 12
25 94 11
25 57 8
25 72 12
9 26 12
21 26 13
18 26 10
4 26 7
26 97 9
0 26 7
27 34 11
27 59 8
27 53 10
25 27 11
4 28 12
2 28 11
28 75 8
20 28 10
5 28 10
28 60 8
29 55 14
12 29 11
1 29 12
29 33 9
30 83 7
29 30 9
30 32 11
30 52 10
8 30 8
7 31 12
23 31 11
31 44 16
31 45 14
19 32 9
31 32 12
32 82 10
22 32 10
32 85 7
32 48 11
33 93 13
33 77 5
26 33 11
2 33 12
33 37 10
33 95 13
33 74 10
34 82 13
2 34 9
34 90 11
17 34 16
34 91 8
35 99 7
26 35 9
35 91 13
35 58 11
35 76 9
36 80 7
35 36 13
36 98 8
36 72 14
26 36 13
37 82 12
13 37 11
5 37 12
0 37 15
18 37 8
18 38 14
38 87 11
38 73 8
38 48 11
7 39 11
39 92 10
39 45 12
39 97 10
39 66 8
39 74 11
29 39 11
40 51 10
33 40 11
40 56 11
37 40 11
8 40 11
41 80 13
33 41 8
41 51 9
41 46 10
42 56 11
25 42 12
4 42 11
42 79 10
43 86 13
31 43 8
43 63 12
28 43 10
19 44 12
29 44 12
44 77 10
3 44 10
44 59 12
45 50 9
26 45 9
15 45 10
45 49 11
24 45 9
2 46 11
46 90 10
28 46 9
15 46 11
45 47 11
47 73 13
47 54 9
47 61 8
3 48 8
20 48 13
46 48 9
18 48 10
48 80 15
14 49 11
0 49 12
29 49 10
49 84 8
49 74 11
50 93 11
50 58 13
39 50 10
19 50 13
20 50 12
51 63 11
51 55 9
51 81 10
34 51 10
51 62 9
0 52 13
8 52 11
1 52 9
52 60 12
45 52 11
40 53 6
53 67 11
38 53 9
41 53 10
5 54 10
53 54 12
54 99 12
46 54 10
18 54 11
54 82 8
48 55 10
55 69 13
49 55 13
15 55 8
56 77 10
56 64 8
56 81 10
29 57 13
43 57 14
57 71 14
57 90 10
57 81 11
9 58 10
58 91 9
1 58 12
38 58 12
49 58 9
53 59 9
21 59 10
59 74 11
32 59 10
52 59 8
20 60 12
60 81 13
60 83 10
60 78 12
4 60 11
34 60 10
35 61 9
15 61 10
61 82 11
55 61 15
61 97 11
27 62 10
29 62 8
14 62 9
58 63 12
42 63 13
63 64 13
33 63 12
54 63 11
63 66 8
64 75 9
64 83 11
48 64 12
4 64 10
36 64 14
45 65 14
14 65 8
62 65 5
65 80 13
32 65 14
0 65 13
59 66 6
66 85 7
45 66 11
57 67 9
36 67 15
67 70 9
41 67 9
63 67 12
56 68 11
43 68 13
2 68 9
52 68 12
19 68 10
68 91 9
62 69 11
35 69 9
69 94 10
4 69 8
5 70 11
70 78 9
0 70 15
53 70 11
71 81 14
6 71 8
14 71 9
35 71 9
38 71 12
43 72 7
18 72 8
29 72 8
73 95 9
69 73 12
73 74 10
3 73 8
58 73 12
48 74 9
70 74 12
74 75 11
56 74 13
74 91 8
29 75 8
75 78 12
44 75 13
19 75 11
75 87 14
3 75 11
69 76 9
58 76 7
6 76 10
24 76 9
76 90 12
48 76 14
59 77 12
12 77 5
4 77 11
45 77 11
42 77 11
69 77 11
78 81 8
78 92 12
39 78 9
9 78 9
78 86 5
77 79 10
16 79 10
31 79 8
51 79 10
38 79 12
37 79 14
6 80 6
80 93 12
72 80 7
34 80 12
35 80 11
80 94 12
18 81 11
8 81 13
19 81 10
16 81 11
82 90 16
30 82 11
28 82 8
47 82 8
24 83 10
8 83 11
57 83 11
83 84 11
84 96 14
48 84 11
9 84 14
84 91 10
10 84 10
85 97 10
80 85 12
64 85 7
24 85 10
8 85 11
50 86 12
15 86 14
86 95 6
86 91 10
21 86 18
20 87 10
74 87 14
59 87 10
1 87 11
68 88 12
71 88 11
88 95 11
88 89 11
88 98 9
45 89 12
37 89 11
14 89 13
16 89 15
65 89 13
69 89 9
2 90 15
90 94 11
54 90 8
25 90 8
22 91 10
77 91 11
57 91 14
72 91 9
91 97 13
51 92 12
16 92 11
26 92 15
80 92 14
74 92 14
8 93 9
77 93 9
14 93 12
56 94 12
54 94 11
94 99 10
15 94 13
4 95 9
34 95 7
61 95 11
89 95 13
55 95 13
75 96 13
68 96 9
52 96 14
49 96 9
1 96 12
3 97 13
53 97 10
81 97 12
84 97 10
42 97 12
82 97 10
15 98 14
44 98 9
59 98 7
22 98 9
26 99 9
2 99 13
31 99 10
10 99 12
82 99 11
