1000
0
8
4
6
6
5
9
10
2
5
3
7
5
9
1
2
3
4
4
7
2
8
10
10
9
6
3
2
3
5
4
3
8
4
8
9
6
3
4
6
6
4
7
5
5
8
2
4
1
3
7
10
7
2
2
8
2
4
6
6
4
2
2
5
6
7
3
1
4
3
7
4
5
6
6
9
8
5
4
3
10
3
7
7
4
2
9
1
2
1
5
10
2
6
1
9
10
9
4
9
3
9
5
3
5
2
9
2
6
7
9
4
8
2
5
2
5
1
9
2
4
9
6
10
6
8
1
9
10
9
10
5
8
4
4
8
2
6
8
3
10
4
4
9
1
3
8
1
6
1
8
4
3
10
6
6
8
6
3
7
8
10
7
3
9
4
2
4
9
10
5
9
4
3
7
1
2
9
3
10
1
4
9
4
3
8
10
7
9
10
9
6
4
8
3
6
7
1
6
4
8
2
9
3
7
6
8
10
5
2
2
4
10
2
9
8
3
8
3
7
5
7
6
7
8
2
2
4
2
10
8
6
4
3
8
6
8
7
3
8
2
5
7
5
9
1
3
3
1
8
3
10
7
3
5
1
5
10
2
5
8
9
9
5
8
6
3
4
3
7
7
6
3
4
9
4
5
6
4
1
3
10
3
2
8
8
6
6
5
5
2
6
8
3
5
6
4
6
2
7
8
6
3
5
1
9
6
8
1
3
3
9
6
4
6
4
3
7
6
6
7
2
2
8
8
1
4
6
2
10
9
6
9
9
9
1
4
4
4
5
9
5
4
3
9
3
9
4
8
5
3
3
5
9
8
5
8
6
4
9
8
2
3
6
1
7
3
5
7
7
7
5
4
5
5
5
3
4
9
6
9
7
7
1
7
6
8
9
6
6
8
9
6
2
1
6
2
3
9
6
9
2
2
3
3
8
7
4
7
9
2
4
3
3
2
7
6
8
8
7
6
7
2
1
2
10
8
4
4
10
4
9
4
8
1
3
7
4
3
8
5
3
7
8
2
5
9
5
9
9
7
6
2
7
3
6
3
6
7
8
4
7
4
9
1
9
10
4
1
3
9
4
2
9
1
8
9
6
5
2
8
1
4
1
5
4
8
3
3
4
4
8
6
6
2
4
9
3
6
7
4
9
7
5
6
6
9
2
5
7
7
6
4
6
2
9
9
5
7
7
2
9
10
8
7
9
6
3
1
7
3
8
1
5
7
10
9
9
6
6
4
3
6
9
8
5
7
8
10
5
6
3
2
4
6
7
7
3
9
6
2
9
2
8
7
10
4
4
1
9
8
5
8
9
9
3
2
2
3
10
6
7
3
5
2
8
6
2
1
7
2
5
10
4
6
2
8
8
8
9
9
2
4
1
6
7
1
3
10
7
7
5
3
8
2
9
7
4
9
10
4
9
4
7
6
8
6
6
10
6
3
6
8
6
5
2
8
8
7
6
4
3
6
4
5
7
2
6
1
7
5
3
7
5
10
8
9
2
8
9
4
1
4
9
3
8
3
4
7
1
6
10
4
3
4
9
9
1
5
7
8
6
3
9
5
3
9
2
9
9
2
9
7
9
5
8
8
3
10
2
8
2
4
8
8
3
8
6
1
1
4
8
6
2
4
5
3
7
7
2
8
4
8
1
10
2
5
5
3
10
6
2
8
9
10
2
5
2
7
3
2
2
4
4
9
2
4
3
6
6
9
3
7
6
7
2
6
6
3
1
9
7
6
9
3
10
5
2
3
2
7
8
7
2
8
6
2
5
7
7
1
9
6
10
8
2
1
5
6
2
4
7
5
9
1
8
1
1
10
10
7
6
1
5
1
4
4
1
3
7
7
4
6
3
3
3
7
8
9
4
2
1
4
3
9
7
9
9
6
3
8
4
1
8
7
1
3
2
6
7
9
9
8
9
8
9
6
2
2
8
2
2
3
6
7
9
6
1
8
2
7
10
1
8
1
4
8
3
7
2
7
6
5
4
8
4
6
6
8
10
1
4
8
7
8
1
5
4
6
2
2
7
2
4
3
7
9
2
5
10
8
3
5
7
6
8
2
4
9
5
5
9
2
8
2
7
5
4
5
3
2
4
3
3
9
3
8
2
6
5
8
5
3
7
9
1
2
5
8
2
1
1
7
8
3
2
7
9
3
4
10
7
3
9
3
7
4
2
6
2
8
3
6
7
3
8
9
4
2
5
9
4
6
3
5
10
5
4
2
6
9
9
4
6
6
7
1
7
8
5
9
3
4
9
2
3
6
7
3
2
0 516 10
0 846 9
0 981 8
0 495 12
0 197 10
1 577 12
1 422 9
1 488 11
1 471 14
1 576 12
1 139 11
2 847 12
2 410 13
2 880 8
2 201 11
2 160 8
3 872 7
3 555 10
3 459 9
3 386 8
3 6 10
3 598 9
3 631 12
4 446 11
4 671 11
4 838 12
4 981 10
5 776 10
5 461 7
5 499 9
6 756 8
6 71 11
6 23 14
6 878 12
7 645 11
7 35 11
7 623 10
7 973 16
7 809 12
7 589 12
8 124 12
8 681 11
8 136 7
8 959 10
8 943 7
8 744 11
9 379 13
9 850 6
9 781 10
9 871 10
9 800 10
10 87 6
10 649 13
10 184 13
10 331 7
10 392 15
11 961 8
11 141 10
11 807 10
11 195 12
11 416 11
12 777 10
12 168 10
12 693 10
12 222 9
13 459 13
13 32 12
13 834 10
13 349 13
14 430 7
14 119 11
14 166 11
14 525 8
14 725 9
15 335 11
15 584 12
15 750 10
15 395 15
15 179 11
16 330 14
16 506 11
16 872 8
16 786 13
17 25 11
17 376 11
17 885 14
17 410 12
17 109 14
18 243 12
18 407 8
18 950 9
18 465 10
18 522 12
19 235 13
19 37 9
19 574 12
19 640 10
19 966 9
20 155 13
20 115 13
20 362 12
20 462 13
20 105 11
4 20 10
21 162 7
21 229 11
21 676 12
21 249 9
21 274 10
22 328 8
22 130 11
22 794 11
22 438 10
22 523 10
23 650 9
23 696 10
23 304 12
23 339 13
23 419 10
24 430 13
24 664 11
24 792 10
24 467 12
24 223 10
25 94 9
25 215 9
25 441 12
25 290 10
25 749 14
25 254 6
25 772 9
26 634 14
26 961 8
26 94 9
26 783 11
26 993 10
27 460 10
27 70 11
27 955 12
27 428 11
27 81 8
27 201 7
28 128 11
28 318 11
28 251 9
28 894 11
28 644 13
29 91 11
29 822 14
29 654 9
29 708 10
29 265 10
29 190 11
30 939 9
30 512 10
30 481 9
30 439 12
30 552 12
23 30 13
30 88 9
30 953 11
31 766 12
31 470 11
31 120 10
31 327 10
31 826 8
31 905 10
32 696 15
32 522 9
32 310 11
32 920 8
32 705 11
32 713 11
33 228 12
33 684 11
33 191 10
34 345 10
34 79 10
34 334 7
34 796 10
35 370 11
35 292 10
35 981 7
35 819 10
36 803 14
36 262 13
36 215 13
36 683 11
36 411 13
37 98 14
37 455 11
37 231 8
29 37 9
37 235 7
38 543 6
38 526 14
38 198 11
38 548 11
38 491 11
39 732 8
39 718 9
39 368 11
39 811 9
40 467 12
40 509 14
40 912 10
40 868 10
40 107 8
40 64 11
40 647 10
30 41 10
41 720 13
41 83 9
41 930 10
41 743 10
42 291 10
42 962 10
42 929 12
42 652 11
42 999 10
43 135 12
43 783 10
43 622 12
43 52 12
43 841 9
44 185 10
10 44 10
44 411 12
44 976 14
44 100 12
44 413 8
44 198 9
45 500 11
45 992 11
45 892 13
45 814 12
45 389 11
46 643 11
46 302 9
16 46 11
46 878 12
46 965 10
46 798 8
47 569 8
47 637 7
47 598 10
47 116 10
47 959 10
48 332 12
48 720 8
48 269 7
48 820 9
48 877 9
49 770 10
49 869 11
49 546 9
49 248 10
49 716 10
50 494 10
50 60 14
50 883 11
50 201 7
50 462 8
51 665 12
51 847 10
51 462 7
51 940 8
52 665 10
52 457 10
52 849 12
52 203 9
52 690 8
52 564 10
53 263 12
53 850 10
53 69 12
53 638 8
53 181 10
53 865 11
53 409 10
54 278 9
54 61 11
54 554 9
54 721 10
46 55 10
55 899 13
55 208 9
55 950 12
55 611 7
56 409 10
56 884 12
56 57 9
56 562 13
56 123 10
57 510 13
57 244 11
57 284 11
57 940 10
57 338 13
57 216 8
58 835 11
58 116 11
58 456 10
59 836 10
59 397 10
59 645 11
59 229 8
59 427 10
60 645 11
60 968 13
60 962 13
60 622 13
60 845 9
61 88 9
61 151 9
61 868 9
61 450 10
61 523 12
61 179 10
62 732 13
62 229 12
62 141 14
62 823 12
62 924 9
63 840 13
4 63 11
63 218 10
64 933 12
18 64 13
64 489 10
64 866 11
64 312 12
64 710 12
65 854 11
65 167 10
65 712 8
65 529 11
65 989 8
65 725 9
66 980 12
66 644 14
66 415 10
66 654 12
49 66 9
67 759 8
67 227 9
67 313 9
67 530 11
68 666 8
68 578 10
68 688 11
68 285 7
68 751 12
68 115 9
69 893 13
69 297 13
31 69 10
69 191 8
70 367 10
70 333 8
70 142 14
70 758 13
71 592 14
71 389 6
71 982 10
71 802 9
72 251 8
72 532 11
72 337 11
72 175 13
73 145 11
73 446 10
73 80 13
73 934 12
73 308 9
63 73 9
52 73 11
74 257 14
74 496 11
74 579 11
74 273 9
74 294 13
74 778 10
75 526 10
75 318 10
75 453 13
75 780 10
75 224 11
76 810 10
76 201 13
46 76 11
76 812 9
76 443 11
76 818 14
76 959 11
77 287 11
77 909 12
77 676 9
77 270 13
77 615 11
78 720 9
78 82 11
78 138 11
78 929 10
79 952 9
23 79 12
61 79 10
79 941 11
79 886 11
79 697 11
80 971 10
80 735 11
80 793 6
80 272 8
80 575 10
80 87 15
81 522 7
81 204 14
81 443 11
81 892 15
81 838 11
81 377 13
81 320 9
82 947 10
82 872 11
82 835 13
82 742 9
82 489 13
64 83 7
83 310 7
83 490 8
83 184 9
83 867 10
84 364 8
84 482 12
84 933 11
84 623 10
85 519 8
85 800 8
85 775 10
85 929 10
85 901 9
85 258 9
86 102 11
86 935 11
86 150 7
87 909 9
87 570 9
87 381 12
87 521 9
87 687 12
41 87 10
88 700 8
88 939 15
88 942 10
88 310 10
88 810 12
12 88 12
89 920 11
89 961 9
89 622 10
62 89 8
5 89 10
89 967 11
90 298 13
90 866 13
90 368 10
90 116 6
27 90 10
91 833 5
62 91 10
91 564 11
38 91 10
91 517 14
92 899 6
92 779 12
92 705 9
92 217 12
92 281 14
93 989 10
93 579 11
94 445 9
94 439 11
94 212 11
94 373 14
95 701 11
95 593 11
95 901 12
95 957 11
96 753 12
96 510 13
96 820 12
96 653 12
29 97 12
97 465 6
97 504 12
97 309 11
97 595 12
98 182 5
98 385 11
98 837 9
0 98 9
98 470 15
99 607 10
99 958 9
99 626 9
99 491 11
99 335 10
99 911 11
100 278 11
0 100 14
100 107 10
100 526 9
100 121 13
101 397 10
101 808 10
101 622 12
101 765 9
102 790 14
102 838 9
45 102 12
18 102 7
71 103 11
103 879 13
103 596 5
103 235 11
103 434 12
104 707 11
104 161 13
104 644 13
52 105 9
105 160 12
81 105 11
105 462 12
105 529 10
105 728 9
105 940 7
105 740 12
106 187 8
106 877 11
106 413 10
10 106 6
107 461 9
107 912 6
107 693 12
108 619 11
108 446 10
108 292 7
108 253 11
108 691 10
99 109 14
109 562 8
46 109 10
109 925 10
45 109 13
109 919 7
110 380 10
110 172 12
110 856 16
111 607 12
111 115 9
111 569 10
111 886 13
111 738 11
112 885 8
112 921 12
112 264 10
112 224 13
112 562 8
5 112 8
113 745 10
113 129 15
113 291 12
113 154 15
114 702 10
114 952 12
114 780 11
114 746 9
114 645 9
114 972 10
114 271 12
57 115 11
115 527 11
115 553 11
115 544 13
115 767 10
116 307 7
116 898 12
54 116 13
116 287 8
117 769 11
117 999 9
117 318 8
117 331 9
117 511 9
118 847 8
118 125 12
118 285 9
118 905 11
118 167 12
119 134 9
119 181 12
119 813 9
119 495 10
120 302 12
120 585 11
120 723 8
120 612 9
121 641 9
121 204 11
121 856 12
121 900 10
79 121 9
122 530 14
23 122 12
75 122 13
122 591 12
123 815 13
123 629 9
123 692 10
123 171 15
123 474 9
124 216 12
3 124 6
124 234 7
65 124 8
124 765 8
125 730 12
125 484 9
125 975 13
125 820 14
126 923 10
92 126 7
63 126 13
126 188 12
127 966 10
127 695 9
127 751 8
127 432 10
127 910 10
127 272 13
128 252 8
128 922 16
128 709 10
128 718 11
129 232 11
129 370 9
129 910 12
129 155 7
129 240 12
130 226 15
130 216 11
130 199 12
130 875 11
99 130 13
130 203 16
131 239 10
80 131 10
131 674 10
131 337 9
132 162 12
132 701 11
132 452 14
132 963 10
132 756 10
133 970 11
133 316 8
133 960 9
133 974 10
133 948 9
134 981 7
134 762 12
134 626 11
134 841 10
134 775 9
134 669 8
135 710 13
82 135 11
135 817 12
135 464 9
136 218 10
136 373 12
136 296 10
136 556 12
136 727 14
22 136 13
60 137 11
137 207 8
137 478 9
137 615 10
138 666 8
138 925 9
138 322 12
138 928 8
139 518 12
139 159 8
139 437 12
80 139 8
139 823 11
28 139 10
140 959 11
140 364 10
140 685 13
140 537 10
141 409 11
141 153 11
45 141 10
141 643 12
141 824 11
142 579 9
142 642 6
142 396 11
142 700 13
142 190 12
143 619 11
133 143 11
143 609 10
77 143 11
144 760 10
144 825 11
144 671 9
144 396 13
144 415 12
145 798 7
145 861 12
127 145 8
145 564 10
145 636 7
145 361 8
146 292 9
135 146 11
146 659 9
146 215 9
146 167 13
147 333 9
147 934 16
147 766 10
147 369 12
145 147 6
50 148 10
148 890 6
85 148 10
148 394 5
148 529 9
128 148 12
112 148 9
149 170 11
149 223 13
48 149 11
149 333 12
149 613 10
150 882 13
150 547 8
150 738 11
150 544 12
151 256 12
151 245 11
151 633 10
151 776 14
151 219 7
151 258 12
152 728 9
152 446 11
54 152 11
152 862 11
153 297 8
153 481 11
153 308 11
153 981 9
134 154 11
154 837 10
154 860 13
154 419 7
154 984 12
155 638 9
155 315 10
12 155 13
134 155 10
155 508 9
156 210 11
156 841 11
156 779 8
40 156 7
157 282 10
93 157 8
157 297 7
157 736 10
157 376 9
158 240 4
158 270 12
158 524 11
158 543 10
158 854 9
159 254 12
159 770 15
159 278 11
159 635 11
159 282 6
158 160 10
160 455 12
160 221 11
160 776 8
161 948 8
161 567 9
54 161 9
161 207 10
161 301 12
162 417 11
162 597 6
162 846 10
122 162 9
162 312 10
162 500 13
9 163 9
163 325 11
163 446 6
163 659 13
164 528 9
164 546 12
135 164 8
164 304 11
164 200 12
164 383 11
134 165 12
165 669 9
165 995 12
165 268 8
166 228 7
166 293 11
166 605 13
166 620 8
167 211 11
167 984 11
167 388 10
167 266 8
167 979 11
168 519 6
168 191 10
168 690 9
168 439 11
169 511 14
169 297 9
169 810 12
169 744 10
169 837 14
170 615 10
170 918 10
170 342 14
170 744 10
170 436 12
171 257 6
171 304 11
171 276 7
171 388 11
171 313 9
171 849 12
172 480 13
172 519 8
172 201 13
12 172 12
172 988 14
172 202 14
172 875 10
173 703 11
173 568 13
163 173 15
133 173 14
173 229 9
174 698 11
174 512 15
141 174 10
174 947 13
174 452 13
175 908 11
175 513 13
175 394 10
175 242 13
175 796 10
154 176 11
176 589 13
176 728 7
176 693 10
176 478 10
176 642 10
177 581 9
177 681 12
177 674 12
20 177 11
177 234 10
178 905 8
178 543 13
178 355 9
178 613 13
178 955 11
179 779 10
179 451 9
179 918 11
179 356 12
179 655 6
179 799 10
179 476 13
180 915 10
180 853 9
180 488 13
180 905 9
180 466 8
180 414 10
181 353 13
181 947 13
181 657 14
181 435 10
182 946 14
182 551 9
182 248 8
62 182 8
182 555 8
183 742 11
183 411 9
29 183 11
183 669 15
183 803 11
109 184 13
184 320 14
1 184 11
184 946 9
185 481 11
185 551 9
185 892 15
100 185 14
185 599 11
186 482 7
186 591 15
186 735 10
186 607 12
186 406 14
187 874 11
103 187 10
187 478 13
187 605 11
110 187 12
187 638 8
188 850 12
188 297 12
188 809 7
117 188 10
188 917 11
188 670 7
189 213 10
189 409 14
189 580 10
189 271 11
189 966 7
189 950 10
190 736 13
190 748 11
190 517 10
190 541 9
190 756 10
191 871 11
191 273 10
191 433 9
191 530 9
191 364 8
191 870 10
192 514 8
192 292 11
192 677 11
192 408 10
193 506 12
193 757 6
193 318 10
193 508 9
194 931 14
194 656 13
29 194 8
110 194 11
195 709 10
195 486 9
195 884 10
195 664 12
195 762 11
195 311 12
187 196 13
196 512 10
196 652 11
196 553 12
134 196 6
197 632 9
197 970 9
19 197 7
197 480 13
197 329 8
197 884 8
46 198 9
198 286 9
198 868 12
198 329 15
198 806 9
198 725 10
199 604 13
199 582 15
199 470 12
119 199 11
200 925 11
10 200 13
200 258 12
200 420 10
200 393 13
201 994 10
201 215 10
201 625 12
201 594 11
202 866 8
202 865 11
202 265 15
202 757 11
202 984 10
90 202 12
103 202 7
203 836 13
203 689 9
203 751 10
203 967 14
143 204 8
204 763 12
204 235 9
204 849 13
205 653 13
205 538 10
205 548 8
205 355 13
205 832 10
205 401 12
205 232 11
206 329 9
206 969 10
206 334 9
206 879 14
207 870 9
207 346 10
207 838 10
207 588 12
207 748 7
206 207 10
207 577 11
207 285 12
208 755 11
178 208 13
208 789 11
208 509 10
208 877 9
209 382 13
209 841 13
209 292 9
209 820 11
209 786 10
210 390 9
210 313 9
210 315 11
210 333 9
27 210 9
210 631 11
211 732 8
124 211 13
211 667 10
77 211 15
211 407 10
212 830 11
178 212 8
212 365 11
212 903 12
212 372 14
88 212 15
213 839 13
213 840 6
213 730 9
213 904 12
213 442 7
214 316 11
214 372 13
214 677 9
214 609 12
214 653 10
215 537 10
215 320 11
215 376 9
215 398 12
216 636 12
216 958 10
135 216 9
217 677 10
217 687 10
217 841 7
217 903 8
217 871 11
50 218 11
218 265 15
137 218 14
218 465 8
218 747 12
218 420 10
219 989 12
219 865 12
219 554 11
19 219 9
219 823 11
220 916 7
220 755 8
220 568 10
220 441 11
220 865 9
221 929 12
221 535 10
221 992 11
36 221 9
221 979 12
221 997 11
221 537 10
222 681 7
53 222 8
222 941 8
208 222 10
222 474 11
223 580 11
211 223 12
4 223 10
18 223 6
223 289 9
186 223 9
43 223 10
224 652 7
132 224 15
224 869 14
224 634 9
50 224 12
225 496 10
225 886 11
225 476 9
225 531 11
225 419 14
132 225 11
226 804 9
183 226 9
197 226 10
98 227 11
94 227 13
128 227 14
85 227 11
2 227 14
227 403 8
82 228 10
228 850 13
228 473 14
214 228 13
229 441 8
56 229 11
5 229 10
229 940 9
229 607 13
230 685 12
230 989 10
61 230 10
222 230 9
111 230 11
230 737 7
21 230 8
231 832 12
231 751 9
231 361 9
231 683 10
232 785 10
66 232 12
232 660 9
232 431 11
13 232 12
232 908 14
233 443 6
233 258 10
233 570 12
234 523 8
234 509 11
234 682 9
234 797 11
235 767 11
235 559 12
235 808 8
235 570 14
236 683 15
16 236 12
146 236 11
23 236 9
134 236 9
216 236 10
236 326 13
237 730 10
237 819 8
237 763 13
237 918 10
237 869 10
238 951 13
238 972 10
238 440 8
238 302 14
239 604 11
239 925 11
239 802 14
239 407 11
239 886 9
87 240 11
240 250 12
240 927 12
237 240 13
34 241 9
195 241 11
194 241 13
241 482 10
231 241 12
241 556 8
242 514 8
242 673 10
242 922 11
242 365 10
242 415 11
242 776 8
243 735 10
243 475 13
243 372 11
243 387 10
243 861 11
199 243 11
243 843 11
244 307 8
217 244 12
244 512 10
244 847 11
77 244 10
244 474 11
244 587 9
38 244 10
245 904 10
245 479 12
245 932 8
189 246 9
246 667 13
246 575 9
246 754 8
246 840 9
247 803 11
247 497 12
247 675 8
247 892 10
247 817 6
248 906 7
195 248 9
248 571 15
248 452 11
112 249 9
249 342 9
249 771 7
119 249 9
160 249 12
250 339 9
250 622 12
250 857 12
250 275 10
250 668 9
250 802 11
250 704 10
251 735 12
251 555 12
201 251 8
251 709 12
251 624 11
252 939 12
228 252 9
252 824 8
252 297 9
200 252 13
253 527 11
253 922 13
253 610 11
253 683 11
179 254 10
254 532 7
254 814 15
254 845 10
254 430 7
254 367 13
96 255 9
255 423 8
255 930 12
255 626 12
156 255 10
15 255 8
99 256 12
116 256 13
257 938 7
257 264 10
257 800 13
257 368 6
258 911 10
138 258 9
258 989 11
204 258 13
223 258 11
258 672 8
259 540 9
259 988 8
259 912 3
259 519 16
188 259 12
259 331 10
242 259 7
13 260 9
255 260 6
260 556 11
218 260 14
232 260 11
261 693 12
186 261 13
261 549 10
245 261 11
261 326 11
262 960 9
262 698 12
262 430 5
262 482 12
262 726 15
263 646 7
263 722 10
263 952 12
263 361 11
223 263 12
132 263 14
264 331 11
264 971 12
100 264 14
264 274 10
264 916 9
265 546 13
265 706 9
253 265 8
244 265 13
265 369 9
266 683 8
266 515 11
266 539 11
266 279 9
266 663 12
266 336 7
266 594 12
267 640 9
267 593 7
267 556 12
267 876 11
110 268 13
197 268 13
103 268 15
268 479 11
170 269 11
269 835 11
269 688 11
160 269 12
269 289 7
270 363 9
270 317 11
86 270 12
270 972 10
112 271 4
173 271 14
271 438 10
271 850 10
271 746 10
271 675 4
272 981 8
272 608 13
272 963 12
272 300 9
273 280 12
273 787 8
36 273 8
201 273 10
273 868 14
274 323 12
52 274 12
274 652 8
274 905 12
274 670 10
275 370 7
275 963 10
114 275 10
275 480 7
275 688 14
276 977 11
276 442 12
276 440 10
276 854 11
157 276 10
67 276 11
277 618 8
118 277 11
70 277 11
277 491 9
278 655 9
278 813 8
278 733 12
278 991 12
278 331 14
279 920 14
279 633 11
279 666 9
14 279 13
280 779 13
280 365 10
280 566 12
280 891 12
281 713 11
281 615 13
259 281 6
281 292 7
281 917 11
281 763 10
282 352 11
14 282 8
282 507 11
282 443 9
282 411 11
283 932 9
183 283 12
283 843 12
283 958 11
283 703 11
284 625 15
284 579 13
252 284 8
284 829 11
284 602 10
174 284 11
285 753 14
285 715 5
285 333 12
127 285 11
286 429 10
286 430 11
286 706 15
286 824 10
286 870 10
286 350 9
191 287 14
167 287 12
61 287 14
72 288 12
288 549 12
125 288 14
288 977 8
288 922 10
288 596 6
288 355 11
289 658 9
289 734 9
280 289 12
289 962 10
289 796 13
273 289 10
290 780 12
290 763 12
290 541 12
290 395 11
290 307 9
290 915 9
291 643 6
154 291 9
291 476 12
291 955 7
119 291 8
258 292 11
292 932 8
292 822 12
292 375 10
292 428 10
293 930 10
285 293 12
293 393 10
293 403 9
293 861 10
294 906 13
294 516 14
294 381 10
294 947 13
22 295 12
295 960 10
295 601 16
295 935 12
124 295 11
295 735 7
296 944 8
296 831 12
296 711 11
296 980 12
2 297 7
286 297 9
77 297 9
196 297 12
298 903 15
298 555 14
298 801 10
298 386 12
298 729 9
298 723 11
299 730 7
284 299 11
299 529 11
116 299 9
299 917 9
300 773 12
300 370 12
300 357 15
301 671 9
301 886 8
301 699 12
84 301 9
301 378 7
29 302 10
302 845 10
302 778 10
65 302 12
302 987 10
76 302 10
303 679 8
59 303 9
224 303 11
303 795 11
107 303 11
303 364 12
304 463 10
304 805 10
304 907 11
304 637 14
304 803 7
171 305 14
148 305 10
305 439 8
305 871 9
305 674 10
97 306 11
306 655 8
96 306 10
306 341 13
138 306 10
306 396 8
307 606 8
307 914 12
307 447 12
307 480 12
307 779 8
308 484 13
308 793 8
308 460 14
308 495 13
309 594 11
309 436 11
309 998 9
16 309 11
76 310 11
310 876 11
68 310 13
310 920 12
311 377 13
200 311 7
311 736 10
311 689 6
306 312 8
312 725 13
312 758 8
312 346 7
51 312 7
312 485 10
312 935 8
312 463 9
313 395 10
306 313 11
313 364 10
160 313 6
313 808 11
313 946 13
108 314 15
314 826 10
50 314 7
314 932 11
191 314 14
315 885 14
315 402 9
315 938 8
315 499 10
315 952 15
268 315 11
10 316 8
316 906 12
302 316 12
119 316 9
316 878 13
317 325 10
140 317 8
32 317 13
317 984 11
135 317 12
317 356 10
317 513 10
318 771 13
36 318 10
318 795 13
318 749 11
318 700 11
319 856 11
251 319 11
319 540 11
60 319 13
319 744 12
320 767 8
320 590 10
320 450 11
320 807 11
320 584 15
320 946 15
171 321 12
321 327 8
321 438 10
322 604 13
157 322 11
322 843 9
111 322 11
322 996 12
322 751 10
323 547 12
323 377 12
45 323 15
323 450 12
101 323 11
323 418 11
324 537 13
324 702 7
324 980 9
324 541 7
324 588 13
77 325 12
236 325 8
325 884 10
325 382 10
2 326 12
326 792 12
115 326 9
321 326 8
326 865 9
36 326 5
326 380 7
327 659 9
230 327 12
281 327 10
107 327 11
328 473 11
328 983 13
224 328 6
97 328 10
328 836 10
328 398 10
1 328 14
329 939 10
329 941 11
329 683 13
329 984 10
329 483 10
329 400 10
330 463 11
330 919 12
330 482 8
330 341 8
330 907 11
330 340 5
331 530 10
331 372 15
331 526 15
150 331 10
332 434 11
332 925 11
332 846 8
332 978 12
332 883 9
333 540 11
333 375 10
333 591 12
333 780 9
334 345 11
334 464 14
334 855 7
131 334 7
335 545 13
335 662 11
335 763 14
186 335 10
336 529 12
336 488 11
257 336 11
245 336 13
336 874 11
337 641 12
337 419 15
337 562 9
149 337 9
73 337 9
332 338 12
338 853 11
338 544 11
338 372 14
338 906 8
67 339 8
155 339 10
339 392 13
339 429 11
266 339 11
340 553 11
32 340 12
340 923 11
340 663 14
340 861 14
341 686 8
258 341 10
68 341 11
341 676 14
341 592 7
118 342 11
342 562 9
342 932 11
320 342 11
343 546 9
343 439 11
343 517 12
343 921 9
343 528 12
129 343 10
344 402 11
270 344 9
344 726 12
147 344 11
229 345 14
82 345 12
219 345 9
168 345 10
345 823 11
346 754 11
237 346 8
271 346 10
346 942 10
346 897 7
346 676 10
311 347 12
26 347 12
347 651 12
118 347 10
347 925 11
20 347 11
348 658 9
324 348 12
348 747 13
348 838 13
349 884 10
349 917 12
305 349 10
349 444 9
349 805 10
196 349 8
96 349 10
350 700 9
350 867 8
141 350 10
350 693 9
227 350 12
69 351 12
351 480 13
351 524 10
351 447 11
304 352 13
352 918 9
170 352 14
274 352 9
352 794 11
59 353 11
353 926 9
94 353 13
353 397 13
354 862 6
354 355 9
354 876 10
354 804 9
354 597 10
355 853 6
267 355 11
355 582 9
355 733 9
355 725 12
12 356 11
310 356 9
356 778 11
187 356 9
356 538 7
252 357 13
357 571 8
357 457 8
357 594 13
312 357 11
267 357 12
358 473 14
141 358 11
358 840 10
174 358 11
0 359 12
359 501 12
359 444 11
359 944 12
359 390 13
359 473 13
41 360 8
102 360 13
38 360 14
360 544 12
239 360 9
146 360 8
361 656 9
361 528 8
142 361 13
361 561 10
304 361 9
362 681 9
362 746 13
362 368 13
362 903 10
55 363 10
363 902 9
363 570 9
363 453 7
149 363 12
185 363 10
364 652 6
364 845 13
199 364 10
145 364 11
364 473 11
129 365 11
365 440 10
365 626 8
234 365 10
274 365 9
366 443 9
58 366 7
366 926 7
366 957 11
327 367 13
367 999 13
367 783 7
32 367 9
367 477 9
81 367 11
368 911 8
368 473 14
368 972 11
368 951 7
369 817 9
369 513 9
369 660 10
288 369 10
369 628 12
370 820 10
281 370 12
370 813 10
370 651 12
370 610 13
371 884 11
371 778 10
139 371 11
371 973 10
76 372 11
227 372 9
372 643 10
251 372 14
372 600 9
372 718 8
373 498 10
154 373 10
238 373 9
373 391 12
374 448 12
374 978 11
374 920 11
194 374 8
374 694 8
248 375 11
371 375 13
375 824 9
375 855 9
375 613 8
108 375 14
376 489 8
376 478 11
376 635 10
376 698 14
376 923 10
38 377 12
377 598 10
377 946 14
377 434 13
377 830 9
377 993 11
378 389 12
378 799 10
223 378 13
378 559 8
374 378 11
379 917 14
379 630 10
109 379 10
379 515 12
379 921 11
353 379 13
379 876 12
72 379 11
380 513 8
380 662 11
355 380 11
380 731 7
88 380 8
380 579 12
381 939 10
222 381 12
381 574 11
381 839 10
305 382 12
306 382 12
382 735 11
382 727 11
382 676 10
187 382 9
382 961 11
247 383 15
383 390 11
383 707 11
383 566 11
350 383 10
66 384 10
384 973 9
384 937 8
384 859 11
384 792 7
112 385 11
296 385 10
385 444 8
385 590 13
143 386 13
386 877 12
386 667 11
386 960 10
37 386 10
147 387 10
387 900 14
41 387 11
46 387 11
387 778 12
388 922 11
388 760 11
271 388 11
383 388 8
346 389 7
389 707 8
128 389 12
313 390 9
390 801 11
390 422 14
390 776 10
390 975 13
391 530 10
391 791 13
391 763 9
391 455 11
392 802 9
392 680 10
250 392 10
392 735 10
392 644 11
393 920 13
393 878 13
393 627 13
133 393 15
161 393 10
390 393 15
394 840 12
394 817 8
203 394 8
394 670 13
394 851 7
53 394 9
395 719 11
395 973 12
395 685 11
395 751 14
352 395 11
378 395 10
396 819 11
396 708 12
275 396 10
365 396 8
323 396 12
37 397 9
204 397 10
397 760 9
397 920 15
207 397 10
398 863 9
4 398 13
188 398 10
269 398 15
305 398 9
281 398 7
399 721 9
119 399 11
399 652 11
249 399 9
91 399 10
51 399 9
400 617 8
204 400 10
400 785 11
400 719 13
328 400 7
66 401 12
401 582 13
364 401 11
401 751 11
402 735 8
402 539 9
127 402 14
402 572 11
371 402 10
402 425 11
14 403 12
403 940 7
134 403 9
404 632 11
404 983 8
404 464 13
404 482 11
82 404 7
349 405 14
405 800 10
335 405 12
405 873 12
405 894 10
405 621 10
406 661 11
201 406 9
406 942 10
77 406 10
406 420 11
407 557 9
256 407 12
81 407 9
268 407 9
407 792 9
408 891 10
408 567 11
408 990 13
284 409 12
403 409 12
380 409 12
409 534 12
409 786 12
196 410 9
410 691 8
410 848 6
410 708 9
411 595 11
333 411 9
5 411 7
411 955 8
45 411 7
251 411 15
301 412 6
412 792 11
121 412 12
412 744 10
412 636 9
412 495 11
413 863 11
413 942 8
413 621 12
413 622 11
414 510 8
198 414 9
414 788 14
414 623 8
414 505 8
160 415 10
415 924 11
352 415 10
193 415 14
362 415 10
416 577 10
416 751 9
416 515 12
416 528 10
417 984 10
201 417 11
294 417 12
417 516 10
42 417 14
417 986 9
418 663 12
418 596 11
370 418 14
85 418 9
240 418 14
418 930 9
332 418 8
324 418 10
419 799 8
222 419 12
419 872 10
419 940 10
148 419 9
420 651 12
420 987 12
420 672 12
420 778 10
420 703 11
421 800 14
421 967 10
244 421 12
373 421 11
220 421 11
422 960 10
103 422 11
422 887 9
422 694 9
423 540 11
181 423 13
247 423 8
423 708 10
423 932 10
424 993 11
424 667 14
424 967 9
424 432 12
424 861 11
425 629 7
425 679 12
204 425 9
425 735 10
1 426 9
409 426 9
426 854 12
426 623 8
106 426 10
79 426 9
329 427 13
427 949 14
427 881 10
427 816 11
258 428 11
428 949 12
423 428 9
286 428 12
358 429 12
429 936 11
348 429 9
429 765 7
394 429 9
430 727 9
430 923 9
301 430 14
431 565 9
94 431 10
431 838 12
133 431 6
383 432 16
432 443 10
432 677 8
261 432 9
432 599 12
160 432 8
433 956 14
433 949 7
433 969 9
254 433 13
433 498 11
126 434 10
161 434 15
295 434 9
434 962 9
289 434 7
435 544 9
152 435 14
435 673 13
435 888 11
435 609 14
120 436 9
61 436 12
436 905 10
225 436 12
344 436 11
436 637 9
437 511 11
178 437 11
305 437 10
334 437 12
58 437 11
226 438 8
150 438 11
438 681 8
147 438 9
438 719 11
439 724 12
439 551 11
296 439 13
439 718 12
439 740 10
440 581 11
267 440 10
188 440 13
440 918 10
440 944 9
199 440 14
441 941 13
441 589 10
441 962 7
441 812 12
321 441 9
442 561 11
442 926 9
442 662 9
442 495 10
443 826 8
443 793 8
443 966 8
443 846 13
443 886 9
176 444 9
247 444 10
444 664 11
124 444 11
444 794 9
444 671 10
261 445 13
96 445 11
69 445 11
2 445 7
445 755 11
421 445 11
446 903 11
446 878 7
231 446 12
447 992 11
373 447 6
447 628 6
447 751 10
447 830 12
96 447 8
448 518 10
179 448 9
390 448 10
448 824 10
448 836 7
448 884 13
449 985 10
300 449 13
5 449 9
449 999 13
429 449 8
449 861 9
425 450 9
450 930 12
451 972 12
451 666 10
98 451 11
272 451 10
68 452 12
277 452 10
17 452 11
452 662 13
452 723 11
453 548 12
168 453 10
453 466 13
453 889 9
208 453 13
351 454 10
454 995 12
436 454 11
454 750 12
132 454 10
10 454 11
285 454 12
306 455 12
114 455 10
0 455 9
308 455 12
456 528 4
83 456 14
456 651 11
456 547 7
457 553 12
457 770 8
457 809 12
457 659 12
424 458 10
431 458 10
106 458 11
114 458 13
334 458 15
215 458 8
408 459 10
27 459 10
459 946 10
459 604 12
420 459 12
95 459 10
460 604 10
460 907 12
460 528 11
460 519 10
448 460 13
241 461 9
461 885 11
193 461 13
81 461 10
462 942 12
319 462 13
462 629 10
462 641 12
463 588 11
282 463 11
463 572 10
463 611 11
463 660 9
248 464 10
464 914 13
100 464 11
144 464 9
336 465 13
465 822 9
465 911 9
465 722 10
466 969 7
466 995 12
298 466 8
150 466 10
466 686 10
330 467 11
233 467 10
467 760 10
467 810 12
467 658 10
92 467 10
468 526 9
468 957 14
276 468 12
468 790 9
20 468 7
338 469 13
469 967 12
49 469 9
71 469 10
116 469 10
272 469 10
171 469 11
470 608 11
470 543 7
470 644 14
442 470 13
70 470 12
289 471 9
471 596 12
203 471 8
358 472 12
266 472 9
472 939 12
31 472 7
435 473 8
87 473 12
473 666 8
55 473 11
462 474 9
219 474 12
474 614 10
474 518 10
17 474 11
143 475 9
87 475 10
475 983 11
469 475 9
476 588 8
189 476 11
476 898 12
476 824 13
476 932 11
477 554 8
371 477 10
477 585 13
477 590 13
477 620 10
340 477 12
174 478 8
342 478 10
478 947 12
100 478 12
440 478 9
62 479 15
479 583 6
479 498 9
479 611 7
479 494 12
480 520 11
480 797 12
480 878 13
377 480 9
480 804 14
4 481 10
481 541 12
481 605 13
214 481 14
281 481 8
73 482 10
462 482 8
344 482 14
482 564 5
483 838 9
151 483 11
483 959 6
263 483 10
466 483 12
484 726 12
484 698 13
484 636 10
484 829 14
484 952 9
484 501 9
485 960 12
379 485 12
485 563 12
486 865 8
486 876 10
51 486 16
486 549 8
486 750 12
487 513 11
363 487 8
487 956 6
392 487 12
247 488 10
488 572 11
488 723 6
343 488 10
489 580 12
489 935 9
168 489 12
489 617 6
490 730 12
490 785 13
490 515 8
490 891 13
490 648 9
123 490 14
312 490 12
155 491 10
491 762 11
1 491 7
96 492 8
492 859 9
492 581 9
492 911 9
382 492 12
493 799 13
446 493 9
493 789 9
493 932 8
494 775 12
446 494 11
494 852 13
167 494 9
233 494 9
495 687 10
495 957 10
453 495 10
495 809 11
495 933 10
441 496 14
496 634 12
496 708 11
456 496 11
496 771 13
496 930 10
496 524 10
334 497 10
497 754 8
224 497 10
497 554 9
58 497 10
391 497 9
154 498 10
498 808 12
498 849 9
410 498 15
498 817 8
498 520 13
499 935 10
499 945 10
36 499 10
376 499 11
396 499 7
500 596 15
281 500 14
427 500 6
500 771 11
120 501 10
501 717 8
392 501 11
501 806 10
182 501 13
6 502 12
502 771 12
502 753 11
28 502 10
400 502 10
325 503 9
498 503 13
480 503 14
137 503 11
504 755 10
53 504 12
413 504 15
119 504 11
504 945 10
325 504 10
504 540 11
505 610 11
505 991 8
505 548 13
505 787 10
505 901 11
505 665 9
506 532 14
129 506 12
318 506 13
496 507 10
121 507 11
507 559 10
507 699 11
381 507 13
254 507 12
414 508 11
508 941 14
508 955 10
508 613 10
508 860 12
508 723 10
137 509 9
509 984 14
509 785 12
245 509 13
492 510 12
510 559 10
510 617 6
184 510 10
510 622 12
511 775 10
282 511 8
52 511 11
244 511 10
406 511 10
512 525 10
512 541 11
48 512 10
222 512 14
513 804 13
311 513 12
309 513 12
513 923 12
166 513 7
513 979 12
413 514 11
514 831 4
514 800 13
417 514 11
46 514 11
225 514 9
515 776 11
515 820 15
194 516 10
516 792 12
516 935 10
516 671 13
437 516 11
516 618 12
466 517 13
517 572 12
517 729 11
517 855 9
518 983 8
518 984 9
437 518 12
112 518 14
519 747 12
519 758 12
443 519 12
519 891 10
127 519 8
198 519 9
59 520 14
344 520 12
520 800 7
274 520 10
521 706 11
305 521 11
179 521 11
58 521 8
261 522 12
304 522 10
522 549 6
513 523 10
185 523 11
523 827 14
300 523 14
523 594 9
523 542 7
304 524 14
524 804 10
114 524 12
390 524 9
524 948 10
524 904 8
457 525 9
197 525 9
525 605 10
41 525 14
362 526 10
526 958 10
526 757 9
23 526 10
430 526 12
180 527 9
527 812 11
527 818 12
110 527 11
499 527 6
325 528 13
528 828 10
528 864 13
413 528 7
529 922 13
529 647 11
420 529 12
529 687 12
241 530 11
530 630 10
204 530 16
481 530 11
393 530 9
465 530 10
531 701 11
240 531 9
25 531 12
265 531 14
174 531 10
531 732 11
445 532 8
387 532 8
86 532 11
532 764 9
532 811 10
532 743 8
533 543 11
533 635 9
533 889 11
159 533 10
407 533 10
8 533 9
534 549 11
482 534 11
201 534 8
534 975 9
438 534 13
171 534 12
535 840 10
535 898 10
218 535 7
478 535 13
535 709 5
536 972 13
536 684 14
298 536 8
116 536 12
537 670 8
537 866 13
537 766 11
537 827 11
333 537 10
266 538 14
14 538 13
538 690 11
262 538 13
403 538 8
148 539 10
524 539 8
397 539 11
539 779 10
480 539 5
48 540 11
75 540 11
540 704 14
130 540 10
540 669 10
480 541 12
541 853 12
501 541 12
541 848 12
542 662 11
19 542 10
542 864 13
484 542 9
211 542 8
297 542 11
314 543 9
543 792 13
199 543 12
543 873 9
428 543 10
114 544 13
544 648 8
183 544 12
512 544 10
261 544 9
411 545 12
545 778 10
545 907 7
545 645 11
260 545 9
545 878 12
546 626 9
528 546 7
504 546 9
331 546 11
546 763 12
547 737 7
430 547 12
178 547 10
547 758 11
408 547 10
547 856 11
402 548 12
548 801 8
141 548 13
274 548 8
548 952 9
548 744 11
549 579 13
101 549 11
94 549 10
549 911 13
549 926 8
162 549 12
550 823 13
150 550 10
550 789 9
437 550 10
80 550 14
259 551 11
472 551 7
551 702 6
551 843 12
551 945 13
552 652 9
121 552 10
552 725 10
5 552 7
553 946 9
109 553 12
41 553 10
553 792 12
476 553 12
444 554 11
103 554 7
319 554 10
479 554 11
108 555 10
414 555 9
555 704 11
345 555 11
304 556 11
49 556 12
215 556 5
268 556 12
557 763 10
557 695 13
557 949 6
352 557 13
374 557 16
557 830 12
175 558 8
502 558 14
286 558 14
558 818 11
558 681 10
558 595 12
46 559 12
480 559 9
303 559 9
559 839 12
559 858 11
557 560 13
451 560 13
418 560 11
560 718 12
489 560 9
549 560 9
116 561 11
408 561 9
42 561 15
191 561 11
561 594 8
19 562 11
500 562 9
473 562 11
562 844 9
389 562 10
563 617 11
563 864 13
251 563 11
430 563 7
564 771 14
420 564 10
564 694 11
564 924 8
564 837 9
373 564 8
325 565 7
267 565 10
565 949 9
435 565 9
561 565 10
565 724 10
385 565 11
270 566 12
566 667 9
566 734 11
302 567 13
567 791 9
567 582 11
567 922 11
567 737 10
567 784 11
59 568 9
568 846 11
179 568 11
568 662 10
568 822 9
454 568 10
428 569 10
13 569 11
378 569 12
472 569 9
569 748 12
72 569 10
149 569 12
570 629 13
403 570 10
515 570 11
570 808 10
131 570 10
571 931 11
555 571 13
571 660 11
572 789 11
344 572 9
572 713 6
572 999 8
572 808 10
572 681 12
301 573 8
573 686 11
573 837 11
269 573 7
573 765 10
573 976 10
67 574 12
539 574 9
117 574 8
83 574 12
30 574 11
574 978 7
250 575 13
575 712 11
299 575 13
575 867 12
326 575 12
543 575 10
228 576 12
237 576 12
576 701 7
474 576 14
577 965 9
321 577 12
179 577 12
469 577 11
577 900 9
578 620 10
578 763 11
578 604 11
578 966 8
579 586 13
579 696 12
579 823 10
361 579 14
414 579 12
538 580 11
580 910 7
84 580 7
580 878 13
580 725 11
580 852 11
581 884 8
455 581 12
581 781 11
581 747 7
136 581 11
581 790 11
526 582 10
463 582 13
115 582 10
582 755 10
1 583 8
471 583 13
583 641 11
66 583 10
556 584 10
430 584 9
216 584 9
584 644 10
585 722 11
585 811 8
585 866 8
201 585 11
93 586 8
553 586 10
535 586 13
401 586 11
144 587 10
587 823 9
161 587 11
279 587 9
588 957 9
368 588 10
69 588 17
470 588 13
102 588 15
219 588 12
62 589 8
589 912 13
204 589 11
575 589 9
590 657 10
356 590 13
590 724 9
88 590 12
535 590 10
577 590 14
314 591 10
70 591 10
591 889 10
62 591 12
289 591 11
591 979 8
365 592 11
350 592 10
99 592 10
439 592 12
593 847 9
593 601 8
428 593 9
593 973 6
362 593 8
86 593 9
458 594 12
466 594 11
594 828 11
432 594 14
114 594 4
594 687 12
66 595 12
595 950 11
595 894 11
595 883 11
87 595 14
193 595 9
429 596 9
596 759 12
261 596 10
367 596 11
596 720 11
596 831 7
597 746 10
556 597 9
106 597 5
598 683 10
54 598 13
598 620 12
8 598 10
598 792 8
599 668 15
375 599 9
599 607 11
71 599 9
343 599 11
97 599 16
600 616 9
600 608 9
600 916 14
600 804 12
600 677 10
69 601 12
258 601 12
601 811 10
313 601 13
602 786 13
460 602 12
255 602 13
302 602 13
602 858 10
602 817 8
206 603 10
58 603 9
603 805 9
345 603 9
603 935 7
464 604 11
276 604 7
604 804 9
148 604 8
604 724 8
491 604 8
259 605 13
214 605 10
605 932 9
16 606 11
20 606 9
100 607 12
607 862 12
340 607 13
462 607 10
607 849 10
608 630 12
453 608 15
608 759 10
16 608 9
259 608 10
608 659 10
609 819 9
609 932 9
609 612 12
207 609 9
112 609 8
232 610 13
294 610 11
496 610 9
218 610 9
610 715 11
477 610 10
403 611 8
277 611 10
611 916 12
174 611 15
393 612 6
234 612 8
69 612 11
223 612 12
612 631 15
163 612 12
170 612 12
575 613 10
196 613 11
589 613 9
235 613 12
489 613 11
332 613 12
110 614 10
614 846 10
2 614 10
180 614 12
614 967 14
615 713 12
421 615 11
615 663 13
615 930 10
68 616 13
168 616 10
561 616 9
185 616 11
405 617 12
198 617 15
617 883 9
558 617 9
0 617 12
67 618 14
618 975 11
618 850 14
294 618 9
179 619 10
458 619 10
619 944 8
620 826 13
620 854 7
620 941 9
189 620 14
31 620 12
582 621 10
465 621 12
55 621 13
621 642 14
621 925 12
537 622 8
622 716 10
240 622 11
242 622 14
321 622 10
279 623 9
282 623 14
606 623 12
623 716 14
484 623 13
198 623 12
186 624 11
18 624 11
533 624 12
140 624 7
16 625 11
339 625 9
625 950 13
626 830 9
73 626 11
87 626 13
14 626 9
231 626 9
297 627 9
21 627 11
627 639 11
56 627 12
585 627 11
38 628 11
146 628 11
628 917 10
508 628 12
443 628 13
374 628 10
472 629 15
117 629 9
629 819 9
439 629 8
629 656 13
535 629 13
34 630 12
624 630 7
151 630 12
573 630 12
119 631 12
617 631 7
631 895 8
631 825 9
298 631 13
169 632 6
247 632 12
4 632 12
632 857 9
71 632 9
350 633 9
567 633 14
149 633 11
229 633 11
429 633 9
634 802 14
366 634 11
634 873 7
11 634 9
174 634 11
510 634 12
306 635 12
180 635 9
635 668 11
480 635 10
282 635 12
267 636 11
102 636 8
636 698 9
62 636 10
637 639 12
637 642 10
590 637 10
637 663 9
637 869 9
461 637 9
50 638 10
638 821 14
169 638 13
550 638 11
594 638 8
118 639 14
454 639 12
371 639 12
193 639 12
640 929 13
629 640 14
12 640 10
286 640 9
350 640 9
204 640 13
97 641 9
101 641 9
350 641 15
346 641 10
109 641 9
641 842 12
641 659 10
560 642 10
483 642 8
34 642 9
642 928 10
150 642 10
383 642 7
261 643 16
643 910 11
401 643 10
272 643 10
612 644 10
644 657 7
100 644 13
644 732 12
435 644 14
20 645 8
645 790 10
365 645 10
645 730 12
580 646 10
646 711 14
6 646 13
9 646 11
646 670 8
401 646 13
647 663 8
476 647 10
647 862 11
22 647 9
605 648 13
36 648 10
648 688 10
648 665 10
646 648 8
0 649 11
649 691 12
649 821 10
144 649 11
136 649 13
388 650 11
63 650 10
372 650 10
537 650 8
650 958 12
651 986 8
651 803 8
651 942 9
385 651 12
144 652 6
652 672 9
652 952 7
652 955 9
164 652 10
653 668 9
439 653 14
653 730 13
338 653 9
45 653 11
403 654 14
289 654 8
470 654 11
307 654 10
434 654 8
488 654 10
245 655 9
371 655 9
290 655 16
592 655 13
655 868 9
655 975 5
655 768 11
656 990 10
62 656 11
656 703 13
216 656 10
258 656 10
399 656 13
657 681 11
657 983 9
489 657 11
657 665 11
525 657 13
116 658 9
89 658 7
658 970 9
572 658 8
612 658 7
659 780 10
159 659 9
361 659 7
209 660 7
660 952 10
40 660 8
592 660 11
542 660 8
213 661 8
615 661 11
321 661 14
661 752 12
344 661 12
661 793 11
39 662 6
662 748 11
662 797 11
419 662 7
274 663 14
663 779 12
240 663 13
628 663 14
559 663 9
645 664 13
279 664 12
664 767 10
580 664 10
8 664 8
264 665 11
665 668 8
665 949 13
550 665 7
129 665 11
401 665 10
311 666 9
666 857 7
317 666 10
543 666 11
666 760 7
225 666 10
529 667 9
667 785 11
281 667 10
418 668 10
646 668 10
14 668 11
135 668 12
668 805 9
432 669 11
643 669 8
74 669 8
669 972 10
323 669 9
572 669 11
225 670 8
670 845 11
355 670 7
670 973 12
154 671 11
409 671 15
99 671 10
671 955 12
483 671 13
290 672 12
672 839 8
672 979 7
583 672 12
646 673 9
33 673 12
612 673 12
673 963 9
633 673 11
474 674 9
80 674 10
87 674 10
125 674 13
272 674 9
16 675 11
561 675 9
359 675 9
60 675 11
101 675 10
223 676 12
520 676 12
676 877 11
676 922 8
536 677 13
677 867 12
545 677 9
596 677 12
677 849 10
678 972 12
252 678 9
222 678 11
40 678 14
670 679 14
193 679 11
479 679 14
453 679 13
680 873 8
546 680 8
680 768 7
605 680 11
27 681 6
681 820 11
265 681 9
681 725 11
682 990 9
530 682 8
682 766 12
682 998 10
417 682 10
371 682 10
682 780 14
151 683 10
467 683 14
683 817 13
170 683 11
14 684 10
684 770 12
489 684 10
288 684 12
527 684 14
684 982 8
685 882 10
199 685 10
161 685 11
418 685 8
685 848 11
470 685 9
6 686 11
80 686 10
317 686 14
686 691 8
649 686 11
145 686 6
588 687 11
178 687 11
148 687 7
563 687 6
464 687 15
668 687 8
308 688 10
688 875 11
688 974 12
221 688 7
688 981 11
476 688 8
689 978 8
520 689 11
227 689 11
689 759 8
614 689 12
690 784 13
690 933 10
690 864 11
690 865 10
139 691 13
610 691 10
75 691 11
375 691 11
13 691 12
142 692 10
172 692 12
692 939 11
447 692 11
285 692 10
349 692 12
87 693 10
693 837 10
693 831 12
639 694 10
694 734 11
694 807 6
694 981 12
695 844 12
695 798 10
673 695 10
378 695 10
133 695 11
696 751 11
46 696 11
415 696 12
696 993 11
1 696 7
344 696 10
531 696 10
37 697 11
697 714 9
419 697 10
336 697 13
697 775 7
698 944 14
562 698 9
365 698 8
698 973 10
548 698 13
698 787 11
699 988 8
699 934 11
696 699 11
699 748 11
699 903 13
426 699 13
123 700 11
89 700 12
558 700 7
186 700 12
133 701 10
68 701 9
345 701 12
109 701 13
11 702 9
702 751 8
484 702 12
568 702 10
321 702 8
655 703 11
291 703 12
482 703 10
137 703 11
703 814 10
704 767 11
80 704 11
154 704 8
474 704 8
704 866 10
262 705 9
453 705 11
575 705 11
705 971 5
705 974 11
572 706 12
358 706 7
484 706 14
594 706 12
707 711 11
193 707 16
684 707 10
227 708 10
624 708 10
635 708 11
479 708 12
708 739 10
709 817 13
709 970 10
186 709 13
521 709 14
649 710 15
710 764 11
710 851 10
710 741 8
710 827 9
500 710 12
289 711 12
100 711 8
226 711 10
594 711 12
434 711 9
125 712 8
427 712 14
163 712 9
712 788 11
587 712 10
713 752 13
713 891 8
713 857 12
577 713 7
550 713 8
503 713 9
603 714 12
17 714 8
714 970 11
714 948 10
113 714 13
668 715 9
163 715 12
528 715 6
6 715 12
111 715 13
17 715 10
715 846 6
34 716 9
716 949 9
188 716 10
15 716 12
442 716 11
717 902 7
617 717 7
717 868 12
717 889 10
568 718 11
718 922 10
718 722 12
682 718 12
414 718 10
719 840 10
336 719 8
292 719 11
719 782 7
719 934 11
228 720 9
222 720 10
720 858 10
720 797 11
503 720 12
706 721 10
721 818 9
158 721 10
655 721 10
721 973 13
537 721 12
6 722 10
443 722 13
722 869 9
5 722 10
491 722 11
711 723 11
168 723 10
723 957 10
477 723 12
237 723 9
723 887 9
479 724 13
278 724 9
724 780 13
352 724 16
685 724 12
725 744 9
469 725 10
213 725 10
576 725 11
336 725 9
725 967 10
57 725 7
7 726 9
726 824 12
78 726 15
244 726 13
726 809 11
701 727 11
265 727 10
638 727 12
727 900 13
727 742 12
210 728 17
728 792 10
722 728 11
24 728 10
728 964 10
448 729 9
187 729 8
724 729 11
67 729 14
450 729 6
679 729 7
456 730 12
730 885 6
68 730 13
730 790 12
139 731 9
731 850 10
731 778 12
76 731 8
619 731 13
196 731 13
732 745 8
193 732 15
732 790 12
732 886 15
228 732 10
418 732 10
530 733 11
475 733 10
189 733 5
368 733 12
733 843 11
526 734 13
695 734 11
329 734 15
709 734 10
9 735 10
442 735 11
22 735 11
226 735 13
639 735 13
503 736 6
4 736 9
652 736 10
82 736 10
252 737 8
41 737 9
325 737 11
188 737 9
737 972 9
738 840 11
327 738 11
650 738 9
33 739 11
233 739 9
638 739 12
739 774 9
163 739 10
740 893 11
147 740 14
134 740 12
556 740 10
413 740 11
422 741 12
491 741 11
316 741 11
741 807 10
741 936 12
334 742 9
742 770 10
503 742 12
124 742 8
312 742 10
297 742 11
97 743 9
302 743 14
702 743 10
29 743 10
369 743 9
734 743 9
743 789 8
505 743 8
694 744 9
293 744 11
744 875 10
23 744 10
12 744 14
18 744 10
109 745 12
688 745 13
237 745 8
605 745 10
334 745 9
691 745 10
746 894 7
572 746 12
492 746 11
570 746 13
686 746 11
211 746 10
674 746 8
413 747 13
326 747 9
639 747 7
747 976 11
277 747 11
747 988 8
748 800 12
200 748 14
748 771 9
319 748 8
39 748 14
203 748 8
749 816 9
749 856 11
749 949 8
528 749 14
621 749 16
707 749 14
208 750 11
750 868 6
250 750 10
684 750 10
166 750 11
248 751 12
751 952 10
751 909 11
751 954 11
752 891 9
48 752 10
752 939 12
476 752 15
47 752 9
753 897 12
83 753 9
39 753 10
91 753 10
368 753 12
337 753 14
475 754 10
490 754 8
754 911 12
558 755 12
641 755 12
755 914 10
448 755 15
52 755 13
746 756 10
660 756 12
613 756 12
99 756 11
19 756 8
706 756 10
299 757 9
697 757 7
298 757 10
757 932 9
41 757 10
303 757 7
90 758 14
305 758 9
689 758 6
61 758 12
264 758 13
759 949 12
759 790 10
349 759 9
483 759 10
759 916 9
408 760 15
190 760 10
478 760 9
336 761 10
472 761 11
33 761 11
757 761 10
628 761 8
201 762 6
379 762 9
59 762 12
251 762 7
450 762 11
432 762 10
371 763 14
312 763 8
73 763 9
368 763 11
142 763 10
763 852 7
764 964 14
633 764 12
232 764 12
160 764 9
750 764 13
764 929 10
473 765 9
94 765 11
428 765 8
667 766 14
578 766 13
763 766 11
533 766 11
730 766 11
402 767 12
767 894 9
542 767 7
767 962 9
767 996 9
77 768 8
175 768 9
768 936 10
404 768 12
768 780 7
768 892 8
87 769 13
671 769 11
609 769 11
264 769 13
770 994 12
207 770 11
694 770 7
771 938 11
370 771 5
265 771 8
281 772 10
772 978 11
256 772 9
581 772 9
405 772 15
646 773 10
773 809 10
11 773 11
774 962 11
774 956 11
26 774 9
653 774 11
775 854 11
769 775 10
698 775 9
429 775 11
357 775 6
469 776 10
776 954 11
31 776 9
651 776 10
591 776 9
44 776 9
311 777 12
497 777 9
777 963 11
777 889 9
313 777 15
451 778 12
778 941 9
165 778 12
101 778 9
262 778 10
627 778 10
320 779 9
486 779 8
326 779 8
553 779 12
71 780 10
521 780 13
624 780 11
223 780 8
604 780 8
324 780 13
12 781 13
692 781 8
157 781 12
781 881 9
781 938 9
289 781 14
600 782 8
666 782 9
438 782 9
541 782 11
672 783 11
302 783 12
6 783 9
783 864 12
564 784 10
154 784 12
729 784 13
784 983 8
785 806 14
402 785 10
785 802 10
391 785 11
330 786 11
358 786 10
786 939 13
787 979 9
787 909 9
207 787 11
687 787 13
298 787 10
484 787 10
399 788 9
305 788 10
260 788 10
486 788 12
788 928 11
78 788 8
258 789 7
555 789 10
103 789 10
111 789 11
789 828 12
790 902 10
643 790 13
587 790 9
166 790 11
9 790 10
588 791 9
354 791 10
454 791 11
640 791 14
791 909 12
493 791 13
561 792 10
585 792 14
414 792 10
467 792 8
145 793 11
668 793 15
47 793 10
322 793 13
394 793 10
522 794 13
538 794 10
376 794 10
794 902 9
795 807 11
795 971 10
270 795 10
795 913 8
771 795 13
357 795 10
558 796 9
575 796 10
167 796 8
432 796 11
797 964 10
707 797 8
797 969 11
95 797 10
38 797 9
713 797 10
798 890 11
798 860 7
154 798 10
194 798 12
798 970 10
799 956 8
282 799 12
799 933 9
778 799 4
465 800 11
682 800 10
435 800 13
800 890 9
800 956 12
116 801 6
74 801 12
801 960 10
465 801 11
801 844 9
215 802 10
802 841 10
488 802 10
500 802 11
111 803 11
217 803 12
411 803 11
653 803 11
576 803 11
394 804 11
428 804 8
490 804 10
257 804 10
207 804 10
800 804 10
464 805 11
580 805 15
450 805 9
616 805 11
670 805 11
559 805 11
59 806 11
36 806 9
806 961 8
330 806 8
703 806 12
203 807 11
82 807 10
587 807 12
807 934 12
363 807 13
100 808 11
808 896 8
293 808 11
390 809 10
303 809 12
480 809 11
206 809 9
358 810 10
18 810 9
810 860 11
262 810 10
436 810 12
172 811 13
534 811 11
621 811 9
811 882 12
475 811 12
491 811 9
812 972 11
157 812 12
426 812 10
749 812 14
711 812 10
813 931 8
122 813 12
364 813 8
632 813 9
18 813 7
233 814 10
814 988 10
259 814 9
536 814 12
226 815 12
541 815 12
465 815 9
815 947 10
675 815 8
816 846 9
717 816 10
151 816 12
267 816 14
311 816 9
343 817 11
817 872 7
817 981 9
80 817 9
800 817 10
140 817 8
818 829 10
545 818 11
818 905 12
286 818 12
280 818 13
385 818 9
819 938 12
705 819 10
365 819 7
701 819 10
820 920 12
813 820 9
751 820 8
41 820 11
512 820 10
129 820 9
821 844 10
549 821 11
187 821 10
304 821 8
479 822 6
806 822 12
822 959 7
734 822 11
666 823 12
823 984 11
823 912 10
423 823 10
367 824 11
418 824 12
824 842 13
689 824 12
824 861 10
824 895 12
398 825 12
302 825 12
825 956 12
285 825 9
406 825 13
209 826 9
577 826 12
826 930 9
451 826 13
499 826 10
142 826 8
826 848 9
218 827 13
558 827 9
827 866 11
828 980 9
269 828 13
828 832 13
765 828 12
302 829 9
156 829 9
494 829 10
714 829 10
829 962 12
642 830 13
476 830 10
254 830 10
603 830 9
633 830 9
595 831 15
194 831 11
408 831 11
115 831 12
488 831 8
726 831 10
677 831 13
292 832 11
667 832 10
731 832 10
200 832 5
832 839 11
832 909 10
594 833 8
378 833 11
465 833 11
700 833 10
656 833 12
1 834 12
432 834 13
775 834 14
834 868 9
741 834 12
750 834 11
188 835 5
313 835 6
315 835 10
835 945 12
112 836 8
379 836 11
49 836 11
538 837 8
618 837 13
814 837 13
556 837 12
463 837 10
552 838 9
560 838 10
514 838 12
838 885 8
539 838 8
343 838 10
67 839 13
839 952 10
839 906 11
670 839 12
257 839 12
375 840 11
840 905 11
480 841 9
841 953 12
841 886 11
345 841 10
746 841 11
655 842 8
742 842 11
54 842 13
219 842 12
249 843 8
525 843 13
87 843 12
843 847 12
843 879 12
558 843 11
338 844 12
635 844 11
86 844 12
549 844 7
844 996 11
152 844 13
542 845 12
433 845 13
482 845 11
746 845 10
86 845 13
751 846 13
117 846 14
759 846 9
809 846 8
22 846 10
724 846 9
218 847 11
136 847 9
791 847 9
847 943 11
847 876 11
7 848 7
499 848 8
39 848 14
264 848 12
848 882 8
807 848 11
97 849 15
128 849 8
77 849 11
849 892 11
669 850 12
125 850 14
87 850 13
336 850 10
851 970 12
851 981 13
563 851 11
851 959 11
786 852 8
189 852 14
1 852 11
505 852 12
852 896 11
306 852 9
846 852 12
853 995 9
279 853 7
388 853 11
75 853 16
775 853 6
432 854 13
44 854 11
727 854 6
788 854 11
762 854 11
217 855 13
855 991 8
637 855 11
855 968 9
380 856 9
689 856 13
856 985 11
856 878 13
607 856 10
857 964 7
639 857 14
857 894 10
295 857 7
336 858 8
9 858 12
645 858 8
54 858 9
618 858 12
295 859 8
702 859 10
59 859 12
783 859 9
425 859 8
750 860 12
247 860 9
680 860 11
401 860 10
127 860 8
183 860 13
273 861 9
448 861 11
423 861 12
39 861 9
368 861 10
284 862 13
662 862 11
348 862 11
615 862 6
819 862 10
673 863 11
561 863 10
232 863 11
460 863 12
565 863 8
117 864 9
467 864 14
369 864 9
22 864 8
29 865 14
158 865 10
248 865 11
586 865 10
353 865 8
487 865 11
479 866 15
500 866 9
677 866 10
586 866 8
697 866 9
866 906 11
437 867 9
91 867 15
120 867 6
626 868 11
490 868 11
464 868 13
467 868 8
238 868 5
424 869 13
171 869 10
287 869 8
433 869 12
440 869 10
596 870 9
598 870 9
132 870 13
88 870 9
439 871 8
116 871 13
119 871 7
124 871 8
565 871 9
543 871 10
733 872 11
646 872 13
771 872 9
872 945 9
581 873 11
219 873 11
92 873 14
873 920 11
873 906 12
622 873 8
175 874 6
473 874 12
763 874 7
854 874 8
815 874 12
875 935 14
641 875 11
875 955 10
804 875 7
3 875 7
670 875 10
429 876 8
126 876 9
301 876 10
405 876 16
7 876 13
451 877 11
66 877 8
816 877 12
548 877 9
741 877 10
29 878 10
178 878 12
152 878 13
613 878 12
764 878 11
852 878 12
26 879 8
710 879 12
500 879 15
162 879 10
114 880 8
766 880 12
829 880 10
212 880 11
346 880 9
753 881 9
881 967 11
657 881 14
488 881 11
842 881 8
43 882 14
527 882 7
422 882 10
619 882 13
520 882 9
108 882 8
8 882 10
883 982 10
518 883 14
833 883 7
878 883 9
756 883 7
245 884 10
739 884 12
267 884 10
490 884 10
884 972 11
492 885 11
346 885 8
390 885 12
762 885 15
493 886 11
886 958 10
555 886 12
641 886 8
802 886 10
310 887 13
598 887 8
758 887 9
817 887 11
172 887 10
875 887 9
6 888 8
541 888 8
231 888 14
215 888 12
255 888 12
180 889 9
886 889 10
889 923 9
605 889 12
353 890 12
705 890 8
890 897 10
294 890 6
475 890 9
529 891 14
184 891 11
470 891 9
892 944 6
628 892 12
892 987 10
498 892 9
444 892 11
357 892 8
577 892 8
243 893 9
516 893 11
649 893 14
443 893 12
17 894 8
54 894 8
894 928 11
576 894 12
1 895 11
748 895 10
632 895 12
567 895 12
691 896 11
870 896 14
863 896 11
780 896 14
38 897 12
230 897 9
897 977 11
430 897 10
386 898 8
817 898 11
898 911 10
568 898 9
898 979 7
727 898 11
526 899 12
105 899 12
541 899 11
874 899 10
339 899 12
177 899 12
841 900 8
362 900 9
838 900 10
537 900 10
419 900 5
901 968 9
501 901 9
608 901 10
426 901 6
528 902 11
439 902 12
684 902 9
240 903 11
654 903 7
815 903 11
72 903 11
603 904 3
685 904 10
622 904 13
781 904 11
340 905 9
161 905 11
87 905 12
873 905 11
819 905 11
184 905 10
113 906 13
19 906 10
167 906 12
215 906 11
189 906 15
355 907 11
280 907 9
71 907 11
346 907 9
634 907 11
523 908 12
589 908 7
111 908 13
850 908 11
140 908 9
382 908 12
680 909 12
482 909 12
519 909 13
574 909 7
509 909 11
98 910 12
467 910 12
495 910 9
271 910 12
14 911 9
700 911 9
543 911 11
626 911 13
152 911 5
428 912 12
875 912 5
581 912 12
847 912 6
893 912 11
155 912 12
338 912 11
582 913 11
913 955 9
177 913 11
913 985 13
573 913 15
775 913 9
847 914 10
777 914 10
298 914 11
281 914 9
806 915 11
551 915 10
866 915 9
144 915 10
810 916 9
873 916 11
422 916 13
760 916 10
626 916 7
554 917 12
601 917 11
892 917 11
9 917 8
604 917 11
417 918 7
104 918 10
11 918 11
531 918 13
70 918 11
338 919 9
425 919 12
68 919 12
584 919 9
757 919 12
919 934 12
536 920 9
15 920 12
903 920 12
4 920 11
920 996 11
747 920 14
169 921 11
483 921 12
862 921 8
653 922 9
41 922 8
590 922 12
524 922 10
714 922 11
467 922 8
670 922 15
459 923 11
384 923 13
374 923 12
873 923 12
306 923 10
699 923 8
798 924 8
169 924 14
301 924 11
312 924 11
662 925 11
160 925 8
431 925 12
925 986 8
67 926 14
845 926 11
276 926 14
31 926 11
98 927 9
699 927 12
868 927 12
722 927 10
825 928 11
736 928 10
443 928 12
376 928 11
375 929 13
632 929 10
172 929 10
849 929 10
542 929 9
675 930 11
296 930 9
135 930 12
95 930 10
862 931 12
931 937 10
414 931 7
694 931 15
601 931 10
931 962 11
932 953 11
444 932 12
742 932 14
783 932 8
349 932 7
310 933 5
906 933 11
933 938 11
581 933 10
252 933 10
933 984 13
282 934 12
74 934 8
238 934 11
364 934 9
65 935 9
935 971 10
156 935 11
633 935 11
257 935 10
935 961 8
481 936 10
203 936 9
510 936 12
936 968 16
913 936 13
892 936 10
224 936 13
556 937 10
738 937 9
837 937 11
509 937 8
360 937 10
64 938 12
75 938 14
938 993 11
266 938 6
583 938 11
145 939 9
124 939 12
119 940 12
809 940 11
185 940 9
382 940 12
362 940 12
560 940 9
519 941 10
637 941 11
246 941 13
299 941 8
142 942 14
18 942 11
913 942 9
356 942 8
620 942 10
268 942 12
364 943 12
817 943 14
321 943 9
111 943 10
688 943 13
899 943 10
423 943 10
599 944 5
944 962 10
396 944 10
159 944 7
436 944 14
359 945 12
316 945 9
124 945 10
495 945 8
475 946 9
790 946 9
926 946 11
136 946 11
189 946 10
846 947 12
613 947 10
947 975 13
446 947 9
214 947 9
522 948 11
253 948 15
261 948 11
825 948 4
274 949 11
871 949 10
847 949 9
107 949 13
755 949 10
738 949 10
950 995 12
733 950 11
853 950 9
583 950 10
556 951 11
899 951 13
407 951 12
850 951 12
382 952 13
123 952 11
47 952 8
178 952 9
181 953 10
881 953 12
196 953 12
83 953 13
80 954 10
525 954 14
318 954 10
336 954 11
568 954 8
681 954 9
605 954 11
592 955 9
74 955 10
614 955 13
419 955 11
372 955 10
93 955 11
7 955 9
884 956 8
93 956 8
181 956 7
554 957 8
470 957 9
614 957 14
275 957 12
716 957 9
383 957 9
654 957 9
113 958 11
342 958 11
640 958 15
215 958 6
70 959 14
768 959 14
308 959 8
315 959 9
631 959 8
267 960 9
34 960 9
362 960 13
307 960 14
743 960 7
9 961 13
961 985 11
494 961 11
868 961 12
608 962 12
459 962 13
319 962 12
71 962 10
910 963 13
563 963 13
963 985 14
187 963 9
717 964 10
725 964 13
281 964 13
681 964 14
303 964 10
694 965 11
96 965 11
158 965 6
255 965 11
237 965 8
232 965 13
389 966 13
542 966 12
272 966 12
510 966 10
593 966 11
677 966 12
233 967 10
46 967 10
52 967 8
710 967 14
218 967 10
382 968 9
643 968 16
258 968 13
695 968 9
714 968 12
157 969 11
634 969 8
441 969 12
737 969 11
355 969 7
696 969 13
690 969 10
837 970 12
595 970 16
474 970 11
749 970 12
352 971 10
362 971 8
201 971 9
397 971 10
972 976 10
970 972 12
31 972 13
377 972 13
158 972 10
558 973 9
305 973 8
466 973 12
192 973 11
611 974 11
813 974 10
587 974 12
223 974 11
181 974 7
226 974 7
42 975 11
953 975 9
181 975 9
162 975 11
805 975 11
635 975 8
433 976 12
472 976 15
383 976 12
693 976 13
842 976 6
196 976 11
695 977 10
99 977 9
471 977 12
42 977 9
313 978 15
424 978 7
693 978 12
439 978 7
215 979 14
975 979 7
507 979 11
701 979 8
640 979 12
12 979 12
485 980 9
128 980 5
510 980 10
902 980 11
737 980 8
860 980 10
213 981 9
561 981 11
979 981 15
792 981 13
743 981 10
460 981 9
593 981 9
666 982 9
493 982 13
767 982 9
771 982 13
781 982 11
692 982 14
78 983 13
782 983 11
927 983 8
287 983 12
293 983 10
385 983 8
447 984 12
588 984 12
922 984 9
567 984 9
650 985 10
26 985 12
807 985 9
545 985 12
83 985 9
718 986 14
80 986 16
809 986 10
691 986 10
650 987 12
864 987 8
609 987 9
51 987 13
741 987 12
332 988 11
688 988 12
506 988 9
79 988 15
862 989 9
724 989 10
321 989 11
986 989 10
104 989 10
883 989 10
644 990 11
87 990 11
990 991 12
645 990 8
603 990 10
394 990 10
393 991 12
167 991 10
693 991 13
743 991 14
315 991 10
295 992 13
767 992 9
190 992 10
599 992 10
130 992 8
203 993 12
850 993 10
683 993 11
574 994 10
784 994 8
395 994 9
742 994 9
950 994 10
394 995 12
56 995 11
737 995 10
187 996 11
809 996 9
458 996 9
583 996 12
103 997 10
668 997 8
489 997 11
749 997 7
162 997 12
782 997 8
780 998 8
331 998 12
317 998 11
409 998 10
498 998 10
738 999 10
995 999 8
66 999 8
776 999 10
