1000
0
7
3
4
2
9
4
8
4
9
2
7
1
3
3
9
5
9
4
4
3
6
9
2
9
8
9
3
9
5
5
8
8
8
4
8
7
1
3
7
1
10
6
2
6
4
5
7
8
10
8
8
8
3
5
4
4
7
4
9
4
3
9
10
10
5
6
2
7
3
8
5
9
2
3
2
6
8
5
9
4
5
6
6
9
2
2
6
7
6
4
5
9
3
7
1
7
8
3
2
10
2
4
6
4
8
4
3
6
2
8
3
5
3
4
3
4
10
9
5
4
4
7
5
6
3
9
3
2
2
4
10
4
4
9
9
4
4
10
4
1
5
4
2
2
6
9
1
2
2
5
3
7
2
4
5
2
4
2
9
4
8
5
6
3
1
2
9
5
7
6
9
9
8
4
7
9
8
3
8
4
9
6
2
6
1
4
6
3
4
4
7
6
9
7
6
7
3
5
5
3
8
7
3
10
3
2
6
3
5
5
3
10
2
5
7
7
2
7
7
10
7
7
5
7
6
9
2
3
2
4
8
3
4
2
7
8
8
3
9
4
7
2
7
9
3
3
3
6
7
4
3
7
6
2
4
7
3
1
8
4
9
5
7
7
6
7
6
2
1
2
2
4
5
3
7
9
8
3
1
6
9
7
9
9
3
1
5
10
3
4
2
7
6
7
7
2
9
1
9
2
6
3
4
8
10
2
2
6
3
7
1
7
9
2
10
6
7
8
5
7
7
7
1
5
5
7
3
5
2
5
5
5
9
2
1
2
10
6
4
1
6
8
10
2
2
7
8
6
1
1
7
4
3
8
3
4
4
1
7
1
7
2
4
7
2
8
9
3
2
9
5
6
1
7
9
10
6
5
2
9
8
8
6
8
2
5
4
9
5
1
5
2
7
9
8
2
5
3
6
1
8
2
8
6
7
8
6
10
8
4
6
7
2
6
1
7
6
1
8
2
7
3
8
8
3
5
9
2
9
3
8
7
5
8
3
8
4
4
2
1
9
4
9
3
7
5
5
7
8
2
9
4
9
7
1
7
4
5
10
8
10
6
5
5
6
8
9
7
6
6
4
5
9
5
9
8
8
6
9
9
2
1
9
8
6
5
9
2
8
3
10
5
4
9
7
6
4
9
10
6
2
7
10
5
5
6
3
3
3
6
2
10
10
7
6
4
6
9
9
4
9
6
5
4
7
9
9
9
7
7
6
4
8
6
9
3
2
9
3
8
2
2
10
2
6
9
5
4
5
2
9
4
9
9
7
4
4
7
10
8
3
8
9
1
8
9
3
8
5
10
1
7
7
2
6
6
4
8
1
8
6
1
1
2
6
2
6
10
10
9
8
7
9
2
9
6
9
4
5
8
6
3
4
2
2
9
4
4
2
9
2
6
5
8
5
8
3
9
7
10
1
9
3
1
9
2
9
8
2
3
2
9
8
7
8
6
3
7
8
9
10
4
4
1
3
10
10
5
4
4
7
9
5
6
9
6
3
6
6
9
7
2
6
4
3
4
8
1
2
1
9
9
1
6
6
1
9
10
6
9
10
6
4
9
8
7
2
10
5
7
3
1
2
4
2
8
6
7
7
3
4
2
5
6
10
7
6
9
5
3
10
2
4
3
5
2
5
4
9
4
9
3
7
1
7
5
5
2
9
4
3
4
4
7
2
2
8
2
7
5
10
2
3
7
6
10
5
10
2
4
6
3
8
8
9
7
7
9
4
5
4
5
3
10
4
3
7
7
2
8
3
3
4
4
7
6
8
8
4
9
2
4
8
7
4
9
9
7
4
8
8
2
6
6
5
8
5
2
9
5
9
9
9
9
3
8
7
7
7
4
9
9
3
3
6
4
6
7
9
9
4
6
7
3
6
3
6
8
3
1
3
7
6
3
9
5
3
4
3
9
4
1
1
7
4
2
4
8
6
4
9
2
7
5
5
8
1
8
4
7
2
10
5
2
6
7
3
4
9
5
10
5
7
6
7
3
8
10
2
4
7
9
6
10
4
6
7
4
1
5
6
9
3
4
1
10
9
6
8
6
8
10
5
6
3
5
5
1
4
5
4
5
3
8
4
1
2
6
8
10
5
6
7
6
5
7
2
2
2
1
6
1
2
6
7
8
10
8
7
9
2
9
2
9
2
4
2
4
1
2
1
4
2
8
4
7
2
9
5
9
3
8
8
8
6
4
3
10
2
7
4
10
10
6
6
8
2
7
9
7
8
6
3
4
4
3
2
3
4
2
1
5
10
7
6
1
6
4
7
0 160 12
0 885 13
0 599 13
0 65 7
0 968 12
0 677 5
1 180 12
1 228 7
1 48 9
1 255 10
1 898 11
2 107 11
2 323 10
2 241 12
2 536 12
2 252 8
3 679 8
3 664 10
3 56 18
3 633 12
3 326 11
3 44 10
4 194 8
4 352 8
4 102 14
4 693 12
4 996 12
5 186 9
5 300 9
5 447 12
5 9 12
5 490 10
5 633 12
6 109 9
6 680 13
6 510 11
6 624 8
1 7 8
7 173 13
7 120 14
7 949 9
7 821 13
7 297 10
8 205 10
8 282 11
8 485 10
8 771 6
8 196 9
9 795 12
9 452 12
9 760 9
9 880 10
9 15 10
10 674 11
10 827 12
10 852 12
10 984 10
10 420 12
10 334 10
11 224 9
11 252 12
11 941 7
11 996 12
12 145 13
12 278 8
12 831 8
12 312 11
13 638 9
13 854 8
13 88 11
13 647 13
14 765 10
14 829 8
14 938 9
14 157 12
15 276 6
15 390 13
15 640 11
15 177 12
15 176 7
16 530 9
16 194 9
16 816 9
16 78 11
16 776 10
17 464 6
17 803 14
17 931 10
17 343 11
18 898 10
18 557 12
18 986 8
18 907 10
19 681 11
19 372 9
19 501 12
19 600 10
19 137 10
20 269 13
20 819 11
20 592 10
21 475 9
21 335 9
21 480 13
21 689 9
21 643 9
21 785 11
21 569 10
22 215 11
22 465 10
22 142 17
23 559 11
23 612 6
23 702 11
23 475 9
23 335 10
23 152 10
24 929 8
24 300 12
24 348 10
24 572 8
10 24 13
25 789 10
25 696 12
25 234 8
25 884 12
25 916 13
26 515 9
26 386 7
27 852 8
27 695 8
27 762 8
27 911 11
27 896 12
27 164 13
28 751 9
28 976 11
28 737 10
28 843 10
28 148 11
29 402 11
29 67 8
29 266 11
29 822 11
29 490 10
30 591 10
30 268 10
30 341 10
30 505 13
30 151 10
31 616 11
31 183 12
31 963 9
31 392 9
26 31 13
32 502 9
32 959 10
32 557 12
32 253 9
33 591 12
33 505 9
33 632 11
33 544 10
33 172 12
33 54 12
34 789 13
34 631 10
34 423 14
34 916 9
34 424 9
35 756 14
35 63 13
35 261 8
36 768 10
8 36 11
36 698 11
36 125 9
36 777 10
36 976 10
37 38 10
37 758 8
37 578 7
37 518 12
38 518 7
38 65 9
38 500 12
38 183 13
39 742 10
39 295 11
39 867 9
40 329 9
40 68 9
40 479 10
40 513 5
40 839 7
41 90 8
41 764 7
41 936 11
0 41 12
41 686 13
42 476 10
42 238 9
42 134 12
42 756 12
42 884 13
42 580 11
43 511 16
43 148 10
43 595 9
43 146 10
43 151 10
44 97 8
44 657 8
44 644 10
44 964 10
44 664 13
44 229 11
44 687 9
45 455 10
45 392 12
6 45 11
45 652 10
45 426 11
46 715 10
46 526 13
46 941 12
46 374 10
47 881 13
47 753 11
47 445 5
47 219 13
47 282 9
47 494 11
48 567 12
12 48 8
48 451 11
48 371 10
48 177 9
49 902 7
49 261 12
49 276 10
49 165 10
49 832 10
49 549 10
50 788 15
50 151 9
50 644 12
50 531 11
50 532 7
51 386 8
51 717 9
51 246 5
51 337 10
51 782 9
51 829 12
12 51 9
52 951 11
52 210 5
52 422 9
52 462 9
53 796 10
53 850 13
53 547 8
53 271 10
53 101 12
53 642 12
54 986 9
54 356 8
54 224 14
54 305 7
54 377 7
55 941 9
55 400 9
55 213 11
55 195 13
55 223 13
55 130 10
56 148 12
56 439 11
56 867 11
56 312 9
56 397 8
57 639 14
57 606 11
57 205 12
57 69 8
58 641 14
58 101 12
58 663 8
58 246 9
58 890 10
59 519 11
59 844 9
59 262 13
59 760 12
59 131 9
59 520 12
15 59 8
60 515 10
17 60 11
60 546 11
60 68 13
60 188 11
60 312 9
60 397 11
61 136 13
61 177 12
61 554 13
61 281 12
62 503 8
62 412 10
62 149 11
62 921 7
63 263 12
63 632 9
63 202 9
63 726 11
63 943 10
63 108 10
63 967 11
64 758 9
64 308 10
64 497 8
64 341 12
64 586 8
65 641 12
65 645 11
65 126 9
65 134 4
65 709 7
65 717 9
65 316 13
65 684 13
34 66 12
66 82 11
66 772 11
66 313 12
67 572 12
67 231 12
67 737 11
67 250 14
67 881 14
67 935 10
67 706 10
68 610 13
68 888 13
68 663 10
68 172 11
68 263 8
68 511 11
69 305 9
69 448 12
69 154 12
69 989 8
69 414 12
70 367 15
70 408 9
70 312 9
70 940 10
70 103 9
53 70 9
71 266 11
71 888 9
71 559 12
71 563 9
71 714 12
72 121 10
72 762 11
72 773 10
1 72 9
72 972 12
72 361 12
72 466 12
73 541 9
73 714 8
73 948 11
73 908 9
73 922 12
73 964 12
74 295 10
74 199 11
74 557 12
74 945 12
74 750 10
74 219 9
74 386 10
75 915 7
75 559 9
75 902 11
75 494 9
75 544 10
75 260 8
64 76 11
76 879 12
35 77 8
77 476 9
77 330 9
77 306 13
77 775 10
78 108 10
42 78 12
78 722 12
78 608 9
78 343 12
79 962 11
79 578 15
79 530 10
79 803 8
79 916 9
79 603 10
79 507 14
80 114 9
80 542 12
80 85 7
80 278 12
6 80 11
81 783 10
81 329 10
81 809 9
81 843 12
81 545 11
82 682 10
82 716 11
82 432 14
82 656 13
83 232 11
83 932 11
83 537 13
83 810 12
37 84 12
84 908 13
84 176 9
84 342 6
25 85 12
75 85 11
85 489 14
85 846 12
86 922 14
86 927 8
86 669 10
14 86 11
86 704 12
86 859 15
87 562 10
87 805 14
87 902 7
80 87 10
88 751 8
88 307 11
88 297 11
88 228 9
88 857 11
88 493 10
89 452 10
89 914 9
89 357 13
89 940 11
40 89 9
90 162 13
90 982 13
90 785 11
91 975 11
91 330 12
91 748 7
38 91 12
92 543 9
92 944 6
92 427 9
92 549 9
92 268 9
92 992 13
92 93 10
93 967 12
93 595 10
93 516 14
94 361 10
94 600 9
94 772 8
94 124 9
94 864 12
94 253 11
36 95 7
95 452 6
95 526 8
95 386 13
96 387 10
96 326 10
96 734 8
96 927 12
87 96 9
96 852 11
97 354 10
97 380 11
97 914 8
97 276 13
97 519 8
98 426 9
98 498 16
98 274 14
54 98 9
99 471 9
99 221 9
99 801 11
99 486 13
99 573 11
99 533 8
100 893 14
100 377 11
100 957 11
100 902 11
101 938 10
101 711 11
101 393 9
101 603 10
101 202 7
101 917 10
101 514 9
102 444 10
2 102 14
102 840 12
102 620 13
102 150 11
102 993 10
103 958 12
103 328 12
36 103 12
104 450 8
104 408 8
104 369 10
104 114 10
104 277 10
105 576 14
105 520 12
105 913 9
105 680 8
106 714 8
106 347 9
106 907 11
107 618 12
107 351 10
107 634 14
107 487 12
107 561 10
107 376 10
108 889 11
108 957 10
108 109 11
108 327 10
108 189 10
109 398 10
109 272 12
109 199 12
109 531 9
109 461 13
110 403 12
110 278 12
110 194 12
10 110 11
111 449 10
111 441 10
111 408 9
111 915 11
111 787 9
112 193 10
112 937 10
112 825 11
112 751 10
113 471 11
22 113 13
113 209 9
113 275 12
113 159 10
114 847 10
114 971 10
114 990 7
114 471 10
114 141 8
115 800 11
115 363 13
115 428 11
115 170 11
115 432 11
115 639 11
116 447 12
83 116 12
116 827 10
116 353 14
116 127 12
116 440 13
116 705 13
117 437 10
117 501 9
117 684 11
117 280 9
117 856 9
117 390 10
117 776 8
118 851 13
118 399 7
118 368 11
19 118 12
119 835 7
119 443 10
111 119 11
119 645 15
119 321 12
120 950 9
120 272 11
120 349 12
107 120 12
94 120 9
89 120 11
121 209 10
7 121 10
121 290 9
121 989 9
89 121 13
122 650 9
122 592 8
122 401 17
122 845 9
122 783 8
122 960 12
123 947 15
123 847 8
123 547 12
123 448 9
124 285 11
124 374 11
124 852 11
124 412 12
124 509 13
125 158 9
125 889 8
125 829 6
125 773 11
125 874 13
125 278 8
126 543 12
126 420 12
74 126 11
0 126 10
126 752 12
127 321 10
12 127 11
127 601 8
127 151 10
127 363 10
128 693 7
128 538 8
124 128 7
7 128 12
129 526 11
129 708 7
129 650 12
129 456 12
129 421 10
130 147 9
130 448 11
130 197 11
130 444 14
130 296 9
131 680 13
131 406 9
131 309 10
131 822 7
131 853 11
132 606 13
132 367 10
132 216 11
132 905 10
132 747 9
133 465 13
100 133 8
133 737 8
133 879 13
133 836 11
134 795 8
134 177 10
134 168 9
134 151 10
134 155 14
134 832 12
135 620 7
135 399 10
135 268 11
124 135 7
135 945 11
65 136 14
136 872 11
136 277 14
136 538 13
136 365 10
136 188 9
137 555 10
0 137 10
110 137 11
137 869 8
137 701 12
138 898 9
138 698 10
138 886 10
138 180 11
138 553 9
138 391 12
139 883 10
139 685 9
139 357 8
139 258 16
139 643 11
139 140 12
140 351 12
140 285 13
141 871 10
85 141 11
141 496 10
141 292 9
141 332 9
142 211 11
142 327 12
31 142 9
39 143 12
143 459 8
143 365 10
144 183 11
144 154 11
144 362 16
144 196 13
113 144 9
144 668 7
33 145 9
145 453 12
145 850 11
145 675 11
146 259 12
146 365 15
142 146 8
146 752 12
146 254 8
147 849 10
114 147 9
47 147 10
147 582 11
147 197 8
38 148 12
148 530 10
3 148 10
148 497 8
148 804 10
135 149 8
149 891 11
109 149 14
149 329 7
149 404 11
150 571 8
150 974 11
150 346 11
150 918 14
150 380 12
150 486 11
150 379 9
151 681 12
151 915 11
112 151 11
151 943 11
151 291 9
152 525 11
38 152 9
152 420 10
152 869 12
153 588 12
153 863 15
104 153 10
153 720 12
153 553 7
153 998 11
64 154 9
154 891 10
154 173 10
155 385 12
155 268 10
155 610 9
155 247 12
155 236 7
156 643 11
156 706 11
156 740 8
156 987 11
157 559 9
157 606 10
157 212 10
157 724 9
157 306 13
158 447 12
158 704 10
158 221 8
158 566 13
158 382 11
159 995 12
159 195 13
159 957 10
45 159 14
159 298 12
159 500 12
160 405 7
160 408 11
160 348 11
161 340 9
161 205 7
161 996 7
161 959 11
162 198 11
162 907 14
122 162 12
162 317 7
162 720 12
162 355 12
163 308 10
163 360 14
163 313 13
1 163 9
163 568 7
164 340 14
164 723 10
41 164 7
164 176 15
164 246 9
165 572 12
165 764 8
165 315 12
42 166 10
120 166 7
166 240 8
166 513 9
167 676 12
167 231 11
106 167 10
167 280 13
168 958 5
168 861 13
168 702 10
168 662 8
168 979 10
156 169 11
5 169 10
169 789 12
169 241 9
169 813 13
98 170 12
170 301 9
170 688 8
170 896 12
170 426 11
8 170 14
171 831 11
171 979 11
158 171 10
171 278 15
171 631 12
81 172 8
172 772 8
1 172 9
172 665 14
172 918 10
172 769 9
173 666 10
173 980 12
173 603 13
173 856 11
173 433 11
174 687 9
174 502 11
174 699 9
174 474 13
174 890 11
175 469 12
175 882 11
175 652 9
175 526 9
175 620 13
147 176 10
176 658 12
176 748 11
176 808 13
176 876 9
176 422 9
177 196 12
177 404 10
177 925 7
177 957 11
177 610 12
177 656 9
178 323 12
154 178 11
178 186 9
178 403 10
178 458 9
179 938 13
179 359 9
109 179 10
179 813 14
179 515 13
180 427 9
180 586 11
180 657 11
180 557 11
180 593 11
181 464 9
181 747 6
181 524 11
181 623 9
182 531 10
182 411 10
182 718 9
170 182 15
183 471 8
183 930 13
183 991 8
183 531 13
183 731 7
143 184 12
184 816 9
184 414 9
184 552 7
185 304 11
185 812 8
185 249 12
185 565 9
7 185 9
186 992 11
186 716 9
186 801 10
49 186 7
186 772 12
145 187 9
187 888 11
187 598 12
187 514 11
187 892 10
188 645 13
188 404 12
188 772 9
188 996 12
188 557 8
189 584 9
189 847 14
189 271 9
189 346 9
18 190 12
190 917 11
190 230 8
190 378 11
190 720 11
190 887 11
191 238 15
191 932 10
59 191 13
191 661 10
191 974 10
191 863 9
191 409 12
192 553 14
192 699 10
192 352 9
151 192 11
192 549 8
192 750 8
192 584 8
193 280 11
193 978 9
193 803 10
194 400 9
194 423 9
131 194 11
194 636 14
137 195 10
195 683 9
195 341 14
195 210 13
195 627 15
195 714 9
196 720 10
40 196 8
196 865 8
149 196 11
196 542 12
196 855 11
197 754 8
197 561 13
197 890 13
197 614 13
197 289 11
198 715 9
198 913 7
198 819 10
198 369 10
198 221 11
198 439 10
198 423 12
199 450 11
167 199 11
61 199 11
199 361 11
178 200 10
56 200 10
200 994 11
200 473 10
200 418 12
200 644 9
201 846 11
201 604 10
160 201 10
201 220 8
133 201 14
46 201 13
202 348 8
202 802 8
202 289 8
202 616 10
202 605 13
155 203 12
203 330 13
203 342 11
203 888 10
204 706 8
204 595 12
204 252 10
204 848 12
205 486 10
138 205 9
205 415 12
205 989 12
206 911 6
137 206 12
206 707 11
206 685 12
206 951 9
207 619 12
207 813 11
206 207 14
207 726 7
207 273 12
207 634 10
208 460 12
208 385 11
208 814 9
208 261 9
110 208 11
209 350 12
209 440 15
209 332 12
209 777 14
209 357 8
210 590 10
210 808 11
210 763 8
80 210 11
210 524 12
7 211 12
211 713 12
211 517 9
211 495 13
211 339 12
212 688 11
212 717 11
212 607 9
212 629 10
212 774 9
212 685 10
213 523 11
213 262 10
23 213 13
213 871 14
213 422 10
97 214 12
68 214 17
214 317 9
214 599 13
214 568 11
25 215 8
36 215 12
215 755 14
215 837 9
215 752 9
216 735 11
216 578 13
216 669 12
216 383 9
216 806 7
217 811 5
217 315 10
217 616 10
217 441 8
15 217 13
11 217 14
218 747 15
218 683 13
218 743 8
218 817 9
218 255 15
218 339 9
219 677 14
219 914 11
219 246 13
219 658 7
220 645 8
220 473 14
220 516 9
220 448 11
221 443 10
221 354 7
221 452 9
221 578 12
221 765 12
222 391 9
222 665 12
222 947 10
222 714 11
222 459 9
222 837 11
66 223 14
223 910 11
223 947 13
88 223 10
223 436 7
223 453 7
111 223 10
193 224 9
41 224 8
224 502 14
224 669 14
224 466 11
224 972 14
225 644 12
225 432 12
23 225 9
225 534 6
225 770 12
208 225 12
226 430 11
226 802 10
226 454 11
226 757 11
226 370 12
227 969 10
104 227 8
228 682 10
228 854 11
228 812 13
229 668 10
229 636 11
229 627 13
229 990 10
230 760 11
230 313 13
230 622 13
2 230 8
231 606 11
231 386 8
231 548 7
231 461 12
232 420 15
210 232 12
232 901 9
232 937 10
187 232 5
233 470 10
233 543 9
233 269 15
233 743 9
234 346 16
22 234 13
19 234 12
161 234 13
234 738 11
234 679 10
235 644 12
163 235 13
235 655 11
235 654 10
236 374 11
236 761 8
225 236 11
236 398 12
236 610 13
237 451 9
237 413 11
237 463 14
237 929 6
117 237 10
238 751 9
182 238 7
79 238 13
238 646 8
238 465 14
238 892 12
239 674 10
16 239 11
239 683 11
239 823 10
45 239 11
240 846 16
240 932 10
54 240 12
240 268 10
240 616 11
240 242 11
241 332 9
241 758 11
241 493 13
196 241 8
241 323 11
242 716 10
242 781 9
242 906 8
242 815 11
45 242 11
242 503 10
243 408 13
243 728 10
243 460 12
243 794 12
244 403 11
244 388 9
244 249 8
244 265 11
244 270 10
244 352 9
88 245 11
245 979 9
36 245 9
245 702 9
245 962 14
245 853 9
48 245 10
61 246 13
246 651 10
81 246 11
125 246 9
246 307 12
247 841 10
247 933 8
247 528 10
247 317 11
247 388 11
248 561 9
248 790 11
248 624 11
248 685 13
249 909 13
153 249 14
249 700 11
249 547 12
250 543 12
250 430 10
250 620 13
250 736 11
251 536 12
251 586 8
251 372 10
251 378 14
251 771 10
252 481 10
252 969 11
252 732 9
252 425 9
252 430 10
252 260 12
81 253 5
253 933 8
253 999 7
253 804 10
253 934 10
236 254 9
247 254 11
254 262 15
255 805 13
255 584 11
147 255 10
255 564 11
198 255 8
255 520 11
256 646 5
169 256 10
256 648 9
55 256 10
256 897 12
232 256 10
257 606 14
257 677 9
257 533 8
257 647 8
110 257 11
226 258 10
258 332 7
258 764 9
258 917 10
258 609 7
12 258 7
222 259 12
259 596 11
259 758 11
259 793 11
131 260 12
260 328 11
260 868 14
260 798 14
260 684 10
21 261 10
261 533 11
261 631 10
261 356 9
262 337 12
262 580 10
262 328 12
262 852 7
263 973 8
263 392 9
100 263 11
51 263 11
264 665 8
264 920 9
264 277 10
264 331 11
118 264 9
265 280 14
265 439 13
265 977 12
265 835 9
265 582 8
166 266 11
266 777 9
266 467 13
266 434 11
266 662 11
180 267 14
267 468 13
267 856 8
60 267 17
267 473 10
192 268 10
261 268 7
101 268 10
268 360 12
268 362 8
269 333 9
269 391 9
124 269 10
83 269 13
269 593 9
270 552 8
270 413 8
270 503 13
140 270 6
271 845 8
90 271 11
271 476 13
271 387 11
271 418 11
39 272 11
266 272 12
272 717 13
272 638 9
272 704 14
78 273 9
273 931 14
273 751 8
273 806 12
273 305 10
274 588 8
274 801 8
274 458 9
161 274 10
72 274 10
274 931 11
47 275 10
130 275 13
275 349 9
275 918 8
275 684 14
0 275 12
276 644 12
4 276 8
276 568 7
276 632 11
276 784 10
54 277 9
277 697 11
276 277 9
277 635 13
82 278 9
278 430 10
278 931 13
278 671 11
278 410 9
278 847 9
279 418 12
279 712 12
279 824 10
279 745 11
279 673 14
280 580 8
280 810 13
280 994 9
280 834 7
281 790 8
281 810 5
281 856 10
281 672 16
254 281 11
199 281 8
282 287 12
220 282 8
282 837 10
191 282 11
282 397 10
282 817 11
283 690 10
45 283 13
0 283 12
283 483 8
283 744 8
151 283 11
284 433 13
284 779 9
284 856 10
284 951 10
205 284 9
44 284 11
284 786 5
285 391 10
285 420 11
285 634 10
8 285 13
285 730 11
203 285 10
285 761 9
286 616 11
81 286 10
286 592 6
286 295 12
83 287 12
287 690 9
287 907 11
287 627 14
287 613 12
287 730 8
288 311 14
288 533 8
288 902 10
288 406 9
288 698 12
289 639 10
289 400 11
289 580 12
289 572 10
290 981 11
30 290 14
290 791 8
3 291 7
291 958 14
291 906 9
292 979 11
292 809 11
292 343 13
153 292 10
39 293 7
293 935 8
33 293 13
293 525 12
196 293 10
294 509 9
294 858 10
294 818 11
174 294 14
147 294 12
295 571 11
295 410 14
289 295 12
295 934 13
295 366 13
295 756 10
296 878 7
296 627 9
296 623 12
296 669 12
297 929 10
297 605 12
297 986 13
297 850 9
295 297 13
297 458 14
297 387 10
298 857 14
298 488 12
298 999 12
298 889 10
33 298 10
298 801 8
299 659 10
7 299 9
299 813 10
299 890 15
300 839 12
300 842 14
211 300 9
52 300 12
10 301 15
301 806 8
301 773 10
301 954 8
32 301 9
302 978 12
302 763 12
302 391 10
302 960 10
299 302 13
303 342 7
301 303 11
303 407 13
303 552 9
304 932 10
304 791 12
63 304 10
304 640 11
304 853 12
305 934 10
1 305 12
305 501 9
305 559 10
305 505 9
306 824 12
51 306 10
306 735 8
38 306 10
306 775 9
306 525 14
307 730 11
307 925 8
307 361 14
307 765 12
307 581 11
307 716 13
307 314 9
307 807 13
2 308 12
308 990 12
81 308 9
309 615 8
309 590 11
309 770 11
272 309 14
309 882 11
57 309 12
110 310 11
161 310 13
310 357 9
305 310 14
310 835 11
117 311 10
311 585 13
311 905 10
311 817 11
208 311 9
312 583 7
312 936 14
312 984 10
312 372 9
312 683 11
313 472 8
313 395 10
313 927 10
313 548 10
314 642 10
314 611 12
63 314 13
314 770 13
314 882 7
315 461 10
106 315 12
315 967 13
315 811 9
85 316 10
199 316 9
316 751 13
46 316 10
316 909 12
317 661 11
317 791 12
270 317 19
317 853 11
317 717 9
318 827 9
318 714 11
318 994 14
206 318 10
319 602 9
319 952 10
319 609 11
225 319 10
319 625 11
319 518 12
320 696 9
320 974 12
320 891 11
321 987 9
321 822 10
321 508 9
73 321 8
321 440 12
95 322 12
322 336 10
322 628 10
322 498 9
322 847 9
323 587 10
141 323 12
323 996 12
323 701 10
323 363 12
273 324 9
324 419 9
0 324 10
311 324 11
324 728 12
325 442 10
115 325 13
325 382 13
16 325 9
74 326 11
326 369 15
171 326 12
326 694 8
326 851 10
326 592 9
327 701 13
327 413 12
327 888 12
327 453 6
213 327 9
178 328 12
174 328 12
328 996 11
328 651 12
328 795 13
329 830 15
329 924 12
64 329 11
329 777 15
323 329 12
330 949 12
330 544 8
330 987 10
330 941 10
330 799 12
331 629 9
58 331 8
76 331 12
331 537 13
331 747 6
182 331 8
332 733 11
332 530 9
48 332 7
332 640 11
66 332 10
177 332 12
332 698 15
333 936 7
333 882 15
333 732 8
187 333 12
333 739 8
334 468 9
160 334 11
334 767 11
334 841 13
334 719 12
334 780 6
334 573 12
335 421 12
128 335 6
335 444 14
335 692 10
15 335 9
335 367 10
227 336 11
336 935 11
336 923 13
336 693 13
317 336 9
337 666 15
79 337 9
337 401 11
337 805 10
338 981 10
155 338 5
338 768 11
304 338 10
338 957 13
338 904 9
257 339 10
116 339 11
34 339 9
339 769 9
311 340 13
155 340 12
332 340 13
340 396 11
120 340 10
340 792 8
341 958 11
341 909 13
341 559 13
341 495 10
341 633 11
111 341 14
342 826 11
342 721 9
342 538 11
342 403 15
343 769 11
75 343 11
343 496 11
183 343 10
343 418 12
103 344 10
344 418 11
344 929 11
344 494 8
344 643 12
344 660 12
345 568 10
93 345 8
345 865 10
342 345 10
345 933 11
221 346 13
346 596 13
346 418 7
346 603 10
346 563 15
22 346 10
346 503 10
34 347 12
347 678 11
347 585 11
347 878 13
90 347 10
191 348 11
344 348 11
348 529 8
348 989 9
233 348 8
62 349 8
349 800 8
12 349 11
122 349 8
349 677 10
350 596 7
350 996 10
350 484 8
12 350 12
336 351 10
351 626 9
160 351 7
103 351 10
351 486 9
88 352 14
75 352 9
352 402 9
352 888 14
352 642 10
352 503 9
159 353 11
353 637 11
186 353 12
353 768 11
354 437 8
354 989 12
354 892 11
135 354 8
354 697 12
355 552 11
355 589 11
355 760 10
355 467 10
355 639 12
356 598 11
309 356 13
356 850 13
55 356 11
356 946 12
356 575 5
148 357 10
357 711 8
228 357 9
145 357 5
357 457 13
358 989 12
358 596 14
204 358 9
150 358 11
84 358 11
180 359 8
359 864 11
359 595 11
69 360 9
360 405 12
360 415 12
360 680 12
332 360 12
361 800 8
361 576 11
361 829 12
327 361 11
362 993 12
362 555 12
245 362 11
239 362 9
363 902 7
8 363 11
363 995 11
175 364 8
364 491 11
11 364 11
364 383 11
364 913 12
365 641 12
61 365 12
312 365 9
365 908 7
176 365 10
366 579 11
151 366 10
366 436 10
366 590 10
366 815 8
366 901 12
172 366 12
367 729 14
367 688 12
367 902 9
367 654 11
243 367 13
193 368 10
44 368 9
368 581 11
368 401 12
25 369 9
63 369 11
369 829 4
369 871 13
1 370 11
370 515 13
370 818 13
370 851 10
151 370 12
124 371 9
371 891 8
365 371 9
372 468 14
372 895 13
89 372 10
129 372 11
10 372 10
284 373 10
231 373 14
22 373 10
373 534 11
31 373 9
373 680 13
373 545 10
106 374 12
231 374 10
374 642 9
374 603 13
278 374 11
357 375 10
375 440 9
305 375 9
288 375 12
375 439 10
375 899 12
375 394 8
376 393 10
376 786 11
376 517 16
376 968 13
376 586 12
377 968 11
377 793 11
146 377 7
249 377 11
377 472 12
378 422 12
158 378 8
378 611 9
175 378 8
319 378 9
378 897 11
379 997 12
379 712 11
379 408 12
379 658 10
379 841 10
11 379 11
380 602 8
380 848 10
380 871 10
380 492 11
380 702 10
20 380 9
381 534 11
351 381 11
381 712 12
167 381 12
286 382 8
368 382 13
261 382 9
283 382 11
382 745 7
382 858 9
382 968 12
383 845 10
347 383 9
22 383 13
383 816 12
383 779 11
322 384 12
384 699 9
247 384 14
384 866 11
384 933 10
384 613 12
385 719 9
222 385 11
295 385 11
385 957 6
385 442 10
385 757 13
386 766 13
271 386 9
386 778 11
255 387 12
387 837 9
387 626 9
387 779 9
387 424 12
388 776 12
388 777 10
320 388 9
388 639 13
359 388 7
388 540 11
388 581 12
389 829 11
389 600 13
389 778 9
390 544 13
390 859 11
75 390 10
390 480 12
332 390 10
390 568 8
391 876 11
391 451 11
391 824 11
72 391 12
391 729 8
392 549 9
244 392 10
392 742 12
392 653 9
392 959 9
111 393 12
393 557 10
393 599 14
393 845 13
357 393 9
393 602 9
261 394 10
394 962 12
394 639 12
394 854 10
394 450 9
395 598 16
100 395 13
192 395 9
163 395 9
395 943 9
396 798 13
396 943 12
396 785 10
396 501 13
388 396 13
396 523 13
397 683 9
379 397 10
397 878 12
397 510 9
397 515 9
398 915 12
398 872 11
132 398 8
398 966 13
197 398 6
119 399 9
206 399 9
399 561 13
344 399 10
400 688 12
400 985 10
265 400 11
168 400 8
400 714 9
401 852 14
401 428 10
328 401 11
401 981 12
94 402 8
176 402 15
353 402 8
402 563 9
402 909 8
342 402 11
111 403 7
285 403 11
403 836 10
403 940 7
403 783 8
404 545 6
276 404 10
404 411 8
404 553 13
70 404 11
173 404 13
405 664 12
201 405 14
405 772 12
405 551 13
405 656 16
406 589 10
406 786 10
406 690 11
406 849 11
72 406 10
113 406 11
92 407 11
407 521 12
407 871 11
212 407 7
407 876 12
40 407 8
408 542 12
408 578 9
408 600 12
183 408 9
408 428 8
408 434 11
409 701 8
409 608 14
409 956 11
409 897 13
409 632 15
410 773 9
410 550 8
410 965 8
410 456 11
410 863 12
44 411 12
411 931 11
299 411 12
411 618 7
411 985 6
412 770 11
182 412 9
217 412 11
412 831 11
372 412 9
316 412 14
392 412 14
413 822 12
413 517 11
413 885 10
122 413 9
414 853 11
286 414 10
414 796 11
414 901 9
415 638 10
310 415 7
415 757 7
415 692 11
415 766 10
250 416 12
416 741 13
177 416 8
416 750 14
412 416 8
56 417 12
169 417 8
417 821 8
417 791 10
417 506 10
8 417 10
417 974 9
325 418 13
418 601 11
418 516 11
236 418 12
418 478 11
419 484 9
419 988 11
377 419 10
420 680 11
420 831 8
420 957 9
166 420 11
420 694 13
241 421 15
26 421 9
421 553 11
422 634 15
422 934 11
96 422 8
422 969 8
423 727 10
423 682 9
423 458 13
423 462 11
59 423 7
307 424 13
328 424 10
424 639 12
282 424 7
424 685 15
424 428 9
425 465 11
425 888 10
425 612 12
425 890 8
360 425 8
425 477 10
345 426 9
426 578 9
230 426 12
271 426 12
427 999 12
391 427 11
427 530 10
339 427 10
255 428 12
428 689 11
428 830 9
428 707 9
428 431 10
354 429 9
429 581 10
429 787 10
258 429 8
429 864 14
401 430 8
430 665 10
430 896 9
41 430 13
430 442 8
431 503 11
431 905 12
431 877 8
112 431 11
89 431 12
432 802 12
349 432 11
271 432 11
152 432 12
432 885 8
433 798 9
433 436 10
329 433 11
433 830 8
433 549 12
433 717 6
434 746 11
331 434 9
434 647 12
434 505 11
435 618 10
163 435 14
426 435 9
54 435 14
435 989 13
435 944 14
436 825 13
436 902 8
436 552 7
436 865 9
242 436 8
436 957 8
437 918 12
437 841 9
437 942 9
437 674 11
30 438 10
438 818 10
389 438 10
438 538 10
438 759 9
54 439 8
439 710 9
439 667 10
439 873 11
293 439 11
440 575 12
440 534 13
406 440 12
440 903 12
187 440 12
441 470 9
441 646 9
441 607 11
441 471 12
117 441 12
441 560 8
442 606 9
442 740 9
442 585 11
443 781 6
443 953 11
443 910 12
443 909 8
443 591 10
444 687 12
92 444 9
300 444 11
445 967 9
380 445 9
80 445 14
445 553 14
446 907 11
446 867 11
446 584 11
446 558 11
446 731 10
446 975 10
447 900 11
390 447 7
447 933 11
212 447 11
16 447 12
448 666 7
448 640 11
448 967 13
448 482 13
449 986 14
134 449 10
449 930 9
449 713 11
280 450 11
191 450 14
450 674 9
450 476 11
18 451 11
451 953 6
129 451 14
109 451 13
451 794 12
373 451 14
233 451 10
452 835 13
452 912 7
77 452 12
452 671 10
452 779 9
453 976 10
104 453 11
453 868 12
282 453 8
453 661 11
120 453 11
454 480 11
442 454 10
455 858 7
455 998 9
455 729 9
242 455 14
387 455 13
456 856 10
2 456 9
456 963 11
456 978 10
23 456 11
456 997 12
110 457 12
348 457 10
282 457 11
87 457 8
6 458 9
458 674 12
168 458 9
458 535 13
459 678 12
149 459 7
177 459 10
459 553 11
459 720 11
460 936 11
152 460 9
460 724 12
365 460 10
374 460 9
460 593 12
251 460 10
461 645 15
461 732 10
461 869 11
462 856 12
462 701 12
462 984 7
462 726 12
462 775 9
250 463 9
438 463 10
356 463 11
463 782 12
463 722 13
463 650 14
353 464 5
464 645 13
206 464 9
323 464 10
464 798 12
464 509 12
465 826 14
164 465 12
465 857 13
304 465 12
465 898 13
465 971 7
466 560 11
466 724 9
466 821 13
467 515 10
48 467 12
341 467 12
344 467 12
409 467 13
468 780 14
171 468 9
104 468 11
1 468 7
263 468 11
309 468 9
361 469 12
469 797 11
469 823 8
469 855 9
372 470 12
470 477 12
382 470 9
405 470 15
471 725 4
202 471 16
102 471 12
420 471 12
175 471 11
472 671 11
472 612 12
472 999 8
146 472 9
472 753 10
472 894 7
473 728 11
473 697 13
473 499 13
466 473 10
259 473 12
383 473 12
474 919 12
474 676 11
474 816 10
474 632 9
28 474 8
474 641 11
475 823 8
219 475 9
292 475 12
417 475 11
476 582 11
476 649 12
118 476 11
476 890 11
385 476 10
299 476 8
477 524 12
421 477 13
477 798 12
65 477 11
477 509 9
27 477 9
478 813 12
187 478 9
478 821 12
478 816 9
478 559 11
123 479 12
479 966 10
294 479 12
479 683 15
374 479 9
480 601 8
480 646 7
356 480 10
480 629 11
481 618 9
142 481 13
481 700 8
481 921 9
482 929 12
482 783 9
336 482 9
482 722 9
92 483 11
483 720 13
406 483 14
335 483 8
386 483 6
249 484 13
484 931 9
242 484 13
484 699 11
484 540 14
170 485 13
186 485 10
378 485 11
485 993 14
153 485 13
485 981 10
485 861 10
407 486 8
235 486 9
486 544 11
344 486 9
486 598 9
486 592 10
487 893 12
452 487 8
284 487 10
360 487 10
488 726 9
285 488 9
488 494 13
283 488 7
488 701 8
489 505 8
76 489 12
135 489 10
273 489 11
489 534 8
490 652 13
490 832 12
490 942 14
490 606 9
491 569 12
406 491 12
491 576 10
25 491 11
491 863 10
389 492 9
492 740 12
492 794 13
120 492 12
492 839 7
117 492 12
348 493 15
222 493 9
84 493 9
231 493 13
118 494 11
58 494 9
5 494 10
494 634 8
494 932 11
495 765 12
495 898 8
495 636 11
495 756 10
496 972 10
233 496 6
496 740 9
89 496 11
496 797 10
7 496 10
426 497 12
497 976 10
497 724 13
27 498 13
498 846 8
214 498 11
498 724 10
236 498 11
499 906 12
499 681 8
59 499 13
499 939 13
218 499 10
165 499 11
500 797 7
36 500 13
500 749 10
414 500 12
500 583 13
279 501 8
501 559 11
318 501 10
501 991 13
282 501 10
496 502 12
502 930 13
178 502 12
349 502 11
502 758 9
423 502 10
106 503 14
503 710 11
344 503 16
58 503 11
504 866 10
504 711 11
239 504 11
432 504 9
139 505 7
505 906 11
328 505 9
505 828 10
183 506 8
399 506 13
506 596 10
200 506 10
205 506 9
436 506 11
507 752 10
507 544 7
507 985 12
440 507 11
507 763 11
39 508 9
508 878 9
508 861 10
153 509 9
509 984 12
509 966 8
152 509 9
510 796 10
146 510 12
510 518 13
510 761 9
72 510 15
510 824 10
110 511 10
511 628 10
511 762 15
511 618 11
511 898 12
511 631 7
43 512 14
512 731 13
460 512 10
512 720 9
512 702 11
513 601 11
513 969 9
513 809 10
444 513 5
513 680 12
448 514 10
91 514 11
514 769 12
290 514 7
514 770 10
514 736 13
511 515 11
0 515 11
45 515 7
515 675 12
78 515 11
515 715 10
515 930 7
75 516 8
516 845 11
516 974 10
516 713 9
516 688 10
516 811 13
197 517 13
490 517 9
485 517 11
483 517 11
517 912 13
518 611 15
518 748 13
518 616 12
494 518 10
518 948 11
476 518 10
356 519 10
519 625 13
182 519 11
519 631 10
520 662 8
520 861 10
520 982 9
39 520 12
493 520 11
253 520 9
521 569 12
507 521 9
324 521 11
521 997 7
459 522 14
522 523 8
281 522 10
522 864 11
47 522 10
523 694 10
121 523 10
181 523 11
523 736 9
466 523 13
523 723 10
523 624 12
292 524 9
64 524 11
524 786 8
130 524 10
497 525 9
238 525 11
525 765 11
525 706 13
525 972 11
525 644 7
526 910 9
462 526 13
526 710 11
62 526 13
526 914 11
526 628 13
12 527 8
242 527 12
355 527 9
62 528 9
528 676 11
528 568 8
528 648 10
39 528 13
529 586 10
529 715 12
529 621 10
529 855 11
529 653 14
297 530 9
156 530 10
530 951 8
26 530 9
531 824 12
531 808 11
531 971 10
531 964 8
531 758 11
532 970 12
532 869 6
532 663 11
77 532 9
464 533 10
533 983 11
533 882 11
472 534 11
131 534 12
59 534 11
115 534 10
126 534 9
535 602 7
157 535 10
535 963 12
535 541 14
535 708 11
535 888 14
350 536 10
402 536 11
536 951 13
536 803 13
137 536 10
428 537 12
82 537 9
75 537 13
308 537 12
305 537 12
537 828 10
538 749 6
538 609 13
538 858 7
538 941 12
240 539 11
539 914 11
539 571 13
539 746 13
193 539 14
9 540 11
225 540 13
540 748 11
225 541 9
541 834 11
293 541 10
541 737 9
541 633 12
495 541 10
542 679 12
382 542 12
542 941 11
534 542 9
224 542 8
28 542 8
11 543 9
543 586 13
461 543 13
543 809 11
543 878 12
543 575 10
533 544 11
315 544 11
250 544 9
247 544 9
544 919 11
544 771 11
545 947 7
545 589 9
59 545 10
545 888 12
545 663 12
546 634 13
546 926 13
546 747 10
81 546 11
168 546 12
388 546 10
547 626 10
470 547 8
277 547 10
190 547 10
547 735 7
355 548 9
474 548 11
548 702 13
178 548 9
548 854 10
549 659 5
170 549 8
258 549 10
259 549 10
357 550 10
550 776 10
467 550 11
550 901 12
550 942 12
330 551 10
171 551 12
551 641 13
551 963 14
459 552 10
552 757 12
552 961 5
553 685 14
553 673 11
553 935 10
406 553 9
180 554 10
554 877 13
328 554 11
554 823 10
29 555 10
555 715 11
250 555 9
270 555 12
414 555 13
556 862 10
101 556 6
109 556 10
556 754 13
556 708 8
557 673 9
511 557 9
442 557 9
557 788 12
328 557 10
558 773 11
527 558 10
558 814 10
329 558 12
558 940 9
558 943 11
559 711 9
278 559 9
559 607 10
559 717 10
559 705 15
372 560 12
560 724 11
560 718 11
560 670 12
44 561 10
298 561 14
561 864 10
136 561 8
521 561 7
441 562 11
161 562 14
349 562 11
81 562 8
195 563 11
290 563 5
240 563 11
24 563 7
365 563 12
105 564 8
564 879 8
564 773 8
453 564 11
376 565 11
496 565 12
186 565 12
565 842 12
565 994 9
402 565 10
365 566 12
566 941 9
566 921 12
476 566 9
333 566 13
567 952 11
260 567 7
443 567 9
568 786 9
568 783 12
568 651 9
372 568 11
568 625 12
225 569 10
569 653 8
569 600 8
205 569 8
569 891 7
569 821 7
378 570 11
449 570 14
570 997 8
570 852 8
570 710 12
138 571 11
571 736 12
246 571 9
231 571 11
373 572 7
400 572 13
246 572 11
186 572 11
130 572 12
573 625 8
248 573 10
550 573 8
573 576 10
164 573 10
28 574 8
507 574 9
516 574 9
574 941 10
333 574 13
11 575 15
575 823 11
444 575 7
575 652 7
575 592 10
5 576 7
25 576 11
285 576 11
4 576 12
240 577 11
246 577 6
577 893 11
411 577 11
577 863 10
577 699 7
578 857 10
308 578 11
578 894 13
376 578 11
404 579 10
531 579 8
579 937 11
579 756 10
387 579 10
266 580 8
488 580 11
580 849 8
250 580 8
580 782 8
65 580 11
580 983 10
169 581 11
581 730 13
127 581 9
581 876 10
333 581 11
581 732 12
582 783 11
542 582 8
264 582 12
435 582 12
281 582 10
362 583 11
583 664 13
231 583 14
583 722 12
274 584 12
584 783 13
584 687 11
584 994 11
585 626 8
329 585 14
315 585 11
585 700 10
282 586 11
348 586 9
473 586 13
99 586 9
586 770 11
500 586 8
101 587 7
321 587 12
22 587 12
587 634 13
511 587 14
588 680 10
31 588 9
581 588 12
280 588 8
164 589 10
589 616 11
589 787 9
141 589 11
361 589 10
227 590 12
590 770 10
76 590 7
142 590 10
467 590 10
590 858 7
254 591 15
591 812 11
158 591 10
357 591 13
509 591 13
405 592 10
592 826 11
592 705 13
84 592 10
58 592 11
346 593 9
2 593 9
137 593 10
423 593 10
593 709 7
532 594 9
594 962 11
276 594 11
306 594 7
50 594 15
595 848 13
289 595 8
595 947 11
595 748 12
467 595 12
596 861 12
16 596 10
591 596 15
128 596 9
596 792 9
238 596 12
438 597 10
597 642 9
597 987 13
597 938 13
58 597 12
350 597 12
396 598 11
209 598 8
221 598 10
85 598 10
598 739 11
598 818 8
598 654 13
599 874 10
85 599 8
453 599 8
598 599 9
559 600 11
600 645 13
302 600 14
46 601 14
174 601 13
144 601 10
601 698 9
601 811 8
176 602 9
90 602 7
602 624 8
48 602 10
327 603 11
603 709 12
603 999 9
559 603 10
603 777 10
413 603 10
80 604 9
604 736 10
604 915 10
584 604 11
605 649 10
596 605 7
22 605 9
275 605 7
605 640 7
360 606 10
606 679 11
238 606 9
283 606 10
599 606 12
607 743 14
185 607 9
297 607 9
357 607 8
536 607 7
367 607 13
73 608 11
601 608 14
603 608 10
608 921 11
609 772 10
200 609 10
477 609 13
609 960 12
610 771 11
110 610 14
374 610 10
610 740 9
10 610 11
266 611 14
611 696 10
611 694 10
250 611 12
366 611 9
539 612 10
419 612 13
612 937 11
612 819 10
252 612 11
104 613 9
12 613 11
445 613 9
613 997 10
613 732 12
614 947 12
499 614 9
614 764 12
614 788 11
614 884 11
614 733 10
111 615 10
453 615 10
151 615 12
27 616 11
616 692 13
616 838 10
343 616 9
250 616 8
109 616 12
617 757 10
44 617 11
389 617 11
95 617 13
111 617 11
617 667 14
618 637 12
618 843 10
618 933 11
434 618 10
618 897 11
454 619 11
204 619 9
619 699 11
309 619 10
620 705 11
620 630 12
19 620 12
137 620 10
318 620 9
213 620 10
303 621 9
524 621 13
621 622 13
621 670 9
102 621 8
621 758 14
194 622 9
267 622 6
260 622 9
622 848 8
622 836 9
403 623 9
623 764 10
623 736 8
623 958 11
624 994 9
321 624 10
624 850 11
624 868 10
624 747 15
625 945 9
277 625 12
625 711 12
625 783 12
385 625 9
489 625 10
626 963 11
223 626 10
220 626 8
626 928 10
627 970 15
56 627 14
379 627 12
515 627 15
628 905 15
421 628 11
141 628 11
436 628 10
629 924 10
483 629 11
106 629 9
629 751 5
597 629 13
346 630 11
630 655 7
630 794 10
630 730 12
440 630 7
630 802 10
631 955 13
631 757 11
631 793 6
128 631 14
590 631 9
517 631 9
562 632 11
283 632 12
225 632 9
632 994 10
449 633 10
486 633 9
633 886 14
633 914 13
474 634 10
212 634 12
17 634 10
488 634 8
416 634 10
634 643 9
634 719 11
476 635 11
396 635 10
41 635 10
635 778 10
287 636 10
636 709 9
446 636 9
569 636 11
636 860 9
525 637 10
464 637 11
105 637 6
570 637 7
34 638 10
36 638 11
85 638 13
414 638 10
609 638 8
638 658 12
639 691 12
119 639 12
531 639 6
639 661 8
364 639 11
640 669 12
143 640 12
585 640 9
640 827 8
315 641 9
130 641 15
641 981 7
238 641 11
581 641 11
37 642 14
642 954 12
642 656 10
432 642 8
503 643 12
144 643 15
102 643 9
643 863 8
354 643 11
500 644 12
644 940 4
174 644 8
527 644 12
137 644 9
262 645 11
50 645 11
162 645 9
645 727 13
210 645 10
296 646 11
463 646 10
558 646 11
351 646 13
647 765 10
81 647 7
505 647 9
43 647 13
648 741 9
450 648 8
339 648 8
348 648 10
279 648 15
648 705 9
639 649 16
333 649 12
649 925 12
649 943 11
72 649 9
394 649 9
257 649 12
650 743 8
650 882 7
475 650 9
128 650 10
642 650 12
651 755 9
398 651 12
130 651 9
147 651 9
514 651 9
372 651 10
545 652 11
159 652 9
652 918 14
652 856 11
352 653 9
653 717 8
577 653 11
229 653 11
269 653 9
238 654 9
654 771 12
654 695 14
654 779 5
654 704 8
268 655 11
655 735 10
381 655 15
655 683 9
22 655 13
656 883 8
339 656 7
656 977 13
656 922 11
61 657 6
227 657 10
253 657 12
82 657 8
556 657 10
221 657 11
68 658 10
605 658 14
658 997 11
618 658 13
658 946 8
639 659 12
397 659 10
659 695 11
109 659 13
499 659 12
646 659 9
46 660 11
391 660 13
252 660 11
89 660 8
105 661 11
661 663 13
412 661 10
126 661 12
594 662 9
662 835 11
184 662 9
662 707 7
662 832 11
663 705 12
663 936 8
1 663 9
663 763 7
464 663 11
469 663 10
664 808 15
664 824 7
664 723 10
664 802 10
485 664 10
665 789 9
233 665 13
665 868 13
7 666 10
535 666 11
666 845 12
666 833 10
436 666 12
549 667 10
464 667 12
667 780 13
120 667 11
667 872 12
445 667 16
359 668 7
154 668 10
605 668 9
61 668 7
49 668 15
426 669 10
669 812 12
137 669 10
669 756 14
627 670 8
223 670 12
567 670 8
670 752 11
671 700 6
528 671 7
491 671 10
459 671 12
308 671 12
134 672 10
272 672 13
287 672 11
672 995 8
672 831 10
603 672 11
122 672 9
308 673 12
673 845 8
673 999 8
673 928 13
368 673 12
110 674 11
132 674 10
11 674 12
425 674 11
647 674 13
674 982 9
166 675 10
275 675 11
675 745 13
675 900 10
271 675 8
620 676 10
676 797 10
676 991 8
601 676 9
677 767 10
300 677 10
271 677 12
677 803 15
678 732 10
678 714 11
311 678 13
527 678 11
678 787 12
482 678 8
678 889 13
678 706 10
116 679 8
679 946 9
679 964 8
549 679 9
265 680 8
616 680 14
680 958 7
486 680 9
680 689 10
138 680 13
76 680 9
625 681 12
681 789 10
681 909 9
630 681 10
679 681 10
681 959 11
396 682 13
456 682 14
309 682 10
516 682 11
682 745 12
683 885 11
683 737 13
683 837 11
600 683 12
190 683 12
430 684 12
8 684 7
684 952 11
41 684 15
467 684 11
504 684 13
133 685 9
685 935 9
444 685 9
685 756 12
163 685 11
151 685 7
636 686 11
646 686 11
677 686 12
536 686 14
686 959 10
100 687 11
376 687 9
67 687 11
329 687 13
684 687 8
688 908 10
688 982 12
688 951 12
259 688 11
148 689 12
689 963 10
127 689 11
146 689 10
517 689 12
690 993 9
690 970 11
398 690 12
82 690 11
365 690 5
60 691 10
0 691 11
325 691 11
410 691 12
458 691 13
218 692 9
364 692 10
692 997 10
679 692 5
68 693 14
565 693 9
693 935 7
521 693 10
412 693 10
651 693 10
344 694 14
694 807 11
407 694 15
694 743 12
694 815 10
148 695 11
579 695 12
497 695 11
120 696 8
696 888 8
375 696 9
487 696 9
697 752 8
288 697 12
697 729 13
556 697 7
698 800 12
256 698 11
698 883 8
22 698 13
258 698 8
658 699 12
238 699 12
411 699 9
250 699 13
337 700 10
498 700 10
313 700 9
317 700 14
700 798 11
211 701 9
701 720 12
701 969 15
701 942 13
3 701 10
338 702 10
702 979 10
400 702 14
702 995 12
38 702 9
702 748 9
683 703 12
471 703 8
200 703 13
345 703 13
433 703 11
648 704 10
572 704 10
189 704 8
704 730 10
383 705 10
298 705 13
329 705 11
554 705 10
546 705 14
136 706 13
37 706 11
202 706 11
613 706 13
706 712 14
659 706 9
567 707 9
707 828 9
441 707 11
600 707 11
707 773 10
430 707 8
342 708 10
706 708 14
708 717 9
708 918 10
96 708 9
491 708 10
709 826 10
671 709 11
217 709 8
685 709 12
201 709 10
407 710 10
288 710 11
531 710 11
57 710 16
442 710 9
652 711 10
137 711 10
575 711 12
405 711 10
91 712 12
712 725 10
412 712 13
527 712 8
258 713 10
162 713 6
104 713 12
417 713 15
690 713 10
498 714 9
714 834 9
632 714 11
714 802 11
25 714 13
591 714 10
494 714 11
364 715 10
173 715 11
347 715 11
114 716 12
716 897 11
533 716 12
203 716 10
115 716 14
716 835 13
275 716 14
717 815 11
418 717 9
627 717 8
359 717 12
70 717 11
548 718 12
96 718 11
718 766 12
510 718 10
265 719 8
693 719 10
89 719 15
517 719 15
64 719 11
247 720 10
164 720 13
206 720 11
410 720 12
720 837 15
303 721 9
214 721 9
359 721 10
721 951 7
414 721 8
415 722 11
722 729 10
722 724 7
357 722 8
243 722 10
418 723 10
363 723 11
491 723 10
474 723 8
723 807 9
66 724 12
158 724 7
510 724 9
687 724 6
549 724 12
523 724 8
590 725 12
12 725 12
405 725 9
725 838 6
193 725 11
501 726 9
508 726 8
726 905 12
353 726 5
322 727 10
150 727 11
92 727 11
347 727 12
727 935 9
452 728 13
342 728 15
728 844 12
655 728 6
591 728 12
595 729 10
664 729 9
189 729 13
75 729 11
452 730 9
176 730 8
730 854 8
276 730 9
486 730 16
683 731 8
125 731 8
731 963 9
731 971 13
684 731 12
731 751 8
732 809 9
35 732 7
707 732 12
393 732 7
732 804 10
367 733 13
112 733 10
326 733 11
278 733 8
549 733 9
678 734 10
17 734 11
131 734 12
649 734 9
481 734 12
434 735 11
455 735 8
535 735 12
412 736 9
650 736 11
79 736 10
510 736 10
67 736 9
354 737 12
737 935 11
460 737 8
461 737 8
320 737 11
661 738 7
599 738 9
434 738 11
627 739 13
221 739 9
739 787 10
317 739 11
30 740 11
425 740 11
721 740 9
490 740 13
334 740 8
440 741 10
26 741 8
386 741 12
741 989 9
738 741 11
444 741 11
231 742 10
379 742 11
726 742 7
120 743 9
743 951 9
241 743 9
357 743 10
451 743 13
209 744 11
183 744 11
402 744 12
32 744 11
457 745 13
560 745 11
314 745 10
745 939 12
339 745 12
580 746 10
526 746 10
746 809 9
396 746 12
568 746 11
732 747 9
455 747 11
747 838 11
180 747 10
464 747 9
471 747 11
255 747 10
748 858 6
599 748 11
468 748 9
61 749 8
666 749 12
570 749 13
34 749 10
201 749 9
639 749 12
63 750 11
62 750 10
180 750 13
171 750 10
575 750 11
301 750 6
614 751 10
453 751 11
297 751 9
212 751 12
401 751 12
54 751 14
545 752 12
742 752 12
68 752 11
576 752 15
317 752 14
753 922 9
753 845 10
753 963 11
641 753 9
317 753 15
243 754 12
596 754 10
754 836 13
402 754 12
338 754 8
211 755 11
554 755 9
210 755 13
750 755 9
574 755 13
756 808 10
756 820 10
663 756 10
555 756 9
341 757 7
757 974 12
757 812 10
350 757 14
329 758 12
758 975 10
568 758 11
679 758 14
131 758 11
400 759 12
759 992 9
245 759 13
759 789 10
699 760 8
758 760 11
241 760 12
527 760 9
223 760 10
170 760 14
761 940 10
619 761 9
442 761 9
363 761 11
476 761 11
49 761 12
364 762 8
355 762 10
762 889 12
762 851 10
353 762 7
704 762 7
579 763 8
763 790 10
59 763 11
128 763 13
763 991 8
763 862 12
462 764 11
764 996 10
764 886 10
764 941 7
764 920 9
95 764 11
452 765 11
598 765 11
118 765 9
363 765 10
645 765 9
179 765 6
194 766 12
495 766 15
467 766 8
766 875 10
155 766 9
323 766 12
211 767 13
635 767 10
728 767 9
767 848 11
767 797 13
709 768 12
768 941 6
19 768 10
416 768 9
768 834 9
441 769 12
359 769 9
49 769 15
164 770 9
149 770 12
246 770 7
770 872 11
560 771 10
118 771 10
771 795 7
632 771 12
376 771 12
269 771 11
446 772 12
391 772 12
772 980 11
481 772 10
256 773 13
302 773 10
372 773 7
439 773 8
46 773 11
774 907 11
774 776 14
476 774 10
774 829 10
774 986 9
211 774 12
743 775 13
576 775 8
775 845 9
45 775 9
587 775 10
286 775 5
480 775 10
722 776 11
751 776 11
566 776 12
776 968 12
574 777 9
543 777 12
250 777 12
455 777 11
402 777 8
778 951 11
533 778 13
259 778 13
716 778 9
564 779 11
544 779 11
273 779 11
379 779 12
774 779 14
367 780 9
440 780 13
230 780 11
780 825 9
491 781 13
781 987 9
771 781 10
473 781 6
684 781 12
159 782 9
168 782 8
782 819 13
382 782 13
44 782 9
94 783 10
330 783 8
329 783 8
170 783 8
125 783 12
611 784 13
115 784 13
784 936 9
66 784 10
364 784 11
305 784 9
358 785 9
268 785 9
326 785 12
471 786 13
776 786 10
786 997 10
441 786 11
787 899 10
152 787 9
265 787 7
489 787 9
194 787 9
787 848 13
438 788 11
788 799 11
311 788 8
37 788 11
788 819 11
610 789 10
787 789 11
272 789 7
112 789 12
672 789 8
790 910 5
677 790 8
790 890 13
662 791 12
32 791 13
663 791 12
479 791 11
403 791 13
535 792 10
239 792 12
96 792 11
327 792 11
617 792 12
757 793 12
25 793 10
793 956 10
793 899 6
794 823 11
662 794 14
794 956 13
477 794 11
795 849 7
795 839 13
274 795 10
795 984 11
795 887 10
117 796 14
598 796 13
341 796 8
796 882 11
797 809 10
454 797 10
342 797 9
624 797 10
797 967 8
38 798 14
205 798 9
741 798 7
798 947 10
468 798 12
252 798 13
112 799 12
141 799 8
302 799 12
546 799 9
100 799 10
759 799 12
444 800 12
800 916 9
800 978 10
191 800 11
631 800 10
788 800 7
801 988 9
203 801 12
316 801 11
309 802 5
198 802 13
352 802 13
187 803 11
125 803 12
432 803 10
803 997 10
803 964 6
25 803 11
129 804 6
804 835 11
718 804 14
190 804 6
595 805 11
805 984 9
805 834 16
377 805 13
806 848 10
649 806 12
490 806 11
289 806 14
0 806 7
595 806 11
436 807 11
417 807 12
778 807 9
306 807 10
553 807 11
224 808 9
551 808 10
80 808 8
262 808 6
430 808 9
54 808 8
524 809 9
51 809 10
117 809 8
398 809 10
597 809 11
531 810 7
350 810 10
11 810 10
810 839 9
556 811 10
811 924 12
446 811 10
811 950 11
195 811 11
624 811 10
660 811 12
304 812 12
54 812 11
680 812 9
134 812 10
79 812 14
812 894 8
536 812 13
9 813 8
389 813 10
294 813 10
134 813 7
606 813 13
289 813 11
749 814 7
814 816 6
475 814 12
201 814 11
531 814 10
632 815 13
501 815 9
342 815 14
168 815 10
94 815 11
400 815 7
430 815 13
305 816 10
816 873 11
61 816 9
411 816 11
816 955 9
81 817 10
152 817 12
600 817 14
75 817 10
231 818 15
435 818 9
726 818 12
538 818 13
482 818 11
125 819 12
450 819 11
230 819 11
819 993 10
690 819 13
595 820 10
501 820 11
192 820 11
31 820 13
68 820 14
645 820 8
50 821 11
821 839 8
740 821 11
648 821 10
822 918 12
144 822 10
183 822 12
276 822 9
437 822 15
821 823 8
465 823 8
632 823 11
823 913 12
794 824 11
293 824 14
329 824 11
525 825 9
193 825 10
669 825 12
738 825 9
405 825 10
578 826 12
638 826 12
826 860 12
629 826 11
31 826 12
826 871 11
827 873 12
614 827 8
535 827 7
722 827 12
679 828 11
695 828 7
289 828 13
828 992 14
615 828 8
143 829 9
646 829 15
402 829 7
93 829 8
97 830 11
20 830 11
503 830 6
397 830 9
830 954 10
814 830 10
575 831 11
263 831 13
831 965 9
816 831 13
397 831 9
638 832 10
831 832 7
832 888 9
830 832 10
83 832 11
650 832 13
645 833 11
758 833 10
497 833 13
833 893 8
428 834 10
328 834 11
282 834 14
553 834 10
69 835 12
835 869 9
563 835 12
835 957 12
604 836 8
666 836 11
20 836 13
566 836 9
683 836 12
807 837 10
611 837 8
445 837 11
424 837 10
321 837 9
97 837 12
358 838 9
265 838 8
51 838 13
640 838 8
359 839 10
730 839 14
683 839 12
215 839 10
515 839 12
753 839 10
353 840 10
418 840 12
143 840 13
840 858 10
87 840 10
700 841 13
551 841 9
248 841 10
549 841 10
292 842 12
30 842 12
761 842 11
675 842 9
825 843 12
376 843 9
712 843 14
589 843 12
97 843 11
241 843 8
57 843 8
131 844 9
760 844 10
58 844 10
765 844 9
413 844 6
24 845 10
250 845 15
220 845 8
203 845 12
109 845 9
569 845 7
681 846 13
129 846 13
443 846 13
471 846 10
846 996 12
41 847 10
847 901 11
774 847 12
314 847 10
805 848 7
375 848 11
649 848 11
138 848 15
81 848 13
508 848 9
343 849 9
265 849 8
174 849 14
705 849 13
337 849 10
805 849 13
331 850 11
563 850 10
339 850 8
850 887 12
202 850 9
850 855 12
850 851 9
167 851 8
71 851 10
777 851 11
851 905 7
228 851 10
380 852 10
852 926 12
452 852 10
261 852 11
611 853 11
445 853 6
783 853 12
281 853 8
834 854 10
211 854 11
311 854 9
38 854 10
315 854 10
285 854 12
334 855 11
502 855 10
855 877 9
540 855 11
325 855 9
409 856 12
752 856 15
203 856 10
478 856 9
755 856 10
298 856 8
170 857 9
393 857 13
335 857 10
159 857 12
440 857 10
70 857 8
858 899 14
514 858 12
38 858 10
230 858 12
405 858 11
201 859 8
571 859 9
739 859 9
83 859 13
724 859 9
838 859 9
860 979 13
154 860 9
820 860 13
762 860 11
861 956 9
112 861 14
448 861 13
245 861 13
634 861 10
348 861 13
464 862 10
862 892 10
309 862 15
310 862 10
680 862 15
46 862 9
30 862 9
219 863 11
372 863 7
651 863 11
783 863 9
142 864 12
364 864 8
864 944 10
864 963 9
400 865 14
858 865 12
376 865 9
865 954 8
236 865 11
517 866 10
512 866 9
866 874 11
100 866 9
866 869 12
17 867 11
325 867 10
474 867 9
526 867 12
751 867 11
777 868 12
227 868 9
286 868 9
461 868 11
1 868 9
193 868 10
815 868 11
126 869 11
50 869 11
107 869 9
273 869 9
413 869 9
689 869 13
870 958 11
324 870 8
650 870 14
829 871 12
871 949 12
617 871 9
658 871 8
871 946 10
843 872 8
64 872 11
674 872 11
856 872 10
872 946 7
247 873 9
69 873 11
264 873 12
162 873 9
90 873 6
148 873 11
677 874 10
3 874 13
269 874 9
105 874 9
798 874 13
874 981 12
127 875 10
329 875 13
875 891 11
421 875 13
134 875 7
686 876 12
498 876 7
485 876 13
816 876 10
876 953 14
821 876 12
844 877 10
868 877 11
877 996 7
337 877 11
506 877 13
878 979 11
81 878 10
304 878 8
474 878 10
65 878 10
533 879 10
663 879 11
637 879 10
272 879 10
880 949 11
503 880 8
118 880 14
253 880 10
144 880 11
857 880 10
725 881 8
557 881 10
729 881 12
539 881 8
501 881 11
881 959 14
797 881 11
149 882 10
882 996 7
192 882 12
714 882 10
542 883 10
111 883 10
333 883 13
311 883 9
255 883 8
384 884 10
104 884 8
768 884 12
884 992 9
382 884 12
884 896 12
593 884 8
823 885 11
885 923 6
866 885 13
202 885 14
722 885 11
53 885 13
528 886 10
374 886 8
559 886 11
59 886 10
886 971 11
887 983 8
339 887 11
729 887 10
441 888 11
888 913 10
783 888 9
576 888 10
70 889 8
690 889 9
793 889 14
450 890 12
590 890 12
445 890 10
890 951 10
724 890 7
62 890 7
823 891 14
170 891 14
653 891 9
248 891 9
891 944 11
217 892 11
764 892 10
377 892 10
207 892 14
32 892 9
892 927 6
657 893 8
893 895 9
893 971 12
124 893 10
843 893 10
452 893 12
147 894 11
189 894 10
817 894 10
613 894 11
172 894 10
160 895 10
198 895 11
418 895 12
77 895 13
446 895 10
487 896 12
384 896 12
247 896 11
896 901 6
8 896 11
87 896 10
135 897 13
877 897 9
552 897 10
715 897 8
119 897 8
636 898 8
775 898 10
211 898 10
299 898 8
649 899 11
482 899 9
387 899 9
262 899 9
641 899 6
899 930 13
608 900 9
843 900 10
787 900 12
624 900 11
191 900 8
25 901 9
535 901 9
121 901 15
627 901 12
96 902 10
736 902 8
435 902 13
564 903 8
215 903 16
835 903 7
306 903 10
193 903 10
520 904 10
494 904 11
159 904 12
905 943 8
680 905 10
99 905 8
905 941 9
337 905 11
507 906 9
461 906 11
745 906 16
455 906 10
152 906 9
739 907 10
490 907 11
148 907 11
588 907 13
780 907 12
626 908 14
673 908 8
721 908 10
542 908 13
507 908 9
691 908 15
398 909 9
909 982 10
807 909 11
123 909 10
210 910 10
460 910 16
480 910 9
592 910 11
704 910 12
497 910 10
701 911 9
180 911 12
726 911 12
470 911 8
814 911 6
339 911 12
390 912 14
460 912 12
847 912 9
397 912 9
425 912 14
807 912 7
585 913 6
369 913 12
381 913 12
153 913 11
16 913 9
459 913 9
839 913 9
914 960 10
561 914 10
221 914 12
914 997 11
140 915 10
128 915 13
284 915 11
293 915 14
443 915 7
916 951 16
228 916 7
841 916 12
379 916 8
773 916 9
916 936 13
185 917 12
754 917 13
888 917 9
578 917 12
136 917 12
703 918 10
53 918 7
895 918 11
595 918 10
752 919 14
801 919 11
93 919 11
289 919 11
745 919 11
15 919 15
131 920 11
704 920 12
322 920 11
920 949 11
719 920 5
461 920 8
391 921 10
921 926 9
848 921 9
667 921 11
758 921 10
409 921 10
273 921 10
376 922 15
146 922 9
899 922 12
922 931 7
778 923 8
354 923 9
726 923 13
238 923 10
890 923 9
186 924 7
649 924 8
434 924 13
736 924 11
345 924 8
0 925 12
772 925 11
171 925 7
560 925 7
688 925 11
161 926 10
242 926 9
926 976 10
821 926 6
768 926 10
162 927 10
522 927 9
181 927 14
460 927 10
442 928 9
32 928 10
928 962 13
807 928 10
923 928 11
200 929 11
7 929 9
543 929 11
534 929 10
508 929 9
734 930 10
930 945 9
244 930 11
349 930 13
172 930 13
780 931 12
687 931 12
331 931 10
795 932 8
860 932 12
374 932 12
519 932 12
693 933 10
700 933 13
278 933 10
123 933 11
550 934 13
133 934 8
351 934 11
905 934 14
704 935 8
11 935 9
477 935 12
325 935 10
728 935 11
34 936 15
142 936 8
582 937 7
891 937 10
429 937 10
318 937 13
512 937 12
726 938 10
807 938 13
935 938 13
938 981 13
15 939 13
554 939 11
476 939 11
622 939 15
857 939 10
890 939 8
818 940 12
885 940 13
802 940 9
817 940 10
292 940 7
328 940 8
484 940 7
210 940 10
878 941 15
907 941 13
530 941 7
376 941 12
526 941 9
674 942 8
135 942 11
584 942 11
942 959 7
122 942 14
255 943 10
704 943 11
383 943 9
364 944 12
733 944 16
944 967 12
944 976 8
709 944 10
663 945 9
453 945 9
568 945 10
244 945 13
107 945 12
591 946 11
419 946 11
795 946 9
836 946 10
459 947 13
60 947 11
350 947 8
920 947 10
848 947 14
909 948 12
643 948 6
895 948 12
525 948 10
630 948 9
530 949 13
411 949 11
563 949 9
949 986 10
674 949 6
653 950 11
687 950 9
534 950 10
200 951 10
153 951 9
194 951 7
527 951 12
377 952 11
863 952 8
75 952 12
166 952 13
6 952 10
926 952 11
920 953 9
343 953 11
60 953 10
822 953 12
816 953 8
910 953 8
206 953 8
953 990 8
59 954 13
883 954 8
103 954 13
944 954 11
651 954 11
439 954 8
855 954 9
414 955 10
248 955 8
388 955 12
454 956 10
687 956 11
704 956 10
953 956 10
412 956 11
191 956 9
893 957 11
399 957 13
821 957 12
690 957 11
352 957 11
104 957 12
908 958 13
99 958 11
879 958 11
657 958 8
222 958 9
179 958 9
734 958 9
316 959 11
578 959 13
151 959 11
888 959 15
17 959 12
869 960 12
630 960 9
236 960 8
191 960 9
550 960 11
129 960 9
782 961 12
55 961 15
859 961 11
560 961 11
623 961 12
295 962 11
166 962 12
890 962 11
844 962 14
839 963 9
844 963 10
33 963 9
177 963 10
780 963 10
843 964 11
858 964 7
423 964 8
737 964 10
206 964 9
393 964 11
965 977 12
965 967 11
751 965 12
932 965 14
768 966 9
757 966 9
349 966 8
852 966 10
448 966 8
366 967 8
748 967 9
157 967 10
717 967 11
575 968 12
134 968 13
956 968 10
509 968 12
751 969 11
372 969 9
454 969 17
84 969 12
849 969 12
773 970 15
256 970 10
970 978 9
248 970 14
834 970 9
161 970 7
511 971 9
619 971 11
155 971 12
211 971 8
170 972 12
266 972 11
895 972 9
912 972 7
738 972 8
718 972 10
204 972 9
461 973 11
318 973 16
539 973 10
908 973 11
87 974 8
175 974 13
308 974 13
746 974 10
517 975 12
492 975 7
3 975 9
168 975 12
9 975 9
141 975 13
436 976 15
147 976 8
502 976 12
977 979 10
283 977 9
485 977 11
212 977 8
595 977 12
894 977 12
529 978 10
292 978 12
566 978 9
509 978 10
256 978 12
345 979 10
631 979 10
354 979 10
869 979 14
67 980 11
791 980 8
973 980 12
208 980 10
65 980 10
615 980 9
351 981 11
381 981 13
920 981 14
662 981 16
94 982 9
920 982 12
864 982 10
17 982 11
982 996 12
806 983 11
528 983 11
3 983 9
236 983 8
644 984 8
251 984 9
521 984 12
838 984 11
9 984 11
236 984 12
678 985 13
528 985 10
141 985 9
351 985 11
53 985 11
703 986 13
707 986 11
905 986 12
747 986 14
926 986 9
22 987 8
631 987 13
573 987 11
721 987 14
78 987 15
53 988 9
897 988 13
94 988 6
5 988 11
74 988 11
153 988 13
374 989 11
792 989 14
465 989 11
687 989 9
975 990 10
920 990 10
203 990 12
334 990 12
481 990 11
429 990 14
983 990 14
523 991 12
542 991 13
917 991 10
485 991 12
262 991 14
391 991 9
402 992 11
467 992 13
992 997 13
408 992 8
208 992 11
523 992 14
117 992 14
175 993 11
520 993 10
737 993 13
715 993 11
706 993 12
811 993 9
151 994 10
11 994 8
258 994 9
768 995 14
18 995 9
401 995 11
478 995 7
601 995 10
800 995 8
718 996 10
925 996 13
942 996 15
619 996 13
547 996 14
503 997 11
641 997 9
42 997 14
699 997 10
825 997 11
822 998 12
73 998 6
437 998 10
545 998 11
101 999 12
333 999 10
639 999 10
747 999 11
961 999 13
