100
0
2
3
7
7
3
7
6
5
8
3
9
4
7
5
2
8
8
4
6
5
8
2
8
9
6
10
7
7
6
6
5
8
4
6
4
8
6
1
4
5
3
6
2
7
6
8
6
10
2
7
3
9
3
10
4
9
2
6
6
3
7
4
7
7
9
2
2
2
3
3
5
3
2
4
4
8
1
7
3
6
9
9
7
10
7
3
9
3
7
4
8
4
2
2
3
5
4
9
2
0 35 14
0 23 13
0 84 9
1 45 7
1 81 10
1 19 14
2 79 10
2 37 12
2 67 9
2 75 10
2 74 11
3 66 8
3 99 13
3 93 9
4 99 14
4 31 12
5 62 12
5 71 11
6 54 12
6 95 9
6 75 7
6 38 9
7 28 10
7 72 12
7 19 12
7 70 12
7 8 10
9 69 7
9 56 11
10 28 14
10 99 11
11 59 11
11 26 12
11 20 12
11 35 9
12 96 10
12 51 13
12 20 13
13 77 12
10 13 13
13 55 7
14 38 13
14 79 11
14 15 13
15 73 7
15 77 11
15 75 10
16 82 11
16 56 11
2 16 10
17 65 8
17 32 14
18 91 12
18 42 9
19 44 10
19 81 13
19 60 10
19 64 11
7 20 10
20 83 9
20 91 7
20 48 14
5 20 12
18 21 10
21 92 12
22 31 10
22 45 10
23 87 14
23 61 11
23 33 12
23 40 9
24 34 15
24 95 10
24 59 10
25 35 9
25 53 10
25 72 13
26 47 11
26 88 12
26 98 8
17 27 10
27 60 8
26 27 12
16 27 10
20 27 13
28 52 11
15 28 9
20 28 9
28 75 11
28 72 10
29 89 11
28 29 8
30 99 10
30 69 8
30 32 13
30 89 10
13 31 8
31 38 11
32 81 12
18 32 13
32 73 9
32 67 9
33 92 8
1 33 7
24 33 13
32 34 12
34 56 16
34 37 8
34 43 8
17 35 9
35 81 12
35 96 12
36 54 12
36 96 11
7 36 8
37 58 11
37 44 10
27 37 11
32 38 9
16 38 11
38 43 11
39 69 9
40 54 9
40 45 9
41 66 8
41 42 11
41 93 10
41 55 10
42 45 11
42 67 9
42 85 8
43 49 10
20 43 12
41 43 10
44 52 12
45 57 14
15 45 10
0 45 12
20 46 11
46 53 12
46 72 9
31 46 12
19 47 11
2 47 11
8 48 11
48 54 13
48 53 11
49 57 12
49 96 13
42 49 10
3 50 11
50 83 9
39 50 8
51 75 15
22 51 11
51 56 11
24 52 9
0 52 10
3 52 8
53 78 11
19 53 14
53 65 10
29 54 9
33 54 8
54 96 6
55 70 12
55 56 13
55 72 8
17 56 10
21 56 11
56 60 8
2 57 10
36 57 9
8 57 9
45 58 13
58 66 11
15 58 10
31 58 6
59 79 11
44 59 11
55 59 9
11 60 8
32 60 7
60 94 11
29 60 11
61 64 7
31 61 10
61 69 14
61 83 10
62 75 10
2 62 14
17 62 9
62 66 12
48 62 10
54 63 10
3 63 12
63 81 10
23 64 14
51 64 11
13 64 12
64 84 8
54 65 7
45 65 14
66 78 8
53 66 8
31 66 10
25 66 9
59 67 14
33 67 9
18 67 12
17 68 11
49 68 11
67 68 10
16 68 8
5 69 11
4 70 11
63 70 10
14 70 11
42 71 13
0 71 9
54 72 11
42 72 14
62 73 12
73 77 9
34 73 9
4 74 8
11 74 13
36 74 13
50 75 8
41 75 12
54 76 9
76 92 15
28 77 10
31 77 9
60 77 13
77 84 10
18 78 11
39 78 10
23 78 11
38 79 10
25 80 10
0 80 12
16 80 11
81 94 10
58 81 11
41 81 9
1 82 13
22 82 9
11 82 8
72 83 10
52 83 9
20 84 13
38 84 10
47 84 11
68 84 12
19 85 12
21 85 11
85 95 8
85 89 10
74 86 13
72 86 10
86 97 5
86 87 9
42 87 12
53 87 11
34 87 10
19 87 9
1 87 8
0 88 13
16 88 12
87 88 9
30 88 11
28 89 9
89 92 13
20 90 10
40 90 11
37 90 10
62 91 8
91 92 10
91 95 7
45 92 10
27 92 12
24 93 12
13 93 10
93 95 10
88 93 11
48 94 12
29 94 13
94 97 10
50 95 11
28 95 9
45 96 10
83 96 11
20 96 12
69 96 13
40 96 13
85 97 10
75 97 9
25 98 11
38 98 11
0 98 6
72 98 12
26 99 10
43 99 12
29 99 7
77 99 9
