100
0
6
7
6
8
2
3
1
5
4
5
5
2
7
9
3
2
6
8
1
7
8
3
8
1
6
8
5
3
1
4
1
6
4
9
8
10
4
4
6
4
5
8
9
4
2
8
3
5
4
4
9
3
6
6
8
3
5
8
8
7
2
2
6
7
1
9
9
7
6
3
7
1
5
4
5
5
6
3
1
8
4
9
5
7
9
5
4
10
9
2
4
1
6
6
6
2
7
3
8
0 16 11
0 34 11
0 29 10
0 31 9
1 18 9
0 1 9
1 64 9
2 95 8
3 32 10
3 97 7
3 67 10
4 67 8
4 85 8
4 69 13
5 23 11
6 10 8
6 87 8
7 66 11
8 98 8
4 8 15
9 22 11
9 18 10
9 10 13
10 71 13
10 23 9
11 99 11
6 11 10
12 37 10
12 91 11
2 12 12
13 82 14
13 49 10
13 30 7
14 94 11
1 14 12
15 85 14
8 16 4
16 96 13
16 70 13
17 98 8
17 89 8
17 87 9
18 53 8
18 91 9
19 58 8
19 87 11
19 85 9
19 86 12
20 22 9
20 72 11
15 20 13
20 43 8
21 60 13
14 21 10
22 39 11
22 92 12
23 88 12
23 97 9
15 23 11
14 24 12
24 37 11
25 64 11
25 52 6
26 44 11
26 49 9
26 54 7
26 69 9
26 31 10
27 31 12
14 27 9
27 55 7
22 28 9
28 63 11
29 49 15
29 32 11
30 62 12
30 94 8
30 63 12
31 58 8
31 38 10
16 31 10
32 52 7
23 32 9
32 88 9
21 32 7
17 33 11
33 79 12
1 33 10
34 40 10
34 63 8
34 70 9
34 36 11
29 35 12
35 83 12
1 36 10
36 59 12
36 72 8
37 81 10
37 64 15
37 88 11
2 38 8
38 93 11
38 41 10
38 53 12
33 39 13
39 75 12
10 40 10
40 81 14
33 40 11
26 40 12
2 41 14
41 91 9
23 41 14
42 70 10
42 69 10
24 42 10
43 57 11
31 43 7
4 43 10
44 61 10
44 94 15
44 76 9
45 64 12
44 45 8
17 45 12
46 67 12
15 46 9
29 46 11
47 83 9
47 81 9
8 47 9
48 96 12
48 70 7
8 48 11
16 48 8
43 48 14
49 57 11
49 74 10
49 58 14
49 68 10
29 50 13
50 96 13
50 67 10
50 51 14
51 87 11
46 51 11
51 61 7
49 52 11
52 80 11
46 52 9
52 96 13
48 52 7
53 98 9
47 53 9
53 59 11
35 54 10
2 55 8
55 70 12
45 55 9
55 83 8
56 76 15
56 81 12
57 90 11
57 85 9
45 57 10
58 75 13
40 58 12
58 96 8
59 77 10
59 98 11
47 59 10
8 60 13
60 74 6
22 60 10
60 97 10
30 61 12
61 83 11
31 62 11
62 87 13
62 73 10
63 93 12
63 89 11
63 78 9
15 64 11
3 64 15
65 79 11
65 66 7
16 66 9
39 66 12
40 66 11
53 67 10
62 67 12
67 91 12
21 67 14
28 67 11
68 75 9
5 68 6
69 88 10
12 69 8
15 69 12
27 69 12
44 70 13
51 70 12
70 87 6
6 71 8
47 71 9
56 72 11
64 72 10
6 72 11
73 75 13
7 73 10
41 73 10
13 73 11
54 74 12
74 87 12
41 74 10
28 74 10
42 74 8
75 98 7
75 90 8
24 75 8
69 75 11
40 76 12
76 94 10
60 76 8
24 76 13
5 77 11
66 78 11
48 78 12
38 78 6
67 78 11
3 78 7
39 78 11
12 79 12
26 79 10
24 79 10
34 79 11
80 93 13
76 80 10
68 81 13
32 81 9
61 82 10
83 84 10
83 85 7
73 83 10
2 84 9
68 84 10
84 86 13
37 85 13
58 85 12
22 85 13
86 99 10
59 86 8
86 94 7
72 87 11
45 87 9
15 87 9
82 87 11
39 88 16
43 88 8
60 88 12
6 88 12
62 88 14
33 89 10
4 89 11
55 89 9
65 90 15
32 90 10
48 90 14
78 91 11
81 91 13
60 91 12
58 91 12
53 92 12
74 92 7
21 93 10
47 93 10
93 97 10
89 94 9
51 94 10
74 94 9
15 94 10
39 95 12
34 95 13
35 96 12
96 97 13
27 97 11
67 97 12
29 97 12
63 98 10
93 98 8
76 99 11
