100
0
4
7
9
4
2
3
2
4
3
5
1
9
9
4
9
1
3
5
1
3
6
6
5
4
10
5
4
10
9
1
3
8
1
5
2
9
9
4
1
8
2
9
3
7
6
9
4
8
7
4
7
1
8
2
2
7
7
2
1
1
7
6
8
6
6
1
2
4
7
6
10
8
9
3
8
3
3
7
3
2
5
4
5
5
8
10
1
5
8
8
3
2
3
5
2
7
8
4
3
0 61 11
0 17 14
0 98 13
0 23 10
0 42 8
0 92 13
0 25 7
0 52 10
0 46 9
0 67 13
1 61 11
1 69 8
1 64 10
1 73 12
1 38 9
1 83 12
1 18 10
1 65 13
1 75 10
1 94 11
2 82 11
2 56 6
2 16 10
2 24 8
2 50 13
2 64 13
2 80 9
2 20 12
2 92 11
2 3 13
2 95 11
3 75 12
3 18 9
3 53 9
3 98 16
3 65 9
3 93 12
3 26 10
3 15 10
3 76 13
3 59 8
4 52 12
4 80 12
4 87 10
4 35 13
4 55 12
4 67 8
4 53 13
4 93 13
4 44 7
4 37 13
5 71 10
5 32 9
5 80 12
5 34 13
5 88 13
0 5 12
5 9 15
5 35 11
1 6 13
6 25 14
6 76 13
6 47 9
6 10 12
6 96 16
6 88 13
6 20 7
6 98 8
6 48 7
6 62 9
3 6 11
7 48 9
7 21 11
7 10 11
7 27 13
3 7 11
7 28 10
7 37 12
7 54 7
4 7 8
7 36 13
7 45 8
8 58 12
8 70 12
8 13 10
8 60 10
8 99 15
8 59 11
8 48 11
8 94 10
8 10 12
8 86 11
4 9 8
6 9 9
9 26 11
9 45 12
9 88 11
9 19 9
9 15 11
3 9 10
9 21 8
9 62 12
9 51 13
10 98 11
10 31 9
10 84 8
10 93 10
10 26 10
10 70 9
10 24 14
10 52 10
10 65 13
11 41 12
11 88 11
10 11 8
0 11 12
11 76 8
11 53 9
2 11 10
11 64 7
11 34 13
11 42 12
11 59 9
12 25 13
7 12 12
12 68 6
12 16 9
12 34 14
12 49 8
12 98 12
12 86 8
12 36 14
12 15 14
13 86 15
13 76 7
0 13 12
13 92 9
13 89 12
13 78 10
13 93 8
13 55 7
13 85 7
14 71 10
14 86 7
14 46 9
14 25 13
14 64 10
14 99 10
14 81 13
6 14 9
14 62 11
14 43 13
15 19 10
15 96 9
15 62 9
15 18 10
15 59 13
15 77 14
15 26 10
15 76 9
15 63 12
15 90 8
16 33 11
16 82 10
16 60 11
16 30 10
16 54 12
16 61 11
16 35 9
6 16 10
16 41 8
16 39 16
17 18 9
17 34 10
17 66 10
8 17 12
17 62 5
17 93 9
17 49 12
17 77 12
17 53 13
16 17 12
10 17 8
18 97 12
14 18 12
18 42 11
18 32 11
18 99 8
18 19 7
18 55 11
18 72 10
18 87 11
18 77 11
18 24 12
19 75 9
19 61 10
19 81 13
19 30 8
19 55 9
19 59 9
19 93 13
19 42 13
8 19 9
19 44 12
20 99 7
20 35 13
20 30 13
20 95 13
20 64 12
20 97 10
7 20 12
20 91 12
20 55 10
20 26 12
11 20 9
21 40 11
21 94 8
21 89 11
21 67 16
21 34 9
21 69 9
21 82 10
21 63 6
21 24 10
5 21 8
22 57 12
22 26 7
18 22 10
22 77 14
22 94 15
22 69 11
22 76 10
22 56 10
11 22 10
19 22 12
22 79 14
23 24 11
23 48 10
23 83 9
23 40 10
23 31 9
9 23 12
23 64 11
23 82 11
23 76 9
23 52 9
24 50 12
24 68 10
11 24 9
24 71 11
24 84 9
24 56 11
24 28 12
12 24 10
24 46 8
25 94 13
24 25 10
25 70 11
19 25 11
25 84 8
15 25 9
25 67 13
25 93 10
4 25 12
25 42 11
25 76 15
26 49 9
23 26 12
26 95 5
26 94 10
26 41 8
26 75 9
26 65 13
26 96 10
27 86 9
27 57 10
4 27 13
27 76 10
27 31 12
27 67 10
25 27 10
27 39 9
27 51 13
27 81 7
0 28 11
22 28 11
1 28 10
28 92 9
20 28 12
28 66 9
11 28 9
28 60 9
3 28 6
28 83 10
13 28 10
29 75 9
29 83 8
29 69 10
29 90 10
29 99 8
29 86 10
27 29 9
19 29 13
29 36 15
30 82 10
6 30 11
30 47 8
30 80 12
23 30 8
30 97 11
30 88 11
25 30 10
24 30 9
30 49 14
30 53 12
30 67 9
31 53 9
31 83 11
31 67 12
31 35 13
31 46 13
31 93 8
31 33 11
31 58 9
31 68 7
20 31 10
3 31 11
32 67 10
32 57 10
32 79 9
32 43 9
32 44 9
3 32 11
32 91 10
32 68 9
15 32 9
33 45 9
17 33 9
33 51 11
3 33 13
33 75 11
24 33 13
33 84 11
33 73 8
33 99 10
1 33 11
34 54 10
6 34 11
34 94 12
34 80 10
8 34 10
32 34 6
7 34 14
34 78 9
34 81 12
34 65 14
34 40 10
35 60 11
18 35 7
21 35 10
9 35 10
35 52 10
35 90 9
35 72 10
35 98 9
35 37 9
7 35 14
35 97 12
10 36 14
36 61 12
36 65 10
36 60 13
36 37 7
4 36 11
36 41 7
3 36 12
37 47 11
22 37 9
27 37 12
8 37 10
31 37 11
37 51 11
3 37 12
37 75 8
37 66 8
25 37 11
1 37 11
10 38 12
38 75 8
38 71 11
38 96 11
38 53 9
16 38 13
38 82 11
27 38 11
38 49 7
38 93 8
17 38 7
39 61 10
23 39 13
39 40 9
31 39 12
39 51 10
8 39 9
39 79 12
39 47 6
39 72 11
12 39 9
21 39 9
18 40 14
40 73 14
40 81 12
33 40 11
40 51 7
40 59 9
40 66 7
40 93 11
40 94 11
22 40 14
1 41 13
40 41 11
9 41 13
13 41 14
12 41 9
8 41 10
41 61 10
37 41 12
41 70 10
41 79 14
28 41 11
34 42 9
29 42 9
42 98 11
40 42 11
42 62 10
42 70 11
10 42 11
2 42 9
42 92 11
23 43 9
43 50 11
43 80 12
43 45 9
43 65 12
25 43 11
43 69 11
12 43 10
27 43 12
43 70 11
43 49 10
15 44 10
44 80 9
44 68 10
37 44 10
5 44 14
22 44 12
41 44 10
36 44 12
7 44 9
44 73 11
45 58 8
45 63 9
23 45 11
11 45 9
45 62 7
45 47 11
14 45 14
45 49 12
45 80 7
42 45 13
39 46 9
46 81 14
46 72 11
46 95 15
25 46 12
46 59 8
9 46 13
6 46 10
30 46 15
21 46 11
13 46 13
20 47 10
11 47 10
1 47 6
47 60 10
47 94 11
9 47 10
47 75 10
47 70 11
47 55 11
47 98 12
3 47 12
47 84 7
35 48 11
48 90 9
1 48 6
22 48 9
40 48 12
16 48 8
33 48 8
48 60 11
48 77 10
48 84 11
2 48 12
31 49 12
42 49 11
23 49 7
20 49 11
5 49 12
49 91 13
49 63 13
49 73 13
16 49 11
49 71 14
42 50 10
50 56 11
50 57 9
50 94 12
50 53 10
50 83 12
30 50 12
50 68 8
28 50 14
39 50 13
3 50 11
48 51 12
23 51 9
51 98 12
42 51 10
51 69 11
51 77 12
4 51 13
17 51 10
34 51 14
52 76 14
52 85 10
48 52 12
52 58 10
52 67 12
52 91 11
52 57 14
52 83 10
52 80 13
33 52 13
52 86 10
14 52 12
53 76 14
39 53 15
0 53 6
52 53 7
34 53 15
53 55 10
53 82 13
53 94 11
53 64 13
32 54 8
38 54 11
0 54 9
54 95 10
48 54 7
27 54 9
49 54 9
41 54 11
48 55 11
55 92 11
23 55 10
24 55 10
55 74 12
2 55 9
31 55 8
45 55 9
55 84 8
55 62 9
40 55 12
56 81 10
20 56 11
56 59 11
56 82 12
44 56 12
39 56 10
56 66 14
0 56 14
57 80 9
57 89 12
57 87 8
10 57 10
9 57 9
3 57 8
57 58 9
18 57 11
57 75 14
57 72 9
57 70 10
0 58 9
58 74 10
15 58 10
26 58 10
58 86 10
36 58 9
58 87 8
58 80 16
17 58 10
58 85 14
22 58 10
48 59 10
51 59 10
59 77 13
59 80 10
59 63 8
20 59 9
59 69 10
27 59 13
55 59 11
7 59 11
60 64 11
46 60 9
49 60 12
53 60 8
19 60 11
60 71 11
60 70 10
60 62 10
5 60 7
61 79 11
35 61 6
14 61 10
61 62 12
61 63 10
61 85 10
40 61 13
61 74 9
45 61 10
47 61 12
3 62 12
11 62 8
62 79 9
62 85 8
46 62 10
50 62 10
20 62 8
56 62 11
62 98 7
62 86 11
23 63 11
0 63 12
50 63 11
63 77 10
63 95 9
25 63 10
51 63 9
57 63 12
20 63 10
44 63 10
63 81 9
63 64 8
16 64 11
51 64 11
59 64 8
64 96 13
55 64 11
37 64 9
35 64 9
41 64 10
64 99 9
39 64 12
16 65 11
12 65 11
65 73 10
64 65 8
48 65 11
27 65 9
63 65 9
51 65 9
11 65 12
65 96 12
62 65 9
13 65 11
62 66 11
66 83 11
10 66 10
12 66 9
66 80 11
48 66 11
44 66 10
4 66 7
66 95 9
59 66 9
66 76 12
6 67 10
50 67 11
67 68 13
14 67 9
15 67 12
67 81 7
67 69 11
57 67 14
67 86 10
39 67 6
48 67 10
42 67 10
18 68 9
16 68 9
68 70 9
52 68 12
64 68 12
68 77 10
37 68 10
68 86 6
61 68 13
68 78 9
7 68 14
46 69 15
12 69 10
69 90 11
10 69 13
24 69 10
69 92 14
69 84 10
52 69 6
69 77 10
14 69 11
69 71 10
58 69 9
53 70 13
3 70 12
35 70 12
70 87 9
6 70 11
62 70 11
16 70 9
70 77 6
70 97 8
70 94 12
35 71 15
71 86 12
56 71 7
7 71 10
71 89 11
71 77 9
13 71 10
0 71 13
71 90 12
71 94 11
41 72 10
72 77 10
72 88 11
8 72 10
20 72 10
69 72 13
61 72 11
72 76 13
36 72 10
73 87 9
13 73 11
11 73 11
64 73 12
25 73 9
73 78 7
45 73 10
14 73 12
73 77 13
60 73 9
74 77 11
17 74 9
25 74 10
74 76 13
10 74 13
12 74 7
24 74 10
65 74 14
74 87 10
48 74 8
54 75 12
68 75 7
45 75 7
46 75 8
62 75 10
40 75 10
73 75 8
75 80 8
49 75 11
74 75 11
76 97 7
45 76 10
29 76 11
2 76 10
51 76 8
76 93 10
31 76 13
28 76 11
76 79 9
50 76 9
9 76 11
63 76 10
77 90 10
0 77 10
77 86 9
75 77 14
35 77 14
77 93 8
77 89 10
27 77 15
77 81 10
40 78 12
78 99 9
3 78 10
58 78 12
78 79 9
24 78 11
53 78 9
54 78 10
37 78 13
57 79 11
64 79 12
67 79 8
79 80 13
45 79 11
79 91 13
79 96 11
6 79 8
79 85 8
15 79 12
74 80 10
80 85 10
49 80 12
19 80 10
48 80 10
54 80 10
56 80 8
50 80 9
31 80 13
20 80 10
32 80 11
81 83 10
37 81 8
81 95 11
70 81 8
75 81 10
10 81 6
57 81 10
20 81 9
73 81 11
81 84 8
8 82 9
82 94 7
74 82 8
82 84 13
82 90 11
43 82 12
15 82 8
20 82 14
54 82 12
44 82 14
82 86 13
54 83 12
5 83 12
83 96 14
61 83 11
83 95 11
12 83 13
34 83 11
67 83 10
55 83 8
7 83 7
68 84 11
56 84 8
70 84 12
45 84 14
75 84 12
13 84 9
66 84 8
77 84 9
84 87 9
70 85 10
85 93 14
85 90 10
64 85 14
39 85 14
15 85 9
34 85 11
24 85 8
28 85 10
44 85 12
53 85 9
86 96 10
11 86 10
26 86 11
47 86 12
49 86 10
10 86 12
33 86 12
69 86 13
15 86 10
50 86 8
51 86 9
0 86 11
2 87 10
82 87 14
7 87 10
64 87 9
28 87 16
39 87 12
85 87 12
43 87 10
48 87 15
79 87 10
28 88 11
70 88 12
73 88 9
61 88 14
7 88 11
25 88 10
82 88 9
42 88 9
33 88 9
3 88 9
10 88 12
44 88 12
43 89 10
89 90 11
35 89 11
5 89 10
56 89 10
74 89 11
9 89 9
45 89 12
61 89 10
50 90 7
9 90 9
75 90 10
43 90 10
74 90 8
31 90 10
46 90 9
40 90 7
23 90 12
21 90 7
1 90 6
44 91 11
68 91 6
26 91 13
50 91 13
14 91 9
34 91 13
63 91 9
11 91 9
85 91 13
91 99 12
29 92 13
91 92 10
50 92 12
79 92 9
46 92 13
54 92 11
86 92 8
90 92 6
20 92 11
92 94 10
21 93 11
62 93 11
70 93 11
30 93 10
60 93 13
93 98 14
58 93 7
90 93 8
32 94 12
93 94 13
79 94 10
60 94 12
76 94 9
90 94 13
27 94 7
73 94 11
10 94 13
95 97 12
22 95 8
28 95 13
53 95 8
39 95 9
59 95 10
30 95 10
70 95 7
5 95 13
65 95 11
36 96 11
31 96 14
27 96 11
84 96 12
74 96 6
17 96 13
22 96 12
35 96 10
9 96 11
13 97 10
60 97 11
97 98 12
67 97 9
42 97 12
24 97 9
46 97 14
12 97 13
69 97 12
37 98 12
24 98 10
31 98 5
95 98 9
59 98 8
28 98 8
26 98 10
94 98 8
30 99 11
10 99 13
19 99 13
59 99 12
89 99 11
25 99 12
83 99 10
1 99 9
50 99 8
55 99 10
12 99 10
40 99 11
