100
0
2
7
3
10
9
5
3
5
7
7
3
1
4
9
6
9
4
5
2
9
3
10
9
7
5
1
1
7
2
9
5
3
2
5
6
6
10
7
3
2
8
5
6
8
9
3
4
6
3
9
9
6
3
7
3
9
3
9
9
8
8
5
3
4
7
5
5
6
4
10
3
8
2
6
9
7
10
8
8
8
4
7
10
8
7
8
6
8
10
1
4
2
2
3
10
8
10
6
7
0 46 10
0 28 11
1 4 11
1 68 11
1 71 10
1 30 14
1 70 12
2 55 10
2 90 6
3 93 11
3 78 11
3 53 11
4 62 10
4 54 11
4 67 7
4 58 10
5 68 10
5 76 12
5 51 15
6 66 8
7 37 10
7 29 12
7 20 10
8 21 10
8 19 12
1 8 12
0 9 14
9 12 10
9 94 11
6 10 12
10 22 11
10 45 13
10 95 13
4 10 9
11 60 9
5 11 9
12 45 14
12 36 5
13 39 10
13 57 10
13 84 17
13 31 8
10 14 10
14 19 10
14 33 8
6 15 12
15 55 9
16 67 11
17 61 6
17 20 9
17 47 7
4 18 11
18 78 10
12 18 10
19 26 13
19 85 9
20 96 14
0 20 13
20 55 11
21 89 10
21 99 11
21 95 12
22 47 16
22 59 9
22 78 7
5 23 11
23 49 11
23 70 13
20 23 11
24 45 12
24 95 11
9 24 11
5 24 10
24 60 9
25 88 11
25 86 12
25 48 10
25 62 9
25 77 11
26 43 14
26 67 13
26 69 15
26 92 11
8 27 10
28 85 14
28 49 11
29 86 11
17 29 13
29 36 9
30 77 9
30 45 7
30 81 10
17 31 10
31 63 10
31 36 10
31 48 11
28 31 11
14 32 12
18 32 9
33 58 11
34 44 12
34 83 7
11 34 7
25 35 11
27 35 11
35 93 9
35 61 10
36 86 8
35 36 9
36 52 5
36 90 11
36 95 12
37 54 12
37 78 11
37 52 13
5 38 10
14 38 10
36 39 9
39 41 11
39 77 8
39 97 13
40 52 10
24 40 10
40 68 9
41 78 9
41 65 12
41 44 8
41 62 9
41 67 13
42 52 4
42 65 9
43 67 10
43 64 12
43 90 11
44 48 10
44 86 15
33 44 12
43 44 11
18 45 13
45 51 10
5 46 9
19 46 13
13 46 10
46 65 14
47 73 9
45 47 9
0 48 6
7 49 12
49 94 11
15 49 14
32 50 10
50 58 12
50 76 10
50 85 10
12 51 10
46 51 12
52 76 11
12 52 11
15 52 13
33 53 9
23 53 8
0 53 12
10 54 8
33 54 10
2 54 11
55 93 10
55 97 13
55 75 9
55 60 9
56 94 8
15 56 10
57 83 11
58 71 8
58 65 9
54 58 9
21 59 10
5 59 15
46 59 10
3 60 11
60 93 7
60 86 14
45 61 6
61 90 11
19 61 10
48 61 7
32 62 12
54 62 7
44 62 11
62 85 9
62 74 10
22 63 11
56 63 9
47 63 9
43 63 9
49 63 11
25 64 7
11 65 12
65 71 7
0 65 11
36 65 10
57 65 8
9 65 17
36 66 10
66 79 10
29 66 7
3 66 11
67 72 14
12 67 9
10 67 12
49 68 11
68 72 14
25 68 13
56 69 14
31 69 8
29 70 13
70 79 9
37 70 14
60 70 14
70 96 10
55 71 11
52 71 9
71 83 13
23 71 10
24 72 12
8 72 13
40 72 13
66 72 10
21 73 11
61 73 11
18 73 12
35 74 10
74 75 8
48 74 14
3 74 8
2 75 13
30 75 13
76 86 10
73 76 12
13 76 12
76 85 10
47 77 10
27 77 11
48 77 13
43 78 9
5 78 9
30 78 9
42 78 11
53 79 11
38 79 14
33 79 11
79 80 13
80 83 6
39 81 13
64 81 12
9 81 12
64 82 12
47 82 12
82 86 8
57 82 11
49 83 11
51 83 10
42 83 9
2 84 11
73 84 11
35 85 10
39 85 8
44 85 5
78 85 12
26 86 8
3 86 13
27 86 10
78 86 13
77 86 8
87 99 12
58 87 10
83 87 11
22 88 7
39 88 13
2 88 9
3 88 11
0 89 15
14 89 9
59 90 11
90 98 9
23 91 10
28 91 11
25 91 11
17 91 8
38 92 13
75 92 10
33 93 12
23 93 13
31 93 11
66 93 8
33 94 11
5 94 12
71 94 16
87 95 12
86 95 10
90 95 11
94 96 11
0 96 13
58 96 12
37 97 10
53 97 8
30 97 10
2 97 12
38 97 10
47 98 12
65 98 14
86 98 13
57 99 11
66 99 10
62 99 9
84 99 10
