100
0
4
9
4
10
9
8
9
5
6
8
8
2
3
9
3
9
3
3
9
9
6
4
3
9
6
5
5
2
3
9
2
2
9
5
6
9
5
5
3
3
7
5
9
9
9
6
7
6
2
1
9
10
10
5
5
3
7
2
1
3
5
3
2
5
3
3
3
7
10
9
6
7
10
10
8
6
8
9
7
10
3
7
8
6
10
4
2
9
5
6
2
8
7
3
7
2
4
3
3
0 1 10
0 61 10
0 83 12
0 76 13
0 66 11
1 51 10
1 53 13
1 60 11
1 41 9
1 85 10
1 72 13
2 49 8
2 70 11
3 6 13
3 50 12
3 18 9
3 60 13
3 77 11
4 28 10
4 8 10
5 59 11
2 5 11
5 89 12
5 18 10
5 48 16
5 95 13
6 36 11
6 70 11
6 96 11
6 47 12
6 95 10
7 21 9
7 67 9
7 51 12
8 44 9
8 95 12
8 10 8
8 40 17
9 22 13
9 33 9
9 36 8
9 87 14
10 95 8
10 78 13
3 10 7
10 91 10
10 27 11
11 80 13
11 95 9
11 67 14
12 37 10
12 71 10
4 12 16
12 23 11
12 99 12
12 16 8
13 93 10
13 90 9
6 13 13
13 15 9
13 76 9
14 83 8
14 98 6
14 30 12
14 86 12
14 54 9
15 87 10
15 60 12
15 93 10
15 28 9
5 16 8
16 78 14
1 16 6
16 85 8
16 67 11
17 69 9
17 55 11
17 96 11
17 88 11
17 66 9
17 82 11
18 67 10
18 52 7
18 70 12
2 18 9
18 98 12
18 99 12
8 19 8
7 19 12
19 82 10
19 74 13
19 40 7
19 31 15
19 77 10
20 45 11
20 76 11
17 20 12
20 43 11
9 21 11
12 21 14
21 66 13
21 83 12
21 97 8
22 95 12
22 74 14
10 22 11
22 93 10
23 42 11
23 94 10
2 23 12
23 83 12
0 23 12
24 88 13
24 41 13
24 64 11
24 97 10
25 54 11
25 96 7
25 67 9
25 86 8
25 42 10
26 89 10
26 29 7
13 26 14
26 78 9
27 86 7
27 39 9
27 62 15
27 49 8
27 85 14
28 88 7
28 63 11
27 28 9
28 59 12
28 49 11
28 48 7
15 29 14
25 29 10
20 29 10
29 71 12
27 29 11
4 30 10
30 67 13
3 30 13
27 30 11
3 31 8
31 82 7
31 88 9
31 77 12
31 34 9
32 36 9
12 32 10
32 74 12
32 55 12
33 99 13
26 33 10
33 84 10
33 73 12
33 58 12
33 69 8
34 66 9
23 34 9
30 34 12
34 62 9
24 34 13
34 54 8
6 35 13
35 63 12
35 37 13
9 35 10
36 83 12
36 54 10
36 96 8
29 36 11
36 45 7
36 80 9
36 97 13
22 37 15
8 37 13
14 37 11
15 38 8
38 82 11
38 80 11
36 38 12
38 89 13
27 38 8
5 39 12
39 48 7
39 46 6
11 39 7
39 84 9
40 79 11
6 40 8
40 60 12
40 52 13
2 40 12
41 99 8
41 68 17
31 41 9
41 78 11
41 71 9
41 67 15
14 42 12
10 42 8
42 76 10
42 90 11
8 42 12
43 82 10
43 84 9
12 43 9
43 61 12
43 49 9
16 44 12
44 80 12
20 44 11
44 68 12
43 45 10
32 45 8
9 45 15
40 45 13
46 96 9
33 46 10
36 46 10
46 82 12
17 46 12
46 67 9
47 79 14
47 92 15
47 75 7
47 83 13
5 47 11
11 48 13
48 91 14
48 78 9
48 62 10
48 55 14
12 48 10
20 49 10
6 49 8
49 75 13
49 71 11
50 51 10
43 50 12
50 90 14
50 92 10
50 67 13
50 79 11
33 51 13
51 56 10
36 51 11
51 96 11
28 51 10
12 51 12
52 76 12
52 63 10
52 83 10
52 70 10
52 67 14
53 88 12
51 53 10
29 53 13
42 53 12
10 53 12
30 53 12
54 92 11
54 87 8
54 58 9
55 76 6
27 55 13
6 55 10
55 67 8
18 55 9
55 59 9
56 80 11
56 93 7
25 56 9
56 72 9
57 91 9
57 64 12
57 74 12
5 57 7
57 59 8
30 58 10
58 94 12
58 68 13
21 58 9
46 58 9
44 58 9
58 67 14
39 59 12
22 59 13
29 59 12
59 67 11
19 59 12
60 81 11
44 60 8
52 60 9
60 73 8
31 61 7
61 96 14
61 76 11
21 61 11
61 94 11
55 62 12
52 62 9
62 71 12
62 82 12
62 81 9
48 63 10
63 90 9
63 72 12
12 63 6
64 84 8
41 64 12
64 94 13
11 64 15
64 74 6
16 65 10
23 65 9
65 89 9
15 65 13
65 96 14
20 66 12
57 66 13
66 79 9
66 81 13
60 67 9
67 89 9
39 67 11
10 67 10
67 88 8
36 67 14
4 68 9
0 68 6
28 68 11
15 68 13
19 69 7
8 69 8
58 69 9
69 99 11
48 69 10
7 69 7
70 81 5
41 70 10
70 79 12
14 70 9
61 70 8
22 71 11
63 71 9
71 82 11
30 71 7
71 86 11
3 71 11
37 72 10
31 72 8
72 76 9
62 72 13
51 73 10
73 86 11
34 73 10
67 73 8
68 73 11
53 73 11
11 73 5
41 74 11
45 74 12
24 74 6
1 74 12
36 74 11
39 75 9
68 75 8
58 75 12
48 75 9
75 76 10
76 80 12
76 98 12
53 76 7
8 76 11
76 79 10
30 77 10
33 77 11
58 77 10
77 97 11
1 78 13
22 78 11
14 78 9
24 78 13
56 78 13
1 79 9
59 79 7
4 79 9
41 79 12
54 79 13
74 80 8
80 89 10
17 80 10
80 83 10
9 80 11
44 81 8
76 81 11
46 81 9
8 81 13
22 82 9
2 82 13
16 82 7
59 82 10
49 82 10
56 82 7
10 82 9
59 83 14
62 83 6
83 96 9
22 83 10
46 84 8
52 84 10
70 84 12
11 84 12
85 97 9
8 85 9
72 85 9
33 85 13
42 85 12
85 87 8
5 86 9
63 86 11
48 86 10
6 86 13
47 87 12
67 87 10
87 97 13
60 87 9
76 88 11
14 88 13
32 88 11
10 88 8
30 88 13
54 89 10
68 89 10
6 89 10
85 89 12
74 89 12
90 94 11
34 90 10
46 90 14
4 90 12
35 90 10
45 91 8
36 91 7
28 91 9
92 96 12
77 92 11
41 92 15
22 92 12
89 92 12
76 92 11
52 92 11
86 93 13
71 93 10
27 93 12
20 93 6
91 94 8
34 94 10
50 94 9
76 94 11
73 94 9
31 95 10
39 95 12
30 95 11
37 95 10
46 95 10
29 96 12
63 96 9
30 96 12
49 96 10
57 96 7
54 96 11
58 97 9
88 97 10
39 97 9
28 97 11
34 97 9
48 97 11
1 98 10
83 98 10
20 98 12
98 99 14
74 99 12
67 99 9
2 99 11
97 99 12
57 99 11
