100
0
8
7
7
10
8
4
1
6
10
4
6
3
6
3
3
3
7
1
2
2
4
3
4
2
2
2
3
3
9
8
7
10
6
5
10
1
2
10
4
3
6
10
4
8
4
6
6
6
7
3
7
5
8
4
5
3
4
9
4
8
9
8
4
7
5
7
1
9
5
8
6
3
3
3
3
2
6
5
2
6
8
5
1
8
4
8
7
7
3
1
5
3
4
3
1
9
4
4
4
0 92 13
0 81 11
0 95 11
0 62 12
0 34 11
0 79 10
0 47 9
0 45 12
0 56 10
0 90 11
1 80 13
1 66 12
1 98 12
1 49 9
1 75 10
1 86 10
1 43 9
1 38 11
1 22 9
1 34 11
2 23 13
2 90 13
2 22 8
2 49 10
2 71 12
2 50 7
2 67 13
2 79 10
2 87 10
2 64 8
3 50 9
3 88 9
3 30 11
3 44 13
3 45 7
3 12 12
3 48 10
3 64 8
3 98 11
4 70 12
4 25 8
4 10 10
4 29 7
4 50 10
4 32 9
4 12 13
4 63 7
4 88 13
4 8 5
4 43 10
4 62 12
5 7 11
5 93 9
5 67 10
5 13 10
5 79 12
5 62 13
5 98 9
5 76 8
5 12 11
6 34 11
6 94 12
6 64 14
6 86 10
6 73 10
6 57 9
6 47 8
0 6 5
6 14 9
6 33 12
6 13 14
7 23 11
7 72 8
7 92 11
7 47 13
7 41 9
7 93 12
7 28 10
7 25 8
7 95 9
7 55 16
7 31 14
8 17 11
8 93 7
8 98 10
8 83 8
8 67 11
8 36 8
8 77 8
8 49 11
8 15 6
9 25 10
9 37 16
9 80 8
9 66 9
9 81 11
9 75 12
9 14 8
9 45 15
9 24 10
9 59 9
10 95 12
0 10 11
10 68 8
10 28 9
10 94 12
10 79 12
10 33 10
7 10 7
10 43 13
10 52 6
11 98 13
11 14 8
11 18 11
11 71 9
11 47 10
11 96 13
11 69 8
11 34 10
11 39 14
11 88 7
11 46 8
11 95 12
12 32 5
12 41 17
12 50 7
12 75 9
12 72 11
12 56 13
12 15 9
12 42 11
12 44 10
12 78 10
13 19 10
13 35 10
13 93 12
13 15 11
13 28 9
3 13 9
13 14 14
13 48 11
13 96 10
13 50 8
13 71 11
14 16 9
14 46 8
14 51 9
14 67 10
14 86 10
14 39 13
7 14 11
14 33 10
14 37 10
14 31 5
14 74 10
14 26 12
15 94 9
15 92 9
15 42 12
15 17 10
15 93 10
15 19 12
15 51 6
15 98 6
15 43 9
15 49 10
16 18 10
16 82 12
16 68 6
16 85 9
16 75 10
16 50 15
16 55 12
16 89 12
16 76 11
17 71 9
17 54 12
17 86 12
17 49 10
17 25 13
17 42 9
17 55 10
17 92 11
18 55 9
18 30 13
18 28 9
18 29 11
18 88 10
12 18 9
18 84 10
18 44 11
19 57 11
19 37 12
19 55 12
19 56 9
19 52 12
19 22 8
19 24 8
19 62 11
19 32 11
19 81 11
19 99 13
20 48 8
20 93 9
20 37 11
20 44 11
20 97 7
20 79 12
20 91 9
20 74 15
20 85 12
20 30 11
20 72 7
17 21 8
21 98 8
21 81 12
21 32 11
21 89 13
21 94 9
21 42 13
21 90 13
21 36 11
21 87 12
21 83 9
8 22 11
22 44 12
6 22 12
22 83 7
22 60 12
22 38 13
22 34 9
22 52 10
22 64 6
20 23 12
23 72 9
18 23 9
10 23 9
4 23 14
23 77 8
23 62 11
23 48 8
23 99 12
11 23 8
24 28 12
8 24 11
24 42 15
24 32 14
18 24 9
24 48 10
24 38 13
24 82 13
24 40 10
16 25 9
25 51 17
25 46 13
25 67 9
25 72 12
25 29 9
25 99 15
25 77 11
6 25 11
25 48 11
25 33 9
26 34 8
26 96 15
26 42 8
26 86 12
26 66 9
23 26 10
26 90 11
26 89 13
26 50 11
27 58 10
27 62 12
18 27 9
20 27 8
27 95 12
27 88 8
27 52 11
27 60 7
6 28 14
28 35 10
28 63 10
28 61 7
28 90 13
28 46 16
28 87 9
28 70 7
28 71 4
28 74 8
29 64 12
29 96 11
29 31 10
29 39 13
11 29 10
29 54 13
29 30 11
15 29 10
29 88 9
29 69 11
29 40 12
1 29 10
10 30 9
30 79 10
30 99 12
30 78 9
30 67 9
30 70 9
30 41 8
30 49 9
30 31 14
22 31 13
31 47 13
3 31 13
31 64 15
31 53 12
31 33 9
31 78 11
31 57 11
31 76 11
31 74 7
32 59 9
1 32 10
32 97 13
32 52 10
32 55 10
15 32 14
32 34 10
6 32 11
23 32 10
28 32 12
33 81 11
7 33 10
33 39 12
33 89 10
3 33 9
33 59 8
33 69 10
20 33 11
30 34 7
34 62 9
34 81 12
34 52 11
34 80 11
34 36 9
13 34 10
10 34 11
21 34 11
8 34 12
21 35 9
9 35 10
6 35 15
35 96 10
34 35 13
35 73 10
26 35 14
35 52 8
35 38 9
35 48 10
35 88 13
36 96 13
36 87 11
36 98 8
0 36 11
36 72 10
36 99 13
36 85 9
36 82 12
36 74 11
1 36 13
36 45 8
37 69 11
15 37 13
37 98 15
37 81 9
37 94 15
3 37 10
37 59 13
37 68 13
37 39 13
38 75 8
38 71 7
38 47 11
38 93 12
38 52 13
38 81 10
38 44 9
38 51 12
6 38 10
39 69 12
39 86 12
22 39 9
4 39 12
39 60 10
39 84 11
39 92 8
39 57 12
39 42 11
39 59 8
24 39 9
40 95 9
13 40 12
40 54 6
37 40 12
31 40 10
40 41 10
40 82 12
40 98 9
17 40 12
7 40 14
13 41 10
41 55 11
27 41 11
20 41 12
41 54 10
18 41 12
6 41 10
5 41 13
41 64 4
33 42 11
2 42 14
36 42 8
42 48 10
42 73 13
29 42 15
42 83 10
42 72 9
42 43 9
42 75 6
43 48 11
43 95 8
43 58 11
43 88 7
26 43 4
43 93 10
43 51 12
43 46 13
43 77 11
43 49 11
44 86 10
44 88 9
44 79 10
1 44 13
44 97 6
44 52 12
25 44 12
44 98 9
44 78 9
15 44 16
44 70 12
6 45 8
2 45 8
45 61 11
45 77 9
45 76 8
45 99 8
45 69 11
1 45 13
30 45 9
14 45 9
33 45 10
26 46 10
46 66 11
46 88 11
46 67 10
24 46 9
46 61 15
46 93 10
46 95 9
17 46 11
47 90 13
35 47 11
47 81 12
34 47 11
42 47 11
47 51 9
24 47 10
27 47 12
47 67 8
3 47 14
15 48 9
48 85 9
11 48 10
14 48 12
30 48 4
48 92 9
29 48 10
48 67 11
48 93 10
46 48 12
49 97 9
36 49 8
5 49 11
49 75 10
49 80 9
49 58 4
38 49 12
39 49 13
49 88 10
50 93 11
37 50 13
29 50 10
19 50 8
42 50 12
21 50 9
49 50 9
50 90 12
50 78 8
30 50 11
46 50 11
51 72 16
51 62 11
51 55 11
28 51 11
21 51 10
51 54 7
51 86 9
51 58 8
48 52 9
20 52 10
50 52 12
52 90 8
14 52 9
24 52 13
52 97 11
52 94 13
38 53 8
6 53 11
53 86 11
46 53 10
29 53 7
26 53 10
39 53 11
53 71 10
22 53 11
54 86 11
10 54 15
54 83 10
54 63 7
42 54 8
54 89 13
54 65 7
31 54 8
54 56 14
1 55 11
39 55 11
2 55 10
33 55 11
55 64 11
38 55 8
55 88 4
55 84 11
6 55 12
51 56 9
43 56 10
22 56 13
56 78 11
56 74 11
56 70 8
44 56 9
56 77 11
33 56 12
14 56 11
30 57 10
57 84 10
57 75 13
55 57 7
57 59 11
57 87 8
17 57 9
12 57 9
53 57 12
57 64 12
56 58 8
28 58 7
58 64 11
40 58 9
58 69 7
58 67 14
58 73 9
58 80 10
58 70 7
41 58 11
58 90 10
59 89 6
59 98 10
59 68 7
28 59 12
59 62 9
13 59 9
59 80 12
59 97 13
59 67 7
1 59 11
60 66 8
19 60 10
60 90 11
60 75 11
48 60 11
46 60 12
60 98 10
9 60 9
60 96 10
60 64 13
55 61 11
48 61 11
61 83 7
61 74 13
36 61 11
61 66 9
61 73 12
61 90 12
30 61 11
21 61 12
62 83 13
62 87 9
62 71 14
62 92 7
18 62 12
62 63 11
62 85 7
62 99 12
35 62 13
54 62 8
6 63 10
32 63 10
63 80 10
9 63 8
19 63 8
36 63 10
63 88 10
63 69 11
55 63 9
17 64 9
64 80 11
64 68 10
64 93 11
23 64 10
64 72 11
64 87 8
40 64 9
4 64 15
64 67 11
64 81 12
65 79 11
4 65 9
7 65 14
12 65 10
25 65 9
65 83 9
40 65 12
65 66 10
65 90 10
34 65 11
65 99 10
66 70 8
66 96 11
27 66 11
62 66 11
66 85 10
19 66 12
66 86 10
30 66 8
14 66 7
67 91 9
67 70 13
67 78 8
19 67 11
10 67 8
60 67 10
67 73 8
67 74 13
35 67 12
29 67 11
58 68 9
68 85 8
68 76 11
20 68 11
33 68 9
68 94 9
38 68 10
66 68 8
15 68 13
21 68 11
13 68 7
0 69 9
69 88 13
69 89 9
69 93 9
40 69 13
5 69 13
36 69 11
69 79 9
54 69 8
67 69 10
70 81 7
70 98 12
46 70 11
68 70 8
7 70 9
70 87 13
23 70 14
42 70 11
31 70 8
2 70 13
35 71 10
71 74 11
48 71 10
71 89 11
71 99 10
37 71 11
70 71 8
59 71 13
71 88 10
61 71 9
72 94 11
72 80 10
72 97 12
43 72 11
72 86 9
65 72 12
72 91 13
22 72 11
72 93 10
12 73 13
54 73 12
62 73 12
53 73 7
8 73 9
1 73 12
73 75 10
52 73 14
73 78 11
11 73 14
30 73 9
3 74 13
74 94 8
62 74 10
9 74 12
38 74 11
42 74 12
34 74 12
15 74 10
6 74 10
74 99 9
75 76 11
75 89 12
25 75 11
10 75 11
74 75 14
50 75 9
51 75 10
75 93 15
8 75 12
62 76 10
47 76 11
0 76 10
67 76 12
73 76 11
76 88 9
9 76 9
63 76 8
76 78 13
6 76 8
14 76 10
77 90 9
17 77 10
77 99 12
37 77 13
77 82 13
24 77 13
54 77 7
49 77 12
4 77 8
7 78 12
78 80 12
51 78 10
5 78 10
33 78 7
65 78 7
78 88 15
39 78 8
60 78 10
13 78 10
75 79 9
62 79 12
67 79 12
61 79 7
60 79 11
79 97 10
74 79 13
54 79 10
16 79 12
79 95 13
80 85 10
80 86 13
7 80 13
20 80 11
6 80 12
33 80 11
65 80 14
53 80 16
10 80 10
80 82 10
67 81 9
18 81 11
29 81 11
81 96 9
81 89 11
69 81 8
25 81 9
40 81 10
60 81 10
6 81 10
82 94 11
69 82 7
15 82 9
71 82 8
60 82 14
63 82 8
82 96 11
53 82 10
49 82 9
66 82 14
54 82 16
83 85 10
71 83 8
35 83 13
24 83 8
47 83 10
83 90 10
67 83 13
48 83 14
16 83 10
83 97 10
84 91 13
27 84 11
2 84 14
84 92 11
13 84 11
84 98 10
50 84 11
83 84 12
24 84 11
75 84 10
85 90 11
49 85 8
56 85 8
35 85 10
8 85 11
1 85 13
60 85 10
3 85 12
24 85 14
4 85 6
31 85 9
0 86 11
83 86 14
61 86 8
35 86 11
18 86 10
7 86 10
86 89 9
45 86 10
40 86 11
59 86 12
50 86 9
63 87 10
87 89 12
9 87 15
10 87 12
87 99 11
40 87 8
0 87 11
87 93 10
61 87 10
45 87 13
74 88 10
65 88 9
7 88 12
84 88 11
88 97 13
88 93 12
66 88 10
1 88 8
72 88 11
10 88 13
39 88 9
8 89 13
60 89 12
63 89 13
43 89 10
23 89 10
65 89 8
42 89 9
55 89 10
40 89 14
44 89 8
4 90 10
90 92 13
51 90 10
14 90 7
1 90 11
45 90 14
42 90 9
37 90 9
89 90 13
31 90 11
82 90 8
46 91 10
12 91 6
17 91 13
41 91 10
63 91 10
87 91 9
80 91 9
81 91 11
47 91 9
83 91 8
72 92 10
60 92 9
76 92 11
42 92 13
33 92 11
26 92 13
92 99 11
55 92 13
53 93 10
26 93 11
86 93 8
68 93 11
1 93 7
90 93 9
93 95 10
92 93 11
24 93 10
39 93 7
64 94 9
49 94 7
36 94 13
83 94 12
69 94 9
40 94 10
9 94 13
2 94 9
8 94 6
42 95 9
82 95 9
18 95 10
76 95 12
57 95 8
64 95 16
88 95 9
87 95 9
92 95 13
2 95 13
1 95 8
38 95 14
91 96 12
78 96 11
59 96 15
51 96 10
65 96 7
49 96 7
2 96 9
33 96 11
28 96 11
8 96 10
19 97 7
89 97 13
97 99 12
2 97 10
54 97 11
21 97 10
58 97 9
31 97 10
39 97 14
4 97 10
17 97 9
78 98 13
48 98 12
49 98 10
90 98 10
31 98 9
63 98 9
79 98 8
72 98 11
35 98 11
41 98 11
33 99 15
68 99 9
21 99 13
85 99 7
17 99 9
50 99 8
59 99 5
67 99 10
39 99 9
20 99 11
