1000
0
7
6
6
9
5
9
3
8
6
1
4
5
3
2
6
5
6
4
6
4
9
3
7
9
1
2
6
8
7
3
5
6
10
5
4
2
2
9
3
4
8
5
2
4
7
8
7
6
3
5
6
1
7
5
8
1
4
10
3
10
2
3
6
8
4
2
9
2
7
5
8
5
6
5
9
6
8
3
1
8
1
6
1
9
9
9
3
10
5
4
7
5
9
1
7
8
7
1
7
3
9
5
6
4
9
4
4
10
6
7
2
3
8
6
3
3
9
4
9
10
4
3
4
10
3
3
9
9
4
4
10
9
6
9
10
9
8
4
8
7
5
7
8
6
7
2
4
4
1
6
5
7
10
2
2
4
10
7
4
4
1
3
7
4
10
3
2
7
2
4
9
4
5
5
7
4
9
9
6
6
5
5
6
1
2
2
1
3
5
4
6
2
3
4
8
2
5
5
8
7
3
6
4
3
4
4
2
7
2
4
3
9
3
9
10
3
2
7
7
3
5
5
8
4
6
5
7
3
5
3
10
3
3
3
3
5
8
3
5
9
8
9
4
7
1
5
10
3
4
4
6
10
2
2
8
4
10
3
9
7
8
8
6
2
8
4
4
2
3
3
8
3
3
7
1
1
4
2
1
4
3
8
6
8
8
7
1
3
5
4
7
3
10
6
2
3
5
2
3
1
3
6
5
8
4
4
7
7
2
9
4
5
6
5
1
8
2
4
8
6
5
9
8
1
3
8
10
4
4
1
9
2
3
7
3
1
8
2
1
6
5
2
2
6
7
9
9
5
3
5
9
1
5
8
1
5
5
9
6
4
3
3
4
7
6
8
1
9
7
2
9
7
5
4
5
2
3
2
7
7
7
7
6
10
7
3
9
6
3
2
8
2
4
1
1
3
1
7
2
2
9
10
5
6
6
3
2
7
3
7
9
4
4
2
2
2
1
3
3
8
2
5
3
8
8
6
8
4
1
8
5
5
7
9
7
5
5
4
3
7
7
1
6
4
5
7
5
8
4
5
9
1
9
7
8
3
5
5
4
2
7
7
9
1
4
5
6
4
3
4
6
2
7
3
4
8
8
7
7
10
8
8
2
2
7
7
5
7
2
6
1
9
7
8
7
10
2
1
6
8
2
7
6
2
10
3
8
1
10
5
5
5
9
6
8
2
4
2
1
8
7
3
8
6
8
6
8
8
8
1
5
5
9
5
9
9
3
10
2
8
8
10
7
6
7
6
4
7
2
1
4
7
4
3
6
3
8
1
3
5
3
3
7
1
4
7
7
5
8
2
5
9
5
10
10
7
7
4
4
3
3
7
2
3
8
6
4
9
9
8
6
2
4
6
2
8
5
8
6
6
5
9
9
3
7
2
8
4
5
7
8
9
10
4
5
8
9
2
3
2
7
2
8
1
9
3
1
9
8
2
4
9
4
8
4
2
6
9
9
9
2
9
7
2
5
4
7
8
10
6
6
9
6
3
4
8
1
3
5
2
5
1
7
7
4
2
5
1
6
2
6
8
4
7
2
9
2
6
4
2
3
3
8
3
9
2
4
3
2
4
7
1
5
3
3
6
5
9
5
1
4
8
10
8
7
2
5
8
5
8
8
4
7
8
4
5
8
5
2
1
4
3
5
7
8
1
3
3
10
7
7
5
5
6
5
6
5
9
4
5
4
8
7
4
2
9
9
5
6
8
7
5
1
8
3
10
1
1
7
4
4
10
3
3
8
2
3
2
10
2
4
3
9
3
7
5
8
10
7
7
2
7
5
3
8
5
9
3
7
9
7
8
2
4
8
9
2
2
6
9
10
3
9
8
2
3
4
8
5
8
6
9
2
9
10
5
4
3
9
3
2
9
3
4
2
10
2
8
10
4
2
6
5
5
7
7
4
9
9
2
8
9
8
9
5
3
8
8
8
2
6
8
4
4
7
6
8
7
6
5
4
6
3
1
4
9
1
1
2
5
9
9
6
1
9
3
6
4
8
3
2
4
6
6
3
6
8
1
2
1
8
9
5
3
3
3
3
9
1
3
4
2
1
9
8
3
8
4
3
4
3
2
8
6
4
10
4
2
7
10
6
7
7
9
5
2
7
8
6
2
7
8
9
2
4
2
3
5
8
6
2
4
2
4
6
1
4
9
8
9
8
9
3
1
7
9
8
7
3
4
8
9
3
10
7
4
3
8
6
6
9
9
3
3
8
7
3
5
4
6
1
3
8
8
7
7
1
2
7
2
2
8
6
3
7
9
2
5
6
0 943 11
0 903 9
0 602 5
0 511 9
1 25 9
1 38 9
1 214 7
1 293 14
2 868 11
2 310 14
2 326 10
2 109 8
3 130 11
3 390 7
3 662 8
3 699 12
3 467 10
4 963 13
4 184 10
4 351 7
4 568 13
5 59 13
5 341 10
5 47 12
5 374 8
5 747 10
5 762 10
6 747 11
6 150 9
6 53 7
6 398 11
7 450 10
7 662 11
7 591 11
7 943 14
7 791 10
8 307 8
8 537 12
8 231 13
8 886 10
9 372 12
9 654 11
9 551 7
9 68 9
10 546 11
10 598 8
10 874 7
10 353 7
11 341 8
11 600 12
11 937 12
11 38 11
11 864 13
12 558 12
12 711 12
12 627 10
12 297 10
4 12 11
13 157 12
13 83 10
13 624 10
13 719 9
13 414 7
14 495 15
14 765 13
14 899 9
14 735 12
14 677 9
14 480 12
15 230 8
15 962 9
15 305 8
15 429 11
15 216 13
15 98 12
16 298 13
16 821 10
16 17 13
16 528 10
16 769 12
17 75 10
17 393 10
17 561 13
17 216 11
18 787 12
18 201 13
18 273 10
18 495 11
18 32 7
19 270 8
19 403 10
19 828 8
19 587 11
19 228 9
20 382 10
20 217 11
20 771 11
20 645 13
21 727 10
21 581 11
21 906 7
21 181 13
21 566 10
22 198 13
22 190 11
22 142 12
22 262 11
23 742 6
23 431 10
23 102 10
23 338 11
24 136 8
24 405 9
24 834 13
24 196 12
24 763 7
25 272 7
25 183 10
25 903 9
25 913 14
26 179 12
26 613 14
26 711 8
26 971 16
26 209 8
26 698 11
27 143 14
27 461 16
27 907 10
16 27 10
27 516 11
27 390 9
28 569 13
9 28 15
13 28 10
28 747 9
28 370 8
29 67 9
29 235 6
13 29 12
29 648 12
29 689 11
29 561 11
30 548 10
30 763 12
30 983 6
31 230 10
31 727 13
31 785 8
32 652 10
32 189 9
32 455 8
32 157 15
8 32 9
33 860 12
33 874 9
27 33 7
33 832 10
33 65 12
33 219 11
34 244 10
34 265 10
34 112 8
34 582 9
34 368 12
35 743 8
35 65 11
35 300 5
36 941 9
36 83 6
36 728 13
37 80 9
37 273 13
37 406 11
37 695 13
37 443 7
37 347 11
38 348 10
38 947 13
38 135 11
38 582 8
38 240 10
38 662 11
39 110 9
39 828 12
39 971 13
39 837 8
39 281 9
39 876 6
40 537 9
40 289 9
40 73 13
40 827 12
40 596 11
41 952 12
41 345 12
41 125 8
41 284 8
41 860 11
32 42 11
42 210 9
42 513 9
42 280 9
42 156 12
42 160 13
43 564 10
43 90 7
43 986 10
43 952 11
43 843 7
44 788 8
44 505 10
44 87 10
44 58 9
44 784 11
45 273 11
45 617 10
45 527 6
45 873 8
45 315 9
45 126 10
46 141 9
46 714 10
46 858 11
46 388 11
47 548 13
47 271 13
47 616 12
47 538 8
45 48 10
48 923 11
48 743 8
48 948 10
48 484 12
49 820 12
49 509 9
49 984 12
49 343 11
49 64 13
49 573 8
50 935 9
50 319 12
50 170 11
50 371 8
51 835 9
51 889 10
51 529 9
51 658 10
51 740 12
52 330 13
52 323 11
52 603 8
52 353 12
52 94 9
52 440 8
53 270 12
53 194 11
53 411 9
53 335 11
53 486 10
54 754 11
13 54 8
54 584 8
38 55 10
55 378 10
55 702 8
55 796 13
56 682 10
56 328 14
23 56 11
56 437 14
57 701 13
57 131 12
57 868 11
57 761 8
57 590 7
57 486 13
58 716 10
58 888 8
58 124 11
58 239 11
59 624 10
59 591 13
59 83 14
59 338 10
60 179 12
60 166 8
60 839 7
60 193 10
60 719 11
60 932 11
61 189 10
61 725 7
61 596 11
61 945 10
61 628 12
62 233 10
62 890 8
62 586 10
62 445 8
62 557 11
63 414 11
63 468 12
63 825 9
63 72 11
63 801 11
63 450 12
64 310 9
64 124 13
64 835 11
64 867 11
64 472 9
64 620 10
64 295 10
65 74 13
65 351 13
65 347 11
65 296 15
65 401 7
66 378 7
66 889 9
66 216 10
66 404 9
66 952 12
67 672 13
67 846 8
67 392 8
68 389 14
68 601 10
68 197 13
68 991 10
68 960 11
68 340 9
69 77 8
69 508 11
69 333 14
69 628 10
69 157 10
70 645 8
70 608 11
70 413 8
70 123 10
70 818 11
70 832 9
71 361 11
71 780 8
71 402 11
71 265 12
72 76 13
72 739 10
72 239 13
68 72 12
72 982 11
72 537 13
73 455 12
73 958 10
73 94 6
73 874 9
73 378 10
74 582 7
74 742 8
74 260 14
74 573 10
74 516 9
75 400 11
75 337 11
75 506 11
75 760 10
75 749 14
75 299 13
75 982 12
76 852 13
76 911 10
76 162 11
76 168 11
76 522 12
77 839 11
77 319 12
77 134 9
77 920 11
77 805 11
77 992 10
78 259 10
78 554 11
78 967 13
78 589 10
78 79 8
78 740 9
78 104 13
79 758 13
79 626 11
79 321 10
79 622 10
79 476 11
80 191 11
80 170 9
80 781 12
80 119 12
80 239 16
80 425 13
81 621 11
81 514 12
24 81 9
81 430 10
81 98 11
81 511 12
81 990 8
82 490 12
82 893 9
82 694 13
82 345 11
82 374 9
83 667 12
83 235 9
83 328 13
83 379 11
83 262 9
83 794 9
84 796 10
84 179 13
84 654 8
85 857 9
34 85 11
85 856 10
85 913 12
85 476 9
86 699 8
86 614 9
86 335 10
86 735 11
87 585 10
87 915 13
87 925 8
87 549 11
87 434 9
87 859 12
88 224 13
88 852 6
88 225 11
88 311 11
88 538 8
88 227 11
89 752 9
89 768 9
89 234 14
89 138 12
89 160 5
90 721 9
90 647 10
90 765 14
90 162 10
90 230 11
91 813 10
91 219 9
91 369 12
91 509 10
92 492 11
92 511 13
92 906 12
92 814 10
92 336 12
93 783 8
93 261 15
93 379 14
94 969 11
94 839 11
94 383 13
94 288 10
94 379 10
95 148 10
95 328 10
96 493 9
96 944 8
96 640 12
69 97 10
97 444 10
97 918 13
6 97 9
97 611 10
81 97 9
98 327 9
98 650 11
98 320 15
98 375 13
98 154 11
99 610 11
99 699 10
5 99 11
4 99 11
100 944 9
100 348 11
100 125 8
100 226 12
100 983 8
101 684 11
101 709 13
96 101 10
101 854 8
102 562 8
102 801 8
78 102 7
4 102 10
103 575 12
103 979 9
103 586 11
103 249 13
103 108 12
104 355 13
104 596 8
104 798 10
104 552 13
105 969 8
105 351 11
105 420 14
55 105 9
105 357 10
79 106 12
106 237 10
106 795 9
106 573 12
107 883 12
107 336 12
107 678 12
107 445 9
107 761 12
107 763 10
108 838 4
108 336 13
108 715 9
108 136 12
109 746 9
109 743 10
90 109 8
109 977 11
109 333 12
109 243 9
104 110 13
110 495 10
110 602 10
110 574 11
111 242 8
111 734 11
111 338 11
111 707 12
39 111 9
111 831 11
112 611 12
112 140 9
112 674 14
112 739 4
113 949 11
113 301 10
113 412 13
113 508 9
107 113 13
113 888 14
114 273 8
114 923 13
114 990 13
114 992 14
114 640 10
114 492 11
115 299 16
115 360 11
115 344 10
115 451 13
115 558 11
115 666 9
116 203 10
116 491 14
116 871 9
8 116 13
117 535 13
117 933 11
117 236 11
87 117 12
118 349 11
118 551 9
118 215 15
118 143 7
118 162 11
118 578 10
118 511 14
1 119 11
119 535 7
119 794 10
83 119 13
115 119 12
119 870 14
119 419 12
120 631 8
88 120 11
120 697 10
120 589 7
120 236 10
120 842 7
121 216 10
121 282 8
121 969 12
40 121 10
121 816 11
121 808 7
35 122 12
122 762 9
122 484 12
122 889 7
123 326 13
123 735 8
123 206 6
123 794 11
124 474 11
124 647 9
124 215 12
101 124 10
124 156 8
124 653 10
125 227 11
125 926 10
125 691 8
125 879 14
125 591 9
125 842 14
126 551 10
126 706 9
126 300 12
126 277 13
126 280 12
127 786 8
127 887 10
127 459 12
67 127 11
127 771 14
128 512 10
128 258 8
128 796 11
128 197 12
128 874 12
129 469 10
46 129 8
129 449 8
129 620 10
2 130 6
130 786 11
130 625 12
95 130 14
131 522 11
131 885 8
131 243 8
131 458 8
131 776 13
132 963 11
132 505 8
132 994 11
132 851 13
114 132 10
1 132 15
133 568 11
133 827 10
133 607 11
133 706 12
133 690 12
134 989 10
134 603 10
134 806 11
134 676 15
134 658 9
80 134 9
135 348 12
135 226 14
135 713 8
135 648 11
135 593 6
136 969 11
136 311 13
136 908 7
3 136 6
136 681 12
137 376 11
59 137 13
137 798 10
67 138 12
138 293 11
138 636 8
84 138 11
29 138 12
138 598 11
139 448 10
139 475 10
139 834 10
98 139 14
139 982 13
140 272 13
140 781 9
140 665 11
140 306 14
140 737 12
140 803 9
141 286 14
137 141 11
141 954 10
141 759 10
141 653 9
141 708 8
142 377 8
33 142 9
142 686 10
142 797 12
142 670 7
142 518 7
143 414 11
143 975 8
143 257 11
143 247 11
144 190 10
144 947 10
144 352 7
144 822 7
144 618 11
145 743 9
145 691 10
145 728 8
39 145 10
145 234 8
145 196 13
146 750 8
83 146 14
146 610 12
146 771 8
146 320 9
146 667 10
146 273 10
147 712 9
147 205 8
147 773 8
147 386 12
148 862 10
148 306 11
148 500 8
148 912 10
148 747 11
148 492 11
149 188 11
149 573 11
149 852 12
149 725 10
149 625 10
149 266 12
150 422 12
150 439 11
150 225 16
45 150 10
150 386 9
151 639 13
151 872 11
151 802 13
151 653 7
152 473 10
152 238 11
152 907 13
117 152 11
152 915 11
46 152 11
153 627 8
153 799 13
153 368 8
153 949 10
154 381 5
154 712 10
154 161 5
66 154 14
154 371 10
154 400 15
130 155 11
155 351 12
155 624 12
155 591 11
10 155 10
156 387 11
156 944 12
156 752 11
156 492 12
157 532 12
157 734 12
157 953 12
146 158 10
158 513 10
158 774 10
158 375 10
158 272 11
159 333 10
159 647 9
159 178 15
159 486 6
63 159 12
97 160 10
160 663 12
160 250 13
160 693 10
63 160 17
161 505 11
161 482 10
161 577 9
161 170 10
161 357 11
162 163 12
162 668 11
162 886 13
162 656 12
162 740 10
163 461 9
163 842 10
163 978 13
163 350 9
163 663 11
164 774 8
164 956 11
164 670 11
164 890 9
165 425 8
165 416 10
165 494 12
165 605 12
165 905 11
166 610 10
96 166 10
166 481 7
166 243 9
166 798 13
164 167 12
167 329 10
167 767 13
167 564 12
168 762 8
168 440 11
168 936 8
169 185 9
169 970 9
169 234 11
169 433 8
146 170 13
170 545 15
144 170 11
170 681 8
8 170 8
170 785 14
93 170 12
171 889 7
171 229 10
171 980 12
171 771 11
172 712 9
47 172 10
172 304 11
172 663 11
28 172 13
172 557 12
173 841 8
173 864 12
173 872 10
173 709 7
19 174 12
174 763 11
174 488 13
174 409 12
91 175 10
175 711 11
175 660 11
175 725 10
175 802 12
175 467 13
176 444 8
176 929 11
176 214 8
176 610 11
176 460 12
176 854 11
177 355 10
177 917 10
177 192 13
177 220 7
177 924 10
177 197 10
178 966 8
178 715 11
60 178 10
178 823 13
178 344 7
178 267 11
179 671 12
179 803 12
179 298 12
179 552 7
180 184 9
74 180 8
180 931 12
7 180 11
170 180 10
180 308 13
181 975 13
181 357 10
181 864 10
181 728 9
181 837 8
181 821 10
182 727 9
182 909 10
182 706 13
182 919 16
182 843 7
182 946 11
183 941 6
183 745 7
183 508 10
183 394 8
183 388 14
184 669 13
95 184 9
184 569 10
184 452 11
184 246 14
184 997 10
184 583 6
22 185 14
185 530 11
185 554 9
185 205 12
185 988 10
185 193 12
185 284 11
186 828 11
186 904 10
79 186 13
186 216 11
83 186 12
187 250 15
79 187 10
92 187 11
187 442 11
187 907 11
167 187 9
121 187 10
188 235 12
188 246 9
188 822 8
183 188 10
188 677 11
188 467 10
189 986 7
2 189 9
189 383 10
54 189 13
189 808 10
190 625 10
190 544 11
90 190 8
181 190 14
191 366 9
191 444 10
191 532 10
191 559 13
191 438 9
192 324 10
192 731 12
192 257 9
42 192 11
193 543 11
49 193 14
193 830 12
193 924 10
149 194 9
194 650 6
104 194 10
194 332 9
194 503 12
194 919 11
195 755 11
195 724 14
125 195 12
195 262 9
195 571 9
43 195 8
196 889 8
106 196 10
196 951 12
196 414 9
196 248 11
197 239 10
197 263 12
197 602 11
198 402 11
198 429 11
198 393 10
198 617 10
198 689 9
198 551 13
92 199 11
199 264 9
199 629 11
199 424 12
199 816 11
200 515 11
200 793 4
200 225 10
200 651 13
201 766 10
111 201 9
131 201 10
201 290 12
201 980 10
202 426 15
202 761 10
202 846 10
202 976 11
203 560 11
203 668 11
203 926 11
203 262 8
203 480 11
203 770 13
204 600 12
204 356 13
123 204 10
42 204 10
204 309 13
114 204 10
204 515 11
19 205 11
205 833 13
205 563 11
205 502 9
205 246 13
198 206 11
206 983 9
156 206 11
206 847 10
180 207 8
207 511 10
207 515 12
94 207 8
207 704 12
208 469 11
208 256 12
208 641 11
208 883 10
44 209 9
167 209 9
209 415 9
209 768 11
209 779 8
210 402 9
210 900 13
210 259 11
210 788 12
211 747 9
211 919 10
211 437 9
211 241 8
211 348 12
211 984 9
212 538 10
212 599 6
212 913 11
212 227 11
163 212 10
212 823 11
213 801 12
213 608 7
213 943 12
213 319 11
213 742 11
213 636 11
12 214 8
214 526 10
214 749 10
124 214 11
205 214 9
215 594 9
215 791 10
215 334 13
215 700 12
215 715 10
216 931 8
216 973 13
171 216 11
216 391 10
216 690 5
216 818 13
217 491 12
217 593 10
217 885 14
217 489 12
218 291 12
218 500 7
218 541 13
218 939 10
219 643 7
219 457 11
219 698 11
219 304 7
220 830 12
220 749 14
208 220 10
220 893 10
220 645 11
221 389 10
221 639 14
221 828 10
221 698 12
13 221 16
221 266 10
222 516 10
222 869 8
222 835 7
222 500 9
222 371 11
223 843 11
223 789 10
223 603 9
223 868 11
157 224 10
224 618 10
224 657 9
224 408 9
224 325 9
225 856 14
225 526 10
225 697 11
225 442 10
226 688 12
226 979 9
226 765 11
227 593 12
227 658 9
227 507 9
227 530 10
228 446 13
51 228 14
229 985 11
229 784 9
229 670 13
229 892 12
229 301 9
229 636 9
230 517 14
230 478 11
230 453 12
230 361 7
230 759 11
230 249 14
231 643 10
231 654 12
115 231 14
231 242 14
232 263 7
232 496 9
232 681 6
232 636 12
232 254 11
232 986 11
232 824 14
233 861 9
222 233 12
111 233 11
131 233 9
234 304 14
234 926 10
234 648 12
234 393 12
234 546 11
170 234 11
30 235 9
235 727 7
235 509 9
235 630 12
153 235 8
235 594 12
236 420 11
236 855 9
236 837 8
236 600 11
236 936 9
85 237 10
237 955 10
237 297 9
237 552 11
237 628 8
176 238 9
238 689 12
238 832 11
238 407 12
163 238 11
239 497 11
239 606 13
239 607 9
239 527 11
239 558 15
240 530 13
119 240 12
240 894 11
240 779 11
12 240 14
240 483 11
3 241 10
241 586 11
172 241 15
133 241 14
241 491 15
242 332 13
9 242 8
242 275 10
242 882 10
5 242 11
243 694 10
243 770 12
243 893 9
133 243 8
243 466 10
184 244 13
93 244 10
244 533 12
244 565 7
244 928 12
244 865 14
244 768 10
245 665 8
5 245 8
245 650 11
245 832 11
181 246 11
246 595 9
246 589 11
246 435 11
246 921 9
247 523 12
247 476 7
170 247 11
57 248 11
248 403 12
248 338 12
248 955 9
248 686 16
249 371 7
249 461 10
249 812 10
249 886 7
249 584 12
250 846 10
250 538 8
250 802 11
121 250 11
250 810 13
250 771 6
251 566 10
251 692 13
251 364 13
251 303 11
251 519 13
252 353 14
100 252 12
252 539 11
252 860 9
252 904 13
97 253 9
88 253 10
205 253 9
74 253 12
253 675 9
106 253 14
254 602 12
254 378 12
254 741 11
216 254 12
254 334 12
254 605 10
31 255 12
202 255 10
255 851 10
255 719 14
256 702 12
228 256 10
156 256 8
256 281 10
256 761 11
256 404 10
257 521 12
113 257 7
257 381 10
257 886 10
173 257 8
257 892 10
258 678 11
258 478 13
259 325 11
259 814 11
259 484 11
4 259 6
259 512 15
238 259 12
260 339 12
260 332 9
260 875 13
163 260 13
260 286 11
261 736 12
261 629 10
261 911 11
261 824 10
261 586 13
262 286 10
55 262 10
262 576 9
262 869 11
262 353 13
263 926 13
263 326 9
184 263 9
263 946 11
263 269 12
264 839 14
264 879 12
112 264 10
264 570 10
59 264 10
265 322 9
265 533 11
265 847 11
265 807 9
265 822 9
265 568 10
266 657 12
266 956 12
210 266 9
266 369 12
250 266 10
266 870 10
266 488 8
266 414 10
267 410 11
267 336 10
267 537 10
267 547 9
121 267 15
267 745 11
268 298 12
268 507 10
268 357 14
173 268 11
268 358 9
268 737 10
112 269 10
269 393 11
269 792 11
269 543 8
29 270 8
270 516 13
270 929 11
270 580 11
214 270 12
271 501 15
271 382 6
271 354 11
272 927 10
272 539 10
272 351 8
272 602 10
272 371 6
273 968 14
40 273 5
273 346 10
273 706 12
273 610 9
274 440 13
274 570 11
76 274 9
274 449 11
274 599 10
274 430 10
275 605 10
275 532 12
131 275 8
58 275 13
275 528 10
9 276 12
276 409 10
276 390 12
276 336 13
276 364 10
277 734 10
277 461 10
277 937 9
277 865 10
278 921 11
278 432 7
215 278 14
50 279 10
279 812 11
269 279 11
279 631 8
155 279 13
279 829 11
280 430 13
280 841 13
280 409 11
280 618 12
280 545 8
108 280 14
162 281 10
281 340 12
281 315 12
281 946 12
281 427 11
282 610 4
282 787 10
9 282 14
282 704 7
282 562 8
282 454 8
283 697 10
283 796 11
283 436 10
283 810 11
283 537 13
283 932 12
284 662 14
111 284 6
284 824 12
124 284 17
284 949 11
284 626 10
284 894 8
193 285 9
285 773 7
195 285 11
286 362 8
1 286 11
286 779 10
286 342 13
287 313 10
287 944 15
287 827 10
102 287 9
288 714 14
143 288 10
126 288 11
131 288 10
288 884 8
289 481 10
289 669 13
289 733 9
289 314 9
289 844 9
290 712 7
126 290 14
251 290 10
30 291 14
183 291 10
291 820 12
291 531 14
291 383 8
292 391 10
292 701 7
292 803 9
195 292 11
78 292 11
80 293 9
172 293 5
293 662 10
293 572 10
244 293 12
294 699 11
294 693 12
294 679 8
294 865 14
294 799 10
294 879 11
295 623 11
142 295 13
276 295 12
44 295 13
295 773 11
296 423 11
296 888 10
296 576 12
296 437 12
296 406 8
297 432 7
297 438 13
297 772 7
297 859 11
297 874 13
49 298 12
141 298 6
43 298 11
298 456 11
299 614 9
73 299 13
299 961 9
164 299 9
299 384 13
299 329 12
299 942 10
202 299 9
284 300 8
98 300 11
300 674 10
13 300 9
301 718 7
301 877 12
301 482 8
301 727 11
289 301 12
249 302 7
302 912 9
302 837 9
302 531 10
289 303 10
303 444 12
303 595 8
303 642 9
304 809 7
253 304 13
168 304 13
249 304 12
304 973 9
305 962 13
305 973 11
305 704 7
305 443 8
303 306 10
161 306 8
306 661 10
306 958 11
226 306 11
306 850 11
307 773 11
224 307 11
307 628 8
307 991 8
89 307 10
308 355 10
237 308 10
308 384 11
303 308 9
308 821 13
44 308 8
121 308 8
248 309 10
167 309 10
309 315 11
309 599 11
310 925 10
310 718 12
80 310 12
310 665 10
310 469 11
310 794 13
311 347 15
307 311 9
311 400 9
311 840 10
92 312 9
312 367 12
109 312 10
312 927 9
313 637 9
313 612 8
313 465 8
313 456 14
313 967 10
174 313 11
218 314 8
314 876 14
314 378 12
314 806 10
314 955 11
314 558 11
315 811 8
315 765 6
203 315 9
315 356 11
84 315 10
316 606 12
148 316 12
316 969 7
316 396 13
316 357 11
317 394 11
317 652 9
317 633 12
317 969 14
317 691 12
317 640 6
318 437 5
318 324 11
119 318 5
257 318 12
318 525 11
318 964 10
122 319 8
157 319 13
319 842 10
319 641 12
319 655 11
320 562 13
106 320 11
320 347 12
213 320 13
320 823 15
321 371 11
321 368 14
321 400 9
321 389 10
321 441 12
322 708 14
160 322 8
322 888 13
322 811 13
109 323 9
323 347 11
323 636 10
323 327 12
324 957 9
324 614 13
277 324 12
324 952 7
146 325 11
300 325 11
325 684 10
325 759 13
326 647 13
25 326 7
327 806 10
327 700 8
327 458 12
327 687 8
36 327 12
328 853 13
119 328 13
328 882 10
328 828 8
93 328 8
326 328 9
329 918 9
76 329 12
329 362 15
329 417 8
330 813 10
330 332 8
330 343 10
57 330 10
331 607 9
331 808 12
331 943 9
331 602 12
332 623 12
119 332 12
332 833 10
332 515 10
332 725 12
333 678 8
260 333 12
74 333 9
242 333 8
333 914 10
333 427 8
295 334 7
334 737 10
334 564 10
334 515 11
335 752 6
335 453 9
335 404 11
335 933 10
335 384 9
58 336 11
166 336 14
336 965 16
336 840 11
337 415 13
195 337 12
337 506 9
337 709 12
337 530 9
323 338 10
338 440 10
129 338 9
200 338 9
338 576 10
338 801 10
339 638 10
339 975 11
339 864 13
339 530 14
340 835 12
340 599 11
250 340 9
132 340 14
231 340 12
341 371 9
341 590 11
187 341 9
76 341 12
341 918 11
342 483 12
253 342 10
239 342 8
342 727 10
140 342 9
106 343 12
343 735 11
9 343 11
163 343 12
344 582 13
344 389 7
269 344 11
196 345 9
84 345 13
346 508 14
346 923 8
346 907 7
346 353 7
282 347 11
347 834 11
347 640 14
104 347 13
92 347 13
193 347 10
348 653 12
348 868 10
221 348 9
68 348 17
349 579 6
349 944 10
349 636 11
349 360 8
33 350 9
350 980 10
350 885 12
350 447 14
350 652 11
351 794 11
15 351 10
235 351 13
216 351 10
352 536 11
352 363 8
72 352 6
28 352 6
352 779 10
353 628 11
353 735 9
353 410 9
204 353 7
354 983 10
104 354 12
65 354 11
354 835 11
280 354 8
162 354 9
354 904 13
355 605 11
355 426 11
234 355 9
355 595 14
355 646 9
356 564 8
70 356 10
113 356 10
356 888 11
356 668 9
356 907 11
357 736 10
357 844 15
109 357 10
80 357 9
357 401 8
151 358 11
358 722 10
358 845 9
358 885 11
27 358 12
358 635 11
359 607 11
359 470 11
359 868 12
219 359 8
359 715 8
230 359 8
360 474 11
63 360 16
360 535 13
166 360 13
21 360 13
361 896 10
335 361 11
361 535 9
165 361 14
124 362 12
362 803 9
326 362 10
48 362 11
363 395 11
363 854 10
193 363 4
363 817 8
314 363 11
117 364 9
364 501 9
364 973 13
226 364 13
4 364 8
318 365 12
365 678 6
365 504 12
259 365 12
366 389 8
345 366 10
366 632 14
366 660 13
366 880 11
192 366 11
367 370 11
196 367 10
311 367 10
161 367 9
368 828 9
368 386 11
368 989 13
295 368 11
368 383 8
369 856 10
276 369 5
15 369 11
369 545 11
361 369 12
369 579 8
184 370 12
364 370 12
232 370 9
370 935 7
370 844 13
57 371 12
371 827 10
69 371 9
371 664 10
150 372 11
372 917 11
372 895 14
372 832 11
309 372 8
373 533 16
273 373 8
373 795 6
373 419 10
322 373 14
374 739 11
374 387 10
374 607 10
374 709 12
175 374 9
276 374 10
375 794 13
267 375 13
375 937 10
375 928 12
375 515 11
176 375 10
114 376 7
376 755 13
14 376 7
376 538 9
376 723 9
377 683 12
377 687 10
377 397 11
147 377 9
377 716 11
377 787 7
42 377 11
378 949 13
104 378 10
269 378 10
378 513 8
174 378 6
378 634 10
378 983 11
233 378 7
379 841 7
379 945 8
379 889 11
379 965 9
208 380 9
335 380 10
380 698 8
380 703 13
380 481 12
380 983 10
381 487 13
237 381 12
90 381 12
349 382 8
382 486 12
56 382 9
382 655 10
382 536 10
383 916 10
159 383 12
156 383 12
383 808 9
384 532 9
39 384 10
107 384 10
99 384 8
361 384 12
1 384 11
328 385 11
22 385 10
84 385 8
75 385 12
298 385 6
386 509 12
386 421 11
95 386 12
386 552 11
386 414 11
386 974 9
387 800 13
66 387 10
387 511 12
387 763 9
387 479 12
388 683 10
212 388 10
388 543 6
6 388 11
26 389 10
389 538 10
367 389 9
389 779 10
123 389 10
389 744 15
303 390 11
390 740 10
114 390 11
390 729 11
17 390 13
391 509 9
391 738 12
164 391 12
391 653 11
392 698 10
0 392 13
392 714 8
228 392 6
392 565 9
392 795 9
56 393 12
291 393 11
393 572 13
92 393 8
393 785 11
394 764 11
394 933 12
221 394 12
394 864 9
320 394 10
395 990 9
75 395 13
351 395 7
342 395 7
222 395 12
62 395 13
396 647 11
320 396 12
396 672 11
7 396 10
397 979 12
397 466 9
337 397 12
397 755 12
397 470 8
398 541 11
398 656 15
398 573 9
48 398 16
398 855 10
399 744 9
261 399 11
399 647 12
399 704 12
399 968 12
399 458 13
387 400 10
78 400 8
304 400 11
375 400 13
400 835 10
400 852 13
192 401 13
366 401 13
386 401 9
401 741 11
288 401 14
201 402 11
122 402 13
402 842 8
402 471 11
402 536 9
403 406 10
96 403 3
403 777 10
403 568 17
404 918 11
404 675 10
404 720 12
33 404 10
340 404 12
405 873 14
211 405 11
405 755 13
405 695 15
405 687 10
329 405 13
406 891 7
406 660 12
274 406 12
407 692 10
407 647 13
407 889 10
308 407 10
310 407 13
407 654 8
408 555 10
204 408 12
408 815 10
408 418 11
408 597 12
151 408 10
5 409 9
409 871 7
99 409 10
409 436 14
127 410 10
145 410 12
39 410 14
283 411 13
411 563 7
64 411 8
411 762 9
411 469 12
412 490 9
257 412 9
412 480 11
120 412 13
413 766 10
413 742 8
20 413 10
198 413 13
66 414 11
104 414 10
414 913 9
319 414 10
415 548 11
415 970 12
221 415 9
79 415 13
415 663 9
415 642 13
416 837 11
416 587 11
416 864 10
363 417 12
186 417 7
417 978 8
173 417 9
417 807 15
418 991 7
418 724 10
418 457 9
418 461 12
418 500 10
24 418 9
299 419 8
358 419 9
419 452 9
419 793 9
420 560 13
219 420 8
420 588 13
420 842 13
420 976 12
421 919 6
421 960 11
233 421 9
360 421 8
160 422 13
22 422 13
422 802 13
422 564 8
422 900 14
13 422 13
423 751 10
423 615 11
423 918 15
423 944 13
423 520 9
423 565 9
423 441 11
424 509 10
424 488 14
358 424 13
424 893 13
424 993 10
425 453 10
249 425 8
40 425 11
153 425 12
425 527 9
426 794 10
426 561 9
426 508 11
176 426 8
49 426 11
426 800 11
427 453 6
336 427 12
427 702 8
427 880 10
427 444 11
128 427 13
428 563 8
428 773 13
428 502 11
247 428 10
428 437 13
429 928 8
429 597 13
429 666 13
429 448 15
429 663 12
429 790 9
114 430 11
230 430 13
430 838 8
430 582 10
431 751 9
424 431 9
431 771 9
204 431 11
432 842 10
149 432 11
432 598 12
171 432 12
432 917 10
433 679 10
433 851 10
88 433 8
433 574 14
322 433 9
433 862 10
434 478 11
434 772 5
434 560 8
434 737 10
434 642 9
215 434 9
435 731 11
180 435 12
175 435 12
344 436 10
436 587 13
314 436 12
66 437 9
437 734 13
430 437 11
28 437 6
423 437 14
438 715 13
35 438 10
187 438 8
438 732 12
434 438 8
237 438 9
55 439 11
374 439 12
439 621 10
135 439 11
440 707 13
44 440 8
91 440 8
440 464 10
134 440 9
268 441 11
44 441 12
10 441 9
441 706 13
441 995 14
442 995 9
252 442 10
442 495 13
442 514 11
251 443 10
183 443 14
443 659 10
125 443 10
105 443 10
444 743 11
444 796 11
444 817 10
444 939 9
444 615 10
445 964 12
445 799 12
445 954 11
445 567 9
446 641 15
446 642 13
199 446 9
340 446 14
342 446 12
316 446 10
447 857 10
253 447 10
447 900 13
228 447 6
147 448 13
27 448 11
448 847 11
448 721 11
448 553 10
333 448 11
70 449 8
162 449 6
450 945 9
447 450 12
450 846 9
450 646 10
450 509 13
90 450 13
451 927 9
451 536 14
361 451 8
451 530 11
416 451 8
31 451 11
17 452 12
452 465 9
452 912 14
452 986 8
453 519 9
5 453 9
238 453 8
451 453 10
87 453 13
445 454 13
187 454 14
66 454 11
332 454 14
454 647 8
454 839 11
404 455 10
269 455 12
102 455 10
455 979 8
456 825 14
456 596 8
456 829 9
395 456 8
456 761 10
456 824 13
105 457 9
262 457 14
271 457 8
457 581 7
72 458 12
439 458 11
458 949 8
458 954 9
103 459 11
459 854 8
370 459 10
459 879 15
419 459 9
195 459 12
460 548 11
460 609 10
460 882 8
460 813 11
58 460 14
433 460 12
238 461 12
461 934 10
461 466 10
129 461 12
461 633 11
461 560 11
462 616 10
462 984 13
462 803 12
351 462 13
307 462 8
462 472 11
459 463 9
463 662 11
246 463 10
200 463 6
366 463 9
464 919 9
116 464 10
444 464 9
334 464 10
464 486 8
269 465 12
465 550 10
465 679 11
465 809 12
446 466 11
316 466 12
466 971 14
466 892 8
467 498 13
467 872 7
239 467 10
467 659 8
467 883 11
230 468 8
316 468 9
317 468 10
465 468 12
468 780 9
93 468 10
469 745 9
469 754 9
469 943 13
469 527 10
120 469 11
268 469 9
470 894 13
91 470 13
470 514 11
470 511 8
305 470 11
471 972 11
471 787 8
463 471 10
137 471 12
468 471 6
472 976 6
472 521 8
361 472 9
472 894 10
3 472 8
165 472 14
64 473 8
144 473 12
473 826 11
473 856 13
270 473 9
473 523 10
160 473 12
56 474 10
466 474 11
474 866 8
474 497 5
474 862 14
135 475 11
292 475 7
475 609 9
352 475 9
476 882 9
476 745 8
476 683 14
183 476 10
436 477 14
370 477 10
147 477 11
337 477 6
477 484 12
477 641 11
477 743 11
310 478 10
102 478 7
478 974 11
478 701 8
478 907 12
266 479 9
123 479 11
479 999 10
479 896 13
317 479 14
480 854 13
480 964 9
11 480 13
3 480 10
96 480 13
17 480 10
481 745 5
481 709 9
481 751 13
481 904 7
481 591 11
386 482 11
459 482 13
482 868 13
482 922 11
483 722 11
483 812 11
233 483 8
483 590 11
402 483 6
460 484 14
484 985 10
484 958 9
179 484 10
432 484 10
457 484 8
485 875 9
137 485 14
485 612 10
233 485 11
486 885 11
486 895 12
486 797 11
147 486 10
486 611 11
486 516 9
487 615 7
146 487 12
487 735 6
487 840 11
487 937 7
257 488 11
488 705 11
488 655 12
111 489 9
71 489 11
489 573 12
489 934 13
131 489 10
373 490 8
490 921 9
413 490 15
319 490 9
122 490 8
491 493 10
344 491 8
491 828 12
491 906 12
492 854 8
279 492 9
185 492 11
40 492 14
93 492 10
493 629 11
125 493 10
493 857 11
22 493 9
493 972 8
494 594 10
494 527 11
175 494 9
495 849 12
495 618 13
145 495 10
233 495 12
439 495 11
496 965 10
203 496 11
238 496 7
490 496 15
497 960 14
369 497 12
497 798 11
498 843 9
498 593 10
498 753 12
498 636 9
175 498 10
498 745 10
498 950 10
188 499 11
499 529 10
406 499 11
499 503 9
500 744 10
282 500 13
232 500 10
43 500 11
453 500 10
149 500 11
247 501 11
501 939 11
126 501 14
42 501 15
399 501 12
502 923 11
502 889 12
502 847 13
460 502 9
209 502 9
422 502 14
129 502 11
503 807 10
100 503 8
503 531 9
503 599 12
195 504 12
198 504 14
146 504 12
380 504 12
488 505 9
216 505 12
505 905 10
505 960 12
506 547 10
56 506 12
506 922 9
310 506 15
506 617 11
507 568 9
507 624 8
507 615 14
49 507 12
507 821 11
507 792 9
35 508 10
246 508 11
508 688 9
508 527 8
508 569 11
307 509 10
459 509 9
509 592 10
509 659 10
510 758 11
510 543 11
510 853 12
510 887 9
34 511 11
151 511 8
270 511 8
511 670 8
512 800 16
289 512 7
392 512 14
512 578 13
306 512 17
513 659 12
116 513 7
513 936 9
510 513 11
513 796 9
295 514 14
136 514 10
453 514 5
514 661 13
328 514 11
514 578 13
515 792 10
515 801 10
515 875 9
515 671 10
166 516 12
516 860 13
491 516 12
123 516 10
444 516 6
517 841 8
422 517 13
166 517 7
328 517 12
518 913 10
518 585 15
481 518 13
198 518 16
519 976 14
519 641 10
368 519 9
519 852 9
519 794 9
520 688 13
219 520 13
520 788 11
412 521 11
192 521 5
521 902 11
474 521 13
521 729 12
521 673 13
296 522 6
522 582 15
177 522 14
217 522 9
522 851 8
522 978 10
523 782 9
25 523 11
523 887 13
523 904 12
523 740 12
524 670 9
524 701 13
524 903 9
524 970 8
377 524 11
159 524 10
524 971 14
405 525 9
525 545 8
525 781 10
525 638 11
526 624 12
526 876 7
493 526 9
526 925 11
504 526 12
457 527 13
527 986 15
527 596 12
403 527 9
527 928 12
138 527 9
527 618 7
528 664 8
504 528 11
68 528 14
528 889 7
529 674 8
121 529 9
529 704 9
490 529 10
46 529 10
529 773 9
530 788 8
530 723 11
530 553 10
530 971 12
530 972 10
268 531 8
531 797 12
531 947 9
412 531 10
450 531 13
78 532 11
280 532 10
532 852 12
213 532 11
419 532 9
533 948 9
402 533 13
222 533 14
68 533 8
481 534 10
534 991 10
162 534 11
58 534 9
137 534 7
535 661 10
399 535 10
346 535 13
535 781 11
374 535 10
535 866 11
536 593 12
357 536 8
536 972 11
0 536 11
536 887 10
537 835 10
407 537 12
537 554 7
537 664 11
538 645 11
538 818 13
438 538 7
286 538 11
538 978 12
539 854 11
337 539 11
203 539 12
501 539 12
539 682 10
539 541 11
540 719 8
358 540 8
158 540 13
460 540 14
540 642 8
541 637 9
541 552 9
541 881 10
87 541 12
465 542 12
131 542 9
542 590 9
2 542 11
460 542 9
221 543 10
543 634 8
324 543 9
414 543 8
544 801 13
544 799 11
288 544 9
484 544 11
171 545 11
86 545 12
545 650 12
173 545 10
545 615 11
546 738 14
216 546 13
546 718 13
546 934 9
341 547 6
280 547 9
269 547 13
366 547 13
547 698 12
438 548 11
412 548 11
114 548 12
526 548 12
283 548 13
549 660 13
549 665 9
549 709 12
549 637 10
531 549 12
550 985 11
550 768 11
550 771 10
550 755 12
245 551 13
551 847 8
551 607 10
551 768 10
112 551 10
551 638 16
536 551 13
380 552 11
526 552 12
552 699 12
552 630 12
552 825 8
552 887 10
466 553 11
553 853 9
434 553 12
537 553 10
182 554 14
506 554 9
554 961 8
554 841 8
554 621 10
554 696 4
555 926 9
91 555 11
15 555 8
232 555 10
555 798 7
556 705 8
322 556 9
556 917 11
530 556 9
556 861 10
386 557 9
557 764 10
557 893 7
514 557 10
150 557 7
557 987 11
456 558 9
34 558 10
174 558 13
558 914 10
559 602 14
186 559 11
164 559 10
523 559 14
145 559 11
197 559 10
560 826 10
93 560 11
412 560 10
560 956 12
483 561 11
561 718 7
561 856 10
543 561 7
374 562 12
562 906 7
278 563 7
274 563 8
563 807 11
563 842 9
19 563 10
564 902 11
564 565 10
515 564 11
516 564 12
66 565 12
565 634 9
41 565 11
565 573 11
194 565 8
394 566 12
159 566 12
566 815 12
406 566 12
566 713 8
567 663 15
567 820 9
515 567 10
457 567 12
526 567 15
34 567 10
10 567 11
115 568 9
453 568 12
568 962 9
568 699 13
568 603 10
281 568 8
153 569 13
343 569 12
569 710 14
569 722 10
332 569 10
569 834 11
176 570 11
570 680 10
22 570 8
570 681 11
2 570 7
533 570 14
345 571 10
571 598 8
400 571 12
489 571 11
286 571 11
571 908 10
571 987 8
572 888 10
509 572 10
572 892 9
572 913 9
18 572 10
572 648 12
573 641 7
177 573 11
306 573 11
573 758 14
47 573 10
117 574 8
514 574 9
574 811 13
574 705 8
574 614 12
574 591 13
575 610 12
513 575 12
353 575 12
418 575 9
374 575 9
427 576 10
280 576 10
133 576 8
415 576 14
485 577 10
295 577 13
279 577 7
464 577 8
87 577 9
577 583 11
578 848 8
5 578 10
245 578 9
379 578 13
370 578 7
49 579 9
579 777 11
549 579 11
579 580 12
117 579 12
580 713 12
236 580 12
580 671 10
485 580 8
292 580 12
85 581 12
232 581 11
570 581 9
581 988 15
581 883 10
449 582 12
161 582 12
440 582 11
482 582 10
582 889 10
378 583 13
67 583 12
583 640 9
583 823 11
97 583 8
584 665 14
49 584 13
584 602 13
541 584 9
584 702 7
384 585 10
235 585 10
583 585 11
90 585 7
525 586 12
306 586 9
415 586 9
586 824 8
232 587 9
587 855 12
555 587 10
587 840 10
587 929 11
196 587 11
428 588 11
588 927 9
435 588 12
348 588 11
445 588 9
588 898 11
382 589 9
589 628 8
575 589 8
589 615 10
590 902 11
495 590 12
590 805 7
552 591 11
21 591 9
264 591 13
591 826 9
339 591 14
161 592 13
592 784 12
592 827 11
592 859 10
592 722 9
411 593 10
323 593 11
593 892 10
593 761 13
546 593 13
594 680 12
594 696 10
594 656 10
551 594 13
320 594 8
594 724 9
595 789 13
23 595 13
595 955 13
106 595 10
595 953 12
595 897 14
99 596 14
290 596 14
596 672 8
596 701 8
596 728 12
360 597 9
597 654 15
597 676 8
367 597 12
470 598 13
530 598 11
257 598 9
491 598 7
337 598 11
300 598 8
599 760 9
402 599 8
64 599 7
66 599 8
261 599 10
600 894 8
293 600 7
137 600 10
522 600 8
600 848 10
600 675 10
600 722 9
6 601 10
311 601 10
568 601 8
53 601 13
304 601 13
602 612 9
166 602 8
193 602 14
154 602 8
351 603 15
603 840 10
603 919 8
94 603 11
82 603 10
604 854 10
559 604 7
604 788 8
604 875 11
223 604 12
232 605 13
605 998 5
605 974 10
88 606 11
606 881 13
606 638 10
606 813 13
607 736 12
478 607 12
607 920 9
131 607 13
219 608 13
608 716 12
177 608 14
608 643 13
608 887 9
608 761 10
609 898 8
609 867 11
609 746 9
52 609 10
610 967 10
300 610 13
610 751 13
410 611 13
611 994 8
317 611 11
608 611 9
585 611 11
611 761 7
59 612 11
518 612 10
562 612 12
160 612 9
403 612 12
28 612 7
67 613 11
613 853 13
273 613 11
552 613 10
613 806 12
613 693 16
613 715 10
530 614 11
87 614 7
62 614 9
614 745 11
133 614 11
615 897 11
455 615 11
615 878 9
52 615 9
615 734 14
380 615 8
615 766 10
616 664 9
616 939 8
526 616 13
529 616 11
616 837 9
617 781 9
533 617 10
617 923 10
493 617 12
617 880 8
602 618 8
618 979 12
450 618 8
252 618 12
287 618 13
619 851 14
147 619 12
480 619 8
153 619 9
619 888 8
51 620 15
620 979 10
567 620 9
620 849 13
620 904 12
365 620 9
621 771 7
621 805 8
621 774 9
277 621 11
355 621 11
621 719 11
11 622 10
622 899 11
315 622 12
622 798 12
622 905 13
582 622 14
434 623 10
532 623 10
487 623 10
12 624 14
624 720 8
354 624 12
624 710 10
615 624 9
625 635 14
472 625 12
121 625 10
185 625 12
625 979 12
33 626 12
626 956 7
626 877 10
405 626 12
272 626 12
627 988 11
627 995 13
481 627 7
70 627 10
627 951 10
628 881 12
366 628 9
541 628 12
49 628 10
629 900 11
629 955 9
629 751 12
353 629 10
433 629 14
600 630 11
423 630 13
538 630 9
477 630 11
631 874 11
631 950 13
631 913 8
631 925 9
564 631 11
116 632 12
619 632 11
632 649 8
81 632 8
336 632 9
43 632 13
161 633 14
604 633 11
154 633 11
239 633 9
633 895 12
166 633 8
73 634 12
474 634 7
634 729 11
160 635 10
72 635 14
635 958 10
197 635 6
635 918 4
636 752 10
135 636 10
636 940 10
363 636 12
636 910 11
637 680 12
176 637 11
168 637 6
637 744 10
637 947 10
360 637 10
563 638 12
88 638 12
386 638 10
638 948 8
638 958 11
638 751 9
639 777 13
639 790 9
213 639 12
481 639 10
209 639 9
625 640 9
477 640 11
640 987 14
107 640 10
641 896 8
435 641 10
590 641 8
641 978 9
641 961 10
590 642 9
112 642 9
403 642 11
134 642 9
642 749 11
643 940 10
441 643 9
279 643 8
643 695 11
409 643 10
644 709 10
644 972 6
644 765 13
330 644 12
603 645 12
408 645 10
580 645 13
645 804 10
428 645 9
646 881 11
646 709 10
224 646 13
218 646 9
120 646 10
362 646 7
417 646 9
53 647 11
312 647 9
346 647 11
647 838 11
433 647 11
647 809 9
648 764 11
41 648 10
66 648 11
493 648 12
648 770 9
606 649 12
292 649 10
104 649 12
649 900 9
159 649 11
649 979 13
561 650 8
650 968 9
333 650 11
217 650 13
447 650 10
565 650 4
343 651 12
182 651 11
605 651 8
651 994 11
366 651 14
652 691 12
55 652 13
239 652 11
60 652 9
616 652 11
653 744 13
645 653 13
653 661 12
653 785 10
653 905 9
267 654 7
654 887 11
471 654 13
71 654 9
369 654 8
603 655 7
224 655 11
339 655 10
655 923 11
655 787 11
476 655 14
656 697 8
511 656 10
656 754 8
656 694 9
657 877 7
657 710 8
134 657 11
493 657 12
657 800 7
658 676 13
658 756 11
357 658 7
306 659 9
214 659 12
375 659 13
250 660 9
452 660 11
660 731 12
383 660 13
660 760 8
429 660 9
661 702 10
366 661 9
133 661 12
661 733 8
56 661 11
11 661 9
654 661 10
422 662 14
662 858 9
567 662 7
523 662 10
662 703 10
614 662 12
663 895 11
663 686 9
663 986 9
383 663 12
596 663 8
637 664 8
366 664 11
306 664 9
151 664 7
287 664 10
465 665 10
634 665 7
473 665 12
225 665 8
435 666 8
424 666 9
50 666 12
666 962 12
555 667 7
116 667 9
636 667 9
525 668 14
668 801 8
198 668 6
668 831 10
669 935 11
669 893 11
669 999 10
669 773 6
669 872 10
614 669 12
670 751 12
169 670 11
412 670 11
429 670 10
641 670 8
518 670 9
670 925 10
339 671 9
671 945 9
671 833 11
671 888 12
671 774 11
671 913 11
315 672 13
322 672 11
371 672 9
672 999 9
672 847 9
175 673 9
673 818 9
673 916 9
404 673 13
603 673 11
302 673 11
673 989 7
674 677 10
271 674 8
489 674 13
604 674 11
141 675 14
358 675 11
359 675 9
675 830 10
275 675 9
374 675 11
51 675 11
676 706 12
390 676 11
676 846 13
93 676 10
488 676 13
167 677 9
478 677 13
677 895 15
62 677 7
456 677 9
678 745 13
231 678 10
454 678 11
183 678 11
678 901 9
42 679 11
12 679 11
461 679 12
29 679 13
510 679 12
73 680 9
558 680 11
632 680 12
680 887 8
680 701 11
214 681 12
98 681 8
681 694 14
681 803 11
615 682 12
682 866 10
358 682 11
309 682 12
683 903 11
69 683 8
30 683 13
291 683 10
453 683 12
82 684 6
684 772 7
382 684 8
685 956 8
324 685 6
405 685 10
426 685 11
353 685 7
679 686 10
686 934 9
165 686 9
184 686 13
322 686 12
686 774 11
156 687 9
109 687 8
256 687 11
247 687 14
99 688 7
688 906 8
688 905 9
688 741 15
477 689 10
188 689 10
242 689 13
491 689 12
113 689 10
6 689 12
645 690 10
145 690 11
690 956 9
690 914 10
677 690 10
690 829 11
528 691 10
228 691 13
350 691 14
513 691 11
692 763 9
398 692 12
170 692 8
84 692 8
356 693 12
495 693 9
342 693 13
520 693 12
693 980 11
694 903 8
289 694 12
262 694 6
694 883 14
466 694 9
165 695 10
472 695 6
522 695 9
264 695 12
695 767 10
696 969 11
194 696 9
696 719 11
696 970 13
696 884 10
697 931 8
605 697 13
56 697 13
545 697 6
686 697 9
60 697 13
112 698 10
552 698 13
244 698 5
72 698 8
698 873 13
698 899 12
167 699 12
16 699 11
699 993 9
700 712 9
700 836 9
700 916 12
700 793 7
192 700 11
424 700 7
681 701 14
546 701 6
701 759 13
276 701 12
593 702 11
702 892 11
698 702 10
646 702 9
170 703 10
55 703 10
703 796 9
703 817 6
569 704 12
704 705 11
704 966 9
704 846 11
252 704 11
694 705 13
705 983 11
705 851 7
423 705 7
447 705 13
672 705 11
706 768 14
666 706 8
706 802 12
706 913 11
390 706 10
385 707 13
203 707 13
446 707 14
707 728 9
245 707 11
708 910 11
189 708 12
708 950 10
708 759 10
708 956 12
697 709 10
709 830 10
20 709 10
709 942 10
93 709 12
709 889 5
363 710 11
482 710 9
376 710 7
710 883 13
621 710 7
469 710 9
362 711 15
230 711 6
596 711 11
656 711 12
100 712 9
9 712 11
32 712 9
712 804 11
644 712 10
507 712 10
510 713 10
713 884 8
713 975 10
349 713 11
303 713 12
464 713 9
682 714 10
336 714 10
49 714 12
480 714 12
715 977 10
410 715 10
394 715 10
699 716 10
54 716 10
716 943 11
716 863 13
561 716 12
717 955 14
717 740 12
717 773 13
231 717 10
673 718 11
251 718 11
718 937 12
718 974 11
652 718 10
550 719 9
81 719 14
580 719 9
478 719 12
64 719 12
471 720 15
720 727 9
680 720 10
720 872 8
513 720 12
438 721 10
586 721 9
721 909 9
543 721 11
721 777 13
556 721 14
86 721 13
715 722 12
722 782 10
722 730 9
722 857 12
701 722 10
723 789 11
467 723 14
107 723 10
309 723 11
723 811 13
230 723 10
384 724 8
470 724 10
18 724 13
311 724 11
102 724 8
265 725 10
74 725 13
725 965 11
725 801 9
625 725 11
250 726 11
401 726 11
726 916 10
726 911 9
370 727 10
383 727 11
107 727 12
166 727 10
61 727 11
727 792 12
68 728 12
728 812 11
728 827 11
117 728 11
728 961 13
457 729 9
722 729 9
729 990 12
216 729 10
218 729 10
589 730 11
730 914 12
517 730 11
448 730 10
516 730 11
202 731 13
731 977 10
41 731 10
285 731 8
731 741 9
556 732 12
503 732 9
489 732 13
356 732 12
714 732 8
684 732 14
70 733 9
499 733 12
695 733 10
509 734 11
682 734 11
489 734 12
609 734 8
5 734 12
166 735 14
372 735 7
558 735 8
736 779 8
736 890 12
575 736 13
646 736 14
470 737 10
277 737 12
737 797 11
737 965 9
738 897 9
738 834 13
629 738 11
738 932 11
738 796 9
739 893 10
626 739 10
627 739 12
739 964 12
399 740 8
740 956 13
727 740 11
546 740 11
205 740 7
580 740 11
192 741 11
543 741 13
356 741 9
39 741 8
186 742 8
120 742 6
238 742 12
742 985 10
203 742 10
330 742 12
659 743 11
743 975 13
488 743 13
540 743 7
92 743 8
184 744 10
559 744 11
71 744 10
227 744 10
249 744 9
744 918 10
392 745 15
645 745 11
704 745 9
532 745 12
603 745 13
277 745 13
481 746 14
739 746 10
670 746 13
42 746 10
122 747 9
303 747 12
747 877 12
219 747 9
747 748 10
196 748 10
363 748 9
748 910 10
748 808 11
684 749 7
605 749 11
706 749 9
749 859 15
749 929 6
750 905 14
438 750 10
750 801 8
308 750 9
750 942 14
113 751 9
108 751 8
201 751 8
278 751 8
490 751 8
504 751 11
269 752 13
752 773 10
223 752 14
752 933 12
60 752 9
15 753 10
525 753 10
385 753 12
44 754 10
162 754 10
665 754 11
617 754 8
22 754 13
397 754 10
261 754 11
183 755 8
159 755 9
391 755 12
756 833 8
756 855 13
756 850 14
699 757 13
757 857 9
198 757 8
758 814 10
219 758 12
284 758 12
61 759 12
139 759 12
175 759 10
4 759 9
351 759 10
759 991 13
266 760 11
235 760 11
134 760 11
203 760 12
437 761 13
761 811 12
754 761 11
63 761 11
542 762 9
661 762 11
215 762 9
762 917 14
454 763 10
635 763 9
763 810 9
129 763 5
764 804 11
84 764 11
658 764 14
213 764 12
280 764 14
85 765 12
545 765 8
765 921 10
646 765 12
340 765 9
349 765 7
296 765 9
766 852 12
743 766 12
437 766 9
127 767 10
12 767 12
767 903 8
768 825 10
201 768 9
684 768 6
765 768 8
579 768 11
262 769 12
256 769 13
769 972 7
111 769 11
615 769 15
701 769 12
295 769 11
71 770 13
161 770 10
641 770 12
770 830 11
1 770 8
314 771 12
531 771 10
474 771 11
639 771 10
543 771 13
282 772 8
772 876 9
344 773 11
773 848 11
80 773 11
292 773 13
565 773 10
773 958 7
774 930 10
5 774 7
310 774 13
38 774 8
724 774 9
249 775 10
333 775 9
671 775 10
267 775 11
510 775 11
776 875 11
536 776 10
596 776 9
575 776 12
241 776 12
665 777 8
777 879 10
589 777 12
592 777 11
140 777 11
735 778 9
496 778 9
778 949 12
377 778 8
752 778 11
309 779 9
779 962 11
779 791 15
56 779 9
96 780 9
780 823 13
584 780 10
579 780 8
486 780 10
583 781 11
599 781 12
244 781 11
317 781 10
781 902 11
336 782 8
782 798 9
526 782 10
664 782 10
138 782 10
697 783 9
311 783 10
415 783 10
108 783 6
31 783 11
203 784 11
596 784 11
316 784 9
785 942 10
551 785 12
393 786 11
786 985 11
377 786 8
786 932 10
66 787 9
113 787 9
160 787 9
93 787 11
244 788 10
460 788 9
788 923 10
510 788 10
310 789 10
144 789 12
79 789 12
573 789 11
197 789 10
580 790 11
790 948 10
543 790 11
791 864 12
47 791 12
20 791 10
299 791 11
791 846 7
791 890 8
206 791 10
792 850 9
477 792 12
157 792 8
385 792 9
640 792 12
778 793 10
608 793 10
228 793 9
103 794 12
95 794 10
512 794 13
35 794 12
452 794 7
795 976 9
611 795 10
425 795 11
326 795 9
671 795 10
133 796 10
379 796 11
759 796 9
130 796 12
159 797 11
780 797 11
429 797 8
198 797 8
418 798 10
798 861 11
460 798 9
437 798 8
798 986 16
66 798 11
242 798 9
772 799 6
268 799 9
505 799 6
295 799 12
97 799 11
31 800 9
711 800 12
682 800 10
575 800 13
800 957 9
515 800 12
37 801 13
747 801 12
108 801 10
655 801 12
448 801 9
84 802 11
744 802 9
802 832 11
802 995 11
182 802 13
803 979 12
803 973 9
474 803 10
76 804 14
804 899 11
670 804 11
804 833 14
612 804 10
757 805 9
690 805 9
287 805 12
805 929 10
221 806 8
151 806 9
381 806 10
700 806 11
473 806 16
807 895 11
754 807 11
784 807 14
734 807 11
179 807 11
393 808 12
808 951 8
155 808 11
605 808 10
808 833 11
133 809 7
11 809 12
401 809 12
47 809 8
509 810 13
111 810 13
756 810 12
275 810 11
810 831 11
811 942 11
811 849 13
598 811 10
441 811 7
611 811 6
693 812 11
686 812 12
21 812 15
74 812 12
732 812 13
813 974 9
813 863 8
740 813 7
709 813 15
598 814 10
302 814 10
596 814 11
146 814 12
725 815 7
490 815 12
249 815 12
753 815 8
560 815 9
323 815 11
816 847 16
262 816 9
749 816 9
217 816 11
208 816 9
174 816 8
209 817 9
36 817 10
197 817 12
143 817 9
817 829 6
244 818 11
458 818 9
57 818 9
316 818 15
474 819 12
807 819 9
319 819 10
640 819 9
177 819 10
364 820 13
209 820 13
529 820 12
820 929 12
821 919 11
514 821 11
683 821 10
821 896 10
190 821 9
680 822 11
52 822 6
738 822 12
618 822 13
494 822 8
15 823 8
216 823 12
548 823 10
744 823 11
770 823 9
435 824 11
620 824 9
74 824 7
824 850 12
651 825 10
718 825 9
351 825 10
825 903 13
584 826 9
826 917 13
14 826 9
221 826 12
459 826 10
617 827 11
629 827 10
827 970 10
439 827 11
180 828 10
498 828 10
589 828 8
475 828 13
718 828 11
292 829 12
829 843 12
509 829 9
609 829 9
829 972 11
830 884 12
830 855 7
294 830 13
638 830 13
309 831 11
831 911 13
831 834 12
514 831 10
758 831 8
832 949 8
376 832 10
315 832 9
76 832 12
684 833 12
833 928 12
438 833 11
32 834 10
834 981 11
461 834 11
783 834 13
834 957 12
629 835 12
626 835 12
835 986 7
139 835 9
836 957 11
836 867 12
259 836 7
471 836 9
200 836 11
734 836 13
503 837 13
13 837 11
228 837 12
535 837 9
837 898 8
41 838 13
597 838 13
561 838 9
359 838 10
443 838 14
352 839 12
239 839 9
424 839 11
840 950 9
267 840 10
444 840 11
623 840 11
42 840 10
204 841 12
585 841 9
181 841 9
392 841 10
88 841 9
804 842 13
77 842 13
469 842 10
825 843 10
595 843 9
158 843 10
617 844 9
135 844 9
182 844 11
433 844 12
219 845 6
845 931 11
736 845 9
672 845 12
713 845 8
766 845 12
137 845 10
732 845 12
797 846 13
368 846 12
80 846 7
539 846 11
147 846 12
46 846 11
802 847 12
822 847 12
328 847 9
847 888 8
18 847 15
386 848 10
495 848 9
768 848 12
35 848 9
266 848 7
848 958 9
849 991 7
372 849 11
849 877 8
53 849 11
205 850 8
11 850 12
850 918 8
237 850 13
214 850 10
851 876 11
811 851 11
308 851 10
637 851 15
852 896 11
787 852 13
110 852 9
542 852 11
593 852 9
168 852 9
95 853 8
238 853 12
466 853 10
853 940 11
164 854 12
454 854 9
20 854 10
23 854 12
854 876 10
430 855 14
538 855 13
736 855 9
627 855 13
574 855 10
103 855 14
608 855 10
574 856 11
559 856 13
215 856 13
198 856 9
207 856 11
209 856 9
219 857 8
638 857 10
451 857 11
857 863 9
723 857 9
360 857 10
37 857 11
858 950 11
376 858 9
845 858 8
396 858 11
647 858 10
856 858 10
4 859 13
793 859 12
150 859 14
380 859 13
560 859 10
602 859 10
157 860 10
807 860 11
860 913 10
691 860 10
363 860 9
854 861 12
839 861 11
516 861 14
861 943 14
407 861 13
403 862 13
32 862 10
566 862 12
167 862 9
565 862 8
448 863 8
152 863 13
332 863 7
863 903 11
335 863 10
863 970 10
677 864 8
593 864 12
730 864 13
519 864 10
864 965 11
627 865 11
165 865 10
865 882 5
680 865 11
5 866 10
807 866 10
395 866 9
240 866 8
259 867 10
652 867 10
210 867 10
441 867 11
515 867 13
591 868 9
868 990 11
741 868 12
868 947 10
504 868 10
869 904 10
235 869 11
318 869 9
869 936 13
658 870 12
514 870 13
36 870 12
195 870 13
80 870 13
83 870 10
842 871 13
342 871 7
872 949 10
125 872 11
872 919 6
592 872 12
263 872 8
872 952 10
41 873 13
754 873 11
654 873 13
486 873 10
873 917 8
313 873 11
219 874 13
468 874 6
639 874 10
806 874 11
309 874 15
100 874 11
874 973 9
143 875 11
808 875 11
63 875 9
52 875 9
709 875 9
875 955 10
876 959 8
184 876 11
167 876 10
548 876 10
507 876 10
129 876 14
12 876 8
386 877 9
506 877 11
239 877 7
832 877 11
789 878 8
878 970 10
109 878 13
404 878 14
796 879 13
7 879 10
672 879 11
879 964 12
707 880 11
560 880 10
854 880 9
449 880 10
647 881 10
881 994 11
474 881 9
203 881 10
241 882 10
785 882 11
832 882 11
91 882 10
849 882 10
274 882 8
216 883 11
296 883 12
327 883 10
770 883 12
382 884 11
245 884 11
654 884 9
590 884 14
544 884 11
884 899 10
856 885 12
490 885 11
627 885 12
802 885 13
834 885 13
751 886 12
699 886 12
375 886 9
119 886 18
89 887 9
676 887 12
848 887 13
339 887 9
738 888 14
548 888 9
26 888 12
161 888 10
720 889 11
168 889 10
450 889 10
43 889 10
68 890 9
300 890 12
455 890 9
833 890 12
277 890 10
861 890 9
857 891 14
542 891 10
120 891 9
618 891 10
561 892 13
157 892 13
234 892 11
567 892 8
290 893 7
691 893 13
258 893 14
893 916 9
842 893 11
701 893 8
37 894 12
547 894 11
168 894 12
655 894 12
454 895 11
533 895 12
536 895 9
407 895 10
570 896 10
230 896 10
37 896 12
817 896 11
699 896 9
139 897 9
460 897 11
199 897 8
135 897 10
704 897 9
550 897 11
236 898 13
848 898 11
564 898 10
639 898 10
850 898 10
899 941 14
802 899 10
39 899 11
95 900 9
720 900 9
900 950 11
799 900 10
0 900 11
506 900 14
15 900 11
75 901 12
889 901 10
901 982 11
802 901 13
124 902 9
267 902 10
773 902 7
372 902 9
77 902 12
652 903 9
903 921 5
347 903 10
14 903 11
301 903 7
332 904 12
394 904 7
331 904 14
138 905 6
836 905 13
193 905 10
292 905 7
37 906 9
392 906 10
235 906 11
109 906 5
76 906 12
907 918 13
13 907 12
744 907 7
907 957 11
907 960 8
265 908 9
826 908 9
908 925 6
908 974 14
292 909 11
419 909 17
848 909 12
672 909 10
490 909 10
508 910 10
411 910 12
773 910 11
752 910 10
337 910 11
416 910 12
353 911 15
874 911 11
179 911 14
387 911 12
42 911 13
525 912 12
567 912 8
879 912 11
447 912 12
190 912 10
645 913 10
913 993 11
490 913 12
18 913 13
752 913 13
140 914 11
914 933 12
575 914 10
914 996 4
426 914 15
914 998 9
79 914 8
347 915 12
464 915 8
696 915 10
915 988 9
292 915 11
815 915 10
335 916 9
479 916 11
631 916 8
569 916 11
505 916 11
598 917 9
9 917 10
699 917 11
135 917 14
327 918 9
816 918 11
583 918 12
330 918 12
919 959 11
731 919 14
811 919 8
365 919 8
919 962 12
195 920 13
640 920 13
776 920 12
371 920 8
657 920 15
921 985 9
447 921 11
771 921 11
921 964 11
204 921 11
360 922 10
766 922 11
922 982 11
347 922 10
908 922 9
556 922 10
550 922 12
414 923 9
825 923 14
115 923 10
75 923 7
740 923 13
760 924 11
150 924 10
599 924 11
585 924 7
314 924 11
394 924 8
100 925 10
67 925 10
611 925 13
354 925 5
426 925 11
373 925 11
644 925 13
926 928 11
578 926 12
454 926 9
408 926 10
37 926 9
276 927 6
810 927 11
927 973 12
426 927 9
806 927 10
823 928 9
184 928 9
928 986 9
607 928 10
929 992 9
929 969 9
523 929 8
378 929 12
372 929 12
863 929 13
438 930 9
341 930 11
929 930 8
782 930 10
618 930 7
268 931 12
392 931 6
417 931 11
646 931 14
673 931 12
887 932 10
740 932 10
928 932 10
2 932 9
485 932 10
131 933 9
274 933 12
933 953 8
125 934 12
205 934 12
792 934 14
442 934 12
272 935 9
789 935 13
752 935 13
231 935 13
588 935 8
936 981 10
57 936 12
286 936 8
377 936 11
604 936 8
135 937 11
262 937 12
406 937 12
223 937 11
602 937 10
110 938 10
176 938 9
938 958 13
865 938 11
919 939 12
69 939 13
282 939 13
680 939 11
781 939 11
11 939 10
736 940 12
940 979 12
852 940 8
281 940 13
60 940 9
586 941 10
535 941 8
379 941 7
618 941 9
345 942 11
241 942 9
471 942 13
179 942 8
90 943 9
86 943 10
429 943 12
348 944 8
460 944 11
240 944 8
565 944 9
794 944 9
868 944 11
869 945 7
331 945 10
744 945 11
198 945 11
372 946 7
523 946 11
70 946 12
578 946 12
347 946 9
946 989 11
258 947 14
557 947 10
34 947 12
502 947 10
947 953 7
927 948 11
948 997 7
489 948 10
327 948 10
949 964 12
865 949 12
80 949 12
752 949 11
282 950 8
175 950 11
950 999 11
233 950 11
818 951 12
914 951 9
559 951 11
684 951 10
732 951 9
859 952 10
599 952 9
37 952 13
869 952 11
198 953 8
645 953 8
425 953 7
107 953 10
333 953 9
358 954 7
374 954 11
222 954 11
299 954 13
275 954 9
306 954 11
355 955 12
195 955 9
379 955 11
406 955 12
269 955 8
939 956 10
393 956 13
321 956 12
684 956 10
956 960 10
718 957 8
537 957 17
381 957 12
2 957 13
183 957 10
57 957 12
916 958 12
34 958 12
17 958 9
741 958 9
132 958 8
415 958 9
454 959 10
911 959 12
829 959 6
55 959 12
959 977 13
491 960 10
872 960 8
718 960 11
572 960 12
277 960 11
157 961 8
252 961 12
677 961 8
108 961 9
271 961 12
447 962 8
602 962 7
283 962 12
962 991 11
505 962 8
935 962 10
651 963 10
217 963 10
232 963 8
765 963 11
852 963 11
212 964 12
99 964 10
168 964 9
863 964 12
721 964 12
492 964 9
830 965 10
756 965 10
596 965 9
39 965 11
899 965 11
505 965 10
672 966 8
5 966 9
848 966 13
950 966 12
964 966 11
395 967 8
606 967 11
205 967 6
590 967 8
694 967 10
53 968 11
512 968 13
484 968 10
846 968 10
750 969 12
371 969 13
305 969 10
277 970 12
588 970 11
594 970 13
228 970 10
957 970 9
971 996 11
1 971 9
961 971 10
376 971 10
857 972 8
657 972 9
443 972 9
891 972 10
906 972 11
876 973 10
941 973 12
621 973 13
517 973 9
284 973 10
318 973 10
316 973 8
907 974 11
679 974 10
348 974 11
937 974 10
861 974 10
499 974 10
699 975 8
815 975 9
807 975 7
748 975 9
384 976 10
388 976 11
142 976 10
330 976 9
195 976 13
339 977 9
525 977 12
329 977 9
829 977 10
390 977 12
262 978 5
251 978 11
272 978 12
191 978 7
644 978 13
920 978 10
707 979 10
741 979 16
729 979 12
240 979 13
872 980 7
120 980 9
722 980 9
980 981 9
315 980 9
534 980 12
560 981 14
88 981 13
51 981 12
896 981 12
136 981 8
81 982 14
374 982 11
4 982 15
493 982 14
87 982 14
854 983 8
650 983 13
260 983 14
984 994 11
548 984 12
497 984 10
162 984 12
743 984 7
958 984 12
389 985 14
487 985 13
442 985 11
111 985 14
649 986 9
223 986 10
832 986 11
943 986 10
916 986 10
286 987 12
707 987 9
9 987 6
896 987 11
879 987 9
757 988 8
347 988 11
147 988 12
423 988 12
257 988 11
153 988 9
416 988 9
565 988 10
57 989 9
430 989 12
55 989 7
115 989 12
184 989 11
456 989 11
383 990 11
944 990 13
67 990 10
648 990 9
922 990 12
347 991 11
772 991 7
423 991 8
862 991 10
193 991 8
697 992 12
746 992 9
313 992 8
238 992 4
172 992 16
513 992 8
303 992 11
659 993 9
624 993 12
405 993 12
561 993 12
260 993 9
129 993 12
886 993 10
110 994 14
316 994 12
60 994 8
480 994 15
207 994 9
116 995 10
154 995 8
877 995 7
64 995 8
582 995 14
255 996 12
181 996 11
464 996 11
697 996 10
251 997 13
8 997 9
353 997 8
501 997 13
128 997 10
214 998 11
362 998 15
754 998 11
151 998 9
312 998 12
65 998 9
443 999 10
997 999 11
334 999 8
764 999 12
378 999 14
