100
0
5
3
4
2
6
1
9
10
8
1
3
1
6
2
9
6
6
2
3
2
8
7
6
4
9
8
4
3
7
2
2
4
5
8
1
2
7
7
7
9
3
8
7
5
2
4
8
5
5
5
8
4
8
3
8
7
8
7
7
7
9
2
3
1
5
10
3
2
10
3
6
5
2
2
2
6
7
5
5
9
6
9
9
5
9
7
9
2
10
4
3
6
1
3
7
1
3
5
5
0 53 9
0 42 8
0 40 7
1 4 6
1 56 13
1 12 8
2 32 14
2 3 12
2 10 14
3 95 9
3 83 9
3 84 12
3 67 10
4 21 10
4 9 8
4 80 13
5 85 13
5 13 10
5 25 11
6 63 10
6 80 14
6 73 12
6 10 10
2 7 13
7 95 13
7 94 9
8 64 9
8 38 11
8 39 6
8 60 10
9 91 9
9 76 8
9 46 11
9 29 14
10 22 11
10 86 10
10 92 12
11 59 10
11 64 12
11 20 7
11 82 14
2 12 9
12 64 14
12 77 12
12 97 11
13 33 8
13 89 10
13 58 8
12 14 8
14 52 10
14 92 11
14 58 7
15 18 9
9 15 13
16 35 10
16 28 13
16 41 15
16 82 10
11 17 12
18 24 12
11 18 10
18 91 13
6 18 8
19 69 10
19 91 9
19 22 11
19 21 10
20 64 10
20 56 13
3 20 11
20 43 9
21 96 14
21 35 13
22 34 10
22 60 8
22 72 10
22 71 13
23 85 9
23 65 11
23 81 8
23 56 11
24 37 14
21 24 10
25 94 10
26 60 12
26 90 12
27 96 9
27 47 9
27 85 12
15 28 10
28 95 14
28 36 7
14 28 12
29 34 14
21 29 8
29 62 10
29 45 11
30 91 9
30 68 9
31 61 14
0 31 11
22 32 11
7 32 11
32 88 12
32 87 7
33 94 11
25 33 9
6 34 13
23 34 13
28 34 9
34 41 13
35 75 9
35 87 9
35 63 7
35 48 11
36 97 12
36 93 13
37 58 13
37 91 11
37 77 9
38 83 11
34 38 15
36 38 12
38 67 13
39 78 10
12 39 8
39 42 12
6 40 11
40 72 10
40 62 8
40 88 14
33 40 10
40 53 12
41 88 10
41 91 9
25 41 11
14 41 10
12 42 11
40 42 12
42 85 10
43 88 10
10 43 10
26 44 13
44 59 11
5 44 11
45 50 12
45 93 13
45 71 14
25 46 11
14 47 11
47 59 12
36 48 8
33 48 12
6 48 9
49 97 9
38 49 9
25 50 8
31 50 13
50 94 14
51 86 12
51 96 11
51 93 10
52 67 8
52 57 11
52 54 11
52 68 9
53 56 12
53 75 12
42 53 13
28 54 9
54 89 11
30 55 12
55 62 9
50 55 8
56 63 11
56 68 10
57 64 11
47 57 10
0 57 12
27 58 13
33 58 11
59 62 12
59 98 13
59 97 12
60 66 12
35 61 10
61 68 12
62 76 10
62 99 12
16 63 14
5 63 9
63 64 12
64 92 9
15 65 13
37 65 7
34 65 9
25 65 15
58 66 11
20 66 11
61 66 9
56 67 12
45 67 10
67 99 8
53 67 9
66 68 11
46 68 12
68 69 11
69 91 12
9 69 9
69 93 10
32 69 9
41 70 10
43 70 9
27 70 15
24 71 11
0 71 7
71 86 12
41 72 9
0 72 9
72 79 11
59 72 13
14 73 12
46 73 10
21 74 9
40 74 12
55 74 12
33 75 14
49 75 12
18 75 12
75 98 9
49 76 11
69 76 10
76 89 11
50 76 11
48 77 7
14 77 9
8 78 12
76 78 10
70 78 10
61 79 12
21 79 10
28 79 9
67 80 11
80 96 9
29 80 7
31 81 11
10 81 9
73 81 10
82 93 13
48 82 9
13 82 13
37 82 10
49 83 14
52 83 15
77 83 12
84 91 10
24 84 8
14 84 11
4 85 10
43 85 13
85 97 8
15 85 12
74 85 9
22 86 11
73 86 9
17 87 12
69 87 11
24 87 12
87 99 11
59 88 8
83 88 14
76 88 5
56 88 11
78 88 13
40 89 12
89 95 9
43 90 11
31 90 7
75 90 15
15 91 11
48 91 9
33 91 7
18 92 7
39 92 9
53 92 14
38 93 12
79 93 11
40 93 12
77 93 9
78 94 11
56 94 7
24 95 9
72 95 9
88 95 7
26 95 10
56 96 11
96 98 10
85 96 11
96 97 13
32 97 13
22 97 8
51 97 13
78 98 11
84 98 8
60 98 12
69 99 11
37 99 11
24 99 12
52 99 9
