100
0
2
4
7
6
10
3
6
5
6
9
3
9
8
2
9
9
4
2
10
4
8
6
5
5
6
2
9
9
3
9
2
1
6
9
3
3
6
2
2
5
6
2
2
10
6
2
7
9
9
5
3
10
7
3
10
6
6
7
4
6
6
8
3
10
4
9
9
9
3
7
3
6
8
4
4
1
5
7
4
6
4
6
5
8
8
6
10
9
5
7
5
2
3
6
9
7
9
10
2
0 26 13
0 11 11
0 77 14
0 34 7
1 62 11
1 97 13
1 93 8
1 8 10
1 56 10
2 76 12
2 92 9
2 81 12
2 68 8
2 8 8
1 3 13
3 15 10
3 16 11
0 3 11
4 19 11
4 82 12
4 25 7
4 95 9
4 52 12
5 10 13
5 46 11
5 43 11
5 23 13
6 46 12
6 22 13
6 29 13
6 99 8
6 34 15
6 97 12
7 34 13
7 83 9
7 57 11
4 7 11
7 46 9
5 7 9
8 43 13
8 46 9
8 95 10
8 37 7
8 28 9
8 82 9
9 99 12
9 92 6
9 63 11
9 58 8
10 82 11
10 50 9
10 74 13
10 13 11
1 10 11
11 65 12
11 49 8
11 21 11
11 47 13
0 12 10
12 46 11
13 31 12
13 25 10
13 93 12
9 13 10
14 46 8
14 84 13
14 17 10
14 77 8
14 43 13
14 76 10
14 61 11
15 78 12
7 15 10
15 62 11
15 17 12
15 58 10
15 95 9
16 59 12
16 97 8
16 52 11
16 20 11
17 77 8
17 45 9
17 89 12
17 34 9
17 60 9
17 48 13
17 71 13
1 18 10
15 18 10
18 31 12
18 21 9
18 41 10
19 33 10
19 31 9
19 63 8
19 73 10
19 91 8
20 99 14
20 52 11
20 91 13
20 36 15
5 20 8
20 81 8
21 42 9
21 35 13
21 57 8
12 21 13
21 81 10
16 21 7
21 73 11
22 41 14
22 92 12
22 88 8
22 48 8
23 74 12
23 85 12
23 71 14
23 33 10
23 44 12
11 24 9
21 24 8
24 35 11
24 66 9
14 24 13
25 69 11
25 66 9
25 61 6
25 82 10
26 81 11
26 60 11
26 41 12
26 36 13
26 69 8
26 57 10
27 92 9
27 57 8
27 73 10
27 51 13
28 82 11
28 80 10
28 53 8
28 86 14
28 72 12
28 74 13
28 35 9
29 35 11
19 29 12
28 29 12
29 76 10
30 34 12
30 99 11
30 94 10
30 71 9
30 46 6
6 30 10
8 31 11
10 31 12
31 99 13
31 87 8
31 90 11
27 31 11
14 32 7
32 56 10
32 54 12
32 42 12
32 59 10
25 33 8
7 33 11
28 33 12
12 33 12
33 64 11
22 34 11
34 64 11
13 34 7
34 86 12
32 34 9
34 94 9
12 35 8
35 59 9
35 79 12
35 62 7
35 54 8
35 96 9
36 69 9
11 36 9
35 36 13
32 36 10
18 36 8
37 45 13
3 37 9
12 37 10
15 37 13
5 38 12
38 79 12
17 38 9
3 38 13
38 89 10
39 62 15
0 39 12
39 57 10
39 95 12
40 77 11
31 40 13
38 40 9
5 40 12
30 40 11
40 95 14
40 94 11
39 41 9
41 80 12
41 56 15
41 93 8
42 98 17
42 44 10
42 53 10
6 42 12
18 43 9
43 44 12
13 43 9
43 69 12
43 48 11
43 66 13
24 44 11
13 44 9
44 77 9
45 67 12
21 45 12
45 96 14
45 83 11
45 66 10
18 46 12
24 46 12
46 86 13
27 46 9
41 46 8
46 78 10
47 96 9
45 47 10
43 47 9
48 98 11
48 73 9
4 48 9
48 72 11
48 62 12
49 95 9
44 49 10
49 62 14
49 87 13
49 51 9
45 49 12
29 50 10
50 89 13
50 75 10
50 67 12
34 50 13
50 73 10
50 71 12
7 51 11
11 51 11
21 51 9
44 52 11
5 52 14
41 52 12
39 52 11
37 53 8
53 90 14
17 53 12
53 64 10
53 87 10
54 61 12
44 54 11
43 54 12
38 54 10
54 79 8
55 96 11
55 77 11
47 55 8
4 56 11
34 56 11
56 78 10
56 65 10
48 56 15
15 57 6
52 57 9
8 57 11
1 57 6
57 73 13
58 77 10
20 58 12
36 58 13
58 94 12
10 59 9
45 59 10
7 59 8
19 59 11
58 59 9
3 59 8
60 75 11
42 60 7
59 60 11
39 61 9
61 84 10
8 61 11
53 61 10
61 66 8
57 62 6
2 62 10
62 63 12
62 72 11
41 62 12
34 62 13
63 99 7
56 63 11
63 64 11
52 63 11
63 78 13
20 63 10
47 64 12
60 64 10
55 64 11
65 77 14
35 65 8
41 65 13
7 66 15
9 66 11
55 66 12
3 66 14
53 67 9
67 84 11
44 67 11
57 67 13
67 71 10
67 88 10
68 72 9
36 68 8
4 68 9
62 68 11
56 68 10
9 69 11
68 69 12
10 69 8
69 72 10
47 70 12
16 70 8
70 93 11
9 70 8
59 71 12
6 71 13
21 71 11
44 71 7
71 93 10
22 72 10
72 84 8
72 87 10
72 99 9
41 73 8
56 73 9
33 73 12
15 73 10
71 73 15
29 73 7
4 74 10
50 74 9
74 95 11
34 74 10
19 75 8
64 75 7
75 88 10
76 87 13
13 76 12
47 76 11
18 76 11
10 77 9
29 77 9
28 77 11
77 87 9
7 77 13
34 78 9
78 79 10
78 86 8
40 78 9
78 90 11
55 79 11
27 79 11
79 93 10
77 79 14
5 79 12
56 80 10
61 80 10
80 89 10
36 80 10
73 80 8
50 81 10
81 89 11
80 81 11
65 81 12
73 82 11
82 96 8
31 82 9
79 82 12
48 82 10
82 87 9
26 82 7
42 83 9
65 83 8
46 83 9
24 83 10
84 89 11
5 84 10
57 84 12
34 84 7
53 84 12
17 85 10
85 95 4
71 85 8
6 85 11
10 85 12
62 85 11
18 86 11
10 86 11
86 89 10
87 97 7
58 87 12
2 87 13
81 87 11
87 90 12
74 88 13
42 88 13
30 88 8
62 88 10
84 88 11
88 95 13
85 89 6
18 89 9
74 89 11
20 89 11
72 89 12
51 90 12
68 90 10
77 90 12
12 90 8
62 90 8
16 90 10
78 91 9
69 91 9
70 91 10
42 91 11
54 92 14
17 92 14
55 92 5
39 92 11
93 96 12
48 93 13
35 93 13
38 93 9
30 93 9
60 93 9
25 94 10
8 94 11
37 94 11
68 94 14
2 94 11
12 94 10
94 96 12
83 95 8
46 95 12
66 95 9
23 95 12
31 95 10
62 96 12
8 96 9
86 96 12
31 96 10
78 96 10
43 96 12
42 96 10
24 97 11
62 97 8
72 97 12
37 97 13
0 97 9
33 98 11
23 98 10
57 98 8
71 98 10
22 99 13
56 99 10
7 99 14
24 99 6
