1000
0
8
10
2
5
6
4
8
2
5
7
10
5
10
3
4
6
6
5
6
8
7
2
7
7
1
5
1
4
9
8
8
7
6
5
3
9
3
5
7
9
8
4
4
7
6
9
7
2
6
3
8
8
9
4
2
2
6
10
1
3
10
9
4
7
3
4
3
9
8
5
9
9
7
2
9
3
5
3
9
7
1
5
9
10
8
8
4
8
5
3
6
2
5
8
9
6
1
3
6
5
9
2
10
8
4
9
5
2
10
4
6
5
3
6
4
5
4
1
7
9
9
7
4
9
5
6
8
9
7
4
6
3
9
3
2
2
5
6
7
3
6
2
7
1
10
8
7
3
3
4
9
8
9
7
1
8
2
1
10
3
5
5
10
7
9
10
2
8
5
8
1
6
6
4
6
10
7
2
6
7
7
8
9
3
4
3
2
4
10
3
7
3
4
8
6
1
1
7
2
3
8
9
2
2
7
3
7
9
3
7
3
6
4
2
9
3
2
3
6
3
3
5
7
2
4
1
10
1
7
4
3
7
6
1
3
4
4
8
1
8
4
6
7
8
9
6
1
9
9
3
5
2
7
7
7
6
5
10
4
10
5
9
1
4
7
8
9
5
3
9
5
4
9
4
10
7
4
5
3
6
3
5
5
7
5
1
5
6
5
10
9
2
8
9
8
8
2
7
5
8
6
9
7
8
7
5
9
2
7
7
8
2
2
4
5
3
9
8
3
7
9
3
2
8
5
9
3
7
2
7
4
7
7
4
4
4
8
10
9
2
10
9
7
7
5
8
9
3
8
5
7
7
5
8
8
7
6
3
1
7
7
2
1
8
1
9
7
9
3
7
7
7
10
6
4
5
5
6
9
6
4
6
8
4
9
7
1
4
10
6
4
8
7
8
7
7
9
2
7
6
3
7
9
8
2
1
4
10
6
7
2
5
9
6
4
4
3
2
4
6
6
4
3
8
4
5
8
5
4
7
8
2
6
6
8
9
5
7
9
8
6
1
3
5
7
10
10
7
1
6
7
6
1
2
10
2
8
3
3
5
5
2
7
7
5
1
6
5
3
6
2
8
9
8
9
6
2
6
4
6
3
2
3
3
6
6
6
9
5
1
9
6
7
4
5
2
6
6
6
7
9
7
1
6
6
7
8
1
7
10
7
4
3
5
7
3
8
3
8
4
8
5
6
4
8
6
2
1
5
5
4
7
7
3
8
8
3
9
9
4
9
7
6
4
5
4
3
5
5
2
7
8
5
5
9
4
5
10
9
5
9
10
1
2
10
1
9
4
6
9
9
8
2
3
10
10
7
3
3
7
2
8
4
9
8
9
2
7
7
2
9
3
6
9
7
4
8
4
8
7
5
7
3
5
5
9
7
9
3
7
8
9
8
7
9
7
8
4
7
4
5
8
3
2
2
8
8
2
10
8
9
3
10
6
8
7
9
3
7
10
4
9
9
6
9
9
10
3
9
8
8
4
2
8
5
4
5
6
8
3
10
9
3
4
8
8
3
6
6
4
9
2
4
4
2
7
1
1
4
3
2
8
2
9
5
5
6
10
2
4
9
5
8
7
4
6
3
7
8
2
9
5
7
9
6
3
4
9
8
2
3
7
9
5
5
3
8
7
5
3
3
8
3
7
7
5
3
8
6
6
4
5
5
7
7
3
7
2
3
7
2
6
4
3
9
5
7
3
1
7
6
5
9
6
10
5
9
8
1
9
5
9
6
3
9
7
8
1
2
3
5
7
3
10
5
5
5
9
6
2
10
4
7
10
8
2
4
3
7
2
5
3
7
10
4
8
9
8
8
5
9
9
3
6
2
9
1
5
10
6
9
2
8
2
1
6
3
8
4
8
3
6
9
6
4
7
3
5
4
8
9
5
7
4
3
7
10
4
6
8
3
2
6
2
4
5
6
3
1
4
8
10
2
4
1
4
7
9
8
2
9
10
3
9
4
3
7
2
3
7
10
9
8
3
2
5
5
7
2
3
6
3
9
5
8
1
6
6
6
2
1
8
5
6
3
7
3
6
6
4
2
2
8
9
5
10
4
1
1
9
7
4
7
8
2
10
8
6
2
6
7
9
5
5
5
7
4
8
5
2
10
8
6
4
5
7
6
8
6
6
3
9
7
3
1
7
4
6
2
9
8
2
7
8
2
4
9
2
9
7
2
8
9
10
6
4
4
9
2
3
3
9
3
2
9
3
9
8
1
1
9
5
10
2
3
2
10
6
6
9
8
3
5
9
3
4
7
3
6
0 690 8
0 383 10
0 156 13
0 762 8
1 837 9
1 339 11
1 829 6
1 706 15
1 939 12
2 630 12
2 568 16
2 734 8
2 480 8
3 581 10
3 216 11
3 684 9
3 316 12
3 898 7
3 9 12
4 609 13
4 241 7
4 160 13
4 563 9
4 431 10
5 191 10
5 111 11
5 920 10
5 621 9
5 382 11
6 611 8
6 57 10
6 820 9
6 734 15
6 743 8
6 836 16
7 357 11
7 407 11
7 584 10
7 932 11
7 877 7
7 468 14
8 634 10
8 263 9
8 175 9
8 254 12
9 109 10
9 271 10
9 64 10
9 39 12
9 511 8
10 327 12
10 475 10
10 929 9
10 11 13
11 811 13
11 449 11
11 26 7
11 259 8
11 160 8
12 994 14
12 668 10
12 741 15
12 952 11
12 652 10
12 927 11
13 586 12
13 425 10
13 769 9
14 460 12
14 628 10
14 398 11
14 362 12
14 21 10
15 137 9
15 869 10
15 343 10
16 87 15
16 204 11
16 509 9
16 713 11
16 629 10
17 863 13
17 447 11
17 690 7
17 272 10
18 668 9
18 351 12
18 392 11
18 808 14
18 314 12
18 574 11
19 155 11
19 634 11
19 669 10
19 821 11
20 476 13
20 701 9
20 549 8
20 185 9
20 102 13
21 830 9
21 258 8
21 621 10
21 754 11
22 194 7
22 953 7
22 173 9
22 75 10
22 524 10
22 917 11
23 995 8
23 646 7
23 238 10
23 138 14
23 111 9
24 432 9
24 946 8
24 978 11
24 165 5
24 820 9
24 202 9
24 697 6
25 705 13
25 640 9
25 983 11
25 327 7
25 415 13
26 772 12
26 310 11
26 332 10
26 107 12
26 386 9
27 743 8
27 815 12
27 45 10
23 27 11
28 987 8
28 217 8
28 961 11
28 699 12
29 543 9
29 592 10
29 395 10
29 41 11
29 912 5
30 264 11
30 694 11
30 590 10
30 133 9
30 287 10
30 499 14
31 847 10
31 90 8
31 376 10
31 877 10
31 253 12
32 167 12
32 78 10
32 606 11
32 660 7
32 587 13
32 681 13
33 982 8
24 33 9
33 892 8
33 717 11
33 303 12
33 798 10
34 494 8
34 519 9
34 320 11
34 695 11
34 343 6
34 517 17
35 611 10
35 272 9
35 668 10
35 467 12
36 103 14
36 490 13
36 163 9
36 384 11
37 868 12
37 311 10
37 434 10
37 482 9
37 124 11
37 92 11
38 633 9
17 38 11
38 515 12
38 349 10
39 842 12
39 227 10
39 639 10
39 431 5
40 187 11
40 929 7
40 979 14
40 564 14
41 951 11
41 862 9
41 979 10
41 900 16
42 391 11
42 322 7
42 415 6
43 464 9
43 474 10
43 556 8
43 569 10
43 781 12
43 852 13
44 192 13
44 946 8
44 650 12
44 417 12
44 504 8
44 552 12
44 220 11
45 620 10
45 322 10
45 287 13
45 123 10
45 770 14
45 658 11
46 736 11
46 752 8
46 303 11
46 559 15
47 367 9
47 389 9
47 562 12
47 72 9
48 327 11
48 811 8
48 892 9
49 733 12
49 802 8
49 462 10
49 186 9
50 221 8
50 243 12
50 627 9
28 50 11
51 402 11
51 780 11
51 64 14
51 942 10
51 531 9
52 349 10
52 997 13
52 488 10
52 419 10
53 532 12
53 258 11
53 60 13
53 710 11
53 789 11
53 859 12
54 212 13
54 308 5
54 648 10
55 436 8
55 588 11
55 366 10
55 995 10
56 130 8
56 925 11
56 762 13
57 770 13
57 696 9
57 600 12
58 59 12
58 480 8
58 810 8
58 150 9
59 593 12
59 863 14
59 121 10
59 337 11
7 60 12
60 90 10
60 315 9
60 524 10
60 127 14
61 297 10
61 903 9
61 894 8
61 319 10
62 224 9
62 978 11
62 171 12
62 667 8
63 906 11
63 167 10
63 282 12
63 743 11
63 98 11
64 706 9
64 948 7
64 353 13
64 621 14
65 261 13
65 171 10
65 658 13
65 498 14
65 460 11
66 771 11
66 677 7
66 519 9
66 393 14
67 833 8
67 994 13
67 308 11
67 369 6
2 67 11
67 558 9
68 287 8
68 96 14
68 949 11
68 847 11
69 544 11
69 832 7
69 196 13
69 475 10
69 302 10
70 451 12
70 997 11
70 626 10
71 383 11
71 589 11
71 318 10
71 151 9
71 379 10
72 940 9
72 587 11
72 469 9
72 143 10
73 732 9
73 528 13
73 262 8
73 819 10
74 502 10
74 792 13
74 806 9
15 74 7
74 778 11
75 750 11
75 587 12
75 874 11
75 948 14
75 133 11
76 705 9
17 76 14
76 848 12
76 976 14
40 76 10
77 381 10
77 346 11
77 344 14
77 435 11
77 674 11
77 443 12
78 813 9
78 712 8
78 454 9
24 78 10
78 632 11
78 123 9
79 150 10
79 361 8
79 211 10
79 461 12
79 491 10
15 79 9
1 80 15
46 80 14
80 330 7
80 186 7
80 603 10
80 148 10
80 905 10
81 761 9
81 748 9
81 562 12
81 169 11
82 93 11
82 333 12
82 275 10
82 125 7
76 82 12
83 738 11
83 139 6
83 156 11
83 294 13
84 256 6
84 104 10
71 84 13
84 920 12
85 575 15
85 971 10
85 856 9
64 86 11
86 706 12
86 753 9
86 992 12
87 902 11
87 388 7
87 676 12
87 167 11
87 143 12
88 585 10
88 912 10
88 522 10
88 963 14
88 286 8
89 256 9
89 738 9
89 560 11
89 482 8
89 351 6
90 663 10
90 466 14
90 640 7
90 549 12
90 744 8
90 135 12
91 806 9
91 591 13
91 619 11
91 453 9
91 117 7
91 125 6
92 842 11
92 225 7
92 683 9
92 666 13
93 800 12
93 732 8
93 615 12
93 556 10
93 548 9
94 619 10
94 737 11
94 622 11
94 876 11
94 322 8
94 877 9
94 749 12
95 634 13
95 208 12
95 484 10
95 926 11
95 649 5
95 305 14
96 926 11
78 96 8
96 217 12
96 982 9
96 239 9
97 389 12
14 97 12
97 326 9
97 499 10
98 128 9
79 98 9
18 98 10
98 829 7
98 905 11
99 133 9
99 496 8
99 128 11
67 99 11
100 862 13
100 167 14
100 588 10
101 751 12
101 985 8
101 638 7
101 852 12
5 102 12
102 300 9
102 999 11
102 328 11
103 926 9
103 856 10
103 418 8
103 897 14
103 530 6
104 404 15
104 551 14
104 361 8
104 155 11
104 745 15
105 412 12
105 767 12
105 455 13
105 806 10
105 120 10
106 574 14
106 766 12
106 467 9
106 326 8
92 106 9
106 883 11
17 107 13
107 858 10
107 786 9
107 541 12
107 382 11
107 473 7
108 985 9
108 754 10
108 109 13
24 108 9
109 652 9
109 610 10
109 386 13
109 163 12
110 197 10
110 952 9
110 385 12
110 310 14
110 988 9
110 900 10
111 274 10
111 347 10
88 111 11
111 961 12
111 159 10
112 509 11
112 556 12
112 745 11
112 392 8
112 423 9
112 805 7
113 224 10
113 281 8
113 346 8
113 299 13
113 192 10
114 999 14
114 493 13
114 904 10
114 364 8
114 425 14
114 673 8
115 388 12
115 413 13
115 929 11
115 863 9
115 305 12
115 649 10
115 580 12
26 116 9
114 116 11
116 628 10
116 956 12
116 998 12
117 771 10
117 813 11
117 884 10
117 439 9
117 282 11
117 361 14
118 154 14
37 118 12
118 619 11
118 813 10
118 308 10
119 986 11
119 478 12
119 814 14
119 714 11
119 627 12
120 615 11
120 998 11
120 769 6
120 536 8
120 463 11
120 722 10
121 652 11
121 815 11
121 291 11
121 646 10
121 993 11
78 121 7
121 476 13
122 481 9
39 122 13
122 333 13
122 442 7
2 122 11
106 123 10
123 143 10
123 165 12
123 598 8
123 490 12
124 718 10
124 210 9
124 533 12
124 662 13
124 939 11
125 300 10
99 125 9
125 550 12
28 126 12
126 476 11
126 206 10
126 636 12
126 192 11
127 404 10
127 793 12
127 130 12
127 695 9
127 395 7
127 897 7
128 152 13
128 883 14
128 374 10
128 817 9
128 886 11
23 128 13
129 303 13
129 796 10
129 379 8
129 302 9
130 318 11
130 715 10
130 745 13
130 768 10
130 951 8
131 661 12
131 454 10
32 131 10
131 746 11
131 348 10
131 541 14
132 535 11
132 858 10
132 896 7
132 228 12
132 201 10
132 622 11
133 764 8
132 133 9
98 133 11
79 133 11
133 176 10
134 501 11
134 960 9
134 391 11
50 134 9
135 669 10
135 550 11
135 953 14
135 566 8
135 677 11
136 864 10
86 136 14
136 608 12
136 367 14
137 142 11
137 879 8
137 190 10
137 427 8
137 470 9
138 311 11
138 237 11
138 719 12
138 684 12
138 932 11
139 441 11
139 905 11
139 829 13
139 882 12
140 863 8
140 498 9
140 347 11
141 181 13
141 358 14
141 213 8
141 718 10
141 967 16
142 671 12
142 554 8
142 961 9
142 406 11
142 438 13
143 250 9
143 685 13
143 418 9
143 162 12
143 287 8
48 144 8
144 444 11
144 912 11
144 778 13
145 866 11
145 427 11
145 483 10
145 918 12
128 145 14
146 271 11
146 847 11
146 609 14
146 481 8
146 598 10
146 157 13
146 784 12
147 342 9
147 524 13
147 976 11
147 885 11
148 886 11
37 148 7
148 328 11
148 369 8
148 717 7
148 984 10
36 149 10
149 628 7
149 584 14
133 149 12
150 902 10
100 150 11
150 657 12
150 762 10
150 998 11
96 151 11
151 660 9
151 711 10
11 151 11
152 861 13
152 444 10
3 152 9
152 700 11
152 447 9
45 152 11
153 542 12
33 153 9
153 188 8
154 588 9
154 928 15
154 235 11
154 382 10
154 334 8
46 155 12
155 997 13
155 228 10
88 155 9
36 156 13
156 273 11
156 336 10
156 561 12
156 612 9
1 157 9
157 940 14
157 537 7
157 158 14
157 257 11
158 535 12
158 679 7
27 158 11
159 668 11
159 867 12
159 907 11
159 374 13
160 624 11
160 211 11
160 456 9
160 172 10
39 160 15
160 550 11
160 593 10
161 328 14
161 479 11
161 276 13
161 897 13
42 162 9
162 751 16
162 641 8
162 357 8
163 507 10
163 235 13
163 346 17
163 204 11
163 386 10
163 459 12
164 815 14
30 164 12
26 164 9
164 751 14
27 165 8
165 657 10
165 267 10
165 413 11
99 165 11
166 687 9
166 679 7
166 269 9
166 176 11
167 755 13
167 918 12
167 948 11
167 756 10
167 237 9
167 275 9
168 661 12
168 619 11
168 934 11
168 358 9
168 505 10
169 456 10
169 188 12
169 271 11
169 622 11
169 251 9
170 917 11
31 170 7
170 809 11
171 446 9
171 643 13
87 171 8
171 926 14
171 340 9
172 974 10
172 578 9
172 773 14
172 470 9
172 723 7
172 667 13
20 173 11
173 623 10
173 308 11
78 173 11
72 173 12
173 698 12
173 961 9
77 174 10
174 700 10
174 363 10
174 179 10
175 908 11
175 822 11
175 802 11
135 175 10
175 835 10
176 551 11
137 176 7
72 176 8
176 796 11
15 176 13
177 275 12
177 784 11
177 537 7
177 736 13
177 619 11
178 581 11
178 280 13
178 524 12
164 179 13
179 326 10
179 660 10
179 550 9
179 771 10
79 180 8
180 276 12
180 701 8
180 192 8
180 759 7
8 181 10
181 462 7
181 485 12
181 348 11
182 799 9
182 582 14
53 182 12
182 201 11
111 183 10
183 971 10
33 183 8
113 183 10
183 425 11
184 770 10
184 480 13
184 758 6
184 880 7
184 765 12
184 866 14
185 718 10
185 702 11
115 185 12
186 542 12
186 704 7
186 612 9
186 600 10
186 818 11
187 287 11
187 701 10
187 789 11
187 675 11
188 632 12
188 680 11
188 266 11
188 858 10
188 445 9
189 192 11
189 625 10
189 940 13
189 484 10
189 652 12
190 550 11
190 622 12
190 971 10
190 623 11
84 190 14
191 463 11
191 857 13
191 718 12
191 255 12
191 951 10
149 191 10
192 932 9
192 509 12
88 192 11
192 830 10
192 701 10
23 192 7
193 542 11
45 193 13
193 421 8
87 193 8
193 785 12
193 556 10
151 194 11
194 458 15
194 680 8
63 194 8
145 194 11
194 896 9
194 522 9
46 195 11
195 360 11
195 987 12
195 280 14
195 401 10
196 444 13
196 512 11
196 406 9
196 887 11
196 591 12
197 676 12
197 742 10
197 833 11
197 621 10
197 357 10
198 708 10
198 485 11
198 391 10
198 660 14
198 704 11
199 489 15
199 516 11
199 368 9
199 496 8
64 199 8
200 580 11
200 270 11
142 200 6
200 380 11
142 201 13
201 922 11
201 750 10
161 202 13
202 666 11
202 423 8
157 203 10
203 886 11
203 220 11
8 203 12
133 203 10
109 204 9
204 795 11
204 659 9
204 643 13
204 508 12
115 204 11
205 354 13
205 874 8
205 219 13
205 272 10
205 232 12
205 393 10
82 206 8
92 206 11
205 206 8
206 741 11
207 344 10
35 207 8
207 417 13
207 968 7
208 421 11
208 614 11
208 430 11
208 726 12
209 921 7
209 250 12
209 483 10
209 410 14
210 569 11
210 365 7
210 319 14
210 787 10
210 815 12
211 246 7
211 809 9
134 211 13
211 941 11
145 212 8
212 867 13
212 328 12
212 657 7
159 213 10
213 793 12
75 213 15
213 668 11
214 472 11
201 214 10
214 361 10
214 885 9
118 215 10
215 850 9
215 330 14
215 627 10
215 572 6
216 231 9
216 667 11
216 463 12
216 824 8
191 217 12
19 217 9
217 994 13
217 392 15
218 234 11
218 459 14
218 809 10
218 721 12
218 764 9
218 588 10
219 631 6
116 219 9
219 553 13
219 381 10
63 219 10
220 244 10
220 968 8
105 220 14
124 220 13
220 417 9
221 460 10
221 653 12
221 804 8
221 812 14
221 913 10
222 373 11
122 222 15
222 683 11
222 337 12
146 222 9
13 223 7
223 964 11
223 380 9
223 465 11
223 873 10
223 355 14
224 386 12
224 745 11
42 224 12
224 634 11
211 224 12
224 781 12
225 498 11
114 225 11
225 628 10
225 319 7
226 603 12
40 226 11
226 306 9
226 977 11
226 771 5
226 654 15
226 698 12
227 534 11
227 580 11
227 691 6
76 227 10
228 561 11
228 319 8
228 294 10
228 336 10
222 228 11
228 765 7
229 795 8
229 595 9
201 229 13
229 389 10
229 355 10
156 229 11
230 720 10
230 361 12
114 230 10
230 247 11
231 324 9
231 929 11
231 297 13
231 702 13
17 231 10
232 283 9
232 937 7
232 745 12
232 919 11
232 245 8
232 749 10
232 359 8
232 480 13
233 640 10
233 513 9
233 957 16
233 796 11
233 245 11
233 933 12
136 234 13
234 622 11
234 679 11
234 686 14
215 234 10
235 873 8
235 942 9
235 669 6
10 235 12
159 235 12
235 966 13
236 461 9
236 443 13
236 584 6
236 535 10
174 236 11
12 237 10
237 857 9
86 237 8
122 237 11
237 378 10
238 438 11
165 238 6
208 238 10
238 687 13
238 680 8
238 581 11
131 238 9
239 328 8
239 619 10
239 566 10
239 606 9
239 925 12
240 661 9
240 686 11
240 667 9
240 856 7
240 310 6
241 837 10
241 731 15
241 786 7
241 242 9
230 241 8
207 241 11
242 372 10
242 610 12
242 304 10
99 242 10
243 869 9
243 449 10
131 243 13
243 312 10
243 661 9
243 642 11
9 244 8
244 998 12
244 708 14
244 431 11
206 244 12
245 408 13
245 410 11
245 918 8
184 245 12
62 245 9
246 791 14
246 531 12
119 246 7
246 550 12
246 970 13
247 668 10
247 623 10
247 535 13
247 436 10
248 302 12
248 257 13
248 611 13
65 248 8
248 813 9
248 586 11
214 249 13
148 249 9
249 865 3
79 249 11
249 761 15
249 953 10
106 250 10
250 379 9
250 863 13
155 250 8
250 839 10
251 686 11
251 334 10
251 770 13
102 251 10
251 708 9
251 718 9
129 252 10
252 515 13
252 294 10
252 510 10
253 669 14
253 970 10
253 328 13
253 538 11
254 923 9
101 254 12
254 540 9
254 523 10
254 919 8
254 886 11
255 587 9
255 445 11
255 617 10
255 514 13
255 932 11
255 641 11
256 784 9
256 990 9
256 618 13
46 256 8
33 257 14
257 827 10
257 284 11
257 901 9
257 412 8
258 491 11
258 921 9
258 266 10
71 258 11
258 327 12
259 644 11
259 602 7
259 595 10
259 339 9
260 864 7
260 606 11
261 862 14
34 261 8
261 860 12
261 314 11
261 493 8
261 937 13
261 607 9
262 629 9
179 262 9
262 367 13
107 262 11
13 262 11
263 731 11
263 315 10
263 273 10
263 360 5
263 703 10
235 264 9
130 264 14
264 883 13
264 365 9
178 264 8
264 766 12
265 756 12
265 800 9
203 265 8
265 726 10
265 619 9
266 353 12
56 266 15
266 740 12
168 266 9
267 695 11
267 430 10
133 267 9
267 398 9
267 902 10
268 633 15
268 743 12
268 877 10
268 556 7
36 268 17
268 686 9
269 514 8
269 840 10
269 899 14
269 664 9
269 583 12
270 309 12
90 270 8
97 270 11
270 752 10
229 270 12
270 498 10
270 845 10
271 965 8
271 339 10
249 271 8
271 789 11
111 271 10
271 807 12
272 326 9
272 343 10
270 272 12
272 899 7
3 273 11
273 606 8
273 483 8
273 641 12
36 274 11
274 980 11
274 900 8
274 940 13
274 538 12
274 727 11
23 275 10
48 275 9
12 275 10
78 276 13
276 545 10
276 942 14
154 276 14
277 784 11
262 277 8
277 786 8
277 363 3
184 278 12
278 322 16
278 750 8
223 278 9
34 278 8
221 279 8
279 392 12
279 448 9
279 730 10
279 718 7
95 280 11
244 280 10
280 462 12
280 714 11
280 556 12
280 713 12
281 658 8
281 874 10
281 319 8
281 460 10
281 945 10
281 380 14
145 281 13
282 682 11
30 282 9
282 907 11
266 282 8
282 987 11
90 283 10
6 283 13
283 439 13
283 520 11
283 885 11
284 298 10
284 592 11
194 284 11
284 895 9
285 331 14
27 285 7
285 726 12
285 551 11
285 815 11
48 286 11
286 774 12
218 286 10
131 286 6
108 286 12
198 287 8
287 714 10
287 863 11
287 758 15
287 604 10
45 288 11
288 876 13
288 570 8
288 778 11
289 793 13
239 289 7
226 289 11
289 923 8
289 637 12
290 515 12
290 564 12
290 448 7
290 732 13
290 544 10
104 290 14
254 290 11
291 880 12
291 915 9
245 291 16
291 960 9
291 375 12
120 292 10
292 846 9
292 535 10
292 860 8
293 781 15
293 759 12
293 969 9
293 368 9
293 436 14
294 601 12
294 842 12
294 940 8
294 706 12
294 914 4
295 997 11
295 390 11
138 295 11
295 385 12
295 865 9
296 674 11
296 352 10
296 950 12
193 296 9
296 537 8
297 773 13
297 895 9
260 297 11
297 950 9
297 699 11
218 297 7
297 709 10
236 298 10
298 343 13
298 568 11
298 808 12
299 902 12
299 633 10
300 449 9
300 978 8
120 300 12
300 942 10
301 439 9
301 447 10
301 490 11
281 301 12
2 302 11
302 629 11
302 707 12
154 302 14
302 702 8
99 303 12
197 303 12
303 608 11
303 331 9
303 400 12
304 416 10
304 367 11
117 304 9
79 304 10
304 669 15
304 444 15
207 305 11
305 823 13
305 310 14
305 745 7
305 857 11
305 865 8
306 854 9
306 706 9
306 856 10
178 307 12
307 979 11
76 307 13
307 379 11
154 307 8
307 431 12
308 609 10
193 308 10
308 806 10
286 308 10
308 749 14
250 309 9
287 309 13
310 940 10
310 872 11
138 310 10
310 751 16
310 666 11
311 736 13
311 749 11
311 371 8
311 975 8
137 311 9
311 577 9
312 386 8
312 596 10
312 433 9
312 633 8
312 421 12
245 313 10
268 313 6
313 715 12
313 536 11
313 822 8
143 313 11
314 402 11
314 993 11
314 841 10
314 411 9
314 697 12
35 315 9
83 315 13
315 827 9
315 673 11
316 978 10
129 316 10
4 316 8
316 749 8
316 422 10
316 658 13
316 996 8
314 316 10
197 317 7
176 317 10
317 780 12
29 317 12
4 317 12
318 892 12
318 523 9
318 881 10
161 318 11
28 318 11
319 661 13
319 706 10
217 319 10
319 878 10
319 960 10
320 871 10
320 563 13
320 532 9
320 964 11
320 505 15
126 321 14
321 899 7
321 840 13
1 321 11
321 340 12
322 589 10
322 819 10
322 838 12
322 659 12
297 322 13
323 627 12
323 364 12
323 835 11
323 459 12
323 537 11
322 324 11
324 718 10
324 523 12
324 357 10
26 324 11
289 325 9
163 325 9
128 325 11
325 689 11
70 326 9
326 973 11
326 338 8
63 326 11
75 327 11
327 809 11
327 842 12
8 327 12
311 327 8
39 328 8
129 328 15
328 726 13
328 928 13
133 328 11
329 442 9
329 518 11
329 995 9
329 346 11
329 502 11
330 632 10
330 522 9
330 699 9
241 330 12
267 330 11
275 331 9
331 483 10
331 748 13
331 432 12
205 331 9
331 692 7
332 834 11
332 671 11
332 828 9
332 348 11
68 332 8
333 861 13
333 356 10
333 546 10
310 333 10
333 947 10
85 334 9
334 609 6
334 700 10
334 855 9
39 334 9
2 334 11
322 335 13
335 882 8
186 335 7
335 359 11
336 478 9
336 343 10
336 465 7
298 336 7
336 580 14
336 522 9
200 337 10
337 379 8
337 984 7
160 337 8
338 465 8
301 338 14
338 451 8
338 339 10
338 640 9
339 659 8
241 339 15
339 767 10
102 339 8
339 571 10
340 546 11
340 692 10
340 698 11
340 472 12
340 872 10
340 673 13
340 597 9
341 639 10
341 667 6
218 341 13
301 341 11
341 584 14
32 342 10
342 439 12
234 342 7
342 710 9
342 776 8
343 739 10
343 834 13
343 889 11
133 343 10
343 931 8
186 344 11
344 765 10
344 699 10
344 733 12
344 930 11
84 344 14
344 832 11
345 766 8
239 345 11
345 894 9
117 345 12
123 346 9
346 540 13
346 688 12
124 346 7
346 625 9
188 347 9
347 618 9
347 581 7
290 347 11
58 347 7
348 687 5
348 743 12
348 781 8
273 348 8
348 424 13
349 766 10
349 930 11
349 863 7
349 673 12
349 918 8
349 727 12
195 350 11
350 812 9
350 381 8
350 940 8
350 813 8
350 414 11
129 351 11
351 677 8
351 897 14
351 698 12
104 352 10
352 874 6
352 815 10
352 889 12
232 352 11
352 411 9
353 839 15
353 940 11
353 431 10
353 785 10
353 925 11
309 353 7
354 356 7
354 648 8
105 354 10
58 354 10
181 354 13
354 400 16
354 673 10
355 960 12
355 541 10
355 410 9
355 749 9
356 709 10
356 723 9
67 357 13
357 630 8
334 357 9
357 738 8
357 617 11
139 357 7
358 514 10
241 358 10
358 941 14
6 358 10
358 805 13
359 387 12
359 621 13
359 486 9
359 484 9
82 360 10
2 360 6
304 360 10
360 761 12
360 629 9
360 490 12
361 560 10
361 715 9
361 990 10
361 597 13
361 936 8
71 362 11
362 837 10
362 991 11
362 708 12
308 363 11
269 363 9
363 574 10
363 856 13
363 569 11
104 363 8
364 943 9
364 384 10
364 717 11
364 576 9
364 921 13
365 982 9
365 782 13
365 750 10
365 414 13
365 721 14
188 365 9
294 365 9
366 916 10
196 366 12
366 667 11
366 516 11
57 367 12
367 414 8
367 829 10
367 419 12
367 565 8
334 368 11
134 368 10
368 477 12
368 772 10
368 685 10
369 805 13
369 430 9
369 861 10
369 792 12
370 799 14
370 433 11
127 370 11
370 744 10
370 391 6
370 696 6
370 460 13
371 447 8
156 371 9
371 978 13
371 455 10
371 413 11
371 515 7
335 372 11
371 372 10
98 372 9
372 870 9
141 373 11
373 395 9
373 680 11
166 373 13
374 517 11
374 872 6
52 374 14
284 374 10
374 983 8
375 550 12
375 628 11
375 823 12
375 697 11
375 970 9
214 375 9
287 376 12
280 376 12
14 376 13
107 376 6
110 376 10
87 377 12
377 822 12
122 377 13
138 377 9
378 912 9
378 809 12
378 649 9
378 896 12
378 947 7
161 379 10
379 398 9
379 815 10
308 379 12
379 522 10
380 649 12
16 380 7
380 952 14
380 506 12
381 872 9
170 381 15
381 815 10
381 611 12
164 382 11
171 382 13
16 382 11
118 382 9
382 580 10
382 448 6
383 943 11
383 829 14
26 383 7
383 626 10
239 384 14
281 384 4
384 482 10
384 835 7
384 947 12
385 771 11
385 541 8
385 456 10
385 720 7
385 591 14
175 385 9
386 758 10
386 550 13
386 773 12
123 386 11
386 741 10
386 513 7
213 387 12
387 467 15
387 491 13
387 511 12
62 387 11
387 780 13
69 388 10
388 917 10
388 651 13
388 995 12
349 389 11
351 389 11
389 473 13
389 401 7
389 671 15
389 472 14
390 837 12
390 705 12
390 753 10
335 391 15
391 434 8
391 743 12
391 811 14
137 391 8
86 391 11
279 391 13
392 587 11
392 969 10
381 392 11
392 927 11
345 393 5
393 896 8
54 393 12
180 393 13
393 482 11
394 785 9
394 963 9
255 394 8
11 394 12
394 721 9
394 634 10
351 394 9
395 977 11
245 395 9
204 395 12
395 935 11
395 648 12
396 734 10
278 396 10
337 396 8
396 876 11
397 494 8
248 397 9
397 479 12
397 650 10
397 717 9
60 397 9
397 931 14
398 785 12
162 398 10
398 994 9
398 692 11
398 646 6
399 835 11
399 447 7
237 399 10
90 399 9
206 399 11
264 399 6
399 888 5
400 614 13
121 400 8
400 458 12
400 508 12
316 400 12
400 785 8
283 400 11
401 786 9
401 693 11
401 626 13
401 582 11
401 407 13
193 402 9
402 717 12
402 771 8
169 402 7
403 712 8
403 585 10
208 403 8
403 707 12
272 403 11
275 404 8
119 404 10
271 404 8
404 739 9
404 842 8
75 405 13
405 743 12
98 406 11
406 948 9
406 521 9
47 406 9
32 407 11
407 652 13
407 410 11
327 407 11
407 824 12
111 408 10
376 408 7
408 745 13
408 793 9
408 735 12
408 651 9
409 578 9
409 688 11
409 482 11
203 409 9
409 483 9
410 551 13
254 410 10
410 489 14
410 843 10
410 561 9
85 411 12
411 659 10
411 475 12
17 411 13
119 412 10
412 568 11
412 917 9
110 412 12
412 889 11
413 430 10
413 947 15
413 531 8
413 493 8
413 915 11
413 780 11
414 517 13
414 478 9
126 414 10
414 586 10
414 630 12
415 763 10
221 415 14
415 609 12
74 415 9
415 958 10
415 715 11
416 601 10
60 416 12
24 416 14
45 416 9
159 416 8
416 762 8
127 417 13
39 417 10
417 788 11
417 605 9
418 861 10
398 418 13
418 531 13
36 419 11
98 419 7
174 419 12
419 831 11
49 419 7
41 420 11
319 420 11
420 515 10
183 420 15
420 945 11
421 536 11
31 421 7
421 679 9
421 886 11
421 668 9
360 421 10
311 422 12
422 980 13
80 422 11
422 526 9
422 850 10
423 873 7
58 423 9
423 598 9
423 561 11
317 423 11
424 969 12
332 424 8
359 424 9
424 853 8
188 424 8
236 424 13
110 424 12
424 613 12
425 946 13
425 669 12
392 425 9
425 759 12
274 425 12
426 661 13
122 426 8
426 611 11
278 426 12
426 678 11
427 602 13
427 574 12
144 427 10
205 427 10
428 951 11
6 428 9
428 453 8
283 428 9
41 429 13
8 429 9
429 847 9
398 429 12
430 449 10
91 430 11
160 430 11
430 777 11
128 430 10
121 431 11
431 803 10
431 673 10
431 690 7
431 938 9
431 493 9
431 591 14
432 606 12
322 432 10
432 478 11
175 432 14
334 433 9
248 433 14
433 589 12
425 433 12
256 433 12
423 433 12
45 434 10
434 663 11
434 654 8
324 434 13
434 469 9
365 435 10
66 435 8
305 435 11
435 514 8
96 435 10
435 720 9
436 469 8
436 876 11
65 436 8
38 436 10
270 436 14
74 436 10
133 437 13
437 486 11
328 437 8
437 454 14
437 524 14
438 605 12
438 949 9
33 438 11
438 439 13
438 604 11
11 438 14
377 438 12
409 439 12
439 485 11
333 439 12
439 816 8
440 638 13
440 605 14
122 440 12
440 592 9
440 446 14
441 951 9
328 441 13
310 441 11
441 724 6
433 442 5
442 878 10
442 699 10
442 538 9
373 443 11
397 443 12
443 617 13
298 443 14
257 444 12
444 987 12
164 444 8
444 967 12
329 444 11
135 444 14
204 445 11
445 802 10
195 445 14
323 445 7
445 966 12
328 446 11
446 912 14
95 446 9
446 582 12
212 446 12
446 966 10
447 989 11
8 447 9
116 447 9
124 447 6
448 477 13
448 767 11
448 500 8
448 513 9
448 951 10
448 495 11
449 745 7
449 889 12
449 787 12
449 641 11
449 572 9
449 498 8
146 450 16
450 537 8
63 450 14
290 451 11
451 697 11
358 451 12
388 451 12
376 451 10
451 722 10
452 537 10
452 999 9
452 715 8
452 527 8
9 453 15
141 453 10
7 453 12
347 453 6
3 453 10
454 507 12
406 454 12
423 454 6
385 454 13
52 455 13
268 455 13
455 864 6
455 889 13
456 644 13
456 595 13
340 456 10
398 456 9
456 617 10
132 456 10
208 457 11
457 644 13
457 520 15
15 457 9
132 457 12
458 789 8
431 458 10
458 898 12
409 458 8
459 860 13
458 459 14
459 809 11
444 459 11
459 937 10
460 506 9
460 673 15
460 680 10
460 737 8
439 460 13
249 461 8
384 461 11
461 640 7
3 461 10
115 461 11
461 951 11
20 462 13
462 919 10
226 462 13
462 701 11
462 933 9
366 463 12
463 568 13
214 463 11
463 725 13
315 463 13
463 603 12
463 917 9
464 582 9
464 469 10
464 733 11
464 808 12
464 878 8
465 721 11
365 465 12
465 989 13
465 635 7
465 530 9
466 969 12
308 466 11
63 466 9
403 466 8
61 467 10
467 645 10
467 881 10
467 746 9
3 467 9
382 468 11
304 468 8
76 468 9
468 594 8
8 469 11
469 782 11
387 469 8
469 675 13
451 470 11
342 470 9
5 470 15
113 470 6
266 471 13
471 697 10
471 521 10
471 722 11
471 980 11
471 518 14
133 472 9
191 472 10
411 472 9
472 707 9
373 472 8
472 511 12
473 863 13
181 473 11
311 473 8
473 485 7
467 473 15
198 474 8
463 474 10
284 474 13
56 474 10
474 597 8
429 475 11
295 475 9
475 495 10
475 846 9
462 475 11
465 476 8
319 476 13
476 784 11
90 476 12
477 718 9
256 477 8
88 477 11
390 478 11
478 828 12
478 840 12
478 510 10
478 697 13
478 703 10
434 479 10
479 658 10
479 747 9
193 479 10
480 579 14
279 480 12
480 920 13
480 659 11
356 480 14
344 480 9
481 931 15
481 932 12
413 481 11
481 744 12
481 859 8
62 482 11
278 482 12
317 482 8
453 483 11
483 638 12
362 483 13
392 483 8
342 483 10
311 483 8
484 622 12
167 484 10
484 783 11
352 484 14
186 484 11
484 573 14
128 485 7
221 485 14
147 485 13
150 485 10
41 485 10
231 485 9
421 486 9
486 499 12
454 486 11
486 702 9
429 487 11
487 816 9
17 487 12
250 487 10
488 830 12
415 488 9
488 840 13
273 488 10
414 488 9
488 530 10
150 488 11
203 489 10
489 767 10
489 688 10
489 794 10
297 490 10
277 490 12
490 678 10
80 490 11
490 508 8
491 622 12
191 491 11
228 491 11
115 491 10
491 922 10
135 491 10
478 491 8
49 492 11
384 492 11
119 492 12
100 493 10
493 692 7
493 927 8
223 493 9
493 568 10
369 493 15
199 494 9
494 931 7
12 494 13
494 832 8
494 765 9
355 495 13
10 495 10
281 495 12
495 819 9
495 941 10
249 495 11
385 496 10
496 914 10
258 496 15
47 496 9
496 871 11
496 635 10
497 533 10
497 811 10
340 497 10
478 498 12
498 728 12
498 536 11
276 498 14
121 498 13
221 498 8
499 500 9
499 984 11
499 782 14
499 882 12
499 880 10
113 499 7
499 852 11
306 500 11
443 500 9
148 500 11
112 501 11
65 501 11
501 909 8
501 804 10
189 501 11
335 502 11
225 502 10
404 502 10
502 837 10
502 651 12
422 502 11
503 974 10
385 503 10
503 688 11
503 708 9
503 671 12
91 504 13
504 722 8
504 835 13
504 638 8
505 870 8
118 505 8
505 755 7
505 679 10
68 505 14
50 506 10
328 506 10
506 813 8
506 872 10
316 506 10
240 507 12
167 507 11
507 669 12
160 507 11
507 614 13
507 618 10
280 507 13
351 508 12
274 508 12
188 508 11
261 508 14
171 508 9
11 508 10
509 831 10
509 765 11
509 852 9
509 823 9
509 586 11
510 655 6
338 510 9
510 727 6
447 510 7
510 885 12
511 601 7
511 716 11
511 743 12
511 555 12
345 511 7
512 811 11
512 886 9
197 512 10
512 961 11
513 662 10
513 744 8
313 513 13
456 513 13
513 862 12
207 513 11
211 513 11
514 572 14
67 514 10
514 857 13
514 794 8
514 866 9
514 836 9
398 515 10
515 718 10
36 515 10
174 515 13
473 515 12
138 515 12
516 658 8
516 778 9
516 729 12
516 572 13
516 859 11
82 517 10
517 991 9
144 517 9
518 932 10
518 902 11
518 706 14
261 518 13
518 870 13
518 996 10
122 519 9
162 519 9
519 787 10
520 993 11
127 520 12
520 687 15
206 520 13
521 572 8
521 751 12
317 521 10
32 522 9
133 522 8
343 522 9
414 522 13
522 795 12
201 523 8
355 523 12
253 523 9
2 523 6
523 834 11
523 950 12
524 599 11
524 759 10
396 524 10
524 773 11
525 629 12
464 525 10
525 543 11
400 525 10
525 563 12
33 525 6
370 525 12
526 657 12
155 526 13
380 526 12
527 599 12
307 527 11
527 565 11
298 527 10
527 990 11
528 532 12
528 945 11
5 528 14
528 612 12
187 528 9
106 528 9
207 528 9
529 827 13
8 529 7
529 943 10
264 529 9
98 529 10
529 956 9
530 719 11
530 775 14
409 530 11
312 530 13
530 821 11
78 531 10
531 626 6
531 638 12
531 711 8
64 531 9
531 624 13
427 532 14
532 747 9
532 559 11
532 772 13
454 532 12
458 533 11
265 533 10
239 533 13
385 533 10
383 533 11
534 873 12
534 720 10
482 534 8
534 827 11
197 535 12
535 923 8
118 535 9
122 535 10
191 535 10
252 536 12
295 536 9
283 536 12
536 564 10
536 781 12
518 536 13
537 807 7
537 723 5
537 953 11
537 960 10
401 537 7
537 662 11
538 719 13
538 669 15
399 538 9
539 844 11
539 900 10
539 575 8
539 734 13
539 917 7
146 539 14
19 540 10
33 540 10
141 540 15
540 653 6
212 541 15
413 541 11
154 541 9
420 542 12
382 542 10
253 542 8
442 542 8
236 543 8
543 723 11
543 684 9
432 543 10
24 543 9
543 868 12
33 544 9
5 544 12
291 544 11
544 804 12
544 613 12
374 545 9
545 910 13
545 676 12
339 545 8
338 545 6
546 848 13
546 871 8
49 546 8
546 566 10
495 546 12
42 546 12
547 837 9
547 890 12
451 547 8
547 774 13
547 759 14
547 904 9
129 548 9
349 548 10
96 548 13
548 577 12
548 649 10
474 549 14
549 935 10
259 549 13
398 549 8
514 549 10
297 549 11
28 550 12
550 804 14
550 794 10
550 731 9
36 550 13
298 550 12
529 551 12
508 551 12
100 551 11
551 674 9
551 928 12
551 784 9
552 899 10
552 958 8
269 552 10
162 552 12
170 552 9
552 882 10
553 721 13
369 553 13
56 553 10
345 553 13
553 995 10
316 553 8
554 881 10
554 741 11
44 554 11
521 555 12
470 555 12
153 555 10
466 555 12
555 904 12
555 913 15
556 636 9
315 556 12
556 948 10
121 556 11
557 871 6
557 795 11
50 557 13
557 728 7
557 748 9
535 557 11
292 558 10
558 759 13
68 558 10
363 558 10
559 872 11
559 589 12
405 559 11
212 559 6
559 799 15
29 560 9
560 804 10
560 577 13
560 620 14
215 561 9
343 561 14
561 908 8
561 640 10
536 561 11
561 990 6
104 562 12
42 562 11
562 592 13
291 562 10
562 839 12
563 808 12
453 563 14
452 563 10
275 563 12
563 958 12
564 848 11
564 776 12
564 907 11
564 927 10
100 564 9
564 658 10
374 565 10
267 565 12
400 565 14
565 986 14
565 582 11
566 908 10
566 672 14
566 629 10
202 566 11
95 566 9
467 567 10
567 945 9
419 567 12
568 752 10
568 661 9
568 634 9
568 676 11
336 568 12
569 887 13
21 569 9
230 569 11
569 900 11
569 996 11
192 570 12
66 570 10
372 570 11
570 577 12
570 904 15
571 920 9
571 996 9
410 571 11
571 784 10
108 571 12
191 572 11
572 857 12
572 959 10
572 999 11
120 572 10
572 812 8
573 960 12
178 573 9
573 705 11
135 573 13
219 573 13
573 861 9
574 770 11
574 792 10
440 574 14
142 574 11
574 620 8
349 575 14
240 575 12
575 945 8
6 575 11
437 576 7
573 576 7
518 576 8
534 576 12
226 577 6
577 854 10
24 577 12
426 577 11
577 847 10
577 778 13
428 578 12
258 578 11
578 582 11
6 578 12
78 579 12
298 579 11
101 579 12
210 580 9
580 929 9
146 580 11
580 967 14
580 667 14
234 581 14
346 581 9
57 581 12
581 794 9
535 582 9
429 582 10
582 920 11
452 582 12
163 582 9
583 687 14
583 701 14
241 583 9
583 791 7
583 970 10
38 584 12
118 584 12
48 584 9
585 931 13
22 585 10
209 585 10
585 788 9
470 585 13
435 586 11
461 586 8
586 932 9
326 586 12
586 651 15
586 928 11
574 587 13
587 991 11
587 698 10
214 587 11
262 587 13
577 588 10
588 851 9
588 897 9
588 868 10
335 588 10
571 588 10
92 588 12
289 589 10
430 589 14
589 657 10
87 589 14
461 589 9
377 590 11
523 590 13
590 643 15
590 779 10
590 631 10
591 641 12
559 591 10
591 634 10
591 766 10
156 591 9
591 687 9
592 900 14
592 600 7
592 774 13
592 710 8
98 592 13
306 593 10
593 832 10
593 874 11
593 898 9
593 927 11
594 641 12
594 913 8
505 594 14
392 594 12
595 928 9
595 956 9
271 595 9
595 957 8
502 595 9
595 607 13
155 596 9
384 596 7
60 596 9
596 691 11
75 597 8
169 597 11
132 597 9
83 597 7
584 598 9
218 598 13
244 598 7
474 598 9
599 979 14
468 599 8
599 773 8
570 599 12
152 599 13
484 599 8
600 828 13
32 600 10
93 600 11
600 884 10
601 620 14
31 601 14
91 601 13
601 711 11
274 601 10
252 601 12
316 602 12
602 741 9
602 638 9
510 602 10
160 602 13
602 663 8
305 603 8
603 794 10
519 603 11
382 603 9
603 606 7
604 929 13
375 604 9
137 604 10
604 627 8
276 604 11
29 604 9
78 605 13
111 605 7
605 661 10
346 605 12
605 689 11
606 791 12
289 606 11
606 722 15
606 729 10
398 606 9
437 607 10
607 909 15
115 607 14
607 923 12
607 701 9
607 863 8
549 608 9
408 608 8
14 608 10
608 990 10
409 608 11
534 609 9
456 609 10
56 609 11
609 828 6
610 641 8
610 929 10
610 778 10
47 610 10
20 610 14
611 887 11
51 611 8
204 611 7
611 644 9
308 611 7
83 612 11
612 723 9
612 697 12
132 612 11
529 612 14
99 612 10
124 613 11
613 746 10
351 613 10
613 881 13
614 776 8
379 614 9
256 614 13
214 614 9
614 628 11
390 615 6
216 615 8
615 664 13
580 616 12
616 982 11
616 912 9
616 894 10
411 617 10
586 617 9
617 835 9
617 871 9
322 618 11
618 917 11
167 618 14
153 618 13
525 618 11
155 618 12
108 618 10
228 619 11
235 619 11
194 619 9
619 657 9
619 681 8
163 620 10
202 620 10
620 877 12
50 620 11
256 621 11
241 621 8
621 799 9
621 838 10
6 621 9
436 621 9
448 622 10
36 622 10
622 907 13
379 622 12
523 622 11
598 622 11
623 863 11
229 623 10
131 623 11
167 623 13
623 814 10
216 623 11
312 624 11
27 624 11
605 624 12
600 624 10
624 997 12
625 856 12
625 728 9
441 625 12
620 625 10
108 625 9
112 626 11
195 626 10
568 626 8
626 768 10
509 626 10
554 627 12
19 627 10
20 627 10
81 627 10
627 628 8
628 645 12
525 628 11
399 628 13
303 628 11
392 628 9
629 653 9
241 629 10
629 892 9
629 953 11
538 630 13
384 630 13
165 630 7
630 813 11
213 631 9
631 981 10
245 631 11
632 684 10
309 632 8
632 820 13
473 632 12
183 632 11
284 633 13
1 633 12
468 633 10
620 633 8
633 912 6
633 867 7
307 634 11
634 759 8
201 634 10
458 634 10
634 910 11
108 635 11
378 635 11
635 815 11
635 643 11
159 636 10
636 695 11
636 992 14
190 636 9
637 972 11
166 637 12
442 637 8
226 638 11
39 638 11
560 638 14
631 638 11
639 780 10
172 639 13
213 639 10
378 639 13
640 654 11
495 640 10
546 640 13
267 640 8
640 841 12
146 640 12
641 998 8
422 641 11
181 641 10
430 641 11
244 641 8
354 642 10
412 642 9
627 642 13
642 835 11
642 876 9
469 643 11
643 977 9
561 643 9
542 643 9
175 643 12
46 644 9
386 644 7
644 699 10
603 644 9
411 644 10
384 645 13
645 689 9
645 819 7
393 645 12
354 645 12
427 645 9
214 646 12
134 646 9
535 646 12
209 646 12
139 647 13
414 647 9
95 647 12
427 648 5
648 913 9
648 930 10
131 649 11
386 649 14
649 695 10
488 649 9
74 649 6
649 831 7
634 649 10
650 709 10
466 650 12
650 855 11
458 650 11
199 650 9
650 698 11
651 795 12
584 651 11
651 661 9
50 651 13
4 651 9
652 952 9
652 665 10
7 652 10
311 652 12
129 652 10
653 828 10
653 671 5
653 842 12
653 852 12
345 653 8
462 653 10
274 653 9
654 778 10
654 763 9
654 989 8
654 875 12
275 654 16
31 655 8
655 761 9
12 655 11
129 655 8
656 913 11
613 656 10
656 968 9
67 656 11
651 656 13
13 657 8
171 657 9
361 657 10
163 657 7
273 657 10
373 658 9
658 763 9
218 658 13
404 658 13
658 660 10
659 833 13
657 659 14
659 823 11
589 659 10
540 659 10
195 660 10
660 888 12
566 660 9
16 660 10
475 660 11
207 661 10
514 661 10
413 661 9
661 950 13
493 662 10
662 731 10
279 662 10
662 689 12
365 663 11
521 663 9
520 663 8
663 899 12
517 663 12
519 663 12
115 664 8
664 814 12
664 673 12
142 664 14
560 664 11
659 664 14
665 841 11
209 665 11
255 665 10
495 665 6
97 665 13
313 665 9
666 739 12
21 666 16
468 666 10
563 666 11
504 666 11
324 666 12
666 934 12
507 667 17
408 667 8
667 712 10
657 667 11
667 782 10
466 668 11
668 836 9
668 905 14
668 806 15
432 668 9
65 669 9
342 669 8
509 669 10
185 669 13
483 669 12
451 670 11
340 670 14
293 670 12
670 798 6
670 925 9
116 671 8
349 671 10
598 671 10
623 671 10
319 672 12
672 911 11
514 672 7
617 672 11
639 672 12
389 672 11
182 673 11
673 709 11
673 823 8
306 673 8
674 801 11
458 674 12
592 674 9
674 944 11
559 674 11
231 674 11
69 675 11
297 675 14
675 808 9
675 772 13
675 716 8
602 676 10
609 676 9
200 676 8
502 676 9
473 676 11
470 677 9
677 794 15
226 677 10
677 924 8
175 678 11
678 993 14
678 926 7
255 678 7
679 876 11
679 717 10
400 679 9
679 995 8
679 816 11
55 680 10
57 680 9
481 680 9
562 680 12
565 680 8
261 680 13
267 681 9
290 681 11
362 681 9
186 681 11
681 839 11
682 689 11
90 682 8
299 682 11
652 682 8
59 682 10
87 682 11
683 685 6
248 683 13
169 683 16
508 683 8
683 864 13
653 683 12
453 684 10
428 684 10
684 690 12
684 748 10
360 684 10
585 684 11
685 908 8
301 685 9
685 957 10
686 862 8
246 686 9
359 686 13
686 796 13
70 686 11
686 890 10
161 686 10
579 687 8
15 687 13
213 687 12
69 687 13
322 688 9
688 972 12
688 745 13
688 959 12
285 688 13
239 688 9
689 695 11
478 689 12
689 932 14
175 689 9
124 689 11
689 791 13
531 690 12
690 934 15
690 851 10
129 690 9
690 919 11
282 691 7
290 691 12
691 892 7
489 691 8
691 701 9
47 692 10
265 692 12
63 692 11
206 692 9
520 692 10
529 692 8
79 693 10
609 693 10
485 693 15
168 693 8
488 693 10
218 694 10
694 766 9
342 694 8
243 694 10
197 694 11
314 694 13
695 772 13
695 928 14
695 843 9
322 695 9
695 978 11
76 695 10
420 696 10
219 696 13
616 696 11
422 696 14
636 696 10
697 771 7
530 697 10
327 697 11
239 697 8
698 942 7
391 698 8
373 698 11
698 838 6
515 699 10
420 699 10
173 699 10
177 699 11
80 699 9
457 699 11
569 700 9
700 722 9
34 700 9
84 700 14
489 701 10
285 701 9
696 701 9
702 874 11
656 702 10
200 702 9
524 702 10
634 702 11
424 703 7
407 703 9
425 703 12
107 703 12
418 703 8
118 704 11
534 704 9
122 704 12
704 957 11
299 704 13
705 720 16
175 705 12
420 705 11
122 705 10
705 843 10
705 902 11
177 706 12
96 706 11
706 871 11
706 823 10
185 706 10
410 706 7
210 707 8
499 707 9
482 707 10
375 707 10
58 708 10
254 708 13
183 708 9
481 708 12
709 911 9
187 709 8
579 709 9
20 709 10
522 709 8
621 710 10
481 710 10
340 710 13
710 797 9
572 710 10
309 711 5
675 711 9
198 711 11
15 712 6
712 862 12
208 712 10
310 712 8
420 712 9
594 712 14
712 901 11
410 713 11
713 996 11
250 713 11
219 713 14
713 978 13
305 714 8
141 714 10
708 714 13
709 714 12
173 715 14
339 715 11
611 715 9
411 715 14
39 715 11
201 715 10
242 715 16
715 721 8
389 716 9
716 743 9
716 972 11
162 716 10
716 737 12
157 716 10
300 717 11
17 717 11
717 959 10
140 717 9
14 718 11
216 718 10
718 997 9
321 718 10
718 938 12
476 718 9
569 719 13
707 719 11
116 719 10
189 719 9
372 719 7
720 726 8
214 720 11
720 865 11
185 720 12
397 720 8
700 721 15
548 721 10
354 721 9
227 721 8
403 721 11
118 722 12
722 723 7
722 732 11
586 722 13
722 742 12
403 722 9
359 723 10
50 723 6
723 955 9
639 723 16
14 723 8
520 723 8
508 723 11
724 802 9
479 724 11
605 724 8
617 724 7
724 883 9
488 724 13
260 725 13
347 725 13
375 725 11
109 725 10
242 725 7
140 725 9
314 725 8
511 726 13
220 726 11
469 726 12
726 886 11
252 726 10
707 726 13
362 727 9
617 727 15
548 727 12
207 727 12
520 727 10
273 727 9
728 784 9
412 728 8
597 728 10
728 818 9
501 728 12
252 728 12
198 729 11
729 813 10
69 729 8
660 729 11
131 730 13
730 932 6
677 730 14
563 730 14
517 731 13
710 731 13
308 731 9
726 731 10
217 731 9
732 756 13
210 732 12
732 845 9
178 732 11
653 732 12
733 792 11
503 733 10
314 733 10
415 733 13
490 733 12
350 734 7
74 734 10
315 734 11
17 734 12
734 741 10
374 735 11
735 745 14
690 735 13
735 770 9
468 735 8
95 735 12
574 736 12
97 736 10
555 736 10
657 736 10
736 967 12
256 737 10
374 737 10
737 797 11
359 737 10
247 738 13
695 738 7
738 890 7
596 738 14
176 738 13
738 989 12
278 739 10
739 880 12
531 739 9
253 740 10
740 839 12
155 740 12
367 740 6
186 740 10
741 902 12
729 741 13
531 741 11
6 741 10
566 741 10
700 742 9
696 742 11
399 742 10
7 742 12
319 742 9
742 984 11
564 743 11
625 743 10
471 743 13
20 743 8
318 744 11
744 889 13
252 744 12
405 744 6
42 745 6
745 889 11
575 745 11
111 745 10
746 795 9
746 941 12
746 875 11
673 746 8
436 746 11
462 746 14
370 747 14
567 747 8
221 747 7
434 747 8
182 747 9
116 747 9
504 747 9
116 748 10
738 748 12
715 748 10
748 805 13
287 748 11
748 951 14
506 749 14
345 749 8
529 749 10
749 758 11
601 749 12
484 750 8
523 750 13
87 750 10
750 821 10
726 750 10
375 750 8
527 751 11
405 751 8
22 751 11
593 751 12
330 751 15
129 752 10
752 898 13
752 785 7
600 752 10
246 752 12
752 907 10
302 753 7
673 753 9
262 753 15
6 753 8
289 753 10
233 753 10
390 754 9
754 762 7
144 754 14
662 754 12
157 754 10
391 754 12
160 754 13
74 755 9
212 755 11
229 755 12
755 916 11
72 755 10
715 755 10
85 756 8
384 756 11
723 756 8
392 756 9
269 756 7
721 757 10
696 757 9
432 758 10
12 758 8
342 758 11
113 758 11
525 759 10
104 759 8
74 759 11
569 759 9
171 759 8
528 760 12
760 979 9
400 760 9
645 760 12
761 983 8
161 761 10
761 830 11
535 761 12
733 762 11
68 762 9
347 763 7
763 827 8
207 763 8
763 799 11
743 763 12
764 919 14
158 764 8
758 764 14
399 764 10
302 764 12
155 765 11
525 765 12
765 767 12
765 897 8
58 765 9
24 765 10
456 766 13
560 766 9
209 766 9
707 766 10
135 766 14
182 767 11
623 767 9
89 767 10
767 998 11
767 956 9
767 776 13
768 985 11
422 768 10
62 768 10
436 768 9
228 768 13
632 769 7
692 769 8
363 769 8
269 769 8
769 841 12
500 769 8
276 770 11
770 901 14
195 770 10
560 770 10
489 771 8
180 771 11
254 771 12
771 822 9
351 771 10
771 985 15
376 772 11
508 772 10
701 772 7
471 772 12
448 772 10
737 773 7
151 773 12
718 773 11
663 773 10
436 773 9
371 773 10
56 774 13
486 774 11
302 774 8
133 774 9
164 774 13
774 859 9
726 775 10
467 775 14
67 775 7
775 942 10
529 775 12
775 780 11
718 776 13
672 776 10
322 776 11
304 777 9
44 777 9
40 777 12
515 777 13
777 924 8
0 778 10
678 778 13
778 936 10
273 778 12
576 778 12
636 778 13
84 779 7
642 779 9
773 779 9
203 779 12
74 780 14
780 872 14
733 780 11
312 780 9
711 780 10
637 781 9
106 781 7
475 781 10
297 781 9
267 781 9
372 782 10
27 782 10
537 782 11
178 782 8
771 783 10
783 904 11
223 783 13
783 939 10
783 826 10
250 784 15
784 831 8
282 784 9
174 784 15
784 991 12
667 784 9
164 785 11
688 785 13
369 785 12
390 785 10
785 990 9
768 785 11
640 785 14
298 786 8
258 786 10
201 786 11
12 786 7
230 786 11
333 787 6
787 800 13
128 787 12
787 962 11
622 787 14
321 788 8
118 788 10
788 846 13
86 788 14
107 788 8
100 789 11
789 928 8
221 789 10
573 789 7
790 851 6
448 790 13
349 790 13
403 790 7
588 790 10
452 791 10
650 791 11
517 791 12
21 791 11
31 792 11
792 862 9
440 792 11
779 792 7
389 792 11
671 793 11
196 793 10
162 793 10
540 793 13
293 793 11
94 794 7
794 877 10
330 794 9
322 794 5
667 794 10
226 794 8
794 963 11
795 808 9
13 795 13
795 971 12
289 795 10
195 795 10
427 796 11
717 796 9
361 796 8
433 796 9
731 797 12
312 797 10
613 797 12
560 797 10
207 797 11
178 798 15
360 798 11
257 798 9
527 798 7
799 937 11
520 799 10
48 799 12
673 799 13
799 895 10
213 800 12
398 800 11
800 834 7
349 800 12
545 800 10
714 800 9
12 801 9
573 801 11
801 931 8
496 802 9
266 802 12
802 887 13
715 802 12
530 802 14
515 802 8
330 802 10
346 803 10
803 977 7
134 803 9
701 803 9
668 803 12
162 803 12
695 804 10
505 804 10
62 804 13
648 804 9
104 804 13
655 804 12
400 805 10
625 805 10
142 805 10
251 805 13
541 805 12
624 806 14
342 806 11
457 806 11
15 806 12
513 806 16
807 998 14
778 807 7
808 869 7
7 808 10
808 956 15
766 808 8
395 809 10
616 809 15
709 809 16
365 809 10
693 810 9
810 907 12
214 810 8
646 810 13
596 810 12
121 810 9
583 811 11
785 811 10
338 811 10
265 811 8
811 985 11
549 811 10
414 812 6
442 812 6
813 820 7
480 813 8
647 813 11
813 826 12
473 813 9
747 814 12
193 814 13
257 814 11
97 814 13
116 814 9
600 815 15
333 815 14
313 815 9
553 815 8
816 829 8
644 816 10
221 816 9
816 832 11
664 816 11
597 816 14
291 817 9
744 817 8
57 817 8
467 817 8
567 818 11
148 818 8
729 818 11
702 818 12
428 818 10
185 818 12
426 819 9
97 819 13
407 819 11
598 819 9
351 820 12
484 820 12
747 820 11
240 820 12
820 939 9
165 820 9
167 821 12
191 821 12
308 821 11
548 821 9
784 821 10
78 821 12
351 822 9
141 822 7
822 882 9
822 851 12
176 822 8
654 822 13
269 823 10
368 823 10
250 823 11
629 823 13
149 823 9
823 858 10
718 824 12
609 824 9
824 902 15
824 932 11
288 824 7
14 824 9
495 825 10
757 825 8
671 825 12
826 906 7
473 826 15
826 943 10
717 826 9
727 826 15
542 826 12
450 827 10
692 827 11
827 837 10
497 827 11
702 827 13
340 827 12
609 827 9
483 828 12
534 828 13
828 941 11
565 829 11
540 829 9
780 829 11
104 829 10
829 838 10
449 829 8
500 830 9
272 830 10
830 992 5
18 830 13
323 830 8
801 830 8
2 831 12
615 831 11
189 831 7
585 831 12
790 832 12
707 832 11
101 832 11
16 832 12
683 832 10
522 833 10
322 833 11
833 853 9
833 957 9
656 833 10
753 834 9
665 834 10
214 834 9
834 850 11
68 834 10
260 834 13
803 835 8
814 835 13
60 835 8
460 835 10
72 835 7
168 836 13
768 836 11
198 836 11
196 836 9
653 836 13
152 836 9
204 836 12
661 837 8
157 837 14
385 837 10
763 837 12
89 837 9
838 848 11
838 908 13
117 838 12
330 839 8
337 839 12
449 839 8
469 839 17
473 839 11
809 839 11
616 840 13
257 840 14
536 840 12
628 840 14
818 840 12
621 841 10
674 841 12
389 841 11
638 841 6
234 841 13
678 842 10
257 842 8
803 842 14
842 868 13
842 860 9
838 842 9
41 843 11
457 843 7
9 843 9
450 843 9
386 844 7
418 844 9
114 844 8
11 844 11
80 845 11
845 917 8
768 845 8
275 845 11
453 845 12
846 851 14
114 846 13
135 846 12
783 846 11
99 846 12
198 846 10
64 847 12
75 847 8
222 847 13
347 847 10
28 847 10
564 847 11
375 848 14
848 890 9
545 848 10
421 848 8
569 849 11
686 849 11
667 849 11
160 849 11
850 956 8
63 850 13
557 850 11
135 850 13
850 992 10
741 850 7
139 851 11
40 851 8
734 851 10
851 918 13
238 851 11
372 851 11
273 851 15
189 852 12
124 852 14
434 852 10
705 852 11
255 852 12
297 852 11
852 871 12
569 853 11
853 981 9
385 853 10
344 853 11
854 975 14
854 997 11
835 854 12
778 854 8
373 854 9
138 854 11
413 855 12
463 855 14
346 855 11
385 855 14
512 855 10
13 855 9
855 967 10
385 856 11
664 856 8
560 856 12
814 856 10
63 856 13
509 856 8
856 872 9
740 857 9
271 857 12
845 857 7
395 857 10
857 882 7
538 857 11
128 858 8
548 858 10
282 858 12
108 858 9
209 858 12
312 859 7
859 978 12
361 859 12
239 859 13
343 859 16
388 859 9
473 860 9
541 860 12
756 860 11
860 893 9
736 860 12
75 860 12
860 990 9
665 861 12
861 874 12
355 861 9
130 862 8
326 862 10
711 862 9
656 862 10
641 862 12
667 862 7
479 863 12
863 868 15
258 863 10
221 863 11
698 863 12
230 864 9
614 864 11
254 864 10
258 864 13
466 865 10
17 865 13
624 865 13
269 865 12
865 912 14
441 865 14
218 865 10
344 866 11
3 866 10
834 866 8
508 866 7
166 866 12
812 866 10
667 867 11
711 867 9
664 867 8
779 867 8
494 867 11
461 868 6
578 868 12
853 868 10
94 868 12
784 868 9
710 868 11
414 869 7
283 869 14
312 869 10
7 870 11
828 870 17
581 870 11
520 870 6
183 870 12
836 870 9
870 880 12
246 871 10
871 962 13
99 871 11
740 871 11
626 871 11
119 871 8
871 880 15
853 872 11
621 872 11
729 872 10
661 872 10
424 872 11
872 918 13
497 873 10
822 873 11
484 873 8
873 992 11
269 873 12
419 873 7
256 874 14
707 874 11
488 874 12
874 991 10
373 874 11
301 875 13
226 875 11
330 875 9
352 875 10
499 875 11
44 875 9
324 876 10
387 876 10
574 876 7
617 876 13
877 962 8
737 877 9
487 877 10
353 877 9
177 877 6
519 877 13
377 878 11
196 878 15
119 878 10
95 879 9
851 879 8
879 912 9
795 879 12
879 961 10
393 879 10
386 880 11
185 880 10
771 880 11
145 880 11
877 881 14
68 881 13
622 881 8
881 977 8
697 881 12
385 881 15
545 882 9
587 882 10
358 882 14
795 882 7
777 882 12
531 882 11
338 883 9
247 883 12
858 883 8
242 883 17
883 912 9
829 883 5
73 884 10
118 884 8
515 884 10
786 884 13
175 884 10
449 885 9
185 885 12
638 885 14
496 885 11
844 885 12
170 886 7
305 886 15
516 886 6
212 886 12
11 886 15
886 979 10
402 887 11
865 887 11
132 887 10
694 887 9
741 888 9
8 888 11
747 888 11
633 888 7
71 889 13
124 889 11
889 975 14
818 889 10
845 889 11
580 890 8
834 890 10
295 890 11
390 890 11
736 891 13
669 891 14
562 891 9
788 891 12
891 968 14
866 891 13
892 912 12
383 892 14
665 892 10
615 892 17
892 991 14
327 893 12
694 893 12
865 893 11
258 894 11
570 894 8
84 894 7
894 987 12
474 894 12
895 938 11
343 895 10
895 903 11
565 895 13
563 895 7
99 895 10
267 896 14
506 896 8
544 896 14
303 896 8
862 896 14
754 897 10
317 897 9
441 897 12
516 897 10
749 897 12
718 898 7
351 898 11
812 898 7
735 898 10
248 899 9
518 899 11
452 899 8
899 928 10
247 899 11
509 899 8
866 900 8
164 900 11
472 900 12
417 900 14
812 900 8
632 900 9
501 901 11
433 901 12
127 901 8
579 901 12
901 968 12
902 914 9
780 902 8
244 902 9
867 902 10
269 903 9
789 903 11
881 903 13
334 903 9
625 904 9
673 904 12
703 904 9
523 904 12
589 904 11
747 904 10
438 904 10
574 905 9
905 954 15
393 905 9
905 946 11
86 905 13
144 905 10
565 906 14
241 906 13
272 906 11
906 911 11
271 906 10
652 907 10
842 907 17
275 907 10
719 907 8
896 907 12
778 908 12
908 920 7
460 908 9
439 908 8
143 908 11
279 908 9
522 908 11
226 909 10
180 909 11
909 933 11
17 909 10
773 910 8
910 939 7
494 910 15
157 910 9
528 911 10
380 911 12
324 911 10
271 911 10
305 911 12
129 912 13
897 912 7
460 912 13
23 912 8
160 912 10
12 913 10
913 990 10
358 913 10
913 997 13
606 914 12
635 914 12
809 914 10
156 914 9
121 914 11
448 915 10
915 950 8
821 915 11
113 915 12
190 915 13
480 915 7
914 916 10
311 916 12
616 916 8
308 916 7
269 916 9
660 917 13
14 917 9
114 917 13
655 917 8
140 917 12
918 957 9
592 918 10
418 918 11
284 918 15
557 918 8
427 919 8
725 919 13
504 919 7
705 919 9
167 920 11
304 920 10
260 920 8
694 920 9
127 921 9
444 921 11
774 921 10
889 921 11
267 921 12
149 922 10
922 934 11
554 922 10
435 922 10
259 922 11
606 923 12
472 923 11
576 923 11
396 923 12
133 924 10
465 924 15
841 924 9
112 924 10
545 924 16
636 925 10
465 925 11
294 925 11
780 925 9
662 925 9
124 926 12
540 926 10
6 926 11
630 926 8
466 926 11
727 926 14
115 927 9
629 927 15
852 927 11
757 927 8
13 927 11
773 927 10
689 927 8
507 928 12
928 940 8
571 928 10
612 928 12
928 939 9
410 929 9
339 929 10
185 929 11
413 929 9
457 929 10
48 930 8
562 930 8
0 930 11
826 930 11
176 931 12
931 990 11
545 931 10
914 931 13
826 931 11
772 931 9
386 932 9
184 932 10
408 932 10
932 936 15
333 932 8
296 933 9
89 933 12
741 933 7
628 933 11
790 933 9
815 934 11
451 934 6
829 934 8
244 934 12
771 934 11
934 940 8
587 935 9
752 935 10
763 935 12
460 935 12
126 936 9
8 936 13
936 959 4
891 936 12
344 936 13
769 937 13
74 937 10
293 937 10
725 937 11
387 937 12
916 938 11
766 938 9
245 938 9
276 938 14
938 966 13
850 939 11
251 939 12
849 939 12
144 939 10
52 939 7
940 971 11
776 940 12
730 940 11
279 940 11
96 940 11
940 946 9
855 941 12
430 941 10
493 941 11
405 941 5
111 941 9
863 941 8
193 942 10
721 942 11
141 942 9
631 942 11
644 942 6
303 942 9
418 942 9
521 943 12
267 943 10
943 982 12
655 944 10
179 944 5
382 944 9
166 944 9
945 982 7
628 945 12
445 945 12
209 945 11
147 945 9
393 946 9
629 946 8
817 946 11
337 946 10
338 946 8
946 950 11
60 947 11
497 947 9
882 947 9
947 995 15
606 948 11
363 948 8
303 948 10
842 948 12
141 948 12
906 948 11
860 948 11
279 949 12
292 949 11
460 949 9
455 949 14
798 949 13
341 949 13
359 950 12
130 950 8
892 950 10
951 989 10
573 951 10
264 951 10
11 951 12
591 951 13
196 952 10
118 952 8
46 952 11
291 952 9
913 952 9
355 953 9
148 953 10
65 953 8
653 953 12
96 954 11
382 954 10
776 954 10
809 954 12
520 955 13
308 955 12
11 955 10
562 955 8
677 956 8
163 956 12
323 957 12
465 957 11
731 957 9
0 957 11
153 957 11
12 957 10
227 957 14
418 958 8
163 958 10
891 958 6
61 958 12
958 986 11
850 959 11
597 959 10
718 959 10
282 959 13
714 959 10
323 960 12
651 960 9
102 960 11
465 960 14
67 960 13
366 961 11
390 961 12
362 961 8
374 961 12
474 961 13
5 961 5
314 962 10
941 962 8
547 962 9
962 976 14
783 962 9
227 962 11
209 963 8
552 963 10
262 963 12
963 981 11
799 963 11
964 998 11
249 964 10
495 964 13
382 964 10
719 964 9
601 964 11
147 965 8
535 965 6
897 965 14
866 965 6
286 965 13
906 965 7
391 966 9
463 966 12
218 966 7
921 966 13
966 977 12
61 967 14
30 967 9
481 967 13
435 967 14
554 968 11
21 968 10
447 968 10
894 968 8
265 968 14
820 968 10
205 969 11
414 969 10
938 969 13
967 969 10
3 969 11
614 969 11
788 970 10
436 970 9
928 970 12
397 970 11
25 971 10
221 971 8
50 971 13
829 971 9
818 972 11
213 972 10
62 972 13
310 972 12
91 972 13
378 973 9
439 973 11
560 973 9
700 973 10
40 973 11
795 973 12
238 974 9
940 974 10
352 974 9
533 974 12
423 974 8
712 974 9
494 975 9
369 975 9
753 975 9
426 975 13
654 975 10
215 976 11
320 976 8
628 976 11
620 976 9
707 976 7
279 977 9
380 977 9
679 977 9
595 977 11
374 977 9
206 978 11
304 978 12
936 978 13
487 978 9
30 979 12
704 979 10
324 979 6
55 979 6
177 979 8
101 979 7
147 980 8
788 980 10
526 980 6
946 980 13
654 980 8
430 981 13
136 981 10
442 981 8
92 981 8
932 981 11
700 981 5
203 982 13
206 982 7
364 982 10
471 982 11
510 982 12
927 982 11
42 982 12
821 983 14
645 983 12
669 983 13
10 983 9
962 983 10
526 983 11
466 984 12
432 984 8
158 984 10
277 984 13
630 984 8
28 984 7
253 985 7
721 985 9
463 985 11
956 985 9
203 985 10
648 986 13
656 986 7
247 986 13
215 986 10
331 986 12
905 987 11
322 987 8
832 987 10
864 987 8
293 988 10
71 988 11
390 988 9
982 988 8
271 988 10
214 989 10
905 989 12
523 989 10
57 989 9
540 990 13
421 990 11
917 990 12
134 990 12
746 991 10
786 991 11
776 991 7
107 991 13
669 992 9
9 992 14
368 992 10
54 992 10
406 992 11
278 992 13
455 993 11
456 993 12
309 993 12
406 993 11
778 993 13
887 993 10
637 993 11
28 994 8
81 994 11
725 994 7
713 994 10
680 994 8
352 995 11
981 995 7
30 995 10
397 995 13
197 995 17
35 996 7
477 996 9
18 996 12
606 996 11
810 996 11
695 996 7
984 997 11
482 997 11
647 997 7
162 998 11
511 998 9
164 998 9
834 998 13
201 998 15
490 998 10
802 998 13
483 999 13
958 999 12
226 999 9
608 999 9
