1000
0
9
3
9
2
2
6
7
9
8
9
2
2
6
5
3
5
7
5
6
10
2
6
8
9
9
4
3
9
1
3
2
7
5
9
9
3
3
8
6
9
3
8
7
10
4
1
3
9
5
2
6
5
3
6
10
8
4
1
4
2
2
2
4
8
5
8
3
8
2
7
4
6
4
8
9
6
8
6
3
4
7
2
6
2
3
7
10
7
2
8
8
4
7
1
7
7
8
10
9
3
6
2
9
8
5
6
7
4
1
3
6
6
5
3
10
6
4
3
9
5
1
4
5
2
7
7
6
6
7
2
2
6
6
1
8
8
9
2
6
3
3
5
8
4
8
6
7
3
2
4
5
7
4
8
2
9
2
2
3
5
4
8
9
8
6
10
1
2
2
6
5
6
9
2
2
4
4
4
6
4
6
1
1
2
9
3
2
6
9
10
2
4
8
8
4
6
2
1
4
3
9
6
9
9
2
6
10
5
5
9
6
2
5
6
10
2
3
1
8
7
5
6
2
9
8
6
2
3
6
7
7
5
6
2
9
6
9
4
6
6
3
5
4
3
10
2
2
7
7
2
4
4
5
2
3
8
6
3
8
5
8
7
4
8
9
6
9
9
9
3
8
2
9
9
3
4
1
6
5
1
9
5
7
9
2
8
1
8
6
8
8
6
4
3
9
7
5
4
10
5
5
9
2
1
8
10
3
6
9
3
3
9
5
6
4
8
3
4
9
2
6
3
3
7
4
5
1
10
7
9
2
4
2
1
6
3
9
5
7
5
4
8
4
1
3
6
6
6
9
2
9
2
2
3
9
6
9
7
7
6
3
2
3
3
7
3
3
5
7
5
6
3
3
1
5
10
8
9
6
8
5
9
10
5
5
6
7
3
3
2
4
2
5
4
4
9
1
9
8
10
9
2
3
6
9
6
4
2
8
6
5
3
5
9
6
8
6
4
4
6
5
7
1
5
2
1
5
4
7
7
7
7
3
4
3
2
2
8
9
4
10
2
6
3
9
2
3
6
3
4
7
8
6
5
3
1
3
2
6
2
4
3
6
7
4
6
9
3
6
2
2
7
4
2
7
8
5
7
4
3
6
6
3
4
7
1
8
5
4
1
9
4
8
4
6
7
3
6
8
3
7
3
2
5
4
2
4
5
2
4
7
4
6
6
2
8
6
1
4
6
7
2
4
8
6
3
6
5
4
8
5
5
5
6
2
7
3
4
10
6
4
3
3
6
10
9
4
4
9
1
8
6
4
10
7
3
9
8
6
4
6
7
5
3
4
2
10
1
10
2
2
3
8
1
9
4
4
2
1
9
6
4
10
7
3
10
8
5
9
3
9
8
2
6
2
6
8
9
7
7
7
1
6
8
8
3
8
9
5
5
1
5
1
5
5
9
4
9
5
6
1
3
5
2
2
3
8
4
9
4
5
6
9
1
5
6
6
2
5
10
6
7
6
5
3
5
4
7
2
5
3
6
3
2
5
10
8
8
5
2
9
9
8
9
7
2
6
9
4
1
10
3
5
2
7
7
3
5
3
3
10
3
3
2
3
5
3
5
5
8
8
6
7
7
8
6
5
8
2
6
5
4
4
9
5
5
5
4
4
6
7
7
7
9
4
9
3
2
8
7
7
5
5
7
7
4
7
6
8
6
8
4
10
5
7
7
5
3
5
9
9
6
10
8
8
7
5
7
4
9
7
8
8
4
2
10
7
2
6
3
9
2
7
7
6
2
3
5
2
7
10
3
1
4
4
4
7
8
9
10
9
4
10
8
9
5
3
9
10
9
9
2
6
10
8
3
8
7
2
8
9
9
1
4
2
3
7
10
5
9
1
9
4
7
9
5
1
5
2
8
5
2
4
10
1
9
9
4
6
9
3
10
5
9
7
1
4
3
5
4
8
6
4
3
7
7
3
8
5
6
3
6
10
8
9
7
8
4
2
5
1
3
8
7
4
6
3
6
7
5
9
8
9
1
7
2
2
9
3
5
2
8
7
10
8
6
6
7
1
7
8
5
5
5
5
3
8
9
6
4
6
1
4
9
8
9
8
6
5
2
9
8
5
4
8
4
6
5
9
5
9
3
5
3
7
5
2
5
4
8
6
5
2
9
2
4
7
7
7
7
2
6
8
3
3
7
6
7
3
4
4
6
6
7
2
5
10
9
7
4
9
2
3
7
7
4
6
8
6
2
8
5
10
9
4
4
9
8
2
9
1
2
4
10
8
2
7
4
10
1
10
3
1
6
1
3
5
9
2
0 77 10
0 896 12
0 355 13
0 582 12
0 362 10
0 635 6
1 802 10
1 485 8
1 838 10
1 704 8
1 602 9
2 695 11
2 634 8
2 284 13
2 538 11
2 796 5
3 544 9
3 441 11
3 478 9
3 710 9
3 680 12
3 466 12
4 125 10
4 110 12
4 727 9
4 127 11
4 260 10
4 781 11
5 697 12
5 252 7
5 543 11
5 477 10
5 435 12
6 773 10
6 682 12
6 804 9
6 523 12
6 151 8
6 627 14
6 923 8
7 549 7
7 529 11
7 283 7
7 863 11
8 23 8
8 403 11
8 553 12
8 678 8
8 331 9
9 416 12
9 500 11
9 557 9
9 61 12
9 76 11
10 776 8
10 868 11
10 967 10
10 205 9
10 349 12
10 159 7
11 989 10
11 784 10
11 324 8
11 555 10
11 383 8
11 983 9
12 523 8
12 435 13
12 162 11
12 577 10
12 490 10
13 140 7
13 550 8
13 823 10
13 873 10
14 378 11
14 98 7
14 267 8
14 39 9
14 985 12
14 759 10
15 952 15
15 129 11
15 924 9
15 473 14
16 816 13
16 553 10
16 838 13
16 575 6
16 903 11
16 955 15
17 914 10
17 896 8
17 291 7
17 686 12
17 743 10
17 775 14
17 968 14
18 442 8
18 128 13
18 77 10
18 987 11
18 68 11
19 989 9
19 590 11
19 308 15
19 463 9
19 54 13
20 177 8
20 107 11
20 761 11
20 769 14
20 629 9
20 31 13
21 938 13
21 607 9
21 167 12
21 276 12
21 685 9
22 837 8
15 22 8
22 797 9
22 771 8
23 293 11
23 838 9
23 220 11
23 766 7
23 763 8
23 358 9
24 902 8
24 46 11
24 462 14
24 260 11
24 992 10
25 236 9
25 257 10
25 672 10
25 162 12
25 787 11
25 33 8
26 93 13
26 955 5
26 628 14
26 325 8
26 225 11
27 348 12
27 727 9
27 623 13
27 463 14
27 184 11
28 228 12
28 411 10
28 177 9
28 890 9
28 364 10
29 538 11
29 695 10
29 733 11
29 827 10
29 31 15
30 215 8
30 283 10
30 821 16
30 232 12
31 533 11
3 31 7
31 36 7
31 983 10
31 428 14
32 730 7
32 113 8
32 685 9
32 831 10
32 703 12
33 824 14
33 395 10
33 762 9
33 584 7
3 33 10
24 33 12
33 305 12
33 615 11
34 37 8
34 305 9
34 378 10
34 122 12
34 219 9
35 106 10
35 542 11
35 669 10
35 198 11
35 337 7
35 318 6
36 179 11
36 57 14
36 64 9
36 788 10
36 94 9
37 791 12
37 315 13
37 363 9
37 837 11
38 222 10
38 649 15
38 576 9
38 928 10
38 879 12
39 502 9
39 755 12
39 631 7
39 65 11
39 609 12
39 458 10
40 248 9
40 940 12
40 357 12
40 73 14
41 715 13
41 444 16
41 145 9
41 757 9
42 518 9
42 296 10
42 840 12
42 229 10
43 497 12
43 441 12
43 760 9
43 789 13
43 220 13
43 495 13
44 768 11
44 938 10
44 424 9
9 44 12
44 647 11
44 558 8
44 462 10
45 841 13
45 901 9
45 609 12
45 118 10
45 463 8
46 293 11
46 441 9
46 340 13
46 107 10
47 977 9
47 63 9
47 282 15
47 883 7
48 424 11
48 975 8
48 317 12
49 615 12
49 595 9
49 744 11
49 952 11
49 895 10
50 116 9
50 550 7
50 613 11
50 179 9
50 652 7
51 384 12
2 51 9
51 716 11
51 253 10
51 326 12
51 160 11
52 857 14
52 784 12
53 750 14
53 269 8
53 666 8
53 896 12
53 907 13
39 54 10
12 54 11
54 607 10
54 726 12
54 303 14
55 202 9
55 557 10
55 677 9
55 614 10
55 598 9
55 549 14
56 322 7
56 172 12
56 903 10
56 666 11
56 338 11
44 57 11
57 242 12
57 714 9
57 879 11
57 622 11
58 335 7
1 58 10
58 224 13
58 853 13
58 822 11
58 187 9
59 77 9
59 852 7
59 372 12
59 290 10
60 764 11
60 923 15
60 108 9
60 479 12
60 678 9
61 62 9
61 565 10
51 61 8
61 690 9
61 538 7
62 631 11
62 941 11
62 998 10
62 475 9
62 95 8
62 186 11
63 438 12
63 127 11
63 183 13
63 974 7
63 553 10
63 394 11
64 309 14
64 570 13
64 287 13
54 64 7
64 206 11
64 592 9
65 536 14
65 822 9
24 65 11
65 418 8
66 782 12
66 543 9
66 655 11
66 372 9
66 119 8
67 950 10
67 117 11
67 541 7
67 228 9
67 913 13
68 952 14
68 199 8
68 992 10
68 728 11
68 765 10
69 171 12
69 322 11
69 920 10
69 763 7
69 179 11
70 837 13
70 583 8
70 774 14
7 71 9
71 757 13
71 235 10
72 384 9
72 458 13
72 354 8
72 623 15
51 72 13
73 823 10
70 73 13
73 747 11
74 992 9
74 516 7
74 139 13
74 458 11
74 194 13
75 101 9
75 294 13
75 927 12
75 144 10
76 320 9
76 266 10
76 107 10
76 610 10
76 890 9
77 534 15
77 667 8
77 208 8
77 279 8
77 477 9
78 242 11
78 724 13
78 542 13
78 593 11
79 748 7
79 450 11
79 363 14
79 638 6
80 796 14
80 231 9
80 497 10
81 989 14
81 606 10
81 894 13
81 431 10
81 382 11
81 676 14
82 892 11
82 287 9
82 396 10
82 93 11
82 910 8
83 759 12
83 734 9
83 444 8
83 377 10
84 822 12
84 593 10
84 720 10
84 450 12
85 103 11
85 619 7
85 675 9
85 293 9
86 170 11
86 433 12
86 267 13
86 783 11
82 86 12
87 426 11
87 227 9
87 149 10
87 173 9
88 309 12
88 499 11
88 495 12
88 142 12
88 160 14
89 164 8
77 89 11
89 551 11
89 738 12
89 922 12
64 89 10
89 249 10
90 163 9
90 619 11
90 714 10
90 632 13
90 654 11
90 110 10
91 303 12
91 552 10
91 671 9
91 808 6
91 696 9
27 91 10
92 162 12
92 895 12
92 425 10
92 439 8
93 504 10
93 799 8
93 116 8
93 148 15
93 828 8
94 890 10
94 919 14
94 540 15
94 444 8
95 867 13
95 764 11
95 492 11
95 865 11
39 96 11
96 892 12
96 570 10
9 96 14
96 624 9
96 779 13
97 802 12
97 393 9
16 97 11
97 938 11
97 288 10
98 971 10
98 431 11
98 860 12
98 936 9
98 674 10
98 911 11
99 416 9
99 650 11
99 595 11
41 99 12
100 441 14
100 286 10
90 100 9
100 296 9
100 629 12
34 101 13
101 418 13
101 191 7
101 257 11
101 183 10
101 612 13
102 882 13
102 227 10
102 614 9
102 950 11
103 410 8
103 767 11
103 432 11
103 140 13
103 336 12
103 904 9
104 187 12
104 572 11
104 910 8
104 890 8
104 242 10
104 128 13
105 502 11
105 520 8
105 874 13
105 648 13
105 738 10
106 426 11
106 202 9
106 201 11
106 727 9
106 749 11
106 897 7
107 927 9
107 155 10
107 625 12
107 757 12
107 815 13
107 327 15
108 957 9
108 535 9
108 341 11
108 372 10
12 108 11
109 291 11
109 299 7
109 785 8
109 747 12
109 226 11
109 858 11
109 341 14
110 774 11
110 579 9
110 227 10
110 127 12
110 670 13
111 185 10
111 649 11
40 111 11
111 809 10
112 152 10
112 282 11
112 835 11
69 112 10
113 872 8
113 329 9
113 132 12
113 501 8
113 193 11
113 682 8
114 203 11
114 685 9
114 140 12
114 854 13
114 252 10
115 822 13
115 689 8
115 965 9
115 268 10
116 770 8
116 444 10
116 962 10
116 473 11
116 935 11
116 781 9
117 977 11
117 678 7
117 705 9
117 488 11
117 426 14
118 541 10
118 760 8
5 118 14
34 118 11
118 508 9
118 229 12
119 480 10
119 437 10
119 887 7
119 673 13
120 676 13
120 645 9
120 662 8
121 380 9
121 427 14
121 232 9
121 294 10
121 580 12
121 815 9
122 938 14
122 789 8
18 122 9
122 892 13
122 186 12
122 493 9
123 451 12
123 457 9
123 655 9
123 223 14
123 796 14
123 469 9
124 510 10
124 367 10
124 128 12
124 610 10
125 186 10
115 125 12
125 232 13
125 262 12
126 275 11
126 189 10
126 739 8
6 126 11
127 315 12
127 318 11
127 800 10
127 226 8
127 249 9
128 442 13
128 929 11
128 516 15
128 452 10
129 735 6
47 129 8
129 151 9
129 237 15
18 129 12
130 672 10
130 468 11
130 866 12
130 152 12
130 560 10
131 558 12
131 822 11
131 646 13
131 583 8
131 503 10
131 704 12
132 385 11
12 132 10
132 835 13
132 945 8
132 279 10
132 259 13
132 466 12
133 646 12
133 706 12
133 307 11
133 449 12
133 446 11
134 821 11
134 310 9
134 820 9
134 833 11
6 134 10
10 135 9
135 623 9
88 135 13
135 808 10
54 135 13
136 218 9
136 781 8
136 288 11
136 769 7
103 136 11
136 856 11
137 430 10
137 745 13
137 318 10
54 137 12
138 519 10
138 243 11
138 320 14
138 290 10
138 619 11
56 138 12
139 499 9
139 731 11
139 801 9
139 973 5
68 139 10
140 523 13
140 934 8
140 910 8
140 569 12
141 716 8
141 225 11
141 373 14
141 773 10
142 152 12
142 915 12
142 274 8
142 458 11
142 610 12
143 888 7
143 505 10
143 185 13
143 732 7
143 526 11
79 144 10
144 787 9
144 920 14
144 847 9
144 204 9
145 606 10
145 737 11
145 461 11
83 145 14
145 591 9
107 145 11
146 678 12
146 420 11
146 500 10
146 214 11
146 287 12
131 146 9
147 311 10
147 732 12
147 546 12
147 752 10
54 147 12
147 539 8
148 332 11
39 148 14
148 323 10
148 928 12
148 409 11
149 802 9
149 543 10
100 149 13
149 957 11
149 944 10
149 613 7
150 597 11
42 150 13
150 889 10
150 969 10
150 750 13
151 395 12
151 764 12
151 647 12
151 370 9
22 151 10
152 636 9
152 913 9
152 174 13
152 624 13
152 301 13
108 152 12
153 268 13
153 440 4
153 454 8
153 703 8
129 154 11
44 154 12
135 154 14
154 966 12
154 413 12
155 930 11
155 557 9
10 155 10
112 155 9
155 675 9
156 232 6
156 868 11
156 201 9
156 681 8
156 802 10
157 710 10
157 245 11
157 815 10
19 157 8
157 571 5
158 407 10
158 804 14
158 267 13
158 162 9
25 158 8
158 541 13
159 578 11
159 359 9
159 638 7
21 159 11
36 159 9
160 876 8
160 198 15
160 985 7
160 245 11
161 589 8
158 161 10
25 161 9
161 722 14
161 166 12
162 692 11
162 967 9
162 485 11
162 902 13
162 747 8
162 175 8
163 587 10
148 163 11
51 163 8
163 781 10
163 842 12
161 164 12
164 685 7
164 871 8
164 838 13
164 739 11
165 430 11
165 420 6
165 402 14
165 736 12
165 235 12
165 192 9
166 480 13
16 166 10
130 166 8
67 166 9
166 976 10
167 506 12
69 167 15
167 234 12
167 855 9
168 509 11
168 370 7
168 891 11
104 168 10
168 368 13
169 609 11
169 242 11
123 169 10
169 211 9
70 169 10
169 844 11
170 901 13
170 623 10
170 491 10
170 593 8
102 170 15
171 953 9
171 489 7
171 955 10
172 744 7
172 832 12
172 481 10
173 726 12
31 173 7
173 528 13
173 515 11
18 173 9
174 405 11
174 647 7
174 569 13
174 496 10
174 356 10
175 912 9
37 175 11
175 689 9
35 175 10
80 175 14
176 597 9
19 176 8
9 176 11
42 176 12
177 518 5
177 710 10
62 177 13
177 846 7
177 709 10
177 745 10
178 637 9
178 808 12
178 457 11
178 426 9
178 976 6
178 886 9
178 863 10
179 690 13
179 322 11
179 921 10
179 459 10
179 450 11
179 183 14
180 476 13
180 215 12
50 180 15
112 180 12
180 530 8
181 517 12
181 457 12
26 181 11
181 569 9
181 528 11
182 683 8
182 762 10
94 182 7
182 673 10
171 182 11
182 772 12
182 224 10
183 516 11
183 725 10
183 884 13
183 814 12
184 317 10
184 489 11
184 383 12
184 964 11
184 841 10
166 184 9
184 807 11
184 824 9
184 399 10
102 185 8
185 827 8
185 711 11
185 402 14
185 247 10
173 186 9
186 440 9
58 186 8
186 649 9
186 868 10
187 752 7
187 852 8
187 579 13
50 187 15
137 187 14
188 574 7
109 188 12
125 188 9
188 215 10
188 551 12
188 375 9
46 189 9
189 768 11
189 636 9
189 481 10
68 189 12
189 723 9
94 190 8
190 296 11
125 190 14
190 982 6
164 190 12
191 377 11
191 696 8
191 413 10
1 191 12
94 191 12
191 819 13
191 786 13
192 938 11
56 192 6
192 655 7
192 320 12
192 525 6
164 193 10
193 630 9
193 957 10
193 254 8
193 650 9
194 903 10
194 599 14
51 194 15
21 195 10
195 223 12
154 195 9
195 924 7
195 233 13
196 549 8
196 702 13
196 479 9
197 424 12
197 276 11
197 698 7
197 643 9
198 434 10
198 349 12
198 885 11
198 566 10
198 711 12
199 259 11
199 317 11
199 511 13
103 200 9
200 257 9
200 672 13
200 228 13
201 262 11
201 351 10
201 821 13
201 208 8
202 785 14
202 206 9
8 202 9
202 454 5
203 217 9
203 625 14
203 890 9
76 203 12
203 588 13
203 640 9
204 814 9
204 388 12
204 860 13
204 632 5
18 204 10
205 874 10
205 469 14
205 297 11
205 222 10
59 205 12
205 741 12
41 206 15
206 705 11
206 787 6
97 206 10
207 548 13
207 736 12
207 795 8
208 810 9
208 557 9
208 647 9
208 945 11
208 692 11
208 400 8
184 209 12
209 516 13
60 209 11
149 209 6
209 311 9
209 729 10
210 612 9
210 600 10
210 225 8
210 656 10
210 842 9
210 412 13
210 620 7
211 394 12
73 211 9
211 833 10
211 965 9
212 699 10
212 765 11
212 971 12
212 726 13
213 680 9
165 213 11
213 659 12
213 322 11
214 702 13
214 346 13
214 234 13
214 370 8
214 301 7
214 295 8
165 215 8
162 215 13
145 215 13
215 720 10
18 216 10
216 506 10
216 270 10
217 273 10
68 217 12
42 217 11
217 813 14
217 939 9
217 774 10
164 218 15
218 864 10
218 728 13
118 218 11
218 610 11
218 403 9
219 528 9
0 219 12
21 219 8
219 277 11
219 944 11
220 307 14
220 377 10
220 387 10
68 220 13
220 670 7
220 992 8
221 781 7
221 485 10
221 315 11
221 298 13
221 287 8
221 676 15
15 222 9
222 851 7
222 291 12
223 445 8
223 637 11
223 998 10
223 502 11
224 249 9
224 465 11
224 280 14
224 934 11
225 360 9
225 878 14
76 225 16
0 225 12
226 802 12
226 828 12
226 280 6
226 404 13
189 226 12
227 396 15
20 227 10
227 768 10
227 663 8
227 383 13
150 227 6
228 613 10
228 727 5
228 989 9
228 598 14
228 241 10
197 228 9
228 451 8
229 262 8
229 536 9
29 229 11
178 229 8
229 453 8
230 949 9
230 994 12
230 662 7
230 883 11
230 375 10
231 567 13
231 485 13
231 603 10
231 890 9
231 920 12
176 232 12
232 294 8
87 232 12
27 232 11
233 417 9
233 507 12
233 448 11
233 275 11
234 736 8
234 809 12
234 892 15
235 255 6
235 966 10
57 235 10
235 683 12
235 592 9
235 395 10
24 236 14
236 378 12
236 342 12
237 886 11
237 424 11
237 953 12
237 601 11
230 238 11
238 694 11
238 704 6
40 238 10
103 238 10
238 577 11
239 888 8
239 864 9
239 244 11
239 423 9
240 730 10
240 533 10
212 240 12
240 583 8
57 240 12
240 920 8
241 304 9
241 994 12
241 858 9
241 818 11
73 242 15
242 757 12
242 837 11
242 908 10
195 242 8
243 430 14
243 734 13
243 785 10
243 750 11
243 843 11
243 790 11
243 841 12
244 355 8
121 244 10
244 749 10
244 952 11
244 439 8
245 948 10
245 603 12
245 466 13
245 340 12
245 656 11
246 270 8
228 246 13
246 796 7
247 802 13
247 451 10
247 821 11
112 247 8
184 247 10
248 850 12
248 864 10
248 267 11
248 893 11
248 750 14
248 535 12
249 778 13
249 362 11
123 249 13
171 249 9
46 249 12
209 249 7
250 730 13
250 542 13
250 850 10
97 250 10
210 250 11
250 441 8
250 696 8
251 351 10
251 802 11
130 251 11
251 686 12
252 346 5
252 315 9
144 252 11
2 252 8
252 802 12
66 252 11
253 770 12
146 253 13
63 253 10
253 772 11
249 253 13
67 253 9
254 472 6
254 759 11
17 254 11
254 581 10
254 643 7
124 255 11
255 574 10
255 682 11
14 255 9
255 916 7
256 774 10
256 744 7
256 629 11
257 563 10
257 533 12
257 919 11
257 395 12
17 257 10
258 444 12
258 963 9
258 365 15
258 688 12
258 712 12
258 608 12
259 376 7
92 259 11
259 876 9
229 259 11
126 260 10
260 597 8
260 876 11
260 959 9
260 565 12
216 260 11
261 422 10
220 261 12
261 414 12
261 851 7
91 261 8
262 425 10
262 601 9
262 837 11
262 668 9
262 278 11
262 287 11
263 749 9
263 273 13
263 604 12
54 263 7
264 840 10
264 364 9
172 264 9
264 872 10
176 264 13
264 323 16
264 911 10
260 264 11
225 265 11
265 585 12
265 418 7
265 662 11
266 814 10
266 681 6
266 777 9
266 712 11
266 904 10
266 273 7
267 967 12
267 716 11
106 267 10
267 816 9
267 578 10
268 752 10
268 896 13
268 986 10
268 878 11
269 908 8
269 727 10
269 724 13
171 270 7
270 737 9
185 270 7
270 655 10
270 837 14
258 271 9
271 646 9
271 578 10
271 630 12
272 741 11
247 272 8
259 272 12
188 272 11
272 723 7
273 482 9
273 870 9
273 556 12
273 304 12
273 375 10
274 765 9
170 274 11
274 387 11
265 274 10
275 368 12
275 785 10
275 327 8
275 441 11
275 944 13
276 350 10
101 276 9
276 998 10
276 848 11
276 976 9
141 276 5
208 276 9
277 683 9
277 300 9
277 919 11
277 583 11
277 590 8
277 867 12
277 668 9
278 879 12
278 866 10
41 278 13
278 826 10
278 311 12
279 776 10
26 279 10
279 687 10
220 279 13
279 422 8
280 309 10
280 951 9
280 743 6
280 622 8
280 846 12
280 684 13
281 290 10
281 802 9
19 281 14
281 468 11
187 282 9
282 694 10
282 504 12
9 282 13
283 908 10
283 972 11
49 283 9
283 673 12
284 428 10
284 826 9
284 916 9
284 917 10
149 284 11
284 940 9
285 486 12
285 575 12
285 754 9
285 693 11
285 852 12
285 857 10
232 286 10
286 461 12
58 286 8
286 363 11
286 739 12
287 497 12
287 950 12
287 423 10
287 294 9
287 905 9
288 762 10
288 574 13
288 756 14
288 339 13
166 288 12
289 944 13
289 810 9
289 882 8
46 289 9
90 289 12
290 329 10
290 293 8
290 395 11
290 799 8
183 291 11
291 948 11
138 291 12
291 401 8
292 497 12
292 457 9
209 292 13
292 871 9
293 708 8
293 978 8
293 680 9
293 565 9
293 584 12
293 327 10
294 948 12
294 798 16
294 538 12
295 613 9
151 295 10
295 638 12
87 295 10
230 295 5
166 296 8
296 425 6
233 296 13
296 585 12
296 732 11
297 722 8
67 297 16
170 297 9
297 737 11
297 475 11
297 588 12
298 843 12
298 339 11
298 986 6
298 907 14
298 381 10
299 780 12
299 916 12
270 299 11
299 997 10
46 299 8
115 300 12
22 300 10
300 739 11
300 361 10
301 976 8
173 301 12
301 927 11
302 510 12
105 302 10
302 588 7
303 462 9
303 443 12
303 368 10
303 627 12
303 929 10
92 303 8
303 799 14
304 503 11
304 763 14
304 378 11
304 552 12
304 748 11
305 969 12
305 914 6
305 748 9
305 808 12
306 967 9
151 306 10
300 306 10
306 868 11
28 306 10
306 652 10
307 686 9
248 307 9
307 325 6
176 308 11
69 308 11
308 733 15
308 642 9
308 849 11
38 309 9
309 883 8
309 751 9
146 310 12
310 899 7
188 310 10
310 641 8
310 601 11
311 443 11
117 311 12
311 648 9
311 829 14
312 860 8
312 715 13
312 498 12
212 312 10
25 313 14
313 866 13
157 313 12
313 956 10
313 601 10
314 364 10
314 491 7
314 363 13
23 314 11
270 314 8
315 322 10
315 961 10
315 996 11
315 752 14
64 315 13
315 444 13
316 643 11
195 316 11
316 824 11
149 316 12
316 897 10
316 475 9
317 409 10
317 369 15
269 317 8
317 691 6
214 317 14
317 418 12
318 986 9
318 596 11
249 318 9
318 950 10
318 828 12
110 319 12
319 984 11
319 609 11
98 319 12
319 431 12
17 319 9
320 340 13
320 941 14
148 320 12
320 908 12
320 517 9
320 879 9
321 676 10
225 321 13
92 321 9
321 504 12
321 762 9
321 684 10
321 909 11
182 322 8
322 566 10
322 565 11
322 868 5
323 872 13
323 790 11
105 323 10
323 893 11
323 486 11
323 690 10
324 670 11
205 324 9
324 340 10
324 814 11
324 687 5
325 754 11
325 455 9
160 325 13
325 791 10
325 693 9
326 607 12
326 948 8
8 326 9
326 334 11
326 349 10
109 327 10
327 758 12
327 737 8
327 343 10
302 327 13
213 327 9
328 422 11
328 765 10
328 929 8
328 582 9
329 619 9
329 496 10
314 329 9
329 855 11
329 654 10
330 333 8
330 596 13
47 330 9
195 330 11
258 330 9
331 894 11
331 905 12
331 384 12
331 576 16
331 714 9
129 332 12
332 747 11
332 596 10
332 945 13
58 333 9
333 447 11
333 877 6
333 946 12
333 987 13
86 333 12
334 712 6
334 411 12
334 985 11
334 543 12
334 567 9
82 335 12
335 342 10
335 733 10
335 615 9
336 527 7
336 349 9
336 581 11
266 336 9
337 551 7
337 877 14
337 947 13
337 413 12
337 637 9
277 337 10
338 832 9
167 338 13
338 682 8
338 540 11
338 706 12
338 577 10
339 605 8
339 956 10
339 936 7
339 693 9
339 753 13
113 339 14
339 970 9
230 340 9
340 940 13
340 812 15
251 340 13
340 730 11
340 470 9
180 341 9
341 407 12
328 341 11
43 341 6
341 471 11
342 908 11
342 552 8
342 345 9
342 708 9
342 624 13
104 343 11
343 436 8
220 343 9
344 469 9
344 534 7
344 879 15
344 408 9
344 703 7
148 345 9
345 568 14
345 576 11
210 345 12
345 856 10
109 345 10
47 346 9
206 346 12
3 347 14
347 376 8
347 571 9
347 488 6
308 347 10
348 828 9
348 843 12
348 711 12
348 797 11
348 587 11
348 792 12
349 780 9
349 490 10
349 356 11
37 349 12
310 349 9
119 350 8
350 355 9
350 679 10
244 350 11
318 351 12
351 740 13
167 351 10
151 351 11
351 577 8
351 818 8
188 351 8
352 870 14
322 352 13
152 352 6
63 352 13
352 890 14
352 391 10
348 353 11
353 576 9
353 863 11
353 382 9
353 707 10
354 991 13
354 954 11
261 354 10
337 354 12
354 501 11
50 354 12
355 841 9
355 382 9
355 804 12
355 614 11
355 580 11
356 950 11
356 822 11
233 356 12
164 356 8
356 390 13
357 377 11
357 628 9
357 435 11
357 914 12
358 465 13
55 358 11
358 791 12
358 481 12
358 372 10
352 358 12
359 995 12
359 564 9
298 359 9
359 526 12
121 360 11
36 360 13
360 767 11
360 543 14
129 360 12
168 360 9
361 404 10
361 719 11
70 361 10
361 623 11
362 617 11
362 854 6
362 395 9
362 580 8
152 362 9
363 681 12
85 363 9
363 788 11
363 585 13
141 363 8
364 779 10
364 374 12
364 857 9
263 364 8
16 364 9
23 364 12
118 365 9
365 406 11
365 815 11
365 759 8
365 916 7
365 800 10
366 526 11
366 796 11
366 951 9
199 366 13
182 366 11
367 500 10
367 846 11
127 367 12
367 551 8
367 378 10
368 462 12
368 760 10
332 368 9
368 809 12
368 437 13
69 368 10
369 817 9
369 894 12
369 807 11
369 638 10
369 911 11
35 370 11
370 834 7
370 728 7
350 370 8
68 370 12
334 370 10
99 371 9
371 378 11
156 372 6
372 400 10
372 488 8
303 372 10
341 372 8
373 734 11
373 492 9
187 373 8
373 913 9
203 374 9
374 469 12
374 484 11
374 808 10
374 702 5
237 375 11
375 970 7
375 721 13
375 733 13
172 375 11
376 516 11
376 923 13
41 376 9
376 734 12
376 815 13
34 377 9
133 377 12
377 469 6
377 927 11
264 377 13
378 445 12
167 378 10
126 378 13
248 378 9
40 379 12
379 489 7
379 389 9
379 702 12
379 795 13
380 720 15
110 380 10
204 380 10
95 380 8
291 380 10
381 959 10
78 381 13
381 601 10
170 381 14
381 697 11
140 381 10
382 574 10
77 382 11
382 508 7
382 429 7
382 394 16
382 952 14
146 383 12
383 395 12
383 618 10
384 751 15
384 714 8
168 384 6
138 384 12
384 671 12
385 991 11
385 587 12
385 640 11
385 690 9
385 955 14
386 395 9
386 898 10
329 386 9
321 386 13
386 434 10
286 386 8
387 746 13
113 387 10
387 958 13
56 388 9
388 807 9
388 420 6
388 720 10
388 738 13
389 852 9
209 389 11
389 579 13
203 389 6
308 389 12
390 741 13
247 390 12
153 390 11
390 518 10
227 390 10
391 565 12
391 469 12
382 391 9
391 980 7
8 392 9
392 717 12
392 770 5
170 392 10
392 965 11
393 401 10
264 393 6
393 999 9
32 393 10
393 512 11
394 690 9
394 537 12
340 394 11
394 410 11
394 568 14
221 395 12
395 861 11
395 860 13
395 815 12
311 396 8
396 958 6
396 446 10
396 651 9
397 976 14
82 397 10
397 435 7
397 496 10
397 604 8
398 994 10
282 398 11
169 398 10
398 715 9
398 407 14
398 428 12
399 606 9
399 424 13
317 399 10
276 399 8
399 577 6
399 715 9
399 661 11
400 443 14
223 400 10
400 607 11
400 990 10
401 928 12
349 401 14
401 924 14
401 573 10
76 401 8
402 472 12
402 710 9
402 627 6
402 444 9
402 482 14
403 675 13
403 817 9
403 796 9
130 403 11
404 624 13
404 495 11
44 404 11
405 672 11
178 405 9
405 671 11
405 726 11
406 887 11
406 539 9
104 406 9
3 406 11
385 406 10
407 463 13
407 720 8
407 426 8
67 407 9
140 407 8
408 938 12
408 993 10
408 748 10
35 408 14
409 908 11
409 941 14
172 409 8
215 409 14
237 409 8
236 409 9
410 584 10
410 843 8
410 549 9
97 410 10
181 410 9
194 411 11
411 955 10
411 638 16
411 493 11
412 531 11
284 412 6
412 875 13
412 612 10
412 947 8
412 751 10
413 976 15
413 639 10
413 818 9
106 413 10
413 911 12
413 770 10
414 673 12
414 593 10
22 415 9
193 415 10
415 861 9
415 981 11
415 490 8
416 907 7
416 729 12
268 416 10
416 720 12
337 416 13
416 841 11
416 525 10
300 417 8
417 678 9
392 417 10
417 961 7
418 636 11
82 418 8
418 435 11
418 687 9
346 418 17
290 419 5
419 600 10
370 419 8
319 419 7
419 647 11
126 419 8
206 420 8
399 420 13
420 959 9
224 420 10
420 650 12
353 421 12
261 421 12
421 809 8
421 760 9
421 547 5
421 630 11
422 767 7
422 629 10
133 422 12
422 983 9
422 533 12
94 422 8
423 564 11
56 423 8
289 423 10
424 886 10
274 424 11
424 471 15
424 579 10
425 439 10
269 425 11
218 425 11
266 426 10
36 426 10
426 871 10
219 426 14
427 961 11
313 427 9
427 481 9
341 427 9
427 454 14
428 565 12
23 428 11
45 428 10
309 428 8
429 692 13
429 738 8
429 700 12
429 517 11
429 770 10
430 772 14
187 430 6
430 987 15
430 566 7
348 431 11
26 431 10
431 518 6
431 847 11
431 561 12
149 432 10
432 774 15
416 432 11
404 432 8
432 553 7
432 738 10
433 776 10
424 433 12
433 860 6
196 433 7
61 433 10
433 930 8
434 917 9
434 910 9
207 434 7
95 434 11
434 591 11
348 434 10
435 485 13
182 435 8
325 435 12
435 689 9
436 854 8
436 555 13
436 438 10
436 967 9
70 436 10
282 436 14
153 437 10
231 437 11
437 781 10
302 437 12
438 877 13
411 438 11
438 597 10
413 438 7
438 719 10
439 452 10
439 471 13
439 755 12
439 848 10
336 439 12
322 439 10
440 624 12
245 440 11
187 440 11
71 440 13
326 440 9
441 482 10
268 441 11
267 441 10
196 441 9
284 442 10
229 442 9
442 655 8
264 442 8
442 842 10
361 442 7
88 443 7
351 443 10
443 684 13
443 851 10
94 443 12
443 610 12
443 878 10
148 444 9
444 651 7
98 444 17
444 750 12
131 445 11
445 996 13
402 445 11
431 445 10
78 445 10
152 445 8
424 446 11
446 765 11
446 606 11
249 446 11
446 936 10
429 447 9
84 447 10
447 933 14
214 447 11
41 448 9
448 792 12
448 966 8
448 527 13
448 597 16
449 491 11
394 449 11
369 449 12
449 959 9
195 449 9
400 449 12
450 940 10
450 812 11
155 450 10
450 555 11
450 754 8
118 451 15
22 451 14
451 889 9
451 825 11
309 451 14
13 451 9
451 579 9
452 967 6
101 452 16
452 830 11
359 452 9
452 980 11
453 706 14
271 453 7
58 453 9
454 884 12
454 477 13
108 454 9
454 866 10
455 986 8
354 455 12
455 781 14
73 455 13
455 961 9
455 655 11
104 456 11
456 569 12
395 456 9
456 944 7
456 632 15
293 457 13
457 737 11
457 936 11
457 978 13
207 457 13
255 458 8
458 985 12
458 639 9
30 458 13
308 458 15
356 458 12
458 819 10
100 459 12
148 459 11
459 782 8
459 832 13
338 460 12
142 460 9
364 460 11
460 570 10
460 904 11
461 503 8
461 958 11
461 618 11
362 461 9
461 637 9
462 547 12
198 462 13
160 462 10
462 602 9
66 462 9
463 554 10
122 463 10
463 715 8
356 463 10
463 930 14
31 464 12
464 758 14
464 964 11
464 806 12
465 673 7
465 630 15
465 919 10
465 631 9
465 962 12
404 466 10
244 466 12
352 466 13
464 467 10
453 467 10
467 510 6
75 467 12
467 833 12
468 586 10
6 468 12
166 468 8
253 468 10
469 699 9
469 506 13
469 511 11
7 469 13
469 669 14
470 664 9
85 470 12
470 912 13
97 470 9
470 850 11
470 710 8
196 471 15
471 939 9
259 471 9
439 472 11
472 874 12
30 472 11
388 472 10
473 778 12
244 473 11
473 802 8
469 473 9
66 473 13
474 698 13
429 474 9
474 995 12
474 633 13
475 623 10
475 523 10
475 600 9
475 489 9
475 910 12
476 966 8
387 476 12
45 476 14
220 476 10
426 476 15
98 477 9
477 667 11
477 691 9
88 477 14
141 478 10
478 486 10
478 580 12
478 544 12
479 814 10
479 922 11
277 479 11
479 657 10
480 547 14
480 820 12
92 480 10
22 480 8
480 565 8
199 481 12
481 788 9
481 775 11
481 513 13
481 546 8
41 482 12
89 482 9
482 792 12
482 720 14
339 482 12
483 707 9
483 680 11
158 483 10
114 483 15
483 828 11
483 532 16
484 996 10
361 484 10
322 484 14
484 734 11
71 485 12
485 666 15
55 485 13
154 485 11
419 486 10
486 560 11
486 933 11
272 486 12
46 486 12
189 487 9
297 487 10
26 487 15
150 487 9
301 488 9
456 488 12
349 488 9
488 851 11
488 962 7
488 784 8
113 489 6
489 808 12
363 489 9
489 722 10
450 489 10
489 795 9
490 588 10
22 490 10
298 490 10
490 498 9
490 692 10
268 491 8
236 491 11
477 491 10
491 676 11
323 491 10
437 491 6
482 492 11
489 492 12
492 969 11
492 812 14
480 492 14
403 492 11
213 492 14
493 607 12
493 864 11
493 923 12
493 927 11
71 494 8
494 951 12
460 494 11
236 494 11
494 860 12
495 853 13
495 895 11
495 597 11
495 782 9
396 495 11
418 496 11
318 496 9
296 496 11
56 496 11
497 530 10
497 500 8
402 497 11
393 497 11
497 694 12
497 781 7
498 900 10
87 498 14
116 498 10
168 498 13
191 498 7
92 498 12
60 498 10
70 499 11
499 508 12
136 499 11
499 810 11
499 738 8
42 499 8
152 500 7
240 500 11
500 560 8
500 962 9
42 500 8
500 970 8
496 501 11
501 583 10
501 674 8
501 806 14
502 622 12
351 502 14
502 559 11
502 890 9
240 502 12
280 502 8
262 503 8
149 503 10
351 503 12
503 980 8
6 504 11
237 504 9
504 616 10
389 504 11
58 504 9
461 504 8
505 582 13
505 680 11
225 505 10
420 505 9
399 505 9
506 627 7
506 986 12
500 506 11
94 506 11
87 506 13
314 507 6
507 629 13
38 507 8
507 645 13
371 507 14
346 508 9
123 508 11
368 508 10
508 604 9
508 591 13
509 969 10
509 872 12
475 509 12
509 713 13
509 828 11
78 509 10
510 720 8
131 510 13
136 510 13
510 651 11
44 511 11
463 511 8
511 654 11
511 653 11
480 512 10
231 512 12
351 512 10
512 954 11
90 512 12
512 852 10
513 876 11
503 513 11
513 598 11
513 702 11
506 513 14
514 755 9
514 543 10
514 733 8
263 515 11
337 515 11
309 515 12
97 515 12
516 776 8
361 516 10
516 946 14
400 516 12
516 941 13
166 516 10
511 516 9
517 727 11
461 517 12
285 517 13
517 818 11
228 518 9
518 828 13
518 616 8
349 518 9
519 939 8
519 964 11
519 690 14
63 519 9
520 521 10
271 520 13
520 913 9
315 520 11
521 953 12
308 521 8
331 521 10
153 521 11
521 931 7
522 547 10
177 522 10
183 522 11
149 522 9
119 522 10
523 542 10
260 523 12
119 523 9
346 523 11
421 523 12
523 938 10
126 524 11
524 972 13
135 524 10
524 935 11
429 524 11
525 758 11
525 861 7
525 816 5
525 994 9
268 525 10
526 539 13
526 942 11
526 873 11
526 630 10
526 568 8
334 527 10
345 527 12
527 996 11
527 918 10
528 681 8
102 528 10
363 528 7
111 528 9
215 528 8
529 800 11
436 529 12
405 529 12
206 529 16
530 739 10
530 757 10
427 530 12
260 530 8
530 668 8
531 569 10
531 731 10
243 531 9
531 651 12
532 618 12
278 532 8
68 532 16
132 532 10
532 537 13
532 709 9
533 860 7
286 533 12
402 533 13
513 533 12
533 702 11
328 534 12
358 534 12
348 534 12
534 641 11
391 534 11
535 909 12
535 581 10
369 535 13
536 541 12
536 895 10
536 679 8
536 917 10
536 743 10
536 863 9
537 545 9
537 869 11
518 537 7
448 537 7
177 537 11
499 538 9
485 538 12
104 538 9
151 538 13
538 805 10
407 538 11
313 539 11
539 677 11
539 817 8
539 893 9
407 540 9
540 569 10
540 589 10
328 540 8
540 754 15
541 567 9
541 854 11
29 541 10
541 948 11
3 541 11
384 542 10
459 542 12
539 542 15
542 844 11
285 543 13
400 543 11
543 991 10
515 543 10
543 662 13
544 687 13
544 568 12
544 998 8
544 870 9
482 544 11
463 545 12
545 734 4
134 545 15
327 545 9
545 801 10
546 990 9
320 546 10
546 934 12
546 745 10
547 821 12
214 547 8
547 956 10
181 547 14
516 548 11
161 548 12
319 548 7
548 771 14
99 548 12
339 549 10
549 620 5
167 549 13
441 549 10
549 760 11
253 550 11
550 668 10
550 827 11
550 742 14
551 882 15
551 876 10
79 551 9
462 551 9
551 799 9
552 869 14
552 898 15
552 782 12
552 608 11
553 720 13
283 553 14
553 799 8
89 553 14
145 553 14
538 554 10
554 581 7
554 633 8
32 554 10
555 775 13
555 660 8
205 555 14
354 555 11
257 555 11
556 976 12
13 556 10
556 720 13
556 971 12
161 556 11
556 705 12
100 557 10
557 998 14
498 557 11
169 557 12
533 557 10
557 572 13
557 675 6
558 789 14
81 558 9
234 558 10
558 807 8
558 976 8
312 559 11
268 559 10
559 706 11
559 925 13
256 559 11
428 560 7
363 560 10
40 560 10
552 560 12
57 560 11
494 561 11
561 877 8
561 743 13
474 561 9
561 919 14
561 601 12
562 770 9
100 562 10
562 580 10
361 562 10
425 562 9
388 563 9
143 563 13
563 732 12
563 862 11
479 563 7
564 973 13
507 564 10
362 564 10
252 564 12
422 564 6
307 564 13
545 564 9
133 565 7
565 887 9
565 982 11
565 900 9
565 833 13
408 566 8
496 566 15
283 566 9
179 566 12
566 663 13
469 567 7
556 567 11
179 567 11
426 567 12
459 567 10
567 829 10
568 976 9
74 568 9
568 585 10
568 889 11
184 569 6
334 569 12
135 569 12
14 569 10
349 569 9
570 723 10
570 870 12
570 650 10
570 802 12
570 609 11
452 571 11
37 571 4
51 571 12
203 571 8
404 572 10
548 572 9
528 572 11
428 572 9
573 874 10
573 767 11
573 646 13
96 573 9
425 574 9
574 739 13
431 574 11
461 574 11
574 875 10
574 969 9
575 620 5
432 575 9
429 575 14
501 575 5
575 801 10
575 640 9
113 575 11
576 803 10
576 893 10
13 576 11
576 867 8
577 943 15
577 731 12
385 577 12
577 642 12
24 577 10
528 578 14
39 578 10
565 578 7
16 578 13
562 578 13
374 578 13
546 578 13
579 626 11
579 700 12
579 963 7
579 807 12
579 699 8
580 709 11
580 819 13
580 838 10
303 580 13
259 580 11
169 580 9
580 609 11
581 769 12
339 581 13
471 581 13
581 744 12
582 985 13
582 915 11
31 582 10
340 582 10
582 643 9
201 582 9
583 714 10
22 583 9
583 846 9
385 583 10
584 589 10
307 584 11
537 584 10
584 670 12
250 584 13
584 813 9
585 926 13
585 859 12
577 585 10
434 585 9
365 585 12
475 585 9
200 586 9
348 586 8
586 674 12
212 586 9
270 586 11
587 791 7
587 756 12
393 587 10
425 587 9
540 587 14
243 587 8
409 587 9
588 840 13
492 588 10
425 588 11
432 588 10
313 588 7
15 589 12
589 870 11
132 589 15
228 589 11
454 589 13
466 590 16
104 590 6
590 627 12
153 590 11
590 791 9
431 590 9
273 590 11
591 974 9
346 591 10
418 591 11
496 591 9
591 906 7
397 592 12
592 868 10
592 640 10
60 592 12
478 592 8
77 592 14
592 803 10
468 593 13
593 685 11
241 593 12
447 594 11
388 594 8
125 594 7
595 708 8
595 639 9
43 595 8
6 595 8
569 595 6
595 631 11
596 986 11
596 982 11
141 596 13
464 596 10
392 596 13
243 596 10
597 658 12
324 597 9
597 999 11
597 877 9
454 597 10
364 597 12
598 782 7
415 598 11
598 658 11
598 734 9
599 981 9
298 599 13
42 599 9
383 599 10
599 779 8
296 599 10
388 600 14
202 600 15
163 600 12
121 600 12
510 600 11
517 601 8
601 784 8
69 601 8
601 616 12
601 719 12
36 601 11
69 602 13
504 602 12
14 602 12
277 602 11
531 602 11
603 732 7
603 895 11
482 603 11
362 603 12
603 754 11
604 807 11
535 604 12
132 604 8
604 645 12
287 605 10
334 605 12
605 843 10
32 605 9
606 816 13
530 606 9
95 606 10
545 606 7
581 606 13
607 778 11
470 607 9
23 607 12
91 607 10
279 607 11
453 607 9
608 993 8
233 608 9
608 805 8
570 608 9
522 608 8
60 609 11
334 609 10
256 609 9
489 609 11
275 609 11
12 609 14
285 610 7
610 697 3
342 610 8
72 610 10
303 610 11
28 610 11
487 610 14
20 611 11
392 611 7
611 735 9
344 612 14
167 612 11
568 612 11
612 691 10
219 613 9
472 613 10
613 634 7
296 613 15
244 613 11
108 614 9
424 614 11
40 614 11
614 932 8
614 727 12
326 615 11
372 615 13
129 615 14
508 615 14
465 615 11
615 729 12
616 905 10
616 923 12
581 616 9
617 954 13
149 617 10
213 617 13
578 617 8
617 726 10
19 617 13
618 857 13
618 671 13
269 618 10
432 618 10
596 619 12
619 935 8
437 619 13
91 619 12
14 619 7
620 806 11
620 808 11
396 620 8
344 620 10
355 620 10
596 621 8
103 621 9
546 621 14
621 979 9
587 621 9
494 622 13
622 870 6
55 622 10
246 622 9
366 622 9
220 623 6
623 957 9
623 899 8
623 994 10
624 862 10
67 624 11
522 624 9
624 843 9
421 624 13
625 822 8
580 625 12
625 753 8
461 625 11
241 625 12
626 999 10
582 626 11
504 626 13
331 627 8
627 992 12
627 963 9
627 855 12
474 627 8
628 696 11
628 630 7
109 628 10
546 628 12
319 628 13
628 986 7
337 628 13
248 629 8
629 762 7
162 629 9
282 629 11
126 629 9
384 630 9
6 630 12
630 819 9
481 630 13
630 858 11
190 630 10
631 885 11
631 866 11
631 951 11
383 631 10
164 631 9
48 631 10
576 632 13
229 632 7
518 632 11
363 632 8
147 632 10
87 633 10
151 633 16
105 633 11
40 633 13
633 687 8
634 911 12
634 703 12
634 760 11
536 634 13
634 984 12
284 635 9
469 635 14
194 635 10
635 771 13
560 636 11
636 968 13
636 807 11
497 636 13
636 869 12
445 636 15
637 928 13
453 637 10
637 973 12
637 687 10
16 637 10
612 637 12
609 638 14
638 852 11
638 975 6
638 844 7
6 638 8
639 811 13
401 639 11
571 639 10
87 639 10
227 639 8
132 640 12
590 640 11
345 640 10
173 640 7
640 663 10
640 828 12
641 966 12
641 644 15
361 641 11
641 896 10
603 641 9
462 642 9
380 642 11
121 642 9
98 642 10
642 827 10
642 778 11
381 643 8
282 643 8
643 705 12
644 711 10
463 644 7
435 644 13
530 644 8
406 645 10
645 927 12
15 645 11
419 645 10
645 728 10
242 646 11
646 713 11
646 730 10
646 851 13
295 647 11
647 841 13
414 647 10
354 647 11
213 648 7
648 737 11
347 648 11
1 648 9
648 871 11
377 649 10
415 649 7
290 649 9
610 650 12
650 739 14
177 650 11
161 650 12
650 965 13
627 650 13
457 651 13
345 651 10
616 651 13
651 876 9
228 651 11
235 652 12
47 652 11
138 652 12
189 652 7
542 653 7
311 653 7
111 653 7
556 653 11
291 653 14
654 848 9
498 654 10
342 654 6
373 654 11
654 926 11
18 655 10
449 655 8
7 655 9
50 655 11
255 656 12
656 713 12
502 656 9
66 656 10
656 757 12
269 656 12
18 656 9
199 656 10
504 657 12
162 657 11
156 657 12
369 657 10
115 658 14
524 658 10
609 658 8
508 658 10
658 902 8
150 658 7
659 863 10
437 659 10
659 968 5
659 827 10
371 659 10
301 660 9
9 660 8
660 855 12
660 806 11
456 660 8
302 661 13
439 661 11
71 661 11
165 661 11
529 661 9
661 927 13
373 661 10
662 668 14
511 662 13
390 662 7
201 662 13
662 877 7
351 663 9
663 772 7
569 663 11
343 663 11
663 895 10
664 908 13
13 664 13
664 753 13
664 957 10
664 701 10
317 664 14
256 665 8
244 665 11
665 997 13
654 665 10
487 665 11
480 666 10
628 666 12
666 970 10
164 666 9
110 666 11
667 876 10
667 748 9
667 760 8
282 667 14
190 667 10
347 667 11
171 668 14
402 668 12
668 757 11
14 668 11
668 955 11
669 853 10
139 669 12
587 669 12
255 669 11
576 670 12
272 670 10
303 670 11
334 670 9
670 769 10
251 671 12
671 928 9
671 932 11
671 692 12
151 671 10
672 983 9
672 691 13
56 672 11
337 672 9
227 672 10
672 960 8
117 673 9
673 913 9
673 960 12
674 798 13
596 674 9
513 674 9
500 674 14
675 836 10
675 783 11
354 675 10
675 929 9
425 675 13
360 675 14
676 777 14
530 676 13
493 676 12
676 917 11
106 676 10
389 676 12
167 677 9
677 800 7
445 677 12
155 677 8
557 677 9
673 678 8
232 678 8
474 678 10
260 678 12
664 678 10
679 914 10
679 810 14
454 679 12
679 840 10
679 997 10
540 679 12
215 680 8
192 680 7
680 946 11
680 906 11
417 680 6
463 680 15
301 681 11
615 681 11
681 701 9
599 681 13
573 681 9
681 714 9
227 682 9
129 682 10
359 682 13
155 682 13
682 766 9
349 683 12
553 683 11
213 683 10
683 820 13
683 858 8
255 684 12
609 684 10
273 684 9
685 887 13
376 685 13
11 685 8
685 957 8
291 685 9
632 685 10
418 686 8
568 686 10
273 686 15
634 686 11
472 687 13
684 687 14
432 687 7
687 808 9
688 816 9
277 688 10
382 688 12
688 701 13
419 688 10
451 689 12
276 689 9
122 689 13
689 805 9
46 689 9
402 690 12
307 690 13
690 788 13
173 690 8
493 691 13
691 956 12
570 691 10
473 691 11
364 692 10
575 692 9
204 692 10
457 692 12
442 692 12
491 692 11
693 873 12
322 693 12
505 693 9
489 693 13
694 907 10
407 694 9
480 694 13
114 694 10
82 694 9
369 694 10
25 694 9
569 695 12
172 695 9
111 695 11
132 695 8
696 949 12
347 696 8
603 696 12
696 719 10
696 969 15
245 696 13
108 697 12
480 697 9
61 697 15
609 697 7
526 697 10
266 698 6
208 698 13
262 698 10
698 944 13
390 698 12
698 729 10
463 699 9
28 699 11
161 699 8
276 699 11
115 699 12
64 699 10
423 700 10
700 840 10
242 700 10
545 700 10
701 814 10
651 701 10
252 701 11
701 768 12
602 701 10
124 702 12
416 702 7
587 702 10
702 804 13
702 801 6
371 703 12
602 703 9
703 946 9
703 841 10
703 867 11
435 704 10
704 874 9
537 704 11
704 740 10
704 831 7
704 729 8
272 705 10
683 705 9
239 705 8
591 705 11
705 924 7
167 706 10
706 993 10
706 713 8
491 706 12
451 706 10
632 706 9
256 706 12
148 707 9
186 707 14
707 917 10
707 758 11
689 707 14
561 708 9
130 708 12
102 708 13
59 708 11
636 708 10
634 709 9
442 709 7
675 709 10
226 709 15
138 709 9
709 993 10
710 919 11
163 710 10
5 710 13
42 710 11
210 711 10
711 730 9
579 711 7
711 909 10
711 809 11
712 760 11
712 925 8
176 712 10
245 712 9
381 713 8
703 713 7
212 713 8
137 713 10
714 803 9
255 714 13
574 714 12
440 714 10
498 714 10
331 715 10
567 715 9
124 715 6
715 762 12
177 716 9
649 716 11
136 716 14
635 716 10
241 717 12
189 717 11
157 717 13
613 717 9
31 717 10
718 832 9
718 857 9
718 839 10
373 718 14
396 718 13
152 719 8
719 957 12
326 719 10
719 726 11
340 719 7
719 769 14
82 720 9
267 720 10
720 753 11
89 720 13
674 720 12
675 720 13
392 720 7
75 721 11
721 914 15
721 830 6
628 721 10
721 744 11
722 813 11
722 993 12
44 722 10
454 722 14
90 723 12
213 723 10
203 723 10
540 723 10
349 723 6
335 724 11
724 776 12
118 724 14
232 724 10
724 775 11
725 832 10
725 804 7
725 818 8
331 725 11
416 726 11
15 726 13
86 726 10
201 726 8
118 726 7
726 839 13
502 727 12
564 727 12
601 727 9
650 727 9
727 781 16
633 727 12
727 887 12
722 728 13
25 728 9
728 924 9
552 728 9
728 931 12
198 728 7
93 728 11
153 729 14
14 729 8
173 729 12
697 729 11
319 729 10
114 729 9
729 871 8
315 730 10
243 730 10
730 927 12
325 730 4
730 910 12
629 730 6
731 818 10
39 731 13
731 938 13
280 731 12
535 731 12
435 732 11
352 732 9
732 772 12
527 732 9
224 732 13
733 836 9
560 733 10
161 733 11
650 733 12
734 956 12
514 734 6
308 734 7
578 734 9
592 735 10
140 735 11
183 735 10
720 735 9
100 735 11
150 735 10
736 834 10
736 760 10
186 736 11
201 736 10
609 736 10
737 927 14
41 737 9
91 737 11
132 737 14
640 738 10
361 738 15
634 738 11
605 738 12
738 908 8
503 738 8
238 739 10
596 739 13
65 739 14
153 739 11
739 785 9
740 989 9
740 751 10
740 782 14
475 740 9
740 816 7
741 743 7
288 741 10
741 814 11
338 741 11
715 741 10
402 742 12
600 742 14
190 742 9
739 742 10
436 743 9
696 743 11
366 743 13
672 743 9
601 744 12
603 744 9
148 744 6
744 975 13
94 744 8
745 756 9
459 745 11
380 745 9
38 745 12
632 745 12
44 745 13
191 745 9
745 884 11
555 746 8
189 746 11
483 746 11
746 781 7
301 747 10
683 747 11
134 747 9
622 747 15
8 748 12
610 748 10
748 917 5
195 748 13
556 748 12
78 749 14
749 761 11
749 938 9
701 749 12
417 749 7
337 750 11
399 750 10
97 750 14
377 750 10
72 750 11
750 911 14
434 751 9
279 751 12
102 751 14
513 751 7
710 751 12
314 752 12
583 752 9
64 752 11
752 897 11
94 752 9
418 752 10
223 753 12
753 851 11
753 909 12
635 754 11
67 754 11
384 754 6
619 754 9
755 864 12
379 755 13
54 755 8
700 755 14
163 756 14
66 756 13
756 854 10
591 756 8
469 756 11
233 757 8
757 898 11
13 757 12
509 757 10
4 758 10
296 758 11
46 758 9
758 931 9
164 758 9
759 811 10
759 934 8
479 759 9
615 759 12
760 841 8
131 760 10
491 760 11
760 828 11
760 986 16
46 760 11
513 761 14
365 761 8
121 761 9
761 920 10
121 762 10
762 765 9
82 762 11
369 763 10
323 763 13
753 763 9
158 763 9
764 893 10
237 764 13
764 836 10
531 764 10
734 764 7
539 765 12
765 872 9
765 982 10
765 985 11
655 766 12
327 766 11
98 766 9
766 850 13
766 875 11
110 767 12
487 767 12
546 767 14
150 767 8
767 770 9
582 768 10
524 768 12
251 768 9
243 768 11
94 768 9
767 768 15
493 769 11
133 769 10
167 769 10
566 769 10
316 769 11
78 770 5
293 770 14
552 770 9
192 770 6
684 770 9
401 770 12
211 771 11
210 771 10
771 969 12
625 771 13
535 771 10
763 771 9
161 772 11
486 772 12
728 772 10
156 773 9
607 773 13
98 773 8
773 875 13
773 824 11
757 773 6
650 774 11
613 774 10
108 774 9
710 775 10
214 775 11
672 775 7
427 775 9
24 775 7
586 775 9
776 837 12
5 776 7
34 776 7
776 935 11
116 776 10
87 777 11
485 777 12
777 813 8
16 777 7
777 973 11
777 910 13
146 778 8
778 866 11
163 778 7
778 901 9
778 844 11
549 778 13
375 779 7
759 779 10
186 779 9
779 994 10
247 779 9
655 779 10
524 779 9
594 780 12
347 780 9
372 780 7
630 780 9
451 780 10
780 819 9
781 835 11
110 781 12
472 781 8
781 953 10
74 781 10
782 831 16
782 968 14
353 782 9
782 862 14
233 783 12
552 783 12
783 858 11
712 783 12
89 783 9
33 783 13
462 784 7
784 799 11
784 916 10
12 784 13
77 784 10
305 784 12
785 922 14
785 940 8
785 870 10
459 785 14
342 785 12
176 785 13
784 786 14
786 826 8
619 786 12
176 786 12
278 787 14
787 904 10
163 787 13
128 787 13
647 787 11
161 787 7
346 788 12
788 917 12
261 788 12
789 864 11
676 789 12
671 789 10
335 789 8
783 789 10
777 789 12
14 790 9
443 790 9
479 790 12
135 790 14
652 790 9
449 791 8
89 791 12
681 791 11
297 791 10
62 791 8
182 792 12
402 792 11
446 792 9
165 792 14
738 793 10
459 793 8
424 793 9
757 793 8
416 793 10
100 794 9
794 948 13
464 794 10
794 969 9
88 795 10
156 795 9
125 795 9
333 795 6
345 795 13
660 795 14
206 796 11
621 796 6
395 796 10
750 797 7
797 911 9
173 797 10
155 797 12
775 797 10
137 798 12
798 943 11
29 798 9
798 887 9
798 825 9
777 799 6
435 799 12
220 799 14
6 799 9
735 799 8
225 799 10
179 800 7
320 800 9
474 800 7
800 830 8
800 872 15
614 801 12
766 801 11
226 801 10
552 802 10
400 802 13
417 802 9
802 949 14
559 802 12
178 803 15
155 803 12
383 803 11
803 918 9
294 803 12
669 804 13
433 804 12
643 804 10
721 804 10
804 982 10
378 805 14
551 805 8
588 805 12
781 805 9
171 805 9
149 806 13
228 806 15
806 980 11
671 806 9
806 824 11
92 807 12
693 807 10
807 914 11
543 807 12
129 807 10
172 808 10
808 869 11
708 808 12
808 917 10
389 809 9
152 809 8
254 809 10
289 809 14
734 809 9
809 882 12
599 810 15
308 810 11
209 810 11
554 810 9
811 912 11
280 811 7
663 811 12
500 811 12
142 811 8
281 811 13
812 985 9
812 979 10
270 812 6
744 812 15
813 977 10
537 813 10
779 813 8
813 821 13
616 814 10
184 814 8
814 964 9
814 973 9
19 814 14
815 929 12
252 815 11
364 815 6
611 815 11
815 845 12
816 977 7
14 816 8
483 816 11
594 817 12
817 990 14
817 985 13
442 817 9
4 818 10
818 886 9
31 818 11
818 952 9
479 818 11
589 819 9
673 819 12
819 920 7
358 819 9
805 819 10
700 820 8
773 820 12
820 931 14
460 820 12
811 820 10
424 821 11
386 821 12
719 821 9
603 821 8
544 821 9
812 822 9
286 822 14
405 822 9
76 822 9
49 822 12
479 822 12
247 823 5
796 823 13
489 823 11
136 823 9
85 824 16
360 824 11
824 950 9
824 867 8
67 824 12
824 925 10
696 825 10
692 825 8
552 825 8
76 825 11
826 946 10
730 826 12
803 826 11
826 883 12
826 987 9
826 917 8
693 827 11
178 827 12
827 867 8
490 827 10
523 827 13
161 827 10
454 828 13
333 828 10
527 828 11
341 828 12
828 946 11
219 828 10
511 829 9
829 844 11
829 871 10
191 829 11
0 829 10
251 829 7
335 830 8
580 830 9
91 830 11
783 830 11
365 831 9
243 831 11
783 831 13
198 831 11
547 832 13
114 832 9
702 832 10
552 832 9
772 832 13
413 833 12
536 833 14
420 833 13
185 833 10
399 833 7
833 883 9
7 833 11
342 834 12
288 834 8
10 834 11
203 834 10
719 834 11
27 834 8
255 835 10
835 893 8
761 835 13
663 835 10
835 918 11
302 836 12
206 836 8
836 847 11
636 836 9
407 837 12
529 837 10
814 837 10
245 837 14
18 837 12
128 838 7
742 838 12
613 838 10
563 838 9
93 838 9
377 838 9
561 839 10
572 839 9
480 839 13
469 839 9
809 839 12
644 840 10
750 840 13
119 840 13
640 840 8
563 841 9
841 957 12
479 841 10
697 841 10
277 841 13
473 842 11
775 842 6
214 842 6
842 972 12
842 965 10
842 908 13
261 843 10
843 853 10
187 843 11
58 843 8
28 844 12
290 844 8
844 962 10
621 844 12
795 844 11
229 844 11
233 844 8
827 845 13
479 845 11
845 983 14
845 886 9
583 845 9
84 845 10
797 846 12
434 846 12
846 879 13
675 846 15
238 846 13
607 846 11
354 846 8
483 847 11
583 847 12
256 847 13
422 847 11
479 848 8
391 848 9
339 848 11
402 848 11
848 889 9
67 848 10
145 848 13
339 849 8
810 850 11
602 850 9
850 994 9
174 850 10
850 960 10
671 851 11
4 851 10
330 851 10
851 915 9
448 851 9
607 852 6
614 852 9
852 979 9
491 852 11
544 852 12
654 853 9
683 853 12
854 980 12
854 874 9
507 854 14
30 854 12
854 957 13
266 855 10
484 855 9
698 855 9
855 906 9
120 856 10
741 856 13
834 856 11
856 918 11
520 857 10
684 857 10
195 857 11
815 857 8
570 857 11
112 858 9
858 993 11
858 873 10
409 858 10
668 858 14
213 859 11
732 859 15
523 859 9
335 859 10
613 859 10
13 859 9
526 860 14
88 860 12
463 860 13
860 916 9
40 860 10
9 861 12
861 939 15
663 861 12
304 861 8
630 861 8
159 862 12
307 862 11
363 862 10
385 862 6
407 862 10
224 863 11
853 863 13
90 863 11
315 863 8
863 867 9
165 863 11
838 864 11
770 864 9
444 864 7
864 878 18
45 865 10
379 865 14
806 865 14
463 865 9
866 950 8
141 866 10
197 866 11
55 866 12
262 867 7
769 867 13
867 988 12
800 867 11
759 867 9
724 868 13
542 868 10
861 868 13
408 868 12
193 868 8
191 868 7
417 869 9
416 869 12
94 869 13
221 869 11
14 869 9
440 869 13
778 870 8
639 870 13
19 870 12
345 870 8
258 870 8
743 871 12
871 966 9
871 996 8
871 886 12
188 871 14
850 872 8
872 888 9
463 872 9
823 872 11
872 903 9
566 873 13
107 873 12
330 873 10
29 873 9
873 909 13
282 873 13
347 873 8
535 874 11
461 874 10
126 874 12
174 874 10
742 874 12
658 875 15
281 875 9
732 875 10
222 875 10
129 875 12
400 875 9
526 876 10
841 876 9
377 876 12
406 876 11
714 877 10
587 877 13
141 877 10
405 877 9
205 878 10
769 878 14
67 878 8
84 878 11
860 879 11
879 993 9
107 879 12
221 879 10
7 879 13
425 880 12
880 916 14
318 880 11
151 880 10
228 880 8
762 880 9
399 881 11
830 881 6
251 881 10
257 881 9
272 881 11
336 881 10
371 882 13
523 882 6
226 882 10
643 882 12
399 882 7
163 882 10
883 922 9
616 883 8
184 883 12
673 883 8
51 884 8
228 884 14
840 884 13
834 884 9
759 884 10
148 884 12
385 885 12
548 885 12
496 885 9
407 885 8
785 885 6
461 886 8
226 886 11
220 886 8
141 886 12
275 887 7
860 887 10
887 980 10
887 950 12
720 888 10
888 932 10
88 888 10
579 888 8
14 888 7
352 889 9
166 889 9
10 889 13
592 889 11
788 889 9
889 942 10
25 890 9
869 890 11
890 937 14
829 890 12
346 890 10
370 891 11
481 891 9
361 891 13
441 891 10
875 891 11
892 917 8
54 892 11
398 892 10
118 892 14
642 892 14
818 893 13
455 893 14
69 893 8
351 893 10
238 893 10
48 893 11
486 893 12
242 894 11
14 894 10
427 894 10
563 894 12
696 894 7
895 952 11
895 906 11
232 895 11
785 895 11
207 895 9
305 896 17
723 896 6
351 896 15
110 896 6
586 896 10
166 897 9
173 897 9
210 897 11
876 897 11
34 897 10
390 897 9
130 897 11
361 898 9
898 925 14
624 898 11
898 909 8
528 898 11
245 899 12
809 899 13
288 899 12
818 899 10
551 899 9
900 920 6
268 900 13
846 900 11
203 900 9
397 900 10
419 901 12
536 901 7
598 901 9
106 901 12
561 901 10
53 901 13
3 902 9
102 902 11
708 902 11
902 974 7
1 902 11
515 903 8
866 903 11
903 935 9
717 903 10
338 903 11
681 904 13
497 904 10
10 904 8
87 905 12
247 905 13
55 905 13
61 905 12
581 905 12
790 905 11
494 905 9
397 906 11
905 906 14
319 906 9
906 908 14
348 906 9
892 906 10
814 907 15
228 907 11
352 907 12
712 907 8
812 907 12
848 907 8
899 908 10
144 908 11
396 908 9
704 908 11
433 909 13
909 914 11
766 909 11
721 909 9
601 909 8
476 909 11
745 910 11
324 910 13
405 910 12
864 910 15
149 910 11
711 911 9
336 911 11
534 911 6
756 911 9
724 912 11
264 912 9
277 913 11
417 913 12
117 913 12
131 913 12
553 914 12
588 914 11
816 914 13
743 914 11
682 914 13
650 914 10
67 914 13
861 915 14
768 915 11
797 915 14
249 915 15
872 915 9
636 916 10
808 916 11
275 916 11
660 916 9
672 917 11
882 917 7
917 952 9
917 994 13
672 918 10
908 918 10
440 918 10
580 918 10
418 919 10
413 919 10
490 919 12
51 919 14
666 919 10
244 919 12
211 920 12
616 920 12
430 920 9
229 920 7
920 994 11
921 946 10
269 921 9
579 921 8
800 921 13
63 921 11
610 922 11
673 922 12
468 922 12
375 922 11
922 936 12
178 923 9
144 923 10
290 923 9
637 923 12
339 923 10
702 923 6
845 923 11
801 924 10
39 924 11
7 924 13
332 924 10
709 924 11
286 925 10
400 925 11
310 925 12
433 926 13
476 926 10
805 926 9
375 926 13
811 926 9
229 926 9
665 926 8
449 927 8
613 927 10
848 927 13
927 975 8
927 939 7
870 928 10
144 928 10
779 928 8
452 928 11
326 928 8
59 928 10
116 929 10
453 929 6
929 962 6
591 930 13
690 930 11
474 930 11
603 931 11
931 975 12
341 931 8
124 931 13
809 932 9
842 932 10
932 934 10
44 932 9
730 932 11
933 962 11
371 933 10
562 933 16
387 933 7
883 933 9
889 933 8
516 934 8
918 934 12
393 934 11
300 934 10
934 989 5
340 935 12
327 935 10
555 935 12
343 935 10
345 935 12
739 936 9
733 936 10
746 936 10
881 936 7
747 936 13
226 937 9
68 937 5
99 937 7
254 937 12
106 937 11
176 937 9
818 938 10
508 938 7
663 938 15
194 939 10
633 939 13
458 940 10
497 940 12
69 940 11
373 940 13
84 940 9
872 941 12
217 941 12
20 941 12
238 941 12
733 941 8
84 942 11
743 942 8
165 942 11
618 942 9
626 942 9
523 942 11
872 943 10
943 977 17
45 943 12
221 943 11
281 943 10
722 944 13
430 944 10
712 944 14
873 944 11
326 944 10
429 945 11
58 945 12
550 945 9
945 946 13
366 946 12
630 946 10
338 946 7
685 946 11
332 946 10
636 946 16
580 947 11
231 947 11
63 947 9
560 947 9
12 947 10
104 948 10
725 948 9
59 948 7
691 948 10
330 949 11
121 949 7
409 949 13
612 949 10
299 949 10
171 950 10
553 950 9
816 950 10
46 950 6
455 950 10
112 951 10
31 951 11
951 980 7
951 953 7
951 973 8
492 951 8
952 990 11
184 952 9
87 952 7
208 952 11
952 984 11
124 953 10
895 953 11
226 953 12
253 953 12
826 953 10
568 953 10
586 953 13
414 954 9
352 954 9
99 954 11
750 954 11
807 954 9
3 955 9
258 955 13
119 955 9
656 955 10
707 956 13
853 956 13
114 956 13
66 956 10
952 956 10
222 957 13
572 957 6
449 957 11
846 957 11
821 958 9
872 958 11
951 958 8
409 959 13
189 959 12
680 959 10
807 959 11
118 959 10
0 960 11
917 960 12
488 960 7
699 960 8
20 960 10
377 960 9
836 960 9
133 961 9
831 961 9
629 961 9
238 961 11
19 962 11
267 962 13
178 962 10
831 962 12
346 963 9
628 963 11
843 963 11
205 963 12
954 963 12
217 964 9
964 969 12
559 964 7
431 964 11
690 964 11
468 965 11
584 965 11
64 965 13
851 965 11
930 966 13
893 966 11
44 966 7
796 966 12
130 967 7
663 967 12
101 967 5
439 967 9
715 968 11
340 968 8
387 968 11
498 968 11
724 968 11
834 969 12
932 969 10
540 969 10
514 969 14
55 969 10
431 970 10
970 990 13
283 970 9
426 970 9
579 970 8
601 971 12
339 971 11
683 971 7
182 971 12
627 971 12
273 972 11
510 972 14
135 972 9
830 972 10
844 972 12
369 972 6
29 972 11
232 973 12
835 973 5
540 973 11
681 973 11
209 973 7
597 973 11
711 974 12
224 974 12
571 974 11
169 974 7
599 974 8
154 974 15
517 974 11
433 975 10
914 975 7
296 975 10
462 975 10
324 975 10
948 975 11
970 976 12
474 976 9
313 976 12
229 976 9
517 976 13
521 977 10
99 977 11
480 977 6
197 977 9
685 978 11
11 978 9
821 978 9
836 978 10
171 978 12
51 978 8
202 979 13
394 979 9
755 979 11
771 979 12
172 979 11
980 992 9
905 980 11
674 980 14
215 980 7
158 981 13
976 981 10
828 981 9
456 981 6
919 981 13
391 982 11
43 982 9
926 982 11
250 982 11
488 982 7
25 982 11
979 983 9
201 983 13
125 983 13
348 983 10
656 983 9
897 983 9
406 983 13
469 984 13
183 984 9
560 984 9
886 984 12
460 985 13
744 985 13
372 985 9
523 985 8
320 985 11
524 986 13
687 986 12
705 986 9
375 986 9
21 986 6
964 986 10
214 987 9
225 987 9
688 987 10
572 987 9
973 987 12
685 987 9
342 988 13
46 988 7
543 988 10
144 988 13
628 989 8
914 989 14
804 989 7
239 989 9
811 990 12
204 990 9
297 990 8
235 990 9
944 990 14
426 990 10
20 991 11
838 991 10
348 992 10
362 992 12
391 992 13
34 992 12
717 992 8
760 992 7
697 993 14
943 993 8
558 993 10
553 993 11
50 993 8
413 993 10
763 994 12
336 994 10
556 994 11
489 994 11
569 994 8
692 995 11
597 995 12
614 995 13
600 995 10
995 998 13
916 996 10
205 996 7
455 996 14
73 997 9
450 997 10
242 997 14
763 997 10
678 997 6
419 998 9
299 998 12
598 998 8
932 998 13
726 998 11
669 999 12
111 999 14
542 999 11
556 999 6
