100
0
5
4
2
3
10
10
4
4
2
4
3
3
9
7
8
3
5
1
8
3
3
2
7
6
7
8
3
4
6
4
4
6
7
4
1
5
6
4
6
8
2
5
4
7
8
1
10
8
4
8
2
9
7
2
4
7
9
8
4
6
3
5
2
8
4
2
2
7
4
7
7
5
2
3
3
7
7
7
3
4
7
7
6
7
8
9
2
4
2
8
8
9
3
2
7
3
5
9
9
0 39 9
0 11 9
0 26 12
0 53 9
0 31 9
0 99 9
0 97 13
0 47 13
0 14 7
0 55 14
1 25 13
1 80 10
1 11 11
1 89 12
1 68 10
1 94 11
1 65 9
1 96 11
1 91 10
1 10 12
2 64 7
2 15 10
2 61 9
2 44 10
2 68 12
2 81 12
2 66 13
2 88 8
2 5 10
2 94 7
3 7 6
3 42 12
3 6 8
3 78 8
3 58 7
3 56 5
3 50 10
3 17 12
3 10 13
4 15 10
4 32 11
4 30 10
4 94 11
4 21 10
4 65 12
4 92 9
4 91 13
4 70 10
4 36 9
5 50 13
5 61 13
5 97 15
5 39 9
5 84 9
5 81 11
5 47 8
5 85 10
5 6 9
5 78 10
6 29 10
6 81 12
6 97 5
6 25 8
6 37 10
6 91 15
6 94 8
6 80 11
6 44 13
6 43 10
6 13 9
7 71 8
7 91 9
7 73 14
4 7 11
7 60 10
7 8 7
7 65 8
7 35 9
7 45 11
8 47 12
8 64 10
8 73 7
8 67 10
8 65 6
8 19 11
8 42 14
9 96 8
9 21 9
9 80 11
9 18 10
0 9 13
9 37 11
9 70 9
9 33 7
9 88 6
10 68 10
10 53 13
10 85 9
10 11 10
10 98 8
10 52 15
10 45 9
10 65 10
10 79 10
10 83 9
11 56 12
11 57 9
11 58 11
11 93 9
11 22 11
11 67 12
11 89 11
7 11 12
11 81 11
12 46 7
12 85 6
12 55 11
12 83 9
12 60 11
12 77 6
12 41 8
12 39 10
12 40 9
13 35 12
13 24 10
13 73 12
13 80 11
13 74 14
13 30 14
13 26 13
13 52 13
13 14 11
4 13 12
13 46 8
14 99 10
14 44 12
14 93 10
14 98 9
14 39 8
14 53 10
14 19 9
14 26 13
14 77 11
14 40 12
14 64 10
14 15 10
15 52 11
15 23 14
15 50 12
15 74 13
15 28 11
15 24 13
15 86 13
15 70 10
15 30 13
15 67 10
16 59 10
16 75 6
16 62 12
16 74 10
6 16 12
16 84 8
16 42 10
2 16 9
16 45 13
1 17 9
17 70 7
13 17 13
17 89 11
17 48 11
14 17 10
17 58 9
17 18 9
17 93 11
17 26 9
18 95 11
11 18 10
18 80 10
18 26 10
18 58 9
18 91 12
5 18 12
18 39 13
18 48 12
18 62 10
19 24 9
19 69 14
19 46 13
1 19 11
19 55 8
19 65 11
19 82 8
19 77 11
19 23 12
19 34 12
20 59 12
20 38 11
8 20 14
20 99 10
20 36 9
20 26 12
19 20 11
20 47 12
20 45 15
20 65 12
11 21 11
21 75 9
21 46 8
21 50 11
16 21 10
21 54 11
6 21 11
21 48 13
19 21 14
21 29 13
21 88 12
22 48 11
22 26 15
22 60 10
15 22 11
16 22 14
18 22 9
22 40 10
22 25 8
22 54 13
22 37 14
21 23 13
23 84 16
12 23 6
18 23 10
23 71 10
23 28 9
23 95 4
23 62 8
23 37 12
23 97 12
24 84 12
24 63 11
24 86 9
24 73 12
24 35 11
24 67 13
24 53 14
24 51 15
24 93 12
24 81 11
19 25 10
25 77 10
25 33 13
25 91 12
25 61 10
25 41 10
25 57 10
25 69 10
25 93 8
26 91 10
26 68 12
26 92 12
26 49 14
5 26 9
26 63 14
26 89 10
26 80 10
26 98 8
26 86 9
26 52 12
6 27 8
1 27 10
9 27 12
19 27 10
4 27 11
0 27 6
27 70 15
27 64 9
27 83 11
27 58 10
28 78 9
3 28 12
28 49 13
26 28 10
25 28 13
7 28 9
28 98 9
28 50 13
28 62 13
28 89 12
29 51 8
29 53 10
14 29 8
0 29 10
7 29 12
29 80 8
29 93 13
29 92 10
29 89 7
16 29 11
20 29 9
2 29 12
30 31 8
14 30 11
30 91 9
30 53 12
0 30 11
9 30 11
30 51 12
2 30 12
20 30 11
30 39 10
31 79 9
17 31 8
4 31 8
18 31 13
2 31 10
12 31 13
28 31 8
31 86 9
31 35 10
31 55 8
32 67 12
0 32 11
32 96 12
32 69 7
20 32 11
32 82 11
25 32 14
32 34 12
8 32 11
32 41 11
33 69 14
7 33 10
13 33 10
33 77 7
33 94 9
33 76 14
33 87 10
33 44 14
28 33 12
33 73 7
34 89 13
34 95 11
5 34 15
34 59 11
34 83 12
9 34 15
34 74 7
34 57 12
34 48 12
35 67 10
35 84 11
35 52 10
16 35 8
22 35 10
26 35 6
6 35 13
35 57 7
35 93 10
35 43 12
36 82 11
35 36 11
17 36 10
36 78 10
29 36 11
36 86 9
36 43 12
36 68 12
36 55 11
14 36 9
37 67 9
37 59 12
37 99 5
37 74 10
37 90 9
5 37 15
37 52 9
37 86 8
37 48 11
29 37 7
16 37 12
38 66 11
13 38 5
24 38 9
38 90 6
22 38 14
34 38 10
31 38 11
38 74 12
39 80 12
39 99 9
20 39 12
39 79 13
39 78 8
39 95 10
39 41 11
4 39 12
40 66 11
40 91 9
40 95 11
18 40 9
25 40 13
40 49 10
28 40 13
40 77 9
40 82 9
40 71 10
40 85 8
40 99 7
2 41 11
41 45 10
34 41 13
1 41 10
9 41 12
41 63 11
41 95 13
41 61 12
37 41 12
41 55 10
42 64 12
36 42 14
42 93 11
29 42 10
42 56 13
0 42 13
11 42 11
23 42 10
42 75 15
26 42 10
42 60 14
7 42 11
42 77 13
43 81 13
43 58 11
43 52 12
3 43 13
39 43 9
31 43 8
43 97 9
43 46 8
43 48 10
13 43 14
43 88 13
44 84 7
44 73 12
34 44 12
44 79 8
44 58 12
36 44 13
37 44 11
28 44 8
44 65 13
44 63 10
45 86 10
5 45 9
45 60 12
45 75 10
45 62 8
45 67 11
35 45 11
45 72 13
14 45 11
45 55 12
46 73 10
7 46 7
46 94 11
5 46 13
15 46 13
46 71 9
46 98 14
46 48 11
46 76 11
46 68 11
32 46 10
30 47 6
47 82 5
47 61 16
26 47 8
47 85 11
32 47 8
1 47 9
22 47 10
47 63 11
47 92 11
6 48 10
8 48 8
48 97 9
48 82 13
40 48 10
48 75 10
47 48 10
48 59 9
48 94 11
49 90 9
49 99 9
49 55 10
49 53 12
29 49 11
23 49 11
31 49 13
49 57 12
44 50 9
50 86 9
43 50 13
1 50 9
36 50 12
34 50 10
30 50 12
50 55 15
50 57 11
32 50 9
4 50 10
39 50 10
51 72 9
51 59 10
51 96 11
1 51 10
48 51 10
51 52 11
51 99 12
51 83 10
51 82 11
8 52 12
52 85 11
52 66 12
38 52 11
28 52 13
16 52 10
52 64 9
44 52 11
52 84 11
19 52 13
52 70 12
7 52 7
53 87 12
31 53 9
53 66 14
43 53 8
53 98 10
53 71 9
53 81 10
39 53 9
35 53 10
2 53 13
54 79 8
39 54 12
12 54 10
54 73 9
54 61 10
54 90 7
54 83 10
51 54 11
30 54 12
6 54 13
54 92 10
52 55 10
13 55 13
18 55 7
39 55 9
16 55 11
33 55 8
55 57 14
10 55 12
20 55 9
56 78 11
56 80 8
30 56 13
56 84 12
56 95 12
0 56 11
38 56 8
56 74 11
2 56 8
3 57 6
57 98 12
18 57 9
5 57 9
22 57 11
37 57 10
40 57 6
57 76 12
48 57 12
29 57 11
30 57 16
30 58 14
31 58 9
55 58 12
58 83 10
58 84 14
20 58 14
58 75 10
58 80 7
53 58 9
49 58 10
35 59 9
59 83 12
59 82 7
59 62 10
55 59 9
44 59 7
4 59 12
59 98 14
0 59 13
38 60 12
60 62 9
36 60 14
49 60 11
60 71 12
5 60 12
58 60 10
60 68 13
1 60 9
60 81 10
14 60 13
52 60 10
13 61 11
61 64 12
61 98 12
61 76 8
52 61 8
19 61 9
24 61 11
49 61 12
61 70 12
53 62 10
62 74 11
62 89 13
62 90 11
62 92 10
62 91 10
32 62 10
8 62 10
44 62 7
40 62 11
63 68 11
13 63 9
63 83 11
36 63 8
63 87 9
37 63 12
43 63 10
63 91 12
6 63 12
64 80 12
64 71 11
33 64 11
64 91 9
64 95 8
10 64 12
16 64 9
64 94 10
34 65 11
65 95 10
25 65 12
43 65 7
53 65 5
65 77 10
59 65 15
41 65 9
22 65 14
65 85 9
48 66 10
33 66 12
66 90 11
29 66 8
66 88 11
15 66 11
26 66 9
66 91 9
66 97 9
67 92 14
50 67 12
67 86 9
67 87 9
54 67 9
63 67 8
7 67 8
67 88 8
61 67 13
55 68 12
68 71 11
25 68 11
37 68 9
7 68 13
68 86 10
12 68 14
27 68 9
62 68 10
14 68 9
52 68 9
41 68 8
69 77 11
53 69 10
69 79 14
62 69 11
56 69 8
59 69 12
64 69 9
1 69 10
27 69 14
69 97 8
11 70 9
70 85 9
18 70 11
70 96 10
68 70 6
26 70 9
5 70 11
64 70 17
70 91 14
70 86 11
70 74 12
71 75 11
71 73 12
65 71 11
57 71 10
26 71 12
4 71 10
71 76 10
47 71 8
20 71 9
37 71 8
71 85 10
7 72 11
5 72 8
18 72 8
14 72 11
35 72 13
40 72 8
39 72 12
72 90 13
60 72 7
27 72 12
34 72 15
42 72 13
21 72 8
73 96 10
15 73 12
26 73 12
72 73 8
30 73 9
6 73 10
59 73 7
73 97 10
52 73 8
61 73 7
73 77 9
5 74 8
74 80 10
26 74 7
74 95 10
63 74 14
74 94 12
22 74 9
74 86 12
64 74 11
2 74 10
71 74 10
61 75 7
75 95 9
75 88 13
13 75 12
72 75 12
70 75 9
44 75 10
75 98 12
3 75 9
14 75 11
76 96 9
28 76 11
2 76 12
76 95 8
14 76 10
76 97 7
76 90 9
31 76 11
30 76 10
39 76 10
48 76 10
60 76 5
5 77 11
60 77 9
68 77 8
77 90 11
20 77 9
31 77 12
77 82 11
10 77 10
54 77 9
74 77 11
7 77 8
65 78 9
40 78 13
78 96 9
35 78 11
34 78 11
78 97 10
38 78 11
78 98 10
64 78 11
70 78 8
16 79 10
40 79 11
79 83 15
76 79 10
64 79 8
59 79 12
18 79 15
71 79 11
63 79 7
27 79 13
80 84 15
51 80 11
32 80 9
71 80 9
57 80 11
79 80 13
59 80 10
80 99 12
31 80 11
75 80 13
81 83 11
55 81 14
63 81 10
38 81 8
68 81 11
80 81 9
26 81 12
33 81 16
81 82 11
81 86 13
11 82 7
3 82 12
82 91 12
64 82 9
82 83 10
61 82 13
82 89 9
22 82 9
62 82 12
63 82 11
37 83 8
28 83 10
60 83 9
52 83 11
36 83 13
65 83 8
62 83 10
31 83 9
83 98 12
13 84 11
43 84 9
3 84 8
72 84 9
67 84 12
78 84 12
1 84 13
36 84 10
84 94 13
66 84 9
37 85 9
68 85 11
48 85 10
26 85 15
28 85 9
49 85 10
1 85 10
72 85 12
15 85 11
33 85 6
18 85 11
85 86 11
11 86 13
86 90 10
35 86 13
23 86 7
43 86 13
65 86 13
1 86 12
0 86 10
87 96 9
80 87 12
35 87 12
18 87 5
15 87 13
49 87 13
7 87 12
87 92 9
54 87 9
28 87 12
88 90 9
54 88 10
82 88 9
88 93 12
8 88 10
51 88 14
23 88 11
73 88 12
33 88 14
89 99 10
81 89 11
19 89 12
14 89 10
37 89 11
87 89 10
65 89 13
20 89 5
61 89 11
47 89 15
50 89 9
89 94 8
65 90 12
27 90 11
12 90 11
31 90 8
15 90 9
44 90 11
40 90 9
59 90 9
26 90 11
64 90 9
85 90 12
50 91 10
9 91 12
11 91 13
87 91 8
56 91 8
44 91 15
27 91 13
24 91 8
33 91 12
48 92 10
70 92 10
86 92 10
73 92 11
6 92 9
64 92 12
56 92 10
36 92 7
92 97 11
69 93 11
20 93 12
93 97 9
2 93 8
58 93 12
93 94 11
61 93 8
73 93 11
44 93 12
4 93 11
93 98 10
77 94 12
70 94 10
21 94 12
94 95 11
11 94 10
27 94 12
29 94 8
62 94 11
44 94 12
82 95 8
36 95 12
42 95 10
5 95 12
30 95 8
45 95 10
62 95 12
83 95 11
54 95 9
57 95 9
62 96 13
90 96 9
2 96 12
58 96 11
38 96 9
14 96 9
10 96 11
28 96 10
54 96 10
25 96 13
30 97 12
83 97 10
71 97 12
95 97 8
97 98 9
47 97 8
46 97 10
22 97 10
11 97 10
49 97 10
75 97 14
45 98 10
65 98 10
5 98 12
84 98 10
35 98 8
50 98 8
95 98 11
67 98 10
31 98 12
73 99 9
68 99 9
75 99 10
52 99 11
70 99 10
90 99 11
4 99 10
25 99 11
3 99 9
58 99 11
