100
0
4
7
4
1
8
3
10
4
6
2
2
5
8
2
8
6
4
7
9
2
8
1
2
8
9
6
2
6
2
9
4
5
5
6
1
1
5
3
5
8
9
2
2
2
5
2
6
4
8
4
4
8
2
4
5
2
2
8
5
5
9
2
6
4
2
10
7
1
3
2
3
5
9
4
9
5
5
4
4
4
5
3
7
3
2
7
6
5
7
2
4
2
5
2
4
3
2
9
6
0 65 9
0 97 10
0 57 6
0 46 11
1 70 11
1 27 11
1 31 11
1 47 9
1 46 11
1 28 13
2 83 9
2 43 13
2 13 11
2 36 11
2 39 11
3 43 11
3 60 8
3 89 14
3 68 8
3 72 9
4 8 11
4 22 9
4 46 15
4 81 10
4 25 10
5 66 7
5 28 9
5 89 7
5 39 12
5 76 11
5 36 13
6 65 9
6 59 9
6 86 9
6 83 8
6 43 10
6 52 9
6 17 13
7 65 12
7 78 8
7 66 11
7 14 9
7 27 13
7 21 13
8 97 8
8 67 9
8 50 8
8 52 15
9 98 11
9 73 7
3 9 10
9 11 14
9 40 9
1 9 9
10 38 10
10 37 12
10 94 8
10 50 8
11 67 11
11 24 9
1 11 11
11 75 13
12 84 10
12 69 14
12 31 11
12 65 7
13 21 13
13 92 11
9 13 9
13 26 8
14 69 11
14 76 8
14 47 9
10 14 11
14 73 12
14 93 14
15 90 8
6 15 9
15 32 9
15 95 10
14 15 14
16 95 12
16 17 6
16 85 9
1 16 12
17 94 10
0 17 12
17 22 10
11 17 10
17 25 12
17 60 12
18 19 9
18 48 8
18 94 8
18 51 12
18 59 13
19 22 11
19 72 10
19 82 11
19 61 15
19 90 13
5 19 12
19 57 9
20 92 13
20 73 10
20 70 7
1 20 9
20 28 7
21 63 9
21 94 7
9 21 12
21 61 11
21 75 9
14 22 12
22 71 13
22 52 10
22 94 9
22 40 8
23 68 13
23 52 9
11 23 9
17 23 13
21 23 13
24 40 12
24 79 10
24 76 11
24 33 10
25 34 11
25 91 10
26 38 7
26 36 9
26 99 10
26 42 10
26 70 13
26 34 13
26 49 7
27 79 9
27 74 11
9 27 10
27 98 11
11 28 12
19 28 16
8 28 10
28 85 11
28 70 10
28 79 14
2 28 11
29 34 9
29 51 10
10 29 7
29 75 11
17 29 10
13 30 11
30 44 11
30 70 13
30 94 10
23 30 11
31 72 10
31 74 10
31 63 6
10 31 10
8 32 11
12 32 13
28 32 11
5 32 9
33 77 10
33 79 13
33 80 10
33 74 12
34 35 10
34 36 11
34 55 16
20 34 11
35 36 14
16 35 11
35 88 8
5 35 10
35 92 8
36 54 8
36 95 9
36 84 12
11 36 9
7 36 11
36 99 12
36 48 11
37 47 10
22 37 11
37 46 12
36 37 13
38 49 14
38 98 7
38 55 8
39 55 9
39 95 12
39 72 11
39 57 13
39 81 10
40 66 11
40 58 15
12 40 10
38 40 9
40 81 11
24 41 4
41 83 11
1 41 8
15 41 9
38 41 9
42 48 11
42 47 11
19 42 8
42 76 11
42 70 11
43 84 8
43 91 9
43 53 11
43 69 9
43 93 10
44 83 12
25 44 9
44 53 8
3 44 16
44 66 11
31 44 9
8 45 13
29 45 10
11 45 10
45 54 9
24 45 9
45 81 11
46 47 10
19 46 8
46 87 12
22 46 10
33 47 11
47 93 12
47 88 13
41 48 10
12 48 13
48 89 12
24 49 12
16 49 11
14 49 11
1 49 7
49 93 11
44 49 9
50 55 10
50 85 8
31 50 15
20 50 6
34 50 11
51 92 7
49 51 10
22 51 11
51 68 7
52 87 14
33 52 12
52 74 11
45 52 9
52 82 8
52 97 10
9 53 12
53 57 11
53 83 11
53 76 12
54 57 9
54 60 12
39 54 10
54 85 5
22 54 14
16 55 9
55 91 12
55 83 9
10 55 9
52 55 14
28 55 12
56 98 10
41 56 12
56 76 13
56 67 11
56 68 12
57 87 9
37 57 10
35 57 10
57 99 13
57 97 9
51 58 11
53 58 8
23 58 13
12 58 10
4 59 12
38 59 7
12 59 9
59 90 6
53 59 11
2 59 6
44 59 12
60 79 13
8 60 12
7 60 9
52 60 11
60 71 10
29 61 10
61 79 12
61 85 13
12 61 10
54 61 11
25 62 12
27 62 10
23 62 9
62 97 11
63 74 10
48 63 11
63 73 15
63 81 8
58 63 11
64 70 14
9 64 11
6 64 15
64 95 12
44 64 9
37 65 9
4 65 12
17 65 10
28 65 12
65 71 12
54 65 10
55 66 11
66 86 9
66 98 10
14 66 12
58 66 8
67 79 13
12 67 8
2 67 8
67 97 12
23 67 9
67 80 8
17 68 11
52 68 10
68 99 12
68 71 9
64 69 13
67 69 10
59 69 10
69 86 13
29 69 12
69 85 10
70 92 13
62 70 13
0 70 13
29 71 7
36 71 10
61 71 8
5 71 10
28 71 11
71 82 9
72 80 10
22 72 10
24 72 10
23 72 9
72 89 11
32 72 11
36 73 10
24 73 11
73 83 8
38 73 9
73 95 9
74 83 10
14 74 11
11 74 10
54 74 11
65 74 10
4 75 12
74 75 8
45 75 9
34 75 9
50 75 13
8 76 6
9 76 8
38 76 11
64 76 9
55 76 10
51 77 13
56 77 13
77 88 8
29 78 12
25 78 12
6 78 11
23 78 9
63 78 8
10 78 13
33 78 9
39 79 11
50 79 11
8 79 7
3 79 14
20 79 12
63 79 10
7 80 9
23 80 9
27 80 14
14 80 10
21 80 10
80 93 10
66 81 7
56 81 12
81 83 9
75 81 8
13 81 7
43 82 8
72 82 11
24 82 11
78 82 12
61 83 6
17 83 11
83 85 9
36 83 8
59 84 12
8 84 8
29 84 7
30 84 10
27 84 11
85 95 6
85 87 11
74 85 11
75 85 11
85 92 9
84 85 11
86 93 9
38 86 11
32 86 14
67 86 13
83 87 14
39 87 9
53 87 11
38 87 13
69 87 10
78 87 13
66 88 8
72 88 8
43 88 10
54 88 12
75 88 9
6 88 14
4 89 8
42 89 12
73 89 7
39 89 10
74 89 8
90 97 11
5 90 11
58 90 12
80 90 11
66 90 9
52 90 11
29 91 11
91 94 9
80 91 10
3 91 9
1 92 9
19 92 9
72 93 9
90 93 11
0 93 13
13 93 13
3 94 8
43 94 8
87 94 14
41 94 12
55 94 11
92 94 10
59 94 8
1 94 5
32 94 13
76 95 12
71 95 9
88 95 10
90 95 14
57 95 7
22 96 12
11 96 12
34 96 8
14 96 10
81 97 13
21 97 8
73 97 12
14 97 11
37 98 14
96 98 11
40 98 11
13 99 10
1 99 11
24 99 10
11 99 7
