1000
0
9
9
4
6
3
2
4
8
10
8
1
2
8
4
5
7
8
3
8
8
2
7
8
8
9
10
9
7
6
7
2
5
5
3
10
8
2
7
8
2
9
6
6
9
8
3
1
7
4
7
7
7
6
6
3
7
6
6
3
4
9
2
1
2
7
4
6
4
9
7
8
8
6
7
6
7
7
8
9
6
6
6
2
9
5
7
4
3
10
7
7
6
5
7
2
5
8
4
3
7
2
1
7
5
7
10
6
7
9
10
2
6
8
6
7
8
8
8
10
1
4
2
3
6
2
8
6
3
6
7
2
3
2
8
9
6
5
4
8
3
2
1
8
7
3
9
9
10
5
9
6
5
6
1
3
6
10
2
1
5
8
4
6
1
3
7
2
3
6
3
3
1
9
8
10
1
6
3
10
3
10
4
9
4
7
3
6
2
7
10
7
2
5
6
7
10
6
7
8
7
3
1
9
8
4
4
3
6
10
9
6
5
8
2
10
2
5
8
3
6
8
1
8
3
10
5
6
7
6
6
9
9
2
5
1
2
5
3
2
6
5
4
5
3
9
10
5
7
6
6
8
8
6
1
2
2
2
1
7
5
10
5
7
5
6
6
2
9
7
7
4
8
1
2
2
6
8
4
5
5
10
1
6
8
4
8
9
6
4
8
2
8
10
1
2
4
3
5
5
2
2
3
5
4
7
2
6
7
9
4
6
4
6
5
4
5
5
4
1
6
2
8
10
6
6
7
10
5
6
9
7
7
6
8
1
4
3
1
6
9
7
2
8
7
2
9
10
9
3
3
2
6
9
4
8
1
1
4
4
3
6
7
5
8
5
5
6
7
7
1
9
4
6
9
4
2
3
8
9
8
6
9
2
5
4
7
4
4
8
10
6
2
8
6
7
3
6
10
2
3
8
3
6
8
10
4
9
6
5
3
5
7
3
5
2
2
8
3
7
2
6
9
5
6
9
4
7
3
5
2
5
9
6
3
2
4
4
4
2
7
9
9
5
3
3
6
2
2
6
10
6
9
9
8
1
8
2
2
5
10
6
5
5
6
5
1
4
10
8
1
9
9
6
3
8
10
7
5
7
7
3
8
4
9
4
7
4
7
2
8
4
8
4
4
3
9
6
7
2
3
3
7
2
2
4
5
8
9
6
1
9
8
2
4
8
9
3
7
4
2
10
3
8
8
7
2
5
9
3
10
6
6
2
7
7
7
7
6
4
2
4
10
2
5
4
2
2
8
1
9
1
3
4
9
5
9
2
9
4
9
5
9
4
10
8
2
7
5
4
8
6
7
4
7
6
9
4
2
5
3
3
9
2
3
9
6
2
3
5
5
3
5
2
5
6
5
7
10
7
5
4
9
9
1
5
6
7
7
5
6
6
6
4
9
6
2
4
8
7
6
9
6
3
8
1
9
4
6
10
4
7
3
4
10
5
3
1
2
3
2
7
9
3
2
2
4
8
2
2
8
2
6
4
4
2
8
4
4
8
3
6
1
6
3
8
4
3
10
5
6
2
4
3
1
6
3
8
10
5
5
2
8
5
6
2
8
3
6
4
7
7
2
8
2
2
4
3
2
9
4
4
3
1
6
9
7
7
8
2
9
1
6
6
1
8
3
2
8
5
4
10
6
3
7
6
9
5
10
8
3
8
1
2
2
8
6
9
2
5
3
9
5
2
7
8
8
9
6
5
4
9
3
4
3
2
6
2
7
8
9
9
6
8
4
4
4
1
7
9
9
3
4
6
5
7
9
7
10
9
7
6
6
4
6
1
8
6
6
7
3
9
6
5
2
10
5
3
2
6
6
3
1
9
6
9
9
2
2
6
4
2
7
5
8
9
7
9
10
5
2
4
1
5
3
2
9
5
5
9
6
2
4
3
3
10
3
9
5
5
8
2
6
7
4
2
4
9
4
2
2
1
8
3
2
1
9
4
5
2
5
6
7
3
7
8
2
6
10
8
9
4
6
4
6
6
4
1
3
5
5
10
9
8
2
4
7
10
9
10
7
6
6
8
6
10
9
7
2
4
2
7
1
2
4
2
7
9
10
2
9
9
6
3
5
1
2
9
8
9
5
6
4
4
4
3
4
7
4
6
9
4
4
4
3
4
5
2
2
10
9
3
1
5
10
2
4
5
8
9
3
8
8
8
9
8
6
9
7
9
3
8
7
6
3
6
2
5
8
2
10
3
6
2
10
10
4
10
5
6
8
3
3
9
1
9
9
7
9
7
5
8
9
3
3
8
4
2
9
5
0 758 11
0 116 11
1 414 12
1 874 12
1 238 7
1 625 13
2 134 5
2 728 12
3 442 12
3 165 7
4 459 11
4 585 9
4 274 11
4 186 12
4 883 11
5 903 9
5 309 10
6 189 9
6 136 12
6 515 13
6 602 12
7 625 9
7 694 12
7 82 9
8 944 10
8 979 10
8 15 16
8 994 12
8 825 9
9 755 14
9 410 10
9 640 10
10 439 12
10 360 11
10 820 10
11 711 9
11 310 7
12 656 13
12 36 14
12 413 10
12 207 8
13 156 11
13 820 9
14 451 8
14 907 10
14 746 8
15 952 13
15 343 12
15 965 8
15 77 10
16 524 10
16 813 8
17 833 10
17 50 11
18 706 8
18 616 9
18 655 11
18 522 9
19 604 8
19 59 11
19 164 10
20 815 11
20 130 12
20 902 10
20 934 13
21 581 9
21 206 9
21 328 13
21 499 12
22 979 12
22 397 9
22 429 7
23 541 14
23 99 10
23 967 11
24 864 12
24 141 12
24 570 13
25 169 10
25 323 11
25 743 12
26 540 13
26 775 10
26 203 12
26 78 11
27 70 12
27 184 9
27 302 11
28 630 9
28 520 11
28 431 10
29 681 8
29 970 11
30 789 9
31 403 12
32 445 10
32 643 13
32 972 14
32 846 14
33 929 10
18 33 9
34 317 12
34 539 12
34 424 10
35 374 12
35 463 12
35 969 13
36 451 5
36 396 11
36 82 10
37 263 13
37 87 10
37 59 10
38 670 7
38 354 12
3 38 13
38 571 9
39 794 10
39 996 10
39 352 9
39 238 12
40 138 10
40 658 8
41 692 12
41 178 9
41 755 9
42 702 13
43 200 12
43 813 10
43 285 9
43 352 12
44 149 12
44 194 8
45 318 11
45 144 7
46 592 10
46 954 8
47 361 12
47 94 8
47 166 5
47 804 7
48 278 13
48 600 10
48 903 7
48 691 9
49 115 8
49 991 9
50 412 12
50 521 11
50 706 13
50 371 8
51 786 12
51 348 11
52 483 13
52 468 10
52 984 8
53 479 11
53 868 7
53 337 12
19 54 9
54 776 9
55 667 8
55 699 16
55 388 10
56 868 9
56 166 6
56 524 9
56 85 10
57 73 11
57 81 7
58 770 12
58 897 11
58 60 12
59 591 11
4 59 11
59 142 9
60 545 10
60 782 9
61 423 8
61 367 9
62 144 11
62 67 10
62 887 13
62 856 11
63 638 9
63 69 10
63 634 12
63 810 10
64 775 10
64 417 13
64 231 15
65 163 13
65 503 10
65 231 10
66 775 10
66 496 8
67 831 11
67 501 7
67 168 12
0 67 7
68 155 8
68 211 10
68 461 12
68 895 15
51 69 9
69 582 9
70 289 11
70 848 13
70 567 11
70 662 8
71 960 9
71 635 8
71 623 13
72 160 10
72 448 13
72 503 9
72 186 11
73 86 10
73 956 9
73 795 12
74 783 10
74 346 11
74 956 6
74 943 8
75 165 11
75 422 9
75 209 14
75 692 9
75 677 8
76 203 9
76 436 9
77 761 11
77 220 12
77 924 7
77 825 13
78 81 12
78 817 12
79 836 9
79 484 11
79 580 10
80 925 10
80 774 11
80 427 11
81 226 11
81 594 11
81 568 12
81 865 9
82 853 12
82 341 10
82 228 10
82 278 11
83 166 10
5 83 10
83 241 10
48 83 10
83 339 10
84 211 13
85 459 12
85 579 8
85 919 7
85 176 9
86 266 10
86 284 11
80 87 14
87 926 9
87 226 8
87 135 12
88 400 11
88 653 12
88 168 12
89 230 8
89 404 11
9 89 10
89 773 12
90 657 10
91 973 11
91 938 8
91 868 13
92 975 9
92 131 11
92 244 13
93 951 14
93 452 10
93 665 8
94 608 12
94 369 8
59 94 11
84 95 10
96 262 12
96 150 10
96 620 6
97 937 12
97 684 8
97 171 10
97 774 13
98 754 10
98 157 11
98 585 11
99 494 12
99 123 10
99 585 11
100 965 12
100 500 13
100 678 10
101 157 10
101 932 7
101 994 9
101 458 12
101 602 12
102 858 7
102 741 11
102 333 10
103 942 10
103 175 10
103 901 9
31 104 10
104 762 11
105 539 9
105 953 12
105 736 14
106 843 11
106 964 13
106 389 10
106 919 14
107 749 11
107 982 10
108 524 9
108 330 12
109 383 8
78 110 9
111 519 10
111 409 10
112 788 10
112 278 13
112 920 10
112 524 11
113 140 9
39 114 12
114 397 10
114 684 10
115 931 6
115 994 11
79 115 11
116 257 10
116 988 9
116 381 9
117 705 15
117 254 8
117 479 12
118 666 11
48 118 8
119 135 9
119 716 10
119 594 10
120 430 9
120 763 10
35 120 10
121 672 11
121 214 12
122 557 9
122 362 12
122 549 14
123 216 14
123 403 9
123 350 10
124 410 10
125 340 10
109 125 11
125 520 14
60 126 10
126 946 12
126 564 14
127 604 10
127 429 13
127 306 11
128 188 9
128 492 11
129 245 14
129 364 10
129 430 9
130 248 13
130 244 10
131 298 13
131 617 11
131 461 9
93 131 12
111 132 10
20 133 12
133 978 10
134 231 11
106 134 11
135 799 9
135 638 9
135 910 9
135 496 10
135 633 14
136 365 11
136 323 11
136 399 11
99 137 9
137 576 12
137 820 16
138 579 12
138 784 12
138 884 10
139 481 10
139 377 10
140 452 9
140 901 6
140 671 9
141 199 14
141 380 10
141 146 12
141 517 10
142 629 8
142 441 10
142 781 11
142 221 9
143 946 10
143 175 14
143 577 12
144 681 9
144 955 12
144 546 9
144 239 12
145 987 10
146 780 9
146 666 12
146 802 8
146 878 11
147 248 9
147 173 11
147 363 9
147 810 11
148 592 12
148 895 11
148 913 14
148 439 9
149 406 7
149 522 11
150 385 10
150 310 8
150 395 10
151 299 7
151 482 11
86 152 9
152 723 9
152 353 12
153 321 11
153 262 15
153 524 10
154 596 8
154 289 9
154 670 10
154 172 11
119 155 7
53 156 9
156 537 14
156 700 6
157 725 11
157 734 11
157 574 11
158 445 12
30 159 10
160 658 10
160 610 10
160 737 11
160 600 9
161 451 12
161 365 15
162 307 12
162 775 7
162 632 11
163 238 10
163 705 7
163 589 9
164 845 11
164 733 15
47 164 7
165 191 10
166 763 11
166 279 8
166 471 10
167 264 13
111 167 8
167 990 10
98 167 11
168 996 6
168 210 11
168 530 14
169 367 8
42 169 11
23 169 10
170 620 9
170 647 12
170 835 10
171 301 10
171 480 13
172 497 10
172 423 7
173 720 10
173 930 10
174 775 12
161 174 14
174 611 13
175 220 11
5 176 7
176 238 7
39 176 10
176 558 14
177 978 11
40 178 10
178 256 13
178 475 10
37 179 14
174 179 7
109 179 14
180 566 9
180 335 9
181 604 11
181 571 13
181 974 11
134 181 10
182 621 11
182 669 11
182 960 9
54 182 11
183 658 13
161 183 12
183 411 10
184 231 8
184 698 11
184 751 9
185 978 9
185 848 15
185 623 8
185 611 9
186 583 10
75 187 9
187 457 10
187 679 9
187 498 13
188 940 12
188 396 13
189 487 9
81 189 10
189 481 9
190 283 12
190 481 10
190 838 10
191 479 10
191 199 9
191 327 11
191 324 9
191 937 10
192 654 8
192 934 13
115 193 11
193 618 12
26 193 10
194 328 12
194 380 11
194 673 11
195 599 9
195 658 13
195 639 10
195 685 11
196 927 14
196 800 14
197 260 11
197 254 5
197 864 12
197 491 12
197 664 9
198 590 9
198 333 11
198 465 11
198 437 15
199 921 11
199 852 9
199 788 11
200 267 9
200 219 11
201 323 11
201 336 8
202 545 9
202 671 12
83 202 9
203 385 9
204 880 14
205 426 9
205 425 12
205 308 11
206 980 10
206 286 8
206 409 9
207 617 10
207 958 14
208 670 6
208 665 11
208 894 12
209 996 9
209 299 10
209 393 9
209 292 10
210 883 14
210 797 6
211 601 10
211 262 11
211 460 13
212 236 12
61 212 13
213 937 9
214 999 8
215 482 12
215 551 12
216 736 11
216 896 10
216 727 13
217 960 13
217 562 9
217 226 10
25 217 8
218 981 11
218 591 12
218 618 9
219 900 12
219 633 11
188 219 14
220 263 15
220 782 11
205 220 13
220 787 13
220 291 17
220 631 12
221 509 13
221 814 13
221 852 8
151 221 8
222 692 12
222 400 11
222 755 10
222 274 13
223 760 12
223 962 12
223 638 8
223 695 15
223 692 15
224 634 11
224 684 13
224 743 9
225 775 11
225 673 10
225 251 7
226 712 11
226 735 7
226 423 9
199 227 11
227 635 11
227 356 9
227 815 11
228 794 10
228 981 11
228 727 7
228 979 10
229 979 10
229 403 15
229 875 12
229 487 10
100 230 9
230 603 9
230 933 13
230 991 10
231 733 12
231 517 13
232 602 9
232 728 14
232 255 11
233 657 13
233 571 14
233 697 12
233 567 9
234 662 11
234 487 12
234 931 12
235 468 10
235 707 8
236 904 10
236 533 12
236 777 5
236 348 13
237 598 8
237 631 11
237 291 14
238 981 9
238 434 11
35 239 10
239 480 10
240 363 8
240 663 10
172 240 11
240 599 14
241 482 10
241 296 10
241 974 13
241 719 13
242 839 12
242 674 13
242 442 13
242 504 11
243 980 10
243 596 11
243 630 12
243 551 11
243 405 14
244 352 11
173 244 7
244 996 7
245 823 9
245 862 10
245 483 10
245 970 11
246 461 12
246 522 13
246 634 8
246 799 13
247 728 10
49 247 7
248 418 11
248 518 14
249 434 10
249 796 9
249 705 11
250 978 13
3 250 11
250 567 9
99 251 10
251 993 11
252 549 11
252 807 12
252 634 9
252 333 11
253 340 8
253 873 9
253 845 11
253 436 10
254 530 14
254 888 9
254 559 8
10 255 10
237 255 12
256 599 15
33 256 11
257 503 11
128 257 10
257 406 12
220 258 11
58 258 9
259 669 13
259 346 12
259 602 7
259 902 9
227 260 9
216 260 13
260 636 9
260 839 11
261 338 8
261 942 14
112 261 8
261 763 11
262 295 11
262 918 11
262 809 10
249 262 10
262 428 6
263 346 12
263 545 11
264 499 10
264 977 10
265 714 11
265 895 10
265 812 14
265 355 13
266 677 13
266 542 6
266 550 10
266 803 14
46 266 10
29 267 11
267 281 12
267 541 9
268 927 11
268 624 11
94 268 10
67 268 11
269 933 11
269 988 10
270 358 15
270 398 11
270 762 13
270 833 11
271 690 8
271 984 12
214 271 12
272 942 15
52 272 7
142 273 10
273 626 7
273 686 15
273 319 11
274 891 13
274 282 9
274 576 10
254 275 14
275 465 10
275 714 11
276 639 14
174 276 11
276 809 12
173 276 10
277 613 9
277 845 9
277 460 10
18 278 12
278 920 8
278 404 9
278 734 11
279 762 12
279 919 12
181 279 12
280 941 11
281 470 10
154 281 10
281 760 10
281 807 11
55 281 11
211 282 13
34 282 9
282 480 13
57 283 12
284 701 9
284 409 14
284 379 11
285 927 8
285 652 9
285 352 12
32 286 13
150 287 10
287 978 13
287 479 11
288 975 14
205 288 9
288 764 12
289 902 13
289 793 14
32 289 11
290 860 9
290 858 12
290 600 9
197 291 13
164 291 11
291 835 9
292 768 12
292 621 12
292 589 16
212 292 11
292 831 8
293 420 10
293 824 8
294 672 11
294 673 10
171 294 9
294 494 6
144 295 13
295 457 11
296 512 13
296 892 9
296 380 9
297 499 13
223 297 12
298 750 13
298 621 9
299 872 16
121 299 12
95 299 9
50 300 10
300 604 10
301 586 7
301 784 8
301 757 11
62 301 8
102 301 9
302 841 12
302 671 6
3 302 10
303 429 12
303 512 10
303 759 11
303 371 13
303 761 11
231 304 10
288 304 10
304 349 11
304 440 11
304 999 8
305 466 8
305 493 10
97 305 9
111 305 10
306 675 12
307 599 10
307 325 15
222 307 11
308 342 10
308 781 11
309 854 12
255 309 9
238 309 10
310 421 10
310 746 9
310 627 9
310 632 12
311 979 10
311 782 11
50 311 10
97 312 14
252 312 14
312 976 9
72 313 6
313 992 11
313 943 13
313 453 9
314 576 10
314 875 7
18 314 11
235 315 8
315 513 13
315 512 13
316 723 9
316 367 10
316 871 13
317 893 9
172 317 8
317 436 11
317 665 11
299 318 10
318 868 9
171 318 10
318 580 13
196 319 5
319 388 12
320 921 14
320 709 7
321 380 9
321 711 11
198 321 9
321 588 12
321 998 12
76 322 9
317 322 11
193 322 11
322 561 9
323 341 8
323 893 11
323 569 9
324 359 9
160 324 8
324 360 14
168 325 14
325 568 12
326 734 10
326 738 12
326 998 12
8 326 13
327 961 12
327 605 11
327 980 11
107 327 12
255 328 13
195 328 12
30 328 10
328 932 9
329 531 13
330 823 10
220 330 13
330 500 10
330 333 10
296 331 11
37 331 13
332 832 12
220 332 10
333 770 10
333 956 7
333 488 9
62 333 15
334 476 9
334 801 10
334 942 8
134 335 11
335 420 9
134 336 9
336 880 8
303 336 8
337 843 11
337 897 11
337 635 10
337 574 11
337 628 11
338 771 12
338 921 8
169 338 12
338 814 14
339 815 9
340 739 13
340 565 11
340 901 9
341 762 9
226 341 12
163 342 10
261 342 10
342 765 11
343 880 11
343 495 10
343 914 10
230 343 13
210 344 12
344 851 16
345 730 15
40 346 12
110 346 13
62 346 15
150 346 10
337 347 13
347 554 10
347 506 12
347 444 9
14 348 15
225 349 11
179 349 10
21 349 10
349 834 11
350 734 8
306 350 10
213 350 10
350 566 12
295 351 12
125 351 12
217 351 11
351 646 13
147 352 9
352 579 7
317 353 9
75 353 10
137 353 11
133 353 12
183 354 10
354 619 13
354 614 11
355 538 10
355 643 13
355 910 13
355 711 9
356 595 8
356 908 12
357 803 13
8 358 13
358 832 9
358 457 12
182 359 10
50 359 11
359 485 10
317 360 12
360 823 11
360 973 12
205 361 11
361 913 14
362 529 14
362 416 5
190 362 9
362 706 11
363 880 12
363 707 10
363 496 10
363 456 11
259 364 9
364 494 9
277 364 7
365 699 13
164 365 12
366 830 10
100 367 10
367 959 10
20 367 10
255 368 9
368 541 12
368 427 13
369 456 14
369 560 8
369 926 11
369 938 9
370 624 10
370 386 10
258 371 11
65 371 11
196 372 6
364 372 9
372 923 11
372 623 14
253 373 9
373 391 13
37 373 11
53 373 10
374 476 11
374 971 7
374 700 13
374 401 11
375 845 12
273 375 12
368 376 10
149 376 14
57 376 9
215 376 10
377 618 10
208 377 9
24 377 10
51 378 8
273 378 10
378 880 11
378 628 13
55 378 14
379 574 12
379 675 8
216 379 7
380 994 13
380 650 10
70 380 11
380 534 10
381 932 7
49 381 10
381 462 11
265 382 12
339 382 8
383 812 10
383 972 13
384 776 7
376 384 9
123 384 12
384 729 10
385 505 8
385 953 11
343 385 11
385 585 13
386 504 9
386 952 13
386 824 10
48 387 12
387 554 13
387 901 11
388 822 15
325 388 10
375 388 12
360 389 13
389 578 12
389 776 9
390 444 10
390 627 11
390 397 14
391 944 11
61 391 10
163 391 8
226 392 9
392 513 11
392 769 11
393 863 9
393 495 9
117 393 9
394 520 8
352 394 11
394 453 11
395 873 8
182 395 10
348 395 11
395 820 11
396 442 11
396 906 9
155 397 10
397 769 12
363 397 11
355 398 9
399 638 10
399 830 10
399 603 13
400 676 10
385 400 7
19 400 11
6 401 11
401 497 12
178 401 9
76 401 10
402 622 10
402 748 10
402 665 12
402 791 7
402 617 11
403 984 6
403 816 11
37 403 10
205 403 7
404 606 12
404 812 12
404 531 10
405 502 11
405 570 10
164 405 13
405 849 10
406 475 10
406 679 12
156 406 9
406 746 11
407 881 10
407 449 11
407 713 12
408 440 11
408 591 7
408 710 11
408 446 7
118 409 12
409 716 10
236 409 11
3 409 10
65 410 9
203 410 10
410 650 7
202 410 10
411 838 8
164 411 10
412 977 12
12 412 12
412 457 11
413 495 12
413 976 11
413 443 15
344 413 11
414 822 7
414 765 11
414 706 10
415 860 10
105 415 10
365 415 10
150 416 12
138 416 12
284 416 12
417 932 10
417 791 11
24 417 10
417 688 13
418 818 10
296 418 13
418 791 11
418 885 8
49 419 6
419 747 14
67 419 6
106 420 8
420 625 7
38 420 12
420 816 8
135 421 10
422 735 10
193 422 10
422 571 10
422 530 15
423 852 9
149 423 10
424 801 10
424 838 8
214 425 10
425 934 11
425 517 10
426 764 12
397 426 9
426 624 11
86 426 10
427 976 8
126 427 8
428 617 8
428 796 10
232 428 7
429 884 13
429 996 9
274 429 11
344 430 11
431 586 10
394 431 10
167 431 9
431 631 15
316 431 8
432 533 11
229 432 10
325 433 10
218 433 10
433 808 13
202 433 12
434 552 14
67 434 9
434 630 13
435 961 12
391 435 9
435 542 11
436 960 12
235 436 13
268 436 7
437 674 9
392 437 10
139 437 9
437 924 10
438 968 14
439 920 10
384 439 12
439 528 10
223 440 6
440 830 9
440 977 8
441 724 11
322 441 12
441 600 10
441 994 13
442 693 10
442 589 11
222 442 11
443 652 12
187 444 10
444 561 10
445 995 8
383 445 13
445 849 14
2 445 13
358 446 10
446 789 11
446 589 11
447 948 14
447 977 8
357 448 7
29 448 11
449 566 12
449 730 8
449 912 9
450 455 12
450 688 16
400 450 12
383 451 11
452 734 10
452 894 8
339 452 11
452 925 11
276 453 10
402 453 11
453 490 9
453 652 8
114 454 8
299 454 10
454 969 10
177 455 10
455 585 13
455 989 11
456 872 11
456 461 12
456 556 8
456 963 6
457 505 9
382 457 9
457 607 11
107 457 11
458 976 13
458 487 10
305 458 7
98 458 11
459 582 8
307 459 9
380 459 14
460 839 12
425 460 11
461 894 10
461 898 10
461 517 11
159 461 9
72 462 10
383 462 8
387 462 12
140 462 11
189 463 12
58 463 7
35 464 8
464 728 11
232 464 10
224 464 10
465 956 11
465 684 11
135 465 11
415 465 10
465 624 13
222 466 13
28 466 9
296 466 11
257 466 12
408 467 9
467 584 13
468 582 11
281 468 11
199 468 13
21 469 11
469 761 11
441 469 14
229 470 9
470 520 15
470 565 10
470 858 10
471 707 11
401 471 9
471 631 12
471 520 9
472 783 9
472 480 9
386 472 8
473 742 11
474 532 13
360 474 6
177 474 9
103 475 7
302 475 13
476 745 13
420 476 9
476 932 14
140 476 10
477 728 10
464 477 12
477 803 10
478 557 9
478 489 10
479 850 11
479 696 14
322 479 11
130 479 10
471 480 13
450 480 7
481 529 11
426 481 14
481 879 11
131 481 9
286 482 9
34 482 11
482 597 13
193 483 11
483 541 12
462 484 8
484 946 8
0 484 11
447 485 9
470 485 6
485 899 9
30 486 9
466 486 14
486 877 13
487 868 7
487 938 11
487 986 9
15 488 11
488 991 12
374 488 10
104 489 9
489 880 13
354 490 9
485 490 11
490 957 11
338 491 12
133 491 8
352 491 11
144 492 7
492 740 8
15 492 11
234 492 9
311 492 4
493 873 8
493 945 12
493 753 8
493 724 9
63 493 11
3 494 10
494 565 10
494 622 11
494 540 10
495 507 13
495 993 11
194 496 11
171 496 9
497 923 7
221 498 12
222 498 8
498 998 9
290 499 11
368 499 11
215 499 10
499 925 8
500 843 5
358 500 13
321 500 11
501 684 10
268 501 9
502 951 9
243 502 9
502 941 11
503 832 12
32 503 9
503 661 8
504 877 10
185 504 12
504 625 15
214 505 12
437 506 8
292 506 8
176 506 9
506 685 11
461 507 9
507 541 10
507 912 8
508 899 9
381 508 11
117 508 10
508 737 10
498 508 9
509 902 12
45 509 12
106 509 11
31 509 9
287 509 8
510 934 11
278 510 11
510 828 13
433 511 8
512 940 11
333 512 12
512 612 14
143 512 10
421 513 10
513 592 15
513 899 10
513 527 11
514 529 10
515 766 7
336 515 11
515 646 10
391 516 9
476 516 13
69 516 9
321 516 10
408 517 12
422 517 12
359 517 11
38 517 13
518 901 11
518 654 12
411 518 9
519 737 9
51 519 14
57 519 12
519 800 12
520 752 9
520 875 10
521 988 14
521 954 9
278 521 8
209 521 14
522 747 11
53 522 14
11 522 13
522 633 8
422 523 14
523 525 10
523 583 10
524 807 11
524 948 10
524 985 10
442 524 12
524 538 10
524 932 13
525 563 9
525 999 11
525 906 11
500 526 10
383 526 10
411 526 9
526 568 10
526 988 11
527 887 9
290 527 8
527 864 13
528 590 11
528 935 14
177 528 11
43 528 8
310 529 6
223 529 8
260 529 9
383 530 9
306 530 8
247 530 6
530 701 15
351 531 12
531 836 11
531 988 10
532 773 11
532 721 6
532 556 9
533 805 11
11 533 9
534 952 7
13 534 12
94 534 11
534 870 8
535 796 13
78 535 11
350 535 9
536 654 11
106 536 14
537 849 13
537 709 10
538 710 16
538 843 12
538 625 13
428 538 11
228 539 8
539 800 11
539 949 14
475 539 12
410 540 8
541 787 10
359 541 11
79 541 9
542 723 13
542 644 13
347 542 8
542 639 9
543 851 9
543 650 10
407 543 11
340 544 10
76 544 9
544 799 9
378 545 10
545 647 12
546 973 10
386 546 12
547 750 10
547 646 10
547 571 12
548 729 11
548 860 12
548 660 15
289 549 7
218 549 14
549 936 8
549 985 10
550 802 12
145 550 5
5 550 13
146 551 8
112 551 8
177 552 8
547 552 15
552 760 9
553 640 7
553 651 11
186 554 11
554 724 11
554 644 7
512 554 10
555 597 8
555 835 9
555 708 9
234 556 11
556 749 13
310 557 7
557 724 10
557 721 12
103 557 11
390 558 16
558 610 10
46 558 10
559 683 7
142 559 8
144 559 11
475 559 14
560 797 10
344 560 10
336 560 13
561 757 12
561 945 9
133 561 13
27 562 11
340 562 10
291 562 9
563 647 9
168 563 16
528 564 9
564 987 12
193 565 11
565 670 11
565 745 12
56 566 13
118 566 11
137 567 10
182 567 8
20 567 11
568 762 12
568 892 10
0 568 8
569 854 8
260 569 13
86 569 11
43 570 12
357 570 13
47 571 9
571 721 10
572 870 7
572 744 8
444 572 12
572 736 13
534 573 10
143 573 8
398 574 9
382 574 10
575 842 11
575 625 11
556 576 10
455 576 9
576 976 11
99 577 10
233 577 10
577 746 8
526 577 11
578 793 15
578 865 12
579 914 12
492 580 11
41 580 8
44 580 12
581 606 11
581 689 7
306 581 8
581 886 6
581 793 13
142 582 9
549 582 12
583 975 13
583 964 9
583 690 11
167 584 14
584 763 13
124 585 9
155 585 11
585 595 10
148 586 10
587 597 13
48 588 14
506 588 13
589 883 14
470 589 12
35 589 10
320 590 12
590 736 10
364 590 15
590 881 11
352 591 9
328 591 8
194 591 13
592 836 11
592 762 9
192 593 9
372 593 13
594 908 15
594 607 10
595 908 13
30 596 7
310 596 10
437 597 12
347 597 13
597 688 13
598 879 10
564 598 12
598 743 9
566 599 10
500 599 9
126 600 13
152 601 10
367 601 9
336 602 11
238 603 12
19 603 10
405 604 11
604 607 13
555 605 8
605 756 10
560 605 12
499 606 11
607 886 10
64 607 11
608 625 11
429 608 12
604 609 8
610 620 8
91 610 10
457 610 12
611 736 11
130 611 11
426 611 11
611 982 13
142 612 12
289 612 10
244 612 9
68 613 8
244 613 9
324 614 10
282 614 13
235 614 8
615 873 9
239 615 12
615 686 8
601 615 11
160 616 12
300 617 10
617 829 11
617 618 13
618 919 9
618 915 8
618 672 11
618 790 10
271 619 11
619 765 8
157 619 12
269 620 11
621 640 11
160 621 9
3 622 13
459 622 10
213 623 10
623 730 12
126 624 8
541 624 11
625 717 12
626 829 7
121 626 13
50 626 8
10 627 11
573 628 10
31 628 11
61 628 9
66 628 9
12 629 12
273 629 9
629 647 12
149 629 12
549 630 11
151 630 8
335 630 9
630 782 11
631 993 7
9 631 12
631 831 7
443 632 11
632 919 10
100 633 14
13 633 11
273 634 11
635 922 12
296 635 11
635 736 11
636 690 9
636 997 10
131 637 8
496 637 12
637 643 7
638 704 12
331 638 10
440 638 9
66 638 10
468 639 14
205 639 10
590 640 11
208 640 9
641 893 9
393 641 9
641 870 11
422 641 12
285 642 13
194 642 10
418 643 9
529 643 12
424 644 12
260 644 6
408 644 8
195 645 12
328 645 13
578 645 11
442 645 10
511 646 14
543 646 10
647 649 11
647 692 8
136 647 11
648 826 12
648 756 15
507 648 10
425 649 12
558 649 10
394 649 13
518 650 12
650 865 7
586 651 12
651 689 10
589 651 9
421 651 11
295 652 9
112 652 8
546 652 9
652 939 13
642 652 11
653 719 12
329 653 12
653 775 10
654 676 10
654 832 9
508 654 10
22 654 13
655 982 10
655 936 11
656 837 11
656 843 10
21 657 10
657 665 11
658 752 11
602 658 12
620 658 9
93 658 12
384 658 12
527 658 10
659 661 10
659 825 14
242 659 12
41 659 7
659 724 9
660 941 12
196 660 14
609 661 10
473 661 7
244 662 10
260 662 8
663 729 10
60 663 12
263 663 12
426 664 11
664 803 8
82 664 12
664 912 13
665 677 12
665 805 10
665 908 10
493 666 8
34 666 9
470 666 10
666 893 8
75 667 11
541 667 10
668 802 9
669 932 10
163 669 8
263 669 11
670 677 9
147 670 10
219 670 14
671 926 13
167 671 11
62 671 7
264 672 9
672 689 12
526 672 7
515 673 8
673 895 10
669 673 6
430 674 12
674 850 12
674 812 13
675 970 11
295 675 11
675 700 8
675 735 12
639 676 7
222 676 10
221 676 13
367 676 9
371 677 8
353 677 11
481 678 8
218 678 12
131 678 11
77 679 9
467 679 13
563 679 11
388 680 6
587 680 11
680 855 13
498 680 9
401 681 9
486 681 14
681 974 9
303 681 8
682 745 10
334 682 12
682 710 10
267 682 11
683 701 11
33 683 14
490 683 10
684 993 11
293 684 12
684 787 14
685 699 8
601 685 10
652 686 10
686 948 11
687 689 6
564 688 9
326 689 12
612 689 8
690 739 11
611 690 9
690 856 9
463 691 9
691 993 8
691 791 10
692 861 11
247 692 11
379 692 12
280 692 9
692 717 13
693 935 10
645 694 10
209 694 14
694 847 10
328 695 13
643 695 11
696 802 9
549 696 10
696 947 12
697 917 13
560 697 11
622 698 14
461 698 15
88 699 13
620 699 9
537 699 10
700 977 11
700 871 11
700 759 9
220 701 12
169 701 12
328 701 9
498 701 10
469 701 12
234 701 12
349 702 10
702 738 10
162 703 10
641 703 9
203 703 12
181 704 11
273 704 8
625 704 12
559 705 9
705 912 12
695 706 8
183 706 12
228 706 14
707 867 7
707 843 7
40 708 8
649 708 10
490 708 14
521 708 13
33 709 8
52 709 11
709 954 12
710 799 8
661 710 11
314 710 6
710 747 13
427 711 13
85 711 10
711 775 13
218 712 8
691 712 9
335 712 11
534 712 9
713 885 10
495 713 12
713 763 13
342 713 6
477 714 8
41 714 12
410 715 11
54 715 9
715 948 13
716 850 11
49 716 11
641 717 5
717 783 9
718 802 12
415 718 8
37 719 7
442 719 13
719 942 12
720 954 9
146 720 10
720 924 13
124 721 10
616 721 10
416 721 10
26 721 8
578 722 10
43 722 8
88 722 9
34 722 11
154 723 10
657 723 11
434 723 7
200 723 9
451 724 12
480 724 10
121 724 11
91 724 11
654 725 12
725 950 8
594 725 8
444 725 11
418 726 8
505 727 13
248 727 9
727 926 9
176 728 12
497 728 10
612 728 8
729 943 11
715 729 10
729 805 11
687 730 15
730 945 11
730 817 8
555 731 10
463 731 11
282 732 8
76 732 13
733 734 9
733 824 11
514 733 12
733 908 12
355 734 10
734 979 11
441 734 8
499 734 12
397 734 7
400 734 12
706 735 7
535 735 11
316 735 12
680 736 8
736 999 13
232 736 9
736 834 13
570 737 10
686 737 8
646 738 7
167 738 7
312 738 13
739 892 10
739 882 11
223 740 10
445 740 9
109 741 14
741 857 7
742 831 9
403 742 15
650 742 7
621 743 8
563 743 12
88 743 16
143 744 9
744 850 11
724 745 8
135 746 10
587 747 10
557 747 12
747 979 14
134 748 13
675 748 9
732 749 11
261 749 12
749 857 11
749 882 11
750 908 11
437 750 12
100 751 10
7 751 10
42 751 11
751 949 8
529 752 9
209 752 7
682 752 11
753 781 10
530 753 12
754 827 12
626 754 12
700 755 8
200 755 12
502 755 12
154 755 8
756 939 9
756 833 9
280 756 12
317 757 12
624 758 11
758 788 15
439 758 12
197 759 11
759 885 9
760 795 8
724 760 9
761 870 11
761 920 10
762 927 11
655 762 11
762 958 14
250 763 14
763 854 10
321 764 14
346 764 10
743 764 10
278 765 9
533 765 11
147 765 12
171 766 10
204 766 8
572 767 7
299 767 11
322 767 15
768 910 9
144 768 12
421 768 13
768 888 10
431 769 11
461 770 8
674 770 9
169 771 9
269 771 10
771 889 9
129 772 12
772 845 15
383 773 11
659 773 12
77 773 10
441 773 10
215 774 7
24 774 12
284 775 11
394 775 13
675 775 11
776 786 14
186 776 12
413 776 11
621 776 9
163 777 11
93 777 9
777 974 12
103 778 13
647 778 7
778 840 12
453 778 12
125 779 13
547 780 10
36 780 14
518 780 11
764 780 9
154 781 11
698 781 7
707 781 11
782 829 10
308 782 13
98 782 12
333 783 8
0 783 9
681 783 12
559 784 13
557 784 15
4 785 10
636 786 11
44 786 14
639 786 10
81 787 12
787 920 7
367 787 8
618 788 12
598 788 10
675 789 12
62 789 8
88 789 14
789 951 15
542 790 13
574 790 11
791 805 12
791 953 11
792 798 9
654 792 11
792 828 11
793 878 12
236 794 13
186 795 12
287 795 6
35 795 14
604 796 9
689 796 11
237 797 9
325 797 13
416 797 11
379 798 13
798 911 12
485 798 13
35 799 15
284 799 12
365 799 11
707 799 16
356 800 12
47 800 12
756 800 10
801 943 8
422 801 11
417 801 13
240 802 13
13 802 10
647 802 13
641 803 5
383 803 9
106 803 10
446 804 10
347 804 10
201 804 9
791 804 10
358 805 9
506 805 10
760 805 11
171 806 11
806 865 12
28 806 10
806 909 15
40 807 11
543 808 12
630 808 8
371 808 11
808 883 6
494 809 13
538 809 12
591 809 12
211 810 12
755 810 9
709 810 11
541 810 10
77 810 12
3 811 8
200 811 8
362 811 13
756 812 9
305 812 8
749 812 8
551 813 10
654 813 9
290 813 12
248 813 12
98 814 12
789 814 12
19 814 12
814 888 12
322 815 11
197 815 10
470 815 13
766 815 11
324 815 9
816 884 9
446 816 10
356 817 9
817 951 8
817 819 10
616 817 10
480 818 13
121 818 9
759 818 13
819 914 10
272 819 11
819 873 12
252 820 9
677 820 13
302 820 12
771 821 9
459 821 9
296 822 10
538 822 10
671 823 9
551 823 10
823 892 12
718 823 7
204 823 11
279 824 8
84 824 11
822 825 8
339 825 10
707 826 12
534 826 8
518 827 13
148 827 11
349 828 11
265 828 13
775 829 12
279 829 14
829 927 11
611 830 13
17 830 11
140 830 12
700 831 10
380 831 11
507 832 11
832 888 11
311 832 9
387 832 9
690 833 9
124 833 11
62 833 12
506 834 6
805 834 6
91 834 11
792 835 9
19 835 11
739 836 13
823 836 11
241 836 11
836 959 10
770 836 8
805 837 9
772 837 12
298 837 11
381 837 11
442 837 10
547 838 8
838 990 11
839 970 9
839 989 8
32 839 10
839 846 7
198 840 9
138 840 7
840 905 12
840 996 12
722 841 11
841 963 14
313 842 13
132 842 10
829 842 10
157 843 7
303 843 10
583 843 12
33 843 12
632 844 13
844 985 12
370 845 11
197 845 11
297 845 12
846 971 11
732 846 11
432 847 10
88 847 13
350 847 11
847 928 11
340 848 10
175 848 9
379 848 8
848 988 11
685 848 10
569 849 11
178 850 13
393 850 11
542 850 8
256 851 6
17 851 14
250 851 12
852 919 6
852 924 10
496 852 9
390 853 10
198 853 8
697 853 8
507 854 14
490 854 9
379 854 10
567 854 8
354 854 11
740 855 11
499 855 13
699 855 13
407 856 11
630 856 17
298 856 15
95 857 12
858 947 8
858 956 11
819 858 11
727 859 8
592 859 12
727 860 10
542 860 11
649 861 14
230 861 11
196 861 10
585 862 8
487 862 12
217 863 12
863 932 11
537 863 7
801 863 10
768 864 10
748 864 11
864 930 11
157 865 8
664 866 12
866 880 12
277 866 13
866 967 11
191 867 13
867 878 9
70 867 10
85 867 12
50 868 13
868 997 11
667 869 7
315 869 10
329 869 11
870 953 9
210 870 9
772 870 13
871 989 13
499 871 12
714 871 13
713 871 11
316 872 7
47 872 8
465 872 16
200 873 11
822 873 14
488 873 14
171 874 11
577 874 9
875 950 11
819 875 12
668 876 12
477 876 8
849 877 14
877 899 10
110 877 9
652 877 7
878 904 5
87 878 10
376 879 10
181 879 9
239 879 11
879 928 11
783 880 10
824 880 10
172 880 10
420 880 11
583 881 6
340 882 12
622 882 10
882 972 10
456 883 6
695 883 7
675 883 12
385 884 9
284 884 11
510 884 12
434 884 9
401 885 10
885 987 10
810 886 13
789 886 13
523 886 11
297 886 12
82 887 12
887 952 10
564 888 8
401 888 10
682 888 7
45 889 13
284 889 12
554 890 10
489 890 10
602 890 10
315 890 12
14 890 8
229 891 12
652 892 9
475 892 11
878 893 8
113 893 8
619 894 11
592 894 8
404 895 10
552 895 9
861 895 8
97 896 9
896 990 8
207 897 10
404 897 10
897 904 15
897 967 11
286 897 12
602 897 12
604 898 6
140 898 7
175 899 10
536 899 14
229 899 8
738 900 12
762 900 10
159 900 9
833 900 9
328 901 12
187 901 9
204 901 9
731 901 12
901 973 15
902 984 10
86 902 13
719 902 9
903 920 10
423 904 6
528 904 12
800 904 10
905 925 11
18 905 11
156 906 15
553 906 6
70 906 7
422 907 12
181 907 13
556 907 8
393 908 10
654 908 8
886 909 7
240 909 11
554 910 11
38 910 8
911 932 13
227 911 9
467 911 10
344 911 10
846 912 12
743 912 10
197 913 9
231 913 12
809 913 8
814 913 10
219 914 8
808 914 10
914 976 10
161 915 9
911 916 12
580 916 7
710 916 12
827 917 13
485 917 8
918 981 11
144 918 13
737 918 10
919 986 11
429 920 13
437 920 6
115 920 10
730 921 9
282 921 9
157 921 13
922 976 11
437 922 10
633 922 9
848 922 15
613 923 10
429 923 12
677 924 12
219 924 9
464 924 11
281 924 12
181 925 7
74 925 9
926 999 11
63 926 11
927 946 11
431 927 12
359 927 9
215 927 12
707 928 10
559 928 11
364 928 10
560 928 9
929 977 9
711 929 12
377 930 11
479 931 9
190 931 11
771 932 12
325 932 8
293 933 12
890 933 10
781 933 8
128 934 11
899 934 9
860 934 11
694 934 14
462 935 15
373 935 9
757 936 11
658 936 10
121 937 14
752 937 11
513 937 14
417 937 11
805 938 13
385 938 7
15 938 13
701 938 10
831 939 12
392 939 9
569 939 7
250 939 7
893 940 10
159 940 7
323 940 11
704 941 10
316 941 9
102 941 11
273 942 10
79 942 12
726 942 9
657 942 13
582 943 14
395 943 10
297 943 10
590 944 10
698 944 11
831 945 11
342 945 5
593 946 7
258 946 12
491 946 13
454 946 13
845 947 15
686 947 15
641 948 10
279 948 9
948 949 13
464 948 13
455 948 10
55 949 10
253 949 12
331 949 10
516 950 8
25 950 11
396 950 15
359 950 9
49 951 14
499 951 11
121 951 10
407 952 8
164 952 11
236 952 11
953 964 10
266 953 12
134 954 12
309 954 10
447 954 10
307 955 11
13 955 8
596 955 12
691 955 11
956 970 10
383 957 10
486 957 13
97 957 9
285 958 13
445 958 9
539 958 15
886 958 12
956 959 12
535 959 11
241 960 10
894 960 11
273 960 12
673 961 11
223 961 9
569 961 9
59 962 10
923 962 11
69 962 11
747 963 12
228 963 12
8 964 7
304 964 11
665 964 10
209 964 8
831 965 10
922 965 10
80 965 10
435 966 9
596 967 13
73 967 9
124 967 12
456 967 11
896 967 12
210 968 9
968 974 13
30 969 9
358 969 10
629 969 11
269 970 7
824 970 10
425 970 11
563 970 11
476 971 9
949 971 12
523 971 9
893 972 8
547 972 11
110 972 10
456 972 9
259 973 13
323 973 14
21 973 10
974 975 10
201 974 10
974 979 10
710 974 11
635 975 10
309 975 8
68 975 12
897 976 11
614 976 14
523 976 10
956 976 8
840 977 13
777 977 11
971 978 5
491 978 6
48 978 10
71 978 11
725 979 8
484 979 8
718 979 9
568 980 8
305 980 14
314 980 8
355 981 15
870 981 15
113 982 8
560 982 13
563 983 9
82 983 11
298 983 10
892 984 9
961 984 9
753 984 11
952 984 15
405 985 10
215 986 6
941 986 10
277 986 15
101 986 11
521 987 12
680 987 11
842 987 9
654 987 9
717 988 15
398 988 9
785 988 12
689 989 11
922 989 11
734 989 9
849 989 13
875 990 11
819 990 9
269 990 13
242 990 11
269 991 13
560 991 10
333 991 13
335 992 11
416 992 10
935 992 12
617 992 9
414 993 10
147 993 10
464 994 9
178 994 9
972 995 13
319 995 11
624 996 8
963 996 10
646 997 14
816 997 14
111 997 12
775 998 14
667 998 10
255 999 9
814 999 12
908 999 9
