100
0
3
7
2
7
3
3
5
3
5
4
3
6
4
4
4
2
8
7
3
9
9
6
5
5
3
7
4
2
4
10
9
2
6
4
10
5
8
8
3
7
3
9
7
8
7
8
7
6
9
4
9
7
5
6
9
2
3
3
6
2
4
7
4
5
8
10
5
1
3
7
7
9
8
3
8
1
9
5
7
8
8
9
9
7
7
6
5
9
2
10
2
6
1
8
3
9
1
9
8
0 88 10
0 2 9
0 29 13
0 92 10
0 99 11
0 84 12
0 76 10
0 13 9
0 55 14
0 44 10
1 45 13
1 34 14
1 36 13
1 81 8
1 85 11
0 1 12
1 7 7
1 35 10
1 9 10
1 27 11
1 56 11
2 68 11
2 97 8
2 88 8
2 49 9
2 81 13
2 7 12
2 20 11
2 75 12
3 50 9
3 34 12
3 98 8
3 68 9
3 54 9
3 43 12
3 12 9
3 38 13
3 13 7
0 3 9
4 29 9
4 77 13
4 8 12
4 13 9
4 35 12
4 15 11
4 90 9
4 24 16
4 53 13
4 5 11
5 21 12
5 52 9
5 15 10
5 34 11
5 36 10
5 16 11
5 83 12
5 56 8
5 68 11
6 45 10
6 22 13
6 89 11
6 32 13
6 79 8
0 6 8
6 73 12
6 19 10
6 69 17
7 72 14
7 64 12
7 62 9
7 22 9
7 29 13
7 83 6
7 60 12
8 16 12
8 51 12
8 68 12
8 84 9
8 76 13
8 61 11
8 21 8
8 74 9
8 58 12
8 62 14
9 48 10
9 28 11
9 41 11
9 77 9
9 25 10
5 9 8
9 59 12
9 20 11
9 50 7
9 78 8
10 84 10
10 61 11
10 59 10
10 36 10
10 57 9
7 10 11
10 46 12
10 47 11
10 33 12
10 19 7
11 75 9
11 45 10
11 68 11
11 39 9
11 25 10
0 11 13
11 27 6
11 90 10
11 53 9
11 35 14
12 31 10
12 41 9
12 35 13
12 45 6
8 12 9
12 62 10
12 92 8
12 77 14
12 69 13
12 83 12
13 64 11
13 94 9
13 69 8
13 80 12
13 46 10
13 42 7
13 70 10
13 75 11
13 88 12
13 90 11
10 13 11
14 45 10
14 41 9
7 14 9
14 35 12
14 28 12
14 60 9
14 57 13
14 62 13
14 67 11
14 83 10
14 82 12
14 97 14
15 29 12
15 23 12
15 59 10
15 92 12
15 62 14
15 32 8
9 15 12
15 97 9
1 16 14
2 16 11
16 48 10
16 40 7
16 63 12
16 19 12
16 80 11
16 85 12
10 16 10
15 16 10
16 42 5
17 25 6
4 17 9
17 92 9
10 17 11
17 19 10
17 72 11
17 80 9
3 17 9
18 59 12
0 18 9
18 42 10
18 23 8
18 66 12
18 62 8
18 25 10
17 18 9
18 95 9
18 50 12
19 72 14
19 69 13
19 40 8
19 24 14
19 81 10
19 47 18
19 38 13
19 59 9
7 19 11
19 86 10
15 19 14
20 44 11
20 27 10
20 76 14
20 59 9
20 58 7
7 20 10
6 20 8
20 50 12
20 39 10
20 45 10
20 82 10
21 76 13
21 86 12
21 60 9
21 57 11
21 84 12
21 85 10
15 21 9
21 43 14
22 72 11
22 29 10
22 84 12
22 33 11
22 24 10
22 32 10
22 47 12
22 75 13
22 39 10
11 22 12
22 52 13
3 23 11
23 48 9
1 23 8
23 75 12
23 90 11
23 35 10
23 38 11
23 33 7
23 54 9
23 57 11
24 37 12
24 88 13
24 99 10
24 71 7
24 40 10
24 50 11
24 86 11
24 60 9
24 43 11
24 97 9
25 60 10
25 64 13
25 89 9
25 87 11
1 25 15
25 36 9
15 25 18
14 25 12
25 91 8
25 94 12
25 48 12
26 48 8
14 26 9
20 26 10
26 39 12
24 26 14
26 96 15
26 57 11
26 89 10
3 26 12
27 68 12
27 37 12
27 62 7
27 93 12
27 74 11
13 27 8
27 83 12
27 69 10
27 51 11
28 79 10
28 49 11
28 76 13
28 98 12
12 28 7
28 82 9
28 97 8
28 86 9
17 28 13
16 28 14
29 99 7
29 80 8
29 60 10
29 75 14
29 79 12
29 32 9
29 76 12
29 77 10
5 29 8
15 30 12
30 94 11
30 60 10
30 66 6
30 73 11
30 33 9
30 54 14
30 70 12
30 81 7
30 96 14
31 97 10
7 31 5
31 54 12
31 73 10
31 63 9
31 67 11
31 93 11
31 51 12
31 84 13
31 83 11
32 61 11
0 32 7
32 44 12
32 51 12
32 81 12
25 32 10
9 32 10
32 88 11
33 41 12
28 33 11
33 36 12
33 59 10
15 33 10
6 33 9
33 48 13
7 33 8
21 33 11
33 87 8
34 65 15
34 45 13
34 80 13
34 98 12
16 34 5
34 48 10
28 34 12
34 70 15
34 68 10
34 54 13
13 35 11
35 90 13
35 74 12
35 60 10
35 88 10
5 35 8
35 80 12
35 55 13
35 37 12
35 77 10
35 64 10
13 36 12
36 92 11
36 39 11
14 36 9
36 83 9
36 90 13
36 49 10
36 47 12
36 74 13
36 67 9
22 36 9
23 37 12
7 37 12
29 37 11
37 55 8
37 62 12
11 37 7
32 37 8
37 59 14
2 38 11
38 71 10
38 39 13
38 56 10
34 38 13
38 63 9
38 82 7
20 38 7
38 83 10
39 61 11
33 39 6
39 55 10
39 50 5
39 75 8
39 44 14
16 39 11
39 83 10
8 39 11
13 39 12
39 81 11
5 40 9
40 89 8
40 73 11
40 50 8
40 59 7
21 40 11
1 40 8
26 40 8
40 56 13
41 99 9
8 41 9
29 41 8
28 41 9
40 41 12
3 41 11
41 48 9
41 61 11
41 79 9
24 41 10
4 42 12
42 88 7
24 42 11
42 54 10
42 43 11
42 86 10
42 81 13
37 42 11
23 42 10
43 81 10
43 71 11
31 43 11
20 43 6
43 54 11
43 63 8
8 43 14
43 82 14
15 43 12
11 44 13
21 44 14
6 44 7
44 84 7
44 54 13
5 44 9
18 44 10
42 44 12
44 98 10
44 50 9
41 45 13
44 45 11
5 45 8
45 59 11
27 45 11
45 90 11
7 45 9
24 46 10
46 74 10
34 46 10
46 59 12
21 46 13
46 89 12
41 46 11
42 46 8
17 46 9
46 94 13
19 46 9
47 79 12
47 91 14
47 67 11
4 47 10
47 95 14
42 47 9
13 47 10
37 47 8
47 61 10
18 47 9
5 47 6
18 48 10
48 73 8
48 59 6
48 61 12
20 48 9
44 48 10
4 48 10
37 48 8
45 48 11
44 49 13
23 49 9
11 49 15
49 65 10
49 57 13
49 81 10
1 49 14
49 67 9
49 58 9
49 50 8
50 96 11
16 50 10
50 73 6
50 77 11
17 50 13
50 61 12
50 67 9
31 50 12
50 72 14
50 91 11
23 50 9
51 58 11
47 51 12
44 51 11
29 51 11
51 59 11
51 64 10
51 90 13
51 80 9
35 51 10
52 63 11
13 52 12
52 90 9
52 70 10
52 53 9
52 95 6
52 97 10
52 88 7
37 52 8
53 86 11
16 53 9
53 59 9
53 85 9
14 53 7
24 53 13
8 53 12
15 53 10
9 53 13
45 53 10
53 68 9
54 66 7
54 91 8
53 54 10
27 54 7
12 54 12
51 54 7
33 54 8
32 54 10
16 54 13
55 96 7
8 55 10
55 98 8
55 56 14
55 97 10
6 55 9
24 55 11
55 93 9
55 59 10
42 55 11
35 56 12
8 56 7
56 91 8
45 56 12
56 82 9
33 56 10
50 56 8
56 83 10
56 79 14
11 56 11
56 75 9
53 57 7
54 57 10
57 99 9
57 86 9
57 83 9
15 57 11
39 57 8
11 57 9
57 73 12
58 72 12
12 58 8
57 58 8
58 69 12
4 58 9
58 95 11
53 58 11
50 58 12
27 58 12
58 82 10
38 59 11
59 87 7
59 94 13
56 59 12
57 59 11
59 60 12
22 59 14
41 59 12
21 59 10
59 97 10
60 80 11
42 60 8
60 70 5
60 98 12
56 60 12
20 60 9
41 60 11
34 60 11
60 85 13
61 83 11
25 61 9
61 62 11
3 61 11
36 61 10
61 94 11
61 67 10
17 61 12
61 87 10
61 89 10
62 70 6
25 62 12
59 62 11
62 67 11
62 87 12
16 62 12
62 69 11
35 62 12
36 62 9
9 62 11
20 62 6
63 84 8
4 63 12
63 86 9
25 63 12
3 63 10
27 63 9
56 63 11
63 91 11
11 63 11
64 88 11
64 80 13
55 64 11
0 64 11
64 93 10
34 64 9
57 64 13
58 64 12
64 82 8
32 64 6
26 64 8
43 65 8
16 65 12
25 65 13
27 65 11
10 65 13
60 65 12
52 65 13
24 65 11
54 65 9
59 65 11
65 85 14
42 66 11
66 87 11
47 66 10
66 74 10
16 66 13
66 70 8
39 66 9
66 80 9
66 98 13
4 67 12
12 67 10
67 95 8
15 67 11
67 88 13
17 67 12
67 73 10
67 78 10
24 67 11
68 94 14
15 68 11
37 68 9
22 68 9
65 68 9
35 68 11
68 84 8
44 68 11
68 98 10
39 69 10
16 69 10
2 69 11
69 99 9
42 69 11
69 92 7
31 69 13
63 69 11
69 77 10
69 89 11
33 69 10
70 92 15
14 70 11
65 70 9
26 70 8
16 70 8
70 97 9
10 70 10
59 70 12
70 83 11
47 70 5
68 70 12
2 71 15
71 83 8
71 95 11
47 71 12
30 71 10
26 71 11
71 92 12
71 90 11
72 95 10
38 72 10
61 72 9
70 72 12
49 72 12
60 72 10
72 81 12
57 72 11
72 82 14
10 72 11
34 73 9
18 73 14
16 73 10
26 73 12
15 73 13
73 83 10
73 92 13
20 73 12
73 77 13
58 73 8
74 92 9
63 74 10
21 74 9
14 74 11
74 82 10
51 74 14
74 97 13
11 74 8
3 74 7
18 74 15
31 75 13
51 75 10
34 75 9
35 75 13
21 75 11
71 75 9
15 75 14
48 75 8
38 75 12
62 75 11
24 75 12
4 76 11
68 76 10
55 76 10
14 76 9
35 76 12
71 76 7
43 76 12
72 76 10
23 76 6
44 77 11
26 77 13
77 79 9
8 77 11
64 77 11
77 84 7
34 77 12
45 77 10
37 77 9
2 77 10
78 94 11
22 78 9
47 78 11
58 78 9
61 78 7
78 83 12
12 78 12
29 78 12
21 78 11
41 78 11
43 79 13
67 79 7
13 79 11
48 79 7
8 79 11
79 97 11
79 83 11
31 79 10
79 92 9
63 80 14
49 80 14
80 90 16
36 80 12
77 80 11
40 80 12
58 80 12
24 80 10
1 80 16
17 81 10
37 81 9
60 81 12
54 81 11
31 81 11
81 96 11
33 81 12
27 81 11
26 82 13
22 82 9
61 82 6
60 82 11
11 82 10
23 82 7
76 82 14
67 82 13
29 82 8
0 82 8
82 94 13
4 82 12
13 83 15
83 95 11
20 83 10
49 83 8
52 83 8
10 83 9
41 83 9
0 83 12
83 87 10
84 94 10
71 84 9
47 84 6
6 84 13
60 84 13
24 84 13
84 95 10
51 84 10
84 87 12
76 85 8
59 85 9
52 85 7
66 85 10
27 85 11
51 85 12
19 85 10
73 85 11
15 85 13
77 85 11
80 86 11
86 87 13
47 86 6
29 86 7
27 86 15
49 86 14
7 86 10
73 87 12
77 87 12
87 92 15
48 87 8
87 94 11
58 87 11
52 87 15
68 87 10
57 87 9
88 90 10
70 88 10
10 88 7
44 88 9
65 88 12
41 88 9
3 88 7
40 88 13
45 88 2
88 91 9
31 89 12
35 89 12
4 89 14
81 89 9
59 89 12
67 89 9
30 89 10
70 89 11
89 94 8
14 90 11
56 90 10
90 93 10
54 90 8
75 90 8
7 90 8
81 90 11
20 90 14
63 90 12
57 90 10
10 90 9
43 90 11
14 91 8
91 95 8
66 91 10
28 91 14
84 91 14
64 91 9
29 91 14
40 91 13
79 91 12
5 91 11
91 98 12
51 92 6
20 92 13
92 94 12
53 92 8
13 92 12
81 92 6
45 92 9
24 92 8
43 92 10
60 93 11
65 93 12
12 93 9
66 93 9
92 93 9
93 98 17
29 93 7
20 93 8
4 93 13
51 94 10
58 94 10
27 94 12
81 94 13
31 94 10
1 94 10
45 94 14
16 94 10
64 94 12
52 94 13
59 95 11
93 95 11
32 95 8
51 95 11
23 95 7
26 95 10
5 95 10
14 95 13
37 95 14
21 95 8
6 95 11
35 95 8
13 96 11
57 96 14
47 96 14
58 96 9
96 98 11
96 97 9
37 96 10
7 96 12
44 97 9
33 97 10
82 97 12
65 97 8
13 97 9
53 97 12
81 97 12
22 97 11
78 97 10
16 97 11
37 98 14
24 98 11
97 98 11
35 98 11
31 98 12
48 98 8
54 98 8
95 98 8
13 98 12
57 98 9
98 99 12
36 99 11
23 99 11
65 99 13
46 99 9
49 99 11
95 99 7
89 99 12
14 99 12
67 99 14
86 99 10
