100
0
2
6
3
8
5
8
3
4
2
1
6
4
2
10
8
9
10
9
3
5
5
2
5
9
7
4
5
3
8
5
4
7
4
4
6
4
4
6
2
9
5
2
2
6
9
7
5
1
5
5
7
4
5
1
8
10
6
5
8
6
6
8
1
2
9
10
8
8
9
9
7
5
8
6
3
4
5
10
7
9
3
2
6
3
1
3
3
4
2
5
8
10
2
5
2
5
6
8
6
0 32 7
0 35 8
1 32 12
1 68 13
1 86 16
2 44 13
2 81 9
2 37 14
3 38 12
3 60 12
4 61 11
4 94 10
4 48 13
4 56 10
5 63 8
5 32 9
5 86 12
6 41 11
6 98 12
7 69 10
7 53 5
8 36 10
8 92 10
9 58 14
9 39 10
9 24 12
10 94 9
3 10 10
10 71 8
11 35 7
9 11 11
12 53 10
12 22 11
12 64 10
12 97 10
12 30 11
13 20 9
12 13 8
14 84 9
14 34 11
14 50 11
15 19 12
15 60 10
15 74 13
15 45 12
16 50 12
16 31 11
17 36 9
9 17 11
14 17 13
17 22 11
0 18 11
18 27 10
19 60 8
2 19 9
19 35 9
19 27 15
20 38 13
1 21 12
21 22 10
21 37 10
22 32 13
22 67 10
13 22 11
23 32 11
23 62 9
3 23 13
23 55 11
24 95 6
24 65 13
24 34 9
25 40 10
15 25 8
25 35 12
4 25 11
26 58 11
26 86 11
26 98 10
27 98 8
27 90 13
27 46 12
28 51 11
28 42 11
26 28 14
1 28 11
17 28 10
27 29 10
14 29 11
7 29 9
30 49 14
2 30 8
27 30 9
30 38 12
31 45 11
31 70 8
0 31 7
18 32 10
32 37 11
13 32 11
32 57 12
11 33 9
4 33 9
34 97 11
34 91 8
34 64 8
34 51 12
22 34 12
16 35 10
35 62 11
35 65 9
36 76 10
21 36 10
37 89 8
37 78 8
38 51 11
38 79 11
38 71 11
39 44 9
39 58 9
39 67 9
22 39 14
26 39 9
10 40 12
40 70 8
4 40 11
41 86 13
18 41 11
42 64 14
42 79 5
42 48 9
18 43 9
43 85 10
34 43 11
16 44 13
44 91 11
44 96 7
44 99 12
45 85 8
45 53 10
27 45 12
45 54 11
5 46 11
35 46 12
46 79 14
28 46 5
46 47 7
0 47 9
47 58 10
22 48 10
48 92 10
49 94 8
38 49 9
49 92 10
50 77 9
50 51 10
27 51 12
51 68 11
51 79 13
6 52 10
32 52 10
52 65 10
53 96 13
53 67 13
25 54 12
18 54 8
54 94 10
21 54 8
55 75 12
14 55 13
55 69 8
56 60 10
56 75 10
39 56 8
57 99 9
57 58 13
58 64 11
58 66 8
58 77 8
12 59 10
29 60 10
60 94 7
60 81 13
60 77 9
52 61 14
56 61 10
61 93 10
60 62 8
26 62 12
0 62 12
59 62 13
19 63 8
63 74 12
16 64 10
52 64 5
43 64 14
11 65 12
8 65 8
65 73 10
36 65 12
21 65 12
66 91 13
21 66 11
46 66 7
66 85 10
37 67 8
18 67 8
40 67 10
68 79 9
68 71 11
19 69 8
32 70 14
70 88 10
66 70 11
71 85 8
71 87 12
21 71 12
29 71 10
72 87 10
61 72 8
9 73 15
60 73 9
73 84 7
32 73 9
42 74 9
75 84 11
59 75 8
76 80 10
75 76 12
52 77 14
46 77 10
49 77 11
31 77 9
38 78 10
57 78 8
24 79 8
19 80 12
4 80 8
1 81 10
30 81 7
34 81 11
76 82 11
41 82 10
82 95 10
78 83 11
69 83 12
61 84 12
28 84 8
81 84 12
18 85 8
85 93 12
60 85 9
81 86 11
76 87 13
87 93 12
14 87 10
43 87 12
55 88 11
79 88 8
61 89 12
26 89 9
52 89 12
81 89 11
14 89 9
16 90 11
88 90 8
63 90 11
62 91 7
91 94 12
52 91 11
42 91 11
25 92 9
6 92 11
38 92 12
50 93 13
46 93 8
72 93 14
34 94 9
6 94 7
30 95 12
21 96 11
35 96 9
51 96 11
58 96 8
38 97 13
91 97 9
42 97 10
62 97 10
67 98 12
21 98 5
34 98 13
54 99 9
24 99 11
94 99 10
10 99 11
