100
0
10
1
7
7
4
8
6
1
5
7
2
2
3
2
3
6
1
8
6
9
6
3
5
6
4
9
10
7
3
10
6
2
4
3
4
7
2
10
10
5
9
3
8
9
3
10
2
6
1
1
8
3
5
6
4
9
9
8
8
6
7
5
2
3
5
3
6
4
7
10
2
8
3
8
1
3
2
7
7
9
1
3
2
4
3
6
6
3
9
7
7
4
8
6
2
4
9
4
7
0 66 10
0 36 10
0 51 15
0 80 7
0 91 12
1 42 10
1 6 10
1 61 6
1 22 12
2 38 7
2 25 8
2 13 13
2 42 9
2 64 14
3 80 11
3 75 10
3 37 8
4 21 8
4 62 11
4 13 5
4 56 16
4 96 11
4 42 11
5 6 11
5 7 7
5 39 7
5 38 10
5 70 14
6 15 13
6 76 9
6 56 9
0 7 11
7 13 14
7 54 12
7 26 10
8 16 9
8 62 13
8 14 13
8 29 10
9 13 15
9 16 12
9 79 10
9 19 9
9 59 10
10 28 13
10 50 6
10 99 11
10 88 12
6 10 9
5 10 9
10 26 11
10 15 10
11 70 13
11 19 9
11 28 11
11 54 9
11 27 12
12 50 12
12 31 9
12 85 9
12 77 8
12 45 13
12 22 12
13 14 13
13 25 13
13 41 7
13 85 12
14 48 10
14 57 9
14 75 8
14 21 10
14 74 14
15 47 8
15 97 9
15 33 8
15 99 11
12 16 9
16 91 14
3 16 13
16 24 12
16 57 8
17 39 13
8 17 10
17 59 9
17 35 8
18 73 9
18 91 11
18 67 11
18 19 9
18 65 9
4 19 13
19 95 10
19 97 9
19 24 11
20 91 10
12 20 8
20 50 11
20 79 12
1 20 6
20 89 11
21 62 10
21 63 13
21 87 13
21 34 7
21 28 13
21 46 10
14 22 9
22 29 12
22 40 10
22 81 9
14 23 9
23 39 12
8 23 9
23 49 12
23 44 13
24 68 10
2 24 9
17 24 10
20 24 10
0 24 11
24 41 12
15 24 11
25 82 8
25 57 8
25 42 13
25 66 11
25 33 10
25 52 8
26 96 10
26 31 10
26 41 10
26 83 10
26 94 8
27 41 11
12 27 10
27 72 10
27 63 11
28 85 8
28 73 13
28 35 13
28 96 9
28 57 11
29 50 14
29 54 10
29 75 14
29 33 10
30 79 12
30 65 12
4 30 14
30 91 10
12 30 11
31 95 13
31 96 13
15 31 11
31 67 7
31 72 9
10 32 12
17 32 12
32 72 11
32 65 8
19 32 13
33 52 7
22 33 13
33 89 13
33 41 11
4 33 9
34 39 10
34 51 13
34 77 12
35 54 9
35 86 12
15 35 11
36 90 8
36 89 13
36 99 13
36 98 12
36 53 10
36 54 9
32 37 12
12 37 12
7 37 7
33 37 9
37 40 12
38 78 9
38 66 11
38 81 12
4 38 10
37 39 12
39 76 8
39 95 7
39 49 8
39 58 10
25 40 13
40 95 9
40 68 10
12 40 10
23 41 8
41 92 10
41 51 12
41 43 13
42 68 9
42 57 10
33 42 14
26 42 10
42 50 7
43 62 13
0 43 12
43 86 12
43 93 11
43 89 10
25 44 16
44 91 11
44 56 12
44 57 12
44 88 12
45 96 13
45 53 7
45 95 9
10 45 11
46 51 10
31 46 11
46 69 11
46 77 10
13 47 9
35 47 12
18 47 8
14 47 12
40 47 13
28 48 9
48 54 9
48 86 12
30 48 7
28 49 11
20 49 9
49 56 12
17 49 13
48 49 15
49 65 9
16 50 8
50 57 9
50 62 10
47 50 12
51 91 11
31 51 9
51 97 9
51 99 12
8 51 7
11 52 10
52 63 12
13 52 13
5 52 15
52 95 9
53 83 11
10 53 10
53 68 11
51 53 11
9 53 12
53 63 12
54 56 12
54 77 14
52 54 9
46 54 13
5 54 5
2 55 13
55 59 9
55 72 12
22 55 13
56 83 10
31 56 11
53 56 10
18 56 12
56 95 11
32 57 12
57 95 11
37 57 9
45 57 11
12 57 13
31 58 12
53 58 12
11 58 8
0 58 10
0 59 13
58 59 9
47 59 12
27 59 8
44 59 10
60 66 13
60 81 11
60 76 8
36 60 7
45 60 11
60 69 13
60 78 12
61 84 8
17 61 9
34 61 10
7 61 13
39 61 10
61 79 10
7 62 9
56 62 12
62 67 13
36 62 9
62 63 12
0 62 12
63 84 9
63 77 10
33 63 9
0 63 12
63 73 12
13 64 10
64 67 10
24 64 16
39 64 12
38 65 13
37 65 9
58 65 10
13 65 13
45 65 11
31 66 11
8 66 13
66 69 10
18 66 9
67 72 11
16 67 11
4 67 10
26 67 10
67 73 9
20 68 12
68 90 9
68 84 13
68 72 12
43 68 11
69 97 6
8 69 10
51 69 12
14 69 10
11 69 9
35 70 13
58 70 9
6 70 10
51 70 10
33 70 11
71 72 11
71 74 11
71 90 13
58 71 10
66 71 10
3 71 10
35 72 8
33 72 12
72 83 8
59 72 11
73 85 11
73 83 11
20 73 9
73 87 13
73 96 12
18 74 10
10 74 10
64 74 9
52 74 9
75 86 10
75 97 9
68 75 13
63 75 11
37 75 11
57 76 12
61 76 11
76 80 7
42 76 8
76 87 10
44 77 7
60 77 12
53 77 12
15 77 10
40 77 12
32 78 14
62 78 13
44 78 11
37 78 10
25 78 13
10 78 9
27 79 11
35 79 9
33 79 8
79 89 12
40 79 11
54 80 11
80 97 10
77 80 9
80 92 8
30 80 11
80 91 12
48 81 9
47 81 9
81 88 12
68 81 11
81 82 12
19 82 11
50 82 11
82 98 12
82 85 13
82 93 12
82 83 7
43 83 11
9 83 11
10 83 9
83 95 10
6 83 12
9 84 12
24 84 7
5 84 9
84 85 11
49 85 12
83 85 7
60 85 11
69 85 11
51 85 13
16 86 10
22 86 8
79 86 8
69 86 10
84 86 14
60 86 13
67 87 13
43 87 10
56 87 11
10 87 13
33 87 15
88 90 14
24 88 7
16 88 12
5 88 13
41 89 13
59 89 9
11 89 12
16 90 12
19 90 12
25 90 12
4 91 9
87 91 9
17 91 14
42 91 12
75 91 11
25 92 11
10 92 10
64 92 9
34 92 8
28 92 9
82 92 12
81 92 11
30 93 11
68 93 10
27 93 13
92 93 9
47 93 13
59 93 8
41 93 12
17 94 12
89 94 9
53 94 12
67 94 11
0 94 13
36 95 12
78 95 9
10 95 13
93 95 10
23 95 7
48 96 11
5 96 8
19 96 8
84 96 7
12 96 14
11 97 11
53 97 13
8 97 11
54 97 11
46 97 11
22 98 14
29 98 12
76 98 11
70 98 11
23 99 9
18 99 9
28 99 11
33 99 10
72 99 9
