1000
0
8
5
8
9
6
2
6
3
3
6
6
1
5
4
6
3
1
7
7
6
7
1
6
7
5
4
7
1
7
9
3
4
5
2
10
8
3
7
5
8
9
2
4
1
9
9
5
9
3
9
9
4
9
4
3
9
2
1
9
8
6
2
1
4
10
9
5
2
8
3
1
5
1
9
7
7
7
2
7
5
7
1
3
2
1
6
4
10
4
1
10
7
2
8
2
10
9
2
1
2
6
2
4
2
3
8
7
9
1
5
2
10
9
9
9
9
10
6
6
7
5
2
5
4
9
9
3
8
7
10
8
1
6
5
7
8
1
9
9
7
8
8
4
4
9
8
8
5
4
7
6
9
6
3
2
8
4
10
6
3
7
1
6
5
1
8
5
5
4
7
5
4
8
6
2
10
8
9
10
2
2
10
5
2
6
2
8
5
2
5
4
6
3
3
4
6
6
7
6
8
9
6
4
3
2
10
8
6
8
2
9
4
9
9
7
1
3
5
8
1
10
10
1
6
4
8
2
6
3
2
9
9
3
1
4
5
10
6
3
7
7
9
9
9
9
3
6
6
3
3
9
2
2
4
6
7
7
7
2
8
6
6
1
4
4
2
6
7
3
2
7
8
6
5
9
8
7
4
6
5
7
8
5
7
9
8
4
6
2
2
5
1
9
10
10
3
2
2
7
2
6
7
4
6
4
3
2
3
4
5
10
3
5
2
6
9
2
4
7
4
2
7
6
9
9
6
7
7
6
7
6
6
3
7
2
4
3
5
9
8
9
2
3
7
8
7
7
6
7
1
4
6
6
6
8
8
8
4
9
9
8
8
4
3
3
9
7
5
10
3
5
1
6
5
5
7
6
10
9
9
7
5
7
1
1
5
8
8
1
6
8
10
5
5
6
4
6
6
3
1
7
10
5
2
9
9
1
4
9
9
5
2
5
9
6
2
4
4
9
10
10
5
9
5
6
1
6
8
7
6
2
5
6
9
2
4
1
6
8
5
6
4
5
6
5
6
10
7
8
9
4
7
7
8
6
5
8
2
2
3
7
4
7
10
9
3
5
3
5
4
5
9
6
3
5
8
3
6
9
2
6
7
4
7
7
3
5
3
8
8
7
1
6
10
4
4
8
8
2
4
9
7
7
6
8
1
8
6
3
10
2
2
4
3
5
2
4
5
7
3
5
10
7
9
2
4
8
4
8
4
5
5
4
3
6
3
4
5
8
7
10
3
1
5
7
7
9
9
6
1
5
5
2
7
5
9
8
5
6
7
9
8
5
4
7
2
3
8
6
5
4
5
6
8
10
5
1
5
9
8
2
7
4
5
8
5
2
4
7
9
7
3
5
6
3
5
5
9
6
1
2
2
4
1
1
5
2
3
9
6
2
4
3
3
9
7
9
9
5
6
8
5
5
4
8
3
1
9
10
2
9
10
9
6
7
1
1
8
4
1
4
9
3
6
8
2
1
4
10
7
4
9
8
6
8
9
8
3
9
7
2
2
3
6
1
5
7
9
2
1
2
4
2
6
8
6
3
2
8
3
5
5
2
1
6
2
2
6
10
3
2
5
7
6
8
7
9
9
8
1
2
10
5
8
9
10
3
9
3
3
4
1
1
5
8
6
2
10
6
6
3
3
4
8
10
6
4
6
9
10
7
6
2
8
9
4
2
3
5
8
5
3
8
3
8
8
7
9
7
7
2
4
7
5
4
9
7
3
2
4
5
4
7
7
6
8
5
3
8
4
9
5
4
10
2
6
2
1
7
7
4
3
2
3
2
2
5
2
3
3
3
7
6
7
6
9
3
3
5
10
6
4
2
6
9
7
2
9
8
1
2
9
7
3
6
5
8
9
6
9
3
4
2
2
5
7
5
5
6
9
5
3
7
2
1
7
3
4
9
9
10
9
7
3
3
1
9
6
2
2
8
4
9
5
8
2
1
6
7
6
9
4
2
2
7
2
10
5
10
8
5
2
3
2
9
6
3
10
3
9
8
6
9
7
6
5
5
10
4
3
2
8
9
4
7
6
5
4
2
9
2
8
6
8
9
9
1
7
5
2
3
7
8
10
4
1
8
7
2
7
10
4
10
4
5
8
6
8
1
8
7
2
7
1
4
3
6
8
1
8
4
9
7
8
4
6
3
3
4
4
4
9
3
6
8
5
4
7
8
6
2
10
7
9
7
9
2
4
3
6
6
4
9
7
5
5
6
9
9
6
4
9
1
4
2
2
2
4
1
6
6
8
8
2
6
6
4
1
10
0 107 13
0 359 10
1 70 8
1 142 10
2 927 9
2 901 9
3 520 11
3 76 10
3 796 11
3 181 10
4 345 8
4 339 11
4 801 11
4 535 11
5 55 12
5 455 10
5 885 9
6 421 11
6 667 9
6 298 13
6 439 9
6 372 12
7 921 11
7 545 12
7 379 10
8 406 13
8 425 13
9 456 13
9 291 12
10 946 12
10 405 9
10 468 8
10 450 13
11 742 12
11 849 9
11 998 12
12 881 10
12 815 7
12 818 10
12 216 10
13 591 12
13 372 13
13 955 14
13 714 15
14 119 9
14 483 8
15 21 11
15 799 8
15 664 11
16 551 11
16 580 10
17 493 10
18 601 11
18 658 10
19 653 12
19 496 9
19 130 11
20 806 5
20 333 8
20 963 11
21 283 9
21 447 12
21 665 7
21 302 11
22 167 13
22 540 8
22 240 10
22 304 7
23 749 9
23 61 11
23 297 10
24 407 7
24 872 10
25 448 14
25 205 9
25 810 9
26 349 13
26 755 9
26 947 11
26 213 12
27 145 7
27 247 12
28 932 9
28 554 10
28 573 8
28 569 16
29 182 7
29 347 11
29 960 10
29 209 8
30 962 13
30 743 9
30 564 11
31 650 12
25 31 9
31 617 9
31 850 10
22 31 10
12 32 10
32 956 11
32 911 10
32 384 9
33 374 12
33 604 13
34 136 12
34 342 14
34 240 9
26 34 9
35 954 10
35 347 9
35 250 12
36 911 13
36 580 10
37 363 12
37 429 9
38 434 11
38 336 12
38 840 10
38 121 13
39 126 11
39 869 11
39 595 10
40 430 11
41 965 14
41 178 10
41 59 13
42 909 12
42 200 8
43 145 10
43 387 9
43 386 13
44 570 14
44 655 11
44 493 10
45 158 9
45 665 12
45 69 13
45 510 12
46 899 9
46 718 14
47 710 9
47 179 10
47 573 11
47 270 11
48 310 8
48 915 10
48 442 10
49 633 11
49 461 10
49 248 11
50 215 7
50 213 7
50 679 9
50 255 9
26 51 11
51 793 11
51 685 11
52 876 10
52 769 10
52 516 12
53 789 11
54 965 11
54 666 13
54 675 12
54 664 12
55 321 9
55 718 9
56 686 11
56 513 11
57 613 14
57 694 10
57 109 11
57 796 8
58 741 12
58 489 10
58 88 10
58 62 12
59 884 9
59 681 10
60 290 11
60 533 11
60 794 13
60 367 7
45 61 13
61 573 14
55 61 15
61 762 10
62 266 12
62 915 14
62 996 9
62 110 11
62 538 7
63 98 6
63 598 13
63 404 9
64 367 14
1 64 11
64 530 13
64 87 10
65 198 12
65 260 12
65 440 13
65 649 15
66 261 13
66 906 11
11 66 11
6 67 7
67 905 12
34 67 10
68 102 12
68 306 10
68 192 8
68 961 13
69 241 12
69 169 6
25 69 12
0 70 16
70 890 8
70 177 7
70 299 14
70 289 10
71 409 10
71 345 12
71 202 12
71 90 9
72 820 10
72 465 13
72 815 9
72 672 10
73 374 10
73 376 10
73 387 13
74 619 9
74 738 13
75 920 11
75 447 11
75 700 13
76 458 9
76 392 11
76 561 10
77 545 12
77 896 12
78 849 11
78 899 12
78 89 9
65 78 9
79 335 11
79 376 11
79 687 8
80 441 11
80 812 12
80 654 12
81 802 12
82 177 9
82 678 10
72 82 9
83 975 10
83 733 13
83 507 13
83 906 10
84 742 11
84 579 13
84 90 7
85 651 9
85 488 14
85 507 11
86 178 12
86 945 7
86 613 12
86 89 9
87 940 13
4 87 9
88 822 9
88 924 8
88 344 10
89 201 11
89 464 9
89 450 11
89 261 7
90 895 7
90 820 11
90 809 10
91 770 9
91 937 12
91 528 11
92 893 10
92 332 11
92 855 12
92 258 12
93 166 11
94 620 13
94 824 10
94 864 11
95 728 6
95 243 9
95 922 12
95 168 9
96 720 12
96 306 11
96 322 11
97 192 11
65 98 12
98 512 9
98 566 13
3 98 11
94 98 13
99 305 10
99 313 7
99 646 8
100 474 10
100 115 15
101 891 13
101 667 16
101 630 8
102 876 9
102 214 15
103 490 6
103 883 11
103 671 9
104 107 13
104 519 10
104 626 13
105 348 10
105 159 12
105 329 9
106 675 9
106 864 8
106 656 11
106 630 11
107 238 11
107 268 9
107 798 13
108 257 11
109 330 12
109 263 11
109 175 10
110 956 11
110 528 10
110 959 12
111 947 12
111 796 11
111 577 12
111 669 9
112 656 8
112 601 9
112 425 10
112 279 6
113 443 11
113 839 10
11 113 10
114 412 12
114 632 11
115 650 9
115 148 11
115 301 9
115 672 9
116 291 11
116 935 10
116 884 10
116 466 10
117 732 9
117 190 13
118 383 8
118 480 12
118 138 10
118 612 10
119 566 12
119 964 14
119 886 9
119 596 8
119 987 10
61 120 13
120 962 7
120 446 15
120 894 9
121 436 9
121 347 8
110 121 12
121 376 12
122 373 13
122 457 10
122 918 10
122 690 8
122 123 10
124 366 11
85 124 7
124 203 11
125 426 9
121 125 8
126 983 8
126 474 10
126 195 11
127 207 10
127 295 11
127 255 11
128 467 10
76 128 8
128 654 10
128 780 15
129 159 9
129 361 10
66 129 10
129 466 9
130 986 10
130 540 8
68 131 10
131 247 9
132 759 8
132 928 6
132 361 10
133 616 10
133 228 7
133 731 10
2 133 11
116 133 10
134 780 9
134 564 9
134 224 15
80 135 12
135 372 12
136 403 12
136 361 10
137 963 10
137 876 14
137 205 10
137 389 8
138 964 10
138 782 12
50 138 10
14 138 14
17 138 10
138 383 9
139 165 9
139 357 9
139 148 11
139 670 11
47 140 8
140 240 13
141 816 12
141 793 11
141 270 9
142 462 10
142 932 12
143 288 11
143 199 9
143 216 11
107 144 12
144 959 10
144 234 11
145 738 8
145 271 12
145 631 8
17 146 13
147 923 9
147 368 9
105 147 10
147 942 12
148 330 16
148 310 7
148 262 9
10 148 12
149 192 11
149 963 10
149 847 12
150 734 12
150 814 13
150 223 14
151 554 8
114 151 10
152 592 8
28 152 12
152 616 10
153 645 9
153 546 12
153 520 11
154 644 14
154 504 12
47 154 7
155 699 9
155 399 12
155 951 11
156 660 7
156 791 11
156 706 9
157 472 13
157 884 13
157 539 12
145 158 10
158 807 14
158 262 11
159 455 12
160 681 8
160 574 6
160 486 8
160 655 10
161 221 11
161 246 11
81 161 12
162 559 7
162 338 11
163 449 11
163 891 14
164 748 11
164 218 10
164 649 8
165 548 11
165 595 12
157 165 15
139 166 10
166 290 8
166 975 13
167 237 11
167 373 10
167 397 14
84 167 9
3 168 10
168 302 10
168 176 14
169 622 9
22 170 12
170 460 11
170 907 13
122 170 14
171 576 13
171 520 13
171 652 8
171 911 12
172 493 9
172 380 12
172 424 9
8 173 9
10 173 9
173 405 10
173 771 15
174 470 8
174 702 13
175 975 8
175 383 11
175 223 14
176 655 8
176 726 6
176 555 10
176 871 11
177 557 11
177 314 8
177 181 14
178 445 8
178 253 9
138 179 11
179 235 10
179 587 12
179 769 6
180 252 10
180 891 11
180 378 11
180 869 15
181 518 11
182 271 13
182 510 11
120 182 10
183 318 11
183 488 14
183 918 12
184 217 13
184 517 10
185 385 9
185 203 13
44 185 10
29 186 13
186 748 12
187 606 9
179 187 15
187 986 11
187 287 10
188 873 8
188 711 14
188 611 10
189 753 14
134 189 10
189 607 11
189 921 13
190 545 11
120 190 14
190 218 11
59 191 12
143 191 10
191 646 12
191 770 11
192 401 12
192 989 12
192 617 10
193 561 12
193 806 9
193 476 10
193 856 9
185 194 11
194 371 12
195 865 8
195 952 11
195 489 12
195 246 14
195 731 12
195 450 8
196 642 10
13 196 13
196 495 8
25 197 9
197 691 12
198 370 10
198 330 11
199 993 11
199 485 12
124 199 10
200 333 9
200 443 15
201 462 9
150 201 12
201 486 8
49 201 13
202 369 10
50 202 12
202 689 8
203 364 10
203 539 7
203 878 10
204 713 11
204 687 13
204 478 8
204 947 8
205 747 12
18 205 7
205 462 9
205 253 10
205 741 11
206 415 14
206 881 12
121 206 11
206 598 11
206 759 11
207 556 9
207 656 13
207 332 14
207 687 15
207 794 11
208 846 9
208 867 12
208 338 11
209 699 10
209 401 10
210 445 9
133 211 10
211 804 10
212 536 12
212 410 8
213 408 8
213 793 10
213 783 11
213 912 13
214 845 12
214 662 11
214 292 12
36 214 14
215 901 13
216 615 9
188 216 13
216 819 8
217 289 10
217 876 12
26 217 9
114 217 13
217 756 13
217 746 11
218 966 10
219 499 12
220 735 13
220 552 13
162 221 11
222 686 10
222 982 12
222 271 12
223 520 10
223 347 13
223 637 11
224 475 8
224 460 10
224 341 10
224 323 10
225 543 10
226 751 10
226 229 12
227 512 13
227 795 13
227 746 14
86 228 13
138 229 11
229 267 11
229 764 11
229 252 10
230 374 11
230 349 11
230 586 8
184 231 12
231 292 10
231 234 14
232 437 13
95 232 6
232 272 16
232 535 12
232 599 7
233 325 13
233 661 11
233 794 9
234 828 8
234 456 8
234 679 8
90 235 11
235 482 11
236 649 9
236 505 9
237 549 9
237 586 8
237 868 14
237 418 9
238 650 12
238 989 11
237 239 8
239 658 14
239 592 13
239 772 15
240 958 12
203 240 11
241 243 12
242 494 9
242 666 8
242 416 7
243 462 14
243 919 9
244 336 11
106 244 7
244 959 6
245 489 8
234 246 11
246 954 14
247 291 10
151 248 7
248 291 12
97 249 8
249 369 11
249 776 8
250 709 8
198 250 10
213 250 9
189 250 12
250 672 11
251 773 11
251 553 9
251 851 8
251 483 15
198 252 7
168 252 14
252 317 8
24 253 13
146 254 12
254 863 10
254 724 11
254 422 12
255 434 10
255 790 7
255 965 9
160 256 9
256 930 12
256 495 9
257 863 9
157 257 10
257 791 5
257 886 7
258 470 12
259 979 10
259 547 11
259 452 12
259 903 12
260 980 10
260 560 11
261 730 8
261 331 8
261 976 12
108 262 9
262 480 12
262 313 12
262 328 12
263 739 14
263 909 13
263 473 13
264 935 6
264 949 13
264 662 10
265 407 10
122 265 11
266 281 11
50 266 11
266 984 8
267 777 7
267 495 11
268 319 5
268 530 9
268 276 11
269 854 12
269 817 15
269 573 9
270 383 9
270 814 8
254 270 15
270 504 12
270 589 9
271 585 7
271 355 10
271 931 9
68 271 11
271 393 9
113 272 14
272 601 11
128 272 11
246 272 11
273 321 10
273 390 9
274 888 13
126 274 12
274 706 13
203 274 11
275 484 12
275 387 12
275 727 14
276 387 11
276 382 13
276 407 10
12 277 8
242 277 12
277 877 10
278 476 10
278 885 8
279 887 10
279 587 14
279 843 13
279 825 13
280 402 12
280 882 12
280 636 11
281 405 10
281 504 13
282 428 10
52 282 9
282 674 7
283 286 10
283 980 11
234 283 9
283 928 11
276 284 13
284 493 9
284 864 10
237 285 10
285 566 10
34 286 5
286 897 13
240 286 9
286 639 10
287 903 10
287 573 9
207 287 8
152 288 12
147 288 10
288 997 11
289 595 7
216 289 12
52 289 11
290 399 8
290 633 10
256 290 11
290 708 7
291 981 9
180 291 8
291 454 10
291 776 10
292 758 14
292 347 10
264 293 13
120 293 9
294 704 6
54 295 12
153 295 12
296 418 9
65 297 11
213 297 13
298 572 11
298 530 10
4 298 9
298 936 12
298 848 9
299 744 11
300 344 9
301 433 9
301 522 10
302 657 9
302 728 14
302 944 10
303 737 11
88 303 11
303 876 11
303 780 8
304 694 10
304 342 9
304 707 11
305 777 11
56 305 10
305 550 12
255 305 10
306 937 11
90 306 12
307 630 8
65 307 11
307 598 11
307 952 7
29 308 8
55 308 11
309 979 10
163 309 11
38 309 9
310 372 11
310 752 16
146 310 9
310 906 13
311 994 10
24 311 9
190 311 9
312 799 8
312 670 11
313 500 10
149 313 13
313 686 12
155 314 10
314 327 11
314 958 10
315 939 11
315 642 10
315 900 10
316 923 10
316 679 9
316 619 14
316 738 12
316 552 11
316 522 9
317 893 11
317 553 9
317 856 12
185 318 11
160 318 9
318 685 10
318 442 10
319 787 7
218 319 11
250 320 7
321 709 12
321 470 8
224 322 11
322 902 12
322 765 10
323 971 11
323 338 12
323 461 11
301 323 12
36 323 13
324 815 8
179 324 10
102 324 11
324 455 5
325 613 11
325 648 9
87 326 14
73 326 12
327 643 9
327 442 12
327 857 11
149 327 12
287 328 13
169 328 10
328 987 10
328 732 12
328 886 9
329 917 10
329 603 13
318 329 14
190 329 13
316 330 12
330 615 13
42 330 11
331 831 8
331 711 10
332 679 10
332 767 10
317 333 9
333 909 9
333 727 9
334 569 14
204 334 12
255 334 10
335 412 12
335 532 10
335 902 14
172 336 13
61 337 15
337 476 9
337 349 8
338 378 12
260 338 9
339 789 10
339 833 12
94 339 10
340 648 11
341 635 10
302 341 14
274 341 11
342 954 8
306 342 12
342 669 8
342 948 12
343 708 12
28 343 11
344 479 9
345 724 8
346 995 9
44 346 11
346 967 14
57 347 9
64 347 11
347 466 9
347 883 11
65 347 15
347 857 12
348 727 11
318 348 13
348 760 8
349 417 11
349 735 9
259 349 11
350 950 8
350 513 10
46 350 8
351 682 9
351 627 10
105 352 9
352 676 10
353 434 7
353 715 12
353 996 7
354 382 10
167 354 12
354 816 12
355 416 12
355 669 11
355 625 10
355 426 12
239 356 12
356 977 10
356 656 9
246 357 12
357 911 10
357 824 10
358 499 9
225 358 11
187 358 11
172 358 11
359 531 9
360 516 11
360 817 13
244 361 10
361 533 11
361 578 12
362 862 10
362 593 11
363 779 11
363 844 10
363 919 10
363 440 14
364 683 10
90 364 9
364 559 12
100 365 12
365 644 12
365 381 13
366 842 9
366 793 9
70 366 11
367 480 10
367 783 16
210 368 12
368 912 9
368 515 7
368 498 9
369 537 11
290 369 10
369 491 9
370 963 11
94 371 11
328 371 10
227 372 10
22 372 12
258 372 13
74 373 12
373 989 8
373 720 6
349 374 11
374 814 12
374 520 7
375 407 9
375 978 9
375 618 13
375 600 9
232 376 8
376 600 9
377 392 8
377 786 15
358 377 8
378 826 11
378 466 11
204 378 11
378 671 12
379 882 11
379 612 7
380 613 11
380 706 11
269 380 9
186 381 10
381 604 10
295 381 12
381 933 9
382 847 11
382 606 10
382 774 10
383 618 12
383 517 10
225 383 12
384 958 10
338 384 11
384 393 12
248 385 12
344 385 12
386 963 12
387 558 9
387 647 10
7 387 11
387 809 8
388 462 12
388 744 11
117 389 10
389 482 10
390 899 10
390 537 12
40 390 13
68 391 10
391 719 14
391 962 12
392 642 8
392 516 8
392 585 8
287 393 7
393 636 12
102 393 9
394 703 7
394 903 12
394 514 11
394 543 9
395 588 12
395 421 10
395 970 7
396 785 11
389 396 13
128 397 9
397 595 12
130 397 8
133 398 12
398 576 12
332 398 13
139 399 9
114 399 12
345 400 10
354 400 14
400 813 17
77 400 10
401 594 12
401 993 9
300 402 8
402 657 11
271 403 13
403 653 10
120 403 10
403 966 14
404 908 7
404 492 15
298 404 11
81 405 10
405 618 11
270 405 11
75 406 12
70 406 12
335 406 12
25 407 8
407 709 11
69 407 11
408 852 9
408 919 12
115 408 8
409 873 13
148 409 13
409 903 11
410 430 13
410 978 11
410 726 10
410 589 10
407 411 11
412 811 9
412 633 14
412 628 11
412 626 10
412 685 7
413 505 11
409 413 9
288 413 9
413 934 10
144 414 10
225 414 10
415 778 10
415 737 9
245 415 10
415 575 9
415 799 12
416 477 11
98 416 15
417 427 10
401 417 8
258 418 8
418 922 13
172 419 6
419 636 6
419 747 10
123 419 9
420 946 11
420 669 11
319 420 9
421 592 9
421 867 12
329 422 10
423 433 10
83 423 10
424 859 11
312 424 10
424 915 9
361 425 10
201 425 13
425 778 8
426 951 14
307 426 10
348 426 11
426 711 14
412 427 6
427 627 13
397 427 7
428 698 14
112 428 11
378 428 12
428 880 7
152 429 14
278 429 9
338 429 12
429 495 10
422 430 8
194 430 9
1 431 11
431 754 8
431 801 11
308 431 15
76 431 7
432 861 7
9 432 11
432 836 9
433 549 12
52 433 7
434 711 10
347 434 13
244 434 12
435 468 15
248 435 12
435 927 9
94 436 11
408 436 9
92 436 11
407 436 8
434 437 10
437 808 10
438 612 11
438 821 10
26 438 10
438 695 12
189 439 10
256 439 12
439 444 10
439 984 14
440 970 15
440 859 12
441 771 9
441 693 10
228 441 9
442 550 10
442 925 11
442 860 11
443 562 13
371 443 13
443 884 11
112 444 12
445 799 15
445 909 12
445 973 9
446 540 8
446 483 10
4 447 11
447 565 11
308 448 10
36 449 11
449 739 11
449 769 9
450 701 11
450 484 12
377 451 12
354 451 10
88 451 13
451 499 11
378 452 8
134 452 13
452 568 10
452 878 11
453 622 10
435 453 10
373 453 12
454 622 5
454 869 12
455 811 13
455 953 12
299 455 10
455 463 11
456 789 6
456 993 9
456 773 8
457 998 9
219 457 9
458 798 8
458 730 11
458 980 9
36 458 13
150 459 12
459 549 11
379 459 10
460 530 11
460 692 9
460 746 13
22 461 8
461 739 9
462 658 13
462 465 10
463 680 9
177 463 13
463 613 9
464 972 11
464 733 10
267 465 14
300 465 9
465 946 13
466 865 13
466 707 8
466 842 10
466 776 11
243 467 12
325 467 13
467 758 11
448 468 9
380 468 9
333 468 9
272 469 9
379 469 8
186 469 11
469 629 6
246 470 8
160 470 14
292 471 13
471 488 10
407 471 8
471 866 11
211 472 11
472 715 10
472 767 9
291 473 12
391 473 10
214 473 11
222 474 9
401 474 12
474 652 10
475 824 7
339 475 12
475 585 12
476 499 10
476 630 8
477 583 11
95 477 9
477 523 10
478 708 10
478 855 9
445 478 10
464 479 10
359 479 11
110 479 13
214 480 12
480 699 13
237 480 13
481 953 8
242 481 9
103 481 9
481 665 10
15 482 11
482 621 9
93 483 10
483 860 11
483 983 13
483 649 10
94 484 10
484 581 10
39 484 12
485 663 10
76 485 15
223 485 8
52 485 10
485 936 12
238 486 14
486 633 10
124 487 12
350 487 8
487 825 10
488 868 7
488 572 10
488 880 9
489 632 10
106 489 12
489 791 11
490 795 10
490 949 4
469 490 13
178 490 12
491 786 9
8 491 9
343 491 12
491 505 14
492 572 8
492 927 12
63 492 14
492 990 10
212 492 9
14 493 9
439 493 7
493 801 8
440 493 10
494 993 9
432 494 9
190 495 12
495 553 13
496 966 13
496 927 10
114 496 11
279 496 12
484 497 7
497 577 8
218 498 11
498 535 11
498 592 11
498 763 9
428 499 10
499 589 11
63 499 9
483 499 9
500 891 9
458 500 9
500 757 10
486 500 10
500 645 12
501 708 13
199 501 14
451 502 8
502 854 14
258 502 8
502 919 13
365 503 13
503 634 10
61 503 11
228 503 10
504 851 10
295 504 11
504 545 11
371 504 8
334 505 9
505 911 9
505 555 9
506 796 11
506 975 10
348 506 10
506 525 9
507 562 12
507 836 12
24 507 13
508 715 12
508 782 11
508 989 11
509 763 8
271 509 10
48 509 10
510 675 10
483 510 11
190 511 9
498 511 11
196 511 9
511 830 14
512 707 13
220 512 11
375 512 13
513 946 9
263 513 11
316 513 10
55 513 12
59 514 8
514 871 10
425 514 12
515 886 14
328 515 13
183 515 12
515 564 10
516 927 8
419 516 10
234 516 14
516 961 8
318 517 11
517 725 9
393 518 14
518 649 11
53 519 14
519 632 12
378 520 11
520 601 9
520 867 13
520 984 12
521 866 14
0 521 8
521 672 10
522 866 10
522 776 13
523 965 8
523 706 13
523 622 9
524 599 13
524 712 11
524 788 9
524 964 14
524 759 11
374 525 8
525 548 10
525 594 11
414 525 13
526 879 10
58 526 9
444 526 12
202 527 9
527 669 11
488 527 5
194 527 11
5 528 8
528 564 13
84 528 10
509 529 10
529 924 11
529 739 11
36 529 9
530 901 9
450 530 9
529 530 11
433 530 10
531 933 15
78 531 11
531 816 12
532 788 9
532 662 14
439 532 12
363 533 11
533 701 7
533 665 11
534 951 9
313 534 12
154 534 7
535 804 14
335 535 10
86 535 9
199 535 10
308 535 13
536 632 11
474 536 12
350 537 12
537 865 12
71 537 7
537 603 9
538 953 11
190 538 9
539 983 7
148 539 7
442 539 11
430 540 11
158 540 9
494 540 8
541 738 12
541 549 9
541 713 7
542 694 9
542 759 14
142 543 15
543 920 12
132 543 7
307 543 12
246 544 13
183 544 10
544 563 14
545 562 13
545 995 9
545 666 9
324 546 10
465 546 15
321 546 12
282 547 13
25 547 11
519 548 9
197 548 9
511 548 14
548 855 10
309 548 14
271 549 8
549 716 13
152 549 9
48 550 12
550 556 12
550 944 11
69 551 10
551 619 11
552 905 8
224 552 9
553 922 5
553 679 13
553 819 12
554 605 13
456 554 9
554 568 11
171 555 11
555 626 11
555 853 11
294 556 10
556 872 11
556 868 13
557 854 6
557 998 9
310 557 12
343 558 12
490 558 12
558 822 10
169 558 12
217 559 10
503 559 11
89 559 15
342 559 12
560 715 10
159 560 10
28 560 11
560 583 11
560 561 9
561 564 11
85 561 10
212 562 8
562 600 13
288 563 11
491 563 11
563 682 11
564 674 7
9 565 9
155 565 9
565 773 9
496 565 10
387 566 16
566 897 10
444 566 12
567 609 7
445 567 13
335 567 9
38 567 14
567 908 11
568 976 11
469 568 10
77 569 16
569 722 11
305 569 12
569 781 6
569 637 11
448 570 12
183 570 10
570 678 8
563 571 10
571 625 9
393 571 11
42 571 11
88 571 11
572 705 11
572 890 10
572 615 11
573 703 11
573 753 11
70 573 10
417 573 10
574 944 10
575 868 8
261 575 9
447 575 12
576 864 15
390 576 9
340 576 11
58 577 10
577 612 12
577 734 9
277 577 11
457 578 11
578 919 8
578 651 12
579 847 13
437 579 11
227 580 8
353 580 11
580 803 10
203 580 15
581 884 11
581 789 13
581 692 12
581 779 13
451 582 11
167 582 13
582 639 9
529 583 9
340 584 7
468 584 13
520 584 8
585 985 11
294 585 10
586 669 12
188 586 8
212 587 11
587 935 10
115 587 11
587 695 10
588 939 12
588 942 15
588 880 8
482 588 9
498 588 10
101 589 14
150 589 12
582 589 14
589 958 14
436 590 11
590 871 9
591 912 9
591 996 10
592 984 10
78 592 8
112 593 8
593 960 11
193 593 8
322 594 11
594 755 8
486 594 12
594 717 10
496 595 10
425 595 9
175 595 10
373 595 12
548 596 10
245 596 7
596 676 11
597 679 9
538 597 11
598 765 10
131 598 11
355 598 9
598 969 12
371 599 11
599 931 8
427 600 10
567 600 11
12 600 11
601 762 12
399 601 11
407 601 9
202 601 10
380 602 15
280 602 9
603 786 9
603 616 10
604 606 9
134 604 9
126 604 11
35 605 11
605 814 15
208 605 11
315 606 10
606 923 14
449 606 11
607 656 11
45 607 10
607 641 9
337 607 9
608 915 12
120 608 8
591 608 14
609 889 16
176 609 8
609 703 12
407 610 11
610 686 13
611 676 12
348 611 9
174 611 10
612 716 10
241 612 10
612 885 10
344 613 13
194 613 11
160 613 15
270 614 10
284 614 11
196 614 7
615 729 10
272 615 8
435 615 11
181 616 11
616 658 10
544 616 14
170 617 11
617 800 14
49 617 10
130 618 10
260 618 16
137 618 10
301 618 11
230 618 11
582 618 10
61 619 7
619 819 13
619 980 12
620 914 9
60 620 13
620 800 10
40 621 11
582 621 8
621 929 11
324 621 13
621 640 8
621 915 6
622 982 13
622 959 11
623 833 9
206 623 10
70 623 6
506 624 10
171 624 12
94 624 10
624 858 8
348 624 10
625 839 11
51 625 11
499 625 11
625 692 13
585 626 9
279 626 13
626 751 7
626 927 12
29 627 11
618 627 9
600 627 7
417 628 12
432 629 10
629 916 9
355 630 9
630 638 13
631 930 12
84 631 13
608 631 14
56 631 11
539 632 12
632 824 13
632 882 10
240 633 11
633 863 6
633 782 11
293 633 12
565 634 9
634 852 11
411 634 11
634 651 10
634 910 6
635 993 8
635 956 10
315 636 13
636 700 7
488 637 7
637 863 12
443 637 9
430 638 13
638 735 11
459 639 11
558 639 8
640 943 8
633 640 12
522 640 10
641 976 8
581 641 12
641 923 9
114 641 10
642 850 6
603 642 14
643 982 10
455 643 13
11 643 7
44 644 11
644 953 8
73 645 13
591 645 15
488 645 9
645 758 10
646 995 10
646 888 12
580 646 10
647 936 11
291 647 11
16 647 13
584 648 8
81 648 10
648 838 10
649 669 14
649 659 13
650 940 11
650 693 12
593 650 12
203 650 12
530 651 9
651 868 9
292 651 11
334 652 12
652 853 12
652 791 11
593 653 14
497 653 12
654 866 10
499 654 13
655 971 5
655 936 11
77 655 12
655 927 9
656 670 9
83 656 9
656 932 12
393 657 10
499 657 10
340 657 14
381 658 8
658 964 10
658 681 9
301 658 11
15 659 10
72 659 9
659 826 10
304 659 9
94 659 10
544 660 9
660 963 10
660 970 8
661 833 12
6 661 8
263 661 9
662 997 9
662 829 12
297 663 12
441 663 11
465 663 12
40 664 12
665 937 7
487 665 10
665 767 8
171 666 13
385 666 11
642 666 11
666 679 11
667 784 10
668 844 10
668 775 13
551 668 6
669 743 8
669 673 12
312 669 12
594 669 13
509 670 9
117 670 7
626 670 10
671 959 9
626 671 10
217 671 9
672 936 9
413 672 12
654 672 9
672 677 11
673 774 10
572 673 10
289 673 9
674 857 12
674 936 9
229 674 12
456 674 11
481 675 13
675 848 12
533 675 9
372 676 10
676 722 11
676 721 11
580 676 12
677 918 14
677 899 13
423 677 9
171 677 10
497 678 9
678 840 9
679 906 10
679 847 10
149 679 15
679 836 9
277 679 11
319 679 11
443 680 8
474 680 11
680 960 10
153 680 11
681 889 10
569 681 10
230 681 9
681 823 12
354 682 8
682 924 10
682 984 13
683 993 11
643 683 9
165 683 13
0 683 9
684 745 8
684 794 13
684 686 8
157 684 9
66 684 11
202 685 10
574 685 12
497 686 13
686 861 15
248 686 8
687 924 7
299 687 9
688 725 14
688 751 8
180 688 13
688 892 10
449 689 11
518 689 9
631 689 13
689 802 13
690 694 9
690 727 9
690 898 11
110 690 12
554 691 15
170 691 12
30 691 10
691 872 7
668 692 12
212 692 5
435 693 8
575 693 7
693 930 10
128 694 11
305 694 10
694 899 14
694 724 8
267 695 9
89 695 7
515 695 10
674 695 10
696 832 8
696 921 9
348 696 12
696 783 10
255 697 12
289 697 7
697 783 7
697 704 11
697 832 10
490 698 10
397 698 15
5 698 11
626 698 14
678 698 10
699 771 11
699 929 8
169 699 11
694 699 10
130 700 10
700 966 7
196 701 10
701 943 9
701 797 10
702 820 8
343 702 15
393 702 11
462 703 10
625 703 9
44 703 8
704 847 12
704 862 9
704 972 10
500 704 9
74 705 10
447 705 9
384 705 11
319 706 7
669 706 11
124 707 13
260 707 9
621 707 9
707 725 11
101 707 10
427 708 9
65 708 10
565 708 11
709 969 9
709 828 7
110 709 11
88 709 15
710 838 8
34 711 10
711 789 15
620 711 11
712 994 10
295 712 15
702 712 8
713 826 11
707 714 11
405 714 4
253 714 9
274 715 7
149 715 10
715 864 7
716 777 9
103 716 9
713 716 10
653 716 10
717 943 9
365 717 11
655 717 12
47 717 10
590 718 11
718 903 10
718 892 12
582 719 11
362 719 10
719 930 7
559 719 12
720 978 8
652 720 10
8 720 9
76 721 12
436 721 7
484 721 10
722 800 8
556 723 12
723 869 7
723 949 13
282 723 10
42 724 9
552 724 11
194 724 12
725 964 13
385 725 12
725 745 5
726 926 11
726 906 10
726 853 10
620 726 11
67 727 11
119 728 12
174 728 6
728 853 12
728 996 11
729 816 11
729 996 11
730 873 13
411 731 11
595 731 10
502 731 14
389 732 11
37 732 10
732 921 7
732 985 11
733 753 12
168 733 10
734 844 14
419 734 13
427 735 14
586 735 8
592 735 9
735 764 9
353 735 10
497 736 12
550 736 10
736 977 12
292 737 8
672 737 13
9 737 10
738 965 11
551 738 13
739 987 7
578 739 12
418 739 12
265 739 11
609 740 11
239 740 13
642 741 12
645 741 9
201 741 14
438 741 9
449 741 10
126 742 8
585 742 10
742 879 5
743 933 10
743 855 15
744 979 7
744 865 12
744 952 9
12 744 8
745 886 8
555 745 11
713 745 12
746 905 7
477 746 11
26 746 9
168 746 12
747 944 13
223 747 11
61 748 10
246 748 12
663 749 7
231 749 8
652 749 8
750 948 12
30 750 14
751 966 11
201 751 9
237 751 10
232 751 6
513 752 9
527 752 10
752 894 10
753 756 9
542 753 10
679 753 10
463 754 11
755 852 6
230 755 10
246 755 13
597 755 10
153 755 14
756 944 9
282 756 11
754 756 14
583 757 10
611 758 10
745 758 10
758 764 10
409 758 9
53 759 15
101 759 8
468 759 12
760 990 8
72 760 11
760 861 12
373 761 10
425 761 10
612 762 9
82 762 11
762 906 14
762 960 10
596 763 10
3 763 15
763 827 13
173 764 12
764 951 8
645 764 10
174 765 12
741 765 13
558 766 10
303 766 9
767 908 10
326 767 10
187 767 10
686 768 13
768 895 10
209 768 7
207 769 9
769 828 11
149 770 8
770 949 11
770 952 6
640 771 11
762 771 8
615 771 13
495 771 11
196 772 8
772 881 8
772 836 12
635 773 8
384 773 10
773 791 12
424 773 13
12 774 14
433 774 7
756 774 10
76 775 9
470 775 12
776 783 10
227 776 8
8 776 10
614 777 9
103 777 9
474 777 10
416 778 9
532 778 9
280 778 9
470 778 11
158 779 10
779 871 12
548 779 8
241 779 9
526 780 10
9 780 9
613 780 11
487 780 9
243 781 10
492 781 13
21 781 13
781 918 9
645 782 9
782 875 10
753 783 7
559 783 11
777 783 11
664 783 5
300 784 10
250 784 11
714 785 11
129 785 9
293 786 12
537 786 9
266 786 7
657 786 9
787 895 10
233 787 10
678 787 12
187 787 14
788 819 8
686 788 15
471 788 12
490 789 11
56 789 9
770 789 9
530 790 9
352 790 10
790 951 10
790 964 12
790 921 11
121 791 11
791 950 8
602 791 8
479 792 8
600 792 10
793 822 7
793 987 10
766 793 13
794 845 15
627 794 11
622 794 9
759 795 12
721 795 7
795 913 13
355 795 11
97 796 12
565 796 8
279 797 10
224 797 9
715 797 14
621 797 10
46 798 12
568 799 10
799 908 13
179 799 13
514 800 12
708 801 12
542 801 13
282 802 11
151 802 11
447 802 7
58 802 10
596 803 12
804 929 12
219 804 11
791 805 12
279 805 9
538 805 7
366 806 7
592 806 9
807 997 11
266 807 12
655 807 12
130 808 10
280 808 10
312 808 9
757 808 14
809 837 8
53 809 9
188 809 11
810 947 11
413 810 9
199 810 11
375 811 10
811 931 8
812 903 13
812 960 10
386 812 11
159 812 12
507 813 8
205 813 10
584 813 10
813 926 11
116 813 11
365 814 8
325 814 10
601 814 7
501 814 10
26 815 10
263 815 7
560 816 12
104 816 12
192 816 13
816 860 12
259 817 12
13 817 11
557 817 7
317 817 9
309 818 12
818 924 11
667 818 9
304 819 10
819 911 11
273 819 12
168 819 11
545 820 8
775 820 6
759 820 12
820 908 11
260 820 6
170 821 14
506 821 11
188 821 10
822 911 15
822 905 11
495 822 9
353 823 8
349 823 12
218 824 11
470 824 10
808 824 10
493 824 13
824 961 13
567 825 6
284 825 10
89 825 15
169 826 13
826 923 14
826 974 10
826 936 11
816 827 8
295 827 11
270 828 11
627 828 13
289 828 11
828 934 10
470 829 13
171 829 8
576 829 9
413 830 13
765 831 12
53 831 12
822 832 13
370 832 13
424 833 16
415 833 6
833 936 13
717 833 8
393 833 11
274 834 11
227 834 13
313 834 11
300 835 9
758 835 10
338 835 11
413 836 10
108 836 9
603 837 13
831 837 13
129 837 11
17 838 12
59 838 9
681 838 8
499 838 10
667 839 8
352 839 10
355 839 12
197 840 7
358 840 11
22 840 12
682 841 14
334 841 12
822 841 13
658 841 13
842 994 8
663 842 10
339 843 9
612 843 11
6 843 13
338 844 11
307 844 10
115 844 12
430 844 10
153 844 13
845 874 11
373 845 13
806 846 7
223 846 9
199 847 13
663 847 8
378 847 9
762 847 15
235 848 12
819 848 8
827 848 13
635 849 10
311 849 13
433 849 12
541 850 8
797 850 10
608 850 10
654 851 14
780 851 12
288 851 11
114 852 14
164 852 9
231 853 8
218 853 14
636 853 10
243 854 11
784 854 10
359 854 9
71 854 10
242 855 9
470 855 12
736 855 10
250 855 13
675 855 9
801 856 15
857 965 14
50 858 7
281 858 7
564 859 7
126 859 11
522 859 10
860 918 10
329 860 10
88 861 8
852 861 11
707 861 7
814 861 7
192 862 11
483 862 13
154 862 12
97 862 11
323 863 10
797 863 5
417 863 9
482 863 10
864 991 12
823 864 12
71 864 7
236 864 10
485 865 9
404 866 8
300 866 12
700 867 11
829 867 13
488 867 9
193 868 12
310 868 8
479 868 10
869 929 10
54 869 10
692 869 7
105 869 9
188 870 9
193 870 13
6 870 12
255 871 12
162 871 11
871 915 9
690 872 10
642 872 10
177 872 12
117 873 10
154 873 11
749 873 14
873 969 9
263 874 13
421 874 12
252 875 11
599 875 13
683 875 11
12 875 10
669 876 10
18 876 10
68 876 15
479 877 15
624 877 9
35 877 8
805 878 9
99 878 12
20 878 11
81 879 15
264 879 9
879 886 10
725 880 13
726 880 11
880 990 13
743 881 11
437 881 10
645 882 13
778 882 12
400 883 14
579 883 14
432 883 8
168 883 9
673 884 8
434 885 8
449 885 15
786 885 14
886 930 11
472 886 11
293 886 8
305 887 11
837 887 13
820 888 10
665 888 15
783 889 10
759 889 15
890 963 9
100 890 13
111 891 13
513 891 14
892 974 9
174 892 9
636 892 11
390 892 11
596 893 9
127 893 12
845 893 11
431 894 13
868 894 11
256 894 10
402 895 10
662 895 8
155 896 15
16 896 12
557 896 10
273 897 9
851 897 12
309 897 10
439 897 11
266 898 12
142 898 6
19 898 10
424 898 9
546 899 11
338 900 9
900 960 10
693 900 8
97 901 14
409 901 8
331 901 10
231 901 8
434 902 8
903 926 6
113 904 12
24 904 8
187 904 9
202 904 10
905 935 9
451 905 12
380 905 13
747 905 13
697 905 7
809 906 9
884 906 11
63 906 12
351 907 13
185 908 11
816 908 9
811 909 10
289 909 10
351 909 12
297 909 14
2 909 13
246 910 10
871 910 10
803 911 12
155 911 10
828 911 6
413 912 10
150 912 12
384 913 11
142 913 10
216 913 13
728 914 10
847 914 9
667 914 14
456 915 11
343 916 10
520 916 12
354 917 8
311 917 13
783 917 12
375 917 11
808 917 11
757 918 10
806 918 9
919 925 12
33 919 11
629 919 8
450 920 10
266 920 11
721 920 8
421 920 12
238 921 11
204 921 10
2 921 14
247 922 8
54 922 12
522 922 10
910 923 12
769 923 13
834 924 9
248 924 10
185 924 11
124 925 12
375 925 10
747 925 12
54 926 13
498 926 11
705 926 8
842 927 11
827 927 13
104 928 10
298 928 9
347 928 11
909 928 12
147 929 9
694 929 11
385 930 11
123 930 8
174 930 11
930 950 9
717 931 11
931 939 12
908 931 11
870 931 12
508 931 9
502 932 9
565 932 12
356 932 8
833 933 10
257 933 13
16 933 11
933 991 11
519 933 7
841 934 13
510 934 8
532 934 13
769 934 11
233 935 10
148 935 7
183 936 11
677 936 8
381 937 13
516 937 11
56 937 9
301 937 10
54 938 8
786 938 11
384 938 11
391 939 14
238 939 9
665 939 11
348 939 7
934 940 13
471 940 13
854 940 11
212 940 8
457 941 7
175 941 11
445 941 7
816 942 9
933 942 11
447 942 13
684 943 12
288 943 12
726 943 11
638 943 8
286 944 12
604 944 13
431 944 12
150 944 11
250 945 12
777 945 10
411 945 12
18 945 8
89 946 13
799 946 11
355 947 11
370 948 11
125 948 11
185 949 9
130 950 14
667 950 12
778 950 11
113 951 11
802 952 11
138 952 11
931 952 10
394 953 7
953 974 8
434 953 12
147 953 14
496 953 10
947 954 13
877 954 13
922 954 13
481 955 12
537 955 8
290 955 10
451 955 10
115 955 16
743 956 10
953 956 8
47 956 9
670 957 10
805 957 11
894 957 12
812 958 10
899 958 15
429 959 10
496 959 5
240 960 10
276 960 9
273 961 10
319 961 11
103 961 10
338 962 11
294 962 10
16 962 10
732 962 9
52 963 8
223 963 14
26 963 15
325 963 8
99 964 11
190 964 8
110 965 14
316 965 10
365 965 16
125 965 11
398 966 11
881 966 11
206 966 12
141 966 9
164 966 12
924 967 10
645 967 11
625 967 8
967 969 12
612 968 12
426 968 12
538 969 9
567 969 9
597 970 8
813 970 10
71 971 9
601 971 11
513 972 11
504 972 11
634 973 13
50 974 11
149 974 12
260 974 7
433 974 10
17 975 13
738 975 12
132 975 11
93 975 7
316 975 10
3 976 9
167 976 11
406 976 13
644 977 10
845 977 9
894 977 12
120 978 11
587 978 14
915 978 8
200 978 14
487 979 11
722 979 7
394 979 12
298 979 12
559 980 11
43 980 10
897 981 9
376 981 14
672 982 12
121 982 12
895 982 13
940 982 12
428 983 6
841 983 11
76 984 11
887 984 10
320 984 12
254 985 10
316 985 9
422 985 13
674 985 11
152 986 13
283 986 11
262 987 14
583 987 11
288 987 11
29 987 12
217 988 11
141 988 11
86 988 13
0 989 14
701 989 14
554 989 9
917 990 13
196 990 8
239 990 10
311 990 10
462 991 12
100 991 10
837 992 10
40 992 12
125 992 8
819 993 14
61 993 12
581 993 12
529 994 12
715 994 12
744 994 12
167 994 10
207 995 11
10 995 10
756 995 11
642 996 13
664 997 12
771 997 11
111 997 9
640 998 10
171 999 10
336 999 12
37 999 12
761 999 13
473 999 11
