1000
0
7
4
3
6
7
8
6
9
7
2
7
4
2
7
7
2
3
4
2
2
5
2
2
2
4
7
2
4
9
2
2
9
6
1
9
8
4
2
8
2
6
6
3
3
10
9
7
1
3
9
9
3
7
5
2
8
7
4
4
2
9
10
4
1
1
5
7
10
8
3
4
10
8
3
7
4
5
2
2
3
5
1
2
4
6
9
9
6
7
8
5
5
10
4
5
3
7
6
2
6
10
4
6
8
10
2
10
8
7
9
3
1
6
8
4
7
4
1
6
3
3
6
9
5
9
2
9
9
6
6
1
4
7
5
5
7
6
8
6
5
7
7
6
5
2
2
2
5
3
7
5
3
6
6
4
3
4
6
6
1
3
3
2
9
8
2
6
10
5
2
3
9
10
7
4
4
6
8
7
10
2
8
6
9
7
1
3
8
3
10
6
3
2
5
7
4
8
4
9
6
4
5
3
5
9
3
6
1
3
9
2
6
4
9
5
7
3
4
6
6
1
6
9
7
6
8
9
9
1
3
6
3
6
5
4
5
6
6
7
10
4
3
6
6
1
5
2
4
2
2
2
8
3
6
6
8
4
7
7
2
1
4
7
7
4
6
8
3
2
9
5
8
1
5
3
3
6
7
3
6
5
5
2
9
3
6
3
6
9
3
8
8
4
4
9
6
5
3
2
7
4
3
6
2
5
5
3
4
9
3
7
3
4
4
4
6
4
5
4
5
2
1
2
6
10
2
7
9
7
10
10
7
3
8
9
2
3
4
9
3
6
1
6
4
6
8
2
9
9
8
7
3
8
3
7
3
2
10
2
5
8
5
1
3
5
7
7
3
7
9
1
1
5
1
10
6
4
9
1
1
7
2
4
6
7
6
1
8
3
9
7
1
7
4
1
4
6
3
6
4
2
7
6
8
10
10
4
9
2
2
8
1
9
8
2
9
9
5
2
3
6
7
2
8
5
6
5
2
2
7
10
9
3
6
4
5
1
2
8
8
3
6
9
5
3
9
1
1
8
6
2
8
9
8
3
8
5
5
9
7
3
6
3
4
3
4
1
1
4
5
3
5
10
8
9
5
2
8
5
2
2
4
4
3
3
6
9
2
9
2
9
7
3
5
9
5
8
9
9
6
8
9
2
9
9
8
9
1
1
4
8
5
3
9
9
1
4
2
4
4
10
9
3
3
7
9
10
3
2
6
4
9
9
2
8
1
3
4
3
7
5
4
7
7
8
5
4
7
6
4
7
6
8
3
8
8
10
4
4
4
6
3
3
10
2
3
9
5
5
3
8
5
4
7
4
10
2
8
3
1
2
4
3
5
6
5
10
9
9
1
3
9
3
7
9
2
3
3
9
3
2
5
10
9
5
4
3
7
7
2
10
5
7
7
5
8
3
4
5
10
9
2
1
4
4
2
8
10
9
2
8
8
8
8
7
6
3
5
7
3
2
1
7
2
1
7
6
8
3
9
7
9
5
5
2
5
7
6
4
1
7
1
4
2
7
2
10
7
10
2
1
8
4
8
7
7
5
1
4
9
1
8
10
8
10
7
3
2
5
9
4
4
2
9
9
6
4
5
8
9
5
10
8
5
9
7
4
5
8
9
4
7
5
8
2
8
4
3
2
7
7
7
7
5
1
2
10
2
1
5
7
9
7
7
6
8
7
6
6
8
3
6
3
5
3
10
6
2
1
9
10
3
5
10
3
3
5
6
2
8
2
3
9
6
6
5
6
7
4
6
8
3
4
6
1
4
5
7
9
2
9
3
4
6
10
3
5
9
9
10
8
4
10
9
2
8
1
9
9
9
5
1
9
8
10
4
5
9
5
6
6
1
8
6
7
4
7
7
6
8
2
7
2
9
7
4
2
7
3
5
8
9
9
6
4
4
5
8
5
3
2
8
1
1
10
3
6
5
1
6
7
7
4
9
4
1
4
7
2
4
6
6
8
7
10
5
1
4
9
4
6
3
7
6
5
1
6
7
4
9
5
6
9
9
5
8
9
7
6
6
9
6
5
8
2
9
6
9
7
5
5
7
8
8
1
3
3
8
4
4
7
6
2
8
3
2
6
7
4
4
2
4
8
4
7
9
6
2
6
5
9
10
4
5
10
2
5
6
4
10
1
4
4
10
2
9
4
2
1
7
9
8
3
8
1
1
7
10
7
2
6
3
6
8
3
9
2
1
9
10
8
1
5
10
6
7
5
5
1
7
3
9
2
4
6
8
9
8
5
9
9
2
8
3
6
8
2
6
8
0 404 14
0 996 12
0 182 7
0 967 8
0 201 10
1 649 10
1 739 11
1 451 11
1 670 10
1 410 8
1 28 12
2 630 8
2 590 8
2 149 9
2 906 8
3 292 7
3 250 9
3 891 11
3 498 10
3 827 10
4 856 13
4 400 10
4 593 9
4 735 14
4 990 15
5 118 9
5 460 12
5 685 11
5 181 10
5 536 11
5 135 10
6 965 8
6 152 11
6 652 11
6 483 12
6 869 12
7 52 13
7 909 11
7 399 11
7 931 14
8 70 12
8 755 11
8 147 12
8 761 13
8 610 12
8 935 12
9 593 12
9 237 9
9 564 12
9 193 13
9 744 12
9 13 12
9 549 10
10 194 11
10 133 13
10 307 14
10 422 9
11 575 14
11 804 10
11 232 10
11 997 5
11 179 6
12 293 12
12 486 15
12 647 16
12 696 11
13 754 13
13 579 10
13 993 12
13 472 8
13 717 11
13 860 12
14 167 8
14 486 10
14 617 10
14 583 6
14 912 9
15 377 12
15 251 13
15 294 12
15 295 7
16 773 7
16 761 5
16 490 9
16 345 10
16 297 9
17 935 10
17 680 12
17 979 10
17 83 8
17 651 12
18 135 9
18 85 13
18 52 13
18 643 11
18 128 10
18 380 10
18 245 14
19 700 8
19 660 6
19 729 8
20 736 9
20 560 12
20 592 11
20 656 13
20 120 9
20 144 9
21 918 12
21 772 14
21 228 8
21 987 10
21 419 13
21 797 8
21 547 12
22 123 10
22 536 11
22 759 14
23 368 9
15 23 13
23 505 9
23 329 9
24 987 13
24 257 9
24 969 10
24 625 10
24 356 13
25 722 9
25 218 14
25 417 12
25 630 11
26 394 12
26 180 10
26 54 10
26 597 9
26 720 13
26 108 13
27 213 10
27 414 8
27 830 15
27 818 13
28 70 12
28 698 13
28 777 7
28 123 9
28 96 11
29 174 13
29 544 11
29 346 12
29 652 10
29 368 13
30 107 11
30 341 11
30 803 10
30 837 9
31 939 13
31 167 11
31 418 12
31 191 10
31 338 8
32 93 10
32 242 11
32 343 8
32 746 15
32 400 10
33 507 11
33 845 10
33 274 11
33 611 8
33 765 11
34 633 7
34 695 14
34 841 7
35 688 11
35 699 8
35 841 9
35 950 11
35 977 8
36 301 10
36 140 11
36 636 13
36 417 13
36 428 9
36 185 11
37 691 11
37 426 9
37 80 14
37 487 10
37 827 15
37 71 12
38 131 8
38 347 7
38 509 5
38 292 7
38 712 12
39 161 11
39 419 13
39 441 11
40 851 9
40 106 10
40 780 8
40 961 9
40 327 12
41 949 7
41 814 10
41 771 14
31 41 11
32 41 9
42 184 11
42 100 13
42 441 13
42 316 12
42 854 9
43 882 8
43 973 12
43 391 10
43 77 9
43 434 11
44 499 12
44 577 14
44 82 11
44 653 7
44 455 9
45 316 11
45 663 11
45 131 6
45 849 8
46 458 13
46 967 8
46 908 9
32 46 11
47 367 12
47 337 10
47 597 9
47 369 10
47 370 12
48 348 11
48 431 9
48 233 9
34 48 10
49 136 11
49 851 11
49 70 12
49 439 11
9 49 10
50 291 10
50 977 10
50 183 10
50 56 10
50 440 13
51 393 6
51 436 10
51 789 13
51 723 16
52 96 10
52 726 10
52 182 9
52 906 12
53 890 12
53 276 10
53 693 10
53 650 9
53 554 9
53 219 9
53 378 13
54 291 12
54 147 11
54 633 10
54 561 10
54 823 12
55 668 10
55 456 12
55 680 7
55 197 11
36 55 11
56 359 10
56 885 11
56 738 12
57 451 12
13 57 12
57 272 12
58 172 6
58 459 8
58 359 12
58 984 11
18 58 10
58 869 9
59 622 10
59 550 9
44 59 11
59 565 11
59 809 8
60 798 11
60 568 10
60 83 11
60 187 10
42 60 8
60 706 11
61 280 10
61 973 12
61 90 11
61 763 13
61 333 9
61 255 7
62 821 9
62 131 13
62 968 12
62 229 9
63 938 10
63 578 7
63 447 10
53 63 12
63 92 11
64 904 11
64 543 10
64 535 12
64 784 14
64 995 8
65 117 11
65 325 11
65 767 10
65 467 13
65 584 9
65 130 9
65 386 8
66 154 16
66 832 9
66 893 10
66 324 8
66 737 13
66 597 12
67 95 8
67 808 8
67 584 10
67 119 9
67 807 6
68 178 12
68 777 9
68 611 11
13 68 9
68 631 11
68 504 7
68 977 10
69 315 12
69 264 7
69 763 12
69 135 11
70 95 10
70 474 12
70 864 11
70 528 9
71 593 11
71 535 12
71 555 12
71 692 12
71 254 12
71 652 9
72 572 14
72 946 6
72 191 9
29 72 10
72 76 9
72 487 8
73 274 10
73 272 10
73 939 9
73 798 8
74 314 14
74 329 9
74 622 11
74 927 13
74 605 12
74 825 11
75 318 10
75 277 9
14 76 9
76 696 8
76 379 8
76 670 11
47 76 8
77 345 10
77 564 6
77 584 10
77 980 11
77 973 14
78 585 12
78 541 11
78 608 12
78 387 9
78 305 9
78 520 13
78 117 9
79 928 10
79 855 11
79 179 10
65 79 10
79 703 11
79 88 8
80 707 9
80 838 8
80 310 12
80 383 8
80 192 13
81 390 11
81 623 13
81 257 12
61 81 10
81 755 13
82 723 11
82 925 10
82 809 10
82 656 17
82 526 11
82 958 10
83 900 10
83 205 11
83 628 11
83 822 10
83 725 13
84 464 12
84 361 10
84 893 14
84 612 9
70 84 8
84 877 12
85 672 11
85 103 12
85 680 14
85 868 5
84 86 12
86 684 12
86 907 6
86 788 9
86 823 11
87 426 9
87 698 10
87 235 11
87 549 10
87 304 9
5 88 8
88 258 8
88 324 10
88 972 12
88 245 12
89 209 8
89 344 7
89 219 9
89 827 7
89 904 6
89 999 10
35 89 13
90 956 12
90 638 13
90 954 6
90 772 7
90 213 12
90 771 13
90 435 6
91 616 12
85 91 13
91 95 11
91 280 12
92 876 12
92 352 12
92 247 11
92 891 8
92 156 11
93 753 12
93 812 9
93 96 8
93 174 9
32 94 11
94 626 8
94 734 15
94 939 10
95 129 11
95 878 11
95 187 13
95 926 12
95 367 10
95 919 12
96 587 14
96 110 9
12 96 12
96 682 13
96 313 14
97 442 15
97 100 12
97 107 11
97 486 12
98 720 10
98 647 9
98 674 9
98 934 10
98 293 16
98 829 5
99 291 8
99 790 11
99 467 9
99 761 10
99 436 12
100 708 7
100 790 10
100 183 10
100 363 11
100 564 9
100 192 13
101 743 9
62 101 11
101 673 13
101 609 13
101 840 9
102 491 12
102 501 9
102 370 9
102 906 8
102 965 10
3 102 12
103 835 16
103 756 12
103 817 10
103 161 10
103 475 10
52 103 14
104 805 8
104 923 12
104 371 12
104 771 9
105 198 10
36 105 9
105 223 12
105 940 9
106 621 8
106 854 8
103 106 8
106 400 12
106 428 9
107 601 6
81 107 13
107 509 8
107 790 11
108 119 9
108 292 11
108 149 13
108 921 7
2 108 8
109 173 12
109 719 8
109 441 11
109 236 8
109 818 11
110 166 12
110 726 11
110 120 9
110 171 12
110 576 9
111 398 7
111 211 12
111 529 11
111 357 10
111 777 9
112 771 14
112 691 9
37 112 11
112 612 13
11 112 11
113 551 12
58 113 9
113 746 10
90 114 10
114 475 9
114 822 12
114 547 13
114 540 11
114 595 10
115 731 10
115 244 10
115 992 6
115 231 11
115 909 10
116 885 10
36 116 9
116 564 9
116 805 10
116 500 14
116 666 9
116 988 9
117 739 10
117 285 11
117 455 13
117 709 8
118 137 11
118 736 7
118 982 7
118 676 13
118 895 13
118 819 11
119 159 14
119 868 11
119 281 10
120 338 8
120 962 12
120 699 9
120 671 12
120 460 13
120 943 8
121 620 10
121 128 10
89 121 13
121 483 13
121 370 10
121 931 11
121 785 8
119 121 9
122 184 12
122 779 12
14 122 9
122 645 13
123 232 6
123 472 11
123 917 13
123 459 11
123 670 11
123 253 12
124 565 11
124 159 15
124 711 12
54 124 7
124 765 8
125 721 10
125 307 11
50 125 9
125 182 13
120 125 11
125 155 11
126 513 11
126 321 10
126 207 10
126 339 13
126 928 9
126 893 11
127 937 10
127 369 10
127 874 11
127 470 11
127 503 9
128 413 10
39 128 14
128 422 12
128 329 7
129 946 8
129 425 10
129 301 8
99 129 11
130 952 10
130 721 10
130 527 13
130 287 10
130 430 12
130 586 9
131 770 13
131 609 10
36 131 12
131 859 13
132 540 11
123 132 13
132 156 12
132 835 11
133 572 12
133 962 11
133 880 11
133 728 11
133 431 11
70 134 11
134 233 9
134 315 10
98 134 10
134 819 13
117 134 9
135 542 11
135 635 10
135 935 11
135 345 13
135 734 9
135 535 12
136 244 12
136 809 11
118 136 14
136 170 13
137 676 11
137 486 9
137 650 11
138 158 14
138 944 12
138 585 16
138 169 9
138 317 9
109 139 10
139 785 9
103 139 9
139 920 12
139 551 10
140 387 15
140 257 8
140 357 13
140 859 12
138 141 8
36 141 9
141 650 9
141 257 13
141 955 8
142 902 12
142 343 11
142 150 9
119 142 11
143 903 12
143 294 9
38 143 13
44 143 8
144 876 9
144 235 11
124 144 11
144 938 10
145 325 7
145 890 11
145 277 11
145 487 10
145 768 11
146 849 12
146 424 12
146 184 9
20 146 11
147 743 10
147 753 11
147 922 10
147 811 10
147 939 12
148 708 8
148 242 9
148 416 12
148 290 13
66 148 13
49 149 12
149 971 10
149 840 7
149 343 8
149 856 10
150 406 8
150 870 10
150 816 9
150 574 10
150 379 14
150 821 11
151 655 9
151 646 10
151 612 8
151 616 12
152 945 15
152 598 12
152 416 12
152 569 12
152 181 9
28 152 10
153 848 12
153 875 13
153 237 14
37 153 13
153 778 10
154 189 11
154 951 9
8 154 9
154 830 9
154 655 9
155 716 9
155 699 7
155 552 8
155 974 11
155 419 11
156 652 11
156 841 12
156 649 16
156 584 9
89 157 8
157 290 10
157 319 10
157 795 9
157 853 10
157 950 7
158 270 12
158 560 8
158 261 6
158 959 6
158 801 10
159 500 13
115 159 7
159 715 8
159 371 13
159 840 6
160 353 7
160 648 12
160 879 8
95 161 9
161 734 9
161 225 10
161 294 7
133 161 10
162 780 10
162 633 13
162 744 11
162 882 7
162 646 8
163 627 10
163 960 12
163 990 11
163 780 13
164 657 12
164 513 9
164 890 6
110 164 11
164 610 13
165 263 10
165 466 8
165 395 8
165 740 11
26 165 13
165 423 9
165 182 11
57 166 12
114 166 12
166 630 10
166 756 8
93 166 8
44 166 8
166 423 12
167 298 11
167 216 8
167 361 11
167 577 10
167 594 10
167 480 8
167 713 8
168 758 11
115 168 12
168 869 10
168 489 10
55 168 8
168 363 12
169 247 12
169 648 12
169 949 7
72 169 10
169 706 13
19 169 12
170 345 12
170 586 10
170 235 12
93 170 9
164 171 11
171 900 8
171 780 14
171 197 10
171 893 10
172 602 7
172 669 10
172 239 10
172 438 6
172 570 13
173 455 9
173 423 10
173 786 6
173 486 12
174 234 14
174 260 7
174 729 11
174 373 8
174 439 10
175 298 10
104 175 12
175 973 10
175 640 10
175 758 10
175 911 12
176 993 10
176 583 9
176 985 14
176 375 9
176 260 15
176 187 12
176 302 11
176 377 7
177 595 13
177 472 13
40 177 13
177 317 8
177 381 9
177 639 11
178 986 11
178 588 11
178 653 8
178 965 10
179 284 12
50 179 10
116 179 12
179 507 12
179 722 10
39 180 12
34 180 10
180 464 9
180 529 11
180 751 8
181 758 10
181 711 10
91 181 12
181 650 10
93 181 13
181 834 9
182 737 11
182 449 10
182 812 8
182 661 9
182 860 6
182 377 11
182 250 10
183 199 12
183 739 10
183 939 10
183 928 10
183 673 7
184 879 8
67 184 9
184 899 9
184 323 11
153 184 12
185 862 7
185 871 8
185 778 13
185 658 15
185 591 9
185 287 9
186 715 8
186 641 10
146 186 7
186 668 12
186 589 12
187 967 10
187 803 7
163 187 11
187 263 9
187 463 9
187 650 11
187 493 12
188 357 11
188 661 13
188 938 7
188 438 8
188 922 11
188 383 12
189 811 6
189 404 10
189 412 10
189 329 11
189 645 10
190 586 7
190 207 11
190 959 9
190 753 13
191 295 9
175 191 12
191 954 12
191 326 11
192 328 9
165 192 7
192 311 9
192 780 12
192 567 10
193 578 11
127 193 11
193 462 10
193 901 9
194 382 7
39 194 10
194 267 11
194 974 10
8 194 8
194 464 9
195 880 11
39 195 10
195 645 10
162 195 8
195 606 9
196 508 12
196 385 11
124 196 11
196 646 8
196 629 10
151 197 13
197 379 14
197 486 8
197 784 12
198 674 11
90 198 9
198 539 13
198 935 8
199 608 7
199 243 11
199 808 14
199 237 13
184 199 8
199 445 9
199 649 10
55 200 10
200 649 11
200 862 10
200 683 13
200 551 10
200 488 10
201 693 15
201 541 11
123 201 11
125 201 11
21 201 8
202 985 10
202 859 11
202 842 12
202 368 12
164 202 11
203 437 5
203 802 7
195 203 11
203 909 12
204 663 9
204 455 11
204 730 11
204 844 9
205 952 12
205 624 10
205 451 9
205 514 9
205 997 11
205 465 8
206 523 12
50 206 10
206 474 8
33 206 10
69 206 8
206 969 6
156 207 6
207 560 10
207 724 10
207 808 10
208 494 10
208 923 10
208 266 11
208 294 11
209 263 15
209 701 14
209 463 9
209 932 10
210 486 11
45 210 9
210 243 10
210 826 9
211 642 13
211 944 8
211 982 10
211 921 14
212 789 9
212 463 11
146 212 12
212 918 8
212 445 9
213 356 8
213 910 12
213 940 10
143 213 6
214 760 9
214 414 9
196 214 9
201 214 16
1 214 10
214 491 11
215 586 12
215 865 6
215 474 10
143 215 9
215 877 12
215 931 10
216 352 12
216 720 9
210 216 12
216 801 10
216 366 10
217 869 9
217 542 10
24 217 11
217 635 9
217 283 12
217 476 14
217 522 7
218 754 9
218 914 10
218 278 11
218 431 9
136 218 10
218 742 11
219 845 13
219 778 9
3 219 12
220 472 14
206 220 11
220 635 10
220 928 8
221 859 9
185 221 10
118 221 11
61 221 11
171 221 9
221 903 9
222 377 13
222 793 12
222 898 14
222 930 12
223 679 8
223 734 12
143 223 11
223 885 11
52 223 10
223 228 10
224 792 10
224 858 10
224 952 12
224 250 11
225 867 9
17 225 9
225 877 10
219 225 11
225 515 11
147 226 9
226 728 8
226 752 14
227 412 11
227 423 10
227 835 8
227 532 9
21 227 9
221 227 13
111 228 14
31 228 7
228 586 12
228 444 10
228 850 10
228 272 12
229 720 13
229 718 9
70 229 10
229 239 13
229 359 11
230 312 11
230 341 9
230 416 10
230 364 10
231 849 8
1 231 10
231 424 9
231 648 6
231 658 9
231 452 11
231 918 13
161 232 14
232 640 12
232 969 12
232 724 12
233 562 11
91 233 10
233 511 10
99 233 8
234 586 9
234 519 7
103 234 8
235 707 11
197 235 11
64 235 10
235 761 10
235 421 14
236 518 11
236 605 8
236 480 14
236 964 10
236 301 10
237 561 11
237 411 12
237 711 12
147 237 12
101 237 9
232 238 11
227 238 10
18 239 13
220 239 10
239 892 11
239 942 12
239 282 8
35 239 10
240 648 9
240 934 14
240 980 7
240 401 10
182 240 12
240 404 8
239 241 8
241 411 8
191 241 9
241 797 13
241 741 9
241 807 9
242 857 13
242 712 10
242 580 10
242 592 7
243 400 10
110 243 11
21 243 10
243 940 12
63 243 7
86 243 9
73 244 10
244 512 13
98 244 12
244 713 10
244 663 10
244 435 10
245 267 10
245 274 8
245 458 10
245 542 8
6 245 11
245 383 10
246 628 7
246 862 7
246 894 11
246 556 12
247 615 10
247 914 12
247 809 10
247 520 6
226 247 10
247 545 10
248 297 11
248 469 12
248 892 8
115 248 10
13 248 11
249 873 9
249 335 9
249 913 11
250 663 12
250 755 14
172 250 9
250 504 12
17 250 10
251 778 9
84 251 12
251 965 8
56 251 9
75 251 10
252 411 10
252 670 9
252 930 6
252 398 10
252 391 14
253 777 12
195 253 13
253 479 10
253 527 9
253 892 13
171 253 13
254 692 9
7 254 10
136 254 5
255 301 8
255 677 13
141 255 7
255 489 6
178 255 11
255 712 10
256 555 9
13 256 10
50 256 8
256 942 7
149 256 11
256 892 11
257 578 11
257 277 12
257 638 16
257 932 12
257 410 11
207 258 14
258 957 11
97 258 11
258 298 12
258 779 7
259 790 13
259 645 8
259 587 12
259 991 11
259 695 11
259 477 13
260 752 13
250 260 12
260 468 7
260 516 10
260 368 11
260 934 12
261 363 13
149 261 11
69 261 7
261 588 9
261 986 7
216 261 9
40 262 10
262 579 10
262 423 9
262 313 9
85 262 9
263 532 7
263 840 14
263 353 10
220 263 7
263 623 10
263 441 11
171 263 12
237 264 7
264 790 10
264 400 10
264 576 9
264 561 6
264 929 14
244 265 7
265 646 12
153 265 10
265 511 14
266 769 10
266 487 12
204 266 11
85 266 6
266 469 11
266 640 8
35 267 10
267 760 10
267 819 11
267 884 12
267 417 13
6 267 13
268 618 8
268 683 11
67 268 12
269 761 15
269 636 11
269 465 9
269 377 12
269 485 8
269 989 8
269 693 12
270 524 10
270 808 14
270 594 11
61 270 11
271 926 11
271 789 12
125 271 13
48 271 11
272 832 11
272 424 8
272 409 7
272 473 11
273 379 10
273 307 8
273 421 13
273 565 11
273 411 7
274 896 12
274 576 5
274 645 9
242 274 11
274 474 12
90 274 9
274 845 12
275 344 9
19 275 10
275 876 8
275 478 10
276 298 7
276 946 11
49 276 13
3 276 13
276 692 14
277 491 10
277 391 11
277 579 11
277 669 7
277 749 10
277 439 12
184 278 10
278 449 11
278 828 7
74 278 9
126 279 9
279 779 8
279 850 11
155 279 12
279 453 8
279 703 6
280 751 10
280 926 13
280 659 8
280 298 6
281 518 15
281 687 10
281 422 13
281 835 15
281 615 11
26 281 12
281 637 14
282 666 8
282 585 10
282 561 11
41 282 10
283 650 13
86 283 14
283 318 11
283 425 13
12 283 11
225 283 13
284 934 11
284 405 10
199 284 11
285 669 11
99 285 14
285 896 12
285 793 10
285 816 9
286 905 12
286 662 10
286 562 12
286 312 8
287 344 11
246 287 8
287 974 6
287 815 10
287 308 9
287 374 14
287 724 12
26 288 9
288 700 9
280 288 10
288 544 10
288 376 11
288 587 10
132 289 9
289 838 11
289 933 10
20 289 8
13 290 15
290 551 10
290 583 12
290 883 9
290 730 13
291 633 13
126 291 10
291 605 12
291 963 11
291 630 9
292 926 8
292 312 12
292 907 8
292 501 11
63 292 10
293 344 12
293 609 10
293 314 10
293 439 11
294 960 12
294 616 12
294 767 10
222 294 15
294 371 8
218 294 14
295 661 15
292 295 13
295 342 11
45 295 10
296 805 14
296 471 9
296 731 11
296 506 9
296 544 13
264 296 10
296 490 13
297 301 7
297 878 11
297 710 9
297 590 9
297 468 12
297 886 9
298 919 8
298 946 8
298 825 11
229 298 12
298 799 11
133 298 13
299 701 10
196 299 11
51 299 11
299 800 9
299 712 13
300 608 12
300 809 10
252 300 10
300 879 12
300 384 13
301 826 8
301 613 10
301 379 8
301 395 12
301 870 13
301 429 12
302 626 13
18 302 13
302 623 12
303 597 12
195 303 7
303 479 12
303 509 10
303 707 9
303 980 10
304 310 6
304 826 10
304 446 12
204 304 10
305 510 13
305 861 13
305 390 14
3 305 13
305 752 6
115 305 13
306 873 7
118 306 13
15 306 12
306 694 10
307 848 8
298 307 9
307 708 12
307 731 11
307 462 9
307 762 9
308 786 8
308 986 6
308 666 8
308 367 12
308 957 8
309 695 12
309 606 14
277 309 15
309 904 10
309 974 7
185 310 8
310 650 12
310 615 10
287 310 12
310 660 12
7 311 9
311 847 13
311 968 10
311 492 12
98 311 9
312 700 13
312 506 8
312 683 12
312 628 11
312 557 11
219 312 12
282 313 13
313 886 7
313 802 7
263 313 11
205 313 12
314 338 9
314 665 11
314 408 14
308 314 10
314 595 9
172 315 11
315 333 8
315 819 10
315 665 9
316 431 10
20 316 11
316 932 11
266 316 7
135 317 11
317 643 16
317 803 8
317 761 12
54 318 12
1 318 9
15 318 10
318 448 12
318 748 10
318 580 12
319 469 8
319 513 9
318 319 10
319 542 7
123 319 12
43 320 9
104 320 9
82 320 10
320 769 11
320 597 9
321 904 10
287 321 12
321 428 8
221 321 10
99 321 10
270 322 8
322 380 14
322 873 8
322 390 11
322 501 11
240 323 13
323 529 9
323 465 12
323 543 9
323 421 10
323 836 12
324 998 10
324 740 7
324 408 11
324 919 9
169 324 11
324 608 10
324 714 9
325 386 10
63 325 10
325 419 11
131 325 9
326 587 8
326 377 8
326 679 13
308 326 11
327 978 13
327 556 8
327 540 6
82 327 13
327 356 8
258 327 9
328 503 11
328 697 14
328 905 9
87 328 9
328 899 9
162 329 12
170 329 13
329 839 9
329 561 9
329 755 9
330 648 9
330 468 12
331 335 11
331 521 9
331 834 13
241 331 8
331 603 13
323 331 11
332 462 12
154 332 8
332 598 9
152 332 12
332 882 15
332 959 8
332 835 11
71 333 13
333 359 12
333 792 12
333 773 11
333 382 12
333 447 11
139 334 12
42 334 8
334 785 8
334 743 11
334 444 14
335 497 12
138 335 11
79 335 12
335 672 11
335 878 12
335 550 11
336 945 9
336 666 7
336 724 13
336 821 13
336 618 9
337 852 12
337 823 6
118 337 11
137 337 13
177 337 9
243 338 11
338 414 11
338 831 8
338 466 8
338 750 14
339 533 12
339 346 12
158 339 9
318 339 11
339 446 11
339 771 11
340 432 11
340 703 14
272 340 8
241 340 15
340 996 13
340 655 12
340 405 8
340 967 9
341 801 11
341 553 14
341 477 9
192 341 7
341 495 10
342 799 14
342 768 10
328 342 13
342 564 12
342 812 8
342 771 12
343 587 15
343 972 6
68 343 10
343 614 10
343 561 11
343 444 10
21 344 13
344 648 9
344 982 9
344 647 8
344 787 10
340 345 10
345 487 10
345 928 11
345 387 10
283 345 10
346 700 13
346 622 11
305 346 9
261 346 11
300 346 9
346 830 14
347 571 11
347 403 12
59 347 11
347 763 11
347 479 11
347 846 12
348 568 12
348 449 9
348 735 8
348 795 7
349 352 9
349 367 12
349 374 10
349 833 10
264 349 10
349 628 9
311 350 12
350 850 9
350 471 7
350 862 11
350 759 8
351 523 12
326 351 11
351 771 12
351 459 8
351 766 10
1 352 10
352 475 13
352 817 10
352 867 11
352 589 9
353 887 7
353 542 10
353 508 11
207 353 11
353 538 9
353 711 11
354 778 13
302 354 7
336 354 13
354 881 11
310 354 12
214 355 9
349 355 13
355 966 9
355 632 11
355 367 9
355 667 11
45 356 10
356 411 8
6 356 11
356 440 7
179 356 8
357 856 12
78 357 10
357 413 9
357 542 10
357 459 13
343 358 10
358 935 14
358 784 12
358 970 14
358 573 12
103 358 7
25 359 13
283 359 12
359 970 10
154 359 11
360 652 12
102 360 8
360 630 11
360 647 11
360 740 10
293 360 12
180 361 11
283 361 10
361 649 10
189 361 7
362 807 10
362 538 11
226 362 9
362 475 7
362 399 9
363 565 8
162 363 15
363 847 14
363 425 12
363 857 12
363 474 11
45 364 11
204 364 9
364 758 10
364 401 11
228 364 12
330 364 11
365 780 9
365 881 12
102 365 10
365 375 10
366 560 13
24 366 12
366 522 8
366 413 10
367 804 12
367 711 10
367 813 9
367 791 11
367 400 10
58 368 13
368 844 8
368 900 12
368 394 9
86 369 9
260 369 8
369 391 10
80 369 10
370 457 10
168 370 13
370 527 13
190 370 9
144 370 11
371 577 7
371 455 11
371 893 12
27 371 8
371 898 9
372 690 11
372 565 10
372 968 9
287 372 10
372 437 14
373 969 10
373 989 12
282 373 8
373 750 9
373 948 13
373 713 9
374 468 11
374 844 11
374 446 9
374 901 10
374 550 10
339 375 12
200 375 14
170 375 13
337 375 10
261 376 12
295 376 11
376 904 14
377 890 13
377 969 12
337 377 11
377 740 12
377 800 15
377 675 7
378 767 12
378 766 10
378 705 10
233 378 13
314 378 9
378 599 10
378 737 10
167 379 13
379 643 6
379 883 11
160 379 12
379 817 13
380 925 11
124 380 11
380 931 10
380 406 13
36 381 12
357 381 8
381 652 10
342 381 11
381 759 10
382 587 11
382 877 13
256 383 9
383 526 9
383 823 12
347 383 10
78 383 11
384 920 10
384 595 9
384 869 10
334 384 8
323 385 15
385 709 12
385 783 6
386 461 10
386 626 9
289 386 13
386 438 10
5 386 13
237 387 9
387 838 7
387 543 11
387 951 13
357 388 13
388 568 11
388 451 8
343 388 9
388 706 11
389 579 12
389 422 9
389 729 10
389 745 12
389 703 12
337 390 16
222 390 10
390 533 11
390 512 10
163 390 13
390 671 7
391 755 11
391 836 9
391 424 11
300 391 11
391 876 8
392 694 10
392 810 16
47 392 9
393 871 10
393 573 8
54 393 10
88 393 12
330 394 7
78 394 11
103 394 8
394 600 7
394 733 15
339 394 10
356 395 15
395 522 9
58 395 11
395 431 7
395 471 10
396 428 10
396 972 10
396 845 9
345 396 15
377 397 12
397 438 12
397 848 12
397 428 9
352 397 10
397 993 6
398 721 7
398 698 12
398 948 7
249 398 13
398 438 10
399 521 8
399 444 11
97 399 6
399 654 8
399 509 10
400 597 14
299 400 13
400 427 12
400 883 12
400 808 10
209 401 10
401 621 11
401 703 7
109 401 10
401 643 11
193 401 11
402 819 8
270 402 11
268 402 11
341 402 15
339 402 12
156 402 11
402 944 12
402 534 14
369 403 12
403 753 10
403 454 12
403 757 12
89 403 8
404 955 10
404 962 15
404 827 11
384 404 10
330 404 10
185 405 9
88 405 10
405 592 8
405 650 10
405 779 13
406 834 11
167 406 9
17 406 11
406 540 9
406 470 10
407 852 8
407 598 8
407 514 11
47 407 10
234 407 11
282 408 10
408 960 12
316 408 14
408 634 9
409 615 10
108 409 8
258 409 11
409 454 10
409 837 11
410 633 17
410 727 9
410 610 15
410 865 8
288 411 7
411 457 12
411 628 11
80 411 12
70 412 12
299 412 9
412 664 8
412 535 9
23 412 11
413 989 13
124 413 10
67 413 13
413 902 15
122 413 7
414 727 12
414 761 13
414 721 9
414 552 11
414 467 11
415 980 9
415 850 11
227 415 10
106 415 12
97 416 9
322 416 9
228 416 11
417 614 10
211 417 11
120 417 9
417 987 10
417 849 7
247 417 11
417 879 11
418 429 10
418 949 10
418 897 10
418 740 10
418 553 11
362 418 13
313 419 5
419 917 12
160 419 11
279 419 12
419 511 11
69 420 12
420 485 10
420 550 12
400 420 10
16 420 14
420 606 10
241 421 6
421 617 11
421 904 11
422 495 12
422 562 12
422 439 11
422 827 11
43 422 15
422 824 15
410 423 13
423 685 9
423 481 11
356 423 14
424 927 10
424 603 10
424 438 10
424 787 9
27 424 13
425 495 9
121 425 12
425 715 11
416 425 12
181 425 14
322 425 9
111 426 8
426 744 15
79 426 9
270 426 13
426 461 10
427 453 8
427 994 8
427 689 10
208 427 11
427 816 11
90 428 9
420 428 11
428 430 10
301 428 10
295 428 10
370 429 8
32 429 11
234 429 11
81 429 9
429 770 17
430 720 12
430 889 8
372 430 7
430 811 13
196 430 9
431 636 10
431 631 12
25 431 11
431 498 14
431 895 14
128 432 13
432 469 9
432 611 14
31 432 12
433 687 10
433 948 11
433 915 5
434 774 8
434 868 14
434 796 8
355 434 10
395 434 8
435 773 13
13 435 7
435 461 12
392 435 14
257 435 11
435 678 13
181 436 11
436 724 9
31 436 9
346 436 13
50 436 8
4 436 9
341 437 8
296 437 13
437 895 14
437 864 12
437 521 13
437 868 8
276 438 8
438 498 12
438 631 11
438 476 10
291 439 8
5 439 9
439 840 10
272 439 12
394 439 12
440 961 7
440 471 12
173 440 11
44 440 8
440 779 12
441 923 13
343 441 13
441 745 13
441 571 13
442 720 8
396 442 10
442 566 11
23 442 11
442 600 5
280 442 10
426 443 12
337 443 12
443 969 10
217 443 11
443 617 8
117 443 10
444 714 13
444 985 13
444 945 9
444 582 9
444 664 11
444 955 8
28 445 10
445 799 11
445 812 11
301 445 7
284 445 13
445 586 12
446 997 12
446 642 12
446 865 12
6 447 12
4 447 9
447 865 12
447 776 10
134 447 15
448 528 11
47 448 11
20 448 11
386 448 11
114 448 12
63 449 12
339 449 10
449 610 12
449 879 13
102 449 13
450 778 14
234 450 12
430 450 12
127 450 6
302 451 11
215 451 9
451 658 11
395 451 13
451 690 10
451 937 9
452 921 8
19 452 13
194 452 10
453 934 11
325 453 13
107 453 11
157 453 10
453 746 11
124 453 7
454 705 13
454 758 12
28 454 8
454 785 8
455 457 9
455 583 7
355 455 12
456 469 8
423 456 13
456 851 12
456 541 12
152 457 12
457 532 14
457 938 9
457 704 9
457 747 9
404 458 11
422 458 11
458 646 12
458 784 11
136 458 11
459 593 13
59 459 11
25 459 11
459 471 9
459 804 8
460 514 10
460 909 10
460 980 9
460 613 13
384 460 11
292 461 10
456 461 11
295 461 11
330 461 11
206 461 9
462 786 12
171 462 14
102 462 11
462 489 12
443 463 8
261 463 16
126 463 10
463 527 13
428 463 10
463 713 8
463 908 12
464 691 8
419 464 11
322 464 8
464 637 10
171 464 8
465 945 11
206 465 12
465 712 9
465 837 11
466 683 11
466 793 9
466 784 7
466 868 6
466 970 12
96 466 10
288 467 8
151 467 12
467 553 13
467 851 12
467 506 10
12 467 9
468 470 10
468 901 8
274 468 13
468 626 10
468 713 10
469 838 11
125 469 12
469 656 17
469 634 12
469 888 13
469 643 8
132 469 11
469 483 10
470 957 7
416 470 13
470 525 11
441 470 11
470 936 12
65 470 6
471 797 13
471 509 13
447 471 9
425 471 13
472 943 11
327 472 10
472 950 8
143 472 12
472 944 9
473 556 10
129 473 9
473 970 11
395 473 10
473 657 12
474 751 8
474 912 12
474 926 7
288 474 12
6 474 12
475 877 12
475 817 10
138 475 10
475 966 9
193 475 9
476 688 11
476 743 9
476 481 11
476 944 11
366 477 14
477 916 14
477 774 12
477 949 12
477 967 13
88 478 12
296 478 9
297 478 12
478 662 15
272 478 11
479 815 8
479 739 9
114 479 11
479 943 14
480 525 11
229 480 10
480 624 8
413 480 9
314 481 11
108 481 9
373 481 9
198 481 12
481 624 13
482 586 8
482 815 13
92 482 8
370 482 10
482 499 10
383 482 8
483 662 7
483 629 12
483 941 7
483 496 13
483 527 10
242 483 11
17 483 11
484 533 10
484 716 13
484 764 11
484 691 7
485 884 10
10 485 10
485 932 12
141 485 12
485 759 12
485 497 8
375 485 8
460 486 11
338 486 9
43 486 10
308 486 10
486 878 9
487 571 15
25 487 9
234 487 9
487 618 11
487 957 9
488 677 11
488 594 8
148 488 11
488 663 8
215 488 8
489 686 9
260 489 10
489 662 10
367 489 12
390 489 13
490 580 11
490 980 9
490 763 10
307 490 13
491 992 10
213 491 10
491 688 9
491 668 11
492 696 10
210 492 9
307 492 13
158 493 11
126 493 11
93 493 13
493 621 10
493 703 11
493 942 9
493 577 12
494 855 11
58 494 9
128 494 13
147 494 10
468 495 13
495 738 11
495 573 12
495 739 4
495 704 13
496 957 11
496 889 8
496 757 12
431 496 10
243 496 8
65 497 10
140 497 10
497 984 13
497 522 10
497 788 11
310 498 8
330 498 7
183 498 7
498 635 11
498 943 15
498 836 10
499 609 11
67 499 13
499 749 9
500 846 9
383 500 17
226 500 13
500 804 6
233 500 12
283 501 11
88 501 11
30 501 10
118 501 12
441 501 10
95 501 12
28 502 11
502 729 11
502 628 10
29 502 11
241 503 13
503 973 9
503 842 9
503 680 14
376 503 12
504 851 13
206 504 11
472 504 11
218 504 8
399 505 8
351 505 9
54 505 12
402 505 13
116 505 11
505 896 10
331 505 13
506 750 12
458 506 11
461 506 16
506 871 11
506 771 11
301 507 13
316 507 12
310 507 7
507 724 9
508 537 7
483 508 10
448 508 12
508 553 8
270 509 9
417 509 13
509 968 10
509 769 14
509 674 9
234 510 11
510 761 10
510 809 7
511 582 9
511 635 10
511 761 12
84 511 10
433 511 14
461 511 8
34 511 12
417 512 15
344 512 9
179 512 10
512 642 11
149 512 10
240 512 11
513 915 11
513 948 12
128 513 12
513 888 12
513 744 8
303 513 9
514 941 10
114 514 10
448 514 13
514 652 9
515 870 11
420 515 12
34 515 10
515 719 12
46 516 12
516 927 9
156 516 12
293 516 14
357 516 10
517 669 10
363 517 11
517 672 11
517 750 10
517 970 9
85 517 13
518 964 13
518 573 13
518 569 10
20 518 8
518 673 11
519 791 12
76 519 10
519 946 10
228 519 11
520 524 13
175 520 9
520 807 8
521 956 11
167 521 12
311 521 10
273 521 11
490 521 7
521 796 9
467 522 8
522 672 8
284 522 10
176 522 10
523 528 13
523 620 13
523 796 12
523 751 7
524 818 8
524 777 13
524 787 7
108 524 7
525 537 12
193 525 6
369 525 11
525 873 9
86 525 12
230 525 10
423 526 12
231 526 10
526 719 13
526 769 6
526 899 15
527 589 8
160 527 10
453 527 12
274 527 5
527 973 7
528 604 10
158 528 8
307 528 10
231 528 10
81 528 11
446 528 11
529 768 9
529 854 11
529 762 12
339 529 8
267 530 8
120 530 12
300 530 10
339 530 11
50 530 11
307 531 11
280 531 12
531 603 5
492 531 12
200 531 7
314 532 10
252 532 14
121 532 10
532 777 12
532 968 11
532 752 8
27 533 6
211 533 11
533 598 12
411 533 9
533 876 12
396 533 12
246 534 12
534 900 11
534 594 11
119 534 13
76 534 13
480 535 13
17 535 11
535 884 11
535 917 9
536 716 11
285 536 11
536 688 10
212 536 9
16 536 11
536 994 12
192 536 7
478 537 12
537 882 11
537 960 11
537 753 7
537 659 9
538 828 13
538 945 8
538 753 8
412 538 9
296 538 9
538 808 11
539 568 12
539 853 10
539 961 12
351 539 10
539 796 11
104 539 8
539 854 11
540 564 10
36 540 12
93 540 11
540 820 13
521 540 8
467 541 8
385 541 13
541 741 11
541 688 10
542 860 10
542 925 8
259 542 9
447 542 15
284 543 9
543 655 13
543 828 10
271 543 9
403 543 10
466 544 10
544 759 8
75 544 8
190 544 10
154 544 9
200 545 13
29 545 12
501 545 11
77 545 11
527 545 7
546 845 11
27 546 11
234 546 10
437 546 9
547 887 8
471 547 13
547 994 9
547 642 10
394 548 13
548 679 12
517 548 8
548 688 8
548 991 6
428 549 11
549 725 9
549 918 11
549 804 9
205 549 7
550 682 8
550 572 13
75 550 8
473 550 13
550 703 15
263 551 13
437 551 13
551 592 10
551 965 10
551 754 7
551 659 8
13 552 12
552 842 15
8 552 14
76 552 7
552 739 12
266 553 11
314 553 11
553 594 11
553 642 12
247 553 9
79 553 9
554 727 13
554 688 8
554 865 12
86 554 12
3 554 12
555 605 12
555 792 10
356 555 11
415 555 9
265 555 15
556 581 9
556 992 13
376 556 10
124 556 12
242 557 9
82 557 9
557 792 12
391 557 10
557 577 11
338 558 8
353 558 10
386 558 9
558 805 12
559 591 7
37 559 12
362 559 12
272 559 8
467 559 9
264 559 6
560 842 8
486 560 9
560 986 9
560 744 10
560 838 10
36 561 14
59 561 12
316 561 8
561 921 10
464 561 14
562 670 10
527 562 11
196 562 7
251 562 9
562 881 12
562 672 9
562 887 9
383 563 10
112 563 8
563 847 11
563 994 14
370 563 11
476 563 11
306 563 11
501 563 11
564 942 8
174 564 9
564 839 10
12 564 13
422 564 9
564 821 9
565 744 13
565 870 10
565 936 9
340 565 13
420 566 10
372 566 11
566 877 10
566 823 12
566 587 11
358 566 9
567 685 11
277 567 10
114 567 6
356 567 12
76 568 8
568 892 10
235 568 13
473 568 10
568 709 7
569 834 11
569 909 12
569 858 10
569 815 15
403 569 10
70 570 11
360 570 10
345 570 11
114 570 13
50 570 10
299 571 12
571 616 13
197 571 10
571 858 12
265 571 11
321 572 8
39 572 8
97 572 10
572 925 9
326 572 6
572 597 10
572 629 10
218 573 10
555 573 9
573 841 10
171 573 4
541 573 14
391 573 8
574 967 12
574 787 9
93 574 10
48 574 14
574 791 11
575 834 11
333 575 9
556 575 11
575 845 11
575 762 11
143 576 11
425 576 8
512 576 10
549 576 12
450 576 12
576 735 13
500 576 11
106 577 10
293 577 12
577 901 8
199 578 9
216 578 11
508 578 8
37 578 10
578 777 12
477 579 10
579 763 11
253 579 9
579 632 10
169 579 8
20 579 9
580 589 14
580 908 12
580 588 12
46 580 10
581 894 11
581 978 12
581 991 5
161 581 10
359 581 10
76 581 10
6 582 14
563 582 14
515 582 14
582 856 11
582 658 13
127 583 10
28 583 13
583 665 8
433 583 9
372 583 10
473 583 10
572 584 8
461 584 8
438 584 14
584 916 9
584 810 9
584 703 8
62 585 8
585 771 12
585 828 10
349 585 7
562 586 9
92 586 9
464 586 12
292 586 9
531 587 11
587 757 8
75 587 11
587 767 12
587 854 12
587 867 9
286 588 11
408 588 9
394 588 10
397 588 12
28 589 8
589 853 12
589 695 8
507 589 7
278 589 13
306 590 14
590 716 7
590 909 8
162 590 11
537 590 12
14 590 9
569 590 9
165 591 10
589 591 10
449 591 11
168 592 10
592 599 9
592 887 9
592 671 10
134 593 17
563 593 9
22 593 10
309 593 11
259 594 9
278 594 10
538 594 9
446 594 4
594 760 10
593 594 13
279 595 12
595 682 11
417 595 11
595 787 9
120 595 12
375 595 10
595 753 9
596 871 12
588 596 15
596 648 10
539 596 15
382 596 8
91 597 12
597 736 9
5 597 8
597 885 9
463 597 12
597 926 10
341 598 15
598 992 10
598 864 11
514 598 13
598 611 12
598 899 11
89 599 10
388 599 10
391 599 8
267 599 10
94 599 12
292 599 12
600 917 11
264 600 7
329 600 12
600 908 14
600 994 11
600 891 12
601 615 10
601 906 16
601 863 10
95 601 14
434 602 10
602 833 12
602 896 13
602 920 10
123 602 11
165 603 10
603 821 10
603 656 10
537 603 9
326 603 9
241 604 11
604 834 13
276 604 8
283 604 17
442 604 12
604 944 8
604 619 9
605 736 13
605 991 12
605 868 14
138 605 11
385 606 11
15 606 10
104 606 12
606 843 10
109 606 11
467 607 12
595 607 9
607 885 12
607 887 8
365 607 7
607 768 10
608 709 10
608 735 12
411 608 14
608 973 10
608 796 13
406 608 13
83 609 10
609 912 12
609 649 14
609 710 10
206 609 10
609 631 10
382 610 11
610 865 15
610 731 6
348 610 11
505 611 13
611 972 10
200 611 6
162 611 9
611 895 7
574 612 12
86 612 13
612 613 10
238 612 13
284 612 10
371 612 12
411 613 10
66 613 12
519 613 7
549 613 15
556 613 11
613 960 8
435 614 9
614 830 13
113 614 11
614 952 13
614 636 10
280 614 9
488 615 9
615 796 14
615 928 9
26 615 11
46 616 9
616 915 14
616 987 12
184 616 8
41 616 13
98 617 8
122 617 12
172 617 8
274 617 10
304 618 11
618 705 10
85 618 6
377 618 9
619 958 9
451 619 10
619 904 9
188 619 7
443 619 9
565 619 12
214 620 10
620 897 11
272 620 9
620 877 12
313 620 12
298 621 13
621 774 12
323 621 9
35 621 11
294 621 13
544 621 10
456 622 11
622 821 10
553 622 11
219 622 11
490 622 11
592 623 13
471 623 11
623 962 6
493 623 12
623 775 8
49 623 12
337 623 8
35 624 9
624 665 13
223 624 12
625 907 11
625 755 14
625 732 14
625 838 9
525 625 10
625 853 13
626 704 10
626 676 10
626 703 10
616 626 9
626 826 11
555 626 7
626 722 13
627 919 8
613 627 12
627 637 14
380 627 9
628 843 13
628 722 8
628 661 10
628 816 15
24 628 7
153 628 8
332 629 9
262 629 11
414 629 11
629 799 11
629 753 8
630 710 9
630 819 11
630 930 11
498 630 8
630 713 10
414 630 10
470 630 9
143 631 9
631 911 10
631 646 11
55 631 7
632 789 10
632 716 10
521 632 11
380 632 10
247 632 11
582 633 10
555 633 7
23 633 10
566 633 10
373 633 17
560 634 14
221 634 10
359 634 13
64 634 8
517 634 10
634 736 12
51 634 10
490 635 13
521 635 11
635 955 13
182 636 13
235 636 6
347 636 12
106 636 11
636 693 13
471 636 9
637 771 10
317 637 11
148 637 9
637 647 10
637 983 10
308 637 8
310 638 14
114 638 11
408 638 12
638 936 13
381 638 12
638 719 6
512 639 12
530 639 12
639 780 9
36 639 12
12 639 8
639 992 8
640 665 13
146 640 11
612 640 11
256 640 8
554 640 9
295 640 13
255 640 9
641 666 7
641 864 10
641 734 12
641 948 8
278 642 11
311 642 15
538 642 11
629 642 9
606 643 8
191 643 13
495 643 8
381 644 7
644 794 11
307 644 9
459 644 14
134 645 12
314 645 14
645 744 12
645 802 11
240 646 10
646 738 10
176 646 12
646 881 12
568 647 10
201 647 13
647 707 8
647 668 11
283 647 8
647 898 12
284 648 14
177 648 11
449 648 7
408 648 12
340 648 14
649 694 11
649 967 12
594 649 7
649 901 11
324 649 10
234 649 9
92 650 8
44 650 8
83 650 11
28 650 10
640 650 10
468 650 13
623 650 10
651 704 10
651 800 7
542 651 10
101 651 9
248 651 13
319 652 7
652 929 15
65 652 11
511 652 10
437 652 12
356 653 13
108 653 10
14 653 12
57 653 8
654 936 11
500 654 10
316 654 14
654 673 14
581 654 6
599 655 12
78 655 10
655 782 9
622 655 8
544 656 11
98 656 7
656 916 10
406 656 8
518 656 11
340 656 10
204 657 10
41 657 10
657 935 12
657 774 10
230 657 9
406 657 10
222 658 10
80 658 10
658 772 11
141 658 8
269 658 11
339 658 10
245 659 10
360 659 14
357 659 9
659 845 12
535 659 11
659 781 9
660 681 11
660 859 12
250 660 6
196 660 10
661 854 11
661 918 11
406 661 8
488 662 12
88 662 12
290 662 7
234 662 8
662 704 9
57 662 8
662 759 9
255 663 11
663 950 12
397 663 13
163 663 10
637 663 14
664 824 11
269 664 11
664 838 10
324 664 9
374 664 12
664 974 11
665 729 9
483 665 9
25 665 10
665 808 10
208 665 10
665 919 11
666 697 12
441 666 12
666 865 10
666 840 13
667 978 11
144 667 9
209 667 10
231 667 7
667 996 13
668 805 11
357 668 8
274 668 11
668 714 8
364 668 10
477 669 6
669 933 10
35 669 12
669 919 15
354 669 12
373 670 12
670 903 10
285 670 17
670 876 12
647 670 8
526 671 12
55 671 8
576 671 15
473 671 10
671 741 12
672 963 10
672 789 9
672 897 6
576 672 12
672 751 13
264 672 6
423 673 9
549 673 8
531 673 11
83 673 11
673 744 11
135 673 10
307 674 12
674 823 11
674 820 8
577 674 13
208 674 11
675 981 8
104 675 11
676 736 10
113 676 10
336 676 11
333 676 6
676 684 11
165 677 8
337 677 9
656 677 11
82 677 12
550 677 13
329 678 11
54 678 11
149 678 13
113 678 12
662 679 11
474 679 9
576 679 11
439 679 11
591 679 11
510 680 8
680 938 10
435 680 11
141 680 10
217 680 10
681 786 10
681 701 11
681 975 9
101 681 8
594 682 11
50 682 9
682 943 11
298 682 9
683 687 10
245 683 13
664 683 8
186 684 8
272 684 9
394 684 9
684 904 11
150 684 12
263 685 12
675 685 8
156 685 12
111 685 10
685 802 11
686 787 10
461 686 11
587 686 14
686 813 10
482 686 13
686 969 15
604 687 6
559 687 11
426 687 15
382 687 11
24 687 11
618 688 10
688 937 13
368 688 9
128 688 10
327 688 12
181 688 11
543 689 9
510 689 11
642 689 11
150 689 10
59 689 12
444 689 11
572 690 10
56 690 12
690 840 11
483 690 9
691 694 10
481 691 8
691 914 13
25 691 10
692 993 11
244 692 12
692 950 16
38 692 12
188 692 7
692 915 8
693 764 11
276 693 9
693 958 9
21 693 11
694 770 8
137 694 9
694 833 12
694 843 11
695 989 12
5 695 9
695 936 10
575 695 10
696 720 10
575 696 10
696 723 11
595 697 12
77 697 9
697 942 8
697 860 12
454 697 8
146 698 16
698 955 13
228 698 12
118 698 10
38 698 9
159 698 10
145 699 8
699 954 10
699 984 11
83 699 15
700 731 9
364 700 9
27 700 14
520 700 14
435 701 12
80 701 6
701 710 9
285 701 11
649 701 13
687 701 16
702 789 10
702 825 11
167 702 12
343 702 11
703 723 14
703 720 11
703 786 13
703 965 14
510 703 14
206 704 10
650 704 9
704 864 9
632 704 13
704 726 14
705 818 10
38 705 12
215 705 8
705 849 9
706 911 12
706 935 8
485 706 10
484 706 8
263 706 11
226 707 11
362 707 10
707 856 10
707 944 14
163 707 9
618 708 7
708 731 5
507 708 11
37 708 10
708 879 11
709 744 12
218 709 11
13 709 10
709 789 11
167 710 10
710 936 9
569 710 13
710 812 9
711 719 11
711 799 9
711 844 11
712 983 11
712 926 11
387 712 7
519 712 11
363 712 12
712 928 10
409 713 12
713 933 11
713 812 10
651 713 15
714 959 8
383 714 11
603 714 11
714 966 10
714 768 13
527 715 8
323 715 13
430 715 10
381 715 11
344 715 15
25 716 14
716 840 12
551 716 11
609 716 7
179 716 11
72 716 7
279 717 8
280 717 8
590 717 11
405 717 10
503 718 10
718 839 13
175 718 14
719 736 11
415 719 10
719 754 12
562 719 9
582 719 9
720 788 11
47 720 6
705 720 13
22 720 9
90 721 13
721 739 13
166 721 8
344 722 10
272 722 11
722 810 12
116 722 10
171 722 9
723 812 7
539 723 10
723 820 13
192 723 11
202 723 9
724 814 11
724 875 9
606 724 12
679 724 7
724 878 10
724 995 12
2 724 10
654 725 11
725 744 10
662 725 10
348 725 11
0 725 10
660 726 9
540 726 9
726 902 14
120 726 9
228 726 13
126 726 10
181 727 13
528 727 13
69 727 14
634 727 9
727 751 14
57 727 9
728 790 11
496 728 12
713 728 14
673 728 7
728 902 14
664 728 9
729 808 9
729 825 10
187 729 12
323 729 5
106 730 8
640 730 12
464 730 11
117 730 10
517 730 10
731 952 12
600 731 6
101 731 11
458 731 12
288 731 10
346 732 11
732 966 12
732 958 13
83 732 7
732 862 9
282 733 10
557 733 8
733 823 10
620 733 11
530 733 11
631 733 16
423 733 7
647 734 7
714 734 11
246 734 12
187 734 10
385 735 13
695 735 12
525 735 7
585 736 11
337 736 10
147 736 14
736 955 9
736 769 7
5 737 14
557 737 15
60 737 8
459 738 11
314 738 11
738 922 8
41 738 12
577 739 12
534 739 9
530 739 14
169 739 10
468 740 12
316 740 12
740 748 14
200 740 12
89 740 10
540 741 13
607 741 10
327 741 9
630 741 11
365 742 11
742 815 12
32 742 12
273 742 8
654 742 13
554 742 12
98 743 10
743 771 11
210 743 14
743 980 11
159 743 8
556 744 13
191 744 12
744 989 11
20 744 12
530 744 13
209 745 10
745 815 10
414 745 11
651 745 15
80 745 10
451 745 9
580 746 14
218 746 7
60 746 12
345 746 7
443 746 7
746 820 9
412 746 15
248 747 15
323 747 10
182 747 9
747 841 13
333 747 11
748 980 10
560 748 12
490 748 11
288 748 7
748 957 10
441 748 8
521 749 13
625 749 12
138 749 14
488 749 12
276 749 9
529 750 7
70 750 12
321 750 13
673 750 10
446 750 11
253 751 13
590 751 11
133 751 10
436 751 10
751 919 11
312 751 10
202 752 10
432 752 9
15 752 11
387 752 7
248 752 9
443 753 13
325 753 10
715 753 10
153 753 13
270 753 9
754 951 9
754 768 10
368 754 9
458 754 14
631 754 11
183 754 12
755 852 11
246 755 11
755 847 9
755 877 8
409 755 13
755 826 12
552 756 10
185 756 11
238 756 12
67 756 15
705 756 14
299 757 9
336 757 11
408 757 10
660 757 7
720 757 11
639 758 10
180 758 11
303 758 11
437 758 11
246 759 10
213 759 11
337 759 9
759 833 9
760 922 7
391 760 11
199 760 14
244 760 8
500 761 11
761 916 11
761 808 7
761 806 10
541 762 11
61 762 11
262 762 11
477 762 11
326 762 10
587 763 10
763 807 13
173 763 13
109 763 12
486 763 11
763 901 6
77 764 8
764 965 13
764 888 11
764 944 12
565 764 9
251 764 9
115 765 11
765 912 10
189 765 9
529 765 10
309 765 11
766 813 10
389 766 12
766 842 8
549 766 11
443 766 10
767 787 7
680 767 12
767 775 9
81 767 13
158 768 10
101 768 11
244 768 13
632 768 10
337 768 13
712 769 12
769 841 12
353 769 7
408 770 12
89 770 12
118 770 13
493 771 12
27 771 10
206 771 12
771 928 13
149 771 12
252 772 10
176 772 11
598 772 9
16 772 4
611 772 5
511 773 13
773 801 11
580 773 15
773 862 13
657 773 10
103 773 13
774 931 5
419 774 9
39 774 12
594 774 9
100 774 10
46 775 13
396 775 12
31 775 7
302 775 8
775 997 11
130 776 11
776 809 9
490 776 11
764 776 13
93 776 10
419 777 10
399 777 11
150 777 11
736 777 9
777 888 11
777 871 12
203 778 11
151 778 9
298 778 9
143 778 14
397 778 11
663 778 11
192 779 10
779 953 6
779 879 13
780 969 9
563 780 9
780 830 10
701 780 7
781 932 7
781 889 15
348 781 9
781 944 12
473 781 10
302 781 8
445 781 10
578 781 8
734 782 12
103 782 10
508 782 10
448 782 10
398 782 12
256 783 11
499 783 8
223 783 18
318 783 12
783 921 14
783 855 12
97 783 8
55 784 11
256 784 8
784 919 10
784 927 8
784 823 10
765 784 10
116 785 13
647 785 9
271 785 11
785 929 13
0 785 9
714 785 11
514 786 10
344 786 5
746 786 8
527 786 14
27 786 11
407 787 11
630 787 12
536 787 12
787 922 12
787 789 14
409 788 13
173 788 13
48 788 10
147 788 10
64 788 11
789 825 9
789 975 12
789 869 9
507 789 9
619 789 12
736 790 10
370 790 11
674 790 9
157 790 9
280 790 11
513 791 11
386 791 11
791 994 14
641 791 12
664 791 9
526 792 11
379 792 10
622 792 13
792 839 11
792 857 11
362 793 8
581 793 9
491 793 10
793 902 12
279 793 8
302 794 8
422 794 9
145 794 11
541 794 8
551 794 8
242 794 11
795 853 9
121 795 11
795 866 12
795 887 13
491 795 9
605 795 10
160 796 11
496 796 7
415 796 9
675 797 12
797 857 13
631 797 15
395 797 12
648 797 12
317 797 10
590 798 9
382 798 11
798 864 15
422 798 10
742 798 10
799 898 14
799 850 11
799 817 10
685 799 11
799 832 11
275 800 8
756 800 12
146 800 10
652 800 11
45 800 12
600 800 7
780 800 8
713 800 10
424 801 12
472 801 12
257 801 7
801 863 14
320 802 9
487 802 10
694 802 8
623 802 12
615 803 7
54 803 8
780 803 9
646 803 10
713 803 10
85 804 11
804 941 12
663 804 7
493 804 10
313 805 11
50 805 11
410 805 9
805 864 10
806 883 10
762 806 8
493 806 13
721 806 9
409 807 8
99 807 13
501 807 11
807 877 12
747 808 11
558 808 12
53 808 12
716 808 15
13 808 11
722 808 8
245 809 8
580 809 8
790 809 11
795 809 9
810 918 10
231 810 12
286 810 10
329 810 10
606 811 13
513 811 9
561 811 10
641 812 9
656 812 13
393 812 6
588 812 11
635 812 8
243 813 12
527 813 10
813 982 6
498 813 9
596 814 12
814 966 9
96 814 5
34 814 14
152 814 11
451 814 7
241 815 8
629 815 10
493 815 8
812 815 15
383 815 14
318 815 15
816 894 11
227 816 12
158 816 10
73 816 9
326 816 10
32 817 13
626 817 13
782 817 9
817 866 11
382 817 11
698 818 8
209 818 11
795 818 6
406 818 13
550 818 11
746 818 11
668 819 9
688 819 11
519 819 12
610 819 10
53 820 10
801 820 11
762 820 9
538 820 12
507 820 10
289 820 9
676 821 11
821 872 11
119 821 11
821 940 9
822 846 10
822 923 12
432 822 13
170 822 12
108 823 9
823 954 11
11 823 9
289 823 14
581 824 8
659 824 7
616 824 11
824 924 10
473 824 9
397 825 7
404 825 8
806 825 11
631 825 12
33 826 7
298 826 11
826 833 10
553 826 9
243 826 10
660 827 8
301 827 7
185 827 10
531 827 14
366 827 6
401 827 8
250 828 8
530 828 10
560 828 11
476 828 13
654 828 10
103 829 15
829 847 9
226 829 11
153 829 11
9 829 11
518 830 10
607 830 13
830 932 11
304 830 10
830 920 11
672 830 12
55 831 12
252 831 8
831 923 11
374 831 11
284 831 9
515 832 11
704 832 11
832 854 10
213 832 11
832 986 12
615 832 10
464 833 12
474 833 11
568 833 9
815 833 6
420 833 8
359 833 11
554 834 10
622 834 12
570 834 12
13 834 10
737 834 14
278 835 11
555 835 8
101 835 10
299 835 11
835 913 6
835 961 8
792 836 13
836 955 12
727 836 11
655 836 8
406 836 10
826 837 9
554 837 9
286 837 9
312 837 9
769 837 11
670 838 14
402 838 9
787 838 9
351 838 7
364 839 8
839 929 10
568 839 11
448 839 13
418 840 10
807 840 9
530 840 9
656 840 12
807 841 10
818 841 12
619 841 10
55 841 10
841 857 10
657 841 9
26 842 7
206 842 15
308 842 8
78 842 11
842 933 11
630 842 11
257 843 11
217 843 10
467 843 14
553 843 9
843 852 15
738 844 9
515 844 12
663 844 9
151 844 13
494 845 8
346 845 9
127 845 9
240 845 13
783 846 11
71 846 10
175 846 10
847 998 9
294 847 10
625 848 11
483 848 12
297 848 8
848 971 9
383 848 8
711 849 7
219 849 8
238 849 9
839 849 11
555 849 12
748 849 13
813 850 10
357 850 13
359 850 9
850 972 12
221 851 13
762 851 13
252 851 12
584 851 7
216 851 10
243 851 9
108 852 11
129 852 11
182 852 15
852 991 7
123 853 10
113 853 6
396 853 9
321 853 11
785 854 16
29 854 12
816 854 9
127 855 10
69 855 12
525 855 11
248 856 13
492 856 8
825 856 11
716 856 11
4 857 12
620 857 12
857 891 11
397 858 11
465 858 12
334 858 7
778 858 14
286 858 7
276 858 9
50 858 15
523 859 6
273 859 9
730 859 12
650 860 12
816 860 13
311 860 10
342 860 9
594 860 15
25 861 11
709 861 11
764 861 11
861 948 8
378 861 11
329 862 10
789 862 10
623 862 11
550 862 9
674 862 11
86 863 5
160 863 12
36 863 9
15 863 12
616 863 9
376 863 7
6 864 11
722 864 6
617 864 11
68 864 10
615 865 11
285 865 8
129 865 10
865 971 10
64 865 12
246 866 9
699 866 14
475 866 12
832 866 13
117 866 11
374 866 12
626 867 11
802 867 9
377 867 10
735 867 7
868 908 13
69 868 11
479 868 8
648 868 13
538 869 10
195 869 12
553 869 10
786 869 10
297 870 9
257 870 10
161 871 15
322 871 10
375 871 14
260 871 9
554 872 13
171 872 10
579 872 7
423 872 12
404 872 15
711 873 8
298 873 11
773 873 10
717 873 13
873 886 14
369 873 14
500 874 10
75 874 12
874 948 12
212 874 11
874 891 9
685 875 9
295 875 11
655 875 8
42 875 10
671 875 12
860 875 9
542 876 10
626 876 10
417 876 14
329 876 9
40 876 9
809 876 6
129 877 11
390 877 11
877 960 12
585 877 13
543 877 8
281 877 9
463 878 13
792 878 9
485 878 6
760 878 11
468 878 14
391 878 12
619 879 10
374 879 10
149 879 9
817 879 10
432 879 11
523 879 12
702 880 9
818 880 10
880 954 11
880 909 7
850 881 11
687 881 9
771 881 6
881 955 10
729 881 10
520 882 12
131 882 13
666 882 13
882 923 10
451 882 11
719 883 10
830 883 9
274 883 16
688 883 10
248 884 9
127 884 10
884 933 9
189 884 10
884 973 11
114 885 12
489 885 10
410 885 8
353 885 9
93 886 8
420 886 5
886 925 9
637 886 9
809 886 9
483 886 11
794 887 11
455 887 13
247 887 11
21 887 12
662 887 9
772 888 10
304 888 13
497 888 11
888 991 11
663 889 11
161 889 14
797 889 8
541 889 12
571 889 11
147 890 9
530 890 9
176 890 9
890 974 9
562 890 14
331 891 12
625 891 11
399 891 12
402 892 10
150 892 11
571 892 15
664 892 9
784 892 7
833 893 11
179 893 9
525 893 13
876 893 12
198 893 15
307 894 13
161 894 13
610 894 12
382 894 11
788 894 12
894 990 13
147 895 10
895 988 10
522 895 10
44 895 9
895 992 11
896 972 10
17 896 11
879 896 11
589 897 11
897 945 11
897 969 11
427 897 10
897 988 7
606 898 11
304 898 6
777 898 7
218 898 15
250 898 11
699 898 10
178 899 10
147 899 12
17 899 8
425 899 11
525 899 7
323 900 5
900 942 10
900 952 11
517 900 11
232 900 10
497 900 11
777 900 12
432 901 7
629 901 11
758 901 12
747 901 12
304 901 10
731 902 9
632 902 11
539 902 10
27 902 11
429 903 10
723 903 9
785 903 11
727 903 9
853 903 8
652 903 13
42 904 11
904 969 10
538 904 13
803 904 8
797 904 9
736 904 11
905 949 12
905 977 12
154 905 9
121 905 11
905 927 7
665 906 12
97 906 10
162 906 13
906 992 13
229 907 13
113 907 9
907 963 13
467 907 12
907 994 11
124 908 12
512 908 12
308 908 10
621 908 11
107 908 9
694 908 12
57 909 11
909 911 10
905 909 12
467 909 11
296 909 12
181 910 8
791 910 7
544 910 7
332 910 16
910 937 12
911 930 9
514 911 10
586 911 8
399 911 14
445 911 13
136 911 9
912 932 12
825 912 12
397 912 7
44 912 5
642 912 10
646 912 11
668 912 11
891 913 13
548 913 13
64 913 13
319 913 9
12 914 9
837 914 6
166 914 8
914 987 13
583 914 9
351 915 10
680 915 9
454 915 12
327 915 8
418 915 9
149 916 12
738 916 13
621 916 9
451 916 12
441 916 7
145 917 8
917 941 9
325 917 11
865 917 11
277 918 10
721 918 11
338 918 11
669 918 10
545 918 9
542 918 11
307 919 10
916 919 11
521 919 11
919 991 11
919 935 10
628 920 11
490 920 11
558 920 14
746 920 17
920 947 10
678 920 8
641 921 11
101 921 13
921 946 9
921 990 11
817 921 7
554 921 13
728 922 10
6 922 10
253 922 9
922 979 7
109 922 9
61 922 7
923 974 6
923 950 14
874 923 12
165 923 12
478 923 10
914 924 10
606 924 10
821 924 13
318 924 9
242 925 12
478 925 8
598 925 11
222 925 8
925 927 12
702 925 11
604 926 9
908 926 7
892 926 9
850 926 8
569 926 10
926 943 12
302 927 11
807 927 10
927 969 9
163 927 13
833 928 9
140 928 5
50 928 13
54 928 9
928 947 11
744 929 8
815 929 10
638 929 11
9 929 12
465 930 10
930 939 9
930 990 8
624 930 12
495 930 10
82 931 10
664 931 11
585 931 10
151 931 13
489 931 9
343 932 13
81 932 10
258 932 12
654 932 8
301 933 9
492 933 11
466 933 12
733 933 6
634 933 13
97 933 7
42 933 12
201 934 11
435 934 12
132 934 11
378 934 11
452 935 12
935 987 9
653 935 10
51 936 8
421 936 12
885 936 14
296 936 11
579 936 10
931 936 11
144 937 12
453 937 12
95 937 11
701 937 12
248 937 7
147 938 7
559 938 12
846 938 12
234 938 8
938 991 7
743 938 10
870 939 14
892 939 10
939 954 10
439 939 16
792 940 11
324 940 7
325 940 8
879 940 14
620 940 9
896 941 12
214 941 12
727 941 13
3 941 8
633 941 16
204 941 7
92 942 9
12 942 11
427 942 10
129 942 12
274 942 16
461 943 13
8 943 6
688 943 12
896 943 12
147 944 16
944 967 10
644 944 11
708 944 8
156 944 10
945 968 11
760 945 8
185 945 9
945 998 9
443 945 9
864 946 10
459 946 11
142 946 10
508 946 9
325 946 11
947 971 10
765 947 10
813 947 13
27 947 12
411 947 9
74 948 7
948 993 10
481 948 10
715 948 10
405 948 12
47 949 9
885 949 10
897 949 10
281 949 9
597 949 10
693 949 9
118 950 6
849 950 10
359 950 10
928 950 12
112 951 7
664 951 15
64 951 11
640 951 12
575 952 10
26 952 9
187 952 11
136 952 9
225 952 9
446 953 7
822 953 12
611 953 7
497 953 10
239 953 9
676 954 9
150 954 12
716 954 11
638 954 9
422 955 10
905 955 13
788 955 11
290 955 9
145 956 8
956 963 7
151 956 8
273 956 12
340 956 12
604 957 13
182 957 15
836 957 8
717 957 12
740 957 13
225 958 10
699 958 13
833 958 7
300 958 11
168 958 11
484 958 13
244 959 11
410 959 12
918 959 11
308 959 9
551 960 13
420 960 8
261 960 12
291 961 15
461 961 11
918 961 14
616 961 10
424 961 7
737 961 12
607 961 12
515 962 10
736 962 9
255 962 11
210 962 10
862 962 10
348 962 12
319 962 10
924 963 11
791 963 9
358 963 14
681 963 12
782 963 11
569 964 9
289 964 11
321 964 13
311 965 11
777 965 12
20 965 10
637 965 12
965 984 9
357 966 9
859 966 11
849 966 9
457 966 11
773 967 10
603 967 12
789 967 12
611 967 10
416 967 8
567 968 9
833 968 12
466 968 9
855 968 12
687 968 11
839 968 7
300 969 11
316 969 13
173 969 9
566 969 10
716 969 8
934 970 13
798 970 9
970 972 8
708 970 9
728 970 15
516 971 9
154 971 9
852 971 11
428 971 8
868 971 12
262 972 8
575 972 10
392 972 9
496 972 9
199 972 8
30 973 12
583 973 15
797 973 11
937 974 10
619 974 12
781 974 8
348 974 12
587 974 7
597 975 12
908 975 8
891 975 7
390 975 11
319 975 8
68 975 13
136 976 11
487 976 9
81 976 12
294 976 13
13 976 8
29 977 11
623 977 11
472 977 10
316 977 10
977 983 14
732 978 8
457 978 10
88 979 10
979 999 11
709 979 12
940 979 13
839 979 8
246 980 11
927 980 11
459 980 11
480 980 13
438 980 11
626 981 12
29 981 11
524 981 6
451 981 11
249 981 12
518 982 12
65 982 11
967 982 13
156 982 9
950 982 9
319 982 8
79 983 12
767 983 9
672 983 13
471 983 8
882 983 13
660 984 12
181 984 15
142 984 11
21 985 9
136 985 9
159 985 8
594 985 12
748 985 8
571 986 14
180 986 10
444 986 10
377 986 9
96 986 10
597 987 9
950 987 12
61 987 9
252 987 12
252 988 7
484 988 7
922 988 13
709 988 9
638 988 9
849 988 9
424 989 11
958 989 10
451 989 11
65 989 12
185 990 11
756 990 12
896 990 12
97 990 9
868 990 9
386 991 9
311 991 10
382 991 13
272 991 12
6 991 9
32 991 12
57 992 8
538 992 12
11 992 10
537 992 11
150 992 10
993 997 7
456 993 14
265 993 11
422 993 10
982 993 10
217 993 8
854 994 9
735 994 12
886 994 13
228 994 9
937 994 10
9 995 9
643 995 11
896 995 13
709 995 9
391 996 10
88 996 12
222 996 8
529 997 10
265 997 10
738 997 9
810 997 11
516 998 9
658 998 10
404 998 9
173 998 11
197 998 11
817 999 12
764 999 11
326 999 11
680 999 13
516 999 12
