1000
0
8
6
2
2
6
8
6
5
4
9
2
5
3
10
5
2
4
9
5
3
4
6
4
5
8
4
8
1
9
3
2
6
8
9
9
9
6
3
1
6
4
8
7
7
8
6
6
6
5
6
4
5
6
2
1
6
2
9
6
6
6
4
2
8
8
4
6
7
2
3
1
8
6
8
9
9
4
3
4
7
4
2
8
5
5
4
8
1
3
5
4
10
4
5
9
2
2
10
1
1
3
9
2
8
9
5
3
10
9
9
9
3
9
8
5
7
7
9
10
5
3
4
10
4
3
3
2
3
4
2
6
9
9
2
5
4
9
3
3
8
5
8
9
6
3
5
6
9
8
6
9
1
6
6
3
7
4
5
6
4
8
8
1
3
2
4
9
5
3
3
6
6
3
4
9
8
8
3
4
2
1
4
7
3
9
4
3
4
2
8
7
2
9
10
5
8
2
6
9
6
7
9
6
6
4
3
5
1
7
8
4
2
10
7
8
3
7
5
4
7
9
10
8
10
10
6
4
5
6
3
7
9
6
2
5
7
8
2
7
5
4
4
6
5
3
4
2
7
5
2
2
3
8
6
2
5
4
5
4
3
9
4
3
9
3
9
3
10
5
6
6
5
7
3
3
5
4
8
6
2
3
2
5
5
3
7
3
3
7
2
6
6
6
4
6
9
8
8
4
1
3
6
2
2
8
7
5
2
2
9
5
6
4
8
8
9
8
9
6
10
8
4
4
8
4
4
5
8
4
9
8
3
9
8
8
6
7
6
10
6
10
3
4
3
7
9
8
2
8
3
6
7
2
4
3
9
7
8
9
3
4
5
7
2
4
6
3
8
2
6
5
2
6
7
7
3
6
6
9
9
8
4
2
2
3
3
5
3
8
7
3
3
3
8
8
7
2
6
4
6
3
9
2
4
7
7
8
9
9
3
8
8
7
2
7
8
7
6
8
6
3
3
10
3
3
8
5
10
7
8
1
1
9
8
3
5
5
2
8
7
8
6
2
8
3
9
9
9
1
8
8
10
10
4
1
3
8
2
5
3
6
10
3
6
9
3
1
9
3
6
10
4
2
3
8
2
3
7
7
9
3
9
8
8
8
6
8
10
10
8
6
1
4
6
10
1
2
10
6
3
3
7
10
3
3
9
5
2
7
8
2
4
8
6
3
4
10
6
9
8
4
7
5
1
10
6
1
8
9
4
3
2
2
5
2
4
1
5
3
8
2
9
9
1
4
5
7
3
2
9
2
8
5
3
2
2
8
7
6
2
2
4
4
4
5
3
8
4
10
1
7
5
5
6
4
4
1
5
4
3
1
7
7
5
10
3
2
5
9
3
6
5
6
6
3
4
4
1
6
1
6
3
2
3
7
6
7
3
7
2
8
9
1
9
5
8
6
10
6
9
7
7
9
3
6
3
10
2
4
1
2
3
8
7
5
4
9
3
7
8
8
7
1
5
2
2
6
2
7
3
4
9
10
2
8
10
8
2
3
6
4
3
5
3
5
4
3
2
5
1
3
3
1
10
2
2
8
5
10
1
5
8
6
8
3
2
5
7
9
9
6
7
1
9
5
8
10
9
7
8
8
6
3
1
9
5
2
4
1
6
6
1
9
7
5
6
3
6
4
6
2
6
2
10
8
4
5
6
9
6
2
4
5
4
3
3
5
5
2
10
8
7
7
8
3
5
2
4
2
7
8
4
4
1
9
6
3
9
2
6
6
7
6
7
5
2
8
6
6
4
7
9
1
10
4
6
2
2
3
4
7
6
5
1
1
6
8
3
2
5
4
10
8
8
8
2
10
2
2
2
7
8
4
3
2
3
5
8
6
8
5
6
3
8
4
9
2
6
6
2
10
8
4
1
7
6
10
8
4
2
10
5
8
7
3
3
1
3
6
1
6
8
8
9
5
3
3
3
6
10
5
5
7
4
5
1
1
5
8
1
5
7
4
10
4
8
9
6
5
2
7
1
4
7
8
5
4
8
7
6
6
9
4
9
9
2
3
7
1
1
6
9
7
4
6
8
8
9
5
3
7
2
5
2
5
8
5
2
3
6
5
6
9
4
6
1
6
4
7
3
2
4
1
9
9
3
10
6
7
3
1
7
10
6
5
1
10
8
8
8
8
5
3
4
3
6
10
10
5
2
2
5
4
1
8
5
2
8
4
4
5
3
4
4
7
5
3
8
2
10
9
8
2
5
4
10
2
5
1
8
2
4
6
9
2
3
1
3
9
6
5
9
4
6
1
9
5
8
5
0 408 11
0 131 11
0 675 8
0 49 8
0 606 9
0 428 14
1 403 10
1 387 13
1 356 10
1 865 13
1 855 7
1 640 12
2 892 10
2 621 13
2 162 8
2 425 12
2 913 12
3 934 10
3 950 12
3 194 9
4 337 9
4 894 8
4 760 11
4 720 10
5 292 12
5 699 10
5 402 11
5 730 9
5 494 11
6 667 10
6 525 9
6 510 8
6 46 8
6 62 10
6 820 12
6 871 8
7 987 10
7 198 8
7 817 10
7 30 10
8 461 7
8 127 13
8 711 8
8 113 9
8 86 13
9 377 11
9 67 6
9 322 11
9 255 13
9 734 14
10 623 12
10 15 11
10 844 10
10 185 7
10 219 11
10 137 8
10 699 11
2 11 8
11 735 14
11 917 8
11 722 12
12 78 11
12 64 6
12 420 10
12 887 9
13 721 11
13 815 11
13 296 10
13 621 12
13 930 7
14 747 8
14 840 7
14 220 7
14 133 11
14 198 10
15 452 13
15 464 11
15 242 12
15 352 9
15 281 10
16 961 6
16 879 15
16 843 12
16 628 11
16 660 7
17 178 9
17 718 9
17 830 11
17 392 7
18 630 11
18 237 10
18 850 13
18 39 13
18 697 12
19 308 13
19 220 11
19 924 12
20 471 10
20 663 10
20 75 13
20 791 10
20 297 9
21 754 10
21 718 9
21 300 11
21 339 11
21 540 8
21 814 12
22 172 16
22 51 11
22 517 9
22 833 8
22 676 7
23 28 11
23 839 11
23 485 10
23 56 9
23 240 11
24 998 10
24 760 12
24 725 4
24 991 10
24 681 7
25 206 10
25 638 10
25 409 10
25 342 10
25 41 10
25 807 12
26 201 10
26 690 9
26 65 11
19 26 10
26 924 10
27 716 11
27 742 11
27 612 12
27 828 11
27 478 10
27 714 10
28 72 11
28 822 6
28 289 12
29 205 10
29 368 9
29 549 13
29 391 7
29 466 11
29 925 13
30 737 12
30 31 6
30 301 13
31 470 11
31 897 11
31 793 10
32 51 9
13 32 12
32 207 8
32 524 7
32 791 13
32 320 11
33 413 13
33 62 10
33 191 9
33 314 6
33 795 5
33 233 12
34 58 11
34 258 10
34 60 9
34 260 14
34 806 10
35 112 10
35 839 12
35 848 12
35 448 8
35 913 13
35 814 13
36 805 7
36 691 9
36 502 15
36 537 13
36 944 11
37 187 13
37 116 10
37 105 11
37 518 13
37 316 7
38 309 8
30 38 9
38 530 8
38 730 12
39 605 9
39 596 13
39 925 13
39 855 12
39 665 14
39 149 10
40 118 8
40 402 13
40 303 9
0 40 14
41 128 9
41 981 8
41 846 10
41 490 7
41 502 10
42 631 11
42 742 9
42 137 9
42 67 7
42 569 9
43 569 11
35 43 11
43 532 11
43 881 10
43 936 11
43 926 14
43 402 9
44 836 12
44 702 9
44 522 9
44 503 13
44 59 13
44 784 11
45 203 6
45 636 11
45 913 12
45 697 11
45 598 11
22 45 13
45 813 14
45 363 11
46 338 12
46 961 11
46 228 14
46 998 11
46 557 11
47 851 10
47 102 10
47 830 11
47 882 10
47 574 14
47 243 14
48 450 8
48 202 10
48 405 9
48 504 11
48 261 10
34 49 9
49 205 7
49 122 8
49 853 10
49 460 16
50 116 12
50 360 10
36 50 12
50 110 10
50 218 12
51 821 8
51 491 12
51 757 12
51 229 8
51 525 11
52 830 12
52 499 11
52 669 8
52 244 9
3 52 13
53 435 9
53 140 11
2 53 9
54 646 6
54 538 12
54 287 12
54 165 11
54 699 9
55 425 12
55 618 9
55 331 11
37 55 11
55 402 12
56 141 13
56 146 11
56 190 12
56 664 9
56 340 9
56 618 11
57 736 10
57 674 11
57 308 8
57 719 14
58 388 9
58 730 10
58 72 10
58 316 11
42 58 7
43 58 10
58 189 10
58 401 10
59 395 11
9 59 9
59 701 12
60 918 13
60 634 9
60 331 9
60 508 11
61 359 13
61 887 11
61 501 13
61 454 8
61 271 7
62 909 12
62 633 11
62 555 11
62 367 11
62 644 6
63 882 10
63 745 12
63 984 10
63 711 12
63 165 11
63 973 12
64 768 10
64 135 8
64 844 10
18 65 7
65 566 13
65 541 12
65 177 8
65 95 8
66 971 12
66 532 11
66 897 8
66 233 12
67 490 16
7 67 8
67 933 9
67 674 12
68 417 11
68 129 10
68 848 8
68 868 12
69 858 10
69 671 12
69 744 12
69 928 13
69 633 10
69 337 13
70 137 10
70 368 11
70 567 8
70 545 9
71 318 11
71 128 10
71 651 10
71 642 10
71 509 12
72 408 9
72 242 8
72 702 10
72 228 7
72 167 11
73 478 14
73 525 13
73 312 10
73 707 13
74 258 13
74 463 8
74 867 11
74 921 7
75 323 8
29 75 10
33 75 10
75 254 10
75 560 16
75 391 10
76 620 11
76 446 9
76 913 11
76 996 13
76 989 10
76 162 14
77 785 11
77 939 11
63 77 13
77 292 9
34 77 11
77 432 9
77 353 11
78 415 13
78 342 9
78 244 12
78 738 12
61 79 11
79 426 9
79 943 11
79 616 8
36 79 10
79 721 15
80 197 10
80 493 10
80 427 7
80 805 11
80 552 11
81 725 17
81 648 8
81 196 10
81 553 10
81 426 9
81 794 11
81 669 13
81 162 6
82 141 12
82 664 12
82 712 10
82 257 9
82 839 10
83 327 9
83 667 14
83 916 10
83 88 11
83 987 12
84 956 12
84 754 14
84 511 9
84 353 9
83 85 12
85 110 9
85 806 6
85 639 9
85 272 13
85 131 7
86 524 10
86 789 12
86 165 6
86 798 10
86 140 11
86 760 12
87 415 8
50 87 9
87 820 10
87 880 13
87 762 14
88 363 5
88 209 13
88 251 8
88 410 9
88 824 4
89 339 10
89 379 13
89 365 8
89 867 10
90 974 11
90 995 12
90 793 7
90 124 12
90 833 9
91 315 7
91 545 11
91 857 9
91 636 12
92 143 12
92 256 13
92 147 10
92 248 10
92 324 9
93 121 12
93 537 13
93 303 9
57 93 10
93 161 13
24 94 10
94 351 7
94 989 9
94 786 9
95 918 14
95 280 7
95 844 11
95 913 11
85 95 13
95 318 12
96 644 10
96 598 11
96 861 10
96 734 9
96 851 10
97 391 12
97 233 12
97 484 9
97 229 10
97 870 12
98 707 11
98 287 9
98 752 12
13 98 9
98 835 7
99 898 10
99 246 7
99 300 9
99 223 9
100 652 11
100 937 11
10 100 11
100 875 12
100 664 11
101 402 13
101 522 9
101 606 12
101 306 10
102 380 10
102 992 11
102 149 10
102 686 10
103 706 10
103 911 13
103 271 5
103 961 9
103 359 10
65 104 8
104 894 15
104 534 13
104 303 12
105 895 12
105 197 10
105 906 10
105 898 10
106 695 11
106 161 10
106 566 10
106 123 11
83 106 12
107 367 13
107 456 10
107 259 11
107 145 12
107 516 11
107 876 11
108 952 12
108 143 11
26 108 9
108 174 11
108 592 12
109 661 11
109 124 9
96 109 7
109 704 10
109 624 8
110 807 10
110 947 11
110 699 10
110 225 12
110 416 5
110 379 12
111 894 6
111 486 14
37 111 14
111 743 12
111 777 9
111 652 11
112 384 6
112 355 12
112 163 9
112 162 10
112 982 12
112 808 8
113 638 11
113 254 10
113 660 8
113 683 10
113 896 13
114 637 8
114 736 11
114 595 12
114 860 9
115 836 10
115 873 11
115 530 13
115 285 11
116 266 8
116 576 12
116 318 12
116 948 11
117 652 9
117 270 11
117 704 9
117 346 10
117 147 10
118 803 12
118 566 11
118 737 11
0 118 5
118 934 9
119 239 12
15 119 11
119 487 7
119 771 12
82 120 11
95 120 15
120 845 11
25 120 9
120 492 11
120 742 12
121 668 9
121 368 14
121 589 9
121 305 9
121 971 9
122 488 7
122 347 10
122 375 6
48 122 14
122 817 11
123 795 14
123 846 10
123 806 10
123 916 12
123 128 12
124 962 8
124 340 10
62 124 7
124 884 9
124 480 12
124 329 8
124 851 11
125 564 10
125 454 12
125 569 10
125 854 8
125 408 8
126 331 11
126 849 14
126 232 13
126 927 11
126 187 10
127 973 13
127 821 14
127 252 11
127 826 9
127 431 10
128 648 10
128 624 12
128 727 11
128 569 12
128 760 10
19 128 12
129 747 10
129 417 10
62 129 13
129 701 12
130 662 12
130 695 9
130 574 9
130 199 9
130 971 10
130 231 11
92 131 11
131 167 14
131 366 7
69 131 11
74 131 10
131 252 14
132 218 11
132 553 12
132 348 14
132 353 10
132 386 11
133 458 12
133 515 13
133 740 7
133 711 13
133 935 9
134 297 9
134 248 12
134 559 9
134 689 8
135 359 13
135 781 12
135 488 10
135 664 8
135 298 13
136 426 14
136 775 12
136 670 13
136 519 10
137 198 12
137 411 14
35 137 8
126 137 7
137 547 12
137 948 15
91 137 16
137 861 11
138 543 12
138 791 15
138 448 14
138 399 8
139 759 9
139 167 9
139 746 11
139 802 13
140 275 15
95 140 12
140 568 11
140 867 5
140 700 12
141 553 9
141 765 9
141 897 11
142 927 13
142 875 11
142 461 13
142 967 11
142 189 13
143 148 12
143 547 10
143 308 14
143 517 11
143 812 12
144 669 12
144 317 9
144 780 12
144 204 10
144 428 13
145 872 7
145 212 7
145 351 8
19 145 11
134 145 9
145 420 10
146 850 11
146 474 11
146 451 11
146 854 11
97 146 11
146 617 4
147 676 15
147 392 8
5 147 12
147 695 8
147 559 9
147 780 13
148 264 11
148 531 10
148 957 11
148 882 12
149 213 10
149 518 15
149 508 14
149 479 6
31 149 11
150 789 13
150 874 11
150 831 10
150 332 12
150 731 11
150 770 10
151 811 9
151 769 10
151 974 9
151 579 12
152 455 9
152 333 15
152 827 11
152 431 16
86 153 8
153 483 8
153 633 9
154 239 11
63 154 11
154 273 10
154 424 9
155 832 13
155 388 12
155 225 13
155 378 13
155 321 11
156 318 9
156 976 11
156 480 10
156 788 12
52 157 12
157 492 8
157 735 14
157 434 7
158 751 8
158 999 12
158 464 11
115 158 12
159 576 11
159 331 15
159 691 11
159 896 13
119 159 13
160 741 11
160 931 7
160 417 7
160 827 8
160 964 10
161 597 9
161 511 14
161 595 11
99 161 9
162 412 6
162 739 15
105 162 11
162 233 14
162 375 10
162 550 8
162 789 12
163 474 10
163 919 10
163 489 9
50 163 10
164 777 13
164 275 10
164 325 10
164 711 10
164 493 10
37 165 12
165 811 11
165 218 14
165 450 9
165 497 7
165 500 11
166 997 11
166 392 13
166 267 11
166 609 12
48 166 14
162 167 10
33 167 10
167 264 9
167 839 12
167 319 12
168 700 8
168 868 14
168 844 10
32 168 9
169 428 12
169 424 12
169 401 11
169 576 10
10 169 9
170 334 10
170 721 10
170 523 6
170 741 10
45 171 10
171 751 13
171 555 10
171 561 12
171 662 9
89 171 12
171 331 14
172 626 7
172 837 11
172 545 11
172 715 13
172 452 13
110 173 10
173 767 10
173 320 9
118 173 12
174 294 12
174 228 8
175 207 7
175 297 11
82 175 10
175 644 12
175 660 9
175 925 11
176 360 13
146 176 10
176 987 11
114 176 12
176 263 9
177 678 7
177 326 11
177 921 11
177 330 12
177 560 11
160 178 12
178 995 13
178 561 11
30 178 12
178 335 11
179 491 10
174 179 10
179 717 8
179 392 10
180 576 11
180 949 11
88 180 11
180 244 9
180 771 8
181 951 15
181 226 14
181 514 11
181 445 12
181 511 11
182 787 15
182 795 13
182 248 7
182 677 11
73 182 10
182 823 13
183 966 7
183 855 13
122 183 12
183 766 14
183 336 10
184 473 13
114 184 10
184 971 12
184 660 13
184 573 9
185 276 9
185 378 9
76 185 10
96 185 10
186 266 11
60 186 9
165 186 16
90 186 7
186 843 15
186 240 12
187 795 11
187 947 10
187 472 15
88 187 13
187 377 12
188 901 11
188 377 9
188 595 10
145 188 10
188 513 7
188 687 12
188 380 11
189 699 8
146 189 10
189 502 9
189 899 13
189 529 9
152 190 12
190 676 11
190 749 12
190 425 11
190 514 11
84 191 9
80 191 14
191 265 13
49 192 11
192 435 9
80 192 11
192 650 11
192 546 13
193 799 9
193 548 9
193 494 6
193 263 8
193 523 10
193 860 10
193 735 9
194 737 11
118 194 14
194 975 10
194 549 8
194 895 8
194 730 9
195 225 13
195 691 10
195 674 13
195 667 8
195 221 8
196 769 12
196 497 12
4 196 12
196 241 11
197 381 10
197 292 9
197 985 11
197 775 14
197 394 8
143 198 11
125 198 7
198 909 11
198 761 12
191 198 8
198 517 10
148 198 15
199 743 6
139 199 7
199 428 11
103 199 8
199 866 8
200 763 8
200 887 13
200 609 10
92 200 11
200 233 11
200 852 9
201 317 13
201 989 14
201 206 9
201 453 9
201 784 13
137 201 10
201 295 11
202 925 11
202 437 12
202 717 10
202 532 10
202 945 11
203 830 6
203 659 12
203 429 10
203 427 15
203 630 11
204 941 10
204 757 10
204 652 10
142 204 10
204 641 10
204 520 8
99 204 12
205 934 10
205 866 9
205 667 7
205 484 11
54 205 8
188 205 12
206 265 11
206 766 7
206 381 10
206 878 7
207 621 8
207 906 8
207 925 10
207 753 11
207 725 11
208 614 11
208 261 13
208 923 10
208 692 10
208 226 10
209 342 10
209 967 9
209 522 9
209 944 10
209 966 11
210 734 7
210 290 10
1 210 8
210 533 12
210 708 12
211 592 8
211 402 11
211 442 9
211 409 10
211 839 10
211 571 14
212 377 10
212 275 8
212 238 11
212 959 8
212 701 13
5 212 12
213 961 11
213 904 9
213 672 9
214 588 9
214 891 14
43 214 10
214 465 13
214 785 9
214 736 9
214 927 8
215 822 13
141 215 12
215 628 12
31 215 5
15 215 6
78 216 9
216 675 9
216 617 8
216 398 9
216 678 9
217 435 15
217 666 12
217 869 10
172 217 9
217 811 11
64 218 12
218 768 8
213 218 8
218 450 13
219 475 9
219 909 10
219 636 12
164 219 11
167 219 12
219 535 10
219 362 7
126 220 10
220 571 10
220 550 9
220 549 14
221 291 12
221 650 11
221 222 12
221 527 10
221 696 8
221 907 9
206 222 8
222 984 11
222 724 11
222 949 12
222 824 9
76 222 12
223 661 9
223 452 9
223 432 9
174 223 12
107 223 13
224 998 6
224 558 7
224 852 10
145 224 10
224 468 10
225 565 7
225 381 6
225 491 11
225 308 10
225 805 8
226 787 10
226 448 8
226 247 12
51 226 12
226 745 11
161 227 11
227 628 9
227 449 12
54 227 12
227 752 7
227 539 11
227 764 14
228 638 10
228 505 9
228 486 5
113 229 12
229 609 10
24 229 9
229 751 13
230 584 14
230 801 11
230 264 12
36 230 10
230 736 11
231 448 9
231 952 13
231 583 11
231 247 11
231 730 12
232 317 12
232 740 12
232 662 11
232 822 11
202 233 10
30 233 9
233 378 13
148 233 10
233 389 12
233 935 10
234 723 10
234 962 9
234 743 10
155 234 14
234 867 9
17 235 8
235 386 9
174 235 9
236 726 13
236 812 12
236 240 11
236 390 8
236 246 12
237 381 12
148 237 13
237 535 9
237 830 9
237 349 11
238 492 11
127 238 11
238 251 7
238 854 10
239 414 13
239 569 12
239 401 12
174 239 8
239 294 9
240 845 12
138 240 10
240 669 11
240 532 10
240 483 11
241 808 8
241 700 9
241 386 8
96 241 10
242 978 11
242 279 11
80 242 7
242 524 12
242 308 14
242 932 15
243 743 13
187 243 14
130 243 11
3 243 8
244 424 8
244 808 14
244 515 11
34 244 10
214 245 10
245 518 12
245 842 9
245 635 10
245 755 10
246 546 8
84 246 12
82 246 13
247 989 10
247 833 9
247 623 8
247 480 9
247 926 11
248 635 11
248 249 11
71 248 8
248 907 10
249 914 9
249 839 10
44 249 12
249 852 10
249 402 11
39 250 8
250 968 9
250 804 14
250 541 13
250 432 10
250 251 11
251 693 9
251 760 8
150 251 12
251 345 10
251 332 12
252 323 11
252 856 8
21 252 10
252 708 11
154 253 4
253 583 9
253 911 6
253 754 11
253 296 14
253 396 8
167 254 14
254 639 12
254 752 15
254 377 8
237 254 8
254 506 9
255 531 9
255 833 12
255 914 8
255 468 7
255 527 9
255 716 13
255 451 11
45 256 8
256 818 7
256 266 9
256 986 9
256 825 10
256 770 10
257 750 9
257 984 10
257 749 13
138 257 11
155 257 10
258 512 10
258 827 13
258 336 14
258 379 11
259 866 5
259 315 11
259 292 8
242 259 10
259 994 11
259 536 14
229 260 11
260 424 11
260 999 9
260 923 12
132 260 13
261 711 11
261 518 11
261 513 10
217 261 6
9 261 12
261 805 13
262 731 6
262 383 9
262 286 14
115 262 13
41 262 12
262 423 12
263 497 10
103 263 7
263 269 12
137 263 9
173 263 12
105 264 10
264 415 10
264 283 10
264 316 15
265 532 10
265 632 9
265 562 13
265 571 10
237 266 12
266 846 12
266 582 14
4 266 8
266 981 15
245 267 11
267 749 10
38 267 10
267 363 13
268 437 10
268 853 13
268 904 15
240 268 9
268 496 13
268 656 10
268 408 11
269 796 10
269 593 8
59 269 6
269 784 11
269 693 9
269 844 7
270 690 11
270 652 13
68 270 7
270 296 12
270 328 11
271 351 13
146 271 12
271 526 13
271 533 10
187 272 15
272 772 10
272 461 11
272 915 9
272 827 9
114 273 14
30 273 11
238 273 11
105 273 10
273 464 9
274 658 15
274 755 12
274 975 13
274 862 12
274 659 9
275 500 11
148 275 11
275 655 8
275 846 14
275 545 11
275 340 7
201 276 12
276 301 11
276 446 9
276 950 9
276 326 10
89 277 8
277 906 12
277 764 9
277 693 14
277 592 11
277 360 14
75 278 11
278 784 11
278 413 9
60 278 12
61 278 9
279 793 12
125 279 13
279 312 10
279 869 10
66 279 11
14 279 12
280 779 10
280 682 9
280 539 9
280 559 14
281 875 11
281 828 7
281 391 9
281 282 10
282 706 9
94 282 12
73 282 12
282 987 11
282 852 10
283 649 13
283 820 10
283 288 10
283 552 8
207 284 10
284 501 11
284 814 9
284 882 9
271 284 8
285 702 13
285 960 10
285 399 12
285 986 15
285 847 7
285 780 11
285 829 12
19 286 13
286 510 13
286 611 12
286 895 15
286 368 8
143 286 11
220 287 7
255 287 11
114 287 4
287 357 9
9 287 9
134 288 11
288 806 10
289 771 11
98 289 15
289 875 14
290 691 9
290 686 7
150 290 9
38 290 5
146 290 9
291 444 12
265 291 10
291 767 10
291 900 12
291 421 11
291 467 11
51 291 13
292 886 7
292 967 15
292 402 8
131 292 11
292 449 12
292 665 13
293 814 13
252 293 11
293 515 11
294 872 9
294 333 11
125 294 6
294 589 9
294 408 12
295 560 13
295 719 8
295 676 11
295 346 10
295 736 13
135 296 10
54 296 12
296 511 9
120 296 11
297 982 9
171 297 13
297 626 9
44 297 8
298 511 10
298 970 9
298 785 12
298 390 13
298 962 10
299 473 12
74 299 10
299 604 15
133 299 12
299 477 11
178 299 11
300 456 11
272 300 13
278 300 11
300 742 12
38 300 9
301 791 9
301 548 10
301 793 10
301 685 8
301 355 10
302 461 7
74 302 8
302 698 8
302 697 10
302 564 11
302 715 11
303 736 11
303 832 12
303 418 10
303 618 12
51 303 13
304 905 11
304 667 10
304 309 7
304 891 11
269 305 11
13 305 14
305 613 10
305 582 12
305 741 11
48 306 8
306 619 8
25 306 12
0 306 13
306 584 11
275 306 13
306 364 10
307 913 11
307 353 10
307 402 10
307 397 11
271 307 9
308 589 12
123 308 11
308 671 11
62 308 8
309 741 13
230 309 11
229 309 12
309 509 9
309 436 11
309 826 10
309 389 11
310 316 7
209 310 12
310 813 11
310 962 9
311 605 7
116 311 10
311 810 9
264 311 10
312 957 9
312 919 10
312 988 12
312 426 15
312 368 13
313 639 14
313 567 10
170 313 8
313 886 12
26 313 10
314 800 12
93 314 9
314 397 10
314 648 9
314 825 9
315 362 10
46 315 16
77 315 13
315 850 10
316 372 9
244 316 6
112 316 11
93 316 13
317 866 9
56 317 8
59 317 10
317 343 12
210 318 10
318 366 12
117 318 9
318 510 9
263 318 13
319 522 12
319 643 13
319 696 10
319 637 10
320 347 13
320 991 13
180 320 8
320 843 11
321 738 8
97 321 10
321 395 14
321 797 11
179 321 9
322 561 12
322 849 9
322 605 8
101 322 8
202 322 11
322 576 12
90 323 13
323 439 10
265 323 12
323 838 11
324 350 13
324 815 12
324 425 12
324 368 8
324 566 11
325 797 10
325 713 13
325 422 13
325 903 13
255 325 11
326 767 11
326 691 7
326 710 8
326 341 8
327 920 14
327 814 14
327 378 9
277 327 6
327 534 9
327 348 10
328 700 11
328 816 11
328 455 7
73 328 11
128 328 9
329 466 13
329 979 12
131 329 9
24 329 12
74 330 9
308 330 10
330 484 10
330 366 8
331 875 11
331 366 10
331 730 12
331 795 10
281 331 12
280 332 10
332 418 11
332 810 11
333 362 11
126 333 8
333 468 9
333 393 8
171 334 9
334 401 11
334 433 14
334 600 12
335 798 7
335 516 12
303 335 12
335 933 10
335 821 11
336 997 10
128 336 6
158 336 13
337 819 12
337 667 10
337 903 14
254 337 10
209 337 10
338 529 11
338 691 9
231 338 15
338 522 10
150 338 7
212 338 10
338 994 11
278 339 11
339 525 13
162 339 10
181 339 11
339 608 10
147 339 9
66 340 10
340 885 10
340 879 11
182 340 12
296 340 8
42 340 12
38 340 8
341 752 11
167 341 13
341 695 12
287 341 9
341 510 13
342 601 10
342 643 8
342 985 12
342 380 8
342 707 15
342 379 10
342 495 7
343 772 10
343 506 12
343 627 12
343 880 5
176 343 11
344 588 10
344 797 13
344 970 13
345 962 10
345 751 5
345 371 6
345 395 10
184 345 12
77 345 12
346 503 8
195 346 10
346 404 10
169 346 9
346 573 8
204 346 10
116 347 10
347 663 11
347 933 9
285 347 10
35 348 14
97 348 7
175 348 9
348 876 9
349 499 12
349 710 11
349 683 8
348 349 10
234 349 10
16 349 12
246 350 9
331 350 9
350 578 9
350 489 13
350 925 9
351 815 11
279 351 12
351 993 9
176 351 11
351 964 12
352 847 13
352 783 13
352 807 10
352 840 11
352 420 12
353 609 8
30 353 11
353 845 10
244 353 10
353 812 11
353 894 8
353 980 9
353 763 11
303 354 12
354 980 12
109 354 10
256 354 10
354 878 9
355 744 10
243 355 10
111 355 11
218 355 10
356 448 11
230 356 10
356 970 10
211 356 10
356 968 9
356 467 9
357 786 8
265 357 12
357 394 11
357 579 8
358 693 12
117 358 7
358 876 9
358 946 9
358 681 9
359 527 12
359 864 12
238 359 11
359 669 11
360 367 8
360 736 7
360 369 12
360 946 10
113 360 13
361 421 11
361 936 6
361 532 9
361 601 10
361 643 9
362 990 8
362 793 10
362 871 11
362 625 8
1 362 11
363 893 11
363 935 10
363 742 12
363 542 9
363 387 8
235 363 12
364 866 11
364 670 8
364 901 6
245 364 10
364 773 13
338 365 11
195 365 8
365 882 9
366 847 12
171 366 12
252 366 13
220 366 11
366 529 8
362 366 10
50 367 8
195 367 10
333 367 13
39 367 8
277 367 11
255 368 13
217 368 9
368 568 9
369 479 9
369 803 11
71 369 10
369 486 14
230 369 15
369 839 10
369 617 12
369 749 10
213 369 10
370 868 11
370 768 13
370 606 7
370 986 11
3 371 10
78 371 12
371 687 9
371 969 11
371 779 8
371 827 9
86 372 10
372 777 11
142 372 9
16 372 11
372 611 7
373 471 9
71 373 11
52 373 8
208 373 13
162 374 11
374 517 13
374 856 11
140 374 10
29 374 12
375 645 13
375 404 14
220 375 10
376 957 16
14 376 9
376 773 12
318 376 13
376 486 10
7 377 8
376 377 12
377 433 12
53 377 13
346 377 11
378 708 7
378 424 10
378 871 11
5 378 12
379 578 14
379 595 14
379 997 11
379 948 11
379 551 13
380 840 12
101 380 10
381 626 12
333 381 12
238 381 10
335 381 12
381 876 10
127 382 7
367 382 11
382 732 12
382 386 8
382 421 10
199 382 12
46 383 15
383 557 9
93 383 10
195 383 7
345 384 9
384 682 10
265 384 13
281 384 9
385 777 9
335 385 10
385 982 12
23 385 9
386 717 8
386 624 13
147 386 14
386 899 6
387 903 11
387 461 12
32 387 8
350 387 9
388 457 11
388 556 10
181 388 13
388 946 12
388 681 13
389 700 7
389 392 11
54 390 11
390 937 8
390 928 11
110 390 8
390 783 8
391 562 6
325 391 13
391 464 9
391 822 9
258 391 11
392 774 11
392 624 13
392 966 11
269 392 13
392 909 9
304 393 8
393 409 9
332 393 10
393 984 14
394 661 14
394 503 11
394 620 11
394 636 10
394 855 11
331 394 13
394 602 8
395 430 8
193 395 11
318 395 10
176 395 11
396 642 11
396 526 12
347 396 13
396 946 8
397 945 10
49 397 8
359 397 8
397 636 12
397 768 13
398 622 11
398 675 8
398 464 13
398 683 11
398 763 11
62 398 8
399 791 16
337 399 9
321 399 7
399 964 11
399 497 14
400 705 11
378 400 8
348 400 8
400 490 8
400 612 10
400 702 7
400 826 12
401 755 6
7 401 9
401 909 11
248 401 10
401 459 12
401 458 10
34 402 9
402 424 10
252 402 7
317 402 7
13 402 9
403 595 7
117 403 9
403 704 10
403 854 11
403 455 10
403 763 11
404 713 10
404 417 9
345 404 7
111 404 15
405 922 9
405 455 10
136 405 9
405 592 10
405 479 10
406 751 8
406 877 11
406 787 13
371 406 15
406 707 12
157 406 10
407 627 10
407 604 9
290 407 14
407 840 9
392 407 11
201 408 9
408 534 11
100 408 9
297 409 15
46 409 10
409 974 9
409 738 14
410 719 11
410 637 11
410 641 9
410 545 10
410 694 11
411 839 13
411 576 11
411 567 9
411 808 13
143 411 12
412 840 10
305 412 14
412 449 12
412 902 7
412 960 10
159 413 11
6 413 6
230 413 11
413 954 11
413 493 9
414 512 6
194 414 10
187 414 14
250 414 9
319 415 12
415 809 12
415 637 9
189 415 11
415 729 10
416 717 13
9 416 14
416 902 13
125 416 10
137 416 13
26 416 10
230 417 9
417 798 7
380 417 10
417 431 11
417 879 7
92 418 16
418 875 11
256 418 12
418 564 8
419 961 10
419 693 11
355 419 8
271 419 8
419 606 16
419 907 11
115 420 13
420 903 10
272 420 13
420 658 8
292 420 11
421 998 9
231 421 14
305 421 8
421 517 8
2 421 14
422 673 8
422 672 14
422 679 9
423 968 13
131 423 11
423 721 11
280 423 11
423 825 10
424 437 11
424 661 11
69 424 11
209 424 14
424 819 11
425 545 12
425 621 13
425 463 10
425 507 11
425 998 12
426 738 8
426 680 8
426 895 11
426 470 10
358 426 11
164 427 13
427 810 12
387 427 9
427 765 13
427 523 13
428 687 9
177 428 10
428 480 10
428 592 12
429 491 10
342 429 12
429 693 7
319 429 12
54 429 6
179 430 12
430 754 11
430 963 12
347 430 12
29 430 11
206 431 11
431 621 9
339 431 12
351 431 11
431 986 11
43 431 14
96 432 10
255 432 11
432 739 11
432 492 10
433 944 11
433 572 9
433 959 11
433 918 10
376 433 12
433 580 13
257 434 13
434 723 11
434 735 11
318 434 6
434 528 12
44 435 12
251 435 12
435 950 10
435 705 11
435 926 12
435 945 12
436 874 7
436 820 9
407 436 7
113 436 8
436 988 15
161 436 15
436 857 11
437 657 8
239 437 7
223 437 14
437 901 8
90 438 11
438 672 11
438 515 9
36 438 10
438 594 10
99 439 11
208 439 14
120 439 9
439 941 9
75 439 9
439 463 13
439 916 11
357 440 9
440 935 11
259 440 11
440 712 12
369 440 9
110 441 10
441 510 11
441 930 7
441 685 11
442 791 12
442 672 10
442 604 12
273 442 11
259 442 8
443 839 12
392 443 8
86 443 7
443 583 10
32 443 8
443 996 10
178 444 8
418 444 12
2 444 11
444 804 11
112 444 8
445 490 12
145 445 11
445 698 8
445 792 10
339 445 10
446 839 12
126 446 9
446 823 10
237 446 8
355 446 13
446 826 12
113 446 12
110 447 12
447 608 9
103 447 6
447 666 12
447 564 13
448 590 12
448 849 8
448 592 11
448 715 12
73 448 11
448 998 11
440 449 10
0 449 11
316 449 14
382 449 10
315 449 8
449 500 12
450 550 14
219 450 8
450 857 8
450 456 13
450 735 12
451 640 8
26 451 8
451 620 14
163 451 12
451 806 11
122 452 9
452 695 9
452 873 7
452 822 13
452 747 12
77 453 11
453 573 10
453 668 11
453 948 13
400 453 7
453 853 11
238 454 12
454 541 11
454 936 12
261 454 12
455 578 9
330 455 9
404 455 7
455 572 9
456 624 9
157 456 7
75 456 11
456 873 9
435 456 9
209 457 10
457 628 10
457 536 12
51 457 13
100 457 10
458 841 7
458 521 6
458 568 9
386 458 10
458 847 10
458 536 10
274 458 7
458 596 12
459 829 10
90 459 12
459 810 10
459 749 10
377 459 11
76 460 12
460 904 10
460 524 12
282 460 8
226 460 7
461 557 12
67 461 13
157 461 11
461 838 12
335 462 9
462 890 10
348 462 10
462 496 12
462 658 11
462 911 12
463 503 11
463 550 12
269 463 13
157 463 10
45 463 13
463 819 9
464 914 9
464 990 11
464 838 12
464 607 10
4 464 14
0 464 10
465 651 13
244 465 9
125 465 11
50 465 6
465 908 14
465 538 11
179 466 13
328 466 12
466 799 9
425 467 14
93 467 11
467 712 7
375 467 9
467 565 9
468 701 11
468 529 10
13 468 8
468 590 10
468 694 11
377 469 13
469 594 13
469 762 12
392 469 11
462 469 9
470 999 9
470 564 9
470 599 9
293 470 10
470 523 7
471 618 10
111 471 12
16 471 12
471 909 12
472 826 8
472 531 13
439 472 13
396 472 11
281 472 15
473 690 11
473 527 11
399 473 11
473 617 12
187 473 10
42 474 12
474 879 10
474 927 14
397 474 13
317 474 8
297 474 7
253 474 11
102 475 12
165 475 12
228 475 11
475 664 11
378 476 12
476 835 11
476 557 11
476 619 9
476 737 11
37 476 13
344 477 11
477 665 9
477 892 10
167 478 12
478 917 15
138 478 10
478 959 8
478 892 9
478 701 11
2 479 9
479 803 8
293 479 10
279 479 5
465 479 9
479 888 9
480 501 10
480 696 11
480 934 11
480 918 8
53 480 7
481 604 11
17 481 9
417 481 13
101 481 12
77 481 12
482 912 9
1 482 8
55 482 9
63 482 10
483 577 9
415 483 11
226 483 9
483 674 13
484 853 10
484 872 12
484 754 9
485 748 11
485 703 11
485 556 11
485 944 12
485 995 13
400 485 14
480 485 12
486 935 11
120 486 13
387 486 4
486 676 9
407 487 14
141 487 12
487 821 10
487 724 15
281 488 8
256 488 10
369 488 13
488 707 13
392 488 9
489 929 8
489 573 9
97 489 9
322 489 11
171 489 9
490 857 10
56 490 11
490 892 8
490 837 12
415 490 11
491 760 11
491 983 8
302 491 9
187 491 9
492 663 12
52 492 11
492 611 10
492 772 11
492 688 11
492 520 10
493 964 13
493 524 14
493 542 11
315 493 10
494 890 8
494 512 11
4 494 12
372 494 9
23 494 10
162 494 14
495 536 9
455 495 10
24 495 11
495 521 10
290 495 9
495 586 12
320 496 15
496 637 11
496 884 12
497 594 7
497 566 9
497 788 10
497 527 8
326 497 10
498 869 6
428 498 12
498 750 12
498 641 7
434 499 6
499 716 8
395 499 10
313 499 9
459 499 9
403 500 9
119 500 13
500 892 10
366 500 11
442 500 9
500 671 11
501 615 12
501 718 10
71 501 16
342 501 13
382 501 7
65 501 12
229 502 10
502 558 11
502 922 14
86 502 6
70 502 10
503 980 11
480 503 12
345 503 10
501 503 10
42 503 10
504 984 6
486 504 9
504 536 8
367 504 11
89 504 13
505 965 8
98 505 10
380 505 12
114 505 14
505 843 9
187 506 11
506 607 12
345 506 7
506 519 13
507 901 11
353 507 11
507 999 11
507 678 12
507 849 12
151 508 11
448 508 12
135 508 8
466 508 10
509 741 11
509 813 10
433 509 9
510 718 11
45 510 11
97 510 11
510 774 13
511 681 11
511 854 10
409 511 14
286 511 11
512 526 11
512 942 12
512 759 10
427 512 9
512 734 9
479 513 13
513 902 11
146 513 12
513 767 8
513 773 8
513 809 8
514 534 12
368 514 12
408 514 8
514 849 12
114 515 10
463 515 7
89 515 10
184 515 11
515 619 10
516 858 12
449 516 10
54 516 11
516 519 12
83 517 9
456 517 9
65 517 10
438 517 12
518 583 9
492 518 10
518 888 8
518 796 11
518 955 14
518 611 9
292 519 9
512 519 14
361 519 10
519 639 10
438 519 12
90 520 11
457 520 10
520 669 10
176 520 11
520 526 15
520 680 8
520 627 14
174 521 7
47 521 12
318 521 10
521 761 10
364 521 12
521 672 11
360 522 8
21 522 12
112 522 13
522 633 8
522 864 13
81 523 15
523 543 11
523 614 11
523 680 15
524 928 12
17 524 10
524 759 9
524 999 13
452 524 8
302 524 8
525 900 9
34 525 10
525 540 13
149 525 11
496 525 11
525 739 9
526 553 10
526 590 15
495 526 7
302 526 10
526 924 9
526 943 13
527 794 10
527 703 11
527 728 9
493 527 12
527 656 9
434 527 11
528 593 11
237 528 9
528 863 14
528 993 12
529 641 12
529 893 5
269 529 8
529 692 9
37 529 11
292 530 11
530 710 13
81 530 11
531 543 9
531 769 11
450 531 9
531 654 13
284 531 11
532 984 13
532 946 14
532 976 8
532 854 8
503 533 10
533 847 13
528 533 13
54 533 10
533 991 9
268 533 11
111 533 9
284 533 11
534 902 16
534 656 12
534 980 9
328 534 9
535 772 17
535 803 11
535 577 11
87 535 13
535 992 12
536 985 11
363 536 14
536 972 10
536 673 10
253 536 12
537 719 11
28 537 9
537 727 12
253 538 10
538 799 10
538 974 12
95 538 10
538 697 13
11 539 7
539 566 9
539 576 11
69 540 14
375 540 13
540 963 13
540 959 7
136 540 10
269 541 9
541 860 7
220 541 9
53 541 11
541 782 11
108 542 12
542 625 13
542 621 12
192 542 10
543 990 12
206 543 9
543 636 11
543 866 8
7 543 9
544 905 7
146 544 10
544 721 15
544 937 11
544 955 9
211 544 8
72 544 10
545 867 8
545 764 9
545 688 7
82 545 12
546 767 8
519 546 8
412 546 5
172 546 13
547 579 8
386 547 11
547 959 15
435 547 13
219 547 11
548 652 13
331 548 8
194 548 13
548 834 15
111 548 10
548 806 11
549 700 9
415 549 11
371 549 11
494 549 10
549 613 11
549 818 9
442 549 12
550 884 13
468 550 11
494 550 10
423 550 10
352 550 14
195 551 10
510 551 9
551 817 11
399 552 10
552 930 8
174 553 11
553 824 8
553 917 10
216 553 12
525 554 10
554 867 9
15 554 10
373 554 12
554 929 10
352 555 9
555 931 12
61 555 11
495 555 12
270 555 13
556 759 11
369 556 9
397 556 11
11 556 9
325 556 10
213 557 8
243 557 10
490 557 8
441 557 11
558 989 10
54 558 10
558 976 12
18 558 8
10 558 10
558 644 11
465 558 12
57 559 10
167 559 10
99 559 13
559 951 8
217 559 10
560 848 10
560 765 8
405 560 9
243 560 12
561 597 8
438 561 13
120 561 8
119 561 10
562 770 13
562 940 7
562 611 7
562 644 10
124 563 13
563 912 11
422 563 6
563 854 12
76 563 11
563 690 8
564 683 11
564 783 11
144 564 11
246 564 12
256 565 13
469 565 11
565 848 7
195 565 11
302 566 11
141 566 11
558 566 12
566 813 14
153 566 10
100 566 8
567 656 10
567 847 7
552 567 12
567 818 12
530 567 10
199 567 10
568 886 7
172 568 12
568 653 13
568 752 11
568 800 10
569 688 9
492 569 14
84 569 11
33 569 12
569 887 10
570 612 11
1 570 11
389 570 10
309 570 15
570 982 12
477 570 10
199 571 8
32 571 8
571 644 11
215 571 8
487 572 8
572 821 12
572 634 12
282 572 10
535 572 10
573 578 10
573 875 12
573 770 8
24 573 6
86 573 15
450 573 10
573 789 12
574 786 11
309 574 8
574 741 8
574 663 14
292 574 9
452 574 12
436 575 13
140 575 10
40 575 10
502 575 11
128 575 11
576 590 10
65 576 14
164 576 10
291 576 11
576 991 7
314 577 14
179 577 8
464 577 9
286 577 10
225 578 11
90 578 11
578 884 10
578 989 9
461 578 8
294 579 7
579 815 7
579 618 7
490 579 9
108 579 8
294 580 12
580 703 9
448 580 11
211 580 9
202 580 15
581 586 14
389 581 13
321 581 8
582 978 8
582 748 12
130 582 7
215 582 11
582 892 10
583 651 12
583 867 10
583 645 9
542 583 10
583 750 10
583 928 11
584 773 11
131 584 14
584 876 8
584 918 6
344 584 13
364 584 8
584 609 11
125 585 16
585 754 6
75 585 11
399 586 6
344 586 11
113 586 10
321 586 8
438 586 6
587 900 12
213 587 10
376 587 9
295 588 8
588 895 11
254 588 11
588 837 12
588 698 12
588 898 6
325 589 13
589 832 11
273 589 11
47 589 11
589 664 12
67 589 10
338 589 11
590 773 11
590 814 12
590 994 12
590 640 11
591 901 7
66 591 11
406 591 10
282 591 11
419 591 9
591 735 15
591 747 12
592 872 14
321 592 12
592 864 14
376 592 10
592 948 11
381 593 9
593 595 11
76 593 15
593 650 12
593 690 10
540 593 5
60 594 10
594 939 11
111 594 9
594 961 8
404 594 9
595 957 15
595 958 12
328 595 16
595 889 10
595 808 9
596 755 14
596 977 14
44 596 11
596 984 10
178 596 13
476 596 11
108 596 12
589 597 13
409 597 10
529 597 11
29 597 8
598 639 14
8 598 12
598 942 9
599 742 12
96 599 10
362 599 11
599 934 12
331 599 14
51 599 12
214 600 13
51 600 8
600 748 12
600 783 11
245 600 4
114 601 9
212 601 10
229 601 14
504 601 9
602 819 9
602 826 11
233 602 10
418 603 12
455 603 6
603 620 8
592 603 6
604 902 10
604 964 13
604 949 10
604 934 13
166 605 11
605 972 11
450 605 7
346 605 10
605 768 13
606 704 11
606 940 9
606 763 11
96 606 12
288 606 9
50 606 10
314 606 10
607 616 12
79 607 10
34 607 7
607 752 9
607 687 11
608 749 8
608 707 10
13 608 12
609 641 10
609 979 9
609 934 12
609 771 16
609 757 7
610 697 8
56 610 10
610 628 10
412 610 14
610 718 10
610 742 10
238 610 6
54 611 12
287 611 10
30 611 14
234 611 11
611 958 10
532 611 10
612 734 9
606 612 8
612 979 13
522 612 11
613 998 10
613 868 13
301 613 12
399 613 11
613 734 10
613 679 9
560 614 7
614 945 8
389 614 10
614 828 12
614 791 12
65 615 12
314 615 11
615 975 7
94 615 11
615 737 12
315 616 10
616 714 9
182 616 11
353 617 12
99 617 16
617 784 8
355 617 7
445 617 11
352 618 12
280 618 10
618 934 7
618 661 9
436 618 10
424 618 10
206 619 11
619 632 12
256 619 12
619 871 10
175 620 11
620 652 11
620 687 11
620 917 14
621 796 11
621 734 10
208 621 15
223 621 13
554 621 12
621 719 10
450 622 10
226 622 10
452 622 10
34 623 9
241 623 9
226 623 9
435 623 13
287 623 10
182 623 15
624 902 8
0 624 13
8 624 11
624 954 9
158 624 8
624 627 14
440 625 10
625 705 7
625 971 11
392 626 12
626 694 8
373 626 9
626 915 9
324 626 10
626 791 8
96 627 11
627 675 8
628 906 14
628 658 12
406 628 13
170 628 6
628 697 9
341 629 11
244 629 10
148 629 12
231 629 6
388 629 15
630 656 10
630 936 9
630 659 12
510 630 10
299 630 9
630 914 10
631 957 9
202 631 6
465 631 9
91 631 10
632 807 9
90 632 11
0 632 10
427 632 9
633 981 10
351 633 8
613 633 10
32 633 10
231 633 11
521 634 9
634 773 12
159 634 9
167 634 11
439 634 10
635 775 10
172 635 10
330 635 12
8 635 11
295 636 8
636 994 11
74 636 11
370 636 10
636 875 10
636 746 8
637 675 10
637 679 8
185 637 9
539 637 11
637 932 12
223 638 12
121 638 10
205 638 10
93 639 8
141 639 11
639 756 8
613 639 10
123 639 11
640 761 10
147 640 6
28 640 9
640 850 11
640 824 13
275 641 11
610 641 10
638 641 10
300 642 12
391 642 9
298 642 11
642 897 6
642 847 9
46 643 8
643 869 11
643 775 9
106 643 10
254 644 11
644 835 7
628 644 10
0 644 12
477 645 10
37 645 10
590 645 12
423 645 12
645 700 10
645 726 12
595 646 10
646 941 11
317 646 10
646 978 7
646 855 11
536 647 13
281 647 11
647 720 12
647 978 9
47 648 7
648 812 10
245 648 11
648 819 10
369 648 13
648 797 14
495 649 10
649 869 9
187 649 12
639 649 9
493 649 8
650 706 13
450 650 13
360 650 12
650 661 8
344 651 13
651 872 10
604 651 8
651 870 13
80 651 12
587 652 13
150 652 11
595 652 8
652 828 10
652 825 13
309 653 9
135 653 9
93 653 10
300 653 11
13 653 11
381 654 11
654 998 10
654 859 9
322 654 13
654 723 11
190 655 10
187 655 8
655 797 10
361 655 12
655 732 8
596 656 11
316 656 10
533 656 8
366 656 12
656 991 8
590 656 11
612 657 14
606 657 16
657 693 12
610 657 7
278 657 9
243 658 10
658 903 10
658 832 13
261 658 12
630 658 14
356 658 12
412 659 10
363 659 10
564 659 9
627 659 11
659 836 13
28 660 12
660 912 13
660 676 10
591 660 12
661 864 14
661 716 9
410 661 9
234 662 13
202 662 11
662 795 13
662 921 9
662 681 9
508 663 9
17 663 12
516 663 8
663 886 11
664 911 10
166 664 15
416 664 9
664 819 9
573 664 6
559 664 10
664 734 8
531 665 6
577 665 7
352 665 6
665 811 12
128 665 12
36 666 11
58 666 8
666 832 11
284 666 9
308 667 15
667 811 9
64 667 14
667 688 13
667 858 10
61 667 9
42 668 9
668 844 13
227 668 13
373 668 15
668 795 14
497 669 10
610 669 14
669 918 10
62 669 9
483 670 14
37 670 14
670 722 9
324 670 12
468 670 11
671 912 10
390 671 8
9 671 13
671 920 6
672 744 8
232 672 10
43 672 12
425 672 11
673 973 10
673 820 9
385 673 14
673 679 9
44 673 12
673 901 9
344 673 10
674 761 9
134 674 9
129 674 7
176 674 10
188 674 5
423 674 11
675 710 11
675 986 8
675 677 13
432 675 11
675 937 10
157 676 8
363 676 6
676 814 10
676 803 10
278 676 8
676 800 12
500 677 9
677 980 13
410 677 10
515 677 8
498 677 13
386 678 6
134 678 14
420 678 15
117 678 11
368 678 16
679 743 10
679 815 16
679 953 11
412 679 9
679 712 10
170 680 10
680 725 12
141 680 11
38 681 10
681 922 11
681 941 14
312 681 9
681 720 10
617 681 8
26 682 12
66 682 8
640 682 12
559 682 11
599 683 12
391 683 10
683 868 10
76 683 11
95 684 9
684 884 14
138 684 8
455 684 13
141 684 13
222 684 10
685 893 13
685 796 7
144 685 9
387 685 8
159 686 10
485 686 9
609 686 12
329 686 10
422 686 9
613 686 14
280 687 10
226 687 12
561 687 10
90 687 11
203 687 8
583 687 9
688 890 14
309 688 9
491 688 14
688 804 8
423 689 14
689 879 12
689 922 10
189 689 9
634 690 14
242 690 8
250 690 11
439 690 12
188 690 10
402 690 11
214 690 12
372 691 11
415 691 14
691 763 10
107 691 11
691 963 15
622 691 6
30 692 11
692 700 9
173 692 13
265 692 11
461 692 9
692 973 13
50 692 10
282 693 7
623 693 9
400 693 8
301 693 12
693 818 9
694 807 11
694 985 10
579 694 10
591 694 10
554 694 10
81 695 10
274 695 13
142 695 9
246 695 9
333 695 14
696 948 8
696 813 11
464 696 12
696 819 8
248 696 12
244 696 6
600 697 4
353 697 16
211 697 10
247 697 12
471 697 11
331 697 11
581 697 13
207 698 10
698 877 7
698 796 8
105 699 9
699 909 10
610 699 13
688 699 7
195 699 13
699 808 12
444 700 12
597 700 10
700 819 8
138 700 11
579 700 7
700 985 14
52 700 12
582 701 15
104 701 9
205 701 10
423 701 9
325 701 7
169 702 11
333 702 11
327 702 11
4 702 8
703 873 13
703 911 9
542 703 10
556 703 13
469 703 11
596 704 12
243 704 11
247 704 10
366 704 10
410 704 8
113 705 10
448 705 11
705 855 9
362 705 10
570 706 11
663 706 10
571 706 7
706 835 14
706 712 15
706 824 11
698 707 7
707 786 9
16 707 14
81 707 10
601 707 13
225 708 12
347 708 11
708 998 8
73 708 14
84 709 9
511 709 11
467 709 15
587 710 11
710 880 11
636 710 7
710 962 11
336 710 10
175 710 14
711 943 9
193 711 9
676 711 12
237 712 13
205 712 12
712 723 10
401 712 11
320 712 12
549 712 14
712 797 11
713 908 10
713 721 13
713 808 10
713 949 10
113 713 14
714 842 11
714 890 8
189 714 10
461 714 7
714 918 12
1 714 10
715 896 12
586 715 9
133 715 11
316 715 10
125 715 12
63 715 14
655 716 14
183 716 10
566 716 11
189 716 11
432 716 11
533 716 9
532 717 7
469 717 10
254 717 12
132 717 9
364 718 12
718 940 9
718 980 9
661 719 13
530 719 13
719 735 8
58 719 11
687 719 10
36 720 12
402 720 13
720 830 9
552 720 11
57 720 13
286 721 10
721 857 12
549 721 10
693 721 13
427 721 9
722 860 10
324 722 10
722 891 12
722 911 10
722 796 8
166 722 11
35 723 10
723 845 8
706 723 14
34 723 12
673 723 16
613 724 12
724 906 9
724 972 9
724 748 7
64 725 8
614 725 9
725 783 15
170 725 10
639 725 12
288 726 9
28 726 9
726 796 13
726 911 9
726 814 10
668 726 9
256 727 11
695 727 14
672 727 13
289 727 9
125 727 9
714 728 12
728 905 10
728 926 8
281 728 11
728 743 6
558 728 11
266 729 11
361 729 12
729 869 13
729 933 12
233 729 11
308 729 9
427 730 7
93 730 12
44 730 7
454 730 10
629 731 10
731 759 8
731 873 11
732 808 7
732 930 9
732 874 7
621 733 14
168 733 10
708 733 9
537 733 11
556 733 13
633 733 11
243 733 9
132 734 8
579 734 9
354 734 14
734 960 11
692 734 13
59 734 10
474 735 8
363 735 8
715 735 14
398 735 8
466 735 13
367 736 8
418 736 9
736 921 10
161 736 14
736 864 11
14 737 10
737 774 12
737 924 9
119 737 11
642 738 7
355 738 9
575 738 9
629 738 9
101 739 13
739 904 10
239 739 8
78 739 9
489 739 9
234 739 10
389 740 13
90 740 12
89 740 11
740 968 13
570 740 13
607 740 15
626 741 13
741 808 13
308 741 9
741 875 8
741 843 9
421 742 14
742 987 10
721 742 11
79 742 10
731 743 12
391 743 12
152 743 11
736 743 11
578 744 11
366 744 14
712 744 9
745 872 13
745 795 11
158 745 15
745 949 14
545 746 14
746 889 10
452 746 15
705 746 13
683 747 12
747 988 9
345 747 11
628 747 11
511 747 14
747 999 10
298 748 6
748 870 13
748 864 12
155 748 9
503 748 14
749 765 15
522 749 8
180 749 8
572 749 8
662 749 13
654 749 13
70 750 10
407 750 13
584 750 12
750 868 13
385 750 9
6 750 12
442 751 12
276 751 11
238 751 8
590 751 13
751 940 11
376 751 12
284 752 12
752 889 12
526 752 10
33 752 13
673 753 11
142 753 13
707 753 6
417 753 9
234 753 12
429 753 13
754 962 12
641 754 9
610 754 6
568 755 10
299 755 7
265 755 12
189 755 13
755 805 10
506 755 13
204 756 6
756 986 11
756 929 7
317 756 12
757 815 7
105 757 10
57 757 10
115 757 7
540 758 11
574 758 12
301 758 9
192 758 9
42 758 10
188 758 11
759 915 12
591 759 8
258 759 11
603 759 9
760 981 9
19 760 10
493 760 13
716 760 11
443 760 11
16 760 8
761 915 9
381 761 11
761 837 15
761 979 8
504 762 12
762 983 13
241 762 10
762 953 11
762 969 10
763 922 9
570 763 15
706 763 11
581 763 7
294 764 13
150 764 8
764 801 12
646 764 10
764 863 14
648 764 9
3 765 13
745 765 8
765 986 11
462 765 15
223 766 9
296 766 12
766 962 15
649 766 8
662 766 9
449 767 15
767 814 8
373 767 8
155 767 11
767 879 10
704 768 7
527 768 13
768 818 12
191 768 11
768 979 12
621 768 12
340 768 8
119 769 10
769 860 12
653 769 9
25 769 10
170 769 16
164 770 11
770 910 13
123 770 10
770 879 10
764 770 9
202 770 12
764 771 8
267 771 11
451 771 9
771 984 6
413 771 8
58 771 11
771 875 9
483 772 13
219 772 9
404 772 11
480 772 13
79 773 11
773 838 11
638 773 10
650 773 8
426 773 14
774 949 12
120 774 12
774 897 11
576 774 8
671 774 8
264 774 8
202 775 9
610 775 10
442 775 13
775 951 14
622 776 12
49 776 8
353 776 8
358 776 9
78 777 13
777 972 10
214 777 12
40 777 11
551 777 7
565 778 11
743 778 11
47 778 10
778 882 10
640 778 12
24 778 10
779 905 7
541 779 12
757 779 11
12 779 7
758 779 11
80 780 10
778 780 13
224 780 13
780 831 10
528 780 12
318 781 12
257 781 11
781 915 11
648 781 11
19 781 11
286 782 11
543 782 10
782 828 11
344 782 11
565 783 12
549 783 14
744 783 10
31 783 12
783 794 10
709 783 10
392 784 10
505 784 11
52 784 11
785 851 8
293 785 13
402 785 10
550 785 10
309 785 13
754 785 10
615 786 12
328 786 12
508 786 10
786 799 12
175 786 13
624 787 10
551 787 9
787 890 10
9 787 7
80 787 12
386 787 13
141 788 12
265 788 11
788 826 9
196 788 11
642 788 12
400 789 13
694 789 10
171 789 13
455 789 8
311 789 14
434 789 10
443 789 14
548 790 12
412 790 9
321 790 7
790 804 13
790 863 13
790 799 9
726 791 9
770 791 12
152 791 15
292 791 12
21 791 12
15 792 12
692 792 12
682 792 11
389 792 11
512 792 10
718 792 9
235 793 13
793 863 13
793 856 12
793 828 9
388 793 12
34 793 10
505 794 11
794 858 11
52 794 9
127 794 7
649 795 10
233 795 12
795 957 7
795 865 10
760 795 11
796 957 15
257 796 10
106 796 12
122 796 8
346 796 8
496 797 12
509 797 13
250 797 9
334 797 9
149 797 15
231 797 7
380 798 9
674 798 7
798 987 9
799 896 10
150 799 8
120 799 11
525 799 13
800 811 6
360 800 14
159 800 10
596 800 14
384 800 10
486 801 9
258 801 10
311 801 9
221 801 11
734 801 12
557 801 13
553 801 14
94 802 5
396 802 13
352 802 10
111 802 6
284 802 11
306 802 8
330 803 11
282 803 10
261 803 9
602 803 16
3 803 15
27 803 10
337 804 11
552 804 9
618 804 9
609 804 10
512 804 10
53 805 12
805 893 13
404 805 10
717 805 10
588 805 6
606 806 9
106 806 8
263 806 9
759 806 9
454 807 8
644 807 10
807 933 8
439 807 14
543 808 10
390 808 13
262 808 6
808 944 11
582 808 12
88 808 14
809 914 13
364 809 7
623 809 10
273 809 9
421 809 11
809 865 10
281 810 9
621 810 13
52 810 13
810 903 10
797 811 12
253 811 10
479 811 14
811 865 11
811 895 10
176 812 9
658 812 10
439 812 11
812 947 15
800 812 13
467 812 10
363 812 15
11 813 12
410 813 11
771 813 13
502 814 12
457 814 12
444 814 11
698 814 10
814 996 10
318 815 13
349 815 9
563 815 10
578 815 8
301 816 10
477 816 11
577 816 10
368 816 11
444 817 11
817 876 9
563 817 12
775 817 9
280 818 11
41 818 12
246 818 14
429 818 14
530 819 13
719 819 5
819 926 13
819 851 10
637 819 10
266 819 8
496 820 13
200 820 12
820 867 11
671 820 8
737 820 8
376 820 9
820 919 10
526 820 10
490 820 12
178 821 14
821 938 11
603 821 13
333 821 12
401 822 10
301 822 13
429 822 12
814 822 13
721 823 12
156 823 13
670 823 12
486 823 14
494 823 12
671 824 12
629 824 13
824 856 10
77 824 13
681 825 10
825 854 9
825 853 14
624 825 8
826 940 11
48 826 13
826 903 8
529 826 11
262 826 12
826 828 10
723 826 11
598 826 10
174 827 6
513 827 10
286 827 10
375 827 12
255 828 7
391 828 10
256 828 11
588 828 10
829 902 10
829 996 12
580 829 9
638 829 7
52 829 9
830 962 12
128 830 12
258 830 8
535 830 11
524 830 12
503 831 12
387 831 10
60 831 13
135 832 14
581 832 11
634 832 13
59 832 12
511 832 6
718 832 8
832 984 11
570 833 9
504 833 9
303 833 12
833 840 8
577 833 15
834 909 11
321 834 9
796 834 10
760 834 12
116 835 6
600 835 11
835 950 9
675 835 10
516 835 11
102 835 9
454 836 12
2 836 6
155 836 11
185 836 13
716 837 10
837 886 10
377 837 8
663 837 10
102 837 10
65 837 7
754 838 9
530 838 13
670 838 12
838 974 9
632 838 11
656 838 11
629 838 10
269 839 8
335 839 10
262 839 12
839 961 12
465 839 10
249 840 6
840 883 8
662 840 12
565 840 11
643 840 8
79 841 11
166 841 11
841 933 12
261 841 13
842 912 10
580 842 12
570 842 9
552 842 12
841 842 10
376 842 8
256 842 7
557 843 9
811 843 10
321 843 10
156 843 13
843 877 11
110 844 10
220 844 10
598 844 11
240 844 10
481 845 12
845 996 9
1 845 11
664 845 11
314 846 11
436 846 11
555 846 11
98 846 11
847 868 11
584 847 6
161 847 8
471 847 11
38 847 11
848 948 10
27 848 11
728 848 10
381 848 12
254 848 7
744 849 12
332 849 11
411 849 11
125 849 11
178 849 8
725 850 11
62 850 14
591 851 11
851 977 12
246 851 8
852 866 9
558 852 12
301 852 9
631 852 13
328 852 8
705 853 10
788 853 12
700 853 9
78 853 11
703 853 9
475 853 9
816 854 13
71 854 13
774 854 9
332 854 11
100 854 11
147 855 9
96 855 11
448 855 8
855 962 13
667 855 7
820 856 11
401 856 12
701 856 14
856 913 11
856 996 11
757 856 12
111 857 9
471 857 10
770 857 8
355 857 11
158 857 12
417 857 10
421 858 11
372 858 11
758 858 10
15 858 8
586 858 8
859 922 10
157 859 9
859 972 8
859 927 7
859 952 10
534 859 10
708 860 10
785 860 10
497 860 11
168 860 11
860 999 9
255 860 8
565 860 13
75 861 10
15 861 15
563 861 9
861 864 8
496 861 10
771 861 12
862 958 9
626 862 11
621 862 10
863 906 9
340 863 10
393 863 12
838 863 6
338 863 10
129 864 14
864 978 11
163 864 10
362 864 11
418 864 10
519 864 9
117 865 9
14 865 11
19 865 10
565 865 13
865 896 14
835 865 11
866 880 10
273 866 13
167 866 10
866 989 11
731 866 10
492 866 11
39 867 9
329 867 11
523 867 8
46 867 9
436 868 9
500 868 12
175 868 8
457 868 11
569 868 13
424 869 7
458 869 7
194 869 12
869 906 11
74 869 9
225 869 11
648 870 10
777 870 8
433 870 12
211 870 11
517 870 10
320 870 12
487 871 12
460 871 11
822 871 9
871 947 10
871 990 10
393 871 11
499 871 9
569 872 12
183 872 10
136 872 10
620 872 14
801 872 7
461 873 11
209 873 8
845 873 12
90 873 9
579 874 10
874 915 6
352 874 12
307 874 10
28 874 11
841 875 14
613 875 9
875 880 7
739 875 10
79 875 9
77 875 13
816 876 12
775 876 10
644 876 9
854 876 9
723 877 10
166 877 8
109 877 12
348 877 12
877 918 9
408 878 10
619 878 9
98 878 11
878 958 8
51 878 10
637 879 10
879 990 11
272 879 12
863 879 14
91 879 8
273 879 10
484 880 10
880 950 15
880 940 10
46 880 11
501 880 12
773 880 12
120 880 12
428 881 10
246 881 8
881 946 11
744 881 9
859 881 11
327 882 9
273 882 12
296 882 12
711 882 12
688 882 8
574 882 8
558 883 11
570 883 11
883 911 12
174 883 10
197 883 10
773 883 9
884 917 11
884 913 9
884 984 10
404 884 8
151 884 12
547 884 9
68 884 14
83 885 9
795 885 8
541 885 10
346 885 11
516 885 12
772 885 11
379 886 11
363 886 12
419 886 10
787 886 11
1 887 7
734 887 10
737 887 10
651 887 14
471 887 10
611 888 10
151 888 13
385 888 10
202 888 12
658 888 10
57 889 9
274 889 16
470 889 11
656 889 11
716 889 12
554 889 8
375 889 7
504 890 8
511 890 13
890 996 10
38 890 12
890 914 13
869 891 10
434 891 8
89 891 10
2 891 12
115 892 9
600 892 9
821 892 12
296 892 8
512 892 12
892 962 11
243 893 13
811 893 10
893 953 9
11 893 9
351 894 11
894 956 9
892 894 10
716 894 8
18 895 12
506 895 14
755 895 10
384 895 12
895 927 9
277 896 10
556 896 10
172 896 11
500 896 8
100 896 15
149 896 9
768 896 6
348 897 8
670 897 5
776 897 8
897 952 10
367 898 10
365 898 7
350 898 11
236 898 6
627 899 7
94 899 10
21 899 8
561 899 13
137 899 12
13 899 12
900 970 11
774 900 10
714 900 9
93 900 8
900 993 11
430 901 13
636 901 10
901 986 11
440 901 11
427 901 9
331 902 13
63 902 7
282 902 9
723 902 8
501 903 14
651 903 6
903 959 11
269 903 11
497 903 10
900 903 9
505 904 11
370 904 14
443 904 8
573 904 9
904 992 14
37 904 7
417 905 12
494 905 8
706 905 10
905 990 10
219 906 8
509 906 10
158 906 11
617 906 11
622 906 12
901 907 12
502 907 7
7 907 11
444 907 10
600 907 10
610 907 12
895 907 15
215 908 9
636 908 15
75 908 11
890 908 7
908 948 6
582 909 12
637 909 10
96 909 11
30 909 11
431 909 10
157 910 11
319 910 10
491 910 8
449 910 9
175 910 12
214 911 12
687 911 11
145 911 10
618 911 11
911 995 9
669 911 10
289 912 7
576 912 13
502 912 11
751 912 9
898 912 15
192 913 11
660 913 12
245 913 10
539 913 14
658 913 11
618 913 6
812 914 11
875 914 8
910 914 8
746 914 11
122 915 6
76 915 8
271 915 10
190 915 9
183 916 11
760 916 9
916 934 12
42 916 10
541 916 11
526 917 12
565 917 11
744 917 11
84 917 10
20 917 12
377 917 14
637 917 8
149 917 10
918 952 12
648 918 14
727 918 10
567 918 12
599 918 10
344 918 11
123 918 9
170 919 11
420 919 8
919 986 10
615 919 9
92 920 11
283 920 10
2 920 9
37 920 13
824 920 11
260 921 10
624 921 14
457 921 10
795 921 11
495 922 8
566 922 10
898 922 12
300 922 13
341 922 10
658 923 13
923 996 10
577 923 16
881 924 8
584 924 6
656 924 12
557 924 7
520 924 10
468 924 9
469 925 9
101 925 10
71 925 12
137 925 14
926 944 13
114 926 11
525 926 10
514 926 14
560 927 11
785 927 12
812 927 8
876 927 7
838 927 13
332 928 13
476 928 10
355 928 11
71 929 9
841 929 11
606 929 7
929 936 8
86 929 10
61 929 10
470 930 12
482 930 12
811 930 8
488 930 12
237 931 11
341 931 10
243 931 9
148 931 10
862 931 11
645 932 12
233 932 10
443 932 10
855 932 12
933 964 11
584 933 7
365 933 13
207 933 10
243 934 15
467 934 12
835 934 9
934 937 10
358 934 10
934 988 10
459 934 6
329 935 8
521 935 14
669 935 11
797 935 10
125 935 13
607 936 9
521 936 10
142 936 13
772 936 13
251 936 11
789 937 8
163 937 11
723 937 12
333 937 13
110 937 8
785 938 10
167 938 10
538 938 12
938 988 9
44 938 10
227 939 7
601 939 9
635 939 12
902 939 11
520 940 9
161 940 9
686 940 15
663 940 12
104 940 12
790 941 12
941 979 12
941 973 9
412 941 10
147 942 7
878 942 14
354 942 11
345 942 11
98 942 9
942 966 12
123 943 9
943 986 9
943 962 9
7 943 9
913 943 12
910 944 12
288 944 11
944 954 10
542 945 8
233 945 12
44 945 12
774 945 10
681 945 8
14 946 11
111 946 9
39 946 11
349 946 8
790 947 13
440 947 11
868 947 13
929 947 11
722 947 12
460 947 11
606 948 10
266 948 9
684 948 8
816 948 11
336 949 9
776 949 5
317 949 7
783 949 9
642 949 8
911 949 10
464 949 11
60 950 12
494 950 8
247 950 11
30 950 14
442 950 10
928 950 12
734 951 12
392 951 6
345 951 16
50 951 9
854 952 11
126 952 10
952 985 10
644 952 11
433 952 11
464 953 12
357 953 12
118 953 14
758 953 10
492 953 8
457 954 7
803 954 10
275 954 9
805 954 9
909 954 6
439 954 10
575 955 14
334 955 10
80 955 10
361 955 9
359 955 12
182 956 9
658 956 8
196 956 8
25 956 11
262 956 12
740 957 10
95 957 10
894 957 9
605 957 10
539 957 13
381 958 9
581 958 12
428 958 12
450 958 8
598 959 13
568 959 9
959 979 10
429 959 11
455 959 13
155 960 10
115 960 13
22 960 9
953 960 12
960 992 9
896 960 9
255 961 10
444 961 10
275 961 10
785 961 12
575 961 10
165 961 10
961 998 11
791 962 9
697 962 12
217 962 13
434 962 10
525 962 11
324 963 14
242 963 12
467 963 12
498 963 9
164 963 8
263 964 11
153 964 11
548 964 8
115 964 12
213 964 11
96 965 9
737 965 12
441 965 10
583 965 13
259 965 10
147 966 12
901 966 7
601 966 13
452 966 12
462 967 12
308 967 13
35 967 10
741 967 10
862 967 7
763 968 9
669 968 9
162 968 9
815 968 10
917 968 10
66 968 8
969 999 10
327 969 9
719 970 13
818 970 11
828 970 10
576 970 14
363 970 13
906 971 12
35 971 9
443 971 10
672 971 9
971 993 12
972 982 6
972 989 12
590 972 13
686 972 10
681 972 8
330 973 9
531 973 11
895 973 10
973 993 8
77 973 11
735 974 7
25 974 11
308 974 10
626 974 10
827 975 12
960 975 12
193 975 10
886 975 10
810 975 10
863 976 12
906 976 12
582 976 12
457 976 10
958 976 14
23 976 13
636 977 11
225 977 12
42 977 10
189 977 11
206 977 13
515 977 6
775 977 13
780 978 13
559 978 12
246 978 9
687 978 10
54 979 12
25 979 10
161 979 9
792 979 9
444 979 10
371 979 9
844 980 10
578 980 8
876 980 12
827 981 10
273 981 9
694 981 7
721 981 12
276 981 10
982 990 12
594 982 12
198 982 11
975 982 12
533 983 13
983 991 12
525 983 11
235 983 12
392 983 13
675 983 10
331 984 12
831 984 12
219 984 12
984 994 15
801 985 11
745 985 9
246 985 8
815 985 9
629 985 13
214 986 9
104 986 11
244 986 13
777 986 11
654 987 8
67 987 9
587 987 10
225 987 8
205 987 14
371 987 12
571 988 10
438 988 9
988 991 7
574 988 10
75 988 14
879 989 12
517 989 9
101 989 12
168 989 13
454 989 6
467 989 10
283 990 9
415 990 11
669 990 12
236 990 10
858 990 10
242 991 7
380 991 7
105 991 14
635 991 11
968 992 10
695 992 9
44 992 13
939 992 16
42 993 9
237 993 11
629 993 13
334 993 11
917 993 13
765 994 12
887 994 10
975 994 10
388 994 12
618 994 7
121 994 9
724 995 11
912 995 6
411 995 13
576 995 8
964 995 13
716 996 9
449 996 12
45 996 15
971 996 9
523 996 9
79 997 12
992 997 12
325 997 7
591 997 11
203 997 10
393 998 10
764 998 9
67 998 10
923 998 14
8 998 9
880 998 10
75 999 13
151 999 12
299 999 9
579 999 6
