100
0
4
6
4
7
3
7
5
10
6
3
4
6
9
8
3
6
4
7
2
7
1
2
4
8
7
5
5
9
10
8
6
7
9
1
8
4
6
9
6
8
2
4
3
4
4
2
8
8
10
2
8
1
7
8
6
7
8
8
8
7
2
7
3
7
8
6
9
3
4
5
8
9
4
2
4
10
5
5
4
5
3
10
7
5
6
10
6
5
3
7
7
5
3
10
3
6
6
7
5
0 85 13
0 31 12
0 34 11
0 93 13
1 5 10
1 90 11
1 13 12
2 9 4
2 80 12
3 21 10
3 83 10
3 61 13
3 8 14
3 85 10
4 21 8
0 4 10
2 4 12
4 80 9
4 20 12
5 66 10
5 48 10
6 12 13
6 24 10
6 88 6
7 46 6
7 11 10
8 68 10
8 62 9
8 26 12
8 86 6
8 41 13
9 78 12
9 94 12
9 21 12
10 12 12
10 58 12
10 42 9
11 47 13
11 82 9
11 98 13
12 27 9
2 12 10
12 37 12
13 96 12
13 92 9
13 97 11
13 90 9
14 44 9
14 27 13
14 84 12
15 84 12
16 68 7
16 52 10
17 82 9
17 97 13
8 18 13
19 62 9
5 19 12
16 19 13
20 47 12
20 23 10
20 92 7
20 83 13
10 21 9
20 22 13
22 95 13
22 83 9
1 22 10
23 70 12
23 53 17
23 94 8
22 23 12
24 83 10
24 50 9
24 60 10
25 52 12
25 57 12
12 26 8
26 47 6
9 26 9
26 85 9
9 27 11
7 27 13
3 27 12
27 45 13
27 44 11
28 49 12
28 46 10
28 42 8
9 28 10
14 29 8
15 29 10
19 29 10
30 33 12
30 68 10
31 95 10
31 38 11
31 44 8
31 37 10
31 62 10
32 68 11
23 32 10
17 33 12
33 58 12
33 94 11
20 34 17
25 34 12
7 34 10
1 34 11
35 91 13
35 77 11
35 83 10
36 65 11
23 36 11
36 98 11
32 36 10
37 97 9
37 73 10
37 38 8
38 87 10
38 57 9
16 39 11
39 93 12
40 57 11
28 40 10
31 40 12
31 41 11
41 93 8
18 41 9
16 41 11
42 71 12
17 42 11
26 43 10
43 70 11
43 53 10
44 60 10
44 45 9
19 44 9
44 51 9
9 44 11
45 97 11
36 45 10
45 59 9
26 46 9
46 72 9
46 55 9
46 78 13
6 47 12
47 92 10
35 48 8
48 86 11
49 62 5
49 88 9
20 49 14
5 49 11
50 78 12
50 61 11
30 50 10
0 51 10
37 51 12
51 75 11
8 51 10
49 52 8
53 94 11
15 53 9
54 61 11
15 54 9
54 57 12
21 54 10
0 55 13
55 87 12
55 89 9
56 57 12
6 56 11
56 64 10
39 56 12
10 56 9
30 57 10
1 58 12
58 93 11
58 66 9
20 59 11
46 59 12
34 60 13
60 87 8
60 63 14
16 61 11
49 61 13
61 75 13
52 61 11
30 62 11
62 84 11
3 62 11
23 62 8
6 63 10
63 72 12
12 63 10
64 96 11
36 64 8
65 96 13
65 71 12
31 65 11
44 66 9
37 66 10
65 66 8
67 80 9
6 68 4
68 70 11
43 68 9
69 76 12
69 92 11
5 69 10
17 69 11
70 92 10
33 70 10
20 70 10
70 71 8
48 71 12
31 71 9
68 71 12
53 71 12
56 72 10
72 98 7
72 90 11
22 72 8
73 96 7
13 73 12
74 85 12
46 74 13
74 78 13
75 94 11
75 90 10
75 93 10
26 75 14
10 76 13
72 76 9
76 89 9
76 95 9
46 77 11
77 95 10
50 77 12
3 78 9
78 79 11
78 90 9
22 78 13
79 95 11
67 79 10
79 90 13
74 80 14
60 80 13
81 98 12
22 81 9
17 81 11
12 81 11
37 82 7
58 82 8
39 82 9
9 83 8
30 83 12
24 84 11
84 97 9
40 84 9
25 84 11
85 93 10
85 86 11
42 85 10
86 88 11
33 86 11
13 87 8
77 87 10
43 87 12
28 87 7
3 87 12
88 90 8
78 88 7
69 88 11
20 89 10
89 90 8
14 90 14
87 91 9
32 91 12
59 92 11
80 92 12
89 93 11
92 93 11
74 94 14
60 94 10
55 94 7
8 95 10
89 95 11
25 96 11
57 96 10
78 97 12
86 97 13
91 97 12
40 98 8
19 99 12
48 99 11
63 99 10
50 99 12
