100
0
2
10
10
7
4
3
6
6
5
6
10
9
9
8
8
2
3
8
5
4
4
9
9
4
6
10
2
7
4
3
7
3
5
10
2
8
8
7
1
8
5
7
4
7
2
6
7
7
5
1
8
2
3
2
9
4
4
3
5
5
9
7
9
3
4
4
6
5
4
2
2
9
7
5
2
4
2
6
9
7
6
9
7
2
7
9
4
10
1
8
5
4
9
3
3
4
2
9
8
0 94 11
0 13 7
0 86 11
1 68 10
1 59 11
1 85 9
1 7 13
1 16 6
2 17 7
2 13 12
2 32 11
2 77 11
2 81 13
3 72 8
3 36 10
3 79 11
3 98 6
3 25 11
3 49 10
3 73 11
4 35 10
4 33 11
4 34 10
0 4 12
4 96 10
5 86 11
5 65 12
5 24 11
5 82 9
5 46 12
6 45 10
6 67 8
6 89 13
1 6 10
5 6 6
7 16 8
7 59 9
7 21 9
7 97 15
7 60 13
8 99 12
8 83 10
8 41 10
8 49 10
8 9 11
9 81 10
9 30 11
9 13 14
9 58 10
10 89 11
10 39 9
10 22 13
10 74 12
10 47 11
10 48 9
11 53 11
11 20 12
11 46 7
11 23 12
11 37 10
11 38 6
12 32 11
12 80 12
12 71 14
12 70 8
12 91 14
12 40 9
13 87 12
13 25 10
13 74 9
13 24 9
13 68 15
13 91 8
14 63 11
14 25 10
14 90 11
14 26 10
6 14 10
15 31 8
15 39 15
15 25 10
16 95 11
16 87 9
16 64 12
16 80 10
16 75 7
16 98 14
17 58 9
17 21 8
17 44 13
17 94 12
18 33 9
18 86 9
18 48 8
18 92 9
18 82 11
18 77 9
19 98 11
19 40 13
19 87 12
19 21 9
19 65 9
20 83 12
20 39 10
20 21 6
20 87 11
2 21 14
21 47 10
5 21 8
21 95 10
21 74 14
21 70 17
22 63 12
22 42 7
22 56 10
22 94 10
22 26 9
23 91 15
23 66 9
23 24 10
16 23 7
23 56 9
16 24 13
24 50 11
24 39 9
24 79 9
4 25 9
25 32 10
25 44 8
25 34 5
26 60 11
26 79 10
26 37 11
11 26 9
26 69 13
20 27 10
27 58 10
27 55 11
27 32 13
27 57 10
27 96 14
28 32 11
1 28 12
28 84 10
28 35 14
28 48 13
15 28 11
22 29 11
9 29 11
20 29 10
28 29 11
30 90 7
10 30 11
30 34 10
12 30 10
20 30 10
23 30 12
28 31 11
31 73 15
29 31 11
31 76 13
31 88 7
31 60 13
32 43 10
32 99 10
32 54 12
32 60 11
13 32 11
32 38 10
6 33 7
33 90 14
33 66 9
33 78 9
33 87 11
33 46 11
34 40 9
13 34 13
17 34 8
34 85 10
21 34 10
34 68 10
35 51 14
34 35 12
35 54 10
36 42 9
6 36 13
36 65 11
24 36 10
18 37 7
37 43 14
35 37 13
25 37 7
38 57 9
38 76 9
9 38 10
26 38 13
38 77 8
38 91 9
18 39 11
39 72 12
39 44 10
39 41 13
30 39 11
40 98 10
40 66 8
36 40 8
40 74 11
40 65 7
41 64 12
41 92 7
41 87 11
41 84 8
16 41 9
14 41 11
42 68 17
42 70 11
19 42 12
42 87 11
42 76 12
10 42 9
43 79 10
42 43 10
15 43 10
27 43 13
43 78 7
44 69 9
44 87 11
11 44 10
37 44 11
44 94 11
35 44 11
45 49 12
45 61 10
45 95 8
7 45 14
46 75 11
46 81 10
46 59 12
9 47 12
12 47 9
47 87 9
47 78 11
45 47 7
13 48 11
32 48 7
48 78 11
49 81 6
49 58 11
29 49 9
49 82 11
50 57 13
50 63 11
25 50 10
50 95 9
36 50 9
50 68 12
11 51 11
51 81 10
12 51 12
51 69 10
23 51 9
5 51 10
13 52 11
22 52 9
52 56 12
28 52 10
52 68 10
53 95 10
8 53 8
53 94 11
39 53 13
10 53 9
53 99 11
53 78 14
3 54 9
54 86 12
54 78 9
55 77 11
20 55 9
53 55 13
18 55 14
22 55 9
19 56 13
7 56 13
0 56 11
20 56 10
49 56 10
57 59 10
57 71 8
57 67 8
34 57 12
57 68 12
21 58 10
58 77 12
58 88 12
29 58 6
55 58 12
8 59 14
35 59 9
21 59 7
59 62 8
59 77 11
10 59 13
8 60 10
12 60 13
34 60 9
60 77 10
16 60 11
40 61 11
61 66 8
48 61 9
59 61 10
61 69 13
1 61 16
41 61 16
32 62 12
62 88 6
1 62 8
62 92 12
26 62 10
37 62 11
24 63 12
46 63 9
63 98 9
63 88 9
21 63 9
51 63 9
64 99 12
11 64 7
30 64 9
64 84 11
42 65 7
29 65 10
39 65 11
58 65 10
24 65 10
52 65 11
10 65 7
31 66 10
60 66 10
46 66 11
25 66 14
66 83 9
66 91 12
17 66 8
39 67 8
10 67 9
67 77 11
52 67 7
42 67 10
64 68 9
68 72 6
23 68 11
54 68 11
60 68 12
68 73 9
50 69 7
69 94 13
69 99 12
30 69 10
69 92 8
53 70 10
70 90 8
54 70 15
3 71 11
49 71 9
71 74 11
42 71 5
45 71 11
72 78 12
36 72 14
40 72 10
46 72 11
37 72 12
73 83 11
62 73 11
18 73 14
12 73 11
45 73 10
62 74 7
32 74 10
49 74 9
17 74 10
70 74 9
61 75 15
71 75 10
39 75 15
9 75 8
75 78 8
74 75 13
75 98 8
37 76 11
46 76 12
76 83 6
72 76 15
34 76 11
77 99 13
10 77 13
19 77 10
48 77 9
23 77 11
77 84 11
10 78 10
61 78 11
78 85 9
78 83 7
52 78 8
78 97 10
65 79 13
71 79 10
34 79 13
4 79 12
13 79 11
80 94 12
80 89 10
80 86 15
74 80 13
45 80 10
34 81 9
81 88 9
63 81 13
72 81 9
82 83 9
2 82 13
0 82 10
19 82 12
31 82 8
81 83 10
34 83 11
83 84 11
68 83 12
62 83 8
2 84 11
10 84 12
66 84 10
52 85 13
39 85 9
51 85 11
85 88 14
85 92 12
44 85 14
86 87 9
41 86 11
86 96 12
21 86 12
55 86 10
4 86 10
24 87 12
3 87 11
9 87 10
38 87 9
63 87 9
71 87 10
84 88 10
52 88 10
9 88 10
33 88 9
88 91 7
21 89 9
74 89 9
0 89 11
89 97 14
11 89 11
76 89 5
67 90 6
53 90 11
25 90 11
46 90 9
37 90 7
10 91 9
41 91 13
91 98 7
26 91 7
47 91 8
75 91 13
48 92 9
33 92 12
11 92 9
82 92 12
2 92 14
0 93 12
53 93 10
61 93 11
58 93 11
34 93 8
51 94 8
54 94 10
7 94 10
39 95 14
13 95 9
41 95 12
6 95 10
34 95 7
43 95 11
38 95 13
7 96 12
9 96 8
42 96 13
17 96 12
46 96 15
16 96 8
13 97 9
46 97 9
45 97 10
68 97 11
24 97 13
84 98 15
24 98 10
76 98 11
80 99 11
35 99 11
75 99 8
86 99 9
14 99 8
