1000
0
5
5
3
5
7
1
9
6
3
8
6
6
3
3
9
6
7
5
1
1
8
7
5
8
2
2
5
2
6
2
10
3
5
7
6
2
9
5
7
9
7
2
7
5
7
3
8
9
4
3
2
4
3
6
3
6
3
9
8
4
2
3
6
7
6
8
8
2
5
6
8
5
3
5
2
5
8
7
4
5
8
4
3
7
3
8
4
4
4
4
1
6
7
10
6
10
2
5
7
9
4
4
3
4
9
7
7
5
8
6
4
6
3
8
6
2
9
6
9
10
10
5
6
9
4
6
4
1
2
2
9
7
2
6
5
7
2
3
1
6
8
9
4
7
1
5
8
10
2
7
4
8
10
1
10
2
1
2
7
6
10
3
6
7
8
9
1
2
6
6
8
4
4
6
2
4
7
8
5
3
5
3
9
5
3
5
4
7
5
8
9
3
3
6
2
5
6
8
9
10
8
9
2
7
9
4
1
3
7
9
5
2
3
2
7
1
6
9
1
7
9
5
5
2
9
10
10
5
8
5
7
4
5
8
7
6
10
6
3
3
4
8
4
5
2
7
10
8
3
9
2
8
4
5
5
9
6
3
3
10
9
7
8
5
6
7
1
7
3
7
1
5
2
2
2
9
8
8
3
9
10
3
5
2
9
3
2
7
3
6
9
4
3
5
2
10
3
4
4
2
5
5
5
5
4
6
8
5
9
4
9
4
5
7
8
7
3
4
7
2
1
6
4
6
1
6
9
4
8
8
7
9
6
2
9
4
8
9
6
8
4
3
10
6
3
4
8
10
3
9
5
6
10
8
1
4
5
5
2
6
6
7
4
5
3
3
8
4
9
8
10
7
8
6
10
7
4
3
3
2
6
5
2
5
2
9
1
10
2
4
6
4
9
9
4
7
7
2
5
4
7
4
8
6
5
4
7
5
9
8
9
10
5
7
6
9
4
5
7
4
8
3
7
10
9
8
4
1
3
8
10
5
10
2
3
4
8
7
8
5
4
2
3
8
6
9
2
2
1
1
9
5
9
6
3
9
9
10
4
4
9
2
6
2
6
4
5
8
3
9
3
1
7
6
2
8
9
4
6
10
10
1
6
6
9
4
9
4
3
10
6
9
4
5
9
2
3
9
6
6
7
4
8
4
5
9
2
7
8
5
4
2
4
9
1
6
9
8
5
8
8
7
3
6
9
3
9
3
9
4
3
8
3
3
6
7
7
4
7
6
2
5
8
4
5
9
4
6
6
9
8
5
5
3
6
2
9
6
2
9
8
6
4
4
7
2
10
6
1
2
7
7
7
5
5
10
5
9
7
2
5
6
4
7
8
3
1
7
6
9
4
5
3
4
4
10
9
4
9
4
6
9
10
4
8
1
3
3
9
6
8
7
7
1
8
5
1
7
6
4
5
7
7
3
5
9
8
7
3
9
5
7
3
9
2
4
10
9
1
4
3
3
2
10
9
6
8
9
8
5
1
1
4
6
8
6
2
3
3
7
2
5
9
7
3
1
1
6
7
5
9
9
3
7
2
6
5
8
7
5
4
9
7
5
4
3
8
8
8
4
2
3
2
2
2
8
3
3
5
2
9
4
8
4
6
7
2
3
10
7
5
2
6
6
10
8
2
2
3
5
7
6
2
4
3
3
6
8
3
5
2
9
9
10
1
6
4
5
7
5
6
2
6
2
9
10
6
6
4
2
8
6
10
8
4
8
9
9
4
3
4
5
10
6
9
9
7
1
6
6
2
2
9
7
8
8
10
5
6
4
4
3
9
9
6
5
5
6
9
3
9
2
8
8
5
7
6
9
8
9
3
2
3
3
6
4
9
6
6
2
5
5
1
5
10
3
2
6
1
8
8
8
9
8
6
10
9
2
6
3
8
2
3
2
5
3
9
4
6
2
6
8
6
7
3
4
2
6
8
4
3
5
9
7
2
5
3
3
4
9
9
5
2
2
6
6
2
8
5
2
5
8
10
3
3
6
3
8
8
4
2
10
6
7
4
1
9
5
8
6
5
2
5
9
5
8
8
2
8
9
2
9
6
1
10
10
2
7
9
3
4
8
1
4
10
8
9
4
2
2
4
3
7
3
8
10
9
10
2
10
6
9
2
6
7
5
6
1
5
10
9
7
9
9
2
2
6
2
2
9
9
8
9
4
5
5
5
4
7
9
4
3
2
7
10
9
5
5
4
7
9
7
9
7
2
5
7
1
3
4
8
9
5
6
10
5
3
2
7
9
1
6
5
5
8
6
5
4
8
0 655 13
0 269 9
0 279 11
0 530 13
0 695 12
1 193 13
2 196 12
2 555 11
3 316 10
3 610 10
3 64 10
4 845 12
4 998 11
5 12 11
5 279 12
5 525 12
5 383 12
6 645 13
6 731 7
6 546 12
6 192 9
7 592 10
7 626 12
7 782 12
4 7 9
8 470 12
8 667 7
8 688 14
8 806 11
9 951 10
9 310 13
9 319 9
10 213 9
10 882 11
10 233 12
11 728 9
12 246 10
12 798 11
12 234 13
12 807 12
13 586 13
14 395 10
14 112 10
14 784 11
15 27 16
15 936 10
15 249 10
15 535 13
16 440 9
16 875 9
16 60 12
17 133 13
17 88 10
18 748 12
18 767 14
18 971 10
19 616 11
19 135 17
19 698 11
20 780 10
20 620 9
20 919 12
21 879 9
21 175 11
21 416 11
21 346 9
22 772 13
22 654 12
22 143 12
23 768 8
23 815 11
23 122 10
24 676 17
24 422 11
24 278 10
25 875 8
25 217 8
26 257 9
27 464 13
27 884 9
27 63 11
28 118 9
28 166 13
29 497 9
30 85 10
30 157 8
30 544 11
31 64 12
31 131 8
31 602 7
31 795 11
32 656 9
32 841 9
32 808 11
33 736 8
33 986 11
34 140 12
34 61 13
34 190 13
35 780 8
35 426 9
35 321 11
36 188 15
36 889 10
36 862 6
36 683 10
17 37 12
37 521 12
38 113 10
38 605 14
38 550 8
38 967 8
39 250 7
27 39 11
39 466 10
40 735 13
40 277 13
40 925 10
41 348 9
41 670 9
41 723 10
41 339 7
42 330 8
43 964 12
43 140 10
43 735 12
43 472 8
44 766 9
44 199 13
44 290 13
44 248 11
45 55 9
45 747 10
46 407 7
46 984 12
46 816 9
46 452 10
47 714 9
47 59 10
47 544 9
48 962 8
48 311 11
48 798 8
48 490 10
49 486 12
49 220 9
49 376 11
49 739 8
50 580 11
51 755 10
51 403 11
51 234 10
52 55 10
53 749 9
53 351 8
53 66 10
53 635 9
53 874 12
54 528 10
54 650 8
20 54 10
54 322 11
54 725 12
55 943 11
55 748 11
55 767 11
56 251 13
56 557 12
56 947 12
56 913 11
57 506 9
57 130 10
57 373 11
57 913 10
57 993 10
58 870 7
58 375 10
59 687 15
59 757 10
59 761 12
60 919 10
60 943 13
60 268 15
61 526 13
61 472 13
56 61 10
62 779 8
14 62 9
63 451 9
63 769 6
63 939 8
64 408 13
64 632 8
64 102 9
64 445 11
65 365 13
65 624 9
65 914 14
65 927 11
66 827 12
66 530 11
67 780 12
67 706 15
68 313 11
68 471 10
68 816 10
68 933 12
69 122 11
69 200 12
69 544 8
70 744 12
70 576 12
70 706 16
70 137 10
71 796 8
71 99 9
71 937 13
71 334 11
72 127 11
72 492 8
73 511 8
73 697 11
73 421 11
74 125 12
74 905 12
74 406 12
75 320 11
75 711 15
75 209 7
76 941 10
76 389 10
76 322 10
76 182 11
77 950 10
78 802 8
78 776 12
78 116 12
79 302 12
79 86 10
79 558 14
79 527 9
25 80 10
80 745 11
80 590 11
5 81 9
81 673 13
81 557 12
82 136 10
82 266 12
82 422 11
82 424 13
83 613 9
84 232 11
84 188 10
84 448 14
85 919 10
85 759 9
85 929 12
86 499 11
86 507 12
87 287 11
87 870 10
87 563 9
87 385 13
87 678 10
88 431 8
88 997 12
89 425 7
66 89 8
90 343 8
91 907 12
91 675 7
91 800 11
91 515 9
57 92 9
81 92 9
92 812 11
92 778 9
92 865 9
93 683 9
93 122 10
93 694 10
94 346 11
95 826 15
95 598 10
95 306 11
95 659 8
66 96 10
13 96 13
41 96 10
96 248 8
96 789 12
96 626 8
97 392 9
97 944 8
97 527 13
98 760 8
98 205 9
99 917 16
99 800 9
99 289 13
100 309 9
100 738 10
100 424 10
101 567 12
101 428 9
101 657 14
102 670 7
102 640 12
103 215 12
103 138 11
22 103 11
104 420 13
104 452 12
105 156 7
41 105 7
105 768 8
106 873 7
106 522 10
106 302 13
107 423 13
107 841 10
107 921 11
107 172 11
108 739 13
108 302 12
108 860 12
108 314 10
109 245 8
49 109 11
110 840 7
110 745 12
110 341 12
110 434 11
111 476 11
111 998 13
111 734 9
111 308 9
112 544 10
112 984 10
113 691 12
48 114 8
114 997 7
114 383 12
115 167 10
115 740 12
115 817 13
115 323 9
115 829 9
116 350 10
116 302 12
117 353 12
117 982 11
117 760 14
118 862 10
118 442 11
62 118 13
118 725 9
118 668 11
119 641 11
119 583 10
119 647 9
120 752 15
7 120 7
120 497 10
71 120 9
121 924 12
121 914 8
75 121 12
122 538 13
122 416 8
122 542 10
123 675 12
123 729 12
124 871 12
124 579 11
125 142 13
115 125 11
125 881 7
126 580 12
126 227 12
127 592 10
127 977 12
128 484 13
128 858 12
128 659 11
129 565 10
129 862 14
129 448 12
50 130 12
130 215 7
98 130 10
131 709 12
50 131 12
131 566 15
132 211 11
132 208 11
101 133 8
133 743 11
134 971 9
134 926 13
134 837 9
135 441 11
125 135 11
135 982 10
136 919 9
23 136 11
91 137 6
137 622 10
81 137 9
137 462 11
137 212 11
138 526 11
138 145 16
138 889 12
139 906 11
139 443 8
139 514 11
139 945 12
140 423 11
140 401 8
65 140 10
84 140 10
141 685 11
141 474 11
142 945 8
100 142 8
142 606 8
142 298 13
143 671 13
143 817 10
144 755 13
144 266 11
82 144 5
145 176 9
145 976 10
145 628 7
146 445 9
146 363 9
147 468 8
80 147 11
102 147 12
147 327 9
147 153 9
148 671 6
148 587 9
110 148 9
149 889 9
28 149 10
130 149 8
150 989 9
150 884 11
150 187 14
151 930 13
151 329 11
124 151 11
152 411 9
152 818 10
152 900 12
153 223 11
153 273 9
120 153 10
153 335 8
154 903 13
154 545 11
155 566 11
148 155 13
55 155 6
132 155 11
155 603 10
101 156 11
91 156 9
156 616 10
156 367 11
157 159 11
158 832 12
158 895 10
158 523 9
158 892 10
159 244 8
159 788 11
159 640 10
159 567 13
117 160 12
160 983 10
161 775 10
161 467 11
161 419 12
161 407 13
161 366 9
162 204 11
103 162 10
162 504 8
163 175 17
163 816 13
60 163 11
163 310 15
164 961 9
165 503 9
55 165 9
165 995 10
165 591 10
166 192 11
166 468 11
167 696 10
62 167 10
168 496 11
168 282 12
168 918 11
168 784 14
169 869 9
169 475 9
170 710 11
170 327 11
171 730 11
106 171 14
172 336 6
4 172 10
173 472 14
173 930 11
173 983 13
173 971 10
174 285 15
64 174 6
174 848 9
175 186 12
175 306 10
102 176 12
176 190 12
176 985 11
176 235 12
176 402 11
177 981 9
99 177 12
178 227 12
178 416 11
178 608 8
178 699 9
178 621 11
179 344 11
179 711 16
179 681 8
180 835 13
180 844 12
180 970 11
43 180 11
181 857 14
181 667 8
181 537 12
11 182 10
182 630 11
182 664 8
183 458 11
183 467 7
184 246 9
184 250 11
185 360 9
185 350 10
185 476 11
185 859 10
185 637 11
186 870 6
167 186 10
187 498 12
179 187 10
9 188 11
149 188 12
185 188 8
188 874 10
189 418 10
189 521 8
180 190 13
190 412 9
190 635 10
179 191 12
101 191 9
191 826 11
191 767 10
192 429 12
192 283 10
142 193 13
144 193 8
194 767 14
194 798 9
194 689 10
194 598 7
195 491 9
196 803 10
196 490 7
196 868 7
197 817 11
198 591 12
198 626 11
154 198 11
198 884 9
18 198 13
199 595 11
200 859 10
200 479 11
200 289 9
200 669 10
200 201 12
90 201 12
202 788 8
132 202 8
202 775 12
203 445 9
203 909 13
203 758 9
204 711 15
204 338 11
80 204 10
205 235 12
205 282 13
205 301 10
205 700 14
206 428 9
97 206 9
206 727 9
207 646 8
207 564 13
207 345 12
184 207 12
208 613 10
208 390 7
208 340 9
19 209 7
209 596 8
210 799 7
139 210 13
210 333 13
211 595 12
211 434 12
211 409 7
211 841 11
212 342 11
212 470 10
212 521 13
212 529 11
213 509 10
213 306 12
213 491 14
214 381 10
214 901 11
215 295 7
215 775 14
216 920 8
216 232 10
216 927 12
217 541 9
217 250 12
218 702 9
218 662 13
218 953 11
219 397 8
1 219 9
103 219 14
219 881 13
220 409 9
220 777 10
221 474 11
125 221 12
221 957 9
221 590 12
202 222 11
223 266 13
223 687 8
223 953 9
223 570 10
224 488 16
224 480 9
224 844 9
225 726 9
225 422 13
225 752 9
225 812 11
226 868 9
226 472 8
226 880 12
227 966 9
104 227 6
44 227 12
227 933 10
228 889 11
3 228 10
155 228 13
228 755 11
66 229 10
229 666 9
229 535 11
230 791 12
230 296 13
231 701 10
27 231 11
46 232 11
232 512 10
232 689 10
232 956 8
233 727 10
233 551 14
233 796 12
233 679 7
234 423 9
234 915 11
234 285 10
234 751 8
235 450 12
235 644 9
235 335 9
235 555 14
236 356 10
236 983 11
62 236 10
12 237 5
237 803 6
238 574 8
238 735 11
238 319 5
7 239 9
23 239 10
160 239 12
239 354 12
240 706 9
240 761 5
240 590 13
153 240 10
241 695 9
241 270 12
231 242 13
243 307 14
244 358 7
244 910 12
112 244 11
244 827 10
245 561 12
245 307 10
246 347 12
246 928 9
246 851 10
24 246 11
74 247 12
247 513 11
247 628 12
197 247 12
247 783 15
248 828 12
248 497 13
248 537 12
231 248 10
248 510 8
249 742 8
249 336 13
249 943 13
250 544 9
250 999 11
65 251 15
251 950 9
251 699 10
251 913 7
252 938 11
182 252 9
252 787 9
253 932 12
63 253 11
254 284 13
254 980 9
255 853 10
255 798 13
256 454 10
256 580 11
161 256 10
257 726 14
257 941 7
84 257 9
80 258 12
258 971 10
258 504 14
258 455 12
259 327 8
259 950 11
259 968 13
233 260 7
260 285 11
261 498 15
242 261 10
94 262 10
262 769 4
121 262 7
263 605 13
263 817 13
263 369 9
129 263 10
264 625 13
171 264 12
264 482 12
265 295 8
265 588 13
266 939 10
266 896 12
27 266 8
266 630 12
267 719 13
131 267 11
255 267 12
166 268 13
268 425 11
268 699 7
260 269 11
122 269 9
269 970 11
270 922 11
270 783 11
270 346 10
271 575 9
271 776 11
271 579 7
272 717 10
272 567 13
263 273 11
273 919 10
22 273 10
274 700 11
274 468 8
274 279 11
274 881 11
275 564 9
104 275 7
174 276 9
277 660 12
141 277 13
278 469 9
278 711 15
278 823 7
278 327 14
279 835 11
279 617 9
279 387 12
280 914 9
280 330 11
234 280 12
146 281 13
281 513 14
281 686 12
281 714 12
52 281 12
282 569 11
282 357 11
282 708 10
282 688 11
158 283 15
283 681 9
152 283 11
16 284 12
36 284 11
284 633 10
284 747 9
74 285 11
285 714 9
286 314 14
286 712 10
286 843 7
63 286 12
191 287 8
260 287 9
288 884 7
288 885 7
289 600 9
289 898 10
289 635 13
211 290 12
290 601 11
114 291 14
291 537 11
292 691 8
292 892 8
292 580 10
160 292 10
292 915 9
293 922 10
293 815 10
293 710 11
237 293 10
294 983 7
294 303 11
294 829 13
294 835 9
295 399 10
295 722 9
263 296 11
296 916 12
296 797 11
297 721 14
76 297 8
297 703 9
37 297 11
297 594 10
297 720 12
298 421 11
221 298 9
299 840 8
31 299 13
300 697 12
300 981 10
300 984 10
300 755 10
239 301 15
301 796 11
136 301 8
301 977 8
302 986 10
302 822 11
298 302 9
300 303 14
9 303 7
303 563 10
303 500 12
39 303 12
304 803 7
135 304 8
304 517 10
304 519 12
304 585 14
305 755 12
305 536 13
102 305 9
306 877 12
38 306 10
306 495 6
209 307 10
30 307 10
57 307 11
232 307 12
308 608 10
308 701 11
137 308 13
287 309 10
309 417 10
309 722 7
309 376 12
310 825 12
310 940 8
311 610 10
311 676 14
311 849 12
105 312 11
312 899 11
313 957 11
313 707 12
313 803 13
214 314 7
187 314 11
314 845 7
315 364 11
62 315 9
316 389 12
316 627 12
104 316 9
22 316 8
316 921 12
317 448 10
33 317 6
317 845 11
318 397 11
318 424 8
319 346 11
319 783 9
319 445 12
202 319 10
320 347 10
320 427 15
211 320 11
244 321 12
321 770 10
321 519 13
322 884 11
304 322 13
160 323 11
323 505 13
323 942 11
324 341 5
324 431 11
95 325 13
325 439 13
325 525 8
325 981 8
326 637 9
326 544 10
327 503 11
46 328 10
205 328 11
235 328 5
180 329 9
329 709 13
330 990 11
330 437 8
109 330 11
330 813 6
244 331 10
331 714 9
331 376 14
332 825 13
332 883 13
332 908 7
333 787 12
333 767 13
334 849 8
334 856 6
334 362 9
334 762 11
335 701 11
27 336 10
336 977 8
336 878 12
336 964 11
300 337 10
108 337 11
337 829 9
285 337 9
338 782 8
337 338 10
338 618 13
338 503 11
338 539 14
339 636 14
340 986 12
165 340 10
340 824 10
290 341 11
251 341 11
164 341 8
30 342 12
252 342 11
342 394 13
343 602 10
343 467 11
212 343 12
343 962 13
344 905 11
344 474 7
311 344 11
344 739 11
309 345 12
345 740 9
54 345 10
346 354 10
346 967 12
346 575 10
26 347 10
347 351 13
236 347 12
347 558 12
286 348 5
348 858 9
178 348 13
349 792 12
349 579 9
71 349 10
350 525 11
43 350 8
350 429 7
320 351 11
351 527 9
351 617 10
261 352 12
352 708 13
352 994 9
194 352 10
344 353 9
153 353 9
353 524 11
354 643 11
42 354 9
355 505 12
355 713 10
355 861 10
355 744 8
340 355 13
234 356 11
164 356 9
356 804 13
37 357 13
357 851 12
238 357 8
341 358 11
8 358 10
167 358 8
340 358 12
359 565 12
359 786 10
359 938 6
360 443 13
360 522 10
360 575 12
360 912 14
24 361 10
362 856 14
362 778 14
362 498 9
303 363 14
364 615 11
365 474 7
365 721 11
365 426 12
323 366 8
366 418 11
366 673 7
366 505 12
367 642 13
368 920 8
67 368 11
368 480 11
368 653 13
369 417 11
369 383 11
369 870 12
370 980 14
370 793 12
178 371 9
371 787 13
371 453 9
239 371 11
43 372 8
148 372 11
308 372 12
373 917 7
373 480 9
373 915 9
137 374 11
374 693 15
374 376 9
89 375 11
357 375 8
176 376 10
376 405 10
315 376 13
210 377 8
377 910 10
191 377 8
312 377 10
118 378 12
269 378 10
379 981 10
251 379 9
310 379 10
379 523 11
380 484 12
380 772 11
380 738 13
381 782 12
381 967 9
381 787 7
381 777 8
12 382 12
382 957 10
383 834 12
383 937 10
383 836 12
267 384 7
19 385 11
385 531 9
115 386 11
67 386 9
149 386 8
20 386 10
387 738 10
197 387 10
316 387 11
91 388 7
388 885 11
388 400 12
389 881 9
92 389 10
389 419 12
74 390 11
390 476 10
282 390 12
390 485 11
390 898 7
391 417 13
391 758 10
148 391 13
378 391 11
66 392 9
165 392 11
392 776 13
100 392 12
166 393 11
247 393 11
394 620 10
49 394 12
395 818 13
395 743 7
135 395 11
27 396 9
117 396 10
263 396 10
138 396 10
380 397 7
397 502 6
282 397 10
82 398 9
153 398 11
213 398 12
399 499 14
399 663 12
400 831 10
400 783 11
377 401 10
401 421 12
171 401 9
401 879 9
402 669 13
402 630 12
403 640 10
403 478 12
403 960 8
220 404 11
404 535 10
404 603 13
176 405 8
212 405 8
101 405 11
275 406 13
286 407 12
407 584 11
407 907 9
408 519 15
408 463 9
409 822 6
409 489 9
409 678 7
101 409 12
410 547 10
112 410 9
304 410 12
411 717 11
411 805 10
411 603 14
125 411 8
412 974 10
412 975 13
412 989 10
155 413 10
34 413 11
414 778 13
414 441 10
414 700 7
415 562 10
21 415 13
416 736 10
416 957 11
408 417 9
418 879 8
403 418 9
395 418 13
419 910 13
420 933 10
36 420 8
420 754 10
421 933 11
157 422 11
422 855 10
363 423 13
237 423 11
130 424 15
192 424 12
392 424 11
425 934 7
329 425 6
425 769 13
426 666 10
426 584 16
426 474 13
61 427 12
135 427 11
392 428 11
428 755 14
207 428 14
428 774 11
300 429 10
429 672 13
430 629 13
181 430 9
430 877 10
431 751 12
431 916 7
431 470 9
432 948 14
432 963 8
432 596 11
432 793 11
433 618 7
433 483 10
433 745 7
434 531 10
434 806 13
434 470 11
158 435 13
435 439 11
303 435 9
436 749 10
310 436 8
436 990 11
307 436 13
436 901 9
347 437 11
437 567 11
437 613 10
438 895 13
402 438 9
438 678 12
438 666 10
439 670 12
135 440 10
159 441 8
119 441 12
80 441 11
441 640 9
360 442 10
442 618 10
442 614 9
443 648 15
284 443 9
25 444 13
444 966 9
177 444 12
271 444 14
445 901 12
82 445 9
445 840 11
446 828 10
446 715 8
312 447 8
447 868 11
305 447 8
447 771 12
447 527 10
300 448 8
448 642 11
449 964 8
18 449 7
391 449 6
424 450 9
370 450 12
451 545 11
452 994 11
452 658 12
206 452 10
389 452 10
453 473 10
453 709 9
301 453 9
1 454 11
400 454 9
454 636 9
255 455 12
326 455 10
456 909 11
4 456 13
419 456 11
47 456 11
456 527 11
457 493 10
457 953 8
458 558 13
54 459 16
459 960 11
238 459 14
87 460 11
460 811 9
460 957 10
92 460 16
461 897 16
461 682 12
462 778 11
462 658 8
231 462 10
463 748 8
463 976 10
464 475 14
464 684 13
452 464 12
314 465 8
465 764 12
465 597 11
65 465 10
465 625 11
381 466 8
123 466 10
466 673 10
19 467 11
201 467 11
467 806 12
468 974 10
208 468 14
468 837 12
299 469 9
469 885 11
469 806 6
308 470 10
173 470 12
109 471 11
471 973 10
472 560 10
472 910 13
71 473 9
205 473 13
318 473 11
404 473 9
395 473 10
84 474 13
474 853 10
474 736 9
475 841 10
180 475 11
475 702 10
475 961 12
476 764 12
476 593 14
477 543 12
223 477 11
478 793 13
313 478 9
478 980 11
325 478 11
479 594 14
480 901 8
480 594 13
480 591 12
481 566 10
482 655 7
482 795 9
300 482 14
483 869 12
377 483 11
483 878 13
130 484 8
72 484 11
142 484 10
3 484 13
229 485 12
485 862 13
451 485 9
486 921 12
487 778 5
375 487 11
37 487 11
488 539 10
24 488 9
440 488 11
489 841 10
91 489 8
490 733 14
490 888 8
347 490 9
393 491 10
390 491 9
492 805 12
294 492 9
1 492 8
492 895 14
493 579 14
494 953 9
494 660 11
440 495 9
495 538 9
135 495 9
411 495 6
496 967 7
497 708 11
467 497 11
49 497 10
201 497 13
498 617 11
498 581 13
499 563 8
208 499 11
500 675 12
32 500 11
378 500 10
501 833 11
501 744 10
501 985 11
501 854 11
502 672 11
232 502 11
502 904 12
502 697 9
503 556 10
503 985 12
280 503 10
196 504 7
504 836 10
255 505 15
505 835 8
96 505 10
505 639 13
261 506 9
506 835 11
506 684 11
99 506 13
315 506 10
215 506 9
507 854 14
117 507 9
156 507 10
259 508 12
351 508 9
509 941 13
132 509 13
509 828 10
80 510 10
510 584 11
510 669 11
159 511 9
225 511 8
511 580 7
126 511 13
103 512 7
17 512 10
513 661 10
514 672 11
514 663 11
405 515 12
455 515 15
113 516 11
516 549 11
301 516 12
217 516 10
516 838 10
49 517 9
517 831 10
517 899 11
518 697 10
368 519 9
519 882 10
519 787 12
176 520 9
315 520 6
521 657 8
442 521 11
279 521 12
521 678 10
314 522 11
84 522 14
391 522 11
522 994 9
351 523 12
270 523 11
523 583 8
476 524 13
66 524 12
279 524 10
154 525 7
161 525 11
526 687 11
45 526 10
520 526 11
86 526 11
404 526 9
110 527 8
527 926 11
35 528 13
31 528 10
528 571 10
529 958 11
506 529 9
335 530 10
530 765 10
221 530 7
531 619 8
7 531 10
216 531 14
532 617 13
173 532 10
454 532 9
533 834 11
533 894 10
534 789 7
476 534 8
534 665 13
516 535 12
200 535 13
535 740 13
535 877 15
535 909 10
536 718 10
536 691 12
496 536 10
537 645 8
72 537 14
341 537 13
66 538 9
538 654 13
538 697 12
472 539 8
540 951 10
164 540 13
156 541 9
529 541 9
542 705 9
542 784 14
543 578 12
413 543 8
543 980 8
544 908 12
367 544 13
535 544 16
410 545 13
240 545 11
545 988 10
545 729 6
85 546 12
546 882 13
216 546 14
239 546 10
468 546 9
9 547 12
288 547 10
3 547 9
547 659 11
509 548 11
548 783 12
62 548 11
549 903 10
549 620 11
161 550 9
282 550 13
5 550 11
550 789 10
551 645 9
551 678 15
551 770 8
27 552 10
246 552 12
553 711 14
553 739 11
553 793 11
554 984 11
554 880 12
555 920 12
396 556 12
5 556 10
556 915 8
556 810 11
557 668 16
118 557 12
484 557 9
463 558 13
187 558 11
455 558 10
559 996 14
559 897 8
559 662 6
117 560 11
482 561 12
202 561 12
206 561 13
58 561 9
561 672 10
271 562 13
86 562 11
562 799 6
119 563 12
563 882 11
100 563 9
564 840 11
565 780 11
190 565 8
565 905 9
154 565 11
366 566 12
236 566 12
99 566 12
151 567 11
210 567 13
567 943 10
568 859 9
569 974 7
569 996 10
482 569 9
569 838 8
58 570 11
570 815 9
49 570 6
571 894 10
378 571 7
212 571 14
226 572 8
277 572 10
572 608 13
573 614 9
247 573 12
308 574 13
521 574 9
575 584 8
501 575 9
174 575 11
238 575 10
575 701 12
383 576 11
576 592 10
158 576 9
517 577 12
557 578 10
14 578 8
157 578 10
432 579 7
81 579 12
561 579 12
579 581 12
107 580 15
580 822 12
120 580 9
127 581 11
581 971 12
507 581 11
582 984 9
132 582 10
424 583 12
583 956 8
342 583 10
549 583 15
584 940 10
584 801 10
584 650 11
201 585 10
585 821 14
190 585 9
469 586 13
28 586 11
586 952 11
561 587 9
587 657 15
587 858 12
65 588 7
563 588 9
588 851 11
589 896 12
589 948 13
205 589 11
589 704 10
70 590 11
582 590 9
590 994 9
591 760 10
256 591 13
592 815 10
592 733 9
592 991 9
8 592 12
593 890 12
593 822 10
77 593 10
318 594 9
287 595 7
596 637 12
152 596 10
596 711 9
306 596 9
559 597 8
597 738 12
319 597 8
597 688 12
323 598 10
598 790 14
392 598 7
522 599 11
544 599 13
581 599 10
600 963 10
94 600 9
601 965 13
601 716 11
20 601 8
76 601 14
199 602 11
497 602 10
505 602 11
46 603 10
1 603 11
604 868 9
604 679 10
605 629 13
605 944 10
66 605 8
606 969 12
385 606 10
418 607 11
104 607 8
439 607 12
608 698 11
608 736 9
439 608 6
609 718 10
609 701 8
447 609 7
609 721 7
566 610 8
107 610 12
610 648 7
305 610 11
584 610 12
549 611 15
330 611 8
611 962 14
401 611 12
214 612 7
124 612 12
349 612 14
400 612 13
387 613 11
613 632 11
613 879 14
614 617 13
179 615 12
615 813 8
615 925 9
616 864 12
477 616 10
248 616 9
617 866 17
573 617 11
618 651 11
618 846 10
443 618 10
618 883 12
505 618 9
38 619 6
619 922 10
517 619 12
581 620 11
620 718 12
503 620 11
620 667 10
441 621 9
417 621 9
621 936 13
215 621 8
470 622 14
587 622 13
52 622 12
155 623 11
624 944 14
292 624 10
105 624 12
478 624 8
252 625 11
355 625 10
523 626 8
529 626 9
200 626 13
199 626 6
459 627 12
446 627 10
628 999 12
239 628 11
375 628 11
506 628 11
196 629 12
16 629 10
630 929 11
90 630 8
310 630 9
630 921 12
553 631 11
631 719 12
59 632 7
30 632 10
587 633 10
633 813 11
183 634 12
16 634 13
634 712 7
398 634 10
431 635 8
215 635 13
635 651 9
242 636 11
636 972 11
637 803 8
405 637 10
638 871 12
17 638 9
466 638 8
509 639 11
305 639 10
38 640 9
640 725 14
641 784 12
641 769 10
119 642 14
514 642 9
163 642 13
246 643 8
643 646 8
402 643 11
131 643 8
512 643 10
41 644 12
644 693 11
57 644 13
281 644 11
387 645 9
645 748 10
614 645 14
593 646 7
646 874 9
646 707 13
647 682 10
418 647 12
647 922 7
28 648 11
283 648 11
393 648 13
648 866 10
169 648 12
649 751 10
649 859 12
649 838 9
141 649 14
397 650 9
199 650 10
592 650 10
615 650 10
651 848 13
651 786 12
651 691 10
652 983 7
652 760 14
652 838 12
312 652 12
81 653 12
488 653 9
554 653 11
63 654 9
435 654 11
589 654 14
340 655 14
388 655 11
61 656 7
20 656 11
256 656 9
199 657 10
342 657 10
657 776 12
27 657 10
288 658 17
658 695 12
659 876 12
483 659 9
53 659 8
659 936 9
178 660 11
660 886 11
660 881 11
660 793 12
660 671 10
48 661 11
110 661 11
441 661 12
662 965 12
3 662 9
627 662 11
115 662 10
663 672 13
663 944 12
245 663 9
110 663 13
649 664 11
664 785 15
432 665 13
665 869 11
422 665 9
585 666 13
666 913 10
497 666 9
377 667 15
667 804 8
668 867 11
198 668 10
240 668 10
113 669 10
354 669 11
365 669 13
248 670 13
597 670 11
671 908 8
637 671 8
615 672 10
124 672 12
107 672 9
672 902 11
673 822 11
673 806 13
358 673 11
556 674 13
83 674 13
663 674 10
364 674 11
300 675 8
653 675 12
675 773 12
280 676 5
185 676 10
677 806 8
520 678 8
169 678 12
678 724 8
552 678 6
47 679 11
360 679 9
394 680 11
680 742 13
106 680 10
464 680 7
129 681 9
418 681 10
681 682 9
457 681 12
22 682 10
125 682 12
682 866 12
241 683 9
683 742 7
683 814 7
190 684 12
451 684 9
684 711 9
207 685 8
685 995 10
685 821 13
551 686 13
142 686 12
243 686 11
686 878 11
322 686 14
285 687 11
687 937 12
687 800 13
688 937 10
688 949 11
206 688 10
94 689 11
689 995 13
596 689 12
495 690 10
221 690 14
690 970 11
691 998 10
213 691 11
210 692 12
184 692 10
693 772 10
693 851 9
672 694 11
694 919 12
616 695 11
282 695 13
358 695 11
695 841 10
636 696 9
286 696 12
696 919 9
696 766 9
296 697 9
316 697 13
273 697 8
698 983 11
698 915 13
226 698 9
622 698 10
557 699 10
430 699 10
699 851 11
699 768 14
225 700 9
700 763 10
700 775 8
586 701 10
385 701 9
701 721 9
702 892 13
702 797 14
640 703 10
187 703 12
703 887 13
703 785 12
704 817 10
592 704 7
539 705 10
180 705 8
591 705 13
589 706 11
572 706 13
325 707 10
154 707 8
707 812 10
382 708 9
553 708 15
581 708 12
280 708 8
134 709 12
657 709 8
67 710 13
506 710 7
710 802 10
710 959 13
710 734 9
13 711 10
121 711 8
595 711 15
698 712 12
640 712 11
713 786 13
713 793 9
713 735 11
714 797 13
205 714 10
509 714 14
714 919 11
64 715 14
695 715 10
292 715 12
560 715 7
497 716 15
162 716 12
716 801 10
183 717 14
718 846 10
718 741 10
596 718 12
718 729 10
719 882 10
719 802 13
0 720 8
452 720 14
467 721 9
722 880 7
687 722 15
722 791 10
388 723 12
589 723 11
342 723 11
724 787 10
336 724 9
260 725 12
445 726 9
322 726 11
266 726 8
692 726 9
716 727 10
727 858 6
592 727 9
669 727 14
89 728 8
728 976 12
525 728 14
81 729 11
108 729 11
616 730 8
643 730 10
731 945 10
731 806 11
354 731 10
732 802 10
461 732 11
732 906 10
716 732 12
63 733 7
262 733 9
429 733 11
3 733 9
733 868 10
734 995 9
734 817 11
734 787 9
734 766 10
35 735 10
92 735 12
130 736 10
93 736 9
245 736 9
487 737 11
503 737 8
418 737 11
738 825 12
161 738 11
88 739 11
739 952 10
740 821 13
698 740 10
740 757 9
266 741 10
520 741 9
371 741 12
742 837 11
31 742 10
742 955 11
230 742 9
743 779 10
224 743 11
36 743 9
743 951 11
84 744 10
92 744 12
276 745 10
698 745 11
316 746 14
203 746 10
746 787 11
379 746 11
556 746 9
17 747 9
693 747 12
514 747 6
747 815 9
371 748 15
608 748 9
731 748 12
654 748 14
672 749 7
300 749 9
60 749 9
749 823 13
8 750 8
187 750 9
750 854 9
751 839 9
751 871 11
194 751 11
490 751 8
752 789 13
456 752 9
339 752 7
189 753 10
753 992 10
612 754 11
754 959 12
300 754 11
631 755 10
706 755 11
650 756 9
460 756 13
596 757 9
202 757 14
754 757 9
758 845 13
136 758 7
470 758 7
758 877 9
85 758 6
759 974 12
457 759 12
348 759 12
749 760 13
688 760 7
760 804 12
687 761 10
387 761 12
360 761 11
230 761 12
762 824 13
762 934 8
763 766 8
235 763 11
641 763 14
328 763 11
412 763 13
507 763 9
412 764 11
482 764 7
716 764 11
678 765 11
368 765 12
193 765 14
435 765 14
766 800 8
553 766 12
767 978 10
767 787 11
767 834 9
201 767 12
588 768 15
760 768 12
293 769 10
510 769 11
770 822 10
647 771 10
71 771 11
689 771 9
413 771 12
469 772 7
25 772 12
325 772 8
368 773 11
392 773 10
773 867 13
684 774 10
46 774 10
323 775 8
541 775 9
342 775 8
639 776 9
570 776 10
64 777 10
611 777 10
777 958 8
778 912 13
370 778 7
219 778 9
451 778 10
189 779 13
258 779 11
411 779 7
577 780 10
546 780 10
349 780 8
429 781 10
183 781 7
663 781 4
367 781 10
157 781 11
782 812 8
1 782 8
161 783 10
407 783 9
783 923 13
596 783 6
783 851 11
346 784 12
784 865 8
189 784 11
785 960 10
486 785 7
14 785 12
9 786 11
185 786 10
654 786 11
787 929 14
584 787 12
131 787 11
109 788 11
429 788 7
570 788 10
637 789 9
146 789 14
358 789 10
392 789 11
378 790 10
790 840 13
392 790 11
20 791 8
536 792 11
556 792 8
100 792 10
258 793 12
87 793 11
573 794 12
579 794 13
453 794 11
210 794 8
795 956 11
199 795 9
213 795 10
143 796 8
221 796 10
60 796 11
625 797 13
275 797 9
228 797 11
160 798 10
79 798 9
157 798 10
638 799 10
560 799 12
184 799 11
752 800 12
352 801 6
432 801 13
801 864 7
724 801 10
173 802 11
53 802 14
190 802 10
803 856 10
16 803 11
59 803 9
803 804 10
252 804 10
216 804 9
241 804 11
22 804 12
805 912 10
805 806 10
805 918 13
642 805 10
424 806 10
207 806 8
141 806 12
235 807 7
800 807 8
171 807 11
807 980 10
808 839 12
223 808 10
582 808 11
355 808 11
748 808 10
236 809 13
316 809 8
46 809 10
407 810 10
810 924 6
154 811 13
811 835 8
308 811 15
812 855 12
559 812 11
812 878 13
437 813 12
493 813 8
307 813 10
759 813 12
267 813 8
803 814 9
671 814 9
325 814 10
244 814 11
581 815 12
708 815 10
32 815 11
123 816 10
40 817 10
439 817 9
817 868 8
96 818 8
818 962 8
819 960 12
650 819 9
819 920 13
230 819 13
629 820 11
177 820 13
705 820 11
334 820 8
820 948 11
821 877 11
92 821 10
14 821 9
583 821 12
819 822 13
160 822 11
179 823 10
504 823 11
823 832 9
26 823 9
232 824 8
824 874 10
825 925 10
397 825 6
532 825 9
7 826 12
417 826 12
827 921 12
790 827 9
261 827 8
828 930 13
288 828 9
456 829 10
461 829 11
527 829 14
151 830 11
831 960 10
380 831 12
547 831 12
715 832 12
586 833 12
93 834 8
745 834 9
424 834 10
585 835 10
835 985 12
227 836 13
303 836 10
836 839 9
836 958 12
6 836 12
273 837 11
24 837 10
3 837 11
62 837 10
762 838 11
290 838 9
122 838 9
701 839 10
839 841 12
839 884 12
840 904 10
840 930 10
726 841 7
714 841 11
128 841 11
841 928 11
715 842 9
290 842 10
405 842 8
203 842 11
625 843 11
642 844 12
735 844 10
171 844 10
403 845 8
845 877 9
39 845 11
547 846 13
176 846 12
846 895 6
81 847 10
210 847 10
418 847 13
306 847 11
333 848 10
134 848 14
700 848 12
830 848 12
828 848 13
849 989 14
260 849 12
394 849 10
849 974 10
516 850 11
243 850 10
48 850 9
326 850 12
356 850 10
412 851 14
13 851 11
291 851 8
226 852 14
460 852 10
590 853 15
853 914 14
854 855 10
11 855 10
704 856 13
856 988 10
44 857 14
704 857 12
658 857 11
784 858 12
657 858 8
492 859 9
331 859 7
807 860 16
152 860 10
459 860 11
861 980 8
543 861 12
861 981 13
86 862 9
701 862 12
28 862 10
104 862 8
599 863 11
327 863 10
383 863 11
497 864 11
864 926 12
396 864 10
864 945 8
83 865 14
132 865 13
602 865 14
865 928 12
261 866 12
748 866 10
211 867 9
343 867 9
34 867 6
245 867 11
542 868 8
825 868 5
627 868 12
366 868 8
644 869 9
786 869 11
870 978 10
387 870 9
870 964 12
37 871 8
624 871 13
872 899 9
661 872 13
5 873 10
701 873 9
349 873 11
291 874 13
490 874 14
875 912 7
612 875 12
734 876 10
640 876 10
876 994 8
620 876 9
328 877 11
223 877 12
522 877 10
79 877 9
204 878 10
639 878 11
325 878 12
248 878 8
172 879 11
879 885 9
879 974 14
598 880 11
685 880 11
726 880 12
141 880 14
794 881 11
507 881 9
191 881 12
738 881 9
132 881 12
313 882 10
388 882 6
737 882 11
659 882 10
591 883 10
545 883 13
677 883 7
832 883 8
599 884 10
827 884 12
87 884 10
884 981 11
225 885 13
245 885 10
517 885 7
149 885 13
832 886 12
728 886 11
886 914 13
300 887 12
391 887 10
258 887 9
524 888 10
109 889 13
711 889 11
662 889 10
107 889 13
890 964 9
57 890 13
44 891 13
856 891 10
891 984 8
892 951 13
783 892 10
71 892 10
439 892 10
831 893 13
393 893 11
263 893 13
572 894 10
481 894 9
891 894 10
279 894 14
187 895 6
895 931 10
117 895 9
495 896 11
690 896 11
219 896 10
831 896 11
683 897 10
669 897 13
289 897 13
564 897 8
137 898 11
898 965 14
303 898 11
306 899 15
463 899 9
867 899 8
142 899 10
315 900 12
884 900 14
841 900 10
565 901 12
901 928 13
98 901 11
901 990 11
354 901 13
235 902 14
317 903 11
529 903 10
787 903 11
267 904 9
683 904 8
622 904 9
275 905 10
311 905 8
833 906 12
792 906 12
257 907 9
230 907 13
397 907 8
908 975 10
478 908 7
908 980 8
119 909 12
204 909 12
760 909 10
481 910 10
579 910 13
866 910 12
654 911 13
268 911 10
835 912 10
397 913 13
318 913 15
223 914 11
304 914 9
491 914 7
365 915 9
915 917 9
264 915 10
35 916 10
213 916 11
628 916 12
572 917 10
876 917 11
745 917 11
918 941 10
776 918 13
574 918 8
919 974 13
754 919 10
192 919 14
403 919 11
179 919 10
303 920 11
123 920 11
672 920 11
94 921 10
518 921 8
578 921 9
510 922 10
702 922 11
88 922 12
99 922 9
829 923 12
796 923 11
464 923 9
842 923 12
234 924 9
191 924 7
523 924 8
573 925 11
342 925 9
474 926 10
185 926 10
77 926 10
482 926 9
913 926 11
212 927 10
772 927 10
276 927 7
370 927 12
767 928 16
65 929 8
194 929 11
488 929 11
874 929 12
211 930 13
603 930 12
35 930 12
759 931 11
931 958 10
62 931 8
911 931 9
778 931 11
339 932 10
559 932 11
124 932 10
380 933 12
922 933 8
701 933 11
420 934 11
15 934 12
367 935 11
196 935 9
518 936 12
936 969 10
90 937 10
178 937 12
105 937 9
545 937 10
863 938 13
627 938 10
251 938 9
8 938 11
232 938 10
308 939 16
939 992 12
299 939 11
595 940 12
161 940 9
449 940 11
375 941 13
630 941 9
884 941 11
825 942 6
726 942 12
942 973 9
597 943 7
929 943 10
519 943 12
455 944 13
818 944 12
217 944 8
147 945 10
805 945 11
644 945 9
324 946 9
282 947 13
214 947 11
354 947 10
443 948 13
754 948 9
948 973 8
486 949 9
584 949 10
544 949 10
949 991 7
544 950 8
330 950 13
114 950 8
208 950 9
944 951 8
647 951 12
602 952 11
184 952 8
808 953 10
315 953 11
611 953 14
679 953 6
431 954 11
105 954 13
129 954 12
230 955 10
205 955 9
781 955 9
775 955 11
842 956 6
411 956 13
852 957 11
61 957 13
750 957 11
7 958 12
126 958 13
862 958 9
96 958 15
862 959 10
302 959 11
568 960 8
586 961 13
810 961 13
91 962 8
135 962 11
338 962 10
74 963 13
964 968 9
700 965 10
732 965 13
920 966 8
839 966 8
43 966 10
959 966 6
948 967 8
267 967 13
477 967 8
754 967 8
773 967 7
794 968 8
280 969 9
646 969 10
882 969 11
386 970 12
228 970 11
172 970 14
970 982 13
816 971 11
598 971 11
263 972 11
642 972 10
718 972 9
475 972 14
374 972 10
298 973 9
802 973 11
198 974 12
794 974 9
387 974 14
751 975 8
374 975 12
354 975 10
512 975 10
99 976 10
253 976 10
392 976 11
882 976 12
949 977 11
147 977 13
176 978 9
782 978 13
38 979 9
308 979 14
63 980 9
335 980 10
605 981 7
333 981 12
218 981 13
859 981 12
300 982 9
80 982 16
371 983 11
117 983 12
860 983 10
397 984 8
605 984 12
508 985 10
857 985 9
742 986 9
337 986 12
190 986 12
193 987 7
827 987 10
577 987 8
865 988 7
85 988 14
215 988 13
235 989 15
603 989 11
906 989 8
366 989 12
158 990 13
390 990 14
792 991 11
145 991 13
672 992 13
330 992 10
139 992 9
43 993 14
164 993 11
356 993 11
516 994 10
509 994 9
582 994 10
654 994 11
250 995 11
936 995 8
100 995 12
959 996 11
337 996 12
986 996 12
199 996 13
205 997 11
300 997 11
659 997 10
573 998 13
464 998 10
569 998 11
620 999 11
523 999 10
372 999 10
