100
0
9
4
10
1
4
7
5
3
8
2
6
8
8
4
6
10
2
1
1
4
9
1
3
6
7
7
5
5
4
8
7
9
2
1
7
9
8
9
5
8
3
9
6
3
3
2
7
5
9
6
10
4
9
7
2
9
3
4
5
3
7
10
9
5
9
4
5
1
10
3
6
7
6
3
6
4
5
5
7
4
9
3
2
7
3
1
6
2
7
5
9
4
4
6
3
8
2
5
7
0 47 9
0 52 13
0 88 9
0 27 10
0 57 13
0 63 9
0 14 14
0 85 8
0 11 14
1 53 14
1 23 10
1 97 9
1 77 11
1 59 10
1 18 12
1 14 11
1 27 8
1 6 13
2 51 8
2 30 10
2 59 11
2 46 9
2 21 9
2 40 8
2 70 10
2 93 8
2 17 11
2 20 12
2 23 10
3 39 10
3 51 11
3 71 7
3 79 12
3 31 10
3 64 9
3 65 12
3 23 9
3 76 9
3 90 11
4 95 8
4 65 12
4 39 7
4 50 12
2 4 12
4 42 12
3 4 10
4 81 8
4 10 9
4 60 10
5 62 12
5 9 8
5 18 13
5 97 9
5 86 10
5 34 9
5 43 9
5 72 10
5 61 7
5 13 10
5 56 11
6 36 10
6 7 12
6 40 10
6 91 13
6 18 8
6 57 8
3 6 13
6 67 13
6 89 9
6 95 10
6 8 11
7 42 13
7 21 10
7 75 12
7 14 11
7 41 11
7 91 9
7 15 13
7 77 7
7 93 12
3 7 8
7 57 11
7 62 6
8 34 12
7 8 9
8 54 9
8 97 13
8 9 13
4 8 4
8 20 11
8 77 10
8 37 11
8 72 10
8 10 8
9 88 12
9 13 12
9 97 12
9 76 14
9 91 15
9 51 7
3 9 10
9 20 12
6 10 13
10 42 11
10 43 12
10 21 12
10 60 12
10 23 11
10 84 12
10 94 13
10 30 13
10 14 8
11 30 6
11 54 10
11 12 11
11 91 8
6 11 11
11 73 7
11 44 5
11 68 11
11 22 11
11 28 14
12 57 12
12 15 13
12 50 14
12 27 11
12 77 7
12 32 12
12 72 13
12 37 13
12 34 11
12 78 9
12 69 11
13 71 9
3 13 6
13 39 10
13 77 12
13 64 10
13 27 9
13 36 11
13 35 10
13 89 10
14 26 13
14 34 11
14 86 9
14 80 13
14 76 8
6 14 7
14 56 10
14 44 10
14 28 11
14 92 11
15 84 13
15 28 12
15 62 13
2 15 10
15 36 9
15 46 13
3 15 12
15 91 9
16 65 10
16 77 13
16 89 12
16 47 9
16 62 12
16 66 11
16 24 9
6 16 9
16 29 11
16 84 12
17 73 9
5 17 10
17 44 9
17 89 8
17 85 13
17 97 12
17 66 10
10 17 10
17 45 12
17 18 12
18 54 12
18 52 9
18 43 14
18 72 9
2 18 11
18 81 13
18 20 11
18 31 7
18 48 11
19 65 12
19 82 9
19 48 10
3 19 12
19 88 7
19 70 12
19 66 8
0 19 11
19 28 15
20 69 9
20 35 6
20 87 7
20 65 11
20 45 10
20 92 11
20 21 9
20 99 9
20 27 10
3 20 12
20 64 11
20 80 11
21 24 10
11 21 11
21 81 11
21 78 12
21 96 11
18 21 9
12 21 12
21 36 10
21 23 7
12 22 8
22 33 12
22 82 10
5 22 11
22 81 8
22 62 13
22 37 8
22 67 7
22 99 13
22 88 8
23 54 8
18 23 14
23 40 14
23 28 9
11 23 10
9 23 6
23 63 11
23 70 7
23 56 12
23 90 12
23 92 11
4 24 12
7 24 7
24 53 10
24 32 11
24 42 14
24 90 7
24 95 11
24 77 8
15 24 8
24 83 11
24 74 9
25 28 6
25 71 12
16 25 12
25 50 13
25 44 9
12 25 10
25 80 11
1 25 15
25 64 12
6 25 10
25 97 12
25 72 13
26 31 7
26 87 13
1 26 11
26 79 8
26 56 8
19 26 6
26 42 12
0 26 11
22 26 8
26 67 12
19 27 9
27 37 12
27 40 11
27 42 9
27 32 9
5 27 7
27 29 10
27 54 10
6 27 9
28 35 11
4 28 10
28 63 12
28 90 10
28 94 7
20 28 12
28 56 11
28 50 14
29 58 6
29 87 12
29 65 9
29 89 13
29 94 9
22 29 11
29 40 12
29 96 10
13 29 10
5 29 8
30 65 8
30 35 11
12 30 11
30 31 8
30 43 8
30 36 11
30 85 11
30 60 12
30 73 10
30 72 9
24 30 12
24 31 12
31 57 9
31 80 15
31 88 14
31 81 13
31 40 12
31 51 11
31 58 13
31 59 11
23 31 12
3 32 12
32 71 10
15 32 11
26 32 10
32 35 13
21 32 12
22 32 12
32 79 9
32 80 12
33 88 13
2 33 10
20 33 11
33 91 6
33 46 9
33 57 11
33 79 11
33 67 10
7 33 12
26 34 10
24 34 11
34 74 9
34 64 14
31 34 12
34 59 11
34 66 11
34 56 9
32 34 10
34 96 10
23 35 10
35 73 14
4 35 8
35 90 10
35 93 11
35 56 10
24 35 12
35 66 10
35 58 12
35 96 9
25 35 11
35 67 11
20 36 10
8 36 10
36 71 9
36 58 12
36 89 10
17 36 12
36 42 11
36 54 7
36 78 8
36 52 11
37 55 8
32 37 10
17 37 6
16 37 11
37 49 9
37 87 9
6 37 11
37 93 13
37 75 7
23 37 12
37 89 11
38 75 13
32 38 9
38 76 13
6 38 6
38 93 12
12 38 10
22 38 9
25 38 10
38 42 5
38 69 8
39 98 10
1 39 9
37 39 14
28 39 10
39 53 12
39 81 10
39 95 10
39 74 10
39 77 13
36 39 7
14 39 9
39 91 8
12 40 10
20 40 7
40 89 13
40 70 11
40 60 8
39 40 9
35 40 12
11 40 11
25 40 9
41 55 9
41 71 10
41 76 11
11 41 16
22 41 10
41 69 11
41 57 9
41 60 10
28 41 10
41 70 9
42 58 12
31 42 9
39 42 10
42 69 12
42 67 11
28 42 11
32 42 11
42 79 9
42 47 13
25 42 13
15 43 11
43 56 9
43 97 13
11 43 11
43 64 10
43 51 12
22 43 10
1 43 11
43 99 11
44 91 15
35 44 9
44 84 13
44 76 11
18 44 9
44 58 13
44 55 11
44 89 11
44 77 11
6 44 8
45 83 16
21 45 10
45 96 10
45 84 10
45 68 12
37 45 7
45 49 11
45 57 11
22 45 10
3 46 7
43 46 11
46 76 13
46 93 8
46 83 9
46 81 11
46 75 7
25 46 10
46 54 8
46 59 9
46 53 10
47 72 9
47 78 12
13 47 9
10 47 14
47 80 9
47 82 8
11 47 14
25 47 9
21 47 7
47 66 12
47 55 11
47 48 9
24 48 8
22 48 7
48 60 12
33 48 9
39 48 12
48 93 11
48 61 11
45 48 11
49 58 7
14 49 10
49 79 11
49 52 8
34 49 11
12 49 11
49 69 11
49 66 14
49 90 9
49 71 8
29 50 11
14 50 11
32 50 10
39 50 10
50 85 11
13 50 9
50 92 10
23 50 10
31 50 8
50 55 9
37 50 10
51 97 11
6 51 13
51 80 11
51 57 9
51 91 14
51 93 11
51 68 9
51 75 9
1 51 9
8 51 7
28 51 10
40 52 12
52 68 11
25 52 14
15 52 11
1 52 10
48 52 12
10 52 12
52 61 12
8 52 11
52 80 12
52 85 12
7 53 12
32 53 7
18 53 13
53 62 9
53 68 15
13 53 10
20 53 12
53 72 13
53 66 9
53 77 8
34 53 8
54 78 11
14 54 9
54 57 11
33 54 8
53 54 9
47 54 10
54 90 11
54 74 10
54 68 11
28 54 13
55 63 9
55 75 11
26 55 8
42 55 13
55 73 13
22 55 12
55 71 11
48 55 7
52 55 14
56 70 10
56 93 13
55 56 10
4 56 9
42 56 8
56 59 10
56 63 7
0 56 10
56 98 12
56 94 12
32 57 9
57 81 11
14 57 11
48 57 9
57 60 10
40 57 9
57 62 13
4 57 8
19 57 11
57 82 11
58 88 11
0 58 10
46 58 10
57 58 10
6 58 7
15 58 10
58 62 11
22 58 14
58 73 13
4 58 10
59 85 8
47 59 8
39 59 11
48 59 10
7 59 11
43 59 8
59 63 8
59 93 13
59 97 8
44 60 11
59 60 11
60 63 8
19 60 12
37 60 14
60 73 9
58 60 11
17 60 12
53 60 8
60 85 8
61 74 10
61 66 11
61 80 7
37 61 11
25 61 8
42 61 12
40 61 14
61 62 10
61 93 10
61 91 10
25 62 10
39 62 7
56 62 10
62 85 12
62 79 13
62 73 11
62 65 11
62 86 11
40 62 8
59 62 7
29 62 14
62 78 11
47 63 9
43 63 10
63 73 10
50 63 11
9 63 13
24 63 10
41 63 9
18 63 10
53 63 12
15 63 11
34 63 10
22 64 9
36 64 11
64 83 9
47 64 11
64 69 9
64 65 8
64 76 10
59 64 8
33 64 10
65 85 6
65 97 11
65 94 7
7 65 13
48 65 12
54 65 8
1 65 12
65 84 11
65 96 11
43 66 9
28 66 8
63 66 8
51 66 12
23 66 7
66 97 9
66 95 7
1 66 9
33 66 7
30 66 5
25 67 8
63 67 8
8 67 9
50 67 9
67 85 11
23 67 10
67 88 10
34 67 8
56 67 11
67 70 13
36 67 9
57 68 12
61 68 14
68 73 11
68 82 11
68 92 7
19 68 10
56 68 9
17 68 10
63 68 7
68 88 10
4 68 9
4 69 11
69 82 15
45 69 9
30 69 11
69 87 11
57 69 13
69 79 9
47 69 9
48 69 12
39 69 15
70 84 7
70 73 11
3 70 11
65 70 9
1 70 9
70 75 11
70 89 9
32 70 9
70 85 10
16 70 10
70 81 10
71 96 9
62 71 10
23 71 7
71 95 9
27 71 10
45 71 11
71 85 12
69 71 7
35 71 9
57 71 8
28 71 14
38 71 13
72 93 14
72 76 11
50 72 9
72 79 11
72 90 11
13 72 13
6 72 9
72 84 11
23 72 11
19 72 5
37 72 15
41 73 15
9 73 13
23 73 8
73 99 10
73 82 12
61 73 8
46 73 8
73 89 10
51 73 8
50 73 12
17 74 11
10 74 7
33 74 9
49 74 11
65 74 11
74 85 12
74 81 9
2 74 9
27 74 15
12 74 13
73 74 11
74 75 10
50 75 9
26 75 8
6 75 10
75 77 10
75 86 13
75 89 12
62 75 10
22 75 12
0 75 9
76 81 8
12 76 13
45 76 9
36 76 11
54 76 12
62 76 10
59 76 10
2 76 10
40 76 9
50 76 8
7 76 11
25 77 9
69 77 10
0 77 7
4 77 14
62 77 8
64 77 11
60 77 11
77 98 10
77 96 5
59 78 12
70 78 9
78 83 7
51 78 13
78 99 10
46 78 10
13 78 9
58 78 11
15 78 9
66 78 9
19 78 9
67 79 10
17 79 11
55 79 9
4 79 11
25 79 10
76 79 10
79 98 12
24 79 9
1 79 11
28 79 16
79 84 7
41 80 15
26 80 9
80 90 13
78 80 8
80 84 15
45 80 8
22 80 13
80 83 13
29 80 14
36 80 11
80 94 14
11 81 12
20 81 10
12 81 12
81 94 12
0 81 9
66 81 10
6 81 10
28 81 9
69 81 9
68 81 9
80 81 14
61 81 8
63 82 11
48 82 10
37 82 11
82 84 11
25 82 16
11 82 11
82 90 10
23 82 13
49 82 9
42 82 11
33 83 11
22 83 14
58 83 8
27 83 11
35 83 9
83 91 10
81 83 10
66 83 11
64 84 11
6 84 14
46 84 11
74 84 10
53 84 13
59 84 12
81 84 11
84 97 10
41 84 9
55 85 11
77 85 12
48 85 8
15 85 13
85 97 9
85 96 9
83 85 8
8 85 8
76 85 11
40 85 11
81 85 12
53 85 10
38 86 10
48 86 11
65 86 11
45 86 14
28 86 10
86 94 14
82 86 11
63 86 12
58 86 10
84 87 13
54 87 8
7 87 11
87 91 9
56 87 9
41 87 11
42 87 8
78 87 11
87 92 13
49 87 7
87 96 12
87 94 8
78 88 7
12 88 14
84 88 11
21 88 14
18 88 15
40 88 11
48 88 12
87 88 10
62 88 10
34 88 11
37 88 11
76 89 12
57 89 9
15 89 13
58 89 12
52 89 9
83 89 10
67 89 5
85 89 6
63 89 14
35 89 10
57 90 10
62 90 7
21 90 14
60 90 7
75 90 5
12 90 11
88 90 10
69 90 10
2 90 15
32 90 13
90 99 9
34 91 9
62 91 9
91 94 12
14 91 10
19 91 8
30 91 9
89 91 8
52 91 13
49 91 12
4 92 12
92 95 8
72 92 13
37 92 10
29 92 9
92 98 12
88 92 11
2 92 12
26 92 12
11 93 14
68 93 10
79 93 9
93 94 11
29 93 11
57 93 8
75 93 7
54 93 10
93 97 15
77 93 11
93 99 11
31 94 12
22 94 13
38 94 10
23 94 9
13 94 13
67 94 13
66 94 9
32 94 7
9 94 10
5 94 10
76 94 11
57 95 9
68 95 12
10 95 13
28 95 10
32 95 9
15 95 10
49 95 15
76 95 11
12 95 13
80 95 8
44 96 11
16 96 13
51 96 11
91 96 11
43 96 10
25 96 11
33 96 13
15 96 16
60 96 10
50 96 9
66 96 8
78 97 9
32 97 14
15 97 8
22 97 8
92 97 9
11 97 12
72 97 11
81 97 9
74 97 12
55 98 10
7 98 8
38 98 12
61 98 9
72 98 11
74 98 7
47 98 10
4 98 15
95 98 14
0 98 13
27 99 11
11 99 8
80 99 12
66 99 10
87 99 10
45 99 12
92 99 13
76 99 10
63 99 11
55 99 5
86 99 14
