100
0
7
3
6
8
2
4
1
2
6
6
4
10
2
4
3
3
3
8
5
1
7
1
9
6
8
9
3
2
6
5
6
5
9
5
4
4
5
5
8
7
2
5
10
2
8
9
7
3
8
7
4
3
8
9
9
5
4
3
4
6
3
1
1
10
4
2
7
3
6
6
5
1
8
4
3
4
1
2
10
8
9
2
6
9
10
2
3
1
4
7
9
5
7
6
7
6
9
2
4
0 27 13
0 41 11
0 53 10
0 8 13
0 49 12
0 66 11
0 69 12
0 98 9
0 35 13
0 81 11
0 85 11
1 84 11
1 88 11
1 23 12
1 8 10
1 31 10
1 30 12
1 36 9
0 1 12
1 2 9
1 74 9
1 3 11
2 48 13
2 45 9
2 76 11
2 58 11
2 67 10
2 68 10
2 20 14
2 78 11
2 75 10
3 97 10
3 55 8
3 67 10
3 85 12
3 89 8
3 54 12
3 12 9
3 50 9
3 53 7
3 91 9
4 67 12
4 63 11
1 4 9
4 52 10
4 84 10
4 46 10
4 90 8
4 56 12
4 11 12
4 66 9
4 60 13
5 50 11
5 12 12
5 90 12
5 30 10
5 89 12
5 68 10
5 97 10
5 40 10
5 24 12
2 6 11
6 28 9
6 35 10
6 13 11
6 60 8
6 15 11
6 40 9
6 38 12
6 9 13
6 82 11
7 98 11
7 71 10
7 99 12
7 16 10
7 34 12
7 96 9
7 9 9
7 80 9
7 70 12
7 88 10
8 79 9
8 21 10
8 62 11
8 69 7
8 66 11
8 26 11
8 53 5
8 71 9
8 54 9
8 49 14
8 68 10
9 81 8
9 77 13
9 19 13
9 87 7
9 53 11
9 72 10
9 34 8
9 99 9
9 54 18
9 26 7
10 44 11
10 79 8
10 17 12
10 24 10
10 16 9
10 89 9
10 99 10
10 81 8
11 63 10
5 11 14
11 26 9
11 78 9
11 89 9
11 73 14
11 39 10
11 80 10
11 50 12
11 57 14
11 52 9
12 44 15
12 14 8
12 22 8
12 53 8
12 29 11
12 20 8
12 75 11
12 86 11
12 90 11
12 19 10
13 92 8
13 72 9
13 90 9
13 88 11
13 40 16
13 60 12
13 18 9
13 38 12
13 84 11
13 83 9
14 70 9
14 50 7
1 14 13
14 97 8
3 14 12
6 14 11
14 74 6
14 17 10
14 88 10
2 14 10
15 64 10
15 37 13
15 21 11
15 78 12
2 15 10
15 68 8
15 53 12
15 30 9
15 20 12
15 69 14
16 83 9
16 51 10
16 28 14
16 65 9
16 88 12
16 68 7
16 23 10
12 16 6
16 74 16
16 18 10
17 90 9
17 57 6
17 77 10
17 63 11
9 17 12
17 82 9
17 97 9
12 17 7
3 17 9
17 41 10
18 27 10
18 45 12
18 73 14
18 31 10
18 72 8
18 26 10
18 29 11
15 18 12
18 33 10
19 40 8
19 36 9
19 59 13
19 69 9
7 19 7
19 25 10
19 80 10
4 19 11
19 66 9
19 24 13
19 61 14
20 74 10
20 78 14
20 82 10
20 85 11
11 20 11
10 20 9
20 42 9
20 53 10
13 20 11
20 87 7
20 34 11
0 20 15
17 21 14
21 95 14
21 70 8
5 21 7
21 64 12
3 21 11
21 59 11
21 77 11
22 81 11
22 27 10
22 68 12
22 32 7
22 54 12
22 61 8
22 66 13
1 22 14
22 94 13
22 89 8
23 98 10
23 82 10
23 85 9
2 23 10
19 23 9
23 40 13
5 23 10
12 23 9
23 96 10
3 23 11
24 29 10
24 32 11
24 40 14
24 45 10
24 47 12
24 95 11
24 55 10
24 26 8
24 75 10
24 81 12
25 47 12
25 67 10
1 25 12
25 54 11
25 91 12
25 43 9
25 96 12
25 32 13
25 31 9
25 80 9
26 45 10
26 98 9
26 40 10
26 67 9
3 26 11
26 90 10
26 61 9
26 65 13
26 33 9
26 49 10
27 89 8
27 97 13
5 27 12
27 72 11
27 74 7
27 58 9
27 34 11
27 75 12
27 49 10
27 90 11
11 28 11
28 71 7
28 59 9
28 44 8
28 52 10
28 76 8
28 73 13
3 28 12
1 28 6
28 96 9
10 28 11
29 50 13
29 49 10
19 29 8
29 69 13
29 32 14
10 29 9
29 30 14
29 74 11
13 29 10
29 59 7
29 40 13
29 57 8
30 46 10
30 73 8
30 44 11
30 83 11
0 30 13
30 94 10
30 32 11
30 75 14
30 72 10
30 34 11
30 86 9
30 80 10
31 98 12
31 86 13
31 62 6
31 41 13
28 31 9
22 31 11
31 55 7
31 49 11
31 61 11
32 96 6
0 32 13
6 32 6
32 85 12
32 71 12
32 83 7
16 32 6
32 87 11
4 32 12
32 38 7
33 56 8
17 33 13
33 35 12
33 41 8
16 33 8
33 97 5
33 37 12
33 81 11
33 55 7
0 33 12
34 58 13
10 34 7
34 76 15
11 34 9
34 80 7
34 41 13
34 48 7
34 92 9
34 73 11
34 72 11
34 98 9
35 38 7
9 35 10
4 35 9
35 42 6
34 35 12
35 58 9
35 79 7
35 43 10
35 37 8
35 72 9
36 50 15
36 52 12
36 78 13
12 36 9
36 42 10
13 36 11
36 91 12
36 82 10
32 36 11
37 77 9
12 37 12
37 45 10
24 37 9
21 37 10
11 37 7
14 37 9
37 48 13
37 66 8
37 61 12
38 94 9
38 55 12
11 38 9
38 71 12
15 38 5
38 83 11
38 52 7
38 90 6
38 44 14
38 63 11
38 95 12
24 39 10
39 45 8
13 39 9
3 39 10
39 86 10
39 84 15
17 39 10
22 39 9
39 76 10
39 68 12
39 78 14
40 69 11
40 85 10
40 42 8
40 90 11
22 40 7
40 66 9
40 63 8
40 44 7
40 52 10
41 66 9
10 41 10
20 41 11
41 67 10
41 42 11
41 99 12
30 41 10
12 41 11
32 41 9
11 41 12
14 42 8
13 42 7
42 91 11
42 61 10
42 97 12
42 47 13
42 94 13
42 53 12
42 90 9
7 42 6
42 57 8
43 49 12
21 43 12
43 99 10
43 95 11
43 63 8
43 98 10
43 82 7
4 43 9
43 61 11
39 43 11
3 44 11
32 44 7
44 56 11
44 47 11
44 51 15
44 88 10
42 44 10
44 45 10
29 44 13
6 44 11
35 45 10
45 63 10
45 50 10
31 45 9
45 47 12
5 45 14
7 45 6
45 94 11
45 85 12
29 45 12
46 56 10
11 46 7
0 46 12
46 83 11
38 46 14
10 46 12
16 46 16
27 46 11
46 61 11
46 81 13
46 60 10
11 47 11
1 47 8
36 47 10
47 67 11
47 88 10
47 71 12
34 47 10
47 96 10
47 66 10
23 47 8
38 48 12
48 96 10
48 70 12
11 48 11
48 72 11
48 83 9
8 48 14
9 48 8
48 74 10
33 48 12
49 74 10
25 49 12
49 57 8
49 86 11
24 49 14
35 49 7
44 49 9
49 79 11
16 49 14
10 49 9
50 80 8
50 56 7
4 50 11
18 50 13
13 50 13
50 88 9
50 96 10
48 50 10
30 50 11
50 72 9
34 50 14
27 50 14
51 59 12
51 61 8
19 51 9
51 86 10
18 51 7
40 51 10
51 74 10
38 51 12
51 96 10
52 86 11
12 52 12
52 65 9
41 52 17
52 54 14
37 52 12
25 52 11
52 72 9
52 84 10
1 52 11
6 53 6
22 53 9
53 82 9
35 53 11
53 86 7
53 78 10
53 75 14
53 74 10
53 55 10
53 97 14
54 84 13
19 54 10
51 54 11
54 93 8
54 58 12
54 88 11
54 64 12
54 78 7
54 66 13
49 54 9
55 92 10
55 97 10
55 60 8
20 55 11
4 55 17
55 72 11
55 85 9
55 93 12
29 55 6
45 56 11
23 56 10
28 56 15
56 97 9
36 56 11
30 56 9
51 56 11
1 56 5
25 56 7
56 65 10
56 59 10
28 57 5
57 81 11
19 57 12
57 70 6
0 57 13
44 57 10
12 57 10
32 57 11
57 84 12
57 96 9
3 57 8
32 58 11
58 73 13
58 59 11
58 72 8
19 58 13
49 58 8
31 58 10
12 58 11
16 58 9
40 58 12
59 96 11
59 77 14
55 59 8
7 59 11
59 95 10
5 59 9
39 59 12
59 70 10
59 86 9
47 59 7
59 64 9
17 60 10
58 60 10
60 98 10
60 91 8
33 60 11
15 60 8
60 81 10
16 60 9
60 95 11
57 60 7
18 61 8
17 61 9
50 61 10
15 61 10
57 61 9
60 61 11
61 87 7
49 61 3
23 61 7
61 78 12
61 81 8
54 61 11
20 62 11
60 62 10
62 66 10
27 62 12
62 86 9
21 62 9
62 87 10
49 62 10
54 62 10
62 96 11
63 77 13
23 63 10
62 63 11
63 98 11
21 63 12
35 63 16
36 63 11
44 63 9
1 63 11
42 63 10
47 63 14
27 64 10
13 64 11
64 70 11
26 64 13
9 64 10
42 64 15
49 64 11
0 64 10
6 64 11
17 64 15
39 65 10
65 97 12
1 65 10
12 65 10
50 65 11
3 65 12
59 65 15
65 85 10
63 65 12
20 65 12
33 66 7
66 97 8
66 68 10
66 89 9
66 85 8
16 66 10
66 92 12
29 66 11
66 98 13
34 66 12
51 66 12
57 66 13
67 97 12
18 67 9
67 88 10
63 67 11
61 67 8
67 87 7
14 67 13
60 67 12
67 89 10
51 67 12
13 68 12
68 77 11
68 87 9
65 68 10
35 68 13
0 68 10
68 90 12
68 98 11
32 68 9
45 69 10
24 69 12
39 69 9
1 69 13
57 69 12
44 69 8
5 69 9
69 84 9
47 69 12
62 69 8
60 70 10
70 72 13
70 79 14
70 91 12
4 70 8
70 93 9
28 70 12
1 70 9
53 70 12
54 71 12
45 71 6
71 85 10
20 71 9
36 71 9
71 93 7
59 71 8
71 75 11
25 71 10
41 72 7
3 72 10
12 72 9
2 72 12
72 99 9
16 72 9
66 72 12
32 72 7
20 72 9
51 72 9
11 72 10
47 73 9
70 73 9
73 78 12
73 89 11
10 73 11
24 73 10
73 84 10
62 73 9
73 82 11
49 73 11
61 73 10
1 73 8
73 92 10
74 94 10
43 74 11
74 98 8
25 74 12
52 74 13
15 74 12
74 95 14
10 74 10
7 75 9
11 75 11
75 96 9
54 75 10
13 75 8
31 75 10
60 75 14
75 82 7
75 89 10
51 75 11
52 76 11
56 76 8
24 76 15
43 76 11
33 76 11
46 76 12
76 88 10
26 76 12
51 76 11
65 76 10
77 91 8
14 77 14
47 77 6
42 77 16
20 77 10
77 78 8
77 88 10
77 96 8
0 77 7
26 78 7
7 78 13
78 80 10
29 78 11
3 78 9
10 78 11
67 78 8
25 78 9
78 89 9
55 78 10
22 79 12
75 79 11
16 79 11
51 79 9
66 79 8
6 79 13
50 79 13
45 79 12
79 81 10
80 89 12
15 80 11
52 80 7
39 80 11
29 80 12
13 80 10
53 80 10
3 80 9
59 80 10
47 80 9
74 81 8
6 81 10
62 81 12
73 81 10
15 81 15
81 98 11
56 81 8
44 81 10
81 89 12
75 81 12
81 83 12
32 82 11
56 82 8
59 82 10
77 82 13
3 82 12
47 82 7
82 91 11
82 86 14
57 82 10
78 83 10
51 83 15
83 93 11
59 83 10
35 83 10
36 83 13
72 83 11
40 83 11
42 84 13
51 84 10
24 84 11
3 84 10
80 84 16
50 84 9
67 84 12
30 84 6
16 84 10
84 97 5
15 85 9
46 85 13
85 90 9
7 85 9
44 85 13
53 85 11
31 85 11
85 87 10
64 85 12
52 85 10
29 85 14
74 86 9
57 86 9
20 86 12
36 86 8
32 86 12
14 86 10
11 86 10
37 86 12
16 86 10
34 86 11
53 87 14
56 87 11
42 87 8
54 87 7
36 87 13
28 87 10
75 87 11
15 87 10
64 87 11
56 88 13
57 88 11
48 88 11
88 93 10
81 88 8
82 88 11
80 88 9
86 88 12
1 89 11
82 89 14
89 96 11
32 89 12
89 99 7
85 89 10
41 89 12
71 89 10
15 89 11
54 89 11
89 93 10
70 90 12
71 90 12
59 90 13
90 97 12
78 90 7
20 90 12
19 90 8
33 90 8
49 90 9
66 90 10
12 91 10
52 91 9
47 91 9
85 91 9
48 91 10
61 91 8
91 95 10
11 91 11
72 91 7
65 92 13
3 92 7
0 92 7
79 92 10
90 92 10
8 92 11
63 92 10
92 93 13
20 92 13
29 92 13
52 93 14
72 93 12
93 95 11
65 93 7
86 93 10
15 93 8
11 93 10
74 93 8
3 94 9
79 94 11
28 94 13
5 94 8
52 94 12
20 94 10
18 94 6
78 94 10
69 94 7
35 94 10
6 94 13
35 95 11
1 95 10
25 95 8
61 95 9
78 95 9
32 95 12
27 95 9
84 95 11
26 95 8
72 95 11
79 95 8
95 99 8
91 96 10
96 97 14
68 96 9
14 96 12
93 96 10
2 96 9
49 96 12
43 96 10
22 96 9
29 96 13
85 97 10
10 97 10
25 97 11
41 97 7
71 97 11
93 97 11
79 97 11
24 97 9
91 97 10
34 97 11
95 98 11
71 98 8
69 98 9
91 98 12
13 98 11
21 98 8
17 98 10
42 98 13
22 98 15
72 98 11
40 98 12
78 99 10
92 99 5
14 99 11
29 99 9
22 99 9
21 99 11
40 99 14
69 99 10
18 99 9
