100
0
1
7
6
8
7
4
5
9
2
4
6
9
1
8
7
9
8
5
1
5
3
2
7
3
4
5
10
10
10
8
4
7
6
5
6
2
4
10
8
2
10
5
1
6
5
8
2
4
9
3
3
4
3
1
8
8
2
8
9
6
8
9
4
4
8
3
8
4
5
10
10
4
4
4
3
7
9
8
7
2
5
3
8
4
9
8
6
8
3
8
10
8
9
3
2
5
4
5
1
0 50 11
0 53 9
0 22 13
0 1 7
1 49 11
1 55 7
1 7 9
1 91 12
2 54 10
2 97 11
3 50 11
3 90 11
4 92 10
4 40 8
5 49 12
5 42 9
5 52 11
5 26 12
1 6 8
6 27 10
6 9 10
6 64 10
7 79 9
7 45 12
7 17 10
7 93 10
8 34 11
8 83 9
8 77 14
9 45 12
9 23 13
9 61 9
9 19 11
10 77 9
10 80 10
10 88 9
11 65 11
11 91 8
11 54 12
12 61 11
12 35 8
12 44 12
13 71 12
13 94 11
13 81 11
13 33 12
14 73 13
14 19 10
14 30 9
14 96 12
14 61 13
4 15 10
15 59 11
15 27 12
15 67 13
16 42 11
17 27 7
17 62 13
18 45 9
18 85 14
18 65 9
18 93 11
18 87 9
19 53 11
19 31 9
19 51 10
19 92 9
20 54 12
17 20 5
20 74 10
21 49 12
21 65 11
11 22 9
22 73 13
22 25 9
23 64 10
23 86 12
24 46 11
24 93 11
24 30 14
25 29 8
4 25 9
13 25 11
19 25 9
25 28 11
12 26 10
26 30 10
26 59 12
27 64 13
22 27 11
27 44 16
27 99 8
27 33 8
28 51 11
28 93 9
28 86 10
29 99 10
10 29 6
27 29 7
30 58 12
30 32 11
31 42 9
31 87 8
7 31 11
32 78 8
21 32 14
32 60 9
33 66 12
33 71 11
33 39 12
33 77 9
18 34 9
3 34 13
34 78 10
34 48 8
35 65 11
35 51 10
4 35 14
21 35 12
36 97 10
10 36 12
36 99 10
36 61 12
13 37 12
37 56 15
37 59 12
28 38 10
38 80 11
38 73 13
31 38 13
39 69 9
39 80 10
39 45 10
32 40 11
8 40 12
41 99 14
41 45 10
11 41 10
42 91 13
29 42 9
2 42 11
24 42 9
43 65 13
26 43 13
43 69 12
0 44 11
44 90 12
25 45 10
35 45 10
16 45 9
23 45 9
45 93 8
46 80 11
46 71 12
8 46 11
45 47 10
47 48 8
25 47 12
47 52 11
48 73 7
48 72 10
6 48 9
48 53 10
49 55 8
19 49 14
50 52 9
29 50 13
50 93 10
27 50 11
50 56 8
41 51 12
29 51 9
30 52 13
37 52 12
2 52 10
53 89 8
41 53 10
54 63 12
43 54 14
54 65 15
54 86 10
43 55 11
0 55 11
55 73 14
55 56 13
6 56 7
4 56 12
56 67 11
13 56 10
57 68 8
57 75 8
55 57 9
57 95 7
3 58 10
58 63 12
34 58 13
30 59 6
59 66 9
59 96 12
60 75 13
60 71 12
28 60 12
61 64 10
55 61 11
15 62 8
63 70 9
59 63 12
5 63 12
13 63 10
26 64 12
64 67 9
64 95 10
64 98 10
12 65 7
65 91 12
65 83 10
23 65 11
66 78 13
46 66 11
30 66 10
6 67 10
52 67 11
10 68 11
68 69 10
69 76 10
54 69 11
69 87 8
1 70 11
49 70 10
71 81 8
59 71 11
19 72 9
46 72 12
68 72 11
58 72 11
28 73 11
37 73 13
73 80 8
13 74 11
26 74 11
30 74 12
10 75 11
75 96 7
75 89 12
72 75 8
38 76 10
76 94 8
76 93 8
9 77 13
77 87 10
77 91 8
33 78 9
78 85 8
60 78 9
79 97 11
63 79 10
2 79 11
69 80 10
80 84 9
56 80 10
49 80 11
43 80 10
1 81 10
81 83 10
73 82 13
31 82 12
82 96 12
19 82 14
26 83 11
6 83 12
34 83 11
0 83 12
48 84 11
82 84 12
33 84 10
57 84 12
12 84 12
55 85 11
32 85 10
77 85 11
3 86 10
48 86 8
25 86 10
10 87 10
41 87 11
87 90 10
55 87 8
88 99 13
70 88 8
12 88 9
13 89 12
76 89 14
89 95 14
71 90 11
62 90 12
73 90 11
90 95 11
72 91 11
49 91 7
9 91 9
53 91 13
90 92 11
15 92 11
60 93 9
93 94 9
88 94 13
63 94 8
25 94 12
95 98 9
81 95 8
36 96 8
11 96 6
38 96 11
15 97 13
75 97 7
74 98 9
32 98 7
58 98 8
62 98 9
13 99 11
89 99 11
