100
0
8
6
5
9
1
9
8
8
3
9
8
7
5
8
7
4
10
9
6
9
3
2
4
1
6
3
7
9
2
2
9
3
4
5
3
6
2
6
9
5
6
3
7
6
10
4
8
5
1
4
2
2
3
3
4
5
6
4
8
7
9
2
3
6
5
4
3
3
7
10
4
3
9
8
6
6
6
5
2
2
3
3
5
8
1
10
7
5
9
7
7
2
7
2
9
9
6
4
7
0 35 10
0 61 9
0 44 9
0 79 9
0 68 11
0 72 10
0 24 8
0 29 11
0 83 7
1 17 10
1 2 9
1 58 13
1 44 14
1 42 10
1 48 8
1 14 14
1 67 10
1 45 8
1 16 10
2 72 8
2 22 10
2 23 11
2 78 16
2 80 9
2 46 12
2 43 11
2 39 12
2 95 14
0 2 16
3 80 10
3 11 16
3 25 11
3 48 9
3 85 13
3 53 10
3 47 9
3 10 11
3 69 7
0 3 12
4 30 10
4 96 10
4 71 8
4 97 14
4 15 12
4 22 7
4 8 11
4 44 15
4 28 11
4 34 8
5 77 10
5 44 13
5 97 11
2 5 8
5 60 11
5 19 8
5 92 12
5 45 11
5 76 14
5 71 11
6 14 10
6 38 11
6 37 11
6 63 10
6 95 12
6 84 8
6 20 8
6 40 14
6 94 10
7 46 10
7 57 12
7 42 15
7 98 8
7 51 9
7 26 11
7 61 7
7 45 16
7 65 9
4 7 9
7 54 10
8 25 11
8 86 8
8 29 11
8 55 13
8 81 9
8 74 11
8 78 12
8 42 12
8 69 10
8 20 11
8 38 10
9 89 9
9 43 10
9 12 13
9 84 12
9 26 10
5 9 10
9 36 6
9 32 8
10 32 10
10 96 11
10 92 14
10 17 14
10 78 9
10 16 12
10 51 10
10 34 10
10 23 8
11 57 10
11 63 12
11 81 11
11 23 12
11 41 9
11 42 8
11 91 11
11 92 13
12 16 11
12 98 7
12 65 7
12 41 10
12 46 10
12 15 7
12 97 11
12 95 12
12 30 14
12 89 10
12 74 12
12 20 11
13 70 11
13 60 14
13 69 12
13 35 12
13 47 11
13 37 11
11 13 12
1 13 12
13 66 11
4 13 10
5 13 7
14 88 9
14 80 14
14 21 11
14 75 12
14 81 8
14 73 14
14 72 11
14 68 12
14 55 13
14 30 14
15 92 12
15 99 4
2 15 15
15 93 11
15 30 14
15 54 10
15 40 10
1 15 7
15 58 13
16 78 11
16 44 9
16 56 10
7 16 11
16 47 7
16 99 8
6 16 10
16 45 10
16 54 10
16 48 11
17 60 9
17 33 10
17 63 10
14 17 13
17 36 6
17 38 12
17 67 11
17 71 12
17 79 11
17 69 13
17 78 11
18 93 11
18 79 8
18 46 9
18 44 12
18 85 11
18 56 13
18 47 9
18 53 5
18 55 10
18 36 9
15 19 10
19 45 12
19 44 11
9 19 11
19 55 12
19 84 11
17 19 11
19 57 10
19 36 13
5 20 10
20 28 9
20 30 9
20 59 11
20 71 8
20 56 9
20 50 9
20 74 10
20 90 13
11 20 11
20 36 9
21 53 12
21 89 13
21 35 11
5 21 9
3 21 7
21 29 12
21 34 7
21 66 10
17 21 10
22 48 11
22 40 7
6 22 11
12 22 12
22 44 10
22 63 8
22 43 10
22 73 13
22 68 8
23 32 11
23 50 11
18 23 10
20 23 13
23 87 10
22 23 9
23 72 15
23 26 9
23 58 11
24 39 12
24 55 15
16 24 8
24 28 9
24 51 12
23 24 11
24 83 10
24 42 11
24 33 12
24 86 7
25 94 10
25 64 8
25 91 10
25 57 10
25 69 11
25 58 8
16 25 11
25 46 7
25 53 18
0 25 11
26 41 11
26 63 11
26 97 10
26 88 9
26 83 11
26 30 8
26 54 10
26 57 8
1 26 13
26 31 11
26 27 11
9 27 11
18 27 10
25 27 12
27 61 12
13 27 8
27 93 12
27 30 11
27 38 9
27 59 16
28 85 12
28 55 11
25 28 7
28 50 7
28 37 10
28 38 5
27 28 8
28 40 10
28 95 14
28 39 11
29 41 11
29 54 12
5 29 15
4 29 8
29 69 12
16 29 13
29 93 12
29 44 9
29 86 9
11 29 9
30 41 7
30 86 5
30 80 7
30 35 11
13 30 10
30 58 10
30 67 11
30 82 8
30 94 10
31 58 12
2 31 11
31 56 10
31 96 10
31 75 10
31 54 12
4 31 8
17 31 8
31 67 12
31 76 10
32 37 10
32 46 9
32 92 11
32 95 11
12 32 11
5 32 14
32 63 10
32 40 10
32 71 10
33 98 11
33 83 15
33 58 9
33 53 9
22 33 8
33 49 8
33 79 14
33 59 11
33 64 11
33 65 13
23 34 10
34 86 10
30 34 12
34 40 10
34 60 12
34 67 11
34 37 9
7 34 8
34 55 9
32 35 7
35 41 9
3 35 11
35 37 10
35 79 10
24 35 11
35 62 10
35 99 10
35 47 11
35 97 11
34 35 8
12 36 6
36 49 12
24 36 13
21 36 9
36 76 4
30 36 12
2 36 11
36 98 11
36 71 11
0 37 10
37 76 8
37 53 10
37 74 8
37 91 10
37 80 10
37 54 8
37 86 11
3 37 9
37 50 11
38 42 9
38 83 12
25 38 14
38 72 8
38 68 11
38 60 10
38 54 14
15 38 11
38 43 12
39 44 12
39 59 11
39 90 10
38 39 11
20 39 10
35 39 11
39 91 12
10 39 10
39 75 6
40 82 11
40 64 9
40 52 11
40 83 8
40 46 13
40 59 12
19 40 11
40 75 9
4 40 11
39 40 12
32 41 10
41 77 10
41 46 11
41 49 10
41 45 13
15 41 12
41 53 12
41 54 7
41 42 12
41 79 13
6 42 11
42 57 9
42 65 10
42 98 11
42 69 10
42 68 10
42 95 8
18 42 12
42 92 13
20 42 12
43 87 12
43 90 9
43 79 9
43 86 16
41 43 8
27 43 13
43 93 10
43 51 13
43 94 7
44 48 10
44 98 9
44 50 9
40 44 10
44 89 7
28 44 10
43 44 13
8 44 8
44 69 9
44 74 10
38 44 13
45 70 10
45 65 10
45 58 12
45 84 14
6 45 12
13 45 14
45 53 11
45 95 11
29 45 11
45 81 9
46 66 13
46 99 11
28 46 9
46 70 11
46 68 8
46 51 13
30 46 11
27 46 13
36 46 9
46 55 11
46 82 11
47 53 12
45 47 8
21 47 10
22 47 9
14 47 10
47 86 9
26 47 11
47 96 12
47 58 13
47 82 11
48 95 10
48 67 11
20 48 15
33 48 12
37 48 9
48 84 10
19 48 11
48 86 8
27 48 13
49 94 10
49 58 11
42 49 12
49 85 9
29 49 16
23 49 11
44 49 8
28 49 10
49 74 8
4 49 9
49 89 8
33 50 8
50 92 12
50 68 10
48 50 9
50 86 13
50 98 6
11 50 12
27 50 7
25 50 10
50 52 8
1 51 10
51 67 9
23 51 11
51 98 11
28 51 9
51 85 11
27 51 7
47 51 7
51 58 11
52 97 13
21 52 12
39 52 15
52 53 11
29 52 13
52 55 8
42 52 10
52 77 11
25 52 8
53 66 11
10 53 12
46 53 10
53 93 11
53 79 11
30 53 6
53 90 10
17 53 12
53 63 11
53 56 11
54 92 10
54 58 12
49 54 10
54 71 11
45 54 9
54 73 12
54 97 9
24 54 11
54 59 10
27 54 11
55 90 7
55 99 13
55 92 12
40 55 10
11 55 12
55 91 12
25 55 13
47 55 12
15 55 8
55 72 8
11 56 13
55 56 16
2 56 9
27 56 11
56 67 10
21 56 11
56 85 11
56 65 11
56 92 11
57 72 12
57 95 12
31 57 9
57 96 13
57 75 12
28 57 13
57 65 11
44 57 12
51 57 8
57 69 11
58 70 10
5 58 10
56 58 11
58 59 7
58 60 11
58 84 13
58 91 8
58 87 14
44 58 13
57 58 9
17 59 11
49 59 11
22 59 7
6 59 8
59 67 7
23 59 11
4 59 8
52 59 9
59 66 10
48 59 12
59 72 10
1 60 10
0 60 7
60 86 11
14 60 8
60 98 9
19 60 11
60 62 12
60 80 9
28 60 13
60 71 11
15 61 10
61 82 7
58 61 10
10 61 9
36 61 9
61 94 5
38 61 9
61 62 9
28 61 9
38 62 8
33 62 12
49 62 11
0 62 8
62 98 8
6 62 8
62 86 12
43 62 7
37 62 10
62 72 9
63 80 9
63 81 9
63 67 14
39 63 9
62 63 11
23 63 11
44 63 10
63 87 10
63 82 10
64 69 11
64 82 10
64 76 6
11 64 12
39 64 10
29 64 12
48 64 8
16 64 12
8 64 11
6 64 8
5 65 14
37 65 14
65 79 7
24 65 8
61 65 10
65 71 9
32 65 11
39 65 10
66 84 9
66 81 8
62 66 10
11 66 14
0 66 11
36 66 14
45 66 13
24 66 13
66 77 6
64 67 10
67 87 11
47 67 6
25 67 11
40 67 9
67 71 5
45 67 9
20 67 11
11 67 13
26 67 13
8 67 10
29 68 9
68 88 12
45 68 7
19 68 9
32 68 10
68 96 9
16 68 9
49 68 10
54 68 10
39 68 8
4 69 10
58 69 11
24 69 9
41 69 11
2 69 10
26 69 10
61 69 8
34 69 12
68 69 10
62 69 9
70 90 13
67 70 7
6 70 11
26 70 14
19 70 12
68 70 12
14 70 10
12 70 13
70 79 11
31 70 12
5 70 13
71 92 9
66 71 7
35 71 11
71 85 8
69 71 8
24 71 13
71 91 10
46 71 7
38 71 9
1 71 11
56 72 13
11 72 10
72 75 10
8 72 13
49 72 12
72 92 13
39 72 14
72 82 10
9 72 10
72 98 13
73 88 13
73 98 4
16 73 8
12 73 10
62 73 12
73 95 7
9 73 11
52 73 8
46 73 10
66 74 12
61 74 8
74 86 8
23 74 9
74 98 10
33 74 11
0 74 10
2 74 9
46 74 11
74 81 11
13 75 9
75 82 11
1 75 9
75 83 10
28 75 13
43 75 13
0 75 7
75 77 11
35 75 10
43 76 8
42 76 9
2 76 13
76 82 9
76 83 8
30 76 14
14 76 13
68 76 8
76 90 15
76 79 8
77 79 12
33 77 9
77 91 10
26 77 10
4 77 7
74 77 8
77 97 9
8 77 12
23 77 9
48 77 8
78 94 10
78 88 7
32 78 11
23 78 8
72 78 10
12 78 15
78 91 11
78 96 14
31 78 9
41 78 12
63 78 13
40 79 9
3 79 12
79 96 6
42 79 9
56 79 10
13 79 13
67 79 9
79 82 10
58 79 12
39 79 12
28 80 10
47 80 8
36 80 11
27 80 11
31 80 12
80 82 11
80 85 10
17 80 6
81 85 8
25 81 14
81 94 10
81 98 9
69 81 11
0 81 10
48 81 10
53 81 11
18 81 11
81 90 13
53 82 14
5 82 13
21 82 7
31 82 10
18 82 12
66 82 10
59 82 10
68 82 10
35 82 9
82 95 10
57 83 9
53 83 10
41 83 9
78 83 7
37 83 11
21 83 11
73 83 9
34 83 13
58 83 9
68 83 10
11 84 9
23 84 11
55 84 11
49 84 8
30 84 12
83 84 9
43 84 11
81 84 14
85 91 12
73 85 7
0 85 11
43 85 9
44 85 12
85 95 11
30 85 8
85 99 16
75 85 10
39 85 10
4 85 5
68 86 13
2 86 8
86 97 11
10 86 11
39 86 12
15 86 9
59 86 11
22 86 10
64 86 11
80 87 12
32 87 11
2 87 9
64 87 7
8 87 8
7 87 9
61 87 5
87 89 11
87 95 8
14 87 10
87 90 8
48 88 10
11 88 9
17 88 8
52 88 10
39 88 10
31 88 8
88 89 10
4 88 7
6 88 9
20 88 11
51 88 12
78 89 11
89 99 9
56 89 10
46 89 11
24 89 8
17 89 11
6 89 11
70 89 11
10 89 12
54 90 13
82 90 8
77 90 10
34 90 13
85 90 8
9 90 10
33 90 14
58 90 10
19 90 8
8 90 10
68 91 10
46 91 13
22 91 10
51 91 12
73 91 10
56 91 12
91 92 7
14 91 10
32 91 9
18 92 10
58 92 11
17 92 12
73 92 6
81 92 11
3 92 12
41 92 9
88 92 9
92 94 11
76 92 9
24 93 11
93 94 12
54 93 11
70 93 11
84 93 8
93 99 12
17 93 12
69 93 12
19 93 8
58 93 13
23 94 10
84 94 11
37 94 7
14 94 12
34 94 7
69 94 10
27 94 6
46 94 9
58 94 14
48 94 10
39 95 15
9 95 11
30 95 12
88 95 10
49 95 11
61 95 9
86 95 9
25 95 8
17 95 10
31 95 11
15 96 11
37 96 10
55 96 13
18 96 12
89 96 12
86 96 9
67 96 13
94 96 12
30 96 13
7 96 10
3 97 11
48 97 14
67 97 8
34 97 11
82 97 10
73 97 10
46 97 12
85 97 9
45 97 13
91 97 9
54 98 13
27 98 11
0 98 10
16 98 4
29 98 11
78 98 5
20 98 9
56 98 13
47 98 11
49 98 13
67 99 13
75 99 11
9 99 10
77 99 16
30 99 10
43 99 9
40 99 11
27 99 9
5 99 12
71 99 7
61 99 10
90 99 9
