1000
0
9
7
5
7
9
7
3
5
8
1
2
1
7
2
2
3
10
9
2
6
2
4
9
5
9
4
8
1
6
7
8
7
7
6
7
10
5
9
5
8
8
6
5
2
4
10
1
5
6
4
4
2
3
8
2
9
8
3
3
7
2
3
3
4
4
4
3
3
5
2
10
5
4
7
6
3
8
6
4
3
7
5
5
7
2
5
1
2
2
5
4
5
2
10
7
2
3
3
8
8
5
9
3
10
7
6
1
3
6
10
10
4
4
5
6
6
5
9
7
8
1
6
10
10
10
6
8
1
4
9
5
6
2
5
3
4
4
4
10
5
3
9
3
1
7
8
6
2
9
6
6
8
9
4
6
2
8
2
9
9
8
1
5
3
2
6
10
9
1
6
7
9
8
5
3
3
8
3
6
3
4
5
6
7
4
9
9
5
3
2
6
5
4
8
2
6
4
5
9
9
8
7
4
2
1
3
1
5
1
4
7
3
9
4
3
8
3
6
6
3
8
2
7
9
5
5
9
4
9
5
3
8
5
7
7
6
6
5
8
9
9
8
9
1
1
5
9
1
10
8
4
7
2
3
3
5
1
6
8
6
5
8
2
7
5
9
5
6
3
9
3
9
8
4
1
6
5
8
2
10
7
2
9
9
6
4
3
7
7
2
3
3
2
5
2
4
8
8
9
7
5
2
9
8
9
8
7
10
1
7
9
6
5
5
10
5
10
2
8
8
9
3
5
4
3
1
2
5
7
5
5
6
8
4
5
6
6
5
1
9
2
5
3
9
3
7
4
7
4
5
5
6
9
4
5
8
6
8
4
1
3
9
7
8
2
2
7
9
4
3
8
4
7
4
10
2
4
10
8
8
5
2
8
2
4
8
8
10
5
3
7
5
2
6
7
4
7
7
4
2
5
4
7
1
2
7
5
8
2
3
2
3
3
6
6
5
9
8
4
6
8
8
6
4
4
8
8
8
8
2
1
10
1
2
8
2
8
2
1
6
8
2
5
3
4
3
3
6
2
9
10
4
10
8
2
6
2
4
8
4
4
10
3
3
6
5
5
4
7
8
7
7
8
9
7
7
2
9
3
6
10
6
6
2
8
3
10
2
5
4
5
5
7
4
9
2
9
3
9
4
3
5
3
3
9
5
4
6
4
2
7
7
9
2
8
4
7
5
4
2
9
8
7
3
4
1
2
8
4
2
3
8
5
5
2
8
1
8
8
9
2
4
3
3
2
1
6
2
2
8
1
10
4
8
5
8
9
4
8
6
5
9
4
2
6
5
5
1
5
10
8
3
8
5
7
7
2
5
4
1
4
5
2
8
8
8
4
7
7
1
2
5
8
5
6
3
8
6
7
1
4
4
8
1
5
3
6
2
5
9
10
8
4
6
1
7
9
8
5
7
6
2
2
1
8
9
1
5
1
7
1
9
6
4
8
5
2
2
7
5
6
6
6
2
5
5
9
1
5
3
5
2
10
9
9
2
6
6
2
2
2
9
7
2
10
7
3
4
7
2
7
4
5
5
2
5
9
10
10
7
2
1
5
2
2
6
3
8
8
1
6
10
6
8
5
3
7
6
3
8
3
2
9
10
6
8
4
10
9
8
9
1
7
4
5
10
9
3
5
3
4
4
6
5
8
9
9
5
10
1
3
7
8
7
7
6
9
8
4
8
4
6
4
6
6
7
2
1
3
4
7
6
4
10
2
5
9
4
8
7
10
8
10
9
8
5
2
7
3
8
6
1
2
2
7
5
1
7
4
6
2
6
2
9
9
2
8
10
9
9
9
4
4
5
3
1
6
5
6
3
10
10
8
7
5
2
6
2
9
8
4
2
3
3
3
2
7
1
7
4
7
4
2
3
6
5
9
10
2
4
1
2
4
6
2
7
6
6
10
3
3
1
5
9
8
4
4
7
2
5
7
6
5
3
6
5
3
3
2
7
9
4
3
4
5
9
6
5
8
8
6
2
2
2
4
5
7
4
5
4
2
6
6
7
10
7
9
10
3
3
6
3
4
5
5
6
6
6
6
9
5
8
8
4
10
1
7
5
9
6
3
7
5
5
1
2
3
2
7
6
8
6
10
5
6
4
2
5
1
9
5
9
3
8
6
8
4
3
10
9
4
6
2
6
6
3
6
4
9
2
7
4
9
7
4
5
8
6
9
5
3
2
1
7
6
7
3
10
5
7
10
3
8
5
6
1
3
5
2
4
3
2
10
7
2
8
10
5
9
8
10
5
6
10
8
3
7
6
9
0 18 9
0 253 7
0 882 13
0 573 14
0 869 11
1 989 10
2 52 9
2 634 9
2 199 8
2 783 10
3 133 10
3 538 11
3 808 9
3 478 15
3 346 11
4 983 9
4 941 12
4 54 11
5 245 12
5 949 8
6 328 12
6 997 7
6 323 8
6 117 13
7 352 11
7 51 8
8 183 10
8 167 8
8 95 13
8 716 12
9 856 8
9 130 8
9 401 9
9 34 13
9 14 8
5 10 11
10 645 12
10 298 10
11 799 10
11 666 8
11 847 6
11 340 7
11 305 13
12 910 11
12 191 10
12 238 7
13 953 10
13 938 7
13 268 7
14 332 7
15 238 11
15 401 10
15 116 9
16 881 10
16 486 12
17 211 13
17 691 9
17 659 8
17 239 9
18 80 8
18 810 10
18 755 9
19 887 11
19 989 13
19 785 13
20 420 11
21 235 10
21 37 13
21 461 9
22 862 9
22 430 13
22 991 7
22 493 12
23 862 13
23 619 15
23 268 13
24 350 12
24 880 10
24 134 13
24 916 10
25 118 13
25 761 13
25 698 13
25 852 14
26 199 11
26 905 7
26 957 10
27 925 10
27 325 8
23 27 11
27 112 8
28 457 11
28 634 8
28 300 11
29 631 7
29 114 8
29 391 12
29 276 8
30 190 11
30 307 5
30 873 9
30 533 10
31 371 13
31 590 10
31 398 8
32 294 10
32 585 11
33 987 11
33 828 7
34 697 15
34 958 10
34 350 12
35 675 11
35 817 13
36 823 10
36 642 12
37 400 14
37 231 8
37 286 7
37 669 10
38 121 8
38 459 10
38 988 11
39 267 12
39 778 10
39 768 8
40 135 11
40 739 11
41 611 12
41 723 9
42 339 8
42 963 10
42 950 9
2 42 10
43 930 11
44 537 12
45 91 9
45 176 7
45 793 9
45 799 13
46 854 12
46 924 10
47 122 11
48 704 8
48 699 11
48 923 11
48 155 14
49 301 10
49 476 11
49 242 9
50 997 12
50 425 10
50 275 12
51 979 11
51 479 11
51 539 10
52 512 8
52 935 12
52 152 7
53 535 12
53 341 9
53 100 11
53 686 14
54 726 9
54 805 13
54 580 12
55 747 7
55 614 8
55 523 11
56 872 5
56 388 10
56 615 11
56 511 11
56 850 10
57 894 8
57 98 11
57 564 12
58 180 14
58 322 8
58 967 11
58 949 9
58 767 7
59 874 7
59 394 9
49 59 7
59 278 9
60 291 10
60 507 13
60 199 10
60 774 7
61 504 9
61 752 9
61 923 12
62 731 15
62 234 9
62 464 7
63 671 10
63 732 10
63 199 13
64 597 9
64 689 12
64 175 10
65 119 10
65 938 9
20 65 9
66 435 11
66 615 10
66 766 11
67 376 8
67 636 10
67 547 7
67 616 13
67 994 14
68 447 10
68 623 12
69 556 9
69 596 11
69 546 12
70 822 11
70 901 11
70 377 9
71 79 7
72 774 9
72 859 9
72 162 14
73 121 9
73 183 12
74 361 6
74 541 11
75 998 11
3 75 8
75 648 12
75 661 11
34 76 12
76 225 11
76 309 6
76 976 9
76 448 12
77 603 8
77 486 9
78 528 13
78 609 8
78 323 11
79 150 9
80 264 11
80 120 9
80 981 10
80 881 9
81 633 10
81 238 11
82 737 9
2 82 9
38 82 13
83 850 10
9 83 12
83 206 9
83 769 11
84 220 9
84 306 13
85 503 13
86 820 12
86 954 12
64 86 9
87 683 10
87 535 10
87 756 8
88 266 9
88 706 12
88 236 9
61 88 10
88 825 11
89 939 10
89 635 11
90 394 11
90 986 13
41 90 9
91 488 12
91 366 9
91 655 12
91 548 13
92 493 10
92 617 13
92 500 8
93 182 12
93 301 11
93 438 11
85 93 11
93 152 11
94 137 11
53 94 9
95 214 8
95 467 9
21 95 10
95 868 7
96 838 9
80 96 7
96 343 12
96 425 10
97 595 11
97 543 6
98 211 9
98 280 12
98 664 8
99 120 11
99 470 10
100 817 12
100 136 13
100 178 11
101 839 7
101 769 9
101 952 13
102 835 12
102 312 10
102 105 11
103 531 10
103 134 10
103 163 13
104 339 9
104 398 13
104 154 13
105 440 7
105 392 12
106 574 9
106 629 9
106 427 10
93 107 9
107 943 11
107 311 13
21 107 15
6 108 15
108 174 8
109 958 10
109 829 12
109 641 12
110 428 11
110 373 9
110 574 8
110 193 11
111 859 11
111 487 13
111 837 14
112 566 12
112 420 13
113 908 10
113 371 13
113 812 13
113 190 9
114 927 11
114 642 9
88 114 12
114 329 10
115 411 12
115 788 15
115 511 14
116 825 8
116 247 9
117 881 11
117 471 10
118 422 9
118 607 11
118 853 9
118 457 11
21 118 10
119 575 13
120 715 8
120 997 12
120 882 9
120 650 12
121 757 10
121 156 10
122 666 10
122 997 9
122 806 12
123 558 13
94 123 11
124 618 11
124 924 10
124 587 10
125 293 11
125 997 9
125 747 11
126 742 9
126 177 9
126 792 11
126 611 11
127 855 8
127 872 12
128 773 8
128 405 10
128 779 10
128 663 13
128 987 10
129 645 12
129 636 12
129 717 10
130 200 12
130 442 6
130 339 12
130 558 12
131 968 9
131 315 11
45 131 10
132 315 10
132 156 10
132 747 12
132 893 11
133 229 14
133 999 11
133 614 10
119 133 10
134 308 12
134 756 9
134 503 10
134 540 12
38 135 10
105 135 10
54 135 12
135 985 8
136 648 12
23 136 8
68 136 11
137 187 8
137 472 12
137 965 11
138 641 10
138 164 8
138 289 9
139 605 9
139 530 12
139 174 10
140 330 13
44 140 7
140 251 12
141 954 13
5 141 10
142 633 13
142 315 11
142 671 13
143 860 11
49 143 7
143 688 9
144 876 6
144 380 9
144 666 10
144 615 3
144 269 9
144 177 9
145 197 12
145 502 11
24 145 11
146 236 9
146 662 6
146 873 8
146 398 11
147 255 11
56 147 10
147 611 11
44 148 10
148 646 12
149 883 12
149 305 6
99 149 12
150 671 9
150 862 13
151 163 10
151 667 10
151 928 11
152 406 11
55 152 12
32 152 8
153 528 12
153 605 11
153 315 9
153 907 12
62 153 9
154 867 13
154 836 7
154 960 11
154 343 10
155 280 9
155 366 12
155 925 10
155 342 9
156 447 8
156 542 9
156 761 9
157 307 15
157 905 10
158 582 13
158 444 10
159 898 11
160 855 10
160 559 13
124 160 10
85 161 8
161 827 11
161 698 11
161 885 12
162 474 11
163 771 11
163 296 8
164 310 11
165 983 9
165 655 14
98 165 10
166 254 11
166 375 12
166 813 9
167 233 14
167 229 10
168 334 12
168 927 8
169 207 10
169 632 12
169 497 11
170 530 12
170 238 13
170 669 10
121 171 12
123 171 10
172 390 15
172 506 7
172 923 9
172 901 13
173 247 11
173 767 13
173 635 12
174 672 10
174 338 12
174 730 14
73 175 9
175 392 11
176 216 10
176 384 12
171 176 10
177 720 11
177 927 14
177 607 10
154 177 13
67 178 11
80 178 13
179 673 10
179 387 13
179 347 10
159 180 10
180 954 8
180 915 12
181 274 12
181 379 12
100 181 12
181 450 15
182 430 10
182 754 7
182 464 8
183 209 8
57 183 8
183 433 11
184 999 9
184 190 10
184 244 11
42 185 9
84 185 9
185 900 12
185 220 13
186 982 9
186 889 8
186 288 6
187 969 12
187 828 12
46 187 10
188 629 9
188 700 11
188 741 13
189 959 12
125 190 12
190 618 10
190 583 11
191 452 12
191 410 10
61 192 10
192 814 13
193 600 13
112 193 9
193 214 9
193 987 13
194 785 12
116 194 9
194 570 7
195 966 11
163 195 14
195 441 11
72 195 12
196 279 11
196 834 10
196 813 8
196 307 9
197 566 10
197 351 9
197 840 11
197 385 11
197 405 12
198 372 9
134 198 10
120 198 11
198 538 9
199 443 12
46 199 11
199 636 12
199 211 13
200 734 10
119 200 15
200 929 12
200 274 10
200 520 10
201 837 10
201 253 13
201 772 12
202 251 9
202 240 13
202 481 14
203 770 8
204 904 8
204 378 9
204 235 11
205 461 9
205 629 10
206 962 11
206 527 8
206 682 11
207 911 12
207 264 11
207 984 12
208 402 5
208 307 12
208 793 9
208 919 10
165 209 12
57 209 10
56 209 15
181 209 12
209 599 8
210 748 10
210 974 10
210 932 9
82 210 12
210 488 10
211 311 11
211 521 14
212 699 11
212 340 10
212 755 15
213 462 11
213 925 8
169 213 14
213 961 10
214 505 12
92 214 9
214 252 11
215 356 11
215 505 13
215 508 9
215 221 11
216 516 6
216 319 8
216 969 7
217 858 11
217 398 7
218 297 13
198 218 8
219 490 11
220 557 12
220 696 9
220 567 10
221 233 11
114 221 12
221 999 13
222 882 12
222 770 13
218 223 11
223 970 12
223 880 13
224 246 14
76 224 8
50 224 12
141 224 11
225 934 8
225 418 11
225 931 11
225 944 12
187 226 11
226 331 10
226 323 11
74 226 11
227 894 14
227 938 13
227 616 13
214 228 12
228 556 12
228 634 10
139 229 9
229 647 14
229 629 11
230 270 8
230 495 8
230 314 8
230 937 14
125 230 11
231 809 7
231 576 10
231 937 12
231 746 10
232 396 11
232 313 12
232 638 9
233 700 7
233 769 15
234 250 13
234 652 9
234 897 8
36 234 11
51 235 8
235 371 14
235 539 5
236 696 9
236 265 9
236 413 9
203 237 12
237 630 11
237 950 11
195 237 11
238 963 10
238 280 9
238 588 12
181 238 6
239 285 9
239 664 12
239 463 13
239 688 9
240 986 10
240 660 12
240 688 12
241 482 10
84 241 11
242 964 10
242 873 13
242 406 7
183 243 11
243 916 9
243 373 9
243 414 12
114 244 12
244 725 13
244 920 10
244 942 12
245 967 9
245 932 11
245 743 8
246 286 12
246 980 9
246 328 10
24 247 10
247 680 11
183 247 7
247 803 11
247 637 10
248 453 12
248 732 9
249 396 9
180 249 8
250 578 11
250 670 6
12 250 11
250 998 12
250 779 12
251 654 11
251 373 12
252 565 9
235 252 10
179 252 7
253 501 11
253 518 9
253 400 13
254 368 9
254 988 9
248 254 12
255 515 9
255 865 16
255 674 11
255 494 12
256 632 5
256 987 11
256 590 11
256 677 10
256 341 10
257 650 9
257 845 12
257 652 7
257 358 10
257 849 10
258 313 9
258 593 14
258 499 9
5 258 11
258 646 11
259 802 13
259 290 12
259 879 10
260 797 15
260 266 13
131 261 9
261 694 15
261 563 11
262 668 14
262 754 11
262 467 12
263 781 12
154 263 8
263 790 13
263 706 11
264 917 10
265 684 10
265 351 13
88 265 12
266 549 12
266 401 10
266 887 10
267 965 9
267 941 12
267 404 13
268 775 15
268 576 13
268 634 10
268 976 8
268 298 10
268 269 8
269 897 8
270 816 10
245 270 9
270 429 10
271 651 11
110 271 14
271 853 17
272 312 10
272 746 9
272 886 12
273 923 10
208 273 10
273 860 11
273 935 9
199 274 11
274 714 10
274 357 12
274 833 13
73 275 13
275 877 8
276 907 12
277 720 10
277 657 11
277 716 14
171 278 14
278 869 12
278 319 4
133 278 11
279 752 11
279 919 14
280 383 9
280 862 11
280 746 12
281 300 11
281 744 11
282 775 9
282 344 8
28 282 13
128 283 8
284 952 13
283 284 13
284 618 7
285 483 10
285 405 11
285 546 11
285 286 10
228 285 13
286 297 6
286 751 12
286 571 14
286 330 8
287 524 7
287 381 10
287 440 12
288 413 10
216 289 8
229 289 11
289 606 10
290 311 8
290 469 8
290 326 13
290 514 7
291 362 10
292 482 12
90 292 9
292 647 9
293 846 9
293 892 12
293 466 12
293 634 10
294 541 11
294 993 9
295 858 12
295 976 7
231 295 10
263 295 11
218 295 9
296 473 11
296 355 8
296 316 10
141 296 10
297 436 8
297 932 11
173 298 10
298 889 7
32 298 11
44 299 11
299 763 9
299 641 9
31 299 11
204 300 11
300 893 8
300 562 9
301 690 12
216 302 11
302 585 13
302 600 8
303 867 7
303 984 9
304 780 11
304 844 13
152 304 9
32 305 6
305 337 13
81 305 10
305 817 10
306 853 11
306 551 9
306 365 12
107 306 10
307 524 11
251 307 12
307 843 11
308 888 11
308 723 11
309 392 8
309 704 16
293 310 8
310 752 9
310 699 11
268 311 11
311 545 11
311 682 8
312 674 13
312 483 10
312 517 11
312 350 10
313 620 15
262 313 12
313 653 12
314 594 8
314 435 10
240 314 9
167 315 10
315 917 11
315 970 8
315 452 10
316 753 10
316 443 11
316 346 9
84 316 9
316 609 10
230 317 10
289 317 10
317 533 14
318 858 14
208 318 9
318 343 13
283 318 12
319 349 8
273 319 10
319 408 12
176 320 9
320 452 12
194 320 12
103 321 6
321 763 10
321 446 10
322 840 7
323 568 10
323 965 11
192 323 12
324 716 7
324 758 9
73 324 12
325 396 10
283 325 12
107 325 8
326 929 14
326 564 11
241 326 10
272 327 5
327 976 14
211 327 14
328 738 14
328 550 13
328 928 11
38 328 12
329 469 9
222 329 11
329 591 8
135 330 12
327 330 10
330 549 9
331 885 9
331 735 10
332 336 12
332 932 7
332 471 10
332 742 7
333 724 12
333 349 9
334 924 8
334 748 8
335 394 9
39 335 12
335 403 6
336 824 11
336 403 12
337 950 11
337 670 9
337 850 11
337 685 14
338 354 9
30 338 10
291 338 12
69 338 12
339 985 7
339 345 10
339 588 11
63 339 10
104 340 8
340 655 11
340 712 13
341 465 8
263 341 13
341 497 10
341 642 12
265 342 8
116 342 12
343 890 9
343 896 11
32 343 12
158 343 11
244 343 11
67 344 4
344 741 13
345 432 10
317 345 9
95 345 11
346 745 10
69 346 8
346 558 12
347 604 7
347 521 10
347 445 10
263 348 5
348 545 10
18 348 10
349 472 13
349 511 8
349 449 8
121 350 9
350 386 9
350 663 10
43 351 11
351 710 8
347 351 10
41 352 10
18 352 13
205 353 8
143 354 15
226 354 12
127 354 12
354 487 7
355 839 11
247 355 13
355 451 8
64 355 15
280 355 9
144 355 12
356 491 10
325 356 11
356 921 9
321 356 7
357 742 10
123 357 9
357 608 11
197 357 8
209 357 8
127 358 14
81 358 10
359 561 12
359 789 11
359 438 9
268 359 13
196 360 8
360 510 10
207 360 13
360 489 9
316 360 11
361 537 10
218 362 10
362 568 10
362 613 11
200 362 14
363 974 10
363 536 7
363 572 9
364 538 10
365 379 9
19 365 10
365 645 12
352 366 9
367 691 7
7 367 10
310 367 10
367 766 7
368 437 11
1 368 7
84 368 9
369 732 10
369 568 12
369 981 15
220 369 9
370 849 10
370 775 10
370 392 11
370 941 9
291 370 12
371 933 10
67 371 9
362 371 10
372 848 12
372 397 10
373 719 7
88 373 9
373 482 10
165 374 7
374 865 12
374 502 13
35 375 13
375 524 10
375 672 12
68 376 10
3 376 9
377 770 9
377 863 9
377 746 12
247 377 12
207 378 10
40 378 7
379 458 6
379 708 11
379 944 11
380 676 8
380 390 9
324 380 9
106 381 11
381 782 10
150 382 12
382 827 10
382 593 9
383 587 11
383 769 14
324 383 13
383 525 10
241 384 11
384 555 8
176 385 12
108 385 11
385 936 7
386 423 7
110 386 9
176 386 9
386 910 11
387 752 11
269 387 10
387 992 15
242 388 11
388 634 14
208 388 9
379 389 13
389 539 11
389 766 11
389 772 8
171 390 11
360 390 10
390 849 12
63 391 12
391 894 12
80 391 10
392 632 12
259 392 8
392 932 10
392 910 6
162 393 11
393 719 12
115 393 10
393 821 14
394 562 11
394 448 11
32 394 9
395 594 8
395 404 8
20 395 9
132 396 10
396 419 10
397 695 12
169 397 13
224 398 14
367 398 8
399 444 15
400 932 10
288 400 11
400 679 10
26 401 10
401 883 10
401 471 13
402 405 8
126 402 11
394 403 11
403 896 8
403 653 8
403 590 9
152 404 8
404 597 13
404 798 8
404 925 11
204 404 4
191 405 9
356 405 12
406 475 10
406 587 12
406 414 12
163 407 16
303 407 9
407 741 9
408 718 13
408 475 14
70 409 7
250 409 12
409 951 9
278 410 11
410 711 9
70 410 9
411 780 12
411 680 14
59 411 9
355 411 12
412 647 10
412 682 11
413 542 11
413 521 13
413 415 10
414 963 14
414 712 9
414 432 12
60 415 9
415 727 11
415 521 9
416 987 11
48 416 9
417 849 8
417 698 6
159 417 9
418 828 14
100 418 8
419 910 8
420 492 8
308 420 11
420 991 8
420 505 11
420 717 10
246 421 11
43 421 13
421 781 9
422 468 11
359 422 10
328 422 8
422 914 11
423 834 11
68 423 13
424 511 13
424 502 10
424 631 14
425 685 11
425 525 10
365 425 17
425 790 10
295 426 12
426 790 10
80 427 11
355 427 12
427 836 10
427 503 13
415 428 10
24 428 12
225 428 13
429 477 12
429 955 7
147 429 10
298 429 10
226 430 9
430 481 8
242 430 9
430 515 10
207 430 14
216 431 11
432 652 13
432 475 7
13 433 13
267 433 12
433 632 15
434 503 8
434 519 11
434 919 9
435 796 6
435 567 14
435 788 9
435 823 8
436 717 8
436 630 11
436 548 12
200 437 6
309 437 11
314 437 9
438 636 14
283 438 8
255 438 13
439 976 8
427 439 13
439 917 10
440 751 12
440 468 13
259 441 11
441 722 11
66 441 10
441 600 8
294 442 10
39 442 6
218 442 12
383 443 13
138 443 10
295 444 12
444 762 11
444 483 9
445 714 9
106 445 9
191 445 13
446 604 9
446 597 10
446 835 9
324 447 13
448 808 10
448 752 9
442 448 11
30 448 11
449 530 11
449 480 13
125 449 11
449 618 9
449 576 11
450 685 10
28 450 7
450 511 11
286 451 11
451 849 14
87 451 12
4 451 12
452 805 11
406 452 12
452 522 9
452 886 8
232 453 9
344 453 7
453 625 9
63 453 10
454 969 10
454 907 9
2 454 10
455 729 8
455 777 10
455 657 11
455 633 10
456 579 12
456 604 12
457 721 14
457 973 10
457 643 13
374 457 8
458 526 7
393 459 9
202 460 8
186 460 8
461 500 8
33 461 9
213 461 12
461 932 8
462 996 9
462 923 11
462 818 9
97 463 14
463 615 11
463 997 9
366 463 8
372 464 11
464 833 9
465 633 11
138 465 10
290 465 10
465 589 14
466 786 8
162 466 11
467 847 12
467 924 7
191 467 10
332 468 10
468 978 15
468 849 12
233 469 10
469 910 10
470 698 12
231 470 10
466 470 11
35 471 12
381 471 9
471 581 9
472 833 12
472 485 13
28 472 11
472 762 10
473 840 9
58 473 9
101 473 10
473 474 15
475 998 10
236 475 12
475 588 14
407 476 12
336 476 10
476 761 11
476 918 14
477 896 10
206 477 14
478 793 8
394 478 12
479 646 7
209 479 7
399 479 9
208 480 10
357 480 10
114 480 10
481 544 6
481 879 9
139 481 10
482 839 10
455 482 11
109 483 12
483 909 7
484 886 13
470 484 13
484 752 9
484 699 13
314 485 8
485 492 11
485 608 10
68 485 11
454 486 7
486 796 10
161 486 12
487 855 13
157 487 14
488 645 5
489 553 9
489 965 9
294 489 11
346 489 10
490 879 11
490 688 8
323 490 15
490 700 8
133 491 10
491 676 11
13 491 10
491 983 12
492 669 12
324 492 11
452 492 12
492 529 9
492 894 12
242 493 9
446 493 12
169 494 10
303 494 8
494 993 13
494 947 11
234 495 11
251 495 8
495 535 14
133 496 10
322 496 14
375 496 12
84 496 10
108 497 13
258 497 11
285 497 12
178 498 7
370 498 9
499 647 10
123 499 11
499 884 10
500 809 6
500 791 17
501 947 11
440 501 11
200 501 13
399 502 10
238 502 6
502 933 10
254 503 9
414 503 12
475 504 11
504 991 11
505 633 10
505 853 10
505 788 11
142 505 10
65 506 11
292 506 11
203 506 8
288 507 10
460 507 13
71 507 10
508 613 7
508 757 11
86 508 10
509 915 12
477 509 11
509 732 8
510 852 8
510 774 10
92 510 7
481 510 9
511 924 12
511 620 15
511 556 15
198 512 11
512 948 13
512 662 10
513 526 6
489 513 11
513 907 12
514 841 12
472 514 11
73 514 14
368 515 13
435 515 10
515 680 8
515 778 11
13 516 9
114 517 6
517 714 12
517 967 9
518 944 11
518 866 9
2 518 12
154 519 10
505 519 14
519 732 11
228 520 11
418 520 11
520 720 8
520 810 10
521 715 15
29 521 11
521 959 10
521 752 10
14 522 14
522 726 8
522 601 8
180 522 10
25 523 15
318 523 10
206 523 11
84 524 15
418 524 11
524 703 10
525 861 9
63 525 13
192 525 8
525 769 10
411 526 13
318 526 8
164 526 10
511 526 11
527 783 11
422 527 9
527 794 10
528 729 11
528 668 9
272 529 10
128 529 9
529 862 14
80 530 8
281 530 9
285 531 10
394 531 11
531 676 11
228 532 12
131 532 9
532 962 13
533 570 7
533 824 14
361 534 12
121 534 10
444 535 11
136 535 11
536 880 9
536 658 9
536 883 10
306 536 10
7 537 13
537 788 13
172 538 9
48 538 12
95 538 7
538 625 9
13 539 11
539 856 13
539 680 10
539 883 9
280 539 8
8 540 8
540 897 13
540 851 8
540 909 9
79 540 9
470 541 14
493 541 12
335 541 6
368 542 12
542 818 9
123 542 13
543 699 9
24 543 10
544 669 15
201 544 11
522 544 10
526 545 11
440 545 14
179 546 13
536 546 9
546 588 13
121 547 12
278 547 9
548 711 12
548 931 16
548 734 11
297 549 10
549 975 13
549 754 10
523 550 14
174 550 10
273 550 11
551 891 7
242 551 12
393 552 10
335 552 10
170 553 12
80 553 9
269 553 8
284 553 12
554 846 11
554 960 6
554 902 10
252 555 10
419 555 11
513 555 10
556 563 8
556 960 10
104 557 12
413 557 9
82 558 11
498 558 11
558 977 10
558 702 9
440 558 11
559 903 10
418 559 11
559 800 6
560 752 7
123 560 12
532 560 11
249 560 6
149 561 11
561 803 9
538 562 14
562 930 6
562 759 10
557 562 9
46 563 9
521 563 11
190 563 10
564 579 10
564 711 10
404 564 13
564 627 9
88 565 11
223 565 11
565 605 13
467 566 10
419 567 10
442 567 11
555 567 11
567 881 9
254 568 7
568 841 12
568 905 13
300 568 11
452 569 12
569 800 12
569 642 12
233 570 8
570 816 8
570 756 7
402 571 11
571 580 7
52 571 11
264 572 10
6 572 11
247 572 13
190 572 9
522 573 9
138 573 13
441 573 5
574 651 12
574 689 10
154 575 11
188 575 10
361 576 9
344 576 11
84 576 12
212 576 13
555 577 9
216 577 8
578 940 8
144 578 8
408 578 10
578 756 8
579 768 6
325 580 13
580 763 11
345 580 6
133 581 10
542 582 11
558 582 12
582 903 12
82 582 11
583 643 14
583 987 11
183 583 11
66 583 11
387 584 11
248 584 11
27 584 13
445 584 14
408 585 9
128 585 10
317 586 9
416 586 12
342 586 10
587 739 18
587 767 10
159 587 11
505 588 13
11 588 11
98 588 12
196 589 14
589 884 13
589 748 11
589 949 11
590 706 7
326 590 13
127 590 15
211 591 9
591 997 13
591 598 6
490 592 6
592 704 9
593 879 12
346 593 8
593 774 9
540 594 13
594 800 13
508 595 11
595 714 12
143 595 15
595 653 7
224 595 11
596 726 15
596 960 11
536 596 11
597 898 9
598 645 13
314 598 10
508 598 10
598 749 10
242 599 9
599 657 12
134 600 10
600 878 9
57 600 8
600 865 13
414 601 9
601 690 11
472 601 9
601 790 10
602 982 13
602 837 10
602 926 3
603 795 10
544 603 10
543 604 10
495 604 9
456 605 11
342 605 12
605 698 13
534 605 10
505 606 13
606 735 11
606 952 9
594 607 9
607 993 12
528 608 11
315 608 10
490 608 11
120 608 11
609 719 8
609 790 9
265 610 13
610 722 8
610 702 11
507 611 9
611 786 11
611 976 9
495 611 12
612 751 11
612 627 12
613 752 10
371 614 8
336 614 7
101 614 11
614 984 9
614 979 8
615 878 9
339 615 9
615 758 11
467 615 11
615 764 13
616 992 12
159 616 7
411 616 9
69 617 9
617 866 10
416 618 11
618 733 11
25 618 9
546 618 6
266 619 11
355 619 10
587 620 10
177 620 12
543 621 10
464 621 10
298 621 10
14 622 13
622 786 11
154 622 11
287 623 10
69 624 13
385 624 14
624 760 10
625 752 10
445 625 12
572 625 9
163 626 12
31 626 9
626 977 11
184 626 10
627 634 12
544 627 12
583 627 10
404 627 11
628 948 9
628 791 13
629 948 9
629 675 4
629 812 12
171 629 8
218 629 10
579 630 11
630 757 10
630 703 9
631 897 9
39 631 11
632 900 14
69 632 8
632 805 8
279 632 12
562 633 13
473 633 11
225 634 8
634 666 10
558 634 13
634 999 8
635 747 10
170 635 6
148 635 9
352 636 13
466 637 9
637 752 11
637 732 10
86 638 11
364 639 11
429 639 9
103 639 11
121 639 12
260 639 10
640 757 8
631 640 7
215 641 10
627 641 13
304 641 8
641 704 7
642 930 10
469 642 12
642 775 11
508 642 13
643 645 7
643 733 14
307 643 13
64 643 9
643 991 10
494 644 13
644 776 10
191 645 11
596 645 13
501 645 9
264 645 9
645 817 9
350 646 11
646 837 12
158 646 13
646 908 9
66 647 12
647 978 10
647 768 12
139 648 10
333 648 9
53 648 13
347 648 10
118 649 12
332 649 10
614 649 11
504 649 8
184 650 9
62 650 10
287 651 11
156 651 12
424 651 11
410 652 8
652 847 10
652 839 9
20 652 12
653 772 11
654 729 13
528 654 11
150 654 7
477 655 9
655 939 10
55 656 12
66 656 12
268 656 10
657 948 9
465 657 11
169 657 10
84 657 10
657 850 10
658 744 11
658 939 8
591 659 8
659 855 8
406 659 13
11 659 8
29 659 14
58 660 12
278 661 12
661 895 9
630 661 11
661 929 10
662 945 13
648 662 8
273 662 6
449 662 9
373 663 10
663 856 13
656 663 9
485 664 8
664 898 13
238 664 10
486 665 9
516 665 9
564 666 8
646 666 9
186 667 10
448 667 8
667 714 8
222 667 10
405 667 11
424 667 10
668 886 8
173 668 7
332 668 9
474 669 11
669 990 8
227 669 9
631 669 8
96 669 13
212 670 8
670 760 8
670 763 8
671 728 8
192 671 13
422 671 11
590 672 12
314 673 16
291 673 14
229 673 9
221 674 9
674 929 14
675 889 11
46 675 9
275 675 12
675 978 8
5 676 10
676 811 9
228 677 12
677 884 10
288 677 12
280 678 9
9 678 9
192 678 12
296 678 8
215 679 8
642 679 10
680 946 8
571 680 9
520 680 14
412 680 14
128 681 10
681 999 9
341 681 12
447 682 12
272 683 11
205 683 10
684 956 10
337 684 11
684 876 9
134 685 7
685 969 11
636 685 10
470 686 12
686 805 9
687 760 13
687 718 10
135 687 11
9 688 8
688 711 11
506 688 13
414 688 11
421 689 11
689 855 9
689 707 10
99 690 12
110 690 8
690 856 11
691 744 11
366 691 10
290 691 12
692 752 8
220 692 9
226 692 14
308 693 10
693 794 8
694 889 11
270 694 13
694 911 9
255 694 11
21 695 10
695 780 8
695 707 13
696 973 10
33 696 8
697 960 12
108 697 14
534 698 11
676 698 9
680 698 11
568 699 5
699 733 12
699 826 9
354 699 10
561 700 10
140 700 13
210 700 11
159 700 10
284 700 11
701 712 9
185 701 10
701 954 10
227 702 11
703 831 13
325 703 7
664 703 14
301 704 12
228 704 12
585 704 12
431 705 8
634 706 16
706 855 14
530 706 9
707 967 12
707 717 11
386 707 11
247 708 13
224 708 11
303 708 12
269 709 12
671 709 11
13 709 9
138 710 11
55 710 8
710 941 10
221 710 11
711 917 13
104 712 12
613 712 11
55 712 8
318 712 12
31 713 13
321 713 16
675 713 13
565 714 16
396 714 14
55 715 12
113 715 14
715 856 10
716 912 9
651 716 10
207 716 8
197 717 12
717 983 11
718 758 10
718 978 12
718 747 13
595 718 10
53 719 10
635 719 8
720 897 11
459 720 8
163 720 11
119 721 11
239 721 10
384 721 12
721 948 11
722 952 9
700 723 12
181 723 12
723 868 10
315 723 14
263 724 10
724 825 12
178 724 7
579 724 11
143 725 10
18 725 11
726 929 7
335 726 9
78 727 13
727 887 11
727 739 9
728 900 12
611 728 10
728 783 12
728 934 15
42 729 12
269 729 12
238 729 12
730 984 12
486 731 13
374 731 7
166 731 6
371 732 10
732 870 9
733 886 16
733 903 11
298 733 13
724 734 14
268 734 7
137 734 9
271 734 11
602 735 11
56 735 13
37 735 8
735 745 8
426 735 11
341 736 10
479 736 10
112 736 13
312 737 9
391 737 7
219 737 8
259 738 12
58 738 13
739 741 8
158 739 8
739 862 11
740 860 10
49 740 9
534 740 13
740 887 12
483 741 7
33 741 9
0 742 11
743 969 11
147 743 6
743 747 10
630 744 11
744 898 7
239 745 10
745 765 11
78 745 10
27 746 12
694 746 10
467 746 7
594 747 13
747 950 11
29 748 11
586 748 13
471 749 7
338 749 10
163 749 9
750 956 11
750 764 13
123 750 12
105 751 11
751 771 12
150 751 13
702 751 11
19 752 13
695 752 8
440 753 12
753 776 10
26 753 13
753 780 10
615 754 11
115 754 8
397 755 10
527 756 11
186 756 13
721 757 7
345 757 8
250 757 5
758 974 11
758 861 11
710 759 9
642 759 11
759 933 14
20 760 12
385 760 10
760 782 9
329 760 11
219 760 12
44 761 12
761 838 12
442 762 9
371 762 8
762 958 11
763 803 10
4 763 12
763 778 10
44 764 11
65 764 10
764 882 13
604 765 12
412 765 8
766 979 12
302 766 10
335 766 9
704 766 12
193 766 12
539 767 13
462 768 11
140 768 8
713 769 6
496 769 10
770 882 10
723 770 11
224 770 9
771 939 9
264 771 6
771 936 11
139 771 13
446 772 12
773 973 12
773 926 8
773 821 12
65 774 11
319 774 8
126 775 5
62 775 8
776 802 8
776 869 12
776 847 11
172 777 11
777 831 11
114 778 11
777 778 8
372 778 12
473 779 13
694 779 11
765 780 9
103 780 13
780 881 11
222 781 10
561 781 9
575 782 12
782 907 13
732 782 9
90 782 11
363 782 14
65 783 14
541 783 9
723 783 9
533 784 9
93 784 9
575 785 11
785 893 9
426 785 13
80 785 8
38 785 13
93 785 13
786 886 8
120 786 8
71 787 12
649 787 9
57 787 11
108 788 13
252 788 12
223 788 12
307 789 12
789 876 9
781 789 13
536 790 6
221 790 10
766 790 11
763 790 12
405 791 8
228 791 12
791 820 10
746 792 12
515 792 11
792 934 11
793 955 10
342 793 10
398 793 10
729 794 11
794 813 11
373 795 13
180 795 8
120 795 12
666 796 6
385 797 9
285 797 9
88 798 9
243 798 9
694 798 12
788 799 9
18 799 9
472 800 14
800 870 13
319 800 10
449 801 10
801 891 9
802 963 12
405 802 13
34 803 11
601 803 7
764 804 12
357 804 14
270 804 11
326 804 9
805 865 14
209 805 13
106 806 11
2 806 6
293 806 10
139 806 11
402 807 10
807 979 10
83 807 11
808 948 11
808 925 13
281 808 14
450 808 8
546 809 12
773 809 13
26 810 10
403 810 11
778 811 8
609 811 10
811 983 10
812 927 9
322 812 10
309 813 12
621 813 10
671 813 13
533 813 11
723 813 12
13 814 11
316 814 11
49 814 11
163 814 10
815 864 10
282 815 8
609 815 9
52 816 11
402 816 9
497 816 9
614 817 9
164 817 6
15 818 10
343 818 12
818 865 12
77 819 12
532 819 15
618 819 6
197 820 10
236 820 7
583 820 14
266 821 10
818 821 12
209 821 9
811 821 12
726 822 13
271 822 12
457 822 11
391 823 8
21 823 12
404 823 9
481 824 12
262 824 10
575 824 11
106 824 10
268 825 13
575 825 9
428 826 8
481 826 11
267 827 12
509 827 10
25 828 10
594 828 9
220 829 12
576 829 10
541 829 13
592 829 10
249 830 14
169 830 13
235 830 13
328 831 10
748 831 7
257 831 12
256 832 11
500 832 9
277 832 11
50 833 12
116 833 16
60 834 18
162 834 13
111 835 13
557 835 9
835 915 13
60 835 13
489 836 8
540 836 10
613 837 9
162 837 8
755 838 10
442 838 13
596 839 15
839 998 7
212 839 7
49 839 14
320 840 11
683 841 10
810 841 11
780 841 12
842 884 9
151 842 13
843 910 7
705 843 13
433 844 8
844 961 11
777 844 6
418 844 12
611 845 10
845 868 8
845 938 12
78 846 12
846 885 13
670 847 9
530 847 11
794 847 12
697 848 9
436 848 11
299 848 11
59 848 13
804 849 9
849 898 14
849 958 12
622 849 9
13 850 14
603 850 7
273 850 11
764 851 11
830 851 13
794 851 10
852 978 10
101 852 8
342 852 10
213 852 13
571 853 10
853 881 7
649 853 9
589 853 8
241 854 8
48 854 9
477 854 11
499 855 6
856 887 6
775 856 7
752 857 12
98 857 12
64 857 8
279 858 14
176 858 7
187 859 12
704 859 10
859 862 12
208 860 11
669 860 9
640 861 11
680 861 11
389 861 7
108 862 8
426 862 8
519 862 9
590 863 9
864 949 10
311 864 15
864 982 8
865 948 12
397 865 15
865 944 11
300 865 9
266 865 11
111 866 7
203 866 10
22 867 10
404 867 11
522 867 11
827 868 12
712 868 10
733 868 9
19 868 10
715 869 10
73 869 13
557 869 9
659 869 12
869 951 11
784 870 10
323 870 11
723 870 9
112 871 10
862 871 11
461 871 12
397 871 13
2 872 9
872 944 9
814 872 9
568 872 11
301 873 12
648 873 13
360 873 9
359 874 10
549 874 10
859 875 11
847 875 9
450 875 10
731 875 10
147 875 10
712 875 9
106 876 8
367 876 9
491 876 7
817 877 12
825 877 10
335 878 11
225 878 7
717 878 9
684 879 11
879 928 9
409 879 9
394 880 11
122 880 10
233 881 12
755 881 14
274 881 13
3 881 12
628 882 12
21 882 9
629 882 6
883 959 11
364 883 12
384 883 7
699 883 12
109 884 13
410 884 12
454 885 11
885 912 9
886 975 10
886 931 9
514 886 12
316 887 9
492 887 12
754 888 10
888 943 10
43 889 9
740 889 13
439 889 8
608 890 9
534 890 10
753 891 6
769 891 11
665 891 7
892 937 13
35 892 13
882 892 11
603 892 10
174 892 10
390 893 12
562 893 8
620 893 8
54 893 11
217 894 11
895 973 9
424 895 11
703 895 13
808 895 13
96 896 10
896 907 12
897 997 9
228 897 11
897 911 10
869 898 10
255 898 9
710 898 11
561 899 11
508 899 7
544 899 12
653 900 9
528 901 9
257 902 10
408 902 13
344 902 8
504 903 11
444 903 11
286 903 11
165 903 9
756 904 12
719 904 12
529 904 7
67 905 14
400 905 13
328 906 11
676 906 14
839 906 13
906 965 9
849 907 8
139 907 10
336 907 8
223 907 12
468 908 10
908 929 12
609 909 10
498 909 13
749 910 10
275 910 8
799 911 9
746 911 9
62 911 11
439 912 13
254 912 10
658 912 11
861 912 7
373 913 12
427 913 11
638 913 10
340 914 10
833 914 10
646 914 10
365 914 11
596 915 11
388 915 12
915 986 11
855 916 13
117 916 10
491 916 10
264 916 10
823 917 8
539 917 9
320 918 11
61 918 15
27 918 11
214 919 10
780 919 13
919 960 14
427 920 10
388 920 10
349 920 8
176 921 9
264 921 13
366 922 8
100 922 8
395 922 8
23 923 12
887 923 11
749 924 10
559 924 6
209 924 9
925 963 11
344 925 12
132 926 11
168 926 10
273 927 12
200 927 9
844 927 12
248 927 8
489 928 10
4 928 8
862 928 10
100 929 10
722 929 10
787 930 12
670 930 11
829 930 7
759 930 13
922 931 12
363 931 12
569 931 10
855 931 8
162 931 12
749 932 10
932 953 11
187 932 9
852 933 11
698 934 7
353 934 14
478 934 8
935 989 13
611 935 11
569 936 11
843 936 10
641 937 7
319 937 11
104 937 9
134 937 12
904 938 12
711 938 11
518 938 9
602 939 13
824 939 10
317 939 13
708 939 9
95 940 14
305 940 8
96 940 11
511 941 10
913 941 12
716 942 12
605 942 14
807 942 8
455 942 11
503 942 9
620 943 10
919 943 11
337 943 8
15 944 10
60 944 10
145 945 8
853 945 12
575 945 12
513 945 8
216 946 10
761 946 12
152 947 14
408 947 13
929 947 14
523 947 12
758 948 10
594 948 9
722 948 8
264 949 12
314 950 13
253 950 10
950 983 10
212 951 8
672 951 3
57 951 12
590 952 9
588 952 11
594 952 11
915 953 10
343 953 11
130 953 7
595 954 13
147 954 11
796 954 9
88 955 11
459 956 13
144 956 6
283 956 7
893 957 9
85 957 10
605 958 13
958 976 14
707 958 13
80 959 13
445 959 11
375 960 11
483 960 8
751 960 11
42 961 11
440 961 12
59 961 8
102 962 9
518 962 10
190 962 11
261 963 12
765 963 11
835 963 11
750 963 9
896 964 12
806 964 10
899 964 11
954 965 9
172 965 12
95 965 11
254 966 9
271 966 10
345 966 9
359 967 8
753 967 11
259 967 8
779 967 8
479 967 10
897 968 12
968 990 11
79 968 13
280 968 11
630 969 11
134 969 11
657 969 9
939 969 12
778 970 13
939 970 7
83 970 12
912 971 10
589 971 12
199 971 11
15 972 8
5 972 9
165 972 11
506 973 11
206 973 8
800 973 11
656 974 11
412 974 11
299 975 6
476 975 12
305 976 13
501 976 14
212 976 8
38 977 7
288 977 11
901 977 12
978 998 7
233 978 10
890 979 13
268 979 10
671 980 9
172 980 11
868 980 10
45 981 13
224 981 9
213 981 9
570 982 6
116 982 12
590 983 14
647 983 8
749 984 9
249 984 13
957 984 11
956 984 9
477 985 16
537 985 15
788 985 11
124 985 8
733 985 12
817 986 12
884 986 6
219 986 12
336 987 14
324 987 12
309 988 11
661 988 12
508 988 12
58 989 8
20 989 13
961 990 9
62 990 12
193 991 11
483 991 9
676 991 10
728 991 13
814 992 13
76 992 10
648 992 11
548 992 11
928 993 14
77 993 14
84 994 13
956 994 11
642 995 10
396 995 8
723 995 11
314 995 9
925 995 11
617 996 12
240 996 13
937 997 10
424 997 9
327 997 12
166 998 14
309 998 11
173 999 13
738 999 12
204 999 11
