100
0
4
7
2
3
9
3
8
6
6
9
3
8
5
6
9
5
7
1
2
6
8
10
4
6
9
3
8
8
3
2
5
5
5
2
9
7
10
8
2
9
3
5
7
5
9
4
6
7
3
7
5
4
2
8
8
7
5
5
8
8
2
5
4
2
5
5
9
2
1
8
1
6
4
8
1
5
3
5
6
8
1
4
9
10
7
10
3
8
2
7
8
3
9
6
5
2
7
9
7
0 78 10
0 92 9
0 68 10
0 77 11
0 66 10
0 58 12
0 11 10
0 33 13
0 22 11
0 98 10
1 40 10
1 33 11
1 72 9
1 13 9
1 34 13
1 96 11
1 70 12
1 2 11
1 7 12
1 85 8
1 41 10
2 70 10
2 7 8
2 37 11
2 8 12
2 46 7
2 17 10
2 66 16
2 68 10
2 47 14
3 25 8
3 29 9
3 33 10
3 97 9
3 67 8
3 84 7
3 76 9
3 96 11
3 15 10
3 81 10
4 45 8
4 73 8
4 51 9
4 85 12
4 19 12
4 67 9
4 52 10
4 87 10
4 92 10
4 84 8
4 69 14
5 93 11
5 13 11
5 39 11
5 76 12
5 73 10
5 89 11
5 80 11
5 49 8
5 20 8
5 97 11
2 5 14
6 88 13
6 49 9
6 78 9
6 97 6
6 23 9
5 6 13
6 72 13
6 92 12
6 76 13
6 79 11
6 12 13
7 56 10
7 88 10
3 7 16
7 20 9
7 99 13
7 36 9
7 25 16
7 55 12
7 45 10
7 89 11
8 83 10
8 47 12
7 8 16
8 13 10
8 34 9
8 90 9
8 77 10
8 53 12
8 23 10
9 26 7
9 12 11
9 51 11
7 9 10
9 66 6
9 55 10
9 15 8
9 32 10
9 95 11
9 13 10
10 11 12
10 31 9
10 38 14
10 15 14
8 10 10
10 13 8
10 29 8
10 58 15
10 62 10
2 11 11
11 71 12
11 60 9
5 11 11
11 40 12
11 45 13
1 11 12
3 11 14
11 42 7
11 30 8
11 46 12
11 12 7
12 26 14
12 91 13
12 29 10
12 79 9
12 23 9
12 45 9
12 30 8
12 76 13
13 99 10
13 20 11
13 30 10
13 51 12
13 64 8
4 13 9
13 37 10
13 31 10
14 37 10
14 94 10
14 62 10
14 74 11
14 57 9
3 14 9
14 46 6
15 90 9
15 48 8
8 15 8
15 21 10
15 89 10
15 74 11
12 15 11
15 72 11
15 47 8
15 27 11
7 15 10
16 84 8
16 66 13
16 26 10
16 31 10
16 23 10
16 88 13
16 24 11
16 77 13
16 86 9
16 40 9
17 20 9
17 47 13
17 88 12
17 24 10
8 17 11
0 17 9
17 83 12
13 17 13
17 90 9
6 18 10
18 62 10
18 50 12
18 32 12
18 34 9
18 60 8
18 78 13
18 41 14
18 47 11
18 52 13
19 76 11
19 57 10
19 41 9
19 20 11
19 28 7
19 71 12
19 39 12
19 47 8
17 19 11
10 19 9
19 45 13
20 81 11
20 69 6
20 86 9
20 43 10
18 20 5
3 20 11
20 60 8
20 78 13
20 56 11
8 21 8
21 99 13
21 62 12
9 21 8
21 46 12
21 91 9
21 92 11
21 49 9
10 21 8
19 22 7
22 27 11
22 92 13
22 45 13
22 78 10
22 83 14
22 29 12
22 99 10
2 22 5
22 33 9
23 70 11
23 46 9
23 66 8
10 23 12
23 51 12
23 27 7
23 65 11
23 96 10
23 41 12
23 43 9
15 23 10
2 23 9
24 62 8
24 79 8
24 44 13
24 45 11
24 54 12
24 88 11
24 53 14
24 56 11
11 24 7
24 72 10
25 80 12
5 25 11
24 25 9
25 84 9
25 89 8
25 41 10
25 60 11
25 77 11
16 25 8
25 31 10
26 39 12
26 60 14
14 26 12
26 79 9
26 53 10
26 54 13
26 94 10
7 26 7
26 72 14
26 50 8
27 37 8
27 68 9
27 30 11
27 65 10
6 27 11
27 47 10
27 75 12
27 76 18
28 87 11
28 29 13
26 28 12
28 51 8
28 73 11
28 43 12
28 72 10
24 28 8
28 77 7
28 34 9
29 72 12
29 37 10
29 66 11
29 51 14
29 71 11
29 64 11
29 67 13
29 41 12
29 76 9
7 29 9
29 99 12
30 63 12
2 30 10
30 87 12
18 30 12
30 64 14
30 55 13
30 78 12
30 57 11
4 31 9
31 57 11
31 83 11
31 82 12
31 58 13
31 37 10
31 80 11
31 97 10
5 31 8
15 32 10
32 54 12
22 32 13
32 86 9
32 97 10
5 32 10
32 58 15
32 53 8
32 80 9
32 88 7
32 46 8
33 75 7
33 63 14
33 83 12
33 62 8
19 33 11
33 37 12
5 33 9
23 33 11
33 66 11
33 80 10
34 70 10
34 92 10
34 95 12
34 43 11
32 34 11
34 91 10
34 36 15
23 34 9
5 34 14
35 59 13
35 94 10
35 46 11
5 35 11
27 35 12
13 35 9
35 47 9
20 35 11
35 52 8
35 81 10
31 35 12
36 93 12
35 36 11
25 36 11
36 70 11
36 64 9
36 58 12
36 51 12
36 66 13
1 36 10
2 36 10
36 79 7
21 37 13
37 91 12
3 37 13
37 94 10
37 47 15
12 37 11
37 66 12
37 68 12
37 52 7
17 38 12
21 38 9
38 94 9
38 57 7
14 38 12
38 49 13
20 38 13
28 38 9
16 38 13
39 86 12
32 39 7
39 68 12
10 39 14
39 54 13
39 52 8
39 40 9
36 39 12
8 39 13
39 62 9
29 40 9
31 40 7
40 92 11
15 40 11
40 74 13
18 40 10
30 40 8
40 48 9
40 97 11
40 84 13
41 52 9
37 41 11
41 94 11
41 75 9
41 51 9
41 97 14
41 88 10
7 41 9
41 60 15
41 89 12
41 69 8
33 42 13
16 42 12
42 48 10
29 42 10
42 70 12
25 42 10
42 89 11
42 76 9
42 85 8
43 49 7
43 80 11
43 91 13
4 43 8
43 75 9
41 43 11
43 70 14
43 63 7
43 73 11
43 62 11
40 43 9
43 54 8
35 44 11
30 44 13
44 64 11
44 82 10
44 60 8
2 44 10
10 44 12
20 44 8
41 44 10
44 68 10
25 45 11
45 72 12
45 74 11
45 86 12
16 45 11
31 45 10
43 45 8
29 45 12
45 71 10
45 79 6
45 89 10
44 46 6
46 54 14
46 97 9
18 46 9
13 46 12
46 58 12
15 46 10
46 79 13
17 46 11
5 46 10
46 80 12
31 47 10
23 47 8
7 47 13
20 47 7
47 94 15
47 52 10
3 47 12
39 47 14
47 82 9
24 47 12
48 56 8
26 48 12
16 48 10
48 58 15
48 70 13
21 48 10
5 48 6
48 66 10
29 48 10
17 48 15
49 61 11
41 49 11
49 66 7
49 81 8
12 49 6
49 67 15
18 49 10
49 59 10
49 65 10
49 60 8
49 73 13
24 50 10
16 50 9
50 78 9
50 59 8
50 57 7
50 87 9
50 92 9
36 50 10
50 58 8
48 50 10
31 51 11
51 83 14
51 67 10
35 51 13
51 95 10
51 52 10
51 96 8
51 98 10
52 65 10
52 92 12
45 52 7
52 99 14
52 78 10
8 52 10
26 52 10
52 84 8
53 82 8
53 56 9
53 94 11
53 68 10
53 96 9
15 53 11
48 53 11
5 53 7
37 53 11
54 86 8
29 54 14
33 54 7
52 54 10
31 54 13
54 70 14
15 54 13
54 63 10
55 92 12
8 55 8
38 55 12
55 73 12
16 55 12
55 57 7
51 55 10
55 97 11
48 55 12
20 55 11
2 56 9
56 95 13
56 84 9
35 56 8
49 56 13
21 56 12
56 68 7
56 82 10
31 56 9
56 77 7
25 57 9
57 80 11
41 57 13
53 57 9
7 57 12
18 57 12
23 57 10
57 87 8
57 70 10
57 95 11
57 64 9
41 58 9
54 58 7
2 58 10
58 84 12
58 83 8
43 58 7
58 80 13
58 61 5
58 71 11
59 77 10
11 59 11
59 93 10
23 59 6
2 59 7
59 95 10
42 59 12
55 59 15
59 73 10
27 60 11
22 60 10
53 60 9
58 60 10
43 60 8
60 89 8
60 99 11
42 60 7
60 85 10
50 60 10
61 98 13
39 61 8
45 61 10
1 61 10
3 61 13
25 61 13
20 61 11
24 61 9
42 61 10
62 97 10
62 89 12
62 74 13
2 62 9
59 62 9
8 62 12
62 76 10
44 62 13
62 66 9
36 62 11
34 63 12
42 63 14
63 84 9
63 85 14
63 87 7
3 63 8
55 63 11
63 96 12
36 63 13
5 64 12
33 64 14
10 64 13
42 64 10
64 65 12
18 64 11
49 64 9
64 71 12
43 64 12
4 64 11
65 71 8
58 65 14
28 65 9
65 93 8
22 65 8
16 65 9
20 65 8
65 83 9
65 96 11
33 65 11
65 77 14
66 78 9
66 99 15
10 66 10
59 66 9
25 66 8
6 66 14
13 66 9
31 66 12
46 66 10
1 66 14
24 67 12
65 67 11
9 67 13
5 67 11
34 67 10
7 67 10
45 67 15
68 96 14
68 71 8
9 68 13
51 68 15
68 97 12
22 68 12
29 68 12
25 68 9
17 68 9
7 68 13
5 68 11
21 69 9
38 69 13
15 69 13
67 69 14
1 69 13
69 82 11
51 69 12
69 72 9
70 98 9
30 70 9
70 97 12
70 82 10
12 70 10
13 70 13
70 79 10
70 74 10
6 71 12
71 76 14
71 98 9
43 71 11
16 71 10
21 71 10
31 71 8
71 90 9
7 71 14
71 96 12
72 80 10
21 72 11
10 72 11
35 72 10
72 74 13
11 72 9
72 84 11
5 72 11
72 91 10
40 72 12
70 73 9
73 85 16
48 73 11
73 87 12
67 73 8
73 97 11
18 73 8
37 73 14
58 73 10
38 73 10
1 74 13
74 76 12
74 98 12
58 74 6
66 74 5
49 74 10
74 90 9
18 74 11
6 74 10
71 74 12
61 74 11
27 74 8
50 75 11
60 75 8
56 75 7
75 85 11
45 75 11
4 75 13
75 93 10
20 75 10
75 96 11
75 76 7
10 76 14
76 86 9
60 76 8
31 76 6
45 76 9
55 76 10
76 87 12
76 78 8
77 92 9
70 77 12
77 94 10
43 77 14
1 77 11
29 77 13
57 77 9
74 77 16
22 77 12
66 77 9
48 77 8
14 78 10
61 78 9
78 89 13
5 78 9
69 78 7
54 78 14
78 92 11
8 78 10
37 78 9
73 79 13
19 79 8
44 79 8
56 79 5
0 79 10
77 79 10
10 79 9
59 79 12
14 79 13
2 79 8
22 80 10
45 80 12
16 80 11
70 80 10
80 99 11
60 80 9
80 98 8
49 80 9
73 80 8
80 82 10
68 81 10
65 81 10
21 81 8
23 81 13
42 81 10
69 81 10
59 81 11
62 81 9
71 81 9
78 81 11
36 82 10
82 98 12
25 82 10
76 82 9
54 82 13
2 82 8
63 82 10
35 82 9
64 82 13
7 82 12
60 82 9
49 83 10
37 83 12
67 83 13
64 83 8
61 83 11
3 83 11
48 83 8
63 83 12
83 95 11
84 99 12
27 84 12
84 89 12
80 84 12
46 84 12
83 84 11
6 84 10
35 84 10
60 84 11
66 84 12
38 84 9
78 85 12
57 85 10
49 85 10
85 99 10
66 85 8
5 85 12
43 85 11
30 85 7
7 85 13
85 87 13
33 86 9
41 86 11
86 89 9
55 86 10
7 86 7
86 92 11
40 86 5
12 86 14
66 86 11
86 97 13
5 87 9
33 87 14
47 87 10
83 87 10
3 87 9
6 87 15
87 97 13
74 87 9
87 95 12
82 87 14
87 90 12
50 88 13
68 88 8
44 88 10
75 88 9
3 88 11
81 88 7
88 94 10
78 88 12
88 91 12
87 89 9
27 89 11
70 89 12
10 89 13
4 89 11
22 89 9
30 89 12
20 89 12
51 89 12
35 90 12
84 90 13
27 90 11
62 90 11
72 90 10
25 90 10
16 90 10
89 90 8
28 90 15
61 91 9
16 91 8
24 91 11
59 91 11
67 91 9
14 91 11
9 91 9
91 96 9
69 91 12
36 92 9
72 92 11
53 92 9
43 92 11
61 92 14
14 92 9
92 98 9
13 92 10
10 92 10
62 93 10
93 97 9
15 93 11
29 93 14
63 93 14
27 93 11
82 93 10
11 93 14
83 93 13
78 93 10
48 93 10
94 95 16
55 94 11
2 94 11
44 94 10
3 94 10
22 94 13
67 94 9
52 94 12
42 94 13
29 94 10
71 94 13
27 95 13
41 95 12
63 95 11
18 95 10
79 95 11
7 95 11
28 95 11
16 95 9
0 95 10
73 95 11
64 95 11
67 96 9
79 96 12
17 96 12
56 96 11
22 96 14
5 96 8
0 96 9
43 96 7
12 96 14
45 96 12
97 98 12
78 97 11
94 97 9
24 97 10
29 97 11
76 97 12
48 97 9
44 97 11
85 97 10
24 98 9
11 98 12
36 98 11
73 98 12
39 98 11
94 98 10
14 98 12
72 98 12
89 98 11
58 99 11
65 99 11
11 99 8
5 99 10
19 99 14
77 99 9
33 99 9
93 99 11
28 99 12
41 99 9
43 99 14
79 99 14
