250
0
7
4
3
2
3
2
4
5
2
7
2
3
7
6
5
10
5
2
7
6
10
9
5
3
2
1
3
6
1
9
1
4
8
4
9
6
2
3
7
6
1
8
7
10
8
6
9
4
8
5
2
5
4
7
5
6
5
2
5
4
9
4
6
6
8
7
8
5
9
10
5
9
8
7
9
3
10
10
5
2
6
10
2
8
4
2
9
3
1
6
6
4
8
9
1
7
6
6
9
5
1
3
7
8
10
10
3
6
3
2
8
9
4
7
9
3
2
7
7
1
8
3
10
5
3
6
7
9
9
8
6
7
9
3
7
1
9
6
3
3
8
8
1
9
6
3
5
2
1
6
5
3
10
7
9
2
2
6
2
3
9
7
4
8
6
8
6
5
8
4
3
7
2
9
2
2
7
2
7
3
8
6
2
6
8
9
9
6
10
9
5
2
3
3
8
9
3
3
2
7
3
8
2
7
4
3
7
2
7
6
8
5
7
5
3
1
9
10
6
5
4
9
7
4
8
1
6
4
8
2
2
1
4
6
9
7
4
5
2
6
3
2
6
1
4
5
7
3
2
0 46 11
0 142 6
0 113 10
0 84 12
0 159 12
0 132 10
0 241 10
0 47 14
0 77 13
0 167 8
0 79 11
0 168 8
1 235 9
1 156 13
1 112 10
1 141 13
1 62 13
1 146 11
1 122 11
1 10 12
1 216 10
2 195 11
2 12 12
2 28 11
2 80 11
2 150 12
2 212 9
2 49 15
2 200 9
2 115 13
2 151 13
2 230 12
3 68 10
3 21 8
3 28 6
3 33 13
3 27 11
3 16 12
3 86 9
3 8 11
3 110 11
4 128 12
4 119 13
4 64 10
4 63 11
3 4 11
4 37 13
4 46 11
4 104 11
4 230 9
4 175 12
4 176 12
5 104 9
5 188 12
5 169 11
5 240 9
5 132 9
5 68 7
5 247 12
5 113 9
5 117 7
5 33 10
6 215 8
6 27 12
6 136 8
6 9 9
6 168 14
1 6 12
6 130 13
6 238 11
6 63 9
6 221 9
7 66 13
7 109 13
7 112 14
7 80 10
7 38 9
7 135 13
7 87 9
7 207 14
7 225 12
7 188 12
8 35 9
8 139 12
8 136 11
8 14 15
8 103 12
8 190 11
8 237 11
8 233 9
8 73 16
8 69 12
9 208 8
9 222 13
9 105 7
9 190 10
9 40 7
9 80 13
9 47 11
9 97 12
9 182 12
10 60 9
10 32 8
10 47 11
10 181 10
10 139 11
10 13 12
10 61 9
10 121 10
10 190 9
10 46 10
11 108 12
11 40 11
11 166 8
11 43 11
11 111 8
11 90 11
11 224 9
11 49 12
11 80 8
11 147 12
12 178 9
12 25 8
12 109 11
12 128 11
12 203 8
12 17 10
12 195 10
12 124 13
12 100 9
13 171 13
13 25 9
13 124 13
13 129 9
11 13 9
13 183 10
13 45 14
13 186 14
13 234 8
13 140 12
14 20 10
14 16 11
14 27 11
14 141 10
14 201 8
14 46 8
12 14 9
14 146 13
14 25 10
15 213 7
15 87 4
3 15 7
15 237 9
15 17 11
15 146 9
15 216 9
15 39 9
15 55 13
15 115 12
13 16 10
16 107 12
16 99 8
16 66 11
16 101 13
16 233 12
16 73 13
16 162 12
16 111 13
16 228 12
10 16 11
16 207 12
17 247 9
17 114 8
17 90 8
17 112 12
17 233 17
17 71 8
17 40 11
17 167 10
17 147 10
17 230 11
5 18 10
18 74 13
18 151 9
18 99 8
18 170 10
18 188 8
18 87 15
18 157 10
18 166 11
18 190 8
18 213 8
19 112 13
19 200 9
19 234 8
19 214 9
19 154 9
19 97 12
19 70 10
19 209 9
19 137 10
20 145 16
20 239 7
20 185 8
20 241 9
20 212 13
20 80 13
20 162 9
20 78 10
20 146 11
20 163 10
20 227 12
21 85 10
21 107 11
21 164 9
11 21 10
21 45 10
21 219 10
21 133 14
21 59 9
21 236 9
21 124 7
22 71 11
22 86 9
22 79 10
14 22 11
22 170 11
22 164 11
18 22 9
23 167 13
23 172 7
23 136 12
23 73 8
23 232 12
23 187 10
23 89 9
23 150 11
23 243 7
23 219 9
24 220 13
24 59 14
24 242 13
24 188 9
24 119 12
24 120 13
24 46 8
24 187 12
8 24 12
25 228 14
25 143 10
25 131 13
25 82 13
1 25 9
25 103 6
25 80 10
25 146 9
25 166 10
26 157 6
26 54 10
26 123 11
26 243 11
11 26 10
26 180 9
26 125 13
26 201 10
26 111 9
26 100 9
26 153 10
26 212 12
27 115 10
19 27 13
27 194 9
27 58 9
27 219 10
27 69 10
27 177 10
27 249 13
27 193 13
26 27 7
28 122 11
28 38 7
28 232 11
28 249 7
28 197 9
28 31 11
28 95 12
28 145 10
0 28 9
28 113 9
26 29 13
29 243 10
29 109 11
29 166 9
29 199 9
29 65 13
29 82 10
29 45 13
29 165 12
30 86 7
30 213 10
30 241 12
30 170 7
30 131 9
30 189 13
3 30 8
30 75 12
30 201 10
31 151 9
31 232 12
31 170 9
31 196 11
31 200 11
31 121 14
31 212 11
31 155 9
31 198 10
32 46 13
32 111 10
32 243 12
32 222 11
32 51 12
32 149 10
32 157 8
32 117 10
32 186 11
32 221 10
33 89 9
33 109 15
33 50 13
33 137 8
33 184 9
33 117 8
33 116 8
33 172 10
33 238 13
18 33 7
33 205 11
33 163 7
24 34 11
34 187 13
34 118 11
34 182 11
34 127 14
34 176 9
34 106 8
34 132 11
34 87 12
35 242 6
35 187 11
35 180 11
35 216 12
35 127 12
35 157 10
35 217 8
35 196 11
35 138 13
35 113 14
35 93 10
36 65 9
36 218 11
36 87 10
36 232 10
36 122 10
36 138 12
36 239 12
36 202 9
36 57 11
36 206 11
37 186 9
37 149 12
37 163 10
37 54 12
37 120 10
37 51 8
37 111 12
37 211 8
37 231 12
37 138 9
37 68 10
38 107 10
38 130 7
38 56 10
38 248 7
38 173 12
38 68 10
38 241 14
38 75 10
38 48 11
32 39 10
39 141 12
39 161 11
39 203 5
39 246 11
39 110 9
39 155 13
39 145 11
38 39 9
39 208 10
22 39 14
40 72 11
4 40 11
40 96 10
40 50 13
40 161 14
12 40 11
40 131 9
40 46 7
40 240 10
40 151 10
10 40 14
41 71 10
15 41 13
16 41 11
30 41 10
41 194 11
41 213 11
41 42 8
41 127 10
41 79 9
42 211 13
42 97 10
42 122 13
25 42 8
39 42 8
42 146 9
42 126 8
42 114 10
43 188 11
2 43 13
43 82 7
43 130 10
43 100 8
43 70 9
43 94 10
43 60 13
43 195 9
43 156 14
43 222 11
44 225 9
21 44 12
44 184 7
44 207 12
44 169 10
44 139 12
44 59 11
44 182 10
44 224 10
28 44 11
45 242 9
45 249 12
45 122 11
12 45 8
45 151 12
45 228 8
45 103 8
45 227 12
27 45 11
45 139 14
46 223 9
46 98 10
46 113 9
46 248 12
46 243 12
3 46 11
30 46 12
46 219 7
34 47 12
47 152 8
18 47 10
47 108 12
47 173 6
47 51 10
47 202 9
47 63 9
47 196 9
47 146 8
48 193 9
48 96 9
48 211 12
47 48 9
24 48 8
48 64 8
48 111 9
48 172 8
48 87 10
48 83 12
48 115 9
49 228 10
28 49 7
49 52 12
49 154 8
49 185 9
49 72 11
49 107 11
49 162 10
49 182 12
44 50 14
50 107 11
20 50 11
50 122 10
50 189 10
50 75 10
50 183 8
50 193 9
50 116 10
50 162 9
50 142 11
50 248 11
3 51 8
51 52 9
51 207 11
51 69 11
51 119 9
51 153 9
51 112 11
51 227 12
51 180 13
52 132 11
29 52 9
5 52 11
52 244 12
52 95 10
52 190 11
52 230 8
52 203 6
52 188 6
5 53 9
53 119 8
20 53 10
53 120 9
21 53 4
53 236 9
53 66 14
53 165 11
53 210 9
53 232 6
54 201 12
54 68 13
54 229 8
45 54 13
54 214 11
54 80 10
54 200 8
54 168 15
23 54 12
54 183 14
5 54 9
54 159 9
55 110 12
17 55 10
55 136 9
55 124 9
55 184 10
55 249 10
55 177 9
45 55 11
9 55 11
55 241 11
56 101 11
56 128 9
56 186 11
33 56 12
56 216 9
56 58 11
28 56 11
56 120 12
56 219 13
56 140 10
15 57 10
57 187 8
57 227 6
57 225 13
57 114 9
57 166 11
57 217 10
57 148 10
57 197 9
57 179 13
57 104 8
42 58 9
58 155 10
58 216 13
41 58 8
4 58 13
58 82 10
58 238 12
21 58 11
23 59 12
59 161 11
59 183 9
43 59 10
12 59 10
59 135 12
59 179 12
13 59 10
59 206 12
59 207 10
60 231 10
60 249 11
60 84 10
60 99 13
17 60 10
32 60 9
42 60 8
60 119 9
61 220 7
61 167 14
28 61 15
61 230 11
61 202 11
0 61 9
61 182 12
61 219 9
61 205 11
62 148 10
62 160 12
34 62 12
62 199 11
26 62 8
62 196 8
62 244 11
32 62 11
62 197 10
62 129 10
2 63 11
63 142 14
63 176 7
45 63 9
63 143 8
24 63 10
36 63 11
22 63 12
63 180 10
63 198 10
57 63 6
64 171 11
64 234 10
64 225 10
64 128 9
64 143 8
39 64 10
64 70 13
64 213 11
64 97 9
65 113 13
65 208 11
65 214 11
19 65 9
65 119 15
65 243 12
65 173 10
65 100 12
65 194 10
65 151 12
66 177 11
66 74 10
66 93 9
19 66 10
66 219 13
36 66 10
47 66 6
66 68 11
60 66 11
66 108 9
66 238 12
34 67 7
14 67 9
67 89 10
67 171 11
67 177 9
67 225 9
17 67 11
58 67 13
67 76 11
56 67 9
67 158 13
67 206 12
68 194 10
34 68 12
68 167 8
16 68 12
7 68 10
68 125 12
68 99 11
68 121 10
68 89 11
24 68 13
12 68 5
69 100 9
69 72 8
69 75 9
69 93 11
69 108 12
6 69 9
46 69 13
43 69 11
69 181 10
70 125 11
70 103 10
53 70 13
70 201 13
10 70 9
70 181 9
70 244 9
70 170 10
70 104 11
3 70 10
70 221 14
70 239 10
71 215 10
71 136 10
5 71 11
71 200 9
71 221 7
71 93 12
71 98 8
71 222 9
71 162 12
71 138 11
30 71 13
15 71 9
3 72 14
72 240 8
72 103 13
72 182 13
72 96 11
72 174 15
72 93 12
68 72 12
71 72 12
73 227 11
73 192 8
73 210 7
73 144 10
73 94 13
55 73 10
73 130 10
12 73 13
73 137 8
73 193 6
73 216 8
74 214 9
51 74 13
60 74 10
74 248 10
54 74 14
74 223 7
9 74 9
74 202 9
74 173 10
74 198 12
75 235 11
75 200 11
75 98 10
71 75 10
75 165 9
75 127 12
75 195 9
41 75 8
75 102 11
75 160 9
76 160 13
76 189 8
76 135 8
76 153 10
76 246 7
76 219 12
22 76 12
76 226 11
65 76 11
77 181 7
77 135 10
77 98 12
51 77 10
77 222 9
77 94 8
77 200 11
53 77 12
77 215 11
60 78 8
78 89 11
78 114 10
45 78 11
78 184 12
8 78 11
78 245 12
78 240 14
78 143 11
55 78 8
78 208 11
78 170 12
79 108 11
79 110 12
54 79 10
79 89 13
50 79 9
79 102 11
79 157 10
79 185 12
30 79 10
8 79 9
79 194 11
80 109 10
80 151 13
80 82 10
80 164 10
30 80 12
80 169 8
27 80 8
80 167 11
80 91 11
26 81 12
81 227 14
81 128 8
2 81 14
81 245 8
81 222 9
81 170 6
31 81 11
81 97 12
81 131 8
82 188 9
6 82 8
82 156 12
82 93 9
82 86 9
82 239 9
82 95 7
82 169 10
39 82 12
82 231 12
83 238 9
65 83 10
83 223 10
83 202 7
83 217 9
63 83 10
0 83 8
83 229 12
83 184 14
83 216 8
83 237 11
64 84 8
84 123 9
84 195 14
80 84 9
53 84 9
84 156 7
18 84 13
84 247 13
84 190 6
84 126 8
84 176 12
85 99 11
85 166 12
85 213 13
85 90 10
85 238 11
82 85 9
66 85 5
85 230 9
7 85 8
85 191 10
8 85 11
86 177 10
86 185 9
86 164 11
54 86 8
86 176 9
86 120 7
86 113 3
86 178 9
86 115 11
17 86 9
73 87 13
87 204 13
46 87 10
64 87 12
87 205 8
87 195 13
82 87 8
87 212 10
0 87 12
48 88 9
88 245 7
72 88 12
88 171 11
12 88 10
19 88 7
22 88 11
88 247 11
44 89 11
89 249 10
53 89 6
89 140 9
89 184 8
89 194 11
89 175 6
89 187 8
89 130 12
25 89 8
90 117 7
84 90 16
90 144 8
63 90 14
25 90 13
90 113 8
38 90 8
90 154 9
90 143 11
62 91 14
91 238 8
91 176 11
87 91 12
91 192 14
91 101 9
91 180 11
91 142 11
91 216 10
92 169 9
92 101 12
92 97 7
92 173 13
84 92 12
92 234 10
57 92 7
31 92 12
92 151 12
93 129 9
93 188 9
93 137 14
0 93 13
93 158 7
93 240 9
1 93 11
33 93 11
75 93 10
80 93 9
94 116 11
94 232 7
35 94 11
1 94 12
85 94 10
27 94 11
65 94 12
94 154 9
94 179 9
95 188 10
2 95 12
26 95 10
45 95 12
95 222 13
95 99 12
95 178 9
29 95 8
69 95 6
95 177 14
75 96 11
96 184 9
54 96 11
96 209 7
96 166 12
96 150 8
1 96 9
12 96 8
30 96 7
97 165 13
70 97 8
97 184 9
97 144 10
55 97 11
97 104 11
67 97 10
97 153 13
97 162 14
97 199 12
97 207 7
61 98 9
65 98 12
62 98 11
97 98 12
58 98 12
98 143 12
98 135 11
98 220 10
98 244 11
98 154 11
99 189 12
99 151 11
8 99 9
99 207 15
99 205 12
99 129 9
99 247 10
99 206 9
99 148 11
4 99 11
100 232 10
100 210 10
100 173 7
68 100 12
100 104 14
97 100 11
100 154 11
100 215 16
23 100 13
101 192 12
101 234 10
101 215 9
101 236 12
47 101 9
101 135 8
24 101 10
101 208 8
101 113 11
101 241 11
101 174 9
95 101 8
16 102 12
102 213 6
102 104 11
102 182 12
102 193 7
61 102 10
102 184 12
14 102 13
102 118 9
102 234 12
14 103 11
103 229 9
103 113 8
96 103 8
0 103 8
94 103 12
103 154 11
103 209 10
50 103 13
103 233 11
103 136 9
104 187 11
30 104 9
104 227 13
104 219 11
104 107 10
34 104 11
104 114 8
104 140 12
17 104 9
104 204 13
104 193 7
104 246 12
69 104 12
105 136 12
105 247 7
105 138 12
105 175 11
34 105 8
105 135 8
105 200 11
105 174 9
105 121 9
70 106 10
15 106 8
12 106 6
106 167 10
106 168 8
106 237 9
106 121 8
106 247 9
46 106 13
106 195 8
97 106 12
28 107 10
26 107 11
107 200 11
80 107 15
107 202 13
17 107 12
101 107 12
107 232 10
107 193 8
76 107 12
108 239 10
73 108 13
41 108 12
108 135 11
108 184 9
64 108 8
33 108 7
108 232 10
108 204 10
109 148 8
72 109 11
109 201 10
13 109 12
109 196 10
109 208 13
109 185 13
109 176 10
5 109 12
109 187 10
109 143 11
110 169 10
110 211 8
47 110 8
33 110 12
110 115 10
17 110 7
66 110 10
110 227 11
20 110 12
58 110 12
110 242 10
111 216 10
23 111 8
111 225 12
50 111 11
111 178 12
85 111 10
30 111 13
111 234 9
4 111 12
38 111 11
99 112 10
81 112 6
112 182 10
89 112 14
78 112 12
26 112 12
69 112 9
112 200 8
40 112 10
112 212 13
113 173 12
113 181 12
92 113 11
74 113 8
48 113 11
113 163 12
113 146 10
113 132 7
113 216 10
113 193 8
114 171 12
107 114 9
114 165 12
38 114 12
114 134 13
68 114 13
61 114 9
114 118 11
114 247 5
67 114 7
115 205 12
93 115 10
56 115 10
50 115 13
115 135 8
115 244 12
45 115 11
115 160 10
115 153 6
115 222 10
24 116 11
116 242 9
20 116 12
73 116 13
52 116 10
48 116 10
68 116 10
116 214 11
116 118 12
117 240 9
72 117 6
55 117 9
117 171 10
117 143 11
117 160 11
117 186 11
41 117 10
117 163 12
117 208 10
118 249 12
118 245 11
118 222 7
61 118 11
118 244 8
118 233 12
118 215 11
7 118 7
118 185 13
66 119 8
49 119 11
119 200 13
119 165 10
119 120 10
31 119 10
69 119 11
5 119 10
119 129 12
119 206 8
120 190 10
59 120 10
120 131 12
120 208 12
20 120 12
113 120 13
112 120 10
33 120 6
100 120 11
121 217 10
121 186 13
41 121 11
121 196 9
121 177 9
121 149 9
121 138 11
36 121 12
62 121 11
121 147 9
110 122 10
106 122 11
49 122 10
92 122 10
122 162 12
88 122 8
83 122 9
122 164 11
122 156 12
122 129 9
122 247 12
123 225 10
1 123 12
123 229 12
72 123 10
123 228 9
123 158 11
54 123 14
123 147 11
111 123 7
123 134 10
124 158 10
88 124 8
124 131 10
14 124 11
113 124 10
124 230 11
124 242 11
124 210 13
90 124 12
47 125 10
125 154 13
106 125 11
124 125 9
84 125 10
125 139 13
125 238 16
125 204 7
125 169 10
99 126 15
90 126 10
25 126 8
119 126 11
72 126 13
126 140 11
126 228 11
126 240 9
8 127 14
15 127 8
127 244 12
127 248 11
127 167 6
127 215 9
91 127 12
127 192 11
127 223 10
13 127 12
52 128 12
107 128 12
76 128 11
128 218 9
128 171 10
41 128 10
98 128 11
128 237 5
23 129 11
118 129 15
48 129 14
129 218 12
10 129 8
129 168 8
69 129 9
44 129 9
74 130 9
107 130 12
130 137 8
96 130 13
77 130 10
114 130 4
130 206 10
130 180 11
130 202 11
20 131 11
75 131 8
0 131 12
119 131 15
131 151 10
89 131 12
131 230 9
131 234 7
113 131 11
86 131 11
132 160 10
132 187 9
132 144 12
77 132 9
63 132 8
93 132 12
132 188 9
54 132 11
132 136 9
133 232 12
133 168 10
133 144 9
102 133 9
30 133 9
133 216 14
31 133 10
66 133 9
56 133 12
99 133 13
134 213 10
61 134 7
56 134 7
5 134 12
134 221 9
96 134 10
36 134 5
134 191 11
134 199 11
134 233 12
135 213 9
33 135 8
135 172 11
71 135 9
102 135 11
81 135 9
111 135 10
100 135 7
40 135 9
135 211 10
2 136 13
136 214 10
136 248 10
45 136 5
97 136 10
67 136 14
43 136 10
73 136 12
118 136 11
24 137 11
25 137 10
14 137 13
116 137 14
17 137 11
64 137 13
88 137 14
137 217 10
85 137 10
125 137 10
137 175 11
138 218 14
138 147 8
120 138 12
138 186 9
41 138 11
138 179 11
15 138 11
138 168 12
60 138 12
43 138 11
139 219 7
139 190 12
57 139 10
119 139 13
139 143 9
139 218 10
67 139 9
139 161 10
139 164 13
139 162 10
140 195 14
79 140 10
108 140 9
140 145 10
140 239 12
40 140 10
43 140 13
59 140 13
140 247 11
50 140 11
97 141 8
141 225 8
141 177 10
141 160 14
141 202 9
141 156 13
141 181 14
76 141 10
134 141 12
141 158 12
141 213 11
142 200 7
142 178 13
76 142 9
142 230 9
142 144 8
142 202 14
85 142 13
51 142 8
97 142 9
142 204 9
143 182 8
143 156 10
143 217 10
43 143 9
75 143 12
42 143 10
143 197 12
143 246 9
113 143 8
130 143 9
83 143 13
81 144 13
21 144 11
144 192 15
17 144 8
35 144 11
121 144 10
144 231 8
16 144 11
60 144 9
144 178 8
80 144 13
137 145 11
145 237 10
61 145 12
58 145 13
33 145 12
125 145 10
31 145 8
145 207 10
60 145 11
59 145 11
146 215 11
145 146 12
95 146 9
146 171 9
146 223 10
146 235 10
82 146 6
45 146 10
146 150 11
146 245 10
119 146 12
147 222 12
24 147 10
118 147 10
147 202 11
147 217 8
7 147 10
89 147 9
130 147 8
147 208 10
115 147 9
9 147 12
148 247 12
148 176 12
148 152 10
148 209 15
7 148 8
148 228 11
148 204 11
138 148 10
149 201 9
30 149 11
36 149 11
48 149 9
70 149 11
6 149 7
28 149 10
149 156 10
127 149 10
25 149 13
150 224 9
20 150 7
29 150 12
101 150 7
107 150 9
32 150 8
150 154 9
150 244 10
118 150 12
150 211 11
151 214 10
151 228 14
22 151 9
151 179 8
151 224 14
76 151 10
151 164 12
145 151 12
152 192 12
152 237 12
38 152 10
3 152 8
152 215 15
55 152 10
142 152 11
132 152 10
152 217 10
85 152 11
152 193 9
78 152 11
152 153 11
3 153 12
21 153 13
77 153 14
153 232 13
58 153 13
153 156 11
93 153 8
52 153 10
154 158 8
154 170 10
55 154 11
140 154 13
136 154 10
154 213 15
154 205 11
32 154 9
41 154 12
132 154 11
30 155 10
109 155 14
155 212 13
155 173 15
155 183 12
155 168 10
155 177 10
62 155 7
73 156 9
148 156 10
110 156 8
156 229 9
156 241 13
87 156 9
59 156 9
156 177 7
156 231 13
157 161 12
76 157 11
157 196 10
24 157 9
157 203 12
17 157 7
157 169 9
157 211 9
5 157 12
157 187 11
7 158 14
158 243 10
158 179 10
158 213 11
158 199 12
43 158 14
158 163 9
158 242 15
109 158 8
80 159 7
103 159 13
159 171 9
49 159 14
77 159 8
159 223 12
117 159 12
159 245 7
36 159 12
4 159 10
159 176 11
106 160 11
160 234 12
160 219 5
128 160 7
89 160 10
149 160 9
160 220 13
160 221 9
127 160 13
17 161 10
118 161 11
33 161 12
105 161 9
107 161 6
161 172 13
125 161 11
161 181 12
35 161 9
56 162 8
110 162 12
162 181 11
162 227 12
10 162 13
64 162 12
90 162 11
117 162 14
73 162 9
162 218 10
79 162 11
122 163 8
163 207 9
48 163 9
136 163 13
70 163 12
2 163 11
104 163 9
32 163 13
98 163 12
63 163 12
164 226 11
123 164 11
11 164 12
164 234 15
9 164 13
52 164 8
94 164 13
53 164 10
34 164 10
165 174 10
8 165 15
152 165 14
69 165 8
64 165 11
165 231 9
106 165 12
105 165 9
165 232 10
2 165 12
146 165 8
15 166 9
166 171 13
166 248 12
166 226 9
122 166 9
24 166 14
136 166 14
155 166 10
166 186 12
166 244 11
139 167 6
64 167 10
167 209 12
145 167 12
112 167 14
167 223 11
47 167 10
167 203 10
78 167 12
57 167 11
168 185 10
113 168 11
168 195 11
53 168 9
22 168 11
165 168 11
96 168 13
131 168 16
168 226 11
2 168 11
169 247 9
63 169 9
57 169 7
39 169 9
12 169 12
169 188 8
34 169 9
76 169 9
169 171 14
170 174 10
170 188 10
170 173 9
170 205 9
72 170 9
88 170 9
74 170 11
55 170 12
170 216 14
56 171 10
171 201 9
4 171 12
76 171 11
120 171 8
87 171 10
20 171 12
97 171 10
36 171 11
100 171 12
2 172 9
146 172 10
131 172 12
172 231 12
38 172 6
160 172 10
54 172 8
142 172 8
172 243 11
172 205 12
172 174 14
146 173 10
173 249 6
0 173 13
144 173 13
14 173 10
48 173 10
64 173 10
95 173 12
173 194 15
31 174 8
174 190 9
99 174 12
174 198 15
57 174 9
73 174 9
174 215 10
23 174 11
119 174 8
175 194 10
134 175 5
102 175 11
161 175 13
175 209 13
149 175 14
175 187 11
171 175 7
83 175 8
134 176 12
28 176 11
138 176 10
112 176 14
176 231 11
153 176 10
176 195 12
176 203 10
176 183 13
124 176 6
141 176 7
96 176 10
177 201 9
177 209 12
10 177 12
172 177 11
177 195 11
33 177 10
162 177 14
106 177 9
58 177 10
29 177 12
78 178 14
52 178 10
51 178 12
81 178 14
85 178 10
25 178 11
92 178 9
65 178 11
55 178 10
178 209 11
178 241 6
178 237 9
32 179 11
4 179 10
77 179 10
155 179 9
113 179 11
58 179 11
179 238 14
55 179 11
171 179 9
180 213 8
0 180 7
39 180 12
166 180 8
180 188 12
148 180 10
180 201 10
180 217 12
78 180 6
180 212 13
86 181 10
181 182 9
159 181 11
138 181 11
117 181 9
120 181 10
67 181 14
81 181 12
181 245 11
149 181 13
28 181 10
54 181 8
64 182 13
182 216 14
68 182 9
41 182 12
178 182 9
67 182 12
182 186 12
50 182 11
182 222 8
137 182 12
182 194 10
158 183 13
67 183 9
31 183 7
183 224 10
77 183 12
177 183 12
183 248 11
20 183 9
183 187 13
150 183 9
60 184 10
161 184 9
128 184 8
56 184 8
121 184 10
181 184 12
101 184 11
36 184 11
184 204 10
98 184 10
8 185 10
19 185 5
185 245 11
44 185 8
15 185 11
61 185 10
185 242 11
101 185 15
85 185 7
92 185 9
145 186 11
113 186 8
64 186 11
186 239 8
186 238 10
33 186 15
53 186 13
163 186 10
15 186 12
139 186 8
94 187 9
186 187 8
140 187 8
187 227 13
118 187 10
96 187 9
72 187 11
187 208 11
83 187 7
187 217 12
187 237 12
187 219 10
13 188 8
17 188 7
6 188 7
188 213 8
122 188 10
188 235 11
80 188 14
2 188 6
188 189 13
155 188 9
189 209 9
51 189 13
17 189 10
1 189 12
62 189 10
189 220 15
189 235 10
48 189 11
131 189 11
37 190 9
190 217 9
135 190 10
168 190 11
32 190 10
158 190 12
190 231 8
86 190 10
66 190 8
167 190 12
182 190 10
191 248 11
127 191 11
191 194 8
90 191 7
49 191 7
147 191 11
150 191 10
191 217 13
87 191 11
68 191 12
105 192 11
192 195 12
56 192 9
65 192 11
102 192 10
104 192 16
66 192 14
25 192 9
7 192 12
50 192 15
192 193 14
119 193 11
139 193 12
31 193 11
166 193 10
124 193 12
167 193 11
129 193 11
193 227 12
193 245 11
117 193 12
194 242 12
23 194 11
83 194 9
56 194 10
16 194 11
62 194 13
194 223 12
171 194 11
148 194 11
166 194 12
61 194 14
195 199 9
134 195 11
195 224 12
104 195 8
117 195 11
153 195 8
88 195 13
167 195 8
121 195 10
65 195 11
69 196 9
196 204 8
68 196 10
196 206 8
196 207 11
104 196 7
22 196 9
76 196 11
87 197 8
138 197 6
129 197 12
47 197 7
197 199 13
101 197 13
197 204 10
11 197 13
94 197 12
146 197 12
151 198 12
198 240 10
175 198 15
77 198 8
72 198 12
178 198 11
172 198 12
1 198 11
4 198 11
198 228 13
122 198 11
44 199 12
20 199 10
53 199 10
114 199 11
159 199 10
98 199 13
47 199 10
141 199 12
48 199 10
170 199 10
118 200 10
200 215 12
200 238 12
32 200 9
200 241 10
200 202 11
108 200 10
162 200 11
146 200 11
62 201 12
42 201 17
104 201 9
75 201 14
65 201 11
91 201 11
92 201 10
136 201 8
29 201 8
60 201 12
85 201 9
125 202 12
202 222 11
35 202 12
55 202 10
109 202 10
202 223 9
119 202 10
133 202 10
129 202 11
121 203 14
18 203 11
203 221 12
103 203 12
36 203 10
4 203 11
116 203 11
29 203 10
20 203 8
203 214 8
132 203 12
204 214 11
155 204 10
173 204 9
53 204 10
175 204 9
136 204 11
4 204 6
204 230 14
5 204 10
204 220 9
205 212 14
51 205 10
205 221 12
16 205 5
180 205 10
205 214 13
173 205 10
205 231 11
205 241 12
52 206 11
206 209 10
13 206 5
129 206 11
109 206 10
179 206 12
58 206 8
106 206 7
120 206 12
34 206 13
104 206 12
207 227 9
17 207 14
207 214 9
125 207 9
149 207 11
146 207 8
207 217 9
85 207 12
22 207 12
67 207 11
21 207 6
183 208 8
106 208 11
111 208 10
74 208 9
71 208 9
113 208 9
43 208 13
99 208 12
208 230 11
175 208 12
26 208 10
140 209 11
62 209 10
209 242 9
11 209 13
161 209 14
54 209 8
35 209 9
209 213 11
209 240 11
10 209 10
87 209 7
101 209 10
143 210 13
169 210 10
106 210 10
210 245 11
127 210 11
151 210 11
177 210 11
70 210 13
129 210 8
178 210 8
211 216 11
34 211 10
165 211 13
7 211 10
211 241 11
164 211 11
122 211 12
63 211 11
123 211 14
107 211 12
126 211 8
88 212 9
142 212 11
18 212 8
64 212 11
43 212 10
11 212 11
123 212 10
10 212 12
162 212 12
77 213 10
162 213 13
146 213 7
164 213 11
113 213 8
10 213 12
207 213 11
36 213 7
63 213 11
179 213 12
60 213 13
107 214 7
214 249 8
190 214 12
134 214 8
214 242 13
198 214 9
214 224 9
135 214 15
62 214 8
34 214 11
25 215 9
210 215 9
147 215 13
160 215 8
99 215 8
83 215 9
188 215 9
10 215 10
182 215 7
213 215 14
177 215 9
75 216 12
173 216 11
177 216 8
134 216 7
109 216 11
90 216 9
9 216 8
78 216 14
33 216 13
32 216 12
46 216 11
139 217 11
123 217 14
110 217 9
175 217 12
196 217 12
68 217 10
82 217 9
217 247 10
73 217 16
21 218 10
158 218 14
134 218 11
136 218 12
75 218 10
157 218 12
105 218 13
213 218 15
218 223 11
8 218 12
219 237 10
54 219 11
219 244 13
133 219 9
59 219 13
144 219 11
126 219 14
13 219 10
204 219 9
219 226 11
19 220 12
220 238 10
104 220 12
187 220 7
23 220 12
94 220 10
21 220 9
159 220 8
220 240 11
32 220 10
168 221 10
82 221 12
130 221 10
221 238 10
109 221 12
101 221 9
60 221 10
221 245 8
218 221 10
86 221 8
75 222 10
27 222 12
17 222 13
35 222 15
30 222 10
142 222 10
177 222 8
211 222 10
114 222 7
26 222 10
223 232 11
79 223 8
67 223 13
71 223 9
25 223 8
94 223 12
126 223 8
134 223 10
24 224 12
199 224 6
163 224 11
215 224 11
143 224 10
78 224 8
224 229 8
131 224 11
103 224 9
157 224 9
225 233 11
159 225 13
185 225 6
72 225 13
225 246 13
59 225 9
60 225 7
161 225 8
152 225 9
225 230 16
120 226 13
169 226 9
31 226 12
180 226 6
82 226 13
47 226 8
178 226 10
181 226 8
21 226 10
198 226 8
184 226 11
60 226 13
61 227 14
227 242 12
222 227 11
141 227 13
119 227 12
101 227 7
133 227 11
227 239 8
40 227 11
126 227 12
217 228 8
53 228 7
147 228 9
201 228 10
108 228 8
114 228 11
199 228 10
47 228 12
228 240 11
228 230 9
145 229 10
70 229 14
182 229 16
157 229 10
31 229 8
211 229 12
142 229 8
199 229 11
207 229 10
71 229 10
36 229 13
164 230 10
25 230 7
32 230 12
197 230 10
50 230 11
44 230 12
222 230 10
119 230 12
128 230 10
192 230 9
92 231 13
207 231 11
106 231 13
79 231 11
183 231 10
196 231 11
140 231 12
31 231 11
6 231 10
224 231 9
131 232 10
232 238 11
50 232 8
221 232 8
196 232 11
70 232 10
103 232 13
150 232 11
194 232 9
1 232 10
173 232 10
26 232 13
184 233 9
37 233 13
141 233 14
155 233 10
72 233 10
227 233 12
233 241 11
216 233 12
203 233 10
132 233 11
234 242 12
84 234 10
42 234 13
23 234 14
142 234 8
76 234 10
70 234 13
184 234 10
174 234 8
1 234 8
209 235 10
73 235 12
192 235 11
15 235 8
177 235 9
234 235 14
231 235 8
235 249 11
235 239 11
183 235 10
3 235 9
139 236 11
188 236 10
131 236 11
140 236 7
204 236 12
48 236 11
12 236 9
222 236 5
124 236 8
74 236 10
119 236 9
222 237 8
199 237 7
14 237 12
124 237 12
134 237 10
58 237 11
214 237 8
32 237 8
33 237 12
232 237 10
155 238 13
219 238 12
124 238 12
236 238 7
197 238 9
222 238 12
189 238 12
75 238 9
102 238 7
17 238 8
40 239 8
176 239 12
44 239 12
223 239 12
19 239 12
32 239 12
239 240 11
165 239 9
191 239 8
159 240 9
70 240 11
99 240 10
71 240 10
227 240 10
58 240 9
30 240 11
69 240 11
240 242 12
136 240 9
171 241 11
170 241 14
70 241 13
53 241 13
24 241 8
117 241 12
66 241 11
151 241 11
81 241 6
207 241 10
138 242 13
161 242 13
57 242 8
74 242 11
60 242 9
93 242 6
107 242 5
106 242 13
22 242 12
201 242 11
175 242 9
134 243 10
155 243 7
120 243 12
220 243 6
69 243 12
177 243 14
122 243 13
108 243 12
51 243 8
205 243 14
38 244 9
59 244 10
117 244 12
233 244 14
215 244 9
227 244 12
139 244 6
47 244 13
41 244 8
73 244 12
24 245 9
44 245 11
124 245 9
224 245 12
17 245 9
136 245 8
112 245 11
141 245 14
66 245 8
103 246 12
240 246 13
69 246 11
36 246 12
147 246 13
22 246 9
162 246 13
200 246 11
18 246 13
66 246 15
170 247 6
191 247 13
34 247 10
139 247 9
92 247 15
16 247 12
184 247 15
33 247 10
132 247 10
210 247 9
222 248 11
238 248 12
244 248 10
185 248 9
148 248 12
134 248 6
132 248 13
182 248 10
35 248 12
12 248 10
195 249 9
138 249 12
36 249 13
16 249 13
128 249 8
75 249 9
51 249 11
211 249 10
79 249 8
168 249 11
