250
0
7
6
2
8
6
10
8
8
3
8
5
3
2
6
10
4
8
6
1
4
8
1
7
8
9
8
6
6
9
9
4
8
8
6
3
1
6
3
4
4
7
6
10
8
3
8
4
9
2
6
9
8
2
7
10
4
4
7
10
8
1
8
1
2
8
6
2
4
9
7
3
9
2
8
3
9
6
2
1
7
7
8
3
1
9
10
8
5
5
5
4
6
6
5
9
7
4
5
9
7
6
7
3
3
7
4
7
2
10
7
7
4
1
5
3
7
3
5
4
8
9
9
1
7
4
4
3
4
9
5
9
5
6
6
10
6
7
5
1
2
5
3
9
7
2
7
7
7
3
9
2
9
7
3
5
6
1
8
7
5
8
8
7
8
8
5
8
4
5
10
8
9
7
8
4
9
4
1
10
2
4
9
7
6
8
10
7
8
5
3
4
5
6
8
4
9
7
3
1
1
7
9
3
1
2
7
9
9
4
5
5
8
4
7
5
4
10
6
5
9
6
1
4
8
1
2
9
5
6
4
7
4
2
7
6
5
2
8
8
2
6
5
7
4
2
4
4
3
8
0 136 11
0 132 8
0 74 12
0 182 13
0 89 13
1 87 10
1 14 9
1 8 11
2 81 8
2 234 11
3 223 12
3 75 9
3 178 12
3 187 13
3 48 10
4 218 9
4 108 9
4 35 14
4 63 10
5 137 12
5 81 12
5 53 12
5 95 14
5 158 12
6 209 11
6 43 8
6 121 10
6 34 8
6 185 8
7 224 8
7 125 11
7 84 12
7 27 9
7 179 11
7 220 11
8 134 11
8 241 12
8 169 10
8 62 10
9 142 11
9 93 12
9 68 11
9 77 11
9 58 11
9 212 11
9 117 10
10 180 13
10 195 9
10 154 16
11 96 10
11 249 9
11 176 9
11 72 10
11 219 9
12 84 14
12 226 15
12 231 10
12 171 7
12 147 14
12 19 12
13 195 10
13 171 11
13 79 12
13 245 10
13 215 10
13 236 11
13 89 10
14 160 8
14 22 13
14 202 13
14 199 10
14 226 10
14 222 7
15 91 12
15 216 9
15 77 10
15 123 13
15 139 14
16 97 12
16 222 12
16 234 11
16 130 8
16 187 8
16 82 9
17 197 8
17 202 12
17 189 10
17 30 14
17 199 14
18 143 14
18 65 14
18 230 9
18 71 11
19 249 11
19 227 12
19 47 8
19 86 9
19 23 7
19 49 14
20 211 10
20 161 15
20 231 11
20 149 13
20 122 11
20 214 5
21 143 7
21 235 9
21 46 11
21 198 8
21 124 11
21 160 13
22 32 13
22 177 10
22 149 8
22 66 10
22 210 11
23 170 7
23 138 13
0 23 12
23 224 11
15 23 12
23 163 10
23 181 9
24 122 13
24 134 10
24 118 11
24 136 11
24 73 10
9 24 9
18 24 13
25 74 12
25 122 13
25 114 14
25 173 8
26 240 12
26 224 10
26 47 11
26 200 9
26 86 12
27 226 11
27 189 10
27 130 12
27 175 8
27 186 14
27 80 13
28 220 7
28 77 11
28 37 11
28 168 9
22 28 12
28 61 10
29 243 9
29 130 10
29 181 10
29 244 10
29 182 10
29 146 9
30 227 8
30 249 10
30 143 9
30 148 7
31 54 11
31 110 11
31 233 12
31 153 12
31 86 13
31 64 12
32 144 11
32 82 8
32 100 12
32 47 6
32 46 9
9 33 9
33 222 11
33 139 9
33 164 14
33 46 10
33 140 11
28 33 10
34 176 13
16 34 14
34 233 10
34 237 7
34 162 11
5 35 11
35 192 10
35 148 16
25 35 10
35 103 10
36 107 10
36 150 11
36 120 11
36 212 10
36 45 8
36 118 7
17 36 7
37 73 10
37 214 11
37 236 10
37 162 8
38 57 12
38 209 13
38 187 12
38 228 11
39 214 8
15 39 9
39 74 7
39 224 13
40 125 9
40 221 6
40 163 13
40 110 15
40 90 12
40 114 12
41 69 11
22 41 12
41 189 9
41 173 11
41 181 7
41 159 13
42 99 11
36 42 8
42 172 11
42 115 10
42 111 7
5 43 10
43 104 12
43 119 12
8 43 11
43 88 11
44 167 8
44 72 12
25 44 12
44 249 9
44 77 11
44 210 10
45 80 9
45 230 10
45 81 12
45 244 11
45 68 10
45 183 13
46 194 7
46 220 11
46 98 10
46 140 12
47 106 12
47 234 11
47 95 10
47 188 14
47 164 13
48 170 6
48 89 8
48 59 7
29 49 9
49 229 13
49 248 10
49 226 7
49 183 11
50 100 10
16 50 10
50 122 14
50 238 9
47 50 11
51 72 8
51 232 14
51 208 13
51 138 12
12 51 11
51 178 10
52 241 9
52 185 11
52 234 7
52 209 9
45 53 8
53 91 8
53 231 9
10 53 7
20 53 9
48 54 11
44 54 11
13 54 11
54 245 6
54 125 15
55 206 11
55 112 12
55 98 11
55 137 11
33 55 13
38 56 8
56 147 12
56 97 7
40 56 12
57 183 11
55 57 12
57 152 10
57 163 10
57 67 8
58 124 11
58 234 10
58 144 11
58 221 7
59 145 6
59 163 11
3 59 12
60 70 8
60 192 13
21 60 14
60 237 8
34 60 11
60 170 10
61 70 11
33 61 14
61 222 10
61 139 9
42 61 12
62 214 10
62 173 12
62 134 8
62 221 9
62 115 6
63 187 10
63 186 8
63 159 10
40 63 11
63 167 9
64 75 12
64 88 10
64 206 9
24 64 10
64 249 12
64 133 10
65 76 8
65 205 11
65 222 8
65 152 11
65 87 11
66 183 9
63 66 5
66 230 10
2 66 14
66 109 11
67 133 13
67 222 11
34 67 13
67 147 9
68 221 10
68 245 9
68 233 11
68 135 11
68 223 13
68 102 9
69 108 13
65 69 13
69 157 8
42 69 12
17 69 8
22 69 10
70 152 9
70 113 10
39 70 13
70 126 13
38 70 9
71 169 7
71 168 13
71 247 10
71 209 12
71 190 11
71 206 10
53 72 5
72 249 8
72 217 11
72 112 8
20 72 11
14 73 14
67 73 11
40 73 10
73 203 14
38 73 10
73 95 13
74 88 9
29 74 10
74 119 7
74 234 9
75 214 9
75 211 10
75 136 11
9 75 10
75 110 10
76 129 11
76 210 9
76 97 13
72 76 12
77 212 11
77 146 8
77 83 7
78 88 9
30 78 12
78 120 9
78 110 11
78 248 11
14 78 8
79 90 10
46 79 10
79 107 13
65 79 11
20 79 8
80 202 14
63 80 11
80 99 9
52 80 12
80 152 12
81 83 9
81 158 12
81 113 8
81 210 13
81 137 10
82 109 12
82 154 9
34 82 11
67 82 12
82 134 11
83 115 10
36 83 12
48 83 10
79 83 13
83 162 12
22 83 11
84 108 7
84 89 12
84 213 8
84 98 7
84 174 13
85 142 11
85 160 12
71 85 9
85 119 9
85 146 14
86 90 9
86 233 13
86 211 13
48 86 12
87 101 8
87 234 15
40 87 12
0 87 9
39 87 7
88 158 13
88 172 11
73 88 11
88 156 11
88 92 10
88 128 15
88 153 11
89 223 12
89 118 9
79 89 10
89 142 9
89 158 10
18 90 11
90 171 12
62 90 8
61 90 9
91 113 11
91 102 11
41 91 8
91 185 13
5 91 10
9 91 9
92 128 10
92 106 12
92 196 10
92 240 9
65 93 8
93 121 15
93 126 10
92 93 11
22 93 8
4 93 13
67 94 8
94 162 11
94 173 13
64 94 15
94 207 14
94 131 14
95 216 7
95 214 11
95 188 10
95 96 9
0 95 9
61 95 13
96 154 13
96 185 9
96 136 6
96 162 12
96 140 12
63 97 8
97 241 14
80 97 11
97 219 13
98 198 10
52 98 10
98 116 10
98 241 9
98 192 14
61 99 11
99 161 8
99 120 11
99 209 15
63 99 13
96 99 10
99 198 10
8 100 8
27 100 6
100 104 12
40 100 8
101 147 14
22 101 10
69 101 12
101 130 9
102 228 14
102 180 9
37 102 11
102 129 11
102 131 11
31 102 8
103 112 12
103 189 14
65 103 10
30 103 10
60 103 9
104 177 10
62 104 13
29 104 9
104 232 6
71 105 13
105 117 12
105 114 9
105 236 13
105 202 7
29 105 14
106 156 8
74 106 8
25 106 12
106 224 10
55 106 8
107 111 12
59 107 13
35 107 11
107 209 13
0 108 10
108 235 14
108 241 10
95 108 6
29 108 9
109 125 13
35 109 10
73 109 8
109 174 11
109 200 12
53 109 12
68 110 8
110 146 11
110 234 10
6 111 10
111 129 12
111 209 13
3 111 11
61 111 9
21 112 13
112 232 13
112 211 13
112 246 9
16 112 12
113 138 10
113 217 13
113 202 10
72 113 9
113 121 10
113 207 11
114 204 10
51 114 7
114 195 9
114 120 11
114 138 10
114 197 7
74 115 11
115 163 10
115 246 11
115 205 12
116 185 11
66 116 10
35 116 12
64 116 12
19 116 10
117 221 11
117 203 9
55 117 9
117 153 12
19 117 10
59 118 9
52 118 8
54 118 11
57 118 10
118 230 12
25 119 11
51 119 10
56 119 10
119 179 9
120 171 13
120 128 14
9 120 14
120 191 6
16 121 10
108 121 11
41 121 10
18 121 10
121 129 9
84 122 10
122 161 12
101 123 11
123 160 10
123 167 13
121 124 11
39 124 9
124 134 6
124 181 11
90 125 11
39 125 9
125 137 11
23 125 11
125 182 9
126 153 9
126 176 13
126 171 8
126 156 14
46 127 12
21 127 11
7 127 9
127 157 8
47 127 11
128 154 12
2 128 8
128 177 13
3 128 11
23 128 10
59 129 12
129 244 9
129 142 12
129 238 12
34 129 15
58 130 12
130 186 11
37 130 9
90 130 9
130 245 12
82 130 11
37 131 8
131 201 12
123 131 13
19 131 10
131 206 11
131 200 5
132 182 9
132 165 12
38 132 11
48 132 7
39 133 12
45 133 7
133 157 13
133 179 13
17 134 10
106 134 10
134 163 9
134 152 14
72 134 9
135 173 10
86 135 12
135 159 11
136 155 11
136 174 9
38 136 10
136 138 10
71 136 11
136 188 12
33 137 13
137 178 10
71 137 11
137 173 10
42 137 13
54 138 11
0 138 13
120 138 10
58 138 5
102 139 12
66 139 10
139 214 12
140 156 11
55 140 9
126 140 10
140 207 13
140 195 10
141 158 11
18 141 11
141 152 13
142 165 10
17 142 10
142 241 13
142 226 14
142 244 4
15 143 7
143 191 10
143 162 9
143 177 10
143 214 8
133 143 9
136 144 8
71 144 7
144 174 10
144 183 10
134 145 12
145 170 12
145 199 10
87 145 11
145 180 13
145 215 12
18 146 7
146 201 10
146 185 8
146 222 11
54 146 8
8 147 9
51 147 11
118 147 12
60 147 10
113 148 9
26 148 9
148 220 10
91 148 10
124 149 10
149 234 12
149 185 9
37 149 13
84 149 11
116 149 10
69 150 11
93 150 11
43 150 9
150 229 13
97 150 10
101 151 11
146 151 12
151 157 8
120 151 8
151 243 11
152 166 13
38 152 10
90 152 11
144 152 10
152 246 10
35 153 10
75 153 12
153 185 10
153 247 6
153 220 12
72 154 10
92 154 10
154 162 10
149 154 7
35 154 7
116 154 10
52 155 15
155 232 11
155 215 9
155 160 13
32 155 13
14 156 13
95 156 12
45 156 10
79 156 10
131 156 13
119 157 9
36 157 11
38 157 10
157 248 9
70 157 5
157 187 10
147 157 12
158 242 11
158 217 8
158 245 11
76 158 11
40 158 9
159 216 10
112 159 11
117 159 14
34 159 10
25 159 12
40 159 8
1 160 7
160 224 11
117 160 10
50 160 12
79 160 6
11 160 12
101 161 8
100 161 11
22 161 14
161 188 7
161 237 14
58 162 10
79 162 11
67 162 7
93 162 9
62 163 10
163 206 13
35 163 11
75 163 10
163 244 8
129 163 13
48 164 8
109 164 8
164 198 12
156 164 10
164 205 10
128 165 8
56 165 11
86 165 10
165 207 12
154 165 12
166 206 10
166 213 10
166 215 10
43 166 12
8 166 13
36 166 10
153 166 9
148 167 11
167 218 12
107 167 11
167 249 13
91 167 9
36 168 10
89 168 12
166 168 13
130 168 12
168 203 11
168 224 8
25 169 12
169 215 7
169 181 12
41 169 12
15 170 8
127 170 9
170 190 11
52 170 14
35 170 9
170 234 10
74 171 15
171 233 11
88 171 12
171 222 9
171 172 11
132 172 10
172 246 12
138 172 12
53 173 10
173 233 7
153 173 11
88 173 13
173 238 11
58 173 8
35 174 11
4 174 9
174 218 8
1 174 11
162 174 12
174 246 12
6 175 11
58 175 12
175 187 12
57 175 12
176 218 10
4 176 11
70 176 9
66 176 7
43 176 8
166 177 13
177 187 15
177 222 9
31 177 9
99 177 9
54 177 9
139 178 9
178 204 10
9 178 11
59 178 11
24 179 12
158 179 12
37 179 11
175 179 11
89 179 7
49 180 10
91 180 11
99 180 9
97 180 11
180 207 12
115 181 10
86 181 12
181 232 8
132 181 9
82 181 12
78 182 11
70 182 12
91 182 6
172 182 13
135 182 8
54 182 13
108 183 8
183 236 6
30 183 8
183 245 9
183 243 8
143 183 11
131 184 11
184 200 13
184 240 9
78 184 9
183 185 13
0 185 10
27 185 9
144 185 12
49 185 10
185 205 15
135 186 12
35 186 9
175 186 11
77 186 8
17 187 13
26 187 12
10 187 9
68 187 10
179 187 12
127 188 15
112 188 10
73 188 9
188 230 11
188 194 8
71 188 15
11 189 10
143 189 10
29 189 12
156 189 11
54 189 9
81 189 14
64 189 10
133 190 14
127 190 11
190 207 12
190 215 10
187 190 11
122 191 11
139 191 12
114 191 10
18 191 13
104 191 9
128 192 10
192 246 9
124 192 7
56 192 7
192 237 13
192 225 10
71 193 9
164 193 11
114 193 9
87 193 10
146 193 12
59 194 10
194 221 11
140 194 9
41 194 9
132 195 8
7 195 12
111 195 11
195 224 12
37 195 13
182 195 12
33 196 8
48 196 11
77 196 12
141 196 7
94 196 11
190 196 9
87 197 11
82 197 11
197 218 11
190 197 11
103 197 14
39 197 7
73 198 13
35 198 9
78 198 10
198 207 10
28 198 9
198 247 11
199 225 12
119 199 10
199 215 10
10 199 12
57 199 10
200 241 10
142 200 14
32 200 10
72 200 10
50 201 8
93 201 9
26 201 11
79 201 13
150 202 13
175 202 11
73 202 8
56 202 14
95 202 10
60 203 13
53 203 12
63 203 11
93 204 12
155 204 12
23 204 11
204 234 11
204 225 11
34 204 11
96 205 12
142 205 5
19 205 7
201 206 6
206 221 9
197 206 12
58 206 12
172 206 11
174 206 13
175 207 12
33 207 9
205 207 10
2 207 12
110 207 9
82 208 13
19 208 11
61 208 10
41 208 9
97 208 9
3 208 11
166 209 14
95 209 11
130 209 10
193 209 10
0 209 11
169 210 8
210 225 9
198 210 12
36 210 9
50 210 7
95 210 13
56 210 12
60 211 13
105 211 7
211 232 9
211 218 11
60 212 17
152 212 10
30 212 12
166 212 8
213 227 11
58 213 10
40 213 10
85 213 10
79 213 11
214 248 8
203 214 13
28 214 10
86 214 7
215 248 14
122 215 10
74 215 5
24 215 15
50 215 10
216 230 7
75 216 8
213 216 10
216 242 11
4 216 12
192 217 10
7 217 14
217 219 11
217 244 11
217 246 9
217 227 8
218 249 10
5 218 13
218 224 9
152 218 13
171 218 12
86 219 11
43 219 6
189 219 8
134 219 10
165 220 13
56 220 15
40 220 9
220 227 11
65 220 14
106 221 9
51 221 8
86 221 9
141 221 11
37 221 8
31 221 9
143 222 11
222 224 9
0 222 11
76 222 11
198 222 11
23 223 7
151 223 9
92 223 10
193 223 13
44 223 12
0 224 9
158 224 11
45 224 9
129 224 11
208 224 13
8 224 7
81 225 8
52 225 11
0 225 10
211 225 10
209 225 13
142 225 10
112 226 15
53 226 9
175 226 8
23 226 10
226 237 12
63 226 14
7 227 9
18 227 12
114 227 8
227 247 9
196 227 8
100 228 12
212 228 13
228 236 13
44 228 11
217 228 11
164 229 10
115 229 10
157 229 9
184 229 10
158 229 12
85 230 14
51 230 7
35 230 10
1 230 11
231 241 8
32 231 8
36 231 11
100 231 11
140 231 11
66 232 9
38 232 13
176 232 13
125 232 8
224 232 10
137 232 11
61 233 11
196 233 12
142 233 13
106 233 7
94 233 9
88 233 9
20 234 13
153 234 13
176 234 11
161 234 10
116 234 10
103 234 9
210 235 7
179 235 10
152 235 13
125 235 7
165 235 13
227 236 10
44 236 5
140 236 10
236 238 11
19 236 11
123 237 11
176 237 9
213 237 12
189 237 12
220 238 11
237 238 11
74 238 12
223 238 11
218 238 6
30 239 12
200 239 11
178 239 13
217 240 13
171 240 11
113 240 13
156 240 11
189 241 10
21 241 9
161 242 7
217 242 11
180 242 11
20 242 12
132 242 11
6 242 12
94 243 11
22 243 6
60 243 11
35 243 11
36 243 10
202 243 9
210 244 11
127 244 9
224 244 10
216 244 10
120 244 10
174 244 12
52 244 10
10 245 12
32 245 9
131 245 11
60 245 8
241 245 8
66 246 11
129 246 11
170 246 9
205 246 11
210 246 10
156 246 12
245 247 12
58 247 10
161 247 10
25 247 10
44 248 13
88 248 9
206 248 13
71 248 12
226 248 10
69 249 12
227 249 11
154 249 11
123 249 12
224 249 12
229 249 11
206 249 9
