250
0
9
2
9
8
2
3
1
6
10
6
7
4
2
3
9
2
9
5
8
5
10
4
10
9
7
6
3
2
9
7
6
1
8
4
2
4
5
1
7
1
6
3
5
8
5
8
2
3
6
4
7
9
5
8
5
8
4
8
2
6
7
3
9
9
4
2
10
1
7
8
9
4
4
2
9
1
10
10
6
7
8
4
4
9
4
2
2
4
8
6
3
9
6
1
9
4
3
3
9
3
7
9
6
8
4
1
5
4
10
10
3
3
6
2
3
5
6
7
8
3
6
3
2
6
2
8
6
6
4
7
7
8
7
8
3
8
2
6
8
3
5
8
3
4
8
4
2
3
6
4
7
6
4
7
5
4
3
5
5
5
1
9
7
5
1
6
9
2
8
3
8
5
6
8
5
8
6
7
2
10
3
8
7
7
2
3
7
5
5
4
4
8
1
9
8
5
4
3
4
8
3
5
1
1
7
8
3
5
5
4
8
6
4
7
6
4
1
5
3
5
8
10
8
2
5
1
2
2
1
3
8
8
8
4
5
6
8
7
2
9
6
5
5
7
6
9
1
3
5
0 170 11
0 199 12
0 187 10
0 44 13
0 53 14
0 32 7
0 197 11
0 41 13
0 23 10
0 100 11
0 146 11
0 47 9
1 92 6
1 113 10
1 18 7
1 41 12
1 180 10
1 126 11
1 35 9
1 21 10
1 150 10
2 167 10
2 94 12
2 191 9
2 58 13
2 248 11
2 64 11
2 114 11
2 39 11
2 65 14
3 67 11
3 170 12
3 155 9
3 117 9
3 73 12
3 100 11
1 3 8
3 115 11
3 20 7
3 156 11
3 179 9
4 32 8
4 96 9
4 214 12
4 227 10
4 149 14
4 22 10
4 35 9
4 110 13
4 95 10
4 13 10
5 14 12
5 37 10
5 246 9
5 173 10
5 56 11
5 241 8
5 38 11
5 230 11
5 128 10
5 109 9
5 88 6
6 96 11
6 156 12
6 168 11
6 46 10
6 87 9
6 29 13
6 110 15
6 133 14
6 92 7
6 199 12
7 92 9
7 12 13
7 111 10
7 237 11
7 110 11
7 38 8
7 213 10
7 104 9
7 85 8
8 189 10
8 44 10
8 199 8
8 50 8
8 89 11
8 101 11
8 235 11
8 99 8
8 169 13
9 185 12
9 242 8
9 119 7
7 9 7
9 129 13
9 167 13
9 111 15
10 72 11
10 154 14
10 195 10
10 76 12
10 135 7
10 175 11
10 53 11
10 172 8
10 145 9
11 36 11
11 226 11
11 24 10
1 11 7
11 213 11
11 210 12
11 34 15
11 196 11
11 51 8
11 178 10
12 182 12
12 223 15
5 12 8
12 234 7
12 190 11
12 69 12
12 87 9
12 36 11
12 97 12
12 219 9
13 23 10
13 25 7
13 84 11
13 79 13
13 179 7
13 119 8
13 127 11
13 131 11
13 228 11
13 235 12
13 186 11
14 89 9
14 53 10
14 156 11
14 186 11
14 225 10
14 124 9
14 213 11
14 19 10
14 118 14
14 179 11
14 233 7
15 65 5
15 42 11
15 64 11
15 104 10
11 15 8
15 133 13
15 110 9
13 15 13
15 239 7
15 45 9
15 144 9
16 105 9
16 202 8
16 114 9
16 100 12
16 53 10
16 189 9
16 153 12
16 130 8
16 201 12
17 71 11
17 215 8
7 17 9
17 157 9
0 17 10
17 128 12
17 66 10
17 38 14
17 33 9
9 17 11
17 154 7
18 184 12
18 216 10
18 227 11
18 34 12
18 135 13
18 83 12
18 50 9
18 143 10
18 241 14
18 37 8
19 49 5
19 210 11
19 94 8
19 57 13
19 120 12
19 126 11
19 129 11
19 142 10
20 244 9
20 81 11
20 59 12
20 228 10
20 161 13
20 47 14
20 54 11
7 20 9
20 198 9
20 93 15
20 82 10
21 97 11
21 227 11
21 160 14
21 90 9
21 44 7
15 21 11
9 21 10
21 102 11
21 203 11
21 24 8
22 119 5
22 186 9
22 87 9
22 145 11
22 100 15
22 25 13
22 245 14
22 52 13
22 41 10
22 157 10
23 65 11
23 139 9
23 25 8
23 28 10
23 78 13
6 23 9
23 131 12
23 98 5
23 224 12
23 226 11
23 175 12
23 75 11
24 186 12
24 242 12
24 30 6
24 238 7
24 154 8
24 98 10
24 201 11
24 128 14
24 56 9
24 198 10
24 143 9
25 233 8
25 244 13
25 132 14
25 107 12
25 225 15
25 127 9
20 25 10
25 104 14
25 130 7
26 108 10
26 130 9
26 40 11
0 26 10
26 88 15
26 110 12
26 38 12
12 26 8
26 237 13
17 26 12
27 248 12
27 215 12
27 52 10
3 27 10
27 96 7
27 129 10
27 67 11
27 236 8
25 27 11
27 162 8
28 69 8
28 83 8
28 67 12
28 81 9
28 58 8
28 56 10
28 126 14
28 233 8
7 28 10
28 91 13
0 28 5
28 29 13
29 122 8
29 42 12
29 54 10
5 29 11
29 133 10
29 245 12
29 229 10
29 180 10
29 145 10
29 118 13
29 227 8
29 175 9
30 175 9
30 122 10
30 96 10
30 147 9
30 124 11
30 110 9
30 183 14
30 137 11
30 217 10
31 95 13
31 38 8
23 31 10
1 31 10
22 31 12
31 122 9
31 72 11
31 193 11
31 102 12
31 249 13
32 171 9
32 88 8
32 183 10
6 32 10
32 79 8
32 139 7
32 215 10
32 107 12
29 32 11
32 149 12
32 240 7
32 33 12
33 82 11
33 210 13
33 130 10
33 151 12
33 208 11
33 166 10
33 179 12
33 44 16
34 175 9
34 225 7
34 124 12
34 228 10
34 39 4
34 197 8
34 145 7
34 150 13
34 62 10
34 153 11
9 34 11
17 35 10
35 81 13
35 57 11
35 147 14
35 158 9
35 128 10
35 166 9
8 35 11
35 105 12
35 190 9
36 122 11
36 96 9
19 36 7
36 128 11
26 36 8
36 183 9
36 48 11
36 150 8
10 36 11
36 133 12
37 201 9
17 37 9
37 217 11
9 37 13
37 84 13
37 76 9
37 187 12
37 141 12
33 37 11
1 37 10
37 44 15
34 38 12
38 41 10
38 133 11
38 66 8
38 51 8
38 207 11
38 126 11
38 165 9
38 206 14
38 122 11
38 155 11
38 88 9
1 39 11
39 144 9
39 232 11
13 39 8
39 192 8
39 191 13
36 39 12
39 89 8
39 175 10
39 58 13
39 173 12
14 40 11
40 73 9
40 167 12
40 148 11
40 246 14
40 202 13
40 76 12
40 67 12
40 217 14
11 40 12
40 141 9
40 135 11
41 84 11
41 114 12
41 91 13
25 41 13
41 130 10
9 41 11
41 205 13
41 87 12
41 199 11
21 42 11
42 148 12
42 64 10
42 187 15
42 63 14
42 223 11
42 138 15
42 211 9
42 230 10
42 139 9
43 215 9
43 88 11
43 240 13
43 120 7
43 221 11
43 114 6
43 90 8
43 80 7
43 67 9
44 99 9
44 224 9
44 238 11
44 171 10
44 66 13
44 200 10
44 63 9
16 44 11
44 174 12
44 111 11
45 233 11
45 88 11
45 232 7
45 101 11
45 105 11
45 47 11
45 61 8
27 45 9
45 148 10
46 237 10
13 46 13
36 46 14
46 206 7
46 66 8
46 156 9
46 175 7
46 88 12
46 144 11
46 94 11
46 64 10
46 115 13
47 189 13
47 227 10
47 87 11
47 89 15
47 92 13
47 161 11
31 47 10
47 244 10
47 142 14
47 213 10
47 154 11
48 132 13
37 48 9
48 56 11
48 249 10
48 181 10
48 156 10
44 48 11
48 199 7
48 89 9
31 48 10
39 48 13
49 224 8
49 235 11
49 216 12
28 49 8
49 88 8
49 159 9
37 49 6
49 191 11
49 80 10
49 91 14
30 50 14
50 132 11
9 50 8
50 182 10
50 227 8
50 174 10
50 71 11
3 50 14
35 50 11
51 169 8
20 51 13
13 51 10
34 51 12
51 192 12
51 197 11
51 227 8
51 160 16
51 203 10
51 59 11
52 104 9
52 145 14
52 162 12
52 175 12
3 52 7
52 211 13
52 63 8
52 124 11
52 244 13
52 179 11
53 104 9
53 175 9
53 173 13
35 53 11
53 201 9
15 53 11
53 182 11
53 220 7
53 74 14
21 53 12
54 169 10
54 235 14
54 127 9
54 95 13
54 130 10
54 66 10
54 78 11
54 193 13
54 184 9
55 113 11
42 55 16
55 246 10
55 172 12
43 55 7
55 236 12
50 55 12
55 56 9
55 179 11
55 135 13
56 100 9
56 87 8
56 239 14
56 209 14
56 185 12
56 234 10
56 71 9
56 102 9
56 158 11
41 56 7
56 94 8
56 91 11
10 57 10
57 204 11
57 206 11
57 81 9
57 228 9
57 67 7
8 57 12
13 57 10
57 156 13
53 57 10
30 58 13
58 79 11
13 58 15
58 104 12
58 229 9
58 114 11
58 108 13
58 115 15
58 194 9
58 94 9
59 242 14
30 59 11
38 59 10
32 59 9
58 59 9
59 196 9
34 59 14
59 89 10
59 175 9
60 136 11
60 235 11
60 225 8
6 60 5
60 90 11
60 141 10
60 188 6
53 60 9
60 215 9
60 124 15
60 196 10
61 145 10
61 161 9
5 61 14
41 61 13
61 131 11
61 133 10
1 61 13
50 61 8
62 160 12
62 101 10
62 83 12
62 123 8
62 201 8
21 62 11
62 241 8
61 62 12
62 129 10
62 135 13
62 77 12
58 63 11
63 84 11
16 63 10
31 63 8
56 63 9
63 187 13
63 128 8
63 111 9
63 206 10
63 162 10
27 63 9
64 102 8
64 239 11
64 197 9
64 83 10
11 64 13
9 64 13
64 121 11
5 64 9
36 64 12
64 101 14
62 65 10
65 129 10
65 170 9
65 91 15
65 110 11
65 120 14
56 65 13
65 241 9
27 65 11
66 198 13
12 66 10
66 178 10
66 214 15
66 166 13
66 74 9
35 66 9
66 81 13
66 125 10
19 66 13
67 145 8
62 67 9
56 67 12
67 220 7
67 189 10
7 67 11
67 235 8
67 168 9
47 67 10
67 124 11
67 109 8
68 218 9
68 157 9
68 86 9
68 175 12
68 105 14
68 179 8
68 151 8
68 239 8
68 71 6
68 164 12
58 69 8
69 244 11
59 69 12
35 69 10
69 187 8
69 113 11
69 199 9
41 69 8
69 93 9
70 176 10
70 242 11
70 198 11
70 106 10
70 219 10
70 101 12
70 247 13
70 85 8
70 148 8
70 211 11
71 113 13
2 71 11
71 77 12
32 71 9
39 71 11
71 140 8
71 182 13
71 201 9
71 162 11
71 125 11
40 71 9
72 151 13
68 72 15
72 170 13
72 144 10
72 234 10
72 209 12
72 215 13
32 72 16
72 159 12
72 194 11
72 80 12
73 213 15
65 73 7
73 166 12
73 135 9
68 73 8
73 186 11
73 243 8
73 97 7
73 202 15
74 214 12
74 227 8
13 74 9
74 203 13
74 174 9
74 84 11
74 144 11
74 206 10
38 74 11
74 77 10
74 199 12
51 74 11
75 98 9
75 80 12
75 203 12
70 75 11
75 228 10
75 248 8
4 75 9
46 75 7
57 75 13
75 247 10
41 75 8
76 228 11
61 76 10
76 99 13
76 192 11
76 162 10
76 213 11
76 230 13
76 225 10
77 124 9
77 113 13
4 77 13
77 135 9
77 175 16
77 205 10
46 77 15
77 217 12
77 158 15
77 85 9
21 77 11
78 205 12
78 230 8
78 92 11
19 78 6
78 209 13
78 224 14
76 78 8
78 189 11
78 206 9
78 185 11
68 79 12
79 112 12
66 79 7
79 126 11
79 177 9
79 103 11
79 113 9
79 144 13
79 247 8
46 79 8
79 182 10
80 241 12
80 188 13
80 124 11
80 194 9
80 173 9
80 185 13
80 220 8
80 132 12
80 160 12
7 80 14
80 182 7
81 95 13
68 81 11
81 216 10
81 126 8
27 81 12
81 184 11
81 179 11
81 83 11
81 249 11
81 163 12
0 82 11
28 82 9
82 184 11
82 93 13
57 82 15
78 82 12
37 82 10
82 161 14
79 82 11
38 82 14
71 82 9
82 105 11
83 148 11
26 83 10
53 83 10
83 185 9
83 225 10
83 156 10
83 136 8
44 83 10
57 83 8
83 88 11
83 146 9
83 138 10
82 84 10
84 182 8
52 84 11
84 157 11
84 245 11
84 170 9
84 145 7
84 134 10
60 84 10
84 106 10
0 85 11
85 195 7
28 85 10
85 118 11
50 85 6
67 85 13
85 122 13
85 201 11
66 85 12
85 203 10
14 85 11
7 86 11
56 86 7
42 86 15
6 86 11
86 169 8
86 237 10
86 140 10
86 183 11
86 221 10
17 86 13
25 87 10
87 185 9
87 199 8
87 126 13
87 200 10
65 87 8
87 134 12
87 89 9
40 87 9
66 87 9
79 88 11
88 219 9
68 88 12
88 154 12
88 138 11
88 206 12
88 161 12
88 128 10
55 89 11
58 89 12
89 196 14
53 89 12
89 200 11
89 231 11
36 89 10
89 228 11
89 96 14
89 229 13
90 224 10
90 150 12
90 204 11
57 90 7
81 90 8
65 90 9
90 212 10
90 133 13
90 136 12
91 134 10
39 91 10
91 230 10
59 91 11
62 91 10
91 115 10
91 200 11
60 91 10
92 155 10
0 92 8
5 92 11
92 174 8
56 92 8
92 119 11
84 92 11
92 210 12
35 92 10
85 92 13
91 92 13
66 93 11
93 104 10
93 121 11
93 175 12
59 93 10
67 93 11
93 179 11
93 233 9
45 93 12
77 93 10
64 93 9
73 93 9
94 128 12
94 120 14
94 163 10
94 161 11
94 198 11
94 110 11
1 94 10
91 94 11
94 209 13
28 94 9
94 194 13
95 214 14
95 181 15
95 123 11
95 164 13
85 95 11
95 111 11
95 139 11
95 224 11
95 158 9
95 241 12
32 96 13
96 171 9
56 96 14
96 249 9
43 96 10
96 143 13
78 96 9
2 96 14
96 240 12
96 226 10
96 244 11
97 219 10
97 127 12
93 97 12
97 216 10
97 154 11
97 119 14
97 189 10
97 147 13
98 210 15
98 135 11
15 98 10
98 117 12
98 131 9
98 160 9
98 248 9
4 98 10
81 98 12
98 235 9
99 204 14
80 99 9
99 122 10
2 99 7
99 218 11
99 234 9
99 247 13
54 99 7
99 231 8
99 201 13
100 103 13
25 100 13
100 110 15
100 215 13
100 223 10
100 216 10
100 195 10
77 100 10
100 101 13
97 101 13
101 230 9
101 236 10
101 106 13
101 119 11
101 150 11
81 101 12
101 107 9
101 218 10
87 102 6
102 229 13
2 102 8
102 129 8
102 103 8
20 102 11
102 187 6
102 191 11
102 133 9
103 139 16
103 248 8
103 184 9
13 103 12
103 172 10
57 103 12
103 226 11
51 103 11
52 103 11
103 216 11
103 116 9
103 149 13
104 223 10
61 104 14
104 219 10
104 160 10
51 104 8
104 236 10
57 104 14
104 197 10
104 216 11
105 211 9
11 105 10
70 105 8
105 148 10
105 137 10
69 105 11
105 183 12
105 109 8
105 243 12
106 247 12
106 236 12
17 106 13
106 239 11
106 107 10
15 106 7
106 117 11
106 210 7
106 188 11
106 207 10
18 107 14
107 247 10
34 107 12
107 109 11
107 116 10
16 107 9
107 244 12
107 119 13
107 190 13
107 159 10
100 108 10
101 108 5
92 108 12
32 108 13
108 133 10
108 172 8
61 108 14
108 140 10
108 168 12
109 238 13
109 249 8
109 216 9
72 109 12
109 167 14
109 233 12
109 123 11
109 207 11
74 109 13
109 235 11
36 110 9
110 166 7
110 182 5
110 176 8
61 110 13
18 110 11
39 110 9
110 242 9
76 110 12
110 142 13
110 120 5
110 153 13
110 126 10
111 186 11
47 111 15
111 164 7
48 111 9
111 193 13
111 149 10
20 111 13
28 111 9
90 111 12
111 155 13
15 111 8
37 112 11
112 121 11
112 237 11
68 112 9
112 186 7
112 240 9
112 210 11
112 182 9
112 228 12
113 188 9
85 113 9
113 122 12
92 113 8
99 113 13
113 161 9
51 113 11
113 174 13
113 241 8
69 114 11
114 123 10
114 244 11
114 174 10
114 217 11
114 184 10
114 211 10
114 133 10
114 234 9
114 148 10
115 220 13
115 244 11
30 115 9
115 172 13
77 115 7
115 154 8
115 224 10
115 179 8
115 136 11
20 115 11
54 115 6
39 116 10
110 116 11
116 151 14
90 116 7
12 116 10
116 152 13
116 228 10
116 248 11
41 116 11
43 117 9
117 168 9
117 166 9
113 117 10
117 247 11
83 117 9
117 176 11
117 163 11
9 117 9
75 117 11
118 174 14
118 190 9
99 118 10
27 118 10
118 164 9
118 157 13
35 118 11
102 118 8
118 142 9
118 122 16
47 119 9
48 119 10
78 119 11
119 145 12
25 119 6
45 119 8
35 119 11
11 119 11
119 232 11
109 119 10
120 230 12
120 217 10
120 215 10
105 120 11
120 224 10
120 139 11
120 210 12
120 212 10
120 138 11
51 120 8
75 120 14
33 121 11
18 121 12
121 182 12
121 240 9
121 153 6
117 121 7
40 121 8
19 121 11
121 152 12
121 226 11
109 121 13
111 122 11
122 174 10
122 193 12
122 199 11
122 146 6
58 122 9
122 205 14
122 137 9
41 122 12
23 122 13
35 122 8
123 219 10
123 171 12
97 123 12
123 224 11
123 220 5
123 235 8
123 182 8
11 123 6
54 123 7
123 231 11
69 124 7
51 124 9
86 124 10
32 124 12
124 200 11
95 124 10
124 220 12
35 124 11
25 124 8
23 124 13
125 131 11
125 228 9
48 125 11
97 125 10
125 187 7
125 195 10
30 125 7
29 125 9
4 125 8
125 194 10
0 125 11
58 125 9
19 125 11
126 144 7
126 197 11
126 167 15
74 126 8
103 126 11
46 126 9
126 200 12
126 218 8
15 126 10
26 126 10
65 126 8
102 127 7
75 127 9
127 165 12
127 212 10
127 246 15
127 166 11
127 231 11
60 127 14
127 151 11
127 183 13
40 128 8
69 128 9
68 128 10
115 128 10
86 128 11
27 128 11
128 162 10
52 128 12
107 128 9
43 129 7
129 224 12
125 129 13
120 129 13
129 140 5
129 135 10
79 129 11
129 207 12
108 129 7
52 129 13
7 129 9
51 129 11
61 130 11
130 154 12
28 130 7
130 167 11
27 130 8
130 135 9
130 163 7
51 130 9
130 216 12
130 156 13
20 130 14
40 130 12
131 218 14
131 193 8
131 244 13
4 131 15
131 228 10
96 131 11
131 152 12
127 131 8
131 159 12
57 132 11
132 164 13
73 132 10
43 132 13
132 160 10
132 206 14
78 132 10
70 132 10
133 159 8
133 181 10
133 219 14
133 154 11
133 224 13
59 133 12
84 133 11
133 172 12
134 194 8
134 165 14
134 237 10
134 139 9
55 134 9
28 134 9
77 134 9
134 245 10
134 166 10
127 134 5
30 135 8
135 175 10
125 135 9
59 135 9
37 135 16
135 148 11
135 231 13
135 249 11
45 135 11
135 234 13
100 135 9
120 136 9
20 136 7
136 243 11
136 160 7
136 231 10
136 182 10
136 191 11
136 165 9
136 188 9
136 194 10
137 249 11
137 199 14
76 137 12
32 137 9
137 208 14
133 137 10
102 137 11
78 137 11
137 152 11
90 137 14
138 189 13
79 138 8
4 138 8
131 138 12
138 175 11
28 138 11
10 138 10
102 138 11
107 138 9
19 138 8
37 139 9
44 139 13
137 139 9
62 139 14
68 139 6
58 139 9
139 165 12
5 139 12
72 139 13
139 234 12
138 140 8
140 204 10
140 191 11
18 140 13
140 163 11
140 205 11
97 140 12
66 140 11
140 171 11
26 140 13
68 141 11
141 235 12
78 141 9
138 141 10
107 141 13
141 213 12
18 141 8
80 141 10
51 142 9
62 142 14
142 208 13
142 219 12
142 202 11
142 241 10
142 148 11
142 159 13
142 152 11
114 142 8
143 154 11
107 143 9
143 180 7
115 143 12
143 183 12
25 143 12
143 192 10
20 143 10
125 143 7
144 159 13
34 144 8
60 144 11
25 144 6
129 144 11
144 153 11
134 144 11
30 144 11
114 144 10
127 144 11
69 145 8
136 145 12
118 145 11
117 145 12
145 155 8
145 206 10
11 145 12
145 180 12
76 145 8
53 146 12
146 217 8
146 169 12
146 235 11
146 155 10
43 146 12
135 146 7
102 146 8
146 246 7
137 147 11
147 227 13
8 147 9
3 147 8
111 147 11
100 147 11
147 204 14
147 222 10
147 159 10
38 147 9
148 222 8
46 148 12
109 148 10
22 148 9
148 155 6
148 232 7
148 236 13
148 248 12
128 148 12
72 149 8
9 149 10
56 149 11
26 149 12
102 149 9
149 225 11
149 162 11
149 151 9
149 193 12
11 149 7
133 149 11
125 150 12
111 150 10
150 215 8
38 150 15
74 150 11
150 225 10
150 180 10
150 204 10
121 150 10
31 150 10
132 151 14
151 168 14
30 151 10
23 151 11
151 228 8
91 151 10
151 216 9
0 151 12
87 152 10
152 192 11
151 152 14
152 233 11
39 152 9
152 196 10
152 223 10
17 152 9
153 232 10
153 246 12
153 200 11
153 165 11
134 153 13
106 153 13
117 153 11
21 153 10
153 230 9
153 228 12
153 184 15
154 168 10
154 216 10
154 248 12
116 154 7
44 154 9
131 154 13
154 181 13
154 228 11
76 154 10
154 200 9
155 158 6
155 225 12
155 193 11
27 155 7
137 155 11
12 155 8
129 155 9
100 155 11
52 155 12
156 192 8
74 156 12
156 239 9
5 156 9
89 156 12
145 156 11
12 156 10
90 156 12
156 163 13
7 156 8
2 156 8
6 157 8
157 184 8
11 157 9
9 157 10
63 157 8
157 249 12
157 183 9
157 177 12
135 157 8
117 158 10
158 204 9
118 158 11
19 158 10
158 176 10
20 158 10
158 178 9
22 158 8
158 166 12
123 158 12
130 159 13
159 177 7
97 159 12
74 159 10
159 213 13
143 159 11
159 196 9
40 159 9
159 207 7
160 242 13
5 160 11
27 160 10
160 228 10
160 247 11
160 203 10
160 219 9
25 160 12
137 160 11
154 160 10
120 161 11
161 190 7
72 161 12
161 213 10
119 161 9
161 225 8
161 176 8
15 161 10
59 161 11
78 162 14
157 162 6
162 249 8
162 210 14
6 162 12
10 162 8
116 162 10
14 162 12
162 168 13
104 162 11
162 196 11
0 163 9
163 231 14
163 241 11
129 163 7
73 163 12
91 163 11
142 163 8
54 163 11
123 163 12
163 164 7
135 164 10
164 229 12
164 188 14
55 164 13
164 247 14
115 164 11
149 164 11
14 164 10
71 164 8
31 165 12
105 165 11
165 247 12
163 165 10
165 188 11
165 208 11
52 165 5
111 165 7
60 165 11
84 166 12
166 206 7
40 166 11
88 166 12
37 166 12
131 166 7
59 166 11
159 166 6
160 166 7
164 166 13
167 247 11
167 229 13
167 203 11
167 196 9
167 192 7
94 167 11
39 167 8
167 191 11
167 174 12
167 230 14
14 168 13
168 218 10
168 196 10
168 220 12
168 189 12
41 168 8
168 202 10
9 168 12
138 168 12
25 168 12
169 209 9
169 211 13
112 169 8
125 169 8
24 169 9
110 169 11
11 169 8
100 169 7
114 169 11
114 170 12
46 170 10
170 212 8
170 235 9
25 170 11
112 170 11
170 171 14
170 207 11
171 241 7
122 171 10
104 171 8
152 171 9
171 246 14
51 171 11
43 171 10
171 184 11
171 177 8
171 198 14
171 200 13
172 246 8
85 172 8
132 172 10
150 172 8
172 214 13
48 172 11
16 172 8
40 172 12
148 173 8
94 173 10
129 173 12
173 191 9
46 173 10
173 247 7
1 173 9
14 173 9
37 173 8
173 183 6
174 186 9
6 174 11
156 174 14
1 174 10
71 174 13
72 174 13
174 198 10
174 231 11
174 232 13
94 174 9
174 175 11
175 222 11
170 175 8
80 175 9
175 176 14
73 175 10
175 201 10
166 175 10
51 175 11
160 175 11
7 176 10
12 176 9
37 176 16
176 216 8
176 202 13
176 220 15
51 176 11
41 176 13
10 176 12
177 204 8
63 177 11
46 177 10
38 177 12
177 209 7
177 229 7
27 177 14
53 177 11
68 177 10
112 177 12
31 177 9
162 177 12
131 178 8
70 178 10
162 178 9
167 178 10
178 179 12
178 219 9
98 178 10
80 178 7
145 178 7
61 178 11
24 179 11
121 179 12
133 179 10
69 179 10
179 240 10
179 190 12
8 179 11
20 179 11
60 180 10
103 180 8
180 249 8
154 180 12
134 180 8
43 180 11
113 180 10
104 180 10
44 180 12
176 180 11
115 181 14
87 181 10
142 181 13
181 225 12
181 239 10
181 219 11
181 182 12
172 181 10
181 233 11
181 193 11
182 238 8
182 198 12
25 182 13
91 182 14
132 182 10
182 232 9
138 182 11
32 182 14
182 227 11
39 182 13
64 183 11
117 183 10
183 207 12
5 183 14
183 204 10
154 183 8
94 183 9
43 183 13
4 183 10
13 184 12
112 184 8
184 241 11
32 184 7
175 184 11
129 184 11
131 184 10
168 184 12
185 190 9
33 185 12
90 185 9
123 185 8
11 185 12
185 211 12
113 185 8
185 201 6
61 185 12
107 185 12
185 227 12
70 186 13
186 240 8
93 186 9
65 186 13
183 186 14
186 189 9
186 196 12
186 191 11
60 186 11
159 186 9
187 223 7
81 187 13
168 187 8
4 187 12
31 187 9
45 187 10
187 224 9
177 187 10
162 187 12
132 187 12
98 187 9
133 188 9
188 211 13
93 188 9
0 188 7
122 188 8
27 188 9
135 188 9
188 236 12
172 188 12
188 197 11
148 189 8
113 189 10
40 189 10
104 189 12
189 225 11
165 189 11
116 189 12
189 247 10
10 189 11
164 190 12
190 244 17
160 190 10
190 243 9
108 190 10
85 190 8
138 190 8
175 190 12
117 190 8
191 230 12
180 191 12
104 191 10
191 228 12
135 191 10
161 191 10
4 191 11
98 191 8
172 191 12
119 192 11
47 192 12
45 192 13
148 192 12
192 240 11
28 192 9
159 192 15
191 192 12
160 192 11
148 193 11
144 193 12
69 193 6
110 193 10
48 193 9
16 193 9
170 193 12
134 193 9
136 193 12
86 193 11
55 194 9
93 194 9
194 211 9
44 194 13
190 194 12
83 194 10
81 194 11
27 194 8
118 194 13
184 194 9
137 195 10
195 206 10
22 195 12
45 195 11
28 195 7
170 195 10
160 195 10
111 195 9
104 195 13
178 195 8
154 196 8
75 196 9
41 196 12
196 219 11
111 196 9
36 196 10
130 196 6
196 207 16
90 196 8
55 196 11
196 198 7
99 197 12
197 243 12
16 197 11
81 197 13
59 197 13
197 238 9
153 197 6
183 197 13
169 197 10
49 197 12
69 198 11
38 198 7
191 198 10
46 198 10
122 198 9
17 198 10
90 198 8
12 198 11
113 198 12
198 201 5
188 198 12
169 199 11
161 199 10
63 199 7
40 199 13
155 199 11
199 241 14
199 202 11
152 199 12
199 201 12
68 199 9
88 199 11
41 200 9
200 247 12
137 200 12
200 236 12
144 200 12
200 248 10
66 200 9
38 200 13
200 239 9
104 200 11
14 201 11
193 201 10
201 232 10
89 201 6
144 201 11
22 201 10
82 201 12
79 201 11
201 212 8
125 201 12
159 202 12
11 202 10
67 202 5
189 202 6
41 202 7
65 202 11
108 202 12
202 242 12
59 202 8
203 211 11
1 203 9
47 203 10
129 203 11
158 203 8
203 239 8
114 203 9
24 203 8
203 205 14
81 203 10
11 203 11
157 204 12
204 207 10
102 204 13
204 212 10
204 214 12
204 208 10
160 204 8
145 204 11
16 204 9
38 205 9
53 205 8
202 205 12
156 205 10
205 221 14
205 246 11
205 241 10
75 205 8
18 205 12
129 205 14
58 205 12
83 206 10
41 206 11
93 206 9
19 206 11
206 211 12
126 206 13
206 243 6
155 206 11
95 206 9
206 242 11
62 207 9
94 207 9
33 207 8
117 207 11
7 207 10
207 239 12
207 230 8
161 207 13
143 207 12
134 207 10
27 207 14
208 209 12
120 208 12
169 208 12
155 208 12
160 208 8
43 208 11
208 217 10
192 208 9
172 208 9
208 214 10
46 209 9
18 209 10
47 209 11
209 224 12
206 209 9
8 209 12
118 209 7
139 209 14
127 209 11
210 214 8
21 210 8
62 210 13
75 210 12
210 225 10
161 210 10
210 247 11
186 210 12
210 222 8
201 210 12
211 246 11
177 211 11
24 211 12
211 233 9
127 211 12
136 211 7
174 211 5
81 211 9
75 211 9
211 216 12
116 211 14
192 212 12
84 212 7
32 212 10
3 212 11
93 212 14
160 212 13
57 212 13
182 212 9
122 212 13
212 213 7
191 213 9
131 213 10
213 226 12
176 213 12
120 213 12
92 213 11
213 249 11
138 213 12
160 213 14
214 233 13
200 214 13
65 214 8
214 215 7
28 214 9
91 214 10
107 214 8
7 214 13
181 214 15
214 235 10
211 214 13
214 228 9
3 214 12
177 215 10
66 215 11
195 215 7
9 215 10
91 215 11
36 215 14
201 215 8
88 215 10
149 215 10
35 215 9
208 216 11
125 216 11
56 216 9
160 216 8
8 216 7
216 223 12
141 216 9
216 230 11
216 225 11
33 216 12
73 216 11
58 216 11
31 217 11
12 217 13
56 217 9
145 217 12
217 241 14
199 217 11
134 217 5
139 217 7
59 217 10
91 217 9
154 217 11
218 219 12
31 218 14
196 218 12
218 223 9
103 218 9
159 218 11
163 218 10
129 218 9
143 218 9
58 218 14
95 219 11
87 219 8
204 219 9
161 219 10
3 219 11
219 227 11
165 219 13
51 219 11
219 237 12
68 219 10
172 219 10
107 220 7
92 220 9
215 220 8
220 245 8
118 220 8
220 249 12
136 220 11
220 236 11
83 220 10
172 220 10
152 221 9
8 221 8
77 221 13
5 221 10
64 221 16
117 221 12
137 221 13
97 221 7
221 243 13
34 221 10
67 221 12
170 222 10
90 222 11
188 222 6
26 222 14
47 222 11
50 222 7
99 222 13
211 222 12
127 222 10
32 222 9
214 223 13
220 223 11
155 223 10
57 223 6
103 223 11
64 223 8
223 227 11
23 223 7
32 223 13
218 224 8
224 229 11
194 224 12
104 224 11
16 224 12
26 224 11
224 241 9
137 224 9
70 224 6
5 225 7
148 225 12
11 225 10
196 225 14
37 225 12
139 225 10
225 248 12
4 225 6
100 225 9
72 225 14
216 226 9
164 226 13
18 226 11
192 226 13
201 226 9
147 226 11
148 226 11
226 244 9
206 226 11
79 226 10
177 226 6
1 227 13
214 227 9
108 227 9
81 227 7
206 227 14
134 227 9
200 227 12
125 227 10
107 227 10
10 227 11
148 227 7
206 228 12
228 229 10
213 228 7
228 245 11
133 228 7
146 228 7
194 228 12
219 228 11
189 228 8
115 229 8
168 229 7
229 249 11
194 229 10
176 229 12
9 229 7
60 229 11
125 229 10
15 229 10
164 230 10
203 230 10
139 230 12
104 230 10
72 230 9
226 230 7
150 230 8
192 230 8
67 230 13
1 231 10
148 231 12
113 231 9
210 231 12
189 231 7
208 231 9
18 231 14
93 231 12
56 231 13
75 231 6
105 231 11
225 231 11
90 232 10
154 232 12
60 232 10
152 232 9
92 232 12
122 232 10
71 232 12
204 232 13
79 232 14
165 233 10
215 233 6
185 233 11
85 233 11
233 243 11
89 233 11
142 233 16
10 233 8
190 233 10
206 234 12
156 234 6
51 234 7
160 234 14
84 234 10
132 234 15
197 234 8
174 234 12
165 234 12
191 234 10
125 234 11
132 235 10
216 235 11
110 235 7
140 235 12
58 235 4
207 235 7
74 235 9
235 245 7
154 235 12
167 235 11
6 235 12
233 235 14
113 236 9
155 236 10
34 236 11
162 236 9
38 236 10
23 236 6
177 236 10
94 236 12
209 236 11
82 236 12
92 236 9
220 237 10
215 237 13
32 237 7
105 237 13
20 237 11
68 237 10
113 237 10
62 237 12
140 237 12
94 237 10
102 238 11
81 238 5
10 238 14
181 238 11
179 238 11
115 238 12
164 238 10
6 238 14
126 238 9
14 238 8
224 238 8
51 239 9
28 239 14
122 239 10
105 239 9
160 239 10
62 239 12
34 239 11
65 239 14
170 239 10
202 239 11
239 248 13
97 240 7
214 240 11
39 240 10
200 240 13
145 240 11
189 240 10
9 240 7
235 240 9
102 240 8
76 241 9
173 241 10
174 241 14
33 241 10
215 241 12
98 241 11
206 241 12
41 241 11
144 241 10
188 242 9
134 242 10
165 242 10
133 242 8
117 242 10
193 242 12
139 242 12
75 242 9
163 242 9
93 242 11
42 243 11
237 243 8
165 243 8
8 243 8
161 243 10
232 243 14
90 243 11
52 243 6
223 243 10
58 244 8
21 244 14
15 244 11
108 244 7
9 244 8
94 244 13
51 244 12
37 244 9
212 244 10
174 244 9
184 245 12
131 245 11
47 245 10
197 245 8
160 245 11
100 245 6
242 245 8
58 245 13
181 245 11
71 245 10
56 245 11
63 246 10
105 246 8
88 246 11
18 246 10
112 246 10
126 246 13
119 246 13
246 249 12
53 246 11
77 247 13
52 247 10
41 247 13
29 247 11
190 247 9
136 247 11
71 247 9
115 247 10
218 248 11
135 248 11
34 248 13
40 248 13
94 248 11
207 248 11
58 248 8
172 248 10
15 248 9
83 248 10
137 248 11
26 248 14
83 249 11
45 249 10
113 249 12
26 249 8
182 249 11
188 249 10
33 249 12
176 249 13
195 249 7
208 249 14
237 249 13
154 249 9
