250
0
7
9
4
7
4
8
3
7
2
7
7
10
9
2
6
7
5
3
6
2
9
4
9
9
2
6
10
8
2
2
2
4
3
1
4
4
2
4
5
6
7
8
9
6
6
5
4
5
8
6
6
6
2
2
8
6
7
9
10
5
8
8
7
10
4
8
5
2
5
7
4
1
2
2
4
4
3
5
4
8
2
2
8
5
5
4
8
4
5
4
5
2
9
3
9
5
7
3
1
9
9
3
9
9
9
2
1
6
6
9
9
7
1
6
7
7
1
9
4
9
10
3
3
9
7
5
5
6
8
8
7
4
6
2
2
6
4
2
10
8
8
2
9
2
10
1
7
5
5
3
3
9
3
1
10
5
8
3
6
6
4
10
6
8
9
4
8
2
10
2
9
8
4
1
4
6
8
2
4
3
5
8
8
6
5
10
3
2
5
3
8
2
1
6
3
6
10
8
9
1
3
4
3
4
9
10
9
8
5
4
6
10
7
7
8
6
7
7
6
10
9
9
7
7
9
4
4
4
7
2
1
3
10
7
4
2
10
6
2
7
3
8
8
8
6
4
7
4
2
0 215 8
0 38 11
0 146 14
0 220 13
0 103 11
1 171 11
1 59 12
1 196 12
1 63 13
1 23 12
2 114 13
2 109 11
2 61 13
2 78 13
2 92 8
3 5 8
3 109 11
3 84 9
3 16 9
3 28 8
4 21 11
4 137 10
4 83 14
4 185 9
4 69 11
4 133 11
4 33 13
5 201 12
5 242 15
5 246 10
5 166 10
5 226 12
6 146 10
6 231 10
6 24 9
6 15 8
6 44 12
7 84 5
7 134 10
7 131 10
7 162 12
7 112 9
8 87 8
8 163 11
8 20 11
8 182 10
8 26 7
8 196 10
8 167 13
9 244 12
9 82 8
9 229 11
10 126 8
10 105 12
10 198 10
10 165 9
10 26 14
11 193 9
11 229 13
10 11 9
11 92 12
11 122 9
12 21 10
12 33 8
12 233 8
12 205 11
12 72 11
13 162 13
13 79 12
13 82 14
13 148 12
13 239 10
14 75 10
14 55 12
14 189 10
14 159 15
15 20 6
15 101 6
15 53 9
15 93 12
16 205 9
16 75 12
17 67 11
17 30 8
17 188 6
17 211 11
17 120 9
17 199 12
7 18 10
18 122 11
18 125 6
18 59 11
19 67 10
8 19 7
19 92 11
19 62 11
20 150 12
20 218 13
20 225 10
20 44 9
20 183 13
21 202 7
21 44 11
21 117 7
18 22 11
22 120 12
22 43 8
22 239 11
23 189 13
23 47 13
23 120 10
23 234 12
23 225 12
24 196 12
24 168 9
24 109 8
24 33 11
25 223 16
25 216 8
25 99 8
25 194 14
25 100 7
25 136 12
26 52 10
26 219 10
26 68 10
27 167 11
4 27 9
27 116 13
27 141 16
27 219 11
28 170 6
28 96 14
28 152 14
28 211 10
28 246 11
3 29 14
29 105 13
29 95 6
29 167 13
30 50 10
30 91 13
30 44 9
30 220 13
30 188 10
30 61 9
30 185 11
31 76 10
31 58 12
31 68 11
31 172 8
32 159 13
32 204 9
32 237 12
32 69 11
32 146 12
33 192 6
33 45 9
33 194 11
34 40 9
6 34 14
34 36 12
34 65 11
0 34 6
35 55 11
35 135 9
26 35 9
35 154 9
35 203 9
36 46 11
36 189 11
36 81 10
36 85 10
36 175 12
37 142 11
37 49 10
37 185 9
27 37 12
38 54 11
38 162 12
38 199 10
38 82 13
38 178 14
39 54 10
1 39 11
39 116 11
39 46 10
39 180 8
39 108 10
40 233 12
40 219 8
40 82 15
41 138 13
41 157 10
41 202 10
41 43 10
42 154 9
42 43 9
27 42 10
43 157 8
43 73 9
43 238 13
43 100 9
43 59 13
43 114 9
11 44 13
44 134 13
44 228 11
38 44 11
44 86 11
44 244 6
44 184 11
45 156 11
45 97 11
45 181 9
45 212 11
45 233 12
46 145 12
46 53 9
46 194 5
46 180 12
46 187 9
47 242 10
47 244 8
47 53 9
47 117 15
47 215 9
47 245 10
48 85 12
48 195 12
48 100 6
48 144 10
49 189 10
14 49 14
34 49 8
10 49 15
49 71 7
49 59 9
2 49 7
27 50 10
50 124 13
40 50 11
50 232 13
31 50 7
10 51 9
51 244 13
51 195 10
51 59 12
35 51 11
52 68 11
52 102 11
47 52 8
52 161 11
52 148 11
53 233 11
53 212 8
53 123 11
54 193 11
54 59 14
54 92 12
54 238 14
55 168 14
51 55 10
55 112 9
55 162 8
55 178 12
56 149 15
56 207 11
32 56 6
44 56 10
56 146 10
57 216 9
39 57 10
57 162 11
57 75 10
57 219 8
30 58 9
58 206 12
44 58 11
58 154 12
58 136 11
58 217 12
59 127 13
16 59 13
59 174 10
59 141 9
59 163 12
58 60 10
60 210 10
60 87 9
60 165 9
61 147 10
61 66 12
61 115 9
61 243 13
4 62 10
62 69 11
62 138 9
62 116 8
62 224 13
63 223 11
63 205 10
63 134 12
63 129 13
63 207 10
63 192 11
13 64 11
64 106 12
31 64 14
64 93 11
35 65 8
65 211 13
65 74 11
37 65 13
0 65 6
66 211 10
65 66 11
66 209 11
33 66 10
66 152 9
67 75 11
67 243 13
67 152 15
14 67 11
67 87 13
67 143 11
68 170 10
68 83 10
64 68 10
68 93 9
68 172 10
68 199 14
69 227 15
69 110 11
41 69 9
69 77 14
5 70 11
70 192 7
43 70 8
40 70 12
70 95 13
29 71 10
71 235 12
71 105 10
71 88 11
40 71 13
72 98 9
72 185 9
72 110 12
72 150 13
72 184 13
73 234 15
73 83 14
1 73 8
73 156 12
73 189 8
73 121 11
74 171 8
74 135 9
74 191 11
52 74 13
74 239 10
58 75 10
75 131 9
70 75 7
75 93 13
61 75 10
7 75 11
67 76 9
76 102 12
76 142 12
76 202 12
17 76 11
77 114 7
77 98 9
77 247 8
29 77 7
78 243 11
78 216 8
78 217 10
9 78 7
78 128 11
20 79 12
79 196 10
27 79 10
79 222 10
79 173 12
60 79 11
80 246 15
80 162 9
80 245 10
80 220 8
80 168 11
29 81 10
5 81 9
37 81 13
81 228 12
72 81 10
82 169 12
82 117 11
34 82 12
82 91 10
82 157 13
19 83 11
51 83 14
83 228 12
20 83 11
83 130 9
84 140 11
84 138 12
84 249 11
55 84 12
21 84 9
85 150 13
85 213 6
64 85 9
85 223 10
85 109 9
57 86 15
86 133 9
86 235 13
87 144 10
87 120 11
87 171 10
87 172 10
87 170 9
88 197 9
54 88 17
88 151 12
88 238 10
20 88 10
44 88 10
15 89 8
89 169 12
89 197 10
89 143 7
89 122 9
89 230 13
22 90 12
90 237 12
90 213 8
90 104 9
90 117 12
80 90 13
91 183 9
91 124 12
41 91 12
89 91 8
69 92 9
72 92 7
27 92 12
93 245 15
93 192 8
93 121 12
94 189 15
94 125 8
94 230 10
70 94 10
95 214 12
41 95 8
94 95 10
95 163 8
95 246 12
96 239 13
96 104 7
96 166 11
60 96 11
58 97 9
97 180 11
76 97 7
97 228 12
97 137 9
86 98 10
98 194 11
43 98 12
98 242 14
98 122 10
98 167 11
99 114 11
99 173 9
99 237 10
99 199 11
50 99 10
99 227 7
100 220 10
100 149 9
100 244 10
100 170 9
5 100 10
55 101 8
54 101 12
101 126 12
101 231 14
101 173 13
101 194 8
101 228 10
102 149 12
102 121 8
102 187 9
102 207 9
103 192 12
103 227 10
103 137 11
103 139 12
84 103 13
104 203 13
68 104 12
104 114 11
94 104 12
104 130 11
105 144 13
105 171 11
105 229 9
86 105 13
105 195 11
87 106 10
106 112 10
71 106 8
106 169 10
106 127 9
12 107 12
23 107 16
107 227 11
31 107 12
107 213 9
75 107 10
59 108 10
57 108 9
108 168 10
108 198 10
108 220 9
102 109 10
109 115 12
109 121 15
110 115 12
110 171 9
110 150 8
27 110 9
19 110 11
111 122 6
102 111 12
111 178 16
93 111 9
14 111 11
112 212 9
33 112 11
112 126 12
79 113 11
101 113 4
113 209 9
10 113 12
109 114 12
64 114 10
114 216 8
111 114 10
114 193 12
39 114 14
31 114 10
115 212 10
18 115 10
115 210 8
115 242 14
24 115 8
116 218 10
16 116 9
116 164 9
46 116 8
116 124 15
117 156 13
117 248 12
8 117 10
99 117 12
117 150 8
114 118 12
118 136 9
118 171 7
33 118 10
15 119 9
16 119 12
119 176 15
101 119 11
119 141 9
85 119 8
57 120 10
77 120 12
120 139 14
120 125 13
67 120 14
121 130 7
90 121 11
37 121 7
97 121 8
121 129 10
69 122 5
87 122 10
122 223 13
31 122 11
123 228 11
123 151 14
123 195 9
123 244 12
86 123 14
80 123 11
59 123 9
124 237 10
95 124 11
124 153 7
124 163 6
124 176 10
124 226 9
72 125 12
5 125 13
125 191 12
125 241 12
6 125 11
81 126 11
7 126 12
3 126 9
126 175 10
126 217 11
75 126 11
8 126 10
127 157 11
127 202 9
108 127 10
125 127 11
105 128 11
12 128 12
128 133 13
128 204 8
40 129 12
129 224 9
129 145 13
129 136 10
28 129 12
129 223 7
130 212 14
62 130 10
78 130 14
130 221 14
131 152 12
16 131 8
109 131 8
6 131 14
101 131 9
132 185 9
53 132 12
132 243 12
132 187 9
61 133 13
133 210 10
133 147 12
133 182 11
134 180 10
134 150 9
121 134 14
134 235 8
73 134 10
72 134 9
135 209 10
90 135 10
135 163 11
135 171 9
119 136 12
103 136 11
46 136 11
136 149 9
89 136 11
86 137 10
137 189 13
137 203 10
137 146 10
137 160 13
29 138 9
138 210 10
42 138 11
138 228 7
138 212 9
138 140 7
74 139 15
139 140 10
112 139 11
0 139 10
139 197 11
140 233 9
68 140 11
134 140 14
140 240 11
140 148 13
121 141 10
141 230 11
141 160 11
47 141 9
141 226 10
142 249 7
142 202 8
39 142 9
142 235 10
143 214 11
20 143 13
8 143 11
143 194 8
14 143 11
9 144 10
33 144 10
98 144 10
84 144 7
102 144 11
145 189 10
90 145 10
14 145 11
38 145 10
47 145 6
145 225 12
146 231 10
27 146 12
146 180 9
63 146 13
124 146 14
124 147 14
75 147 10
40 147 13
147 167 10
13 147 16
131 148 11
148 201 13
97 148 9
91 148 12
148 209 10
120 149 13
149 201 11
12 149 10
108 149 12
149 155 16
149 172 10
150 165 10
150 194 10
98 150 8
150 173 8
150 156 11
50 151 10
44 151 12
32 151 13
12 151 10
151 216 12
112 151 11
104 152 12
124 152 9
152 178 14
17 152 12
152 209 11
153 228 11
120 153 7
17 153 12
42 153 10
1 153 10
154 157 6
97 154 13
154 156 8
154 172 10
110 154 12
127 155 12
100 155 12
34 155 8
88 155 10
60 155 11
103 156 9
1 156 12
156 245 10
56 156 11
156 207 14
9 156 10
30 157 9
157 160 10
144 157 10
109 157 5
157 161 8
157 176 12
157 234 10
3 158 11
101 158 11
126 158 12
158 167 12
143 158 10
9 159 9
66 159 10
159 198 12
34 159 10
143 160 14
58 160 8
78 160 12
160 244 12
147 160 12
152 161 13
161 187 12
120 161 13
42 161 12
162 239 10
162 209 11
162 191 11
162 248 13
162 175 14
162 170 10
52 163 12
44 163 12
142 163 13
49 163 9
163 248 10
153 163 10
100 164 9
164 195 14
164 202 12
153 164 8
79 165 10
69 165 13
165 242 11
165 170 13
29 165 9
54 165 9
43 166 9
166 204 12
139 166 11
59 166 10
134 166 11
156 167 10
19 167 13
129 167 10
100 167 9
117 168 13
98 168 8
162 168 8
38 168 8
34 168 13
169 232 9
5 169 10
125 169 11
22 169 7
15 169 15
169 223 6
18 170 12
124 170 13
170 189 9
36 170 11
22 171 10
26 171 13
151 171 12
171 201 7
107 171 10
29 172 11
50 172 9
172 227 12
162 172 12
172 189 7
160 173 14
36 173 10
82 173 9
124 173 10
173 248 9
48 173 10
143 173 9
173 206 12
142 174 7
124 174 7
119 174 14
174 193 13
27 174 14
138 175 8
158 175 9
175 247 8
150 175 11
165 175 5
176 217 10
151 176 10
30 176 9
176 195 8
123 177 5
170 177 15
99 177 9
60 177 10
52 177 9
177 178 13
178 236 12
102 178 11
179 225 12
70 179 9
47 179 14
180 218 11
102 180 7
143 180 8
40 180 10
125 180 10
99 180 9
181 186 12
151 181 11
181 207 9
181 221 9
125 181 11
51 182 9
161 182 12
182 214 12
131 182 9
46 182 10
47 182 11
9 183 11
182 183 14
12 183 11
73 183 13
177 183 12
184 186 11
130 184 11
22 184 9
61 184 11
163 184 10
184 241 13
185 217 13
73 185 16
53 185 15
56 185 8
149 185 12
172 185 14
124 186 12
144 186 10
90 186 10
136 186 12
186 203 12
11 187 11
173 187 12
95 187 11
7 187 10
1 187 9
89 187 11
166 188 11
178 188 12
22 188 13
179 188 11
188 229 11
188 224 10
175 189 11
189 195 10
179 189 14
1 189 12
143 190 13
83 190 10
139 190 10
166 190 9
31 190 12
68 191 12
39 191 8
28 191 11
53 191 6
177 191 11
49 191 12
163 192 8
61 192 14
192 196 12
2 192 10
192 226 10
74 193 13
112 193 9
185 193 8
84 193 12
160 193 8
37 193 10
193 195 9
17 194 10
194 239 13
136 194 9
124 194 6
184 194 9
111 194 10
170 195 12
190 195 12
14 195 13
109 195 9
10 196 10
69 196 10
15 196 13
196 207 13
196 239 12
196 226 11
12 196 11
83 197 11
144 197 9
132 197 12
145 197 11
150 197 15
86 198 9
169 198 13
198 201 9
17 198 11
150 198 10
166 198 8
87 199 8
69 199 11
97 199 9
199 235 10
180 200 12
119 200 9
71 200 13
124 200 10
101 201 10
153 201 9
191 201 7
136 201 10
146 201 9
41 201 13
62 201 7
46 202 12
148 202 12
67 202 14
12 202 10
103 202 13
119 203 12
184 203 12
188 203 13
203 248 12
177 203 10
136 204 12
204 208 11
2 204 13
43 204 11
50 205 10
107 205 14
141 205 9
22 205 11
78 206 12
193 206 10
69 206 16
180 206 11
206 213 9
137 207 12
204 207 13
18 207 8
70 207 10
207 235 9
39 208 11
190 208 10
208 216 12
149 209 10
116 209 6
165 209 12
89 209 9
39 210 11
9 210 12
195 210 11
35 211 9
91 211 10
107 211 18
134 211 8
106 211 12
182 211 12
98 211 8
2 212 9
70 212 12
63 212 12
212 216 12
24 212 11
212 234 8
54 213 9
165 213 9
213 222 10
95 213 11
193 213 12
49 213 11
39 214 10
212 214 10
214 228 13
128 214 11
23 214 14
38 214 12
92 215 13
6 215 10
31 215 12
91 215 11
215 224 15
158 215 12
216 243 12
82 216 10
40 216 12
23 216 10
73 217 9
103 217 8
147 217 11
217 234 12
121 217 13
72 217 10
91 218 10
54 218 9
68 218 8
58 218 9
119 218 11
115 219 13
219 230 12
19 219 12
177 219 11
1 219 12
220 239 10
84 220 12
83 220 10
26 220 6
120 221 5
32 221 10
53 221 9
219 221 11
154 221 12
222 230 8
112 222 10
154 222 9
171 222 13
182 223 13
62 223 12
198 223 10
221 224 7
119 224 12
157 224 8
70 224 8
224 230 6
224 228 12
224 233 14
54 225 9
225 236 13
173 225 11
156 225 9
2 225 14
84 225 10
226 230 9
55 226 10
165 226 11
205 226 13
150 226 10
173 227 7
41 227 11
37 227 11
112 227 12
10 228 11
82 228 11
61 228 8
133 228 8
228 232 10
114 229 8
229 240 12
222 229 14
167 229 8
194 229 8
41 229 12
140 230 10
40 230 11
124 230 9
101 230 12
10 230 10
231 236 12
52 231 10
87 231 8
217 231 10
232 233 6
17 232 12
179 232 12
15 232 12
123 232 10
197 233 10
178 233 12
233 237 8
231 233 10
159 233 10
198 234 9
71 234 13
48 234 10
196 234 12
53 235 12
14 235 10
27 235 15
194 235 11
163 235 14
57 236 11
94 236 8
85 236 14
193 236 10
177 236 12
47 236 7
83 236 9
116 237 13
223 237 10
113 237 7
52 237 10
13 237 11
5 238 10
89 238 15
190 238 9
23 238 15
36 238 15
20 239 11
83 239 13
59 239 11
93 239 12
230 240 10
125 240 12
96 240 9
192 240 9
69 241 9
134 241 12
187 241 12
241 247 9
28 241 10
242 244 11
176 242 13
117 242 12
183 242 11
200 243 13
97 243 9
147 243 7
56 244 10
12 244 7
110 244 13
7 244 13
192 244 14
59 244 11
176 245 13
105 245 10
35 245 12
178 245 12
59 245 12
158 246 11
130 246 7
68 246 9
39 246 10
221 246 10
137 247 11
237 247 13
0 247 12
111 247 8
71 248 10
95 248 11
32 248 13
220 248 9
167 248 9
17 248 11
135 249 11
202 249 10
116 249 10
198 249 8
