250
0
8
5
6
5
5
7
7
6
6
8
3
7
4
9
9
9
5
9
4
10
8
4
6
7
10
1
3
2
8
7
10
6
4
3
6
3
8
7
6
10
7
3
5
8
10
9
6
2
4
5
3
7
10
5
4
4
2
8
5
1
1
2
6
6
8
7
10
5
9
6
6
9
8
8
8
3
3
4
4
4
3
7
3
8
10
9
7
3
4
3
1
5
3
8
6
8
5
4
8
8
2
4
7
7
8
3
8
8
9
3
1
7
1
9
9
7
6
7
5
9
6
6
9
7
10
3
3
9
8
1
9
10
4
8
4
4
4
5
2
6
6
7
2
6
5
9
10
6
8
8
9
4
6
5
10
8
3
8
3
2
9
2
9
2
3
5
9
5
2
4
6
8
4
8
3
4
8
9
2
9
3
2
3
4
7
8
9
5
8
4
8
7
10
6
5
9
3
2
2
4
3
3
5
1
3
4
5
7
9
4
6
5
4
9
5
7
9
10
7
10
3
4
3
4
7
4
5
9
10
6
7
7
7
5
3
2
3
2
9
6
1
7
4
10
1
3
5
3
4
0 223 8
0 18 11
0 64 9
0 176 13
0 4 7
0 164 12
0 116 14
0 95 8
0 207 9
1 245 8
1 70 13
1 103 8
1 22 11
1 27 12
1 201 11
1 221 11
1 142 11
1 78 12
1 147 8
2 191 13
2 106 10
2 113 11
2 128 12
2 12 9
2 62 13
2 51 12
2 176 8
2 20 11
2 196 8
3 54 9
3 121 9
3 33 6
3 169 11
3 111 11
3 129 9
3 196 12
3 128 9
2 3 14
3 8 12
3 138 12
4 122 9
4 7 11
4 157 10
4 105 10
4 231 8
4 98 11
4 178 10
4 8 12
4 199 9
4 155 12
5 78 10
5 90 8
5 162 13
5 212 7
5 115 13
5 123 13
5 156 11
5 183 13
5 122 17
6 249 10
6 227 11
6 163 14
6 159 8
6 132 13
6 194 9
6 34 9
6 44 10
7 88 9
7 123 12
7 15 8
7 26 12
7 53 11
7 127 16
7 161 12
7 103 11
7 247 10
7 172 10
7 189 9
8 133 9
8 64 8
8 168 11
8 142 9
8 86 11
8 12 11
8 171 10
8 184 10
0 8 13
9 194 8
9 190 12
9 38 9
9 89 12
9 222 11
9 120 12
9 92 11
9 109 13
9 52 9
9 173 12
10 173 10
10 119 12
10 195 11
10 124 11
10 241 12
10 46 14
10 29 13
10 51 9
10 70 9
11 67 11
11 225 12
11 163 10
8 11 10
11 76 9
11 175 9
11 58 10
11 222 7
11 26 10
11 103 10
11 245 12
12 170 11
12 81 9
12 46 12
12 164 13
12 78 12
12 232 7
12 224 8
12 216 9
12 199 11
13 240 10
13 65 12
13 159 12
13 117 14
13 206 12
13 162 10
13 227 12
13 49 9
13 84 8
13 235 8
14 118 13
14 52 11
14 34 12
14 219 8
14 33 9
14 85 10
14 177 8
14 94 9
14 86 10
14 172 6
14 148 14
15 164 13
15 144 9
14 15 11
9 15 11
15 128 14
15 95 12
15 230 10
15 225 7
15 72 13
15 48 12
15 117 11
16 196 9
16 230 10
16 182 11
16 229 12
16 188 11
16 17 7
16 121 13
16 118 12
16 148 11
17 134 12
17 247 9
17 193 13
17 72 9
17 140 15
17 147 9
17 42 11
17 201 9
17 93 13
17 214 12
17 28 9
18 226 9
18 225 10
18 200 11
17 18 13
18 110 8
18 163 8
12 18 14
18 111 9
18 160 11
18 235 7
19 60 12
19 103 7
19 247 13
19 160 13
19 119 12
19 66 11
19 171 9
19 136 12
20 73 11
20 140 10
20 24 9
20 188 11
20 232 6
20 79 12
20 113 13
20 36 7
20 158 12
20 142 9
20 210 10
21 101 11
21 227 15
21 63 9
21 129 8
13 21 10
21 191 10
21 178 10
21 75 11
8 21 10
21 72 11
21 157 11
22 137 12
22 202 9
22 125 13
0 22 8
22 76 7
22 23 11
22 193 12
22 105 10
22 55 12
23 214 11
23 143 9
12 23 5
23 111 11
23 227 6
23 166 10
23 138 13
23 121 7
23 59 7
24 78 11
22 24 9
24 133 9
24 125 12
24 114 11
24 25 11
24 82 9
24 86 7
24 119 9
10 25 11
25 27 9
25 112 9
25 246 9
25 54 6
25 56 12
25 170 10
25 81 10
25 249 10
25 242 12
14 26 8
2 26 13
26 182 14
15 26 14
26 149 11
26 49 12
26 41 11
1 26 10
26 77 12
26 27 12
3 26 13
27 107 12
27 91 11
2 27 11
27 174 9
27 83 7
27 201 7
27 88 13
27 193 11
27 177 12
27 134 9
28 171 13
28 46 10
28 239 11
28 212 5
28 107 7
28 222 10
28 208 11
28 65 11
28 93 9
28 60 9
12 28 13
29 123 8
29 113 10
29 83 11
29 74 10
29 181 12
29 64 10
29 153 10
29 75 13
29 81 10
19 29 10
30 233 12
30 242 9
13 30 9
30 92 9
30 68 9
30 152 8
30 98 15
30 71 7
30 214 8
31 160 11
31 215 8
31 158 11
31 183 11
2 31 12
31 136 8
31 150 12
31 149 11
31 103 10
31 100 10
31 119 12
32 234 9
32 105 11
32 62 10
32 195 12
32 150 12
32 143 8
32 185 13
32 158 11
32 181 9
33 131 10
12 33 9
28 33 9
33 73 10
29 33 10
33 118 11
33 168 10
33 244 12
33 229 9
34 72 9
10 34 9
34 38 5
34 95 10
34 148 11
34 227 11
34 102 13
34 178 12
18 34 9
34 145 10
35 87 14
35 152 9
35 246 10
35 93 10
35 70 9
35 77 13
35 44 5
10 35 10
35 113 12
35 180 9
35 147 5
36 72 8
36 239 13
36 214 8
7 36 11
36 179 13
36 113 10
36 158 12
36 115 13
36 138 15
36 147 14
37 109 10
37 95 10
37 214 13
14 37 8
37 111 12
37 153 7
37 58 10
37 190 11
37 67 11
32 38 9
0 38 9
38 107 10
38 182 8
38 181 10
38 159 13
38 184 10
38 186 13
38 241 13
38 93 11
20 39 12
39 149 12
39 248 10
39 167 8
39 246 14
13 39 11
39 159 8
21 39 14
39 216 9
39 199 12
39 143 10
40 211 6
40 129 10
40 242 9
40 66 13
40 48 14
40 237 14
40 243 12
40 78 9
41 50 12
41 149 11
8 41 10
20 41 11
41 117 6
41 118 10
41 189 8
41 158 7
41 171 13
41 114 8
42 48 14
42 238 8
42 211 12
42 247 8
42 50 13
42 154 12
10 42 11
42 56 11
42 168 11
42 156 9
43 188 11
43 72 15
43 66 9
43 169 11
43 71 10
43 96 11
43 186 14
43 155 12
43 58 10
43 187 9
43 150 14
44 173 10
44 86 15
44 77 12
44 227 11
44 93 9
44 193 8
44 242 12
44 82 11
44 50 11
29 44 9
45 174 10
45 230 10
45 145 13
45 62 11
45 119 11
45 60 8
45 244 10
45 50 11
45 125 8
46 198 12
46 188 11
46 200 10
46 166 9
11 46 4
46 86 12
46 77 12
46 137 7
46 144 7
41 46 14
47 243 8
47 204 10
47 244 9
47 238 10
36 47 12
47 208 12
47 156 12
47 124 10
48 198 15
48 148 12
13 48 7
0 48 10
48 83 12
48 209 14
22 48 11
48 211 12
45 48 11
48 189 10
49 126 12
49 115 13
49 71 11
49 187 11
49 150 7
49 101 10
15 49 11
49 149 15
30 49 7
49 215 11
50 209 12
2 50 9
50 61 11
50 203 13
50 129 11
50 134 11
50 181 9
50 112 8
50 150 14
50 176 13
50 183 9
33 51 13
23 51 11
51 169 12
3 51 13
51 239 13
51 71 12
51 95 10
51 114 12
51 176 11
51 65 9
7 51 11
52 222 13
20 52 10
43 52 10
52 105 8
52 62 11
52 106 13
52 249 9
52 205 9
52 138 13
52 79 10
37 53 9
53 75 15
53 177 10
53 173 11
53 244 11
14 53 10
53 59 13
22 53 11
53 133 12
53 213 10
54 188 10
54 125 10
54 169 12
54 83 10
49 54 8
54 126 12
54 180 7
54 145 10
54 210 13
55 111 14
55 225 10
55 211 12
55 64 10
55 209 9
55 204 9
55 150 9
55 182 8
55 186 10
56 58 11
56 217 9
56 235 9
56 164 13
16 56 13
39 56 12
56 68 11
11 56 12
56 197 14
30 57 14
57 201 10
57 208 13
57 153 10
57 115 11
57 181 11
57 142 9
57 175 10
57 229 9
57 145 9
58 65 10
58 124 10
58 86 14
30 58 11
58 81 12
47 58 9
58 90 9
13 58 10
59 157 8
13 59 11
8 59 9
59 194 9
48 59 9
56 59 8
59 65 13
59 165 8
59 75 10
59 237 14
9 59 11
60 249 17
60 143 9
60 221 14
40 60 11
60 61 11
31 60 11
60 99 12
60 138 10
60 238 12
61 220 9
11 61 8
61 181 11
61 223 11
5 61 13
61 80 11
61 115 10
61 176 9
61 126 8
62 85 13
62 175 11
12 62 14
62 68 8
22 62 12
62 133 10
17 62 8
3 62 12
63 203 12
63 211 11
63 67 9
18 63 7
63 170 12
63 126 11
63 88 11
11 63 11
39 64 12
58 64 7
64 113 9
64 116 14
64 109 11
64 92 9
64 182 10
64 132 11
64 222 12
64 104 15
64 127 9
60 64 12
65 246 10
1 65 9
65 181 12
65 158 8
65 90 12
65 207 12
65 74 12
65 131 10
14 65 12
66 204 11
66 110 14
66 197 12
66 134 12
66 130 11
50 66 12
23 66 11
62 66 9
66 135 12
66 174 9
67 98 16
34 67 8
67 216 9
67 168 9
67 82 9
67 95 13
66 67 10
31 67 13
67 183 14
67 133 11
68 238 9
68 97 8
68 146 14
68 78 11
68 105 9
68 90 10
21 68 12
68 96 13
68 154 10
61 68 8
69 242 12
69 193 9
69 81 8
6 69 9
69 161 9
13 69 14
69 156 10
69 145 9
69 198 8
36 69 10
69 163 9
52 70 11
22 70 12
70 101 11
70 146 15
70 99 17
70 127 10
65 70 9
70 165 9
70 235 8
70 186 10
60 70 11
70 210 8
67 71 13
62 71 9
71 117 6
71 116 10
71 159 11
71 219 12
71 100 10
71 201 11
71 164 12
71 83 9
71 221 12
72 110 10
72 139 11
72 162 15
41 72 12
72 135 7
58 72 7
30 72 10
72 205 12
72 134 13
12 72 11
73 175 8
73 249 14
11 73 9
47 73 12
73 230 7
13 73 10
73 187 7
73 214 10
73 211 11
35 74 9
74 190 11
74 126 8
74 207 10
74 211 9
74 107 10
74 158 11
74 220 12
27 74 11
74 130 9
54 75 10
75 248 13
75 181 11
75 246 15
19 75 13
75 206 8
75 214 11
75 85 8
9 75 12
75 200 10
75 240 10
76 225 8
76 249 10
76 198 12
64 76 16
76 136 13
1 76 12
76 91 10
76 233 12
76 174 9
76 152 12
76 92 8
77 94 9
77 168 7
56 77 10
77 155 11
77 105 8
77 83 12
77 101 6
77 116 10
2 77 14
77 106 12
77 84 9
78 162 12
78 188 14
6 78 13
78 166 9
22 78 8
78 128 9
78 249 11
78 133 10
78 80 11
78 213 15
79 99 9
35 79 14
47 79 10
79 100 11
79 80 10
79 203 10
55 79 12
79 157 11
79 140 14
65 80 7
80 190 13
80 117 11
80 88 10
80 130 9
13 80 13
80 124 11
80 84 8
53 80 8
47 80 11
28 81 9
81 134 8
81 188 11
81 237 10
81 191 12
81 89 7
81 234 12
52 81 12
39 81 11
81 239 8
82 201 8
69 82 12
82 106 9
82 193 12
82 236 11
82 174 10
82 95 12
82 93 10
82 187 10
82 83 10
82 131 14
83 94 9
83 154 9
83 141 8
60 83 8
11 83 10
83 100 10
83 203 12
83 140 7
83 189 10
83 106 12
34 83 11
84 174 11
1 84 8
84 115 9
84 146 10
84 176 8
84 194 8
84 105 11
84 131 11
84 170 10
84 99 10
84 182 9
84 242 12
85 137 8
85 150 9
10 85 10
17 85 10
85 176 13
85 215 8
85 98 8
35 85 13
85 197 10
7 85 11
86 171 11
86 199 12
86 245 12
86 165 12
86 186 10
86 131 10
86 242 6
86 138 10
86 249 13
86 109 13
87 127 10
87 118 8
41 87 15
87 245 11
87 88 10
87 98 15
87 199 13
46 87 14
79 87 10
73 87 13
87 171 10
79 88 12
88 217 8
88 104 11
66 88 12
88 132 9
88 181 12
48 88 8
64 88 12
89 109 12
89 155 10
89 220 8
5 89 14
89 167 10
89 112 8
89 246 13
89 215 11
89 232 11
89 114 12
90 175 8
90 98 15
42 90 13
7 90 11
90 126 10
90 173 11
90 221 12
45 90 9
90 116 9
91 122 9
42 91 11
91 197 6
91 160 13
91 222 12
91 162 8
91 212 9
91 103 14
91 97 10
92 167 11
92 154 7
63 92 9
92 97 12
92 144 11
92 241 11
92 185 9
92 233 9
92 111 11
7 93 14
93 216 13
93 111 9
93 186 11
93 189 11
93 156 12
52 93 9
29 93 15
93 209 10
29 94 11
32 94 8
94 226 6
94 174 9
94 121 7
94 249 5
94 167 12
94 133 9
94 126 9
80 94 10
94 183 7
95 102 12
95 247 7
95 211 9
95 218 10
69 95 8
21 95 11
95 234 9
95 174 12
95 173 9
96 171 12
96 204 9
96 227 14
61 96 8
96 149 9
10 96 7
75 96 10
96 215 10
96 133 12
96 175 9
96 180 10
97 235 10
12 97 10
13 97 8
61 97 10
97 172 12
97 243 8
97 184 11
97 150 12
98 236 9
84 98 13
72 98 10
98 186 14
98 108 10
20 98 7
98 231 9
45 98 12
98 218 10
99 124 11
47 99 11
99 175 10
83 99 10
62 99 7
7 99 11
63 99 14
99 128 12
39 99 13
55 99 10
88 100 14
100 115 11
100 217 12
100 107 11
9 100 13
100 247 10
66 100 8
100 126 9
45 101 12
101 240 9
101 135 11
101 110 10
101 172 7
42 101 9
32 101 8
101 249 12
101 170 9
101 233 7
97 101 10
102 165 13
39 102 10
102 195 7
31 102 8
45 102 9
102 239 10
24 102 8
102 112 14
66 102 9
86 103 10
103 179 10
55 103 11
42 103 11
103 178 7
32 103 11
103 143 10
103 147 14
103 189 10
103 234 14
104 203 8
51 104 12
104 107 11
15 104 14
104 138 10
104 149 8
104 206 7
104 213 9
104 202 9
99 104 11
105 207 11
81 105 11
91 105 9
105 193 14
96 105 4
105 236 13
73 105 13
105 142 9
105 141 11
106 179 7
97 106 9
6 106 11
76 106 16
50 106 11
23 106 11
106 178 8
106 249 13
106 201 8
106 193 13
106 142 8
106 219 8
88 107 13
107 120 9
107 236 7
107 242 9
39 107 11
107 226 8
15 107 12
107 181 11
107 116 9
4 107 11
107 172 9
11 107 10
108 221 9
80 108 11
108 240 9
108 170 8
108 249 8
8 108 6
108 198 7
108 124 8
88 108 11
42 109 12
109 206 14
109 241 9
60 109 11
109 246 10
59 109 14
109 112 8
36 109 11
109 128 9
109 199 11
110 203 12
110 198 11
14 110 13
77 110 13
110 224 8
1 110 11
33 110 11
41 110 11
32 110 10
37 110 6
54 110 8
85 110 9
102 111 7
111 222 13
111 168 14
24 111 8
60 111 11
53 111 11
79 111 9
91 111 10
111 207 9
38 111 8
112 225 10
112 245 10
112 183 7
112 247 8
112 229 10
112 114 11
112 138 9
112 118 10
12 112 11
79 112 14
113 199 13
42 113 6
113 115 7
17 113 12
113 169 6
113 173 12
72 113 9
113 130 11
114 232 9
91 114 11
32 114 8
56 114 6
114 160 11
98 114 8
114 199 9
114 156 10
114 119 11
53 114 11
115 201 11
58 115 10
47 115 9
96 115 13
115 140 10
115 134 6
115 217 10
115 190 10
115 200 15
116 190 11
72 116 7
116 189 9
42 116 11
116 179 10
51 116 14
116 208 11
57 116 9
116 177 12
74 116 11
116 225 10
0 117 13
83 117 13
6 117 14
67 117 16
10 117 8
117 247 12
79 117 9
92 117 11
82 117 10
107 117 12
69 117 7
9 118 12
118 196 9
13 118 11
58 118 15
118 193 14
118 159 9
118 123 11
59 118 13
118 218 15
49 118 9
41 119 11
113 119 11
23 119 11
90 119 9
94 119 12
21 119 13
116 119 12
119 124 10
119 243 10
17 119 9
120 121 9
106 120 8
120 163 14
110 120 7
120 224 9
59 120 10
120 164 11
88 120 13
120 153 6
120 168 10
120 125 10
121 235 12
121 204 11
121 144 13
70 121 16
121 229 9
121 125 13
5 121 12
99 121 12
121 222 11
121 246 8
122 158 11
18 122 9
64 122 9
122 172 11
122 218 13
60 122 11
41 122 6
122 160 12
104 122 11
65 123 11
78 123 10
123 228 11
123 130 10
123 142 10
19 123 11
94 123 9
93 123 8
124 170 10
96 124 12
124 145 11
57 124 10
124 208 12
93 124 11
124 205 10
124 164 10
124 157 8
124 129 11
3 125 9
85 125 11
96 125 12
125 226 10
125 242 12
125 167 10
108 125 10
125 147 11
125 178 12
30 125 13
125 221 6
43 125 13
33 126 7
126 233 11
126 210 9
126 202 13
41 126 8
126 163 10
23 126 8
85 126 9
89 126 12
126 237 8
127 232 10
3 127 13
63 127 9
127 238 13
127 222 11
24 127 12
114 127 12
127 234 10
127 162 8
128 209 8
128 140 10
128 243 8
62 128 7
59 128 9
105 128 9
128 212 9
50 128 7
129 164 14
80 129 12
55 129 15
129 136 10
16 129 12
129 237 7
31 129 12
93 129 9
129 180 11
130 195 10
60 130 11
130 194 13
129 130 13
130 221 9
51 130 10
63 130 10
56 130 12
97 130 9
52 131 10
46 131 14
15 131 11
131 220 10
131 137 14
131 133 9
131 217 12
131 228 12
118 131 10
68 131 9
69 132 12
132 211 8
132 170 15
117 132 12
132 165 8
112 132 14
1 132 7
132 138 11
33 132 7
132 154 10
122 132 12
133 134 10
133 151 10
133 209 10
87 133 16
47 133 10
133 182 13
133 161 10
133 202 9
118 133 10
122 133 8
95 134 12
65 134 10
134 171 10
134 203 7
40 134 13
134 174 10
58 134 9
134 186 9
0 134 11
18 134 12
17 135 13
135 185 10
135 144 7
117 135 9
60 135 11
135 231 10
135 162 11
135 191 8
135 171 7
84 135 9
136 216 10
66 136 9
136 189 7
118 136 10
136 210 12
136 247 13
123 136 11
136 217 12
86 136 9
136 229 12
136 230 10
136 169 6
137 149 10
34 137 10
111 137 11
137 248 9
32 137 7
137 151 13
137 214 10
137 177 12
0 137 13
137 194 7
15 138 6
1 138 13
91 138 11
138 151 9
93 138 9
42 138 12
138 215 9
62 138 9
138 141 13
138 173 12
39 138 13
139 219 11
17 139 14
139 176 13
124 139 10
139 175 12
139 207 11
89 139 12
116 139 12
139 211 12
38 139 11
0 139 8
54 140 6
9 140 12
140 211 9
13 140 13
93 140 10
124 140 9
140 155 10
94 140 13
140 161 13
116 141 8
81 141 10
141 148 10
141 235 10
141 199 10
73 141 14
35 141 10
141 241 11
141 184 12
141 161 10
51 141 12
107 142 7
98 142 10
142 225 10
142 192 12
142 167 10
142 234 9
66 142 13
142 235 10
45 142 11
142 202 7
128 143 9
22 143 12
143 165 11
64 143 10
84 143 12
93 143 7
143 175 7
143 180 12
81 143 9
143 220 11
35 143 9
86 143 9
32 144 13
144 233 10
20 144 10
99 144 12
68 144 13
139 144 11
88 144 13
7 144 12
130 144 9
144 166 10
82 145 8
145 203 13
145 146 9
123 145 12
117 145 8
103 145 7
48 145 11
127 145 10
145 235 11
131 146 12
146 227 6
146 208 13
146 232 13
146 206 8
146 147 10
55 146 13
135 146 9
42 146 11
32 146 10
75 147 11
65 147 9
147 242 10
147 172 11
82 147 7
118 147 10
76 147 11
131 147 11
114 147 9
148 247 7
78 148 12
148 193 7
148 203 11
148 205 13
148 201 12
148 184 9
148 235 7
84 148 12
148 162 8
149 152 11
149 205 8
77 149 9
86 149 7
71 149 10
149 191 14
17 149 12
140 149 13
149 239 10
103 149 9
53 150 9
96 150 10
150 218 10
37 150 9
150 246 10
146 150 10
93 150 11
9 150 7
150 167 14
151 215 9
3 151 11
151 157 12
135 151 11
151 240 11
14 151 10
151 217 9
151 195 12
105 151 12
52 151 9
91 151 10
115 151 10
152 173 10
25 152 11
84 152 9
152 225 11
51 152 8
147 152 9
103 152 15
47 152 7
152 200 7
132 152 11
153 248 11
126 153 12
114 153 8
153 168 11
146 153 11
153 220 8
96 153 10
112 153 10
23 154 14
154 210 13
80 154 11
154 191 11
25 154 12
22 154 13
154 179 12
154 185 9
154 177 11
32 154 12
155 243 13
11 155 8
16 155 11
155 230 13
155 181 14
51 155 9
155 229 12
155 182 11
23 155 12
44 155 11
139 155 14
88 156 10
132 156 9
43 156 10
156 218 11
156 162 11
145 156 10
100 156 10
146 156 10
156 187 15
86 156 10
80 157 10
157 215 10
152 157 10
2 157 14
157 189 10
106 157 12
157 192 15
154 157 8
157 233 12
157 221 12
43 158 8
158 225 14
158 177 10
9 158 8
158 215 11
158 240 10
158 160 11
0 158 9
158 176 9
158 235 11
159 174 11
159 210 10
159 198 7
156 159 10
32 159 11
110 159 11
159 249 12
22 159 10
159 191 4
35 160 14
160 216 5
42 160 9
160 211 11
138 160 10
62 160 11
7 160 9
94 160 11
160 173 8
117 160 6
161 191 11
161 195 8
161 224 12
50 161 12
99 161 10
161 182 13
9 161 13
156 161 13
161 221 13
30 162 11
145 162 10
162 213 13
162 168 10
162 193 12
147 162 12
60 162 9
62 162 9
103 162 9
56 162 11
129 162 13
14 163 8
163 234 10
122 163 10
20 163 11
105 163 10
163 176 11
150 163 6
163 215 15
96 163 15
107 164 12
9 164 10
164 239 9
132 164 11
38 164 8
164 183 12
161 164 11
43 164 11
73 164 10
165 219 10
165 189 14
165 167 12
165 182 11
165 244 14
165 190 8
85 165 10
6 165 10
93 165 11
44 165 13
132 166 12
120 166 12
166 216 10
136 166 10
166 178 11
57 166 12
153 166 9
11 166 13
149 166 12
159 166 7
166 191 11
52 167 12
123 167 10
167 229 10
167 191 11
167 169 10
141 167 10
31 167 10
95 167 8
167 173 9
126 167 10
48 167 11
168 219 12
168 181 13
106 168 11
72 168 10
21 168 13
148 168 11
150 168 11
14 168 16
168 236 11
12 168 8
85 168 7
53 169 12
56 169 9
84 169 11
169 193 9
133 169 12
169 207 11
106 169 10
79 169 10
169 225 14
100 169 16
91 170 8
28 170 7
22 170 12
119 170 8
80 170 10
139 170 9
170 227 9
170 176 10
114 170 11
30 170 12
113 170 11
9 171 11
92 171 8
171 199 13
116 171 10
100 171 9
171 185 11
2 171 9
151 171 7
115 171 12
49 171 9
123 172 8
76 172 10
106 172 11
42 172 12
172 192 10
31 172 15
34 172 10
172 184 13
117 172 13
83 173 14
166 173 9
112 173 8
87 173 9
173 212 11
11 173 15
173 215 13
173 230 12
34 173 10
173 201 16
144 173 10
79 174 9
174 210 10
90 174 8
106 174 13
174 243 5
115 174 11
107 174 10
158 174 9
174 200 10
23 174 9
175 229 11
60 175 14
24 175 9
175 199 10
175 190 10
17 175 15
142 175 12
68 175 10
147 175 8
176 217 10
7 176 10
72 176 11
132 176 14
64 176 9
71 176 12
76 176 8
176 239 11
4 176 16
176 242 9
49 177 11
122 177 11
177 193 10
54 177 13
177 238 12
19 177 10
142 177 11
22 177 12
61 177 12
140 177 9
178 196 13
178 195 10
178 213 11
178 242 9
56 178 8
61 178 10
151 178 10
38 178 13
178 205 10
178 215 11
39 178 7
178 220 9
80 179 10
179 207 9
179 206 10
102 179 8
179 209 7
179 184 6
117 179 13
39 179 11
43 179 16
20 179 11
179 234 9
180 204 9
148 180 9
180 187 10
80 180 10
120 180 11
124 180 11
163 180 9
180 181 6
172 180 13
156 180 11
54 181 11
181 223 13
42 181 13
41 181 12
43 181 10
162 181 13
181 193 12
181 217 11
181 234 11
181 245 8
181 222 10
76 182 11
63 182 9
79 182 8
115 182 8
95 182 8
89 182 10
37 182 13
145 182 16
68 182 15
182 238 6
83 183 7
85 183 9
183 229 14
107 183 12
151 183 7
183 211 12
124 183 13
160 183 10
136 183 8
183 243 9
182 184 9
10 184 10
138 184 10
32 184 6
62 184 13
184 210 16
117 184 10
114 184 12
120 184 8
185 248 10
134 185 12
152 185 9
72 185 11
185 227 14
185 236 14
185 192 9
185 244 11
126 185 11
158 186 11
32 186 11
186 216 8
186 235 10
53 186 8
21 186 7
186 193 10
91 186 10
186 205 10
63 186 10
187 203 12
1 187 10
44 187 12
187 232 10
187 188 12
187 201 9
24 187 7
63 187 7
60 187 12
177 187 8
167 188 5
96 188 14
105 188 10
188 196 13
84 188 11
146 188 8
134 188 12
176 188 12
41 188 10
188 219 12
171 189 9
189 230 7
4 189 14
18 189 9
189 210 10
189 233 11
38 189 10
130 189 11
81 190 8
128 190 12
86 190 10
190 197 10
131 190 11
49 190 12
109 190 13
164 190 10
79 191 10
143 191 9
103 191 10
191 206 13
191 228 10
191 203 11
191 248 13
191 202 10
16 191 10
191 210 12
192 198 9
30 192 10
192 205 9
192 214 8
191 192 10
75 192 7
85 192 12
83 192 9
100 192 11
137 192 15
193 225 13
45 193 11
59 193 14
8 193 9
111 193 7
193 248 8
24 193 12
193 220 9
151 193 11
145 193 11
79 194 9
193 194 8
56 194 8
118 194 10
16 194 11
121 194 13
61 194 10
51 194 10
127 194 12
19 194 14
60 194 9
75 195 10
195 248 12
58 195 9
141 195 10
194 195 11
134 195 10
133 195 10
120 195 11
107 195 12
192 195 8
163 195 12
196 228 7
196 209 11
175 196 10
48 196 12
86 196 11
100 196 14
196 249 10
185 196 11
29 196 10
176 196 9
162 196 8
18 197 11
197 248 12
171 197 13
82 197 11
31 197 8
26 197 11
52 197 12
128 197 8
22 197 9
126 197 9
198 241 9
198 233 8
198 245 14
131 198 12
198 215 10
91 198 13
198 201 10
27 198 11
183 198 10
6 198 6
93 198 9
94 199 11
185 199 7
104 199 9
172 199 14
148 199 9
71 199 14
199 211 10
24 199 10
140 200 8
200 203 8
191 200 11
146 200 12
102 200 9
36 200 12
200 210 8
166 200 9
88 200 11
61 200 11
200 207 16
194 200 11
146 201 7
161 201 11
84 201 9
201 225 9
184 201 10
5 201 10
110 201 7
56 201 14
168 201 10
201 236 9
174 202 9
99 202 9
20 202 12
189 202 7
202 246 13
10 202 13
202 247 14
1 202 15
202 243 10
178 203 10
158 203 11
97 203 13
125 203 8
72 203 10
20 203 13
203 247 12
93 203 8
71 203 8
115 203 11
90 203 9
89 204 10
1 204 9
95 204 9
204 225 10
107 204 10
71 204 10
15 204 9
29 204 9
188 204 13
109 204 15
83 205 8
203 205 8
205 239 12
134 205 11
167 205 14
179 205 9
71 205 13
29 205 9
17 205 9
188 205 10
80 206 10
14 206 10
166 206 8
131 206 7
51 206 11
88 206 9
206 208 12
73 206 12
185 206 12
145 207 12
99 207 10
201 207 9
89 207 12
131 207 10
49 207 13
195 207 7
94 207 11
40 207 12
156 207 11
176 208 8
32 208 11
107 208 10
208 224 14
178 208 11
98 208 13
66 208 7
4 208 12
43 208 13
174 208 9
31 209 8
64 209 13
41 209 9
209 237 12
3 209 8
203 209 13
209 241 8
150 209 10
180 209 7
95 209 12
38 210 9
210 214 11
90 210 11
48 210 11
49 210 7
10 210 8
116 210 12
203 210 13
137 210 9
86 210 7
69 210 12
211 230 12
29 211 10
211 244 11
203 211 10
211 224 11
158 211 12
152 211 9
211 213 11
169 211 11
53 211 10
127 211 11
167 211 12
131 212 12
96 212 9
94 212 13
195 212 13
179 212 11
78 212 11
63 212 9
191 212 11
176 212 9
213 232 12
26 213 9
125 213 12
98 213 12
38 213 6
56 213 10
24 213 9
213 237 12
190 213 8
82 213 10
149 214 12
20 214 13
33 214 10
138 214 11
153 214 14
194 214 12
43 214 13
49 214 11
193 214 11
214 225 8
150 214 12
215 243 11
215 232 13
197 215 10
193 215 12
60 215 9
29 215 7
195 215 11
105 215 8
134 215 10
215 244 11
214 215 13
130 215 10
77 216 8
56 216 11
205 216 10
137 216 9
157 216 13
159 216 8
154 216 8
169 216 7
76 216 12
70 216 8
212 217 14
199 217 12
117 217 7
46 217 14
141 217 12
180 217 6
81 217 6
35 217 11
177 217 12
203 218 10
86 218 8
18 218 9
90 218 7
158 218 14
152 218 13
25 218 9
155 218 11
63 218 10
126 218 11
8 218 11
105 219 13
97 219 12
163 219 11
218 219 9
51 219 16
79 219 11
119 219 8
219 244 10
205 219 12
110 219 9
13 220 10
84 220 15
50 220 9
177 220 12
183 220 9
113 220 10
22 220 8
220 226 10
87 220 9
120 221 8
95 221 15
154 221 10
76 221 10
193 221 9
10 221 12
86 221 10
78 221 11
62 221 8
126 221 10
61 221 13
150 222 9
16 222 11
222 243 9
35 222 9
222 237 9
188 222 7
144 222 12
21 222 12
112 222 10
210 223 10
174 223 9
24 223 12
79 223 13
115 223 10
207 223 12
95 223 10
206 223 11
38 223 13
29 224 10
207 224 9
186 224 10
148 224 11
3 224 9
135 224 10
1 224 13
188 224 11
159 224 12
26 224 8
97 225 9
77 225 11
186 225 12
224 225 7
172 225 12
54 225 15
200 225 12
58 225 10
182 225 8
41 225 10
144 226 11
87 226 12
121 226 10
63 226 9
176 226 11
77 226 12
184 226 8
75 226 12
120 227 13
89 227 11
189 227 10
14 227 12
12 227 14
121 227 11
227 231 12
147 227 12
11 227 11
50 228 10
16 228 8
63 228 9
99 228 9
130 228 9
29 228 8
151 228 12
144 228 11
108 229 9
229 241 8
171 229 13
62 229 12
11 229 13
74 229 9
119 229 10
83 229 10
158 229 9
194 230 11
112 230 15
230 240 9
35 230 11
39 230 7
225 230 11
62 230 15
230 245 9
122 230 12
142 231 11
2 231 13
129 231 11
124 231 10
194 231 10
177 231 12
104 231 12
6 231 11
72 231 10
20 231 12
177 232 10
91 232 9
182 232 15
232 249 8
106 232 7
30 232 11
8 232 11
232 240 12
168 232 8
205 232 7
74 233 11
179 233 9
78 233 11
63 233 10
13 233 10
227 233 8
147 233 15
143 233 11
151 233 8
234 239 12
84 234 11
72 234 11
141 234 11
118 234 12
41 234 12
36 234 9
234 235 13
224 234 11
0 234 11
96 234 16
66 235 8
21 235 10
114 235 8
194 235 10
162 235 10
184 235 11
175 235 10
31 235 12
22 235 10
30 236 11
218 236 12
102 236 8
99 236 7
119 236 9
22 236 13
89 236 12
163 236 8
236 247 9
220 236 12
184 237 11
56 237 11
148 237 11
0 237 13
82 237 10
145 237 9
9 237 9
44 237 15
34 237 11
204 237 10
136 237 12
145 238 11
200 238 14
146 238 11
19 238 8
76 238 10
175 238 11
30 238 9
170 238 8
57 238 12
71 238 15
183 239 12
68 239 13
38 239 14
179 239 11
59 239 11
67 239 11
134 239 8
43 239 10
161 239 8
193 240 10
177 240 14
172 240 11
45 240 10
53 240 8
29 240 12
72 240 10
200 240 12
127 240 9
142 240 7
72 241 12
179 241 10
42 241 11
213 241 16
95 241 8
186 241 11
85 241 10
39 241 13
235 241 9
115 241 7
199 242 10
48 242 11
126 242 8
114 242 13
85 242 12
128 242 12
80 242 10
134 242 12
212 242 11
78 242 10
204 242 12
22 243 10
10 243 7
27 243 9
21 243 9
80 243 10
18 243 10
152 243 12
217 243 11
131 243 9
27 244 11
76 244 10
124 244 8
180 244 9
162 244 14
232 244 10
133 244 11
25 244 12
55 244 10
77 245 12
146 245 10
136 245 10
9 245 10
115 245 12
177 245 8
78 245 8
144 245 6
133 245 11
119 245 9
173 246 9
134 246 13
66 246 9
73 246 11
71 246 12
168 246 8
159 246 9
223 246 11
40 246 12
219 246 12
130 247 10
134 247 12
162 247 11
48 247 8
16 247 11
183 247 11
189 247 10
92 247 13
213 247 7
12 247 10
61 247 11
88 248 11
213 248 11
218 248 10
119 248 9
160 248 9
163 248 12
135 248 12
34 248 12
140 248 12
126 248 12
245 248 14
120 248 12
168 249 11
38 249 11
140 249 13
213 249 10
105 249 7
53 249 9
248 249 10
109 249 9
83 249 10
247 249 8
