250
0
9
5
8
5
10
4
7
2
10
6
8
6
9
5
4
7
7
8
5
1
3
3
4
1
5
9
8
5
5
3
9
4
6
1
9
2
3
6
9
7
6
6
2
6
8
8
4
8
4
2
8
9
1
5
5
2
2
5
4
8
7
6
6
1
9
9
2
3
3
9
7
4
3
2
7
6
6
7
3
2
4
2
4
7
1
6
7
4
4
1
3
6
4
3
1
2
1
3
6
2
7
3
5
1
4
5
4
8
9
3
9
1
1
10
9
8
4
8
3
5
9
10
9
5
4
6
5
7
3
4
2
4
8
9
10
9
2
3
8
9
6
7
6
2
6
1
9
8
2
5
5
7
10
10
9
2
8
6
5
7
8
1
3
6
2
5
6
6
6
8
9
7
3
4
7
4
2
8
5
4
8
5
8
8
8
5
9
10
5
7
7
3
4
10
10
3
10
9
1
10
6
2
6
3
6
9
3
9
9
6
5
6
5
5
9
6
8
7
4
8
6
3
10
7
3
8
4
10
6
4
10
2
8
7
3
9
3
9
5
9
4
5
2
8
9
4
3
8
4
0 35 9
0 54 11
1 53 12
1 189 11
1 74 5
2 60 12
2 206 13
2 14 12
3 171 12
3 83 11
3 93 13
3 128 12
4 111 10
5 133 13
5 136 10
5 123 13
6 54 13
6 160 10
6 249 8
6 158 9
6 15 13
7 222 10
7 106 10
7 49 10
8 235 14
8 102 7
9 183 12
9 109 10
9 137 12
10 116 8
10 233 9
11 225 11
11 31 8
11 114 9
11 173 12
12 111 10
12 89 6
12 53 12
13 56 7
13 216 10
4 14 10
14 64 10
14 158 10
14 54 14
14 186 12
15 199 13
0 15 10
16 49 9
16 106 10
17 134 8
17 60 8
17 52 13
18 246 8
18 132 10
18 90 6
18 216 12
19 215 9
6 19 10
20 131 10
20 206 10
20 51 8
20 78 11
8 21 11
21 46 10
21 216 11
22 140 11
22 34 8
22 163 8
23 194 7
23 235 14
24 51 9
24 130 7
6 25 9
25 38 12
26 56 9
26 180 9
27 178 14
27 176 12
27 89 12
10 28 10
28 44 13
29 191 9
29 245 13
29 107 10
30 32 13
30 183 12
30 173 9
31 87 12
31 90 10
31 35 14
31 48 10
31 147 12
23 32 10
32 129 7
32 194 11
32 208 12
32 186 10
33 193 10
33 202 7
34 224 9
34 121 10
35 192 8
35 187 11
35 149 13
35 214 14
36 138 12
37 91 7
37 55 11
37 53 11
37 208 11
38 133 11
38 54 9
27 38 11
38 225 8
39 236 13
39 148 11
39 217 14
40 48 10
36 41 11
41 155 12
7 42 7
42 211 13
42 187 10
8 42 10
43 128 11
43 149 7
43 79 11
43 80 7
44 64 13
44 249 8
29 44 12
44 136 9
45 146 11
45 85 10
45 231 9
46 116 13
46 93 7
47 219 11
47 118 8
18 47 12
48 53 12
48 89 12
48 228 10
48 215 11
48 94 13
49 191 9
49 80 5
50 232 9
50 184 11
50 100 12
50 237 8
51 142 12
51 213 11
51 231 11
51 148 8
52 191 9
52 181 11
52 170 8
53 100 11
53 218 9
53 97 9
54 202 11
54 220 9
54 145 9
20 55 10
55 144 9
55 171 12
56 203 9
56 225 9
28 56 13
57 157 13
34 57 11
57 114 10
58 146 11
58 66 11
58 148 13
59 190 11
59 207 10
45 60 6
60 155 10
39 60 8
61 118 8
61 222 10
61 76 8
61 150 9
62 183 10
15 62 10
7 62 10
63 133 10
63 92 14
63 244 10
64 116 8
64 239 13
64 202 10
64 148 11
65 103 11
65 244 9
64 65 10
65 91 8
41 65 9
66 216 13
66 77 10
66 135 11
66 246 10
66 108 9
67 172 8
67 145 10
68 107 10
68 217 10
69 159 16
15 69 11
69 244 11
70 237 10
70 203 12
70 76 12
71 179 7
71 172 6
71 130 9
71 164 10
71 173 13
59 72 10
72 98 10
33 72 14
32 72 9
69 73 9
73 192 9
73 194 9
73 135 10
74 216 8
74 234 9
74 95 12
75 136 13
75 142 6
2 76 13
17 76 11
76 223 6
47 77 9
48 77 14
78 110 13
78 219 8
17 78 12
55 79 13
79 194 9
79 209 12
22 79 7
80 165 10
17 80 12
81 130 10
36 81 13
82 183 14
57 82 9
82 93 10
6 83 10
83 249 9
83 185 9
71 84 11
27 84 10
85 150 7
66 85 11
85 204 13
85 184 14
86 171 12
87 157 11
87 245 11
87 158 13
88 157 12
88 236 9
11 88 15
88 159 7
89 192 10
40 89 12
90 146 11
91 238 11
91 105 10
91 187 8
92 183 12
65 92 9
93 121 9
90 93 12
19 93 12
94 218 8
41 94 10
6 94 12
94 146 10
68 95 8
71 95 9
95 128 13
28 95 10
39 96 8
96 182 8
96 169 12
96 150 13
97 229 12
56 97 6
13 97 11
74 97 12
98 163 7
49 98 11
99 232 11
42 99 9
47 99 11
100 202 9
100 192 8
70 100 10
27 101 9
101 172 12
101 136 9
20 102 12
82 102 9
102 199 11
102 103 12
3 103 12
103 167 12
103 112 8
75 104 8
72 104 7
104 149 9
105 236 14
76 105 13
105 205 9
105 206 13
42 106 9
1 106 13
106 209 9
107 213 10
108 193 12
15 108 12
109 169 12
109 203 6
109 227 14
47 110 14
110 203 9
65 110 10
7 111 10
111 183 11
112 164 10
64 112 12
2 113 6
26 113 17
113 203 10
114 194 11
46 114 9
114 139 7
24 114 9
114 211 9
74 115 12
21 115 8
2 115 9
96 115 10
116 186 12
61 116 13
116 226 9
117 236 10
117 187 10
68 117 12
93 118 12
118 171 9
118 221 10
119 208 13
119 229 12
16 119 11
119 137 16
120 240 10
61 120 10
121 138 8
77 121 9
122 226 11
123 127 13
14 123 11
34 123 7
71 123 11
124 215 9
65 124 12
124 131 5
49 124 14
125 205 10
126 203 11
127 147 16
26 127 8
78 127 9
128 153 9
128 158 9
128 166 11
129 180 14
129 146 9
130 159 9
130 182 6
119 130 12
46 130 11
131 195 10
0 131 13
114 131 8
30 131 11
63 132 8
132 154 9
132 225 10
132 134 9
133 186 12
133 151 8
24 134 8
134 163 13
91 135 9
79 135 12
90 136 13
136 174 11
24 137 11
29 137 7
137 194 8
137 237 10
138 154 13
60 138 11
138 198 8
139 248 12
139 220 11
26 139 10
140 241 13
94 140 11
140 216 9
50 140 9
141 151 12
42 141 11
88 141 8
142 231 8
40 142 10
81 142 8
57 142 5
114 143 10
143 213 8
144 221 9
144 225 9
145 231 10
146 216 11
146 219 10
4 146 11
147 242 11
147 188 11
117 147 9
110 147 12
37 148 11
138 148 9
120 148 8
52 149 8
46 149 11
149 164 11
103 150 13
99 150 11
151 180 10
110 151 14
149 151 10
151 182 12
61 152 9
152 207 10
152 233 9
80 153 13
153 183 10
13 153 12
153 166 9
10 154 10
41 154 11
155 169 10
98 155 11
155 188 9
155 237 11
16 156 13
156 202 9
156 186 8
154 157 13
148 157 4
60 157 12
47 158 10
96 158 12
98 158 10
83 159 6
159 208 10
114 159 12
87 160 12
33 160 9
160 183 12
81 161 8
161 227 11
161 234 12
105 162 8
62 162 9
163 184 9
4 163 10
113 164 12
164 190 12
74 164 12
161 165 10
142 165 8
165 183 9
165 182 11
166 168 10
166 207 11
166 181 10
74 166 12
37 167 10
167 244 11
106 167 10
142 168 10
44 168 9
168 207 13
151 169 8
29 169 12
60 169 9
23 169 10
170 186 11
170 209 7
115 170 14
102 171 12
133 171 13
134 171 12
133 172 11
167 172 11
172 230 12
172 225 14
66 172 13
124 173 13
57 174 8
40 174 12
80 174 9
127 175 7
175 226 9
147 175 12
98 176 7
176 245 13
110 176 10
176 188 12
177 205 14
177 235 12
53 177 9
24 178 8
67 178 11
101 179 12
26 179 9
180 194 10
180 239 11
180 231 7
102 181 9
40 181 14
181 183 11
33 181 11
182 196 12
58 182 9
1 182 9
145 183 8
114 183 9
183 239 9
36 184 10
20 184 14
89 184 11
120 184 12
185 232 10
40 185 9
23 185 10
126 185 11
38 186 12
23 187 11
87 187 12
93 188 12
53 188 10
114 188 11
189 238 13
29 189 14
142 189 15
143 190 14
155 190 11
190 214 11
61 190 10
101 191 9
192 220 12
78 192 12
193 245 9
11 193 10
147 193 12
13 194 11
61 194 13
108 194 13
91 194 11
98 195 11
24 195 10
70 196 9
196 248 8
172 196 11
36 197 8
197 237 12
17 197 10
165 198 9
136 198 10
98 199 7
165 199 10
175 199 9
116 199 12
199 242 12
179 200 10
200 244 12
91 200 11
167 201 10
191 201 7
172 201 10
201 237 12
81 201 11
121 202 11
159 202 9
202 210 8
125 202 13
5 203 11
26 203 8
203 233 13
125 204 12
97 204 11
204 205 11
33 204 11
205 223 10
185 205 11
100 205 11
200 205 12
135 206 13
15 206 10
122 206 13
29 207 11
56 207 8
193 208 10
51 208 9
208 218 10
66 208 11
5 209 12
47 209 11
171 209 11
58 210 11
4 210 11
167 210 11
92 210 12
211 235 10
89 211 9
211 240 9
212 229 9
13 212 10
156 212 9
30 213 8
62 213 6
68 213 12
181 213 11
70 214 9
85 215 10
204 215 12
12 215 11
17 215 10
135 216 11
69 216 12
161 217 11
217 228 13
75 217 4
31 217 13
46 218 6
117 218 9
180 218 14
57 219 9
156 219 12
136 219 9
176 219 11
157 219 7
41 220 12
128 220 9
220 231 10
221 227 8
70 221 11
194 222 11
181 222 10
170 222 11
140 222 9
115 223 13
37 223 11
170 223 12
128 224 4
204 225 9
14 225 6
214 225 9
83 225 7
137 226 12
80 226 12
184 226 10
142 227 12
135 228 7
121 228 9
1 228 10
14 229 11
205 229 11
39 230 13
215 230 7
7 231 14
56 231 9
92 231 9
128 232 13
36 232 11
192 232 12
64 233 13
191 233 13
71 234 13
179 234 13
234 243 9
235 244 10
10 235 13
127 235 12
208 235 12
50 236 9
196 236 15
141 236 10
133 236 13
8 237 12
51 237 12
89 237 10
134 238 11
228 238 10
22 238 7
126 238 8
62 239 14
121 239 10
191 239 13
68 240 11
202 240 8
226 241 9
241 248 12
75 242 7
182 242 10
186 242 12
113 242 11
180 243 10
231 243 13
163 243 11
237 243 12
100 243 11
194 244 12
192 244 10
14 244 10
132 245 11
225 245 13
104 246 12
234 246 12
223 246 12
110 246 13
241 247 9
95 247 8
16 247 10
130 247 9
93 248 12
200 248 13
243 248 9
42 248 12
38 249 11
136 249 15
132 249 12
