250
0
10
1
3
3
9
2
6
3
7
6
3
3
6
8
10
4
7
4
5
6
8
7
7
3
8
5
6
2
6
4
7
3
8
10
2
6
5
6
2
7
4
7
9
9
10
7
2
7
5
1
3
7
1
4
1
3
6
3
3
9
10
8
1
3
9
6
6
9
2
4
2
9
8
6
3
3
5
10
9
5
3
6
9
6
3
4
10
10
7
2
8
6
4
3
6
2
9
3
9
4
6
8
4
7
5
4
2
8
9
9
7
3
8
10
4
9
6
1
1
4
8
9
10
3
4
10
7
9
5
8
6
7
6
2
6
9
4
4
4
4
8
5
6
7
4
7
5
2
1
5
4
2
8
4
5
1
2
4
4
5
5
7
7
5
6
6
3
3
4
2
2
2
2
3
6
6
8
3
2
5
2
8
4
8
8
8
4
8
3
8
3
4
2
7
1
8
8
8
3
5
3
5
3
3
1
8
9
9
9
5
2
7
4
2
4
1
1
7
5
9
9
2
5
2
2
6
8
2
7
2
3
9
10
4
1
6
8
7
7
7
1
3
3
7
6
6
6
3
8
0 146 9
0 206 11
0 192 11
0 198 9
0 23 11
0 34 13
1 235 15
1 134 11
1 248 12
1 113 9
2 209 5
2 207 11
2 4 11
2 52 9
2 17 10
3 134 11
3 7 11
3 190 12
3 188 13
3 34 7
3 60 9
4 227 9
4 15 7
4 177 9
4 188 12
4 154 9
4 51 12
5 187 11
5 170 8
5 238 14
5 143 10
6 74 12
6 141 10
2 6 11
6 230 11
6 10 7
7 23 10
7 212 10
7 45 12
7 249 10
7 194 9
7 179 11
8 31 11
8 115 10
8 174 10
8 53 13
8 241 10
8 19 9
9 150 9
9 53 12
9 18 10
9 246 10
10 216 12
10 78 10
10 165 12
10 77 11
10 149 11
11 134 14
11 247 10
11 203 10
11 121 10
11 127 14
11 124 12
2 12 9
12 212 9
12 204 9
12 39 11
12 172 11
6 13 10
13 71 11
13 215 10
13 96 9
13 138 8
13 173 12
14 19 10
10 14 11
14 219 5
14 119 7
8 14 10
15 111 9
15 106 8
15 166 12
15 177 11
15 204 13
15 185 8
16 102 9
16 192 10
16 180 12
11 16 11
16 83 10
17 182 9
17 226 11
17 80 11
17 141 9
18 21 8
18 139 7
18 138 11
18 240 8
19 141 11
19 154 12
19 119 10
19 147 9
19 243 10
20 61 9
20 63 10
20 173 7
20 111 9
1 20 10
20 237 12
21 221 7
21 112 11
21 120 11
21 26 12
21 38 10
22 46 12
22 153 10
22 141 14
22 187 9
22 47 9
23 239 13
20 23 10
23 81 8
23 112 9
23 151 8
24 140 10
24 240 9
24 76 11
24 181 10
18 24 12
25 149 4
13 25 10
25 183 12
25 33 11
25 224 8
25 59 10
26 102 11
26 199 13
26 167 11
26 107 13
26 161 11
26 205 10
27 41 9
7 27 10
27 130 8
27 244 7
27 234 10
28 249 10
28 208 10
28 72 11
28 103 10
28 213 8
28 169 14
29 172 8
2 29 14
27 29 8
29 109 10
30 44 12
30 169 13
30 52 11
31 159 13
19 31 10
31 84 5
31 121 11
32 107 12
32 124 12
32 190 11
32 168 11
32 148 8
32 68 9
33 166 10
13 33 13
33 144 8
10 33 12
33 85 10
34 62 11
18 34 12
34 242 8
34 111 13
34 153 9
31 34 11
35 37 10
10 35 15
35 128 10
35 60 10
35 113 12
36 98 11
36 220 10
36 147 8
36 126 10
36 214 12
36 48 13
37 201 14
37 231 11
37 157 11
38 166 8
38 237 10
38 173 13
38 53 11
38 141 9
39 95 12
39 160 11
9 39 10
39 117 12
39 97 14
34 40 13
23 40 9
40 130 8
40 198 10
40 232 8
40 120 10
41 160 11
41 126 11
41 46 12
41 173 10
42 97 6
42 241 11
42 115 11
42 87 12
42 44 10
34 42 9
9 42 12
43 67 8
43 189 9
43 225 11
43 230 10
43 78 8
44 189 10
44 186 10
44 185 8
44 237 14
44 221 9
44 120 13
45 158 12
45 91 11
45 223 12
12 45 13
45 183 7
45 228 12
46 190 12
46 52 10
46 246 4
35 46 11
46 188 11
47 177 12
47 141 11
45 47 10
47 57 11
30 47 12
47 133 12
19 47 10
26 48 10
48 179 10
48 226 12
48 150 9
48 68 9
48 154 10
49 204 9
49 85 14
42 49 9
49 182 11
49 157 9
50 60 11
31 50 11
50 236 12
50 72 11
50 129 11
50 143 9
51 53 12
51 60 10
51 190 11
3 51 12
51 202 12
51 167 10
52 111 13
24 52 10
52 241 12
20 52 7
53 108 7
12 53 10
53 155 9
53 139 13
53 121 11
54 128 9
54 242 9
23 54 10
46 54 8
55 94 12
55 120 13
55 228 9
13 55 5
55 232 11
56 173 9
56 222 7
56 187 10
57 96 10
57 186 7
57 109 11
57 102 10
57 199 11
17 57 7
58 117 11
58 122 9
58 194 8
58 82 12
58 153 13
31 58 7
58 59 10
35 58 15
43 59 12
59 191 9
59 110 10
59 113 12
59 203 10
59 234 13
60 196 15
60 131 11
39 60 13
60 183 11
60 121 10
19 60 12
42 60 14
61 78 12
61 102 12
34 61 11
61 159 11
62 71 8
62 217 13
62 178 11
62 182 12
62 78 9
63 80 10
63 75 9
63 174 10
58 63 12
63 112 8
64 74 14
64 72 11
64 121 8
15 64 11
64 214 10
7 65 8
65 91 8
65 166 9
42 65 8
41 65 11
65 161 11
66 229 13
66 139 10
66 164 11
50 66 11
66 237 8
67 87 12
67 135 10
16 67 12
67 109 8
68 232 7
68 194 13
24 68 10
68 108 7
68 236 9
69 246 13
69 84 11
69 209 12
69 145 12
69 225 9
70 241 6
56 70 15
70 245 8
41 70 10
70 163 13
71 86 10
61 71 10
71 145 9
71 244 7
71 123 8
12 71 10
72 96 11
61 72 8
72 246 11
72 218 11
73 232 13
73 105 7
2 73 12
73 199 10
73 132 11
74 193 9
74 170 12
74 218 8
61 74 10
74 226 12
36 74 6
19 75 11
75 76 10
75 213 5
60 75 9
76 130 12
3 76 10
76 110 10
15 76 9
28 76 6
77 86 11
77 132 10
21 77 12
77 235 8
77 223 12
65 77 12
78 100 11
78 93 12
36 78 8
78 82 11
16 78 12
79 92 11
74 79 10
79 169 6
79 174 10
79 209 9
19 79 12
80 111 11
80 207 9
80 209 11
80 187 12
81 169 9
81 126 11
81 111 13
81 119 14
81 133 8
53 81 12
81 143 8
33 82 8
82 235 7
82 138 9
82 230 14
83 108 8
83 111 10
83 216 9
83 136 8
83 236 11
83 120 13
38 84 12
84 90 10
84 128 11
84 183 12
84 213 12
33 84 12
85 213 12
85 245 5
85 188 8
85 230 11
72 86 7
86 142 10
19 86 11
86 220 13
74 87 10
31 87 9
87 211 11
87 242 10
87 239 10
88 196 9
56 88 14
88 221 10
88 246 8
88 135 10
89 156 9
89 209 14
89 99 8
89 229 8
89 199 10
89 148 8
71 89 13
89 178 15
90 136 8
40 90 10
90 174 11
70 90 12
90 157 13
91 168 11
57 91 9
91 220 7
84 91 11
91 161 9
91 231 12
92 167 11
92 137 13
59 92 14
7 93 11
93 116 10
93 98 12
93 147 12
94 111 9
94 177 13
23 94 10
94 241 8
27 94 11
44 94 11
94 247 8
95 230 10
95 166 11
95 136 9
47 95 9
95 225 11
95 221 13
12 96 10
96 108 9
73 96 13
96 144 11
97 201 11
97 193 9
97 117 14
70 97 9
28 97 12
6 98 10
51 98 12
19 98 11
98 180 11
53 98 12
4 98 11
99 147 12
1 99 8
99 162 8
99 190 12
65 100 9
100 203 11
100 117 13
70 100 13
100 167 12
100 153 11
79 100 11
101 142 11
97 101 11
101 200 9
98 101 12
101 193 11
102 248 13
73 102 11
102 193 10
102 247 10
52 102 14
102 123 13
103 116 8
103 160 10
103 133 13
103 121 10
25 103 8
91 103 12
2 103 11
104 139 13
87 104 10
104 215 14
17 104 11
105 219 10
57 105 12
105 151 10
105 149 11
105 114 10
105 147 10
106 132 12
31 106 13
19 106 11
106 168 8
106 240 9
30 107 9
107 156 14
107 162 10
66 107 11
38 108 8
108 140 10
108 120 10
1 108 9
70 108 9
109 172 10
109 246 8
91 109 10
109 115 10
109 167 12
95 109 7
100 110 12
31 110 9
110 146 13
110 127 8
110 138 11
110 186 9
111 190 15
107 111 13
71 111 10
111 178 9
8 111 15
111 247 8
87 111 6
112 247 12
112 133 14
112 136 8
112 240 13
112 135 7
112 113 12
113 246 12
74 113 13
113 194 12
99 114 12
114 249 8
76 114 10
39 114 14
115 212 10
115 221 13
115 186 13
86 115 16
84 115 13
116 188 10
52 116 8
28 116 11
27 116 9
30 116 8
70 116 10
117 144 10
89 117 7
68 117 10
33 117 11
0 118 11
6 118 11
118 243 12
118 198 9
119 224 10
30 119 13
119 122 11
109 119 12
119 154 11
120 163 9
120 190 11
120 187 8
92 120 10
120 165 8
42 120 10
120 195 10
121 239 7
3 121 9
41 121 7
50 121 10
121 205 10
18 122 16
41 122 11
122 130 9
122 198 8
63 122 9
38 123 12
123 201 8
48 123 12
15 123 13
123 224 9
123 163 11
64 124 14
124 138 13
124 132 10
43 124 11
124 246 7
67 124 6
125 188 9
125 245 11
125 163 12
125 132 12
93 125 11
125 156 12
126 188 6
126 231 9
126 156 13
126 225 11
127 159 11
94 127 10
127 168 11
127 237 12
127 231 11
127 160 11
114 128 12
49 128 10
105 128 14
128 154 7
129 131 6
31 129 13
129 167 11
129 216 11
130 204 7
130 234 11
130 147 8
130 236 11
131 222 12
131 144 9
34 131 9
124 131 11
131 151 9
86 131 9
19 132 8
24 132 14
132 155 8
31 132 9
133 210 13
13 133 7
110 133 11
15 133 3
39 133 6
134 249 10
134 172 11
134 146 16
111 134 10
135 222 14
90 135 15
100 135 12
135 245 13
6 135 9
88 136 10
59 136 8
136 237 10
75 136 10
136 194 8
103 137 11
118 137 10
120 137 8
99 137 12
138 221 9
59 138 12
122 138 12
138 209 11
16 138 13
138 187 11
90 139 9
83 139 11
0 139 10
106 139 13
16 140 6
140 202 13
140 182 14
41 140 11
80 140 9
114 141 10
141 200 10
90 141 10
4 141 9
141 155 12
141 238 11
142 180 11
36 142 14
23 142 11
142 172 13
142 228 11
142 161 10
14 142 5
116 143 11
88 143 13
143 227 14
77 143 12
144 207 14
115 144 8
144 205 11
130 144 11
145 204 11
104 145 10
145 152 10
42 145 11
88 145 9
62 146 10
138 146 9
146 245 12
48 146 7
146 173 8
27 146 14
126 147 10
6 147 7
147 159 13
15 147 9
147 202 12
28 147 12
136 148 14
26 148 12
117 148 12
148 227 11
88 148 8
112 149 12
47 149 10
149 167 8
44 149 13
14 149 8
150 193 6
81 150 11
150 213 9
8 151 7
151 207 8
151 173 10
59 151 12
94 152 12
114 152 9
57 152 11
129 152 10
83 153 8
24 153 12
102 153 10
153 156 9
104 153 7
154 195 9
116 154 13
75 154 9
154 163 12
123 155 10
26 155 6
106 155 11
110 155 10
34 155 11
41 156 10
120 156 10
94 156 8
156 237 11
142 157 7
25 157 11
52 157 9
150 157 10
110 157 15
104 158 7
158 228 12
123 158 11
55 158 13
158 223 9
159 169 9
159 225 10
60 159 13
114 159 9
91 160 11
160 230 5
63 160 10
82 161 9
21 161 11
18 161 7
0 161 12
67 162 10
136 162 8
162 187 8
162 183 9
47 163 10
44 163 11
34 163 13
163 180 10
163 236 10
162 163 11
164 184 10
149 164 11
92 164 6
91 164 14
164 193 9
70 164 11
158 165 10
64 165 12
152 165 11
99 165 11
69 166 12
166 212 8
166 227 9
166 186 12
23 166 11
103 167 12
90 167 10
63 167 9
106 167 6
44 167 10
66 168 7
49 168 10
119 168 9
34 168 12
101 168 13
82 168 10
169 230 10
103 169 12
169 196 13
115 169 8
3 169 10
34 170 12
170 218 11
168 170 13
136 170 11
69 170 7
89 170 10
170 233 9
2 171 8
171 209 5
50 171 8
58 171 9
156 171 9
49 172 9
172 197 12
172 212 12
139 172 13
172 214 11
58 172 10
126 173 10
173 201 8
50 173 7
25 173 12
71 173 6
39 174 11
83 174 10
174 242 10
9 175 13
175 178 12
56 175 10
131 175 11
96 176 9
5 176 10
123 176 12
86 176 12
173 177 11
87 177 14
33 177 14
86 177 7
159 177 9
178 229 11
178 226 12
178 190 13
1 178 13
178 208 10
178 187 12
179 229 7
88 179 12
96 179 13
179 215 8
78 179 11
73 180 14
176 180 11
151 180 7
23 180 8
180 198 12
90 180 9
165 181 15
38 181 14
171 181 11
181 184 13
178 182 10
71 182 12
182 186 10
129 182 9
50 182 11
171 182 10
183 221 8
157 183 10
42 183 14
74 183 12
133 183 11
122 184 11
148 184 10
184 239 9
184 204 12
185 187 10
185 212 9
155 185 9
18 185 8
185 211 12
178 185 9
186 211 10
7 186 8
69 186 12
140 186 11
24 187 12
187 189 8
187 247 12
26 187 9
48 187 10
187 202 10
188 191 10
7 188 11
104 188 11
188 242 10
120 189 8
98 189 12
83 189 9
73 189 8
146 190 10
52 190 9
100 190 7
190 220 11
191 211 11
190 191 12
24 191 12
164 191 7
171 191 11
192 198 11
13 192 11
192 212 13
175 192 9
110 192 11
79 192 15
193 247 11
163 193 6
103 193 17
50 193 8
47 193 13
44 194 11
142 194 10
194 215 11
51 194 11
154 194 13
64 195 12
9 195 13
145 195 9
87 195 11
80 196 12
38 196 9
43 196 10
96 196 9
1 196 11
194 196 8
197 199 11
197 218 12
52 197 12
186 197 8
163 197 12
187 198 10
33 198 11
77 198 9
27 198 10
35 198 11
199 237 10
85 199 11
199 210 11
105 199 12
51 199 11
35 200 9
74 200 9
122 200 8
118 200 10
47 200 10
200 235 14
170 201 10
51 201 12
14 201 10
67 201 10
62 201 7
74 201 12
69 202 8
180 202 10
195 202 10
81 202 11
70 202 10
15 203 10
14 203 12
190 203 11
29 203 10
113 203 8
81 204 8
178 204 9
84 204 11
123 204 9
131 204 14
205 237 12
205 245 12
205 208 10
7 205 10
206 237 10
138 206 9
184 206 9
114 207 11
198 207 10
125 207 10
69 207 10
19 208 8
125 208 12
32 208 13
208 242 8
160 208 8
71 209 12
209 226 13
29 209 12
180 209 7
158 210 8
187 210 12
75 210 11
208 210 8
53 210 12
58 210 9
89 211 8
22 211 10
211 222 8
211 248 10
153 211 10
72 211 10
45 212 10
138 212 12
33 212 15
212 246 10
20 212 11
24 213 11
51 213 9
45 213 13
190 213 12
54 214 15
8 214 12
214 241 11
178 214 14
98 214 11
22 215 12
187 215 12
134 215 8
216 218 9
127 216 16
197 216 11
36 216 13
179 216 11
161 216 9
129 217 14
175 217 13
82 217 12
199 217 10
174 218 12
144 218 10
167 218 11
209 218 6
218 240 12
110 219 11
103 219 8
140 219 10
59 219 11
219 228 13
220 225 13
105 220 13
172 220 9
134 220 5
28 220 13
168 221 13
178 221 10
123 221 8
112 221 11
116 221 10
21 222 12
89 222 8
222 232 13
222 248 12
100 223 12
165 223 10
89 223 11
23 223 12
139 223 9
14 224 9
2 224 10
65 224 11
124 224 10
174 224 8
149 224 7
35 225 11
131 225 9
186 225 12
15 225 11
123 225 9
76 226 10
177 226 10
71 226 9
124 226 12
143 226 8
227 239 10
227 240 13
129 227 11
155 227 11
131 228 12
228 240 11
98 228 11
25 228 11
57 228 8
229 231 9
116 229 7
74 229 9
85 229 12
142 229 10
189 229 12
54 230 13
177 230 11
194 230 13
172 230 11
130 230 12
227 231 7
182 231 10
164 231 10
122 231 10
157 232 13
198 232 9
139 232 9
3 232 11
207 232 11
232 238 12
199 233 8
233 243 7
148 233 12
94 233 12
20 233 14
153 233 13
42 234 8
112 234 11
150 234 11
185 234 11
133 235 9
62 235 11
30 235 6
45 235 13
234 236 7
219 236 11
181 236 10
121 236 13
52 236 12
236 237 7
202 237 8
73 237 8
169 237 9
17 237 14
237 248 9
191 237 8
174 238 13
50 238 8
24 238 9
165 238 7
237 238 12
222 238 7
22 239 12
237 239 10
168 239 10
235 239 13
240 246 11
5 240 12
32 240 12
151 240 8
32 241 9
10 241 12
238 241 10
240 241 11
31 242 15
179 242 11
11 242 9
111 242 8
173 242 11
213 243 13
127 243 12
242 243 11
113 243 9
5 243 11
120 244 9
165 244 13
207 244 12
229 244 13
181 244 9
230 244 8
61 245 7
159 245 10
103 245 11
77 245 11
147 245 10
130 245 11
159 246 13
185 246 9
70 246 11
199 246 11
47 246 12
41 247 10
242 247 12
60 247 11
218 247 10
181 247 8
160 247 13
83 248 11
164 248 13
39 248 12
112 248 11
167 248 13
169 248 13
21 248 9
84 249 10
128 249 11
107 249 10
101 249 14
