250
0
7
5
8
9
2
8
1
2
8
9
7
7
9
2
8
4
5
2
7
6
8
6
4
9
9
4
3
1
10
2
7
5
7
5
4
7
5
3
3
4
6
6
6
6
8
7
6
2
9
8
4
3
8
8
7
6
7
5
7
3
4
4
10
4
5
8
6
6
8
4
6
2
6
1
2
4
2
2
7
3
9
4
6
1
1
4
6
7
8
7
3
9
4
4
2
10
3
10
10
6
3
8
4
2
1
6
8
2
2
6
9
2
6
6
8
7
9
1
8
9
5
7
9
3
9
9
10
8
8
7
9
4
6
7
2
6
4
7
5
9
5
1
3
3
9
2
6
4
4
8
7
6
3
8
1
5
3
2
9
2
6
8
4
6
5
3
3
3
10
8
2
7
4
3
5
6
7
8
5
4
5
3
3
7
6
8
5
1
7
1
6
5
9
10
5
8
5
6
3
10
3
6
9
5
3
4
1
3
4
8
1
2
8
4
6
2
3
8
2
7
2
9
5
3
3
3
7
4
7
2
7
1
6
6
9
6
2
10
3
8
1
9
7
7
9
7
2
6
3
0 246 9
0 155 15
0 66 8
0 76 11
0 105 10
0 52 13
0 230 12
1 243 9
1 103 14
1 186 11
1 41 11
2 119 10
2 99 9
2 206 12
2 154 12
2 18 9
3 136 11
3 14 10
3 142 10
3 232 13
3 96 11
4 228 11
4 129 9
4 170 10
4 171 9
4 144 9
5 118 14
5 175 7
3 5 9
5 205 14
6 51 11
6 181 10
6 165 11
6 107 15
7 132 7
7 78 8
7 82 11
7 143 12
7 213 12
8 229 13
8 46 8
8 213 10
8 188 10
8 95 11
9 190 11
9 245 10
9 70 10
9 95 11
9 246 7
9 87 10
10 67 11
10 121 11
10 141 10
10 238 11
10 227 10
11 217 15
11 141 9
9 11 11
11 78 9
12 189 12
12 88 9
12 183 9
12 113 12
13 214 12
13 140 11
13 157 10
13 90 10
13 128 9
13 120 7
14 95 10
14 212 11
14 91 9
14 147 5
14 29 9
15 216 11
15 21 10
15 96 10
15 83 13
16 164 5
16 148 12
16 87 9
16 126 11
17 82 11
17 20 9
17 128 13
17 129 6
17 185 10
17 214 11
18 118 13
18 50 11
18 101 11
19 137 9
19 143 7
19 116 10
20 51 11
20 28 12
20 127 10
20 158 8
20 164 9
21 67 5
21 178 9
21 216 10
13 21 13
18 21 9
22 158 11
22 103 7
3 22 11
22 136 10
23 180 7
23 134 13
23 42 8
23 216 8
24 106 8
24 132 11
24 232 7
24 37 9
24 78 6
24 238 14
25 30 12
25 161 11
7 25 10
25 117 12
25 218 9
26 66 14
24 26 13
26 234 7
27 180 12
27 102 7
27 214 7
27 231 9
27 200 9
28 218 7
28 58 13
28 92 12
28 31 12
28 62 14
28 32 8
29 95 12
29 61 10
29 207 10
10 30 12
30 125 12
30 235 12
30 222 10
30 143 9
31 218 10
31 154 10
31 80 12
19 31 11
31 162 9
32 226 11
32 98 11
17 32 12
10 32 8
33 152 12
15 33 13
33 164 11
33 147 11
33 186 8
34 220 10
34 173 11
34 93 12
34 199 17
34 108 12
34 51 13
35 164 9
35 245 10
35 188 14
35 178 9
35 189 7
36 207 15
36 238 12
36 202 12
36 243 10
36 63 10
36 137 8
37 184 10
37 140 7
37 191 9
37 43 10
37 51 7
37 81 8
37 42 11
0 38 9
38 115 9
38 123 9
38 39 13
38 225 9
39 106 10
39 245 10
39 64 10
39 132 8
39 199 10
39 79 11
40 199 13
40 147 9
40 203 11
40 146 11
40 209 10
41 153 14
41 55 12
41 80 11
41 47 6
41 95 9
42 221 7
42 211 8
42 138 9
42 114 7
42 47 11
39 42 10
21 43 11
15 43 13
43 67 8
43 74 10
44 169 11
44 74 10
44 71 8
45 156 8
45 158 12
45 213 14
45 162 8
46 94 12
46 111 12
46 131 11
47 212 11
47 203 13
47 162 9
47 61 13
47 135 7
48 115 8
48 77 8
39 48 12
48 229 12
28 48 10
48 84 12
48 242 11
49 163 13
49 74 10
49 168 11
49 105 10
48 50 11
50 189 12
50 106 10
50 86 10
50 93 9
51 131 11
51 230 12
51 177 10
52 206 9
52 147 12
43 52 11
52 201 13
53 207 9
53 243 9
16 53 12
53 69 12
53 61 11
53 211 12
19 54 12
54 74 7
54 196 12
54 249 5
54 167 10
54 228 12
54 153 13
55 147 13
55 71 8
55 220 11
29 55 9
55 123 10
56 182 12
56 128 15
46 56 12
56 159 9
56 181 10
56 226 10
56 166 9
44 57 8
57 100 13
57 192 13
58 105 8
58 163 7
58 112 12
58 236 9
57 58 9
58 172 10
59 197 9
59 207 12
59 174 9
59 162 11
59 83 10
59 105 9
60 157 10
60 154 14
60 137 12
60 241 14
60 248 10
60 232 13
61 213 15
61 242 9
61 75 11
61 174 13
61 219 11
48 61 10
60 62 10
35 62 13
39 62 5
11 62 13
62 126 6
62 175 9
63 231 12
63 185 9
63 64 11
63 184 8
63 158 10
64 132 10
64 157 15
64 239 10
62 64 11
64 136 13
36 65 10
65 196 11
65 114 12
65 236 11
65 163 13
66 197 12
66 209 7
66 185 10
56 66 13
67 199 10
67 144 8
67 216 10
67 82 10
52 68 8
28 68 7
68 97 10
68 215 10
23 68 11
69 85 10
8 69 13
69 215 11
69 108 12
34 69 6
48 70 9
70 107 13
70 154 10
70 217 14
70 247 12
71 249 11
3 71 10
71 208 12
71 155 12
3 72 12
72 233 9
72 199 14
19 72 10
73 95 10
73 243 9
73 163 10
73 134 10
73 135 12
67 74 11
74 190 12
74 248 11
74 198 12
38 74 10
74 131 10
75 234 12
75 107 9
75 117 11
75 121 6
75 142 9
60 75 14
76 242 8
76 177 12
66 77 10
18 77 11
40 77 11
70 77 13
77 144 11
77 238 9
78 113 8
78 126 13
78 218 10
77 78 11
79 102 11
79 177 11
44 79 11
79 228 11
4 79 11
29 80 14
80 239 13
80 235 9
80 242 10
80 81 12
81 212 12
81 214 12
82 168 13
82 97 9
5 82 8
79 82 13
83 105 12
83 127 10
83 88 14
83 192 8
84 96 9
84 97 13
84 87 9
84 239 12
84 164 9
30 85 7
85 140 10
0 85 11
85 192 9
85 95 11
74 85 10
67 86 9
86 146 12
86 114 8
8 86 8
86 178 9
86 107 14
14 87 11
87 156 11
87 118 13
87 100 11
88 143 14
88 208 9
88 198 11
88 146 5
88 217 14
89 244 10
54 89 11
89 155 10
2 89 12
90 160 14
40 90 10
90 182 10
90 114 12
91 243 11
78 91 10
91 198 9
26 91 10
37 91 13
92 223 9
92 129 10
92 101 12
92 248 10
15 93 13
60 93 10
80 93 13
93 149 16
93 160 5
28 93 13
94 112 15
94 213 13
94 185 11
12 94 9
94 203 12
4 94 10
39 95 8
95 211 9
95 220 11
95 139 15
95 207 8
95 219 11
95 136 10
96 202 9
96 242 10
96 246 4
64 96 12
96 234 9
96 222 11
42 97 12
97 100 12
97 193 14
97 153 10
97 211 12
73 97 11
98 189 13
98 181 11
43 98 10
40 98 12
57 99 12
20 99 12
99 241 6
12 99 8
13 99 11
71 100 10
100 115 12
73 100 5
100 192 12
100 137 10
28 100 9
100 194 6
0 100 11
101 150 10
101 208 14
101 174 11
101 245 12
101 239 12
102 234 8
102 217 11
102 249 11
9 102 11
37 102 11
102 188 11
68 103 12
103 205 11
103 183 10
103 145 9
104 240 9
104 215 12
60 104 11
87 104 10
103 104 11
105 226 5
98 105 8
25 105 12
102 105 10
16 105 18
2 105 12
106 228 11
51 106 10
106 225 13
106 204 10
52 107 11
107 204 13
107 247 11
107 200 9
107 220 7
63 108 11
93 108 11
28 108 8
108 172 11
108 164 11
13 109 15
56 109 12
109 148 12
109 154 11
110 156 12
110 160 10
0 110 12
55 110 8
110 159 8
54 110 13
111 139 9
111 154 10
111 221 12
103 111 8
30 111 6
112 149 9
112 224 10
112 129 12
112 238 13
55 112 14
44 112 9
41 113 15
63 113 14
15 113 10
60 113 7
44 113 9
114 183 8
114 211 12
114 182 12
114 233 9
86 115 10
6 115 8
115 189 12
28 115 9
115 151 9
116 238 8
81 116 7
116 156 9
53 116 15
0 116 11
116 137 10
59 117 10
21 117 8
117 202 12
55 117 8
47 118 11
118 236 11
76 118 10
8 118 9
119 203 11
119 165 9
96 119 11
119 194 7
119 150 12
119 214 11
82 119 12
11 120 11
120 130 7
106 120 10
5 121 12
121 212 9
121 168 15
121 186 14
26 121 10
121 219 10
122 145 9
9 122 10
49 122 12
4 122 7
122 232 10
122 239 12
123 134 9
123 125 10
107 123 8
123 199 7
78 123 11
52 123 11
116 124 11
6 124 11
124 206 12
77 124 7
125 244 10
125 154 11
125 156 10
125 243 14
125 202 15
35 126 12
126 205 12
126 244 10
98 126 11
47 126 12
34 127 11
127 177 9
25 127 13
127 197 10
128 211 11
32 128 8
36 128 9
128 190 10
7 128 13
128 200 13
129 214 11
6 129 13
37 129 10
31 129 9
129 146 14
129 230 10
130 248 9
30 130 15
109 130 11
46 130 10
131 138 13
123 131 10
131 169 14
131 174 9
58 131 13
31 132 9
111 132 10
56 132 9
88 132 12
133 239 8
108 133 11
133 245 13
94 133 10
134 159 7
134 228 10
134 234 11
134 136 10
135 184 9
55 135 12
135 154 8
6 135 13
135 237 11
136 185 12
118 136 10
136 240 11
136 230 11
136 197 11
137 145 13
137 233 10
46 137 6
74 137 11
7 137 10
92 138 13
125 138 10
138 242 8
138 176 12
85 139 6
17 139 9
131 139 9
74 139 11
139 145 9
139 211 10
140 224 12
22 140 10
140 150 9
91 140 11
140 181 8
140 216 11
64 141 11
141 196 10
120 141 11
93 141 12
30 141 12
141 173 11
109 142 11
142 234 14
54 142 8
142 222 10
4 142 10
143 184 8
124 143 13
27 143 12
98 143 10
105 143 10
12 144 13
144 145 9
21 144 10
144 206 11
25 144 11
144 152 12
37 145 10
109 145 12
63 145 13
145 201 11
10 145 10
138 146 11
146 220 11
33 146 13
146 245 13
9 146 11
147 184 11
128 147 10
147 148 10
42 148 10
139 148 12
48 148 9
52 148 11
117 148 10
149 226 9
128 149 9
149 232 11
120 149 14
90 150 13
150 223 11
9 150 9
150 212 10
150 243 8
117 150 10
56 151 13
151 155 8
151 162 12
71 151 10
152 187 11
152 215 9
152 231 12
42 152 13
34 152 10
55 153 10
153 213 12
153 154 8
29 153 10
8 153 12
84 154 11
110 154 10
63 154 13
152 154 11
154 246 12
90 155 13
155 220 13
8 155 8
155 213 11
155 240 10
16 156 10
156 246 9
96 156 9
156 179 7
151 156 11
0 157 6
113 157 8
69 157 10
79 157 14
154 157 7
158 221 13
158 246 8
158 197 10
135 158 12
27 158 12
147 159 7
55 159 15
59 159 7
159 237 12
159 196 13
160 212 11
88 160 10
160 180 9
19 160 12
49 161 6
161 225 12
161 202 10
0 161 10
141 161 9
103 162 8
21 162 12
117 162 9
162 225 10
162 198 12
128 162 10
145 162 15
51 163 13
163 174 13
90 163 12
122 163 13
148 163 10
115 163 8
163 164 17
161 164 8
162 164 11
164 209 8
26 164 8
114 164 13
44 165 11
21 165 14
7 165 16
19 165 9
135 165 7
165 218 10
50 166 7
73 166 12
119 166 12
89 166 5
81 166 19
44 167 10
167 190 9
45 167 8
127 167 10
168 188 10
168 179 12
115 168 12
92 168 10
76 168 11
169 241 13
99 169 10
83 169 13
78 169 9
34 169 12
142 170 11
28 170 11
170 222 11
170 206 12
133 170 11
42 171 11
171 174 10
144 171 9
171 215 10
171 207 13
60 172 11
14 172 11
56 172 10
70 172 12
172 218 10
162 173 10
168 173 10
118 173 7
154 173 13
174 205 9
31 174 10
142 174 10
119 174 13
174 244 8
175 221 13
175 248 12
12 175 9
50 175 15
96 175 9
1 176 11
54 176 10
176 180 13
0 176 10
176 240 10
174 176 12
112 177 14
166 177 5
62 177 11
167 177 11
109 177 11
1 178 12
178 191 13
175 178 6
178 223 12
100 178 8
65 179 15
11 179 13
130 179 9
1 179 9
97 179 10
22 180 11
180 238 14
154 180 12
175 181 12
130 181 14
134 181 11
154 181 10
89 182 13
147 182 9
182 191 10
182 205 11
68 182 10
64 183 9
183 192 10
40 183 13
110 183 9
183 210 9
184 235 12
184 206 9
184 202 11
116 184 7
184 193 12
56 185 12
152 185 13
33 185 9
115 185 10
186 224 10
29 186 7
186 246 12
140 187 10
66 187 10
148 187 8
87 187 13
115 187 11
188 236 10
104 188 8
187 188 7
180 188 10
165 188 12
68 188 10
155 189 10
40 189 9
19 189 13
88 189 9
174 190 10
190 227 10
103 190 9
186 190 8
143 190 9
191 233 7
102 191 13
191 206 10
80 191 11
192 200 9
62 192 10
32 192 8
192 249 10
13 193 13
164 193 7
48 193 15
49 193 9
10 193 12
47 194 13
115 194 10
123 194 11
70 194 8
117 194 12
34 194 8
171 194 8
109 195 11
162 195 9
146 195 11
58 195 11
193 195 7
77 195 11
25 195 7
142 196 14
196 212 13
84 196 9
196 244 9
183 196 12
19 197 12
120 197 10
133 197 11
148 197 8
198 221 12
109 198 12
61 198 11
198 211 13
2 198 11
199 217 9
164 199 10
199 239 10
44 199 11
46 199 12
137 199 9
169 200 10
195 200 14
12 200 12
201 246 10
201 216 11
175 201 11
185 201 7
3 201 11
100 201 11
124 201 12
27 202 8
202 230 11
69 202 10
27 203 8
117 203 6
203 238 9
107 203 9
34 204 9
191 204 12
47 204 12
92 204 13
204 224 11
170 204 11
49 205 10
205 247 11
66 205 13
100 205 12
43 206 9
127 206 13
117 206 10
104 207 15
92 207 9
207 235 6
207 219 13
107 207 11
110 208 9
92 208 12
202 208 14
157 209 12
181 209 9
6 209 8
94 209 7
144 209 13
9 210 15
210 247 12
210 225 13
115 210 11
117 210 8
3 210 12
121 211 13
211 215 10
211 234 12
17 211 9
140 211 10
93 212 10
85 212 12
124 212 9
11 212 10
212 224 10
209 213 11
107 213 14
144 213 8
79 213 12
83 213 11
137 214 12
214 237 11
212 214 11
108 214 10
1 215 12
17 215 7
215 224 10
156 215 14
52 215 7
17 216 11
100 216 9
216 243 9
8 216 9
146 216 6
182 216 12
20 217 8
31 217 8
184 217 10
214 217 11
201 218 10
15 218 13
92 218 9
103 218 11
219 238 11
174 219 15
213 219 10
154 219 10
192 219 10
36 220 12
220 229 12
113 220 8
50 220 11
123 220 15
49 221 14
6 221 11
73 221 8
72 221 8
31 222 7
222 246 10
77 222 10
196 222 11
199 222 11
3 223 11
223 241 9
192 223 14
2 223 8
34 223 9
40 224 12
180 224 10
97 224 10
172 224 12
225 246 8
135 225 13
9 225 9
34 225 11
187 225 8
134 226 10
61 226 9
210 226 11
60 226 9
189 226 11
212 226 4
154 227 9
173 227 9
130 227 13
56 227 8
149 227 11
126 227 13
228 233 6
13 228 12
116 228 15
87 228 8
193 228 9
129 229 6
60 229 12
213 229 10
184 229 15
89 229 10
59 230 12
40 230 6
34 230 8
95 230 9
35 231 9
173 231 13
211 231 13
168 231 12
196 231 10
139 231 14
14 232 8
86 232 11
83 232 12
232 238 11
173 232 15
183 233 9
185 233 11
116 233 10
84 233 12
12 233 10
57 234 11
212 234 9
29 234 11
36 234 8
198 235 11
110 235 10
176 235 13
97 235 10
209 235 8
67 235 6
72 236 5
75 236 11
163 236 13
218 236 11
193 236 13
141 237 8
226 237 10
95 237 14
104 237 13
206 237 9
92 238 9
238 241 12
227 238 10
164 238 11
52 238 9
35 239 13
171 239 12
59 239 9
225 240 14
177 240 12
49 240 10
182 240 12
85 240 7
109 241 12
89 241 9
180 242 12
23 242 10
89 242 9
19 242 7
207 243 10
152 243 9
86 243 11
147 243 11
122 243 11
105 244 11
155 244 12
65 244 12
57 244 11
194 244 10
242 245 15
138 245 9
64 245 12
102 245 12
161 245 10
229 246 7
207 246 12
141 246 12
91 246 10
18 247 12
42 247 10
240 247 9
134 247 14
126 247 11
13 248 14
30 248 13
190 248 10
204 248 15
21 249 11
243 249 6
175 249 11
33 249 12
18 249 10
