250
0
5
2
9
1
8
9
10
2
10
8
3
7
5
3
4
7
8
4
7
5
8
8
4
6
6
9
8
9
6
8
2
5
6
7
8
5
2
9
8
6
8
2
2
2
9
3
8
8
9
1
8
3
1
7
3
6
7
8
9
6
6
3
7
8
5
9
10
2
4
9
9
5
2
6
7
4
4
2
7
9
7
10
9
3
5
8
10
4
8
8
4
2
2
7
5
5
7
1
3
4
10
2
7
10
5
9
7
9
3
5
3
6
3
8
5
4
2
6
9
2
7
6
2
4
5
7
5
2
3
4
2
2
4
7
6
9
9
8
6
7
5
1
6
8
4
5
5
10
2
7
6
4
9
3
3
4
5
8
3
2
6
2
4
6
2
3
5
4
3
3
9
6
7
2
7
3
1
2
3
8
7
8
5
8
3
8
6
5
8
8
3
2
7
4
3
2
10
5
8
9
10
3
7
9
10
3
3
1
8
4
9
6
8
9
1
6
4
3
8
8
5
1
7
2
9
8
7
7
4
3
6
5
2
6
10
9
8
4
2
2
9
2
4
4
1
7
4
1
3
0 150 12
0 93 11
0 17 11
0 22 8
1 94 12
1 174 13
1 90 13
1 25 14
1 110 8
2 104 10
2 126 9
2 188 10
2 98 11
3 103 10
3 77 14
3 5 13
4 186 12
4 71 12
4 211 13
4 141 10
4 162 9
5 117 10
6 66 11
6 241 9
6 153 9
6 58 11
7 159 12
7 63 8
7 197 13
8 49 8
8 207 13
8 23 10
9 99 7
9 185 12
9 30 9
10 36 13
10 47 13
10 81 8
11 203 14
11 54 11
11 42 12
12 156 10
12 42 7
12 174 12
13 33 11
13 220 12
13 216 9
14 172 7
14 233 14
15 43 10
15 187 11
16 199 11
16 88 7
16 132 10
1 17 10
17 40 11
17 238 9
17 214 11
18 146 14
18 69 14
18 234 9
18 22 11
19 231 12
19 200 9
19 49 13
20 67 12
21 186 11
21 43 10
21 30 9
21 125 13
22 238 10
22 185 12
23 102 13
10 23 9
20 24 7
24 247 9
25 90 10
25 67 10
26 114 9
26 218 11
26 207 8
27 124 10
27 175 12
26 28 10
28 95 10
28 102 11
28 226 11
29 141 7
29 170 12
30 58 6
30 64 12
30 234 8
30 38 12
31 131 12
31 164 10
32 92 13
32 108 11
32 91 10
33 245 14
33 141 10
34 75 8
34 173 10
34 181 10
35 220 9
35 137 8
36 238 14
17 36 10
36 160 9
37 133 13
37 233 9
37 245 12
30 37 11
38 58 12
38 149 8
38 232 15
39 154 11
39 100 8
40 212 11
40 116 14
40 222 9
41 51 13
2 42 10
42 85 10
42 147 10
42 72 11
43 89 10
41 43 6
43 164 11
44 200 8
44 232 9
44 197 10
44 189 7
45 105 10
45 162 12
45 51 10
46 112 10
46 76 11
47 86 8
47 63 13
48 210 13
48 244 11
48 205 11
49 197 14
49 163 14
49 154 11
49 159 10
50 234 7
50 65 12
50 181 9
51 161 10
52 68 11
31 52 13
4 52 9
53 149 13
53 197 12
53 102 11
53 95 12
54 62 10
54 113 12
54 146 11
55 64 13
55 248 12
55 179 13
55 151 13
55 94 10
35 56 8
56 226 10
57 141 10
42 57 12
57 142 8
58 89 10
59 90 12
21 59 12
59 122 10
59 167 11
42 60 11
61 193 8
61 63 11
61 159 13
62 103 11
28 62 11
40 62 12
32 63 8
63 111 9
63 112 12
39 63 12
64 118 10
64 119 7
65 227 10
65 88 9
66 89 9
66 246 14
66 133 7
37 67 12
38 67 10
57 67 13
4 67 11
68 160 9
68 115 10
68 204 10
69 214 7
12 69 13
9 70 13
70 224 8
70 99 8
70 135 14
70 152 8
67 71 9
68 71 13
48 71 13
72 146 12
72 158 12
62 72 12
73 89 12
73 122 11
73 109 13
74 78 8
5 74 8
63 75 7
75 104 10
41 76 12
57 76 12
76 104 11
69 76 9
77 165 9
77 78 8
77 203 11
77 166 11
77 241 9
78 185 13
78 149 10
78 159 8
78 160 7
79 230 12
63 79 12
79 150 8
80 87 12
80 223 14
80 140 10
81 156 13
44 81 11
67 81 11
81 119 9
48 81 13
82 211 13
0 82 8
47 82 9
82 154 10
64 83 11
83 137 9
36 83 9
63 84 13
84 151 12
85 224 12
85 218 7
30 85 11
86 206 8
51 86 10
86 145 9
86 141 12
86 137 15
32 87 14
87 150 12
87 182 8
88 110 8
88 156 13
88 230 13
88 217 9
89 211 7
89 144 12
90 121 11
90 234 11
90 119 10
68 90 13
91 245 13
91 165 15
91 225 11
5 91 13
67 92 9
92 136 14
92 227 8
16 92 9
7 93 11
93 194 10
45 94 11
32 94 9
94 169 12
83 95 11
95 246 9
95 138 11
96 154 13
96 196 13
7 96 7
96 177 7
97 232 13
97 178 12
40 97 11
41 97 10
84 97 11
79 98 13
96 98 8
98 170 9
98 143 9
99 119 10
99 128 12
99 240 8
100 112 12
94 100 10
100 136 9
101 178 9
101 109 9
101 135 10
102 240 10
25 102 10
102 211 9
20 103 12
37 103 8
103 230 8
104 204 11
104 155 14
0 104 12
104 190 9
77 105 9
105 117 11
105 164 11
105 184 10
106 127 11
68 106 11
8 106 10
107 109 13
107 120 8
107 180 11
108 180 10
108 208 9
108 110 11
108 132 11
76 109 12
109 111 10
109 169 10
110 249 14
110 122 12
110 213 11
110 116 12
102 110 12
40 111 10
0 111 11
73 111 12
59 111 11
112 117 5
12 112 10
112 228 10
100 113 9
37 113 13
113 178 11
46 114 14
114 193 13
42 114 8
115 156 13
61 115 13
102 115 9
116 227 11
116 185 11
68 116 13
107 116 10
116 191 9
94 117 13
118 231 10
118 143 6
65 118 7
119 202 12
119 201 6
35 119 11
95 119 11
119 130 8
120 130 10
120 231 9
120 168 5
120 211 13
121 201 10
121 227 12
99 121 13
30 122 8
1 122 13
79 122 9
2 122 11
123 246 7
123 210 8
123 143 12
124 215 12
124 151 9
51 125 13
125 209 11
125 165 13
126 144 8
127 150 9
26 127 11
8 127 12
101 127 11
31 128 7
128 164 10
128 140 9
128 219 10
128 237 14
2 129 11
52 129 9
15 129 12
17 129 10
129 131 10
112 130 8
125 130 7
105 130 8
92 130 9
130 166 12
80 131 14
40 131 14
131 214 10
52 132 8
132 193 11
132 174 11
132 225 12
133 195 13
116 133 9
133 224 13
101 134 11
134 142 14
134 137 14
135 209 12
135 174 10
135 166 9
32 136 9
52 136 13
54 136 10
137 190 10
103 137 10
89 137 9
138 246 12
105 138 13
104 138 8
112 138 13
119 139 9
79 139 12
39 140 9
36 140 13
140 174 11
50 140 13
121 141 9
141 171 12
121 142 13
69 142 11
91 143 9
64 143 9
143 152 10
144 247 9
52 144 12
46 145 7
105 145 10
139 145 10
23 145 10
27 146 9
146 200 8
21 147 9
37 147 10
80 147 11
147 168 13
99 147 10
115 148 11
27 148 7
138 148 11
10 149 8
18 149 10
149 226 11
67 150 9
150 234 9
127 151 14
151 197 8
151 204 7
7 151 12
152 246 14
40 152 13
121 152 10
152 224 9
46 153 9
71 153 9
153 172 10
41 153 13
10 154 12
92 154 11
154 232 12
155 247 11
155 231 11
69 155 12
64 156 11
156 163 7
111 156 12
157 190 10
0 157 8
157 217 10
24 158 8
158 166 15
158 210 12
65 158 11
159 186 9
86 160 13
130 160 7
158 160 9
59 160 12
67 160 11
53 161 9
161 195 10
161 209 9
109 161 11
91 162 7
159 162 12
114 162 10
163 189 12
163 184 10
33 163 11
32 164 13
164 190 13
138 164 7
65 165 12
165 242 9
127 165 10
19 166 9
107 166 8
140 166 16
20 167 10
160 167 9
167 206 9
137 167 10
152 168 9
168 236 9
164 168 7
169 199 8
67 169 10
39 169 10
170 226 13
170 217 8
113 171 12
172 182 9
172 191 12
35 172 10
172 179 9
173 241 10
74 173 12
140 173 14
174 208 11
174 200 10
174 192 10
14 175 10
123 175 13
91 175 13
175 241 12
176 240 8
176 234 13
127 176 12
177 178 12
177 213 11
85 177 14
107 177 8
178 231 11
134 178 8
112 179 14
160 179 11
158 179 7
126 180 10
180 247 10
180 186 17
44 181 10
181 229 13
91 181 11
152 182 11
75 182 11
59 182 9
183 217 12
8 183 11
32 183 12
83 183 12
103 184 13
8 185 11
96 185 13
42 186 10
94 186 11
187 214 9
136 187 9
187 192 10
157 187 13
188 196 9
103 188 10
188 242 13
27 189 12
120 189 10
97 189 13
189 190 9
190 192 8
22 190 13
141 190 10
138 190 9
191 209 9
87 191 10
191 231 14
167 192 11
193 221 9
85 193 11
150 193 10
135 193 9
105 194 11
177 194 11
195 222 8
109 195 14
193 195 12
195 238 12
196 232 11
25 196 10
162 197 10
73 197 7
197 207 8
97 197 11
147 198 6
198 239 13
169 198 12
64 199 12
101 199 10
127 199 15
14 200 12
37 200 13
99 200 12
117 200 15
138 201 13
179 201 10
201 209 13
68 202 12
194 202 9
28 202 11
120 202 9
183 203 13
203 240 12
144 203 12
187 204 8
32 205 12
20 205 9
141 205 14
97 206 13
206 231 9
146 207 11
207 240 11
80 208 12
82 208 14
107 209 10
149 209 14
176 210 11
210 225 12
27 210 7
122 210 10
64 211 11
31 211 9
6 211 10
26 211 10
200 212 9
206 212 13
195 212 9
4 212 10
141 213 10
33 214 11
214 232 13
157 214 9
55 214 6
168 214 10
82 215 10
146 215 11
77 215 11
4 216 9
102 216 10
143 217 8
217 232 10
170 218 9
199 218 9
194 219 10
134 220 10
1 220 9
25 221 11
2 222 13
18 222 7
25 222 14
25 223 11
106 223 11
50 223 10
148 224 8
64 224 10
116 225 9
196 225 11
87 225 11
178 226 11
194 227 9
115 227 10
39 227 7
82 228 15
166 228 12
40 228 9
229 231 10
230 236 12
148 230 11
35 231 8
48 231 12
10 231 11
208 231 11
83 232 13
81 232 12
232 242 9
20 232 9
100 233 7
30 233 11
94 234 12
7 234 11
74 234 13
221 234 12
121 235 8
188 235 11
65 235 9
235 239 13
40 236 11
84 236 13
175 236 8
150 237 10
137 237 8
173 237 11
174 238 11
123 238 11
85 238 10
175 239 13
194 240 5
178 241 6
180 242 10
173 242 11
62 242 14
67 243 8
210 243 8
151 244 9
150 244 11
100 245 7
123 245 14
138 245 11
79 245 12
45 246 10
139 246 12
171 247 11
122 247 10
32 247 10
96 247 10
98 248 8
99 248 11
151 248 7
154 248 10
10 249 13
95 249 9
172 249 6
