250
0
4
2
10
2
3
1
9
9
2
6
8
4
3
7
5
6
8
6
2
1
4
6
4
10
2
3
6
7
10
6
5
2
9
8
6
5
9
7
8
2
2
5
3
2
5
9
6
10
2
3
8
8
9
3
4
6
4
5
4
9
9
5
9
6
4
4
7
4
4
3
5
6
4
6
2
10
4
4
4
6
6
2
5
9
6
5
2
6
5
6
10
7
8
8
7
3
9
5
3
4
2
9
9
4
2
10
7
2
9
8
4
7
6
4
2
4
6
10
3
6
4
1
7
3
9
4
3
1
9
6
3
5
7
8
3
1
9
9
3
4
8
6
10
1
9
5
8
5
9
2
9
4
3
6
2
3
6
6
7
9
3
3
3
6
2
9
2
3
7
7
6
1
9
6
9
9
6
3
3
9
1
7
1
8
9
1
7
4
3
3
9
3
7
3
4
9
3
5
6
5
1
9
9
10
2
3
9
9
2
9
6
7
5
5
3
4
10
8
6
7
8
6
3
4
2
3
8
8
2
1
9
5
8
2
4
9
7
5
8
2
1
9
7
9
9
3
6
9
7
0 135 8
0 41 12
0 17 9
1 232 10
1 231 11
1 149 13
2 92 8
2 202 13
2 9 11
3 25 11
3 126 14
3 237 14
3 146 13
4 68 11
4 183 10
4 223 13
5 139 11
5 57 11
6 122 9
6 25 11
6 147 12
6 220 14
7 26 10
7 86 9
7 130 8
8 126 11
8 76 12
8 40 10
9 151 9
9 155 9
9 182 13
9 145 13
10 219 10
10 65 11
10 215 10
11 49 8
11 231 10
11 172 12
11 28 6
12 20 11
12 130 12
12 244 9
12 142 11
12 13 14
13 138 10
14 243 9
14 193 10
15 207 10
15 61 13
16 107 14
16 102 10
16 67 13
16 83 12
17 130 10
17 215 9
17 104 10
17 57 8
18 213 10
2 18 9
18 33 9
2 19 10
19 226 13
19 39 13
20 193 9
20 215 9
20 172 12
20 225 8
21 236 12
21 38 6
22 164 9
22 98 11
22 124 11
22 192 10
22 168 10
23 222 9
23 197 8
23 131 11
24 49 10
24 46 11
16 24 8
25 37 11
25 200 7
25 90 8
25 147 10
26 119 9
26 241 10
26 209 8
27 121 9
27 96 10
27 79 12
28 227 11
8 28 11
29 192 11
29 142 10
22 29 11
29 105 10
30 238 7
30 79 9
31 203 12
31 186 9
31 143 9
32 177 7
13 32 10
32 240 7
33 227 12
33 169 13
0 34 14
34 220 12
35 194 12
7 35 12
35 236 11
36 98 10
36 223 11
37 52 10
37 163 13
37 80 12
38 249 12
38 222 7
39 148 13
39 191 11
39 200 11
40 239 9
28 41 10
41 122 12
41 135 13
42 205 12
42 229 14
33 42 9
43 169 11
43 109 11
18 44 11
44 132 10
44 234 9
44 195 9
45 79 10
45 239 7
45 223 12
45 212 10
46 220 11
46 123 7
46 49 13
46 129 9
47 229 9
47 207 11
48 55 12
48 92 9
48 198 7
49 227 9
50 211 11
44 50 14
51 134 14
7 51 7
40 51 12
51 156 10
52 148 12
18 52 10
53 54 9
53 121 10
29 53 14
53 92 10
54 244 12
54 110 11
54 172 12
26 55 8
55 64 10
56 69 15
9 56 8
4 56 11
34 57 10
6 57 16
54 58 12
58 212 11
47 58 13
49 58 11
59 99 10
59 100 16
59 228 13
60 103 12
60 217 9
60 141 8
60 61 11
37 62 10
15 62 6
63 248 10
63 180 10
64 206 7
64 95 11
64 126 10
64 233 10
64 76 14
65 151 15
5 65 10
39 65 11
66 113 11
66 82 9
66 187 14
67 75 11
67 95 10
30 67 12
37 68 12
68 171 12
29 68 9
68 196 11
68 80 10
69 162 13
69 144 11
69 225 10
69 93 11
70 128 11
70 90 10
71 98 9
71 245 14
71 209 7
71 249 12
72 174 10
72 109 7
72 165 11
73 191 9
6 73 14
73 81 14
74 88 13
74 205 8
74 97 10
74 98 9
75 204 12
68 75 10
52 75 9
75 232 8
75 149 10
76 128 11
76 222 7
77 117 12
77 219 13
2 77 13
78 120 14
0 78 8
51 78 11
78 90 12
79 226 9
79 170 8
79 171 12
10 80 12
80 162 9
80 123 12
81 82 10
81 210 11
26 81 13
82 110 12
14 82 11
58 82 12
83 121 6
7 84 8
84 242 9
83 84 8
27 84 8
79 85 10
85 144 13
85 120 13
86 234 12
25 86 11
87 228 12
88 209 9
65 88 11
89 185 8
89 119 8
54 89 8
90 201 11
90 102 6
90 226 11
90 97 11
90 159 8
8 91 11
31 91 9
91 203 10
92 105 13
92 174 11
92 140 10
92 219 15
92 166 8
93 133 12
80 93 11
94 133 10
94 131 10
95 149 9
95 247 12
22 96 14
96 160 12
96 149 15
97 140 9
97 211 9
97 206 7
98 130 11
98 145 11
98 128 13
59 98 7
99 127 10
17 99 9
99 119 12
30 99 10
100 103 10
100 140 11
76 100 11
101 201 8
101 204 11
101 115 11
102 144 12
87 102 14
103 157 9
103 214 14
104 211 9
104 197 10
104 112 12
97 105 13
105 248 12
105 221 9
0 105 9
106 158 11
99 106 13
107 156 8
107 139 9
87 107 12
32 107 11
40 107 10
73 108 8
82 109 10
22 109 10
110 186 10
32 111 10
111 198 10
111 243 10
54 112 8
112 120 13
112 213 12
113 221 13
113 203 10
114 146 10
61 114 12
81 114 12
49 114 13
115 199 14
115 153 14
101 116 11
116 129 11
116 219 11
116 227 11
117 148 10
117 199 10
118 179 13
32 118 7
16 118 10
63 118 10
14 119 11
119 149 10
60 120 8
120 246 11
120 138 7
121 162 10
30 121 9
112 121 9
21 121 12
96 122 9
122 231 7
122 186 11
122 219 9
104 122 12
3 122 10
108 123 10
123 178 14
123 141 9
123 233 8
37 124 12
74 124 10
125 167 10
124 125 13
125 141 12
108 125 8
118 126 11
107 126 12
127 171 11
15 127 11
127 179 8
128 237 8
128 216 14
129 198 13
2 129 10
46 130 13
47 130 13
131 178 12
110 131 7
131 207 8
85 131 8
54 132 13
132 177 12
100 132 13
89 133 11
133 191 11
5 134 9
129 134 11
11 134 10
135 156 8
135 213 10
71 136 9
47 136 11
34 136 11
121 137 10
51 137 11
137 206 11
87 137 9
16 137 10
25 138 11
17 138 10
22 139 11
27 139 11
78 139 9
24 139 9
58 139 12
29 140 6
140 205 11
73 140 12
141 172 12
141 211 11
141 229 13
11 142 12
52 142 11
142 246 11
142 234 12
130 143 11
143 194 10
54 143 11
70 143 14
110 144 8
144 229 11
144 146 13
144 150 11
20 145 13
55 146 6
146 157 11
147 157 11
90 148 12
121 148 13
135 148 8
23 148 12
148 149 12
57 149 8
149 155 7
150 200 11
37 150 11
49 150 9
124 151 9
91 151 10
118 152 14
152 189 13
38 152 11
24 152 13
110 153 8
98 153 9
138 153 9
153 209 13
4 153 10
9 154 13
76 154 9
155 200 13
155 219 10
155 177 13
10 156 11
11 156 12
126 157 8
152 157 13
98 157 13
63 157 11
158 217 12
123 158 15
158 213 11
112 159 11
159 188 11
160 164 11
123 160 10
158 160 14
161 188 7
113 161 8
39 161 14
73 162 8
162 163 13
2 162 12
162 171 9
29 163 11
58 163 10
163 182 10
39 164 13
164 181 8
165 249 15
153 166 11
13 166 12
166 187 7
18 167 8
78 167 14
132 167 10
137 168 10
146 168 11
144 168 10
169 224 7
169 200 9
149 169 9
20 169 9
138 170 11
48 170 10
129 171 12
40 171 9
171 181 11
45 171 13
171 173 9
172 243 9
116 172 12
137 172 12
42 173 8
173 247 9
108 173 11
174 240 9
7 174 10
175 249 9
80 175 12
135 175 12
78 176 11
159 176 8
47 176 13
149 176 11
37 177 9
119 177 13
177 198 6
141 177 15
18 178 11
28 179 9
179 246 9
179 238 10
179 215 13
98 179 8
46 180 7
180 197 9
71 180 12
181 225 14
27 181 10
51 182 9
175 182 12
136 182 9
182 196 12
7 183 8
90 183 12
13 184 5
159 184 11
184 240 10
185 241 11
156 185 10
6 185 6
125 185 13
86 186 12
186 200 11
68 186 10
186 233 14
17 187 10
50 187 12
176 187 11
156 188 9
104 188 9
65 189 15
45 189 7
190 193 10
21 190 11
82 190 10
167 191 10
60 191 11
4 192 12
25 192 7
192 247 11
93 192 11
88 193 9
6 193 12
183 193 13
194 209 8
194 228 9
88 195 9
164 195 13
195 232 9
171 195 10
65 195 13
196 201 11
2 196 12
86 196 8
196 214 11
42 197 11
66 197 15
59 198 14
174 198 12
199 244 8
137 200 11
147 200 12
149 200 10
75 201 7
145 201 8
201 209 10
201 214 9
125 202 11
202 248 11
27 202 12
157 203 10
67 203 11
30 203 7
204 221 10
58 204 13
119 205 10
205 216 10
59 205 8
206 236 13
149 206 8
207 216 9
128 207 11
73 208 9
85 208 12
209 222 15
7 209 7
64 209 12
2 210 8
49 210 7
59 210 12
171 210 10
211 238 12
170 211 13
85 211 12
211 224 8
205 212 11
95 212 10
151 212 13
57 212 9
156 213 12
12 213 10
131 213 10
207 214 8
2 214 9
182 214 9
113 214 12
116 215 9
215 248 11
162 215 11
28 215 10
26 215 10
212 216 11
216 222 7
146 217 10
81 217 12
178 217 9
13 217 12
60 218 9
133 218 11
167 219 13
89 219 9
79 219 10
103 220 7
144 221 9
104 221 7
188 222 11
103 222 11
59 222 9
205 222 9
118 222 10
223 248 8
55 223 9
31 224 7
167 224 8
114 224 7
192 225 11
206 226 9
158 226 10
149 226 10
189 227 9
52 227 9
69 227 11
220 228 12
12 228 12
34 228 10
39 228 9
80 229 11
71 229 9
133 229 9
216 229 9
119 229 9
229 230 11
66 230 11
230 244 11
40 231 11
216 231 12
125 232 12
30 232 13
223 232 10
81 233 9
47 233 9
163 233 9
144 233 10
102 234 8
105 234 12
234 249 8
227 235 12
210 235 12
77 235 14
225 236 13
149 236 10
79 237 8
160 237 9
237 238 9
143 237 14
218 238 12
91 238 8
68 238 7
125 239 9
32 239 12
33 239 10
112 239 8
100 240 12
225 240 12
202 240 11
25 240 10
104 240 12
69 241 12
226 241 8
240 241 4
192 241 6
190 242 13
237 242 14
100 242 11
124 243 12
211 243 7
3 243 12
64 244 13
52 244 10
154 244 12
33 245 10
92 245 13
210 246 8
31 246 9
159 247 12
202 247 11
153 248 7
235 248 12
52 248 11
83 249 9
245 249 12
172 249 10
168 249 10
