250
0
9
10
10
6
1
1
8
5
6
9
10
5
3
9
5
7
2
4
5
9
8
9
1
7
2
10
3
7
9
10
7
5
6
2
2
10
10
3
3
9
9
5
2
9
2
2
7
5
3
8
6
10
4
10
5
8
4
3
4
6
10
3
6
9
8
9
8
6
1
8
6
9
4
4
2
5
10
3
4
1
2
2
6
8
3
8
6
5
9
2
9
1
6
2
8
3
3
3
4
10
8
5
8
5
9
9
4
8
2
5
9
7
5
8
4
7
5
1
2
7
2
8
7
6
8
1
5
3
9
8
9
2
9
1
8
5
9
9
8
9
6
10
2
2
10
8
6
9
2
4
4
8
9
9
5
6
9
4
6
4
3
9
5
7
6
5
2
3
8
8
4
9
6
9
3
10
3
10
7
7
4
2
1
8
6
9
2
9
7
9
9
8
7
4
7
4
2
5
4
2
5
5
10
4
5
4
3
9
6
4
10
10
5
8
2
8
1
6
7
9
1
9
5
10
5
2
4
5
4
10
5
3
8
2
5
6
9
5
10
2
4
9
7
2
10
1
4
5
7
0 221 9
0 193 11
0 235 9
0 56 10
0 154 10
0 8 13
0 152 10
0 137 10
0 84 13
0 197 9
1 63 9
1 182 12
1 123 11
1 200 11
1 76 9
1 98 10
1 70 10
1 249 9
1 79 9
2 50 9
2 132 6
2 118 11
2 246 9
2 68 8
2 59 12
2 31 11
2 204 8
2 185 12
3 94 9
3 146 12
3 82 6
3 222 12
3 211 9
3 170 12
3 8 10
3 148 11
0 3 10
3 72 10
3 217 6
3 160 10
4 214 12
4 173 11
4 43 12
4 103 12
4 213 10
4 52 10
4 199 8
4 184 11
4 35 12
4 165 10
5 30 12
5 207 9
5 130 13
5 200 9
5 8 10
5 45 8
5 175 10
5 246 11
5 28 11
6 232 12
6 151 10
6 9 8
6 114 11
6 136 10
6 38 12
6 32 8
6 98 7
6 207 12
6 85 12
6 236 6
7 244 10
7 44 10
7 42 12
7 249 14
7 105 12
7 59 10
7 77 14
7 146 10
7 115 9
7 183 10
7 225 12
7 8 9
8 208 12
8 200 5
8 240 11
8 33 9
8 38 10
8 68 10
8 163 10
8 70 12
6 8 16
9 38 8
9 201 9
9 22 12
9 238 12
9 121 13
9 73 9
9 94 15
9 131 7
10 151 8
10 112 7
10 217 11
10 103 6
5 10 12
9 10 8
10 120 11
10 214 14
11 172 14
11 29 13
11 205 10
11 78 14
11 32 15
11 246 13
11 24 16
11 118 11
11 214 9
11 153 10
11 97 8
12 89 18
12 211 13
12 156 14
12 54 5
12 82 9
12 170 11
12 129 13
12 72 9
12 100 6
12 173 7
12 13 11
12 228 11
13 88 17
13 70 11
13 19 10
13 48 9
13 64 11
13 30 11
13 25 13
13 34 12
13 236 10
13 159 14
14 238 9
14 213 8
14 149 12
14 167 8
14 61 11
14 44 11
14 126 11
14 148 11
14 54 12
14 222 9
14 109 12
14 178 6
15 82 8
15 139 11
12 15 12
15 195 8
15 176 11
15 189 11
15 70 12
15 62 11
15 100 8
16 107 11
16 215 10
16 155 13
16 102 11
16 148 10
16 221 9
16 153 9
16 105 12
16 228 7
16 81 12
17 114 10
4 17 11
17 144 10
17 109 8
12 17 11
17 169 12
17 35 11
17 47 10
17 93 10
17 118 11
17 196 8
18 243 9
18 248 12
18 179 12
18 43 7
18 96 11
18 177 13
18 175 11
18 176 11
18 215 10
18 242 12
18 38 9
19 168 11
19 67 8
19 56 12
19 246 10
19 82 11
19 102 10
19 125 10
19 185 13
19 158 10
19 212 9
20 72 9
20 193 9
20 27 7
20 197 14
20 51 8
20 104 9
20 79 9
20 23 12
20 157 13
20 170 8
21 140 9
21 232 10
21 132 14
21 83 10
21 48 11
21 55 7
21 99 9
21 86 13
21 69 11
21 44 13
22 28 11
22 33 5
22 215 11
22 219 10
22 124 12
22 167 14
22 197 12
22 198 9
22 170 16
22 200 12
22 164 7
23 106 9
23 119 12
23 95 11
23 195 9
23 167 12
23 43 13
23 217 13
23 49 11
23 52 12
23 174 9
14 23 9
24 205 12
24 98 10
24 177 8
13 24 8
24 180 10
24 67 10
24 189 8
24 210 7
24 91 10
25 137 8
25 214 9
25 171 11
23 25 13
25 43 12
25 108 9
25 42 12
25 210 6
26 235 8
26 46 13
26 176 12
26 134 12
26 55 11
26 48 11
26 213 10
26 116 9
26 91 10
26 123 16
27 194 9
27 209 11
27 53 13
6 27 9
27 217 10
27 204 12
27 71 10
27 28 12
27 30 10
27 147 15
27 152 10
27 31 16
28 174 10
28 232 10
28 242 12
28 108 12
14 28 12
28 100 14
28 128 9
28 124 8
28 103 13
28 38 11
29 224 10
29 108 14
29 95 10
29 193 7
29 116 12
29 191 10
29 157 9
29 48 10
29 114 7
30 216 11
30 66 13
30 138 10
30 150 7
30 209 9
30 126 10
30 228 11
30 32 7
30 58 9
31 145 11
31 64 12
31 180 10
31 232 14
31 241 10
1 31 11
31 85 5
31 157 13
31 211 9
31 77 11
32 233 10
32 75 13
32 89 9
32 158 10
32 145 10
32 118 6
32 153 11
32 90 10
32 111 12
32 52 10
33 92 14
33 99 13
33 56 14
33 128 10
1 33 11
33 168 14
33 164 8
33 225 8
33 53 7
34 58 9
34 105 9
34 36 11
34 110 12
34 176 12
34 59 12
34 106 13
34 185 8
34 234 7
34 63 12
34 225 13
34 192 10
35 101 10
8 35 10
19 35 12
35 215 7
35 242 10
35 100 8
35 57 8
35 98 12
35 66 8
36 59 13
36 159 9
36 224 9
36 136 7
36 117 14
36 114 7
27 36 10
36 138 7
7 36 12
36 67 10
37 52 13
37 67 11
37 166 8
37 82 11
37 118 13
37 185 12
37 110 8
37 216 11
37 121 9
37 176 10
38 209 9
22 38 9
38 198 15
38 97 12
38 222 13
38 138 10
38 146 9
38 49 10
38 240 11
39 168 8
39 131 11
39 171 8
39 81 15
39 213 12
39 69 8
39 193 9
39 198 8
39 95 9
25 39 8
40 115 11
40 193 9
40 135 11
40 236 13
40 55 10
40 171 15
40 53 13
40 186 9
40 51 11
40 181 13
41 66 10
41 117 8
41 239 11
41 155 9
41 104 8
41 110 10
41 166 10
41 77 13
41 206 10
41 177 11
42 215 10
42 77 10
42 185 11
42 82 11
42 176 9
42 142 10
42 118 8
42 246 12
9 42 7
42 179 10
42 124 13
43 223 15
29 43 9
43 226 10
43 162 9
43 238 14
27 43 13
43 179 10
43 239 9
43 246 7
43 86 8
43 90 9
44 238 9
13 44 10
44 233 10
44 69 9
44 195 11
2 44 12
40 44 9
44 203 9
45 239 13
45 60 11
45 245 14
45 152 10
45 127 11
23 45 5
45 68 12
45 119 9
38 45 8
45 61 12
45 238 13
46 238 11
46 211 11
46 123 12
46 124 13
36 46 14
46 165 14
46 231 10
46 233 9
46 118 11
46 67 13
47 175 10
47 240 8
47 135 9
47 224 11
47 77 11
47 52 9
44 47 14
41 47 13
13 47 10
47 199 10
35 47 9
48 79 10
10 48 8
48 183 12
48 69 12
48 158 10
48 76 9
48 190 10
48 98 8
48 182 10
16 48 10
15 49 10
49 184 12
49 121 10
49 78 8
49 68 9
49 222 9
49 109 9
1 49 12
49 130 10
50 105 6
50 77 8
50 191 8
50 169 7
50 131 8
17 50 11
50 58 11
50 230 10
50 201 14
23 50 10
23 51 10
51 163 11
51 76 11
51 225 9
51 97 11
51 239 8
51 93 12
51 157 7
51 104 8
51 82 11
52 63 11
52 215 13
52 194 6
52 171 12
39 52 8
13 52 9
52 245 10
52 86 10
53 235 5
53 85 6
36 53 9
46 53 10
22 53 14
53 179 8
53 84 9
53 128 7
54 238 9
54 142 5
40 54 9
54 175 5
54 138 11
53 54 12
54 153 10
54 72 12
54 192 10
54 119 16
55 64 9
55 161 12
55 114 12
55 103 11
55 192 9
55 224 11
30 55 11
55 99 10
55 72 12
55 171 11
46 55 10
56 78 7
32 56 14
56 109 12
18 56 8
56 197 10
56 208 9
56 62 15
44 56 9
56 130 9
56 238 8
57 149 12
57 202 12
57 66 9
57 220 15
57 215 10
57 84 10
57 247 8
57 226 7
57 185 11
58 178 13
5 58 10
58 67 10
58 138 8
58 196 11
58 103 10
58 146 14
58 76 11
15 58 7
58 131 9
59 61 10
59 190 12
12 59 10
9 59 12
59 225 14
59 232 13
59 174 8
59 111 9
59 142 10
46 59 10
60 223 11
60 210 11
60 193 6
60 76 11
15 60 10
60 79 9
57 60 11
60 131 5
60 183 10
60 242 9
61 191 13
61 174 11
32 61 12
16 61 11
61 249 11
61 93 11
61 104 10
61 180 9
49 61 10
61 109 9
62 65 11
62 230 5
62 215 10
62 248 11
62 148 8
62 125 10
62 143 13
18 62 7
62 105 12
62 243 10
62 242 7
63 156 13
4 63 10
63 194 11
63 221 12
63 91 12
63 228 11
31 63 13
63 238 9
63 236 11
14 63 12
64 216 9
64 158 10
64 240 11
59 64 9
33 64 14
64 87 9
64 161 11
64 223 13
64 121 7
64 67 11
33 65 10
50 65 8
65 142 10
65 231 9
65 170 9
65 199 9
65 151 5
16 65 16
28 65 10
66 108 13
66 191 11
66 182 8
20 66 13
22 66 10
66 72 6
63 66 12
66 80 9
58 66 10
66 249 11
50 66 9
67 229 10
67 138 7
67 148 10
67 221 14
67 81 9
35 67 11
67 107 9
67 94 11
67 157 9
45 67 11
67 83 10
67 234 8
12 67 10
68 207 9
68 112 8
68 148 7
68 214 10
68 142 7
68 155 11
68 174 12
68 217 9
68 85 15
69 100 11
69 112 14
69 146 6
69 83 11
69 215 11
62 69 11
69 179 9
69 177 11
32 69 13
69 105 9
36 69 11
70 173 12
70 95 8
9 70 10
70 138 11
0 70 14
70 153 11
63 70 9
70 155 11
70 202 9
70 228 11
60 70 10
70 194 8
11 71 10
18 71 13
71 82 13
71 231 14
42 71 8
7 71 11
71 145 9
71 99 10
71 241 11
71 188 10
72 102 6
72 89 14
65 72 11
31 72 8
72 103 6
72 212 11
72 165 11
72 79 13
40 72 10
72 239 14
72 186 12
73 236 7
63 73 11
20 73 8
73 196 7
36 73 8
51 73 10
73 133 11
55 73 12
73 219 9
74 138 10
74 132 11
74 109 10
74 98 10
74 104 9
74 102 10
74 92 11
41 74 6
21 74 10
37 74 12
53 74 15
75 94 11
75 241 13
75 224 11
75 226 12
59 75 12
17 75 12
8 75 11
75 158 11
75 90 10
75 144 8
75 147 7
75 139 10
11 76 10
9 76 11
76 205 8
76 217 9
76 126 9
76 175 12
31 76 10
72 76 11
76 133 10
76 169 12
76 186 11
77 178 12
77 211 12
19 77 8
77 115 10
77 139 12
77 104 9
35 77 14
77 137 15
58 77 11
77 96 11
60 77 10
77 166 12
78 130 10
78 86 9
78 189 11
78 81 11
78 204 11
78 232 6
78 173 11
78 215 11
78 145 7
41 79 8
79 248 10
79 135 10
79 97 11
79 163 7
12 79 8
11 79 16
79 201 9
79 91 7
25 80 6
10 80 13
80 100 11
15 80 7
38 80 8
73 80 9
58 80 10
80 89 13
2 80 9
80 81 10
81 113 12
32 81 10
10 81 8
64 81 12
81 88 11
30 81 13
81 210 13
81 182 12
81 148 9
82 85 12
82 136 12
82 105 14
82 112 10
82 104 10
24 82 9
82 109 15
39 82 13
82 172 11
67 82 11
69 82 14
82 240 9
83 132 12
83 86 10
83 150 9
83 106 11
83 182 12
83 110 8
83 232 9
78 83 9
83 88 12
29 83 10
83 235 10
84 150 10
51 84 10
84 201 10
84 145 10
48 84 13
77 84 9
24 84 12
84 118 7
83 84 8
85 170 14
85 223 7
85 97 8
85 181 11
24 85 13
7 85 12
27 85 11
85 160 12
85 179 11
86 124 11
86 143 9
86 131 12
86 168 9
18 86 7
86 118 12
86 173 9
73 86 9
55 86 11
80 86 8
87 206 9
87 240 10
87 124 11
87 208 10
87 116 11
87 99 12
87 164 10
87 156 16
87 138 5
62 87 12
87 146 13
50 88 12
31 88 9
88 120 9
88 207 9
47 88 14
88 129 10
88 125 11
88 213 12
88 110 10
88 217 12
89 139 11
89 172 12
89 102 11
89 214 10
89 232 10
89 238 13
89 167 7
28 89 12
2 89 11
90 180 12
90 178 12
90 132 10
5 90 12
90 184 12
90 136 9
90 169 12
90 241 11
87 90 9
64 90 10
85 90 11
90 110 11
91 143 12
91 247 7
45 91 7
91 132 7
91 151 11
91 127 12
39 91 12
87 91 13
91 235 13
92 227 11
13 92 11
92 117 11
77 92 8
92 214 8
56 92 8
92 241 12
39 92 12
92 147 7
15 93 11
9 93 15
93 207 9
93 180 8
93 219 13
93 142 11
93 178 12
93 156 14
93 238 12
36 93 10
36 94 9
94 207 11
94 148 11
94 162 10
55 94 13
94 193 8
94 220 8
56 94 8
94 138 14
16 94 9
94 245 14
95 198 8
95 245 10
95 113 8
95 187 12
9 95 9
95 186 8
95 214 10
30 95 11
95 140 10
95 152 10
96 183 7
96 243 11
96 200 8
96 163 12
96 234 7
35 96 9
96 144 11
8 96 8
96 189 9
65 96 11
12 96 10
49 97 5
15 97 13
97 184 11
97 238 10
97 164 13
97 158 11
92 97 12
97 137 9
97 231 9
97 131 8
97 110 6
97 106 12
87 98 9
98 180 10
23 98 7
98 187 13
90 98 13
62 98 13
98 126 10
66 98 11
98 236 11
70 98 4
99 185 10
99 235 9
56 99 14
99 152 10
99 123 11
99 223 9
99 145 14
50 99 12
10 99 11
99 146 14
99 191 11
39 99 9
39 100 11
100 141 15
59 100 10
93 100 13
100 173 11
100 161 11
99 100 11
68 100 10
74 100 11
100 105 11
16 100 8
61 101 15
101 195 10
101 184 9
41 101 10
101 121 12
10 101 10
101 232 15
101 163 7
101 137 9
3 101 11
101 165 13
74 101 11
102 152 12
102 183 11
102 171 14
102 202 11
22 102 13
100 102 10
102 223 10
20 102 9
102 204 14
69 102 7
103 192 7
103 182 12
103 174 10
67 103 11
103 159 8
39 103 9
103 226 15
17 103 11
101 103 9
29 103 10
19 103 12
36 104 9
104 148 13
30 104 14
104 116 13
104 197 13
104 188 10
104 105 11
104 171 12
104 114 12
95 105 12
105 187 9
14 105 11
105 247 10
36 105 13
57 105 12
80 105 15
1 105 11
105 147 12
72 105 8
105 183 10
2 106 13
106 107 8
106 185 10
106 240 11
106 157 13
57 106 11
106 210 12
28 106 12
87 106 8
91 106 11
107 126 8
4 107 12
81 107 13
94 107 12
60 107 6
107 184 9
107 189 10
107 244 13
25 107 11
107 116 10
102 108 12
108 226 8
108 171 13
108 143 8
108 232 10
108 115 8
108 181 9
55 108 10
108 146 11
54 108 11
108 209 10
63 109 9
50 109 12
12 109 9
109 245 11
101 109 12
109 156 10
109 122 13
11 109 7
109 134 12
109 136 10
109 180 10
110 126 8
54 110 13
104 110 9
42 110 12
110 113 10
110 114 7
109 110 12
110 185 11
110 161 10
110 122 8
106 110 10
110 174 9
110 111 9
5 111 12
111 121 8
7 111 6
91 111 11
99 111 15
111 181 7
62 111 14
105 111 12
111 208 10
112 174 10
112 217 8
21 112 11
74 112 13
112 179 10
112 149 14
112 195 12
27 112 10
48 112 9
22 112 10
113 164 8
113 127 11
7 113 6
13 113 15
88 113 13
113 159 12
113 182 12
90 113 10
33 113 12
93 113 12
113 232 11
114 248 10
70 114 11
114 154 10
68 114 14
63 114 12
114 172 11
114 127 13
114 170 12
114 189 13
114 229 10
109 114 10
115 201 11
63 115 12
43 115 12
36 115 8
37 115 10
82 115 12
115 244 13
115 143 9
115 117 9
92 115 10
115 189 13
116 235 12
20 116 7
2 116 9
44 116 7
116 177 12
116 239 13
116 122 10
83 116 9
89 116 9
36 116 10
12 117 11
96 117 14
117 195 9
4 117 14
78 117 11
117 218 14
26 117 9
117 223 11
40 117 9
80 117 13
117 209 10
33 118 10
118 196 13
118 163 13
40 118 9
118 168 10
28 118 10
118 181 10
118 149 10
118 159 12
34 118 11
119 202 14
4 119 12
29 119 15
119 226 11
31 119 11
119 165 10
119 168 14
116 119 11
119 177 9
119 160 9
119 166 14
120 230 6
98 120 11
94 120 10
117 120 11
120 147 10
41 120 12
39 120 9
120 180 11
120 160 10
120 189 10
99 120 8
121 211 11
92 121 11
107 121 12
121 200 13
121 227 12
121 144 11
121 242 10
99 121 13
121 235 10
21 122 10
118 122 10
87 122 11
122 145 9
24 122 9
63 122 10
43 122 8
122 144 8
39 122 13
122 132 11
122 239 7
123 243 11
74 123 13
123 244 15
39 123 10
123 224 11
123 192 11
119 123 11
90 123 11
123 223 12
124 209 14
7 124 8
17 124 13
8 124 12
124 143 10
94 124 14
124 241 14
124 132 11
124 235 11
124 176 10
124 170 12
124 194 10
15 125 11
125 171 9
74 125 10
34 125 12
49 125 13
101 125 13
6 125 9
125 127 10
5 125 7
53 125 13
126 176 10
0 126 10
71 126 14
126 165 9
126 199 12
32 126 13
126 142 12
126 169 11
23 126 11
126 138 9
126 160 12
75 127 12
19 127 12
10 127 11
127 135 11
127 131 16
29 127 12
127 190 11
97 127 12
71 127 10
66 128 10
128 194 13
128 169 9
17 128 8
57 128 8
128 155 9
54 128 10
74 128 12
128 140 11
104 128 8
128 203 9
78 129 12
129 154 11
103 129 14
120 129 11
129 155 10
52 129 10
129 237 9
129 244 9
129 159 10
130 147 13
130 179 11
102 130 13
19 130 12
130 212 9
130 135 12
86 130 12
130 137 9
130 159 7
25 131 16
62 131 10
131 172 12
131 188 10
131 230 9
131 164 12
131 185 9
132 176 8
132 180 14
73 132 11
132 184 13
132 172 9
20 132 12
132 224 8
132 162 10
132 244 10
76 132 11
54 132 11
133 181 9
133 150 9
130 133 11
35 133 12
133 200 10
5 133 9
133 141 13
133 139 12
127 133 11
133 175 10
119 133 12
134 161 7
117 134 11
134 143 7
123 134 8
134 208 10
134 169 10
134 249 12
134 207 11
52 134 11
116 135 11
37 135 14
135 229 10
51 135 10
135 206 12
135 204 11
87 135 12
125 135 11
135 239 7
108 135 11
136 170 9
53 136 11
121 136 6
107 136 6
136 242 11
136 203 10
96 136 12
136 217 9
81 136 14
73 137 10
29 137 8
137 177 10
137 164 9
137 178 11
64 137 14
107 137 10
137 165 13
41 137 12
71 137 15
69 138 12
71 138 14
138 147 11
138 235 9
138 170 9
138 246 12
78 138 10
64 138 10
138 166 10
138 156 9
139 158 10
139 236 12
139 179 9
139 211 10
51 139 9
0 139 10
130 139 11
35 139 9
139 159 11
139 209 7
85 140 8
140 234 12
140 177 13
140 178 11
67 140 10
140 180 10
98 140 13
82 140 9
77 140 12
140 239 14
26 140 8
107 140 10
93 141 6
141 203 9
87 141 13
38 141 9
11 141 12
73 141 15
117 141 11
14 141 8
74 141 11
61 141 11
22 141 8
142 166 12
3 142 6
142 212 12
24 142 9
101 142 8
130 142 10
92 142 12
142 233 12
42 143 12
45 143 13
98 143 13
143 159 7
143 248 9
143 175 13
77 143 9
143 155 9
32 143 10
143 235 10
64 144 9
74 144 14
141 144 15
110 144 10
57 144 11
38 144 11
37 144 6
144 248 12
85 144 13
129 144 10
145 159 8
74 145 9
8 145 8
0 145 12
27 145 11
145 178 10
145 149 11
118 145 10
145 208 10
142 145 12
145 169 11
137 146 8
146 245 9
126 146 10
94 146 10
83 146 14
128 146 12
146 226 10
146 178 9
62 146 9
39 146 9
147 205 6
129 147 11
147 197 10
147 180 7
139 147 7
147 148 12
147 157 13
107 147 11
147 226 8
128 148 10
148 169 10
148 160 10
102 148 10
53 148 12
52 148 11
39 148 9
114 148 13
148 226 7
126 148 9
22 149 12
149 238 12
149 243 7
149 194 9
10 149 7
149 159 12
34 149 12
149 248 11
88 149 10
110 149 11
1 150 10
52 150 7
150 175 6
127 150 11
150 206 9
136 150 10
150 177 9
140 150 10
47 150 12
150 225 8
18 151 10
142 151 11
85 151 12
151 173 12
151 229 12
151 167 9
151 194 13
143 151 10
151 232 11
110 151 10
151 219 7
139 151 12
152 244 8
152 246 13
60 152 12
152 220 10
73 152 12
139 152 12
84 152 11
21 152 11
152 193 10
153 203 10
153 218 9
142 153 15
109 153 9
110 153 10
153 184 9
128 153 10
153 249 12
153 211 11
87 153 11
100 154 11
48 154 11
154 180 12
149 154 7
123 154 10
153 154 9
117 154 8
154 171 8
113 154 10
14 154 10
122 155 12
155 228 9
155 220 12
155 245 12
100 155 11
98 155 9
45 155 9
1 155 12
136 156 10
156 207 10
156 247 10
149 156 10
154 156 8
55 156 11
156 202 14
119 156 10
152 156 10
156 216 13
123 157 10
157 238 13
17 157 11
5 157 11
157 231 11
32 157 13
25 157 9
24 157 9
157 213 10
157 195 9
158 208 8
91 158 9
76 158 13
6 158 11
158 179 10
158 174 11
158 209 11
105 158 6
158 190 12
50 159 11
18 159 11
159 176 12
159 173 13
59 159 12
29 159 11
5 159 6
159 241 10
157 159 10
160 226 11
45 160 11
107 160 8
63 160 12
160 229 11
160 221 12
111 160 11
60 160 11
160 207 11
51 160 9
114 160 10
153 161 12
161 223 9
29 161 13
13 161 14
65 161 17
161 226 10
87 161 13
158 161 12
161 190 9
138 161 10
161 227 9
27 162 12
15 162 12
162 238 10
162 179 13
162 181 11
14 162 10
162 247 11
111 162 12
38 162 9
128 162 11
57 162 5
4 163 9
86 163 9
138 163 11
163 198 11
147 163 11
127 163 8
33 163 9
163 201 13
104 163 9
162 164 12
151 164 10
24 164 13
164 191 13
3 164 10
123 164 10
164 166 5
164 167 11
164 181 8
68 164 12
59 165 12
165 247 9
165 208 9
165 241 9
118 165 9
165 167 8
165 192 13
23 165 12
158 165 10
144 165 11
16 166 14
122 166 7
94 166 11
166 241 7
13 166 12
84 166 11
15 166 11
42 166 8
96 166 10
117 166 11
166 167 13
113 167 14
167 203 10
73 167 13
167 237 11
47 167 13
54 167 11
55 167 11
33 167 8
58 167 10
114 168 8
139 168 13
136 168 11
168 211 7
155 168 10
69 168 12
168 207 10
168 200 10
37 168 11
168 214 9
164 169 10
130 169 11
169 226 9
169 219 9
20 169 10
122 169 9
21 169 3
169 221 6
169 237 9
45 169 8
95 169 12
55 170 12
147 170 11
7 170 13
122 170 8
93 170 10
170 173 10
1 170 10
170 247 12
4 170 11
103 170 10
170 240 11
41 171 12
171 248 13
171 190 11
142 171 13
17 171 6
153 171 13
91 171 11
95 171 10
171 173 14
56 172 10
26 172 10
108 172 5
93 172 12
117 172 13
111 172 11
135 172 12
172 186 10
172 224 13
50 172 12
113 172 10
173 180 12
173 215 12
136 173 10
173 242 9
173 187 10
173 209 11
99 173 9
21 173 9
106 173 13
118 173 12
148 173 13
174 206 10
174 181 13
7 174 11
174 180 10
174 182 11
149 174 10
174 242 13
42 174 10
79 174 11
94 174 9
174 248 9
175 198 8
87 175 14
52 175 13
175 187 8
175 188 9
175 200 12
167 175 12
48 175 11
175 213 9
40 176 14
113 176 11
169 176 8
154 176 10
115 176 13
31 176 11
147 176 9
176 239 10
135 176 12
99 176 12
88 177 13
125 177 7
173 177 12
79 177 11
177 221 8
177 214 7
177 184 5
32 177 7
177 191 12
40 178 11
155 178 15
10 178 7
178 224 10
64 178 12
13 178 9
7 178 12
175 178 10
51 178 14
178 205 9
11 178 9
101 179 11
129 179 6
179 217 10
179 229 9
106 179 9
144 179 11
64 179 13
78 179 9
178 180 9
148 180 10
59 180 11
180 217 11
96 180 13
110 180 12
136 180 10
26 180 13
6 180 13
180 215 10
17 181 12
78 181 10
159 181 10
38 181 9
19 181 14
68 181 9
157 181 6
181 196 9
115 181 9
78 182 13
20 182 12
182 221 7
76 182 8
25 182 12
142 182 9
91 182 9
71 182 13
136 182 11
155 182 11
76 183 12
183 188 12
107 183 8
64 183 14
183 237 8
183 186 9
183 228 10
183 229 14
37 183 9
184 225 12
43 184 6
184 243 11
19 184 9
13 184 9
99 184 13
184 229 13
0 184 12
135 184 13
94 185 13
20 185 9
67 185 8
143 185 11
39 185 12
16 185 12
54 185 7
185 232 7
156 185 8
22 185 9
118 185 11
32 186 10
14 186 7
70 186 9
145 186 10
186 224 11
114 186 12
5 186 13
55 186 14
4 186 14
36 186 13
79 186 14
187 244 13
26 187 11
54 187 12
82 187 10
36 187 14
163 187 13
0 187 7
123 187 8
182 187 10
33 187 12
9 187 9
188 198 13
168 188 9
156 188 9
188 190 10
87 188 10
188 228 15
41 188 7
18 188 9
184 188 6
188 194 11
55 189 12
181 189 10
164 189 11
138 189 6
101 189 11
185 189 9
189 241 9
129 189 13
14 189 12
189 232 10
43 189 13
128 189 12
186 189 12
41 190 12
190 212 9
32 190 10
45 190 9
71 190 8
6 190 9
165 190 11
190 230 11
28 190 14
2 190 11
190 237 10
190 192 10
45 191 12
12 191 10
109 191 7
35 191 11
53 191 9
168 191 12
128 191 12
98 191 10
191 219 8
171 192 8
74 192 13
128 192 10
7 192 11
70 192 8
27 192 13
192 240 10
192 218 10
72 192 12
120 192 10
125 192 8
133 193 10
85 193 7
182 193 8
193 231 9
105 193 12
147 193 11
193 198 12
45 193 10
135 193 9
35 193 10
111 194 8
148 194 9
165 194 11
194 214 14
81 194 12
54 194 12
172 194 14
68 194 9
5 194 12
80 194 13
54 195 12
48 195 12
195 234 12
51 195 11
119 195 7
177 195 7
195 233 13
37 195 12
114 195 11
101 196 11
109 196 12
137 196 10
179 196 11
53 196 11
189 196 9
116 196 13
142 196 12
4 196 10
188 197 12
197 226 12
197 230 15
121 197 13
150 197 9
58 197 12
87 197 7
88 197 10
57 197 9
151 197 11
3 197 11
2 198 11
11 198 10
156 198 9
121 198 13
198 207 13
128 198 13
198 212 10
17 198 10
152 198 11
99 198 9
198 237 12
13 199 10
175 199 12
72 199 13
199 233 12
158 199 10
68 199 14
199 236 14
49 199 11
39 199 14
88 200 7
107 200 8
120 200 11
115 200 12
14 200 11
72 200 13
50 200 9
200 205 13
201 216 12
201 241 12
23 201 12
60 201 10
154 201 12
192 201 11
22 201 11
179 201 8
201 220 12
51 202 9
111 202 11
86 202 12
202 239 10
130 202 9
77 202 11
55 202 13
160 202 12
185 202 6
7 202 9
118 203 8
203 238 7
203 226 13
139 203 8
2 203 9
203 219 10
148 203 13
130 203 12
203 231 11
94 203 11
203 220 7
169 204 12
204 211 11
29 204 9
119 204 11
204 209 10
204 244 11
22 204 7
54 204 11
204 231 9
155 205 9
97 205 11
124 205 10
41 205 10
177 205 12
121 205 13
61 205 12
139 205 8
21 205 15
180 205 7
102 206 11
160 206 10
167 206 10
179 206 11
9 206 8
3 206 11
206 234 14
206 222 8
54 206 10
5 206 8
50 206 10
126 207 10
182 207 12
18 207 13
207 221 13
107 207 11
207 239 6
174 207 7
56 207 12
92 207 7
117 207 7
123 207 12
147 208 12
50 208 9
53 208 12
194 208 10
157 208 11
208 212 12
60 208 17
203 208 7
198 208 8
41 208 16
72 208 15
208 249 9
193 209 8
209 231 9
209 225 11
56 209 14
60 209 11
209 216 11
130 209 12
22 209 11
209 214 10
71 209 10
91 210 12
103 210 11
201 210 13
202 210 12
173 210 9
187 210 10
200 210 11
210 237 13
108 210 13
211 219 10
132 211 14
99 211 9
69 211 13
0 211 11
72 211 7
35 211 10
208 211 14
90 211 11
104 212 10
29 212 10
150 212 9
111 212 13
4 212 7
212 222 9
158 212 10
171 212 8
67 212 9
67 213 8
151 213 15
189 213 11
173 213 8
213 241 14
144 213 12
72 213 8
28 213 8
149 213 8
148 214 13
166 214 12
102 214 14
79 214 11
185 214 12
58 214 12
30 214 11
214 247 11
101 214 11
182 214 15
214 240 11
198 215 12
79 215 8
89 215 7
168 215 9
171 215 12
151 215 14
118 215 11
184 215 13
216 235 13
6 216 7
206 216 13
149 216 13
45 216 10
1 216 10
41 216 10
216 242 8
50 216 10
52 216 11
217 231 14
177 217 9
122 217 9
204 217 14
130 217 12
195 217 11
207 217 8
210 217 7
158 217 12
107 217 11
218 240 9
210 218 11
66 218 6
218 244 8
45 218 11
208 218 8
59 218 7
145 218 6
164 218 8
89 218 13
21 219 12
126 219 10
128 219 14
219 226 11
214 219 11
205 219 11
3 219 11
140 219 11
219 240 10
219 245 11
69 220 10
105 220 14
220 244 9
101 220 12
26 220 12
95 220 11
150 220 8
76 220 6
191 220 13
220 241 11
81 220 9
203 221 12
201 221 12
122 221 15
84 221 9
184 221 9
221 237 10
221 243 7
171 221 11
221 226 13
160 222 10
0 222 10
213 222 11
196 222 11
161 222 12
72 222 12
222 232 10
136 222 11
182 222 14
176 222 11
206 223 10
103 223 11
12 223 6
105 223 10
30 223 8
41 223 9
223 231 9
125 223 12
76 223 12
9 223 7
12 224 15
115 224 12
73 224 11
17 224 13
19 224 9
140 224 11
187 224 10
207 224 10
43 224 13
224 233 5
141 224 11
81 225 10
167 225 9
23 225 12
103 225 11
102 225 10
12 225 8
148 225 9
141 225 7
104 225 11
108 225 10
114 225 11
125 226 9
226 246 13
30 226 12
70 226 11
112 226 11
218 226 11
165 226 10
196 226 8
98 226 7
227 238 12
81 227 9
227 242 11
8 227 12
99 227 8
67 227 12
214 227 9
89 227 14
59 227 13
166 227 9
190 228 8
149 228 10
27 228 9
225 228 12
118 228 12
48 228 11
200 228 12
227 228 10
215 228 11
79 228 11
189 229 10
193 229 7
12 229 10
168 229 10
129 229 15
197 229 8
29 229 8
78 229 11
38 229 14
30 230 9
98 230 9
92 230 13
196 230 12
108 230 11
138 230 10
179 230 10
224 230 10
89 230 13
128 230 7
107 231 13
90 231 11
123 231 11
179 231 6
188 231 9
91 231 8
156 231 9
178 231 11
148 231 12
82 231 7
115 231 8
224 232 11
102 232 10
55 232 10
61 232 11
171 232 11
12 232 11
5 232 12
56 232 11
125 232 12
48 232 10
8 233 8
219 233 12
108 233 12
23 233 9
117 233 10
233 242 12
38 233 13
128 233 8
57 233 10
47 234 9
19 234 9
108 234 9
29 234 8
227 234 13
68 234 10
130 234 13
123 234 12
234 247 10
229 234 8
216 234 11
44 235 6
194 235 12
3 235 13
51 235 9
81 235 13
112 235 8
96 235 12
87 235 12
128 236 11
43 236 12
37 236 9
88 236 13
173 236 8
36 236 13
39 236 10
110 236 10
84 236 9
23 237 11
96 237 8
54 237 11
7 237 7
168 237 9
112 237 10
228 237 13
88 237 10
187 237 14
189 237 8
136 238 12
138 238 8
20 238 10
169 238 11
222 238 9
131 238 12
40 238 9
232 238 9
57 238 9
134 238 9
39 238 8
239 247 10
14 239 10
187 239 14
81 239 10
194 239 10
213 239 8
78 239 11
83 239 11
225 239 11
133 239 12
67 240 11
88 240 12
2 240 12
196 240 10
195 240 11
31 240 9
140 240 7
145 240 13
147 240 14
224 240 11
241 246 8
138 241 12
237 241 7
137 241 11
187 241 12
210 241 10
126 241 10
148 241 8
185 241 10
30 242 9
5 242 9
36 242 15
81 242 11
22 242 11
54 242 9
96 242 6
86 242 12
84 242 10
109 242 13
114 243 11
65 243 11
125 243 12
121 243 13
50 243 8
212 243 11
53 243 11
134 243 10
193 243 14
74 243 9
165 243 10
196 244 12
2 244 10
194 244 11
180 244 12
225 244 12
73 244 13
29 244 11
65 244 12
64 244 12
221 245 13
1 245 9
170 245 9
113 245 10
158 245 12
41 245 8
160 245 10
35 245 9
143 245 12
133 245 9
84 246 11
159 246 13
239 246 12
149 246 7
70 246 10
122 246 14
69 246 12
67 246 8
26 246 10
189 247 10
52 247 11
5 247 9
188 247 13
175 247 9
19 247 9
177 247 9
41 247 13
168 247 9
82 247 8
159 248 9
70 248 15
10 248 13
188 248 11
81 248 10
242 248 11
131 248 17
74 248 14
122 248 12
66 248 12
222 248 15
213 249 10
189 249 10
108 249 11
174 249 13
96 249 11
74 249 9
166 249 7
163 249 12
237 249 11
