250
0
3
6
4
3
9
2
4
6
6
7
8
10
1
8
5
8
2
8
3
9
9
7
10
10
6
9
3
8
8
9
7
8
8
6
3
3
8
5
9
4
8
2
8
8
2
8
5
8
1
3
6
5
4
10
10
5
8
6
2
5
2
1
2
2
4
7
6
10
7
7
10
9
7
6
10
6
1
9
3
3
9
1
8
4
2
3
5
7
5
6
9
2
1
5
5
3
6
8
5
9
7
6
4
3
2
2
7
3
7
8
6
10
9
3
2
9
3
10
3
7
1
2
3
3
3
2
3
10
1
5
4
3
4
2
3
8
6
4
2
2
4
8
7
7
9
8
7
9
2
8
6
1
8
3
9
4
8
3
9
6
7
6
3
1
6
7
6
7
6
4
10
7
3
8
5
2
6
9
2
10
2
4
1
9
2
3
7
9
3
7
9
3
6
10
10
10
8
4
9
2
7
1
7
7
2
9
2
3
7
6
3
6
3
8
6
4
5
10
7
10
5
8
8
2
3
5
7
9
3
9
3
4
3
2
3
8
8
4
8
9
3
3
1
7
6
1
1
8
10
0 87 11
0 95 11
0 46 7
0 161 14
0 233 11
0 230 10
0 32 10
0 239 13
0 83 8
0 47 10
1 85 7
1 219 11
1 224 9
1 90 13
1 199 8
1 220 11
1 174 12
1 37 8
0 1 8
1 244 9
2 172 9
2 233 11
2 84 13
2 23 8
2 48 8
2 135 8
0 2 11
2 174 12
3 137 11
3 88 11
3 26 13
3 127 10
3 128 10
3 29 9
3 178 10
3 212 6
3 150 14
3 98 10
4 60 10
4 127 9
4 222 11
4 52 10
4 203 9
4 96 7
4 13 9
4 128 12
4 100 11
4 91 8
4 78 7
5 26 9
5 60 14
5 20 10
5 100 9
5 226 11
5 106 16
5 113 10
5 96 11
5 40 9
5 33 11
5 65 5
6 150 14
6 183 7
6 29 10
6 104 9
6 41 14
6 225 11
6 195 15
0 6 10
6 110 11
6 212 7
7 178 12
7 18 14
7 181 10
7 239 9
7 214 14
7 174 11
7 25 13
7 53 11
7 163 12
7 134 12
8 150 7
8 122 9
8 58 10
8 109 9
8 38 6
8 191 9
8 110 13
8 140 9
8 40 9
9 47 12
9 110 10
9 14 8
9 165 13
9 153 11
9 46 9
9 127 9
9 194 9
9 24 10
9 159 8
9 71 7
10 138 10
10 243 15
10 99 7
10 23 9
10 109 12
10 82 9
10 139 13
10 248 13
10 218 11
10 112 7
10 22 13
11 106 11
11 54 13
1 11 13
11 140 10
11 14 8
11 63 11
11 155 9
11 210 9
11 15 9
11 173 8
11 42 11
12 34 12
12 234 10
12 16 11
12 196 9
12 123 9
12 244 9
12 144 10
12 116 12
12 203 11
12 17 11
12 71 8
13 97 10
13 24 11
13 155 11
13 116 14
13 123 8
13 232 9
13 84 15
13 198 10
13 147 12
13 190 11
14 103 11
14 208 9
14 159 10
14 86 11
14 221 10
14 59 9
14 110 10
14 71 13
14 176 10
15 175 16
15 148 8
15 133 7
15 90 8
15 74 8
15 65 12
15 209 11
15 58 12
15 188 9
15 199 9
16 138 12
16 34 11
16 164 13
16 155 7
16 145 12
16 26 10
16 62 13
16 21 10
16 184 13
16 210 8
16 235 8
17 180 11
17 137 9
3 17 11
5 17 11
17 178 9
17 69 13
17 207 10
17 20 11
17 31 10
17 141 13
17 96 10
18 228 12
18 141 6
18 232 9
18 226 8
18 99 8
18 108 10
18 181 9
18 31 11
18 155 9
19 94 8
19 184 11
19 75 9
19 191 11
19 154 12
19 52 10
19 247 8
19 245 12
19 34 13
19 66 11
20 245 12
20 196 12
20 206 11
20 122 9
20 229 5
20 81 9
20 49 11
20 163 10
20 132 6
21 210 11
21 52 7
21 159 12
21 151 12
21 84 11
21 209 9
21 185 9
21 48 11
21 130 13
22 193 10
22 172 14
22 93 10
22 37 8
22 119 12
22 154 14
22 98 6
15 22 7
22 59 11
22 70 11
23 216 10
23 106 11
23 213 13
23 218 11
23 103 11
23 134 8
23 75 10
23 125 9
17 23 11
23 70 10
23 123 12
24 175 11
24 140 9
24 136 11
24 167 11
24 200 7
24 144 7
24 209 9
24 56 16
24 115 11
24 151 14
25 237 12
25 241 9
25 82 9
25 184 6
25 126 10
24 25 11
25 34 10
25 155 14
25 175 11
25 70 10
26 94 9
26 188 8
26 163 12
26 192 11
26 54 15
26 212 12
26 120 14
26 48 12
26 202 11
26 182 10
26 121 7
27 120 9
27 65 9
27 172 10
27 130 8
27 67 12
27 84 13
27 158 12
27 203 7
27 192 10
28 121 11
28 238 11
28 236 10
28 93 11
28 43 14
28 215 9
28 139 9
1 28 12
28 80 11
28 205 12
29 186 10
29 36 12
29 192 11
25 29 12
29 38 8
29 237 13
29 51 9
29 141 8
29 41 10
30 178 9
30 149 13
30 84 9
30 175 10
30 122 13
30 184 8
15 30 9
30 230 12
30 96 12
30 152 8
17 30 12
31 249 9
31 201 8
31 221 10
31 88 10
31 162 9
31 197 7
31 133 10
31 126 15
31 111 12
31 108 10
24 32 11
32 54 12
15 32 7
32 119 9
32 227 14
32 34 10
32 225 12
32 213 12
32 194 10
32 179 13
32 132 11
32 145 11
33 180 12
33 188 8
25 33 9
33 213 6
33 207 12
33 216 11
33 159 7
33 147 11
33 194 12
33 76 14
33 157 6
34 109 11
1 34 12
34 36 10
34 182 10
34 159 14
34 145 12
34 181 11
34 162 12
9 34 14
23 34 9
35 102 11
35 67 7
35 38 12
35 223 13
35 113 8
35 126 11
35 219 10
35 203 11
33 35 11
11 36 15
36 118 13
36 227 9
36 174 12
36 144 10
36 45 8
36 247 13
36 66 9
36 243 10
36 49 10
36 214 10
37 200 11
37 51 12
37 90 13
16 37 12
37 218 13
37 207 13
37 53 11
37 147 11
37 177 9
37 198 11
38 236 11
38 171 12
38 72 12
38 242 12
38 181 10
38 44 13
38 137 8
38 51 10
38 145 17
38 131 8
38 47 8
39 44 15
39 152 8
7 39 11
39 223 11
39 188 12
39 120 14
39 91 10
39 61 9
39 197 11
39 222 11
40 204 12
0 40 11
40 229 9
38 40 9
40 54 12
40 100 13
40 183 11
40 107 9
40 90 7
40 196 14
31 40 9
40 42 8
41 195 10
41 243 10
31 41 14
41 162 8
41 132 10
41 80 7
41 54 11
41 58 12
41 119 10
41 98 11
41 105 9
39 42 11
42 177 11
42 203 10
42 242 11
4 42 10
42 197 10
18 42 13
42 136 11
42 192 10
42 157 7
42 161 11
43 140 10
43 165 6
43 155 9
43 235 9
43 189 12
43 163 10
43 150 11
8 43 12
17 43 10
43 97 6
44 229 11
44 157 10
44 74 10
5 44 11
44 156 10
44 76 11
44 60 10
40 44 8
44 208 11
31 44 11
29 45 12
45 73 11
45 82 9
38 45 8
45 48 9
45 62 14
33 45 13
45 151 9
45 168 7
45 87 11
46 48 9
5 46 12
46 97 12
46 239 11
46 112 14
46 73 9
46 195 13
7 46 7
46 202 12
46 134 11
47 153 10
47 68 10
47 95 12
47 169 12
47 108 13
47 48 7
47 70 5
47 159 7
47 96 11
47 179 14
48 222 10
48 107 8
48 52 9
48 60 11
6 48 10
48 187 8
48 81 12
48 123 9
23 48 9
48 127 11
49 159 10
49 187 9
49 88 9
49 113 8
49 217 10
42 49 8
49 199 11
49 232 8
50 179 11
43 50 8
50 196 15
39 50 14
50 200 9
50 153 11
50 161 12
50 240 11
50 52 7
51 231 9
51 113 12
32 51 11
51 202 10
51 168 8
51 248 11
51 151 14
51 233 9
51 182 9
51 122 9
52 108 10
0 52 10
52 162 14
52 148 11
36 52 11
52 216 9
52 143 12
52 128 9
8 52 11
53 244 14
53 108 12
53 245 11
53 195 7
53 212 11
53 90 9
5 53 10
34 53 11
53 233 11
53 116 12
54 94 10
8 54 12
54 208 11
54 61 9
54 235 12
54 199 10
38 54 9
54 239 11
2 54 12
54 87 11
54 150 11
55 248 12
55 242 11
55 58 10
55 120 12
55 239 8
55 157 10
55 209 11
55 128 12
56 77 10
47 56 11
56 151 9
56 103 12
54 56 11
56 189 8
56 223 9
30 56 12
56 142 11
56 158 12
13 57 9
57 84 9
57 91 9
17 57 12
57 63 9
57 227 10
57 133 10
57 201 13
57 205 13
57 200 9
58 182 11
0 58 7
58 136 9
58 140 13
58 129 14
58 187 10
58 68 11
50 58 11
10 58 12
58 122 9
59 96 12
3 59 12
7 59 11
59 170 11
59 161 9
59 132 8
45 59 12
44 59 12
59 111 11
60 154 9
37 60 12
60 124 9
60 158 10
60 214 10
60 118 10
60 182 13
60 199 12
60 130 10
60 246 13
61 96 14
61 160 13
61 76 9
61 98 10
45 61 12
61 132 12
24 61 10
61 77 10
61 213 7
50 61 12
61 130 9
43 61 14
62 142 10
62 218 12
62 68 11
18 62 10
62 129 14
62 220 13
62 106 11
62 140 13
62 235 11
62 113 7
63 92 9
63 138 10
63 173 11
61 63 11
51 63 11
31 63 8
63 191 8
63 209 10
63 102 11
17 63 9
63 79 11
7 64 11
64 172 10
64 191 10
56 64 14
62 64 11
54 64 7
1 64 11
37 64 13
64 153 10
64 147 12
18 65 10
65 247 10
65 98 8
65 87 9
65 136 10
19 65 10
65 102 14
46 65 12
34 65 12
65 188 10
65 123 10
66 148 9
66 230 10
12 66 7
66 226 8
66 220 12
66 70 11
66 246 10
66 193 8
42 66 12
1 66 9
67 221 10
67 201 8
54 67 12
67 155 10
67 72 13
29 67 13
67 203 12
41 67 10
67 106 9
49 67 10
68 69 11
59 68 8
68 133 11
27 68 6
68 74 13
15 68 12
68 240 11
68 196 11
68 80 8
17 68 11
68 177 10
69 104 12
69 206 13
38 69 7
69 209 12
69 172 13
69 94 10
69 214 11
69 233 14
69 149 12
58 69 6
70 179 10
44 70 12
70 205 10
70 141 10
70 207 9
70 192 9
70 131 5
70 171 15
70 224 13
70 158 10
16 71 12
71 83 15
71 193 10
26 71 11
71 162 7
37 71 10
71 242 12
11 71 9
71 196 10
71 177 5
72 188 14
72 175 9
55 72 9
42 72 11
72 183 11
66 72 10
72 123 8
71 72 12
73 158 8
73 190 12
73 89 11
53 73 12
73 228 8
73 229 10
36 73 15
73 226 10
6 73 10
73 234 11
73 102 9
73 189 9
74 101 9
27 74 10
74 108 11
74 239 8
23 74 12
74 129 11
74 148 10
74 78 8
74 112 14
74 127 10
74 80 11
75 141 8
75 246 13
75 205 11
75 245 11
61 75 10
75 109 10
75 216 11
75 106 11
75 146 13
55 75 13
53 76 12
66 76 13
76 83 11
76 134 8
41 76 12
76 212 8
76 180 8
3 76 10
76 171 11
77 236 9
44 77 8
23 77 11
43 77 10
77 190 15
77 179 9
77 185 12
22 77 11
77 88 12
78 98 10
78 133 6
78 117 11
25 78 10
78 155 9
78 187 14
78 91 13
78 106 12
78 145 8
79 104 11
79 97 11
79 82 7
79 141 10
79 221 9
9 79 11
79 106 9
79 103 14
33 79 7
80 137 9
80 234 9
12 80 9
80 216 16
80 217 9
80 231 10
33 80 11
80 228 11
11 80 11
80 123 13
75 81 7
81 129 10
81 216 12
81 165 13
81 119 14
81 92 8
81 199 9
81 151 8
81 142 11
8 81 8
57 81 11
82 230 11
82 112 8
82 165 11
19 82 12
82 187 5
82 92 11
82 134 14
82 121 15
52 82 10
28 82 12
82 110 13
82 156 13
83 235 9
83 147 12
21 83 11
83 93 10
83 155 8
83 187 14
83 244 8
23 83 9
83 90 10
83 156 7
83 99 8
83 105 8
84 151 11
68 84 10
84 185 11
84 133 10
84 168 13
84 129 14
54 84 10
52 84 11
84 219 9
85 126 12
85 163 11
85 137 12
85 192 9
85 134 8
85 171 12
57 85 13
85 154 12
85 146 12
4 85 13
80 86 10
86 190 12
86 117 5
86 96 13
86 118 9
37 86 9
81 86 7
86 92 12
78 86 11
79 86 12
49 87 8
31 87 13
35 87 9
87 178 12
87 123 9
70 87 11
87 163 11
87 235 11
73 87 11
87 180 10
87 211 14
87 190 9
87 242 7
88 140 14
88 221 9
88 179 11
88 164 14
63 88 10
88 91 10
88 131 10
88 241 7
80 88 8
89 114 13
89 137 11
89 193 12
89 142 11
89 197 14
53 89 9
49 89 11
89 215 11
16 89 14
89 148 8
79 90 12
90 235 11
90 209 12
6 90 9
90 165 8
90 111 10
90 116 10
90 140 9
90 144 11
90 179 8
85 91 10
91 205 12
91 105 12
67 91 12
91 190 9
43 91 10
91 187 6
22 91 12
90 91 10
83 91 12
92 222 12
92 178 10
54 92 12
92 190 10
92 228 7
30 92 13
92 103 7
92 143 12
60 92 12
15 93 9
93 231 11
93 135 12
93 167 13
93 106 8
93 121 11
77 93 11
93 114 11
41 93 11
94 104 12
94 187 7
94 180 13
65 94 11
94 131 9
94 242 11
70 94 14
68 94 11
23 94 10
94 96 11
66 94 9
95 241 13
95 119 8
5 95 12
95 110 11
95 163 8
95 120 12
95 245 13
95 236 12
95 231 11
95 127 13
95 197 5
82 96 12
44 96 10
96 149 10
28 96 11
56 96 8
96 155 9
96 119 11
8 96 10
2 96 12
20 97 11
85 97 11
33 97 10
9 97 10
45 97 14
54 97 13
66 97 9
26 97 6
97 217 12
98 169 12
98 220 10
55 98 16
98 230 10
35 98 11
86 98 6
98 145 12
98 178 12
98 123 6
23 98 11
59 99 11
66 99 9
99 102 6
99 182 12
99 193 10
99 122 11
99 146 9
99 164 7
99 231 8
99 145 11
99 177 11
99 248 8
99 190 11
100 143 12
100 177 11
100 248 12
64 100 9
100 166 9
100 173 10
100 205 13
77 100 7
69 100 11
87 100 8
80 100 12
101 245 9
44 101 6
85 101 13
67 101 17
101 120 11
101 211 11
65 101 10
101 227 12
101 244 13
101 108 10
86 102 12
102 169 9
102 104 10
44 102 8
102 126 10
102 227 12
102 207 10
102 219 8
102 232 9
102 164 8
103 194 10
103 188 11
36 103 7
21 103 11
66 103 10
55 103 13
13 103 7
0 103 10
103 157 10
29 103 12
104 143 13
104 200 11
18 104 9
60 104 10
104 209 11
104 227 10
24 104 12
77 104 9
7 104 12
90 104 12
105 108 14
105 198 9
105 155 12
105 134 10
105 238 10
105 177 11
105 113 12
105 235 14
105 232 12
72 106 10
106 167 10
106 200 7
106 204 10
42 106 12
106 238 10
38 106 14
106 172 11
106 143 11
18 106 9
39 107 13
107 118 13
107 223 10
22 107 12
87 107 8
83 107 9
90 107 7
70 107 9
107 156 11
0 108 11
108 225 12
87 108 7
108 126 10
10 108 11
72 108 6
75 108 10
108 140 13
36 108 13
109 226 10
109 237 11
109 145 11
109 184 14
109 202 11
35 109 8
109 112 12
109 212 13
109 165 9
32 110 9
39 110 11
110 243 11
4 110 12
110 135 9
10 110 11
110 123 7
110 195 12
110 228 5
110 246 8
111 122 10
111 187 7
83 111 14
111 137 10
13 111 11
37 111 8
104 111 9
111 155 11
111 217 11
111 203 11
112 224 7
112 182 9
112 195 8
29 112 10
96 112 11
106 112 9
112 176 12
91 112 14
53 112 8
64 112 14
75 112 11
113 198 12
1 113 12
9 113 13
113 164 14
113 182 7
113 235 12
113 212 12
39 113 11
8 113 11
113 179 8
114 174 7
114 148 16
114 223 11
114 226 9
114 219 17
85 114 9
41 114 12
114 138 7
64 114 11
71 115 9
115 130 9
41 115 15
112 115 12
115 159 10
115 135 14
115 247 9
99 115 10
79 115 12
115 174 11
116 173 5
40 116 9
16 116 11
116 232 10
52 116 8
116 159 9
71 116 9
50 116 13
46 116 12
72 116 13
98 116 15
102 117 11
117 249 9
65 117 11
117 183 12
48 117 12
117 218 13
62 117 13
117 137 10
117 167 11
117 151 10
117 201 8
118 225 10
70 118 9
97 118 9
118 120 11
118 197 11
19 118 7
50 118 11
118 244 8
118 242 12
118 143 9
96 118 10
118 161 11
119 235 13
119 132 10
119 176 11
52 119 11
80 119 11
31 119 12
119 245 10
92 119 9
120 173 11
111 120 9
70 120 9
110 120 10
16 120 9
61 120 13
104 120 13
58 120 11
77 120 10
120 205 5
41 120 11
121 174 10
121 126 13
115 121 11
121 123 11
121 216 10
24 121 11
121 151 11
25 121 10
121 225 8
2 122 9
122 154 11
122 129 11
7 122 11
10 122 13
9 122 13
122 215 11
45 122 10
122 140 9
88 122 13
123 151 8
123 147 11
123 243 11
123 212 9
103 123 10
123 209 11
79 123 12
31 123 7
40 123 10
11 123 8
90 124 12
124 215 10
124 241 11
76 124 12
52 124 9
67 124 11
124 224 11
124 246 10
124 167 10
50 124 12
80 125 9
125 199 8
55 125 12
46 125 9
66 125 9
125 146 9
116 125 12
125 206 9
6 125 11
101 125 9
46 126 15
27 126 14
36 126 9
45 126 13
126 207 9
126 241 13
126 143 11
65 126 10
111 126 12
5 126 11
126 189 11
97 127 10
127 214 10
127 188 8
127 190 13
109 127 10
127 236 10
127 141 9
127 225 11
127 208 10
128 186 8
128 248 14
128 213 7
128 181 11
77 128 10
28 128 8
128 195 11
72 128 9
41 128 11
67 128 10
39 129 11
114 129 13
33 129 7
129 247 7
13 129 15
3 129 8
7 129 7
129 185 9
2 129 12
130 160 10
130 191 9
85 130 8
74 130 14
54 130 10
130 239 12
130 134 11
130 188 12
130 186 8
130 220 10
130 227 9
131 162 10
131 209 13
101 131 7
131 135 14
43 131 9
131 192 13
89 131 10
2 131 10
131 198 13
105 131 6
32 131 14
132 138 8
132 142 11
101 132 11
127 132 11
132 170 14
115 132 11
132 191 11
132 183 10
132 149 11
132 136 9
133 242 9
133 145 7
27 133 8
133 231 8
14 133 13
133 201 13
40 133 9
19 133 12
118 133 9
18 133 11
133 193 11
134 240 11
134 153 12
134 142 9
134 219 12
134 186 7
134 226 10
134 151 11
127 134 10
102 134 9
72 134 11
132 134 10
134 245 7
135 200 12
90 135 9
135 235 8
135 137 12
22 135 5
135 165 11
17 135 11
135 245 12
113 135 9
15 135 16
136 215 11
136 244 9
121 136 8
78 136 10
136 190 8
136 243 8
46 136 10
136 175 10
124 136 7
41 136 10
136 200 9
137 200 7
137 158 13
106 137 10
1 137 11
137 180 12
79 137 12
33 137 10
137 192 9
137 221 11
37 137 9
138 183 12
14 138 10
74 138 9
138 225 12
138 166 14
71 138 10
104 138 12
109 138 8
138 245 15
49 138 10
30 139 14
139 151 8
26 139 12
18 139 9
112 139 15
90 139 6
139 160 8
17 139 11
139 195 10
139 208 12
56 140 10
140 165 10
96 140 13
119 140 11
140 200 12
140 193 14
49 140 10
20 140 10
132 140 9
3 140 8
60 141 11
141 191 11
141 238 12
99 141 10
117 141 11
141 209 9
141 184 13
85 141 9
82 141 10
72 141 9
142 185 12
20 142 12
113 142 9
142 226 9
142 204 11
114 142 13
142 246 13
36 142 9
142 163 11
82 142 11
143 175 10
27 143 11
143 220 11
135 143 10
98 143 10
81 143 10
72 143 12
37 143 11
143 155 8
39 143 13
144 170 11
144 152 11
111 144 9
78 144 11
144 204 9
77 144 12
144 190 14
144 189 12
144 234 14
110 145 9
145 159 10
115 145 6
72 145 11
145 207 9
22 145 14
116 145 12
17 145 9
145 240 13
146 217 11
72 146 12
21 146 11
146 242 6
146 237 15
132 146 10
52 146 10
146 211 11
14 146 13
23 147 11
147 227 9
72 147 11
147 161 8
103 147 14
14 147 11
68 147 10
97 147 10
15 147 9
36 147 10
19 147 12
131 147 8
22 148 10
148 161 8
67 148 8
59 148 11
148 178 12
148 232 12
45 148 13
64 148 12
48 148 12
127 148 15
35 149 7
149 165 12
112 149 10
56 149 12
128 149 10
146 149 9
149 227 11
149 179 10
149 201 9
150 211 10
119 150 8
21 150 12
31 150 9
107 150 13
26 150 11
150 179 11
150 234 10
24 150 12
150 194 10
97 150 11
151 165 11
151 227 10
151 217 11
151 175 6
105 151 13
33 151 9
73 151 14
151 213 15
11 151 10
107 151 9
152 193 11
152 166 11
87 152 9
132 152 13
149 152 12
127 152 14
74 152 12
9 152 12
152 153 10
67 152 10
40 153 10
153 166 12
142 153 10
153 234 9
153 247 8
138 153 13
153 211 9
153 180 10
153 233 10
68 153 13
132 154 9
140 154 13
154 162 11
65 154 11
4 154 11
21 154 13
154 192 12
154 201 9
86 154 9
74 154 11
154 216 13
155 216 14
2 155 11
155 194 9
132 155 10
113 155 8
155 161 11
155 233 11
5 155 9
28 155 12
155 241 9
88 155 11
64 156 10
72 156 12
92 156 12
142 156 9
150 156 8
100 156 11
9 156 10
139 156 13
117 156 11
123 156 9
153 156 12
5 157 10
82 157 14
26 157 10
112 157 10
18 157 12
29 157 9
137 157 13
157 218 8
4 157 9
131 157 9
158 184 9
63 158 15
30 158 8
158 202 9
107 158 7
158 188 8
158 239 11
128 158 13
122 158 8
68 158 12
110 159 10
72 159 9
159 212 14
138 159 13
159 160 11
20 159 11
37 159 8
159 213 11
59 159 10
99 159 8
91 159 7
159 236 11
21 160 13
15 160 12
110 160 11
160 209 10
0 160 10
160 178 8
135 160 12
67 160 11
102 160 12
161 244 10
41 161 11
65 161 6
66 161 12
156 161 10
133 161 12
161 200 10
161 210 12
61 161 10
130 162 6
162 194 11
162 215 11
32 162 15
162 205 9
128 162 9
47 162 11
66 162 6
24 162 8
127 162 7
163 176 10
76 163 11
118 163 14
155 163 13
163 222 11
163 206 11
21 163 9
163 245 11
163 199 7
133 163 11
51 163 10
164 166 11
96 164 10
90 164 7
164 203 7
137 164 11
86 164 15
76 164 9
164 223 13
80 164 10
161 164 11
165 239 10
165 228 12
136 165 8
7 165 7
165 181 11
165 198 11
41 165 7
70 165 6
165 190 11
165 208 8
166 212 10
49 166 12
155 166 12
109 166 13
96 166 12
12 166 11
166 220 7
43 166 11
34 166 8
40 167 12
167 205 16
6 167 8
43 167 11
133 167 10
164 167 14
167 233 13
22 167 10
167 206 10
7 168 11
13 168 8
95 168 12
44 168 12
93 168 7
152 168 10
168 244 15
150 168 9
120 168 8
132 168 11
166 168 9
169 243 10
5 169 11
169 227 9
40 169 10
169 235 8
169 210 10
160 169 9
169 191 15
169 194 13
21 169 8
170 173 10
68 170 10
58 170 14
133 170 10
142 170 9
31 170 12
170 204 13
107 170 13
170 181 6
138 170 10
114 171 15
12 171 10
171 205 11
171 219 14
80 171 11
118 171 10
36 171 9
44 171 13
171 185 10
160 171 10
172 203 9
37 172 11
165 172 12
119 172 12
34 172 14
172 225 10
143 172 12
172 192 12
172 174 10
84 173 11
173 228 7
173 248 8
173 181 8
134 173 9
94 173 10
137 173 10
173 216 12
173 205 12
33 174 15
174 236 12
174 197 7
39 174 8
174 220 11
149 174 13
174 232 13
140 174 9
174 184 10
174 187 10
121 175 11
175 178 12
175 241 12
172 175 13
78 175 11
127 175 15
80 175 9
175 235 10
38 175 13
145 176 14
136 176 12
176 229 12
176 244 9
58 176 9
152 176 12
3 176 10
0 176 8
143 176 10
135 176 10
176 191 16
88 177 9
155 177 10
23 177 8
49 177 12
132 177 9
124 177 9
28 177 11
177 247 10
178 210 8
178 211 9
110 178 12
76 178 10
178 187 9
9 178 15
176 178 11
69 178 11
108 178 8
179 232 9
167 179 9
63 179 10
51 179 9
118 179 12
102 179 8
179 188 12
179 185 9
86 179 8
122 179 9
180 222 11
180 213 10
155 180 10
128 180 9
119 180 11
72 180 12
173 180 7
180 232 11
180 192 12
23 180 7
181 231 13
63 181 10
130 181 11
102 181 12
122 181 11
105 181 11
32 181 10
181 226 6
115 182 12
37 182 10
157 182 6
102 182 9
144 182 11
9 182 14
153 182 13
109 182 5
111 182 9
82 183 8
183 184 10
58 183 7
183 246 5
32 183 10
77 183 10
92 183 8
183 209 11
87 183 7
159 184 15
178 184 8
184 203 10
162 184 12
181 184 12
82 184 10
81 184 10
23 184 7
154 184 9
184 193 8
112 184 11
168 185 13
23 185 12
185 234 10
134 185 7
185 230 12
27 185 11
180 185 6
64 185 9
185 227 9
60 186 8
158 186 11
154 186 10
54 186 13
75 186 13
186 225 12
125 186 10
186 214 11
57 186 9
5 186 9
187 216 13
36 187 9
2 187 10
40 187 10
187 249 13
171 187 7
187 231 13
149 187 12
16 187 13
188 215 10
188 241 10
135 188 9
188 245 13
155 188 8
16 188 12
188 209 12
3 188 11
150 188 10
176 188 8
188 235 10
189 232 10
61 189 11
189 211 7
125 189 10
189 191 10
189 227 13
122 189 10
62 189 11
165 189 12
51 189 14
189 199 7
190 241 6
190 239 7
4 190 9
182 190 7
94 190 8
170 190 10
109 190 10
190 197 11
119 191 10
35 191 9
121 191 13
156 191 11
191 238 15
25 191 8
173 191 9
117 191 9
148 191 8
163 191 7
88 191 9
192 223 8
192 230 9
44 192 10
145 192 13
163 192 13
33 192 10
178 192 9
112 192 9
192 209 11
192 214 10
37 192 12
193 223 14
39 193 10
171 193 9
193 218 11
45 193 11
190 193 10
34 193 11
178 194 11
194 209 11
194 205 7
194 216 9
194 246 9
143 194 10
194 199 8
75 194 12
1 194 11
12 194 10
4 195 8
62 195 7
195 215 11
27 195 7
113 195 7
195 205 13
195 236 10
145 195 8
191 195 10
30 196 10
177 196 12
196 236 11
149 196 10
179 196 13
150 196 12
159 196 16
196 224 11
196 206 13
78 196 13
60 197 13
65 197 12
28 197 10
47 197 10
113 197 11
173 197 12
30 197 12
197 235 13
112 197 9
0 198 9
145 198 12
175 198 12
92 198 11
198 244 7
27 198 11
174 198 5
198 201 8
42 198 9
110 198 8
138 199 7
110 199 5
140 199 6
75 199 10
99 199 8
199 233 9
9 199 9
199 235 9
111 199 13
26 199 8
200 243 9
200 236 11
23 200 12
200 239 9
19 200 9
200 246 11
45 200 9
200 202 12
170 200 7
18 200 11
154 200 8
3 201 8
201 231 11
131 201 10
23 201 13
163 201 12
15 201 9
7 201 12
53 201 13
35 201 13
50 201 9
202 244 9
176 202 11
97 202 9
113 202 17
151 202 10
196 202 11
11 202 9
181 202 15
202 234 12
179 203 14
149 203 14
62 203 10
158 203 11
203 216 8
125 203 10
185 203 9
188 203 11
196 203 11
126 204 10
105 204 10
204 244 10
0 204 11
73 204 5
171 204 11
130 204 11
131 204 9
122 204 8
33 205 9
83 205 6
205 233 11
78 205 8
181 205 12
18 205 12
56 205 6
141 205 12
45 205 9
95 206 10
89 206 10
15 206 8
35 206 12
169 206 9
206 226 6
41 206 9
142 206 10
206 219 10
161 206 9
78 206 14
164 207 13
180 207 10
98 207 8
188 207 10
81 207 11
169 207 12
16 207 12
207 217 8
125 207 10
59 208 12
96 208 10
208 212 13
94 208 8
64 208 14
184 208 13
40 208 15
100 208 12
22 208 12
208 226 11
108 208 9
52 209 10
156 209 7
138 209 12
136 209 9
33 209 9
8 209 12
187 209 14
202 209 10
209 210 7
34 209 8
65 209 7
207 210 10
146 210 11
115 210 10
210 241 10
118 210 10
210 234 11
124 210 9
180 210 14
200 210 8
61 211 12
135 211 16
119 211 10
179 211 10
211 216 11
211 217 13
143 211 10
161 211 13
212 227 8
99 212 12
104 212 11
212 234 12
187 212 13
136 212 7
56 212 12
67 212 13
58 212 11
161 212 11
213 219 8
10 213 10
13 213 11
90 213 12
103 213 9
183 213 10
126 213 10
179 213 10
199 213 8
205 214 10
133 214 10
108 214 13
134 214 10
120 214 9
169 214 10
17 214 7
197 214 9
214 230 12
151 214 10
84 215 14
144 215 12
66 215 11
22 215 7
161 215 9
215 223 13
159 215 11
158 215 7
169 215 8
103 215 15
55 216 11
207 216 13
84 216 13
65 216 9
103 216 10
206 216 9
60 216 8
161 216 11
20 216 10
173 217 8
64 217 13
212 217 12
43 217 8
10 217 13
98 217 10
39 217 9
76 217 12
181 217 11
217 230 9
113 218 8
88 218 9
218 249 11
130 218 10
212 218 8
218 245 11
11 218 11
174 218 9
187 218 10
104 218 10
122 218 11
91 219 12
147 219 12
195 219 7
218 219 11
97 219 9
133 219 7
202 219 13
219 222 13
137 219 11
95 220 10
181 220 11
103 220 10
220 221 9
41 220 12
0 220 10
217 220 11
35 220 10
214 220 10
118 220 8
85 221 10
221 232 12
98 221 11
176 221 12
221 248 7
77 221 10
150 221 9
55 221 13
42 221 14
179 222 10
40 222 13
151 222 9
96 222 10
70 222 7
84 222 9
196 222 11
15 222 11
2 222 10
161 222 9
156 223 13
196 223 9
223 227 11
191 223 11
202 223 12
33 223 9
150 223 11
81 223 13
201 223 11
146 223 14
186 224 12
173 224 8
21 224 12
9 224 8
75 224 11
166 224 11
224 247 13
12 224 11
224 227 8
224 226 9
146 224 9
132 224 12
181 225 10
216 225 16
85 225 11
218 225 9
183 225 6
134 225 12
207 225 10
199 225 13
224 225 12
37 225 12
226 238 10
135 226 12
178 226 9
152 226 14
79 226 12
56 226 11
47 226 9
80 226 9
53 226 10
226 240 16
211 227 9
171 227 12
215 227 10
165 227 10
68 227 10
77 227 9
105 227 10
94 227 9
1 227 8
226 227 12
153 228 9
130 228 8
97 228 11
200 228 12
178 228 10
104 228 11
31 228 13
138 228 10
195 228 13
70 228 11
229 245 13
215 229 11
182 229 12
229 242 12
188 229 9
49 229 13
117 229 12
56 229 10
50 229 10
94 229 7
92 229 8
162 230 12
215 230 11
35 230 8
126 230 8
103 230 13
13 230 8
139 230 11
197 230 6
230 235 13
81 230 16
98 231 15
160 231 12
159 231 10
96 231 7
155 231 10
52 231 9
128 231 9
223 231 8
231 232 10
207 231 10
141 232 10
232 249 7
182 232 12
232 235 12
110 232 10
186 232 12
75 232 12
17 232 13
22 232 11
112 233 13
147 233 11
221 233 11
197 233 11
97 233 14
91 233 11
88 233 10
76 233 5
135 233 9
167 234 12
120 234 10
131 234 11
15 234 10
126 234 8
115 234 10
128 234 9
222 234 11
62 234 14
40 235 14
158 235 11
127 235 7
100 235 12
148 235 9
39 235 12
8 235 10
21 235 11
29 235 12
167 235 9
235 243 10
234 236 11
141 236 9
118 236 9
86 236 7
172 236 15
66 236 11
194 236 8
158 236 9
183 236 11
60 236 12
9 236 8
75 237 10
156 237 12
130 237 11
0 237 8
99 237 11
159 237 12
188 237 10
27 237 12
24 237 9
18 237 10
64 237 11
62 238 8
80 238 11
98 238 12
160 238 10
70 238 6
158 238 11
147 238 12
155 238 11
238 241 10
204 238 11
166 238 9
190 238 9
52 239 12
195 239 7
5 239 11
181 239 11
143 239 12
146 239 7
223 239 8
92 239 15
142 239 14
201 239 12
163 239 12
154 239 10
171 240 10
90 240 9
47 240 11
4 240 10
154 240 12
20 240 11
201 240 10
51 240 8
82 240 11
93 240 11
133 241 10
37 241 12
103 241 8
237 241 14
199 241 10
4 241 11
70 241 11
196 241 17
107 242 13
21 242 10
180 242 10
235 242 9
195 242 11
106 242 7
217 242 10
174 242 6
138 242 10
62 242 11
171 242 11
150 243 15
71 243 11
87 243 9
98 243 9
183 243 10
232 243 9
152 243 9
63 243 9
60 243 10
55 244 11
111 244 12
126 244 10
209 244 9
29 244 11
66 244 12
137 244 13
67 244 13
86 244 14
160 245 10
177 245 12
245 246 11
70 245 10
159 245 8
186 245 14
88 245 7
245 248 9
154 245 11
87 245 11
69 246 12
137 246 12
229 246 11
21 246 10
226 246 12
210 246 11
164 246 9
122 246 9
180 246 8
23 246 11
35 247 9
197 247 8
130 247 7
235 247 11
44 247 10
141 247 10
83 247 9
66 247 8
176 247 10
203 247 12
222 248 8
234 248 10
14 248 11
12 248 9
162 248 9
204 248 7
135 248 10
176 248 12
111 249 7
48 249 8
25 249 12
236 249 12
44 249 12
191 249 9
55 249 10
61 249 9
142 249 9
