250
0
6
6
9
9
2
10
7
4
8
8
8
2
7
8
1
8
6
5
8
4
3
6
2
3
9
9
6
9
3
7
10
2
10
5
6
10
9
7
7
4
9
3
4
5
2
6
8
7
2
9
10
6
8
5
6
3
6
9
5
9
10
4
8
1
1
6
9
1
8
9
6
9
3
8
3
10
4
4
9
4
9
8
5
6
4
6
7
10
4
2
8
3
8
3
5
4
7
7
6
10
7
6
3
7
6
9
5
6
3
7
5
4
7
7
10
3
3
1
9
5
7
1
2
4
6
6
4
10
9
7
7
4
5
8
8
5
9
4
8
5
8
7
7
6
9
6
6
3
4
2
5
4
5
7
7
3
3
6
10
2
3
2
5
3
9
8
4
9
10
1
1
5
8
10
7
8
8
10
2
9
3
2
8
8
10
5
9
3
6
4
9
2
1
5
9
4
9
9
4
2
4
9
3
6
8
5
9
7
9
6
7
8
2
6
5
4
2
7
6
5
5
3
5
1
3
6
3
10
8
6
10
2
6
4
8
2
8
8
9
4
10
1
8
8
6
3
8
4
8
0 55 12
0 241 8
0 153 14
0 76 8
0 34 10
1 9 11
1 67 10
1 54 8
1 4 9
1 47 11
1 71 10
1 138 8
2 182 12
2 203 8
2 136 8
2 188 11
3 177 9
3 107 12
3 77 12
3 65 13
3 188 13
4 21 12
4 195 9
4 58 8
4 91 10
4 61 11
5 56 12
5 110 9
5 22 13
5 122 13
5 196 12
6 136 12
6 238 11
6 182 11
6 52 11
6 69 13
6 191 10
6 12 10
7 54 12
7 46 10
7 157 8
7 140 13
7 108 10
7 127 14
8 118 10
8 51 10
4 8 10
8 248 6
8 94 13
8 31 10
9 168 11
9 137 12
9 213 10
9 28 10
9 64 8
10 81 6
10 11 10
10 112 10
4 10 12
10 57 11
10 135 7
11 206 16
11 210 12
11 37 9
11 156 9
11 16 10
11 130 9
11 247 12
12 104 12
12 126 12
12 101 11
11 12 11
4 12 9
12 51 8
13 117 10
13 167 12
13 239 13
13 133 10
13 115 10
13 227 9
13 180 10
13 123 10
14 23 15
14 67 10
14 61 10
14 96 11
14 155 14
14 124 9
15 178 10
15 87 11
15 234 10
13 15 6
15 170 10
16 181 7
0 16 10
16 175 11
16 151 12
16 203 9
16 112 11
17 70 10
17 88 12
17 20 11
17 166 8
17 110 13
18 144 12
18 102 11
18 164 10
18 83 11
19 96 8
19 82 11
19 120 10
19 194 9
19 158 13
20 164 7
20 39 12
20 146 12
20 200 6
20 30 10
21 30 12
21 98 10
21 206 11
21 216 11
8 21 10
17 22 11
22 30 9
22 230 11
22 113 11
22 50 12
23 124 8
23 170 7
23 67 12
23 191 9
24 108 13
24 183 11
24 91 12
24 31 10
25 157 12
11 25 10
25 152 13
25 180 11
25 138 13
26 165 9
26 181 11
26 150 12
26 93 9
27 169 12
27 230 7
27 29 9
27 246 10
28 157 12
28 142 14
28 67 9
28 103 13
28 223 13
28 31 8
28 63 8
29 135 14
29 163 14
29 231 12
29 92 8
29 226 10
13 30 11
30 174 9
30 56 13
30 104 14
30 79 9
30 86 8
31 33 10
31 87 13
31 197 10
31 97 9
31 223 10
32 131 10
32 188 11
32 121 9
32 221 9
33 212 11
33 198 12
33 44 14
33 91 8
34 117 9
23 34 10
34 161 9
34 240 8
34 78 13
34 82 11
35 187 9
35 88 13
35 76 9
7 35 7
36 101 11
36 110 9
36 226 7
36 243 12
37 108 6
37 57 11
37 168 10
37 39 11
37 236 9
38 112 8
38 218 13
30 38 8
38 194 9
38 96 12
39 61 14
39 179 9
39 97 6
39 225 11
39 157 9
40 63 10
40 234 7
40 140 11
16 41 12
41 54 13
39 41 9
41 204 9
42 86 11
42 189 13
42 94 11
42 186 14
10 42 4
43 54 9
43 133 11
43 66 11
43 244 6
43 80 10
44 110 9
44 162 11
44 193 9
40 44 12
44 141 12
44 67 10
45 77 11
1 45 15
45 132 11
45 124 14
45 121 11
9 46 15
46 102 9
46 91 8
46 238 8
46 172 12
47 176 12
47 135 13
47 124 14
47 243 10
48 184 10
48 81 11
48 115 9
48 197 12
49 85 9
13 49 13
49 115 14
49 90 13
49 204 10
50 196 11
50 93 11
50 54 11
50 230 13
50 61 9
50 205 12
40 50 13
11 50 6
51 168 8
51 76 11
51 112 10
52 85 13
52 236 15
52 129 7
52 146 11
52 84 17
34 53 13
53 129 8
53 101 11
53 131 9
24 53 13
24 54 9
54 187 9
25 54 12
54 164 11
54 120 10
27 54 9
38 54 10
55 189 13
55 72 10
2 55 11
55 56 14
56 70 12
8 56 9
56 132 10
45 56 10
56 76 11
34 57 12
57 109 9
57 241 12
58 235 14
58 164 11
58 137 11
44 58 15
59 168 7
0 59 6
59 108 11
59 97 15
59 124 11
59 74 10
28 60 10
3 60 14
60 242 8
60 199 12
37 60 11
61 76 12
61 161 9
61 196 14
32 61 10
62 169 11
62 168 10
62 240 8
62 95 13
19 63 10
63 119 10
63 120 12
63 244 9
63 165 8
63 176 10
64 80 12
29 64 9
64 96 11
64 189 10
64 140 9
53 65 13
65 183 15
65 78 10
65 85 13
66 76 13
66 153 11
65 66 11
66 206 11
60 66 12
55 67 13
67 119 11
67 96 10
67 232 10
25 68 9
68 105 14
43 68 11
68 102 11
7 69 12
69 100 10
69 172 12
51 69 14
31 69 9
24 70 5
70 178 9
70 114 10
49 70 9
70 137 11
70 76 11
71 96 13
41 71 11
71 103 10
71 212 14
25 72 9
56 72 13
67 72 9
72 240 9
72 163 8
72 207 11
73 214 9
73 138 8
73 185 13
73 192 8
74 176 10
74 152 10
48 74 10
64 74 12
74 238 6
75 201 11
75 202 7
75 95 10
75 236 10
75 128 11
75 135 11
75 168 14
76 201 11
76 112 11
16 76 8
76 235 9
77 134 9
77 244 9
77 131 11
51 77 12
77 208 12
77 200 9
65 77 8
78 146 13
78 83 13
78 199 12
78 230 11
78 104 13
79 214 9
79 84 12
35 79 10
79 149 9
18 79 9
47 80 9
19 80 11
80 139 11
24 80 12
80 121 10
80 150 11
81 233 11
81 214 11
37 81 11
81 157 13
46 81 10
81 126 9
38 82 11
82 98 10
44 82 11
82 129 10
82 241 11
83 114 14
12 83 12
83 177 11
84 158 10
84 106 11
56 84 12
84 147 14
42 85 14
85 164 8
85 123 5
85 242 10
20 85 11
86 239 11
35 86 12
34 86 8
87 227 8
87 153 12
58 87 14
18 87 7
73 87 9
83 88 12
88 233 11
88 244 10
65 88 8
89 188 8
55 89 10
0 89 10
46 89 9
89 102 10
90 146 11
90 101 12
90 152 11
27 90 12
90 159 12
90 167 8
91 108 6
91 240 14
91 205 9
91 175 6
62 92 13
92 139 10
26 92 11
1 92 10
50 92 12
93 173 10
93 131 8
93 96 10
93 247 10
94 182 9
16 94 11
26 94 11
6 94 12
94 217 9
39 94 9
33 95 7
95 227 13
95 161 13
95 189 9
95 206 10
49 95 14
95 247 8
33 96 11
96 236 10
65 96 10
96 220 11
97 199 11
52 97 12
97 117 10
97 223 11
72 97 7
11 97 12
10 98 11
98 121 8
98 170 11
98 146 12
98 106 13
63 99 11
34 99 8
99 239 10
94 99 10
89 99 13
100 183 14
24 100 10
100 136 10
100 221 8
100 222 9
100 220 12
68 101 10
101 144 10
101 168 10
11 101 11
22 102 12
102 142 10
102 194 9
102 219 11
103 127 12
103 220 7
103 195 10
45 103 11
103 202 12
104 204 11
93 104 10
38 104 9
104 196 15
46 104 7
31 104 11
37 104 10
105 187 10
105 132 16
87 105 10
100 105 12
9 106 11
81 106 12
106 127 11
106 117 7
106 150 12
3 106 11
26 107 6
107 119 11
100 107 11
99 107 9
86 107 12
12 107 7
86 108 12
108 132 10
108 111 11
108 157 9
25 109 11
62 109 14
109 225 9
39 109 11
110 151 10
71 110 15
110 227 13
83 110 13
111 179 10
111 201 9
26 111 6
54 111 10
48 111 9
18 112 8
112 245 10
28 112 8
112 140 9
100 113 11
85 113 12
53 113 12
50 113 10
113 249 12
30 114 11
114 131 10
56 114 11
1 114 12
44 114 6
108 115 9
97 115 10
78 115 10
101 115 11
116 166 6
116 197 11
116 172 10
114 116 6
91 117 8
86 117 11
117 241 9
117 157 18
103 117 11
20 117 10
118 215 9
118 161 12
5 118 6
118 183 10
118 180 11
55 119 8
58 119 11
119 214 9
28 119 10
42 119 12
2 119 8
32 120 12
101 120 8
109 120 8
103 121 11
121 221 13
121 160 13
105 121 12
121 196 10
13 121 11
117 121 13
122 125 8
107 122 13
110 122 11
122 223 8
122 248 10
122 190 12
19 123 8
1 123 9
123 248 12
123 191 10
97 124 9
124 218 9
124 204 8
124 230 12
103 124 8
12 124 12
125 148 11
114 125 9
125 241 10
38 125 12
48 126 10
126 183 8
126 170 11
31 126 13
127 207 11
37 127 9
40 127 9
127 220 9
127 221 9
62 127 13
18 127 11
97 128 7
72 128 9
128 212 9
77 128 11
85 128 15
128 238 10
70 129 15
96 129 11
68 129 5
128 129 14
129 205 12
57 129 12
130 178 8
35 130 9
130 186 10
81 130 9
19 130 8
131 187 12
52 131 14
131 212 16
62 131 8
132 207 10
132 179 10
132 243 8
26 132 14
98 132 11
25 132 12
133 156 11
52 133 12
133 178 11
133 162 9
133 221 8
134 140 11
134 213 9
134 231 13
63 134 9
5 134 11
50 134 9
135 240 8
0 135 9
90 135 7
1 135 10
136 211 12
136 219 14
51 136 8
72 136 13
135 136 13
136 212 11
136 144 10
137 162 13
137 147 11
137 246 10
137 141 12
45 137 13
137 168 11
100 138 8
138 197 13
42 138 10
83 138 12
44 138 9
138 208 10
139 233 6
95 139 11
123 139 7
139 201 13
139 182 8
139 171 10
139 237 9
42 140 7
140 224 10
140 201 11
28 140 12
96 141 9
31 141 11
141 172 12
102 141 10
36 141 9
67 141 15
142 245 11
109 142 11
142 228 13
142 147 11
134 142 12
92 143 11
41 143 16
143 223 11
143 206 10
61 144 9
144 230 11
66 144 10
144 206 12
145 232 10
26 145 7
145 195 10
145 165 12
146 192 12
36 146 12
15 146 11
146 176 9
34 146 12
126 147 10
74 147 10
147 205 15
39 147 12
55 148 9
148 227 10
101 148 9
133 148 11
20 148 13
149 241 13
51 149 13
149 178 12
24 149 11
87 149 9
150 239 11
30 150 15
150 211 11
150 172 13
107 150 11
151 238 11
151 207 11
109 151 12
5 151 12
35 151 13
151 223 11
29 152 10
114 152 9
152 164 8
111 152 13
152 214 10
68 153 11
75 153 12
40 153 13
8 154 8
153 154 12
154 246 13
41 154 7
154 156 10
155 160 9
155 170 11
38 155 10
100 155 9
156 224 10
156 210 10
20 156 12
156 206 11
156 209 12
157 189 14
64 157 12
74 157 9
158 183 10
59 158 14
148 158 10
134 158 9
72 158 11
27 159 10
150 159 11
136 159 9
4 160 14
54 160 10
56 160 9
160 214 11
20 160 15
160 234 9
140 161 11
141 161 9
150 161 11
107 161 10
161 177 7
117 161 9
143 162 7
124 162 9
162 222 13
132 162 13
83 162 6
36 162 14
162 248 8
80 163 15
32 163 12
0 163 6
1 163 12
151 163 8
99 164 11
14 164 10
96 164 11
69 164 9
164 245 11
164 205 8
141 165 12
165 215 9
165 221 13
165 195 13
166 237 11
166 189 13
166 175 12
166 247 12
45 166 10
166 226 10
167 212 11
96 167 10
143 167 13
134 167 13
28 167 14
167 244 10
6 167 12
168 236 12
168 209 10
141 168 13
71 168 12
4 168 14
145 168 12
97 169 10
85 169 9
139 169 7
126 169 7
169 245 10
169 194 7
170 186 12
136 170 8
147 170 12
158 170 15
159 170 12
171 238 9
66 171 11
155 171 9
109 171 11
32 171 14
140 172 7
172 196 8
121 172 11
48 172 10
87 173 12
85 173 11
73 173 11
56 173 10
81 173 11
28 174 13
120 174 13
174 244 11
89 174 7
174 238 10
30 175 12
46 175 8
0 175 11
175 244 9
90 175 11
175 203 10
57 175 10
126 176 10
176 206 12
21 176 12
176 241 14
104 177 7
165 177 10
168 177 11
151 177 11
177 179 10
178 228 14
178 241 10
178 244 11
96 178 12
178 192 11
118 178 14
65 179 9
179 242 14
125 179 12
55 179 9
152 179 8
76 180 8
153 180 7
16 180 11
180 238 12
69 180 8
120 181 12
14 181 12
55 181 11
84 181 13
38 182 12
31 182 13
17 182 9
107 182 8
143 182 11
183 243 12
183 231 8
35 183 8
159 183 9
25 183 13
157 184 10
57 184 13
89 184 6
178 184 8
184 214 9
92 184 11
137 185 10
87 185 13
177 185 9
74 186 13
99 186 11
73 186 9
85 186 11
10 186 11
186 224 12
187 201 11
187 213 11
62 187 11
181 187 12
187 216 13
76 187 8
175 188 12
5 188 10
188 237 9
52 188 12
188 248 12
189 211 9
33 189 9
116 189 10
136 189 11
66 189 8
44 189 7
190 209 11
119 190 16
145 190 5
190 238 9
54 190 9
1 190 11
99 191 5
191 204 12
122 191 6
120 191 9
192 206 11
192 222 12
42 192 13
104 192 11
48 192 10
132 193 13
100 193 10
25 193 8
193 212 12
10 193 10
159 194 9
73 194 10
195 228 13
86 195 12
74 195 11
195 240 13
144 195 14
196 249 12
130 196 11
196 207 12
196 202 11
176 196 9
160 197 10
197 242 13
3 197 8
178 197 10
197 203 11
81 197 14
37 197 12
133 198 10
96 198 12
198 220 10
104 198 12
132 198 12
190 198 9
175 199 10
110 199 12
106 199 11
199 223 11
108 199 9
199 227 9
179 200 11
46 200 10
149 200 12
11 200 10
200 204 11
117 201 10
56 201 12
92 201 11
67 201 11
152 202 8
202 212 9
202 203 13
188 202 9
202 246 14
70 202 13
151 203 7
100 203 7
118 203 8
22 203 12
13 204 12
204 243 12
156 204 10
34 204 9
31 205 11
113 205 11
72 205 14
75 205 7
67 205 8
126 206 13
54 206 9
148 206 8
127 206 12
206 208 10
75 206 8
138 207 12
164 207 9
157 207 12
171 207 14
207 242 11
114 207 9
135 208 4
153 208 11
43 208 9
207 208 7
1 208 9
173 208 8
172 209 10
209 222 12
157 209 10
105 209 9
209 247 11
191 209 12
51 210 10
39 210 12
2 210 7
210 229 11
210 224 7
86 211 10
41 211 11
211 230 13
123 211 11
120 212 13
124 212 9
141 212 11
212 238 9
171 212 15
165 212 11
149 213 12
68 213 10
123 213 8
171 213 5
84 213 5
21 214 9
77 214 12
9 214 10
66 214 10
214 215 10
175 215 11
157 215 11
74 215 14
12 215 8
194 215 11
183 215 12
211 216 8
216 232 15
186 216 13
0 216 10
174 216 14
63 216 10
217 245 11
0 217 12
156 217 9
217 227 10
217 235 12
212 218 8
84 218 9
157 218 13
75 218 9
121 218 13
149 218 7
209 218 10
69 219 14
62 219 10
205 219 13
180 219 6
104 219 11
192 219 10
194 220 11
149 220 10
52 220 9
165 220 15
3 221 11
8 221 15
195 221 11
167 221 10
168 221 9
110 221 9
149 222 13
102 222 8
222 247 12
110 222 11
201 222 11
178 223 10
165 223 12
142 223 7
208 223 14
2 224 13
163 224 14
40 224 9
11 224 12
197 224 12
183 225 10
105 225 13
56 225 13
216 225 13
225 243 9
58 226 12
138 226 10
226 245 14
220 226 10
158 226 15
145 226 6
84 227 10
227 236 10
227 228 12
184 227 11
173 227 11
70 228 5
103 228 13
134 228 9
228 249 10
150 229 8
143 229 11
94 229 12
121 229 9
45 229 9
111 230 10
88 230 9
77 230 8
4 230 9
145 231 13
202 231 11
93 231 7
16 231 9
195 231 8
113 231 6
159 231 7
155 231 12
110 232 12
35 232 8
213 232 13
155 232 12
207 233 9
233 244 9
25 233 9
107 233 11
0 233 9
223 233 7
129 234 11
70 234 10
234 241 11
144 234 9
105 234 9
158 234 9
25 235 12
115 235 9
32 235 8
161 235 12
193 235 11
81 235 13
1 236 11
236 248 6
236 247 11
66 236 12
237 247 9
47 237 9
186 237 11
87 237 10
206 237 7
238 245 12
20 238 10
38 238 14
167 238 10
170 239 12
74 239 9
73 239 11
161 239 12
79 239 12
66 239 12
148 240 10
45 240 13
97 240 10
240 245 9
85 240 10
145 240 8
187 240 10
40 241 8
177 241 10
141 241 9
205 242 11
72 242 14
183 242 10
6 242 10
172 243 7
31 243 13
77 243 10
126 243 12
2 243 11
67 243 13
62 243 10
124 244 14
148 244 12
177 244 9
23 244 12
186 244 12
32 245 8
66 245 6
99 245 11
40 245 10
197 245 10
155 246 10
71 246 8
73 246 7
162 246 10
191 246 13
158 247 13
43 247 10
2 247 14
75 247 11
170 248 11
92 248 9
182 248 8
97 248 9
240 248 14
130 249 11
240 249 9
120 249 7
213 249 14
165 249 16
