250
0
7
3
2
7
1
4
6
5
5
8
3
2
7
9
8
6
8
7
9
3
3
9
4
1
5
9
5
7
9
9
8
4
8
4
1
8
3
4
9
8
7
6
7
8
3
5
7
10
6
6
1
5
9
2
7
5
1
4
10
6
7
3
10
6
7
5
7
3
4
3
7
6
3
2
3
8
3
2
8
5
9
8
9
6
9
2
4
7
3
2
8
5
3
6
4
4
4
7
4
3
5
9
9
8
6
2
9
9
5
6
5
9
1
7
1
9
10
3
2
5
1
7
6
3
8
7
2
4
10
2
4
8
6
9
3
1
2
7
10
6
1
4
2
6
9
7
7
2
4
10
9
4
6
8
9
2
7
4
2
7
8
6
4
5
4
8
4
2
2
9
3
3
5
8
8
9
1
2
5
9
9
3
4
8
2
3
5
7
10
2
3
10
4
9
7
6
6
8
9
4
5
10
1
7
8
7
7
7
4
2
8
2
6
8
7
6
8
6
5
2
4
10
5
9
3
8
9
8
10
9
5
6
4
1
2
2
8
3
8
5
3
6
8
4
3
7
5
5
1
0 54 8
0 108 11
0 98 12
0 115 12
0 60 14
0 97 7
0 207 11
0 80 12
0 87 9
0 171 11
0 117 10
0 178 13
0 240 10
1 11 7
1 31 10
1 143 8
1 92 10
1 205 13
1 178 11
1 41 11
1 97 12
1 161 13
1 183 11
1 192 6
2 89 7
2 133 11
2 91 8
2 77 7
2 226 9
2 198 13
2 123 14
2 56 11
2 101 12
2 220 9
3 112 11
3 170 9
3 12 9
3 235 12
3 122 12
3 219 13
3 225 11
3 194 13
3 55 8
3 216 7
4 24 8
4 31 12
4 67 13
4 229 12
4 36 10
4 6 10
4 210 12
4 174 11
4 60 11
4 178 9
5 87 10
5 54 11
5 85 10
5 48 7
5 229 11
5 174 11
5 33 14
5 223 4
5 49 10
5 71 7
6 236 9
6 69 9
6 213 11
6 118 11
6 56 14
1 6 9
6 195 10
6 145 14
6 209 13
6 242 14
7 64 11
7 134 13
7 114 14
7 44 6
7 8 9
7 163 10
7 219 9
6 7 11
7 198 8
7 43 13
8 49 13
8 59 11
8 87 9
8 56 7
3 8 13
8 234 10
8 67 11
8 22 8
8 238 12
9 144 9
9 114 15
9 180 9
9 56 10
5 9 9
9 165 8
9 80 11
9 55 10
9 69 16
9 134 6
10 182 11
10 78 8
10 171 8
10 120 15
10 138 8
10 104 6
10 44 12
10 201 15
10 239 11
10 40 11
10 200 16
11 98 10
11 92 10
11 221 11
11 246 13
11 233 8
11 102 8
11 42 12
11 13 8
12 18 7
12 153 14
12 25 10
12 235 9
12 196 10
12 116 11
12 200 12
12 92 11
12 42 9
12 59 12
12 38 10
13 166 9
13 175 9
13 55 12
13 87 14
13 161 12
13 249 11
13 32 13
13 129 8
13 170 9
14 156 11
14 50 11
14 190 11
14 170 8
14 65 11
14 196 14
14 226 15
14 95 10
15 22 8
15 90 15
15 26 13
15 242 14
15 44 9
15 60 6
4 15 13
15 92 10
15 67 9
16 47 8
16 145 14
16 21 11
16 139 10
16 230 12
16 34 14
16 214 11
16 96 9
16 57 14
16 75 12
2 17 9
17 21 10
17 100 13
17 178 9
17 18 13
17 36 10
17 126 12
17 46 10
17 245 12
17 67 12
18 21 11
18 174 7
3 18 9
18 175 11
18 26 13
18 245 11
18 167 9
18 155 11
18 157 12
19 70 11
19 181 10
19 247 10
19 109 10
19 116 8
19 222 11
19 179 12
19 154 14
19 108 8
20 201 10
20 178 8
20 122 10
20 194 8
20 237 5
20 156 12
20 65 7
2 20 9
20 242 12
20 164 12
20 217 12
21 249 15
21 119 11
21 195 12
21 99 11
21 63 11
21 71 10
21 168 10
21 27 8
21 188 13
22 109 13
22 203 11
22 214 11
22 92 11
22 192 7
22 100 9
22 222 9
22 160 11
22 29 8
22 136 11
23 85 12
23 64 11
23 88 10
23 211 8
9 23 10
23 187 11
23 207 12
23 96 12
23 24 11
23 46 6
24 204 11
24 136 10
24 175 8
24 74 12
24 177 12
24 55 12
24 77 11
24 160 9
24 117 11
24 249 11
24 216 10
24 241 16
25 70 10
25 47 10
25 111 8
25 173 12
25 72 14
25 95 12
25 54 11
25 214 11
25 194 12
26 74 12
26 201 12
26 150 6
26 81 12
26 174 9
26 185 7
26 186 9
26 87 13
26 176 8
26 208 13
27 53 6
27 147 10
27 213 12
27 242 13
27 195 10
27 47 11
27 214 10
27 55 8
27 239 7
27 57 8
28 188 11
28 173 7
28 225 12
28 36 8
28 207 12
28 197 10
28 165 4
28 176 9
28 168 12
28 143 9
12 29 13
29 132 11
29 148 8
29 211 9
10 29 5
23 29 13
29 41 10
29 152 10
29 220 13
20 29 14
29 115 12
29 134 10
29 51 9
30 164 11
26 30 10
20 30 9
30 52 13
30 51 14
30 77 8
30 60 9
30 217 11
30 223 12
30 89 11
31 61 11
31 134 9
31 125 9
31 126 9
31 75 14
5 31 8
31 63 11
31 71 7
31 157 9
31 70 10
32 165 15
32 226 10
32 95 13
32 111 14
32 243 12
1 32 10
32 121 7
32 120 10
32 172 13
33 78 12
33 58 12
33 172 10
33 74 13
33 128 5
33 75 11
23 33 11
33 42 10
33 120 10
34 185 13
34 117 11
24 34 8
34 166 7
34 205 12
34 236 7
34 74 9
34 172 11
34 146 10
34 200 11
35 194 11
10 35 8
35 112 10
35 98 9
35 124 9
1 35 13
11 35 11
35 176 9
35 155 15
24 35 8
35 241 8
36 163 12
16 36 9
36 67 13
36 177 10
36 136 8
36 239 8
36 209 13
36 110 13
36 142 11
36 186 10
37 155 7
37 234 11
37 107 10
37 189 13
37 137 6
37 126 12
37 66 13
37 226 11
37 110 8
38 80 12
38 55 13
10 38 11
38 244 11
38 126 13
38 246 11
38 90 10
37 38 11
38 39 9
39 240 8
39 249 13
39 62 9
39 76 9
39 156 12
39 242 9
39 85 8
39 198 11
39 223 12
17 39 10
40 218 9
40 87 12
40 211 8
40 216 10
12 40 13
34 40 9
40 163 13
40 197 9
6 40 10
41 68 9
41 83 16
41 135 16
41 240 7
41 63 7
41 150 10
41 69 12
41 221 12
41 92 9
41 66 14
42 114 9
1 42 7
42 240 10
42 117 10
42 77 9
37 42 9
42 166 11
42 247 10
42 46 9
28 42 8
43 141 12
43 214 12
23 43 14
43 197 13
6 43 12
43 181 11
43 115 8
43 101 13
43 135 5
43 193 10
27 44 12
44 183 12
44 198 10
44 238 12
44 154 11
44 152 10
44 191 12
19 44 8
44 123 12
44 199 10
45 192 10
6 45 9
45 148 10
45 122 8
45 151 8
45 82 12
45 142 11
45 144 12
45 170 12
25 45 10
42 45 12
46 233 9
46 194 7
46 239 9
46 130 10
46 86 9
46 243 10
14 46 11
46 227 9
46 210 13
46 142 12
46 237 8
46 70 10
47 152 7
19 47 11
47 98 9
31 47 12
21 47 14
47 119 12
47 242 10
13 47 10
47 103 12
48 232 14
47 48 11
31 48 10
48 77 13
1 48 7
48 233 11
48 193 10
48 64 9
48 203 13
48 88 11
48 49 11
49 100 8
49 164 9
49 58 12
49 60 10
49 155 7
49 173 12
18 49 15
26 49 8
49 122 10
49 97 10
50 208 12
50 157 11
50 172 12
50 67 7
50 109 15
50 122 8
50 91 10
50 127 10
50 154 11
50 74 11
28 50 13
51 58 9
51 74 14
51 150 11
51 223 11
43 51 12
51 113 9
51 67 6
51 143 13
51 151 14
52 81 12
52 120 12
52 59 9
52 230 11
52 154 9
52 150 14
52 90 8
52 207 14
5 52 12
22 52 10
53 87 11
53 246 6
53 181 10
53 101 14
53 200 9
42 53 14
34 53 8
53 194 10
53 242 10
53 161 8
53 249 9
54 136 10
54 175 12
54 176 12
49 54 8
54 68 13
54 187 10
54 116 11
54 72 10
54 100 9
54 168 15
34 55 12
53 55 11
55 128 9
55 111 11
5 55 12
55 109 9
55 188 9
55 177 11
43 55 6
56 114 13
56 228 9
56 218 8
56 239 12
56 198 12
43 56 12
56 231 11
56 157 8
56 135 9
10 56 13
13 57 14
57 249 7
57 109 13
57 59 11
57 161 12
57 204 5
45 57 14
57 235 11
57 80 9
36 58 11
0 58 10
54 58 12
58 213 8
58 174 14
58 185 8
58 70 13
58 228 7
20 58 10
58 86 11
58 234 12
54 59 11
59 206 12
58 59 9
59 95 10
59 219 10
59 139 13
59 164 10
59 212 13
59 156 14
59 227 14
17 60 8
60 78 7
16 60 10
60 177 12
60 84 16
60 94 11
60 214 15
60 75 9
61 246 10
61 248 8
61 136 10
61 155 12
22 61 10
61 188 10
61 158 12
61 91 10
61 228 9
41 61 12
62 241 11
62 247 12
62 176 10
62 110 8
62 153 10
28 62 11
50 62 11
27 62 10
62 135 7
62 200 11
63 222 11
63 228 10
63 118 14
63 236 10
63 117 14
63 163 11
63 158 12
63 138 7
63 140 10
64 232 10
9 64 8
18 64 10
64 72 10
64 192 9
1 64 9
64 236 8
64 150 12
65 181 11
65 190 9
65 174 11
65 226 12
39 65 12
65 101 12
65 139 12
65 203 7
65 138 12
1 66 10
66 137 11
66 162 12
66 133 9
66 173 10
66 111 9
66 83 13
66 129 10
66 102 12
67 246 8
67 122 12
67 124 12
67 161 10
67 131 10
67 233 10
67 224 10
67 76 11
67 136 11
54 67 12
46 67 10
68 80 8
22 68 15
68 145 13
68 127 15
68 138 11
68 73 11
68 105 9
36 68 13
68 77 9
34 69 13
69 179 7
69 73 10
13 69 9
21 69 7
0 69 10
66 69 13
69 133 8
69 88 10
36 70 11
70 164 9
70 78 9
70 218 8
70 174 11
70 217 7
70 72 10
12 70 10
22 70 12
70 219 9
70 184 9
71 191 9
71 239 8
46 71 12
71 153 12
38 71 9
71 109 10
71 160 13
71 177 10
36 71 11
71 140 14
72 79 11
72 207 11
72 162 9
59 72 14
72 230 13
72 236 10
72 223 8
24 72 9
27 72 13
72 247 7
72 101 12
73 226 11
73 218 8
73 176 6
73 119 10
73 104 10
73 230 12
73 183 11
73 134 11
73 131 10
73 145 12
5 73 14
13 74 9
74 194 9
5 74 7
74 137 6
74 75 7
74 87 12
12 74 11
4 74 10
74 119 13
75 125 14
75 132 7
75 241 6
75 105 10
75 170 10
75 242 10
75 182 12
75 187 10
75 172 11
75 249 12
75 179 14
35 76 11
76 207 10
76 92 14
76 168 10
76 112 10
33 76 13
12 76 10
56 76 6
76 117 7
76 200 11
45 76 11
77 103 9
77 201 10
77 249 7
77 207 11
77 206 9
12 77 11
77 240 13
77 228 8
62 77 9
76 77 11
78 234 9
78 214 12
78 98 11
78 235 10
78 244 9
78 153 13
78 245 10
78 135 11
78 201 13
79 117 15
79 161 13
4 79 8
79 129 8
79 126 7
33 79 11
79 147 9
79 84 9
79 137 10
79 178 10
80 81 8
58 80 10
47 80 9
80 205 11
31 80 11
80 173 8
6 80 10
80 122 11
45 80 10
49 80 12
81 165 11
81 163 13
76 81 9
81 108 13
81 225 11
81 169 5
81 124 11
81 209 9
82 201 8
82 194 10
31 82 10
6 82 9
82 113 10
82 144 11
20 82 13
82 89 9
82 205 8
82 98 10
82 175 11
22 82 13
82 99 10
83 216 17
5 83 9
83 249 12
83 185 11
83 117 10
6 83 7
83 172 12
73 83 11
53 83 9
83 202 10
11 83 7
84 148 10
84 214 13
84 184 13
84 218 13
84 157 8
84 186 14
84 107 11
84 136 13
84 116 9
84 165 11
84 242 13
1 84 7
85 223 10
85 101 9
85 219 12
85 189 11
85 108 14
85 172 9
85 248 9
85 221 11
85 184 14
67 85 12
86 177 12
71 86 8
86 187 8
86 87 9
42 86 13
86 232 9
48 86 9
86 98 9
86 91 10
82 87 12
87 109 10
87 189 11
87 165 9
69 87 9
87 199 14
87 159 10
80 87 10
85 87 12
87 178 10
88 248 10
88 122 10
88 142 9
88 232 6
88 110 9
88 109 11
13 88 13
88 173 11
88 91 12
88 145 11
88 134 15
89 130 8
89 209 10
79 89 13
89 241 14
89 101 10
89 244 8
89 93 12
89 141 11
89 145 12
89 119 12
90 197 10
84 90 7
2 90 11
90 153 9
90 190 12
90 138 11
90 95 11
90 229 9
90 178 12
15 91 9
14 91 9
91 223 14
91 199 8
82 91 7
87 91 11
91 210 6
4 91 12
91 226 12
83 91 8
91 219 9
71 92 9
58 92 10
92 159 11
64 92 12
92 141 7
48 92 9
20 92 9
16 92 9
35 92 13
93 168 11
93 249 9
9 93 10
93 203 13
93 237 12
93 176 12
82 93 12
35 93 14
93 166 13
39 93 9
49 94 12
94 155 13
94 207 9
94 146 10
36 94 6
58 94 9
86 94 7
94 126 7
94 153 11
2 94 9
95 117 10
74 95 12
95 112 8
82 95 10
95 168 9
40 95 6
95 174 12
95 237 9
95 242 12
60 95 12
96 247 12
96 195 8
96 136 10
94 96 13
96 152 9
96 180 10
45 96 11
96 120 8
72 96 12
96 187 12
89 96 10
8 97 10
85 97 11
97 236 11
59 97 9
97 173 12
97 193 10
97 111 13
97 115 10
97 230 9
54 97 12
97 99 12
98 127 9
51 98 12
98 223 13
98 200 9
37 98 12
44 98 10
36 98 7
28 98 9
98 118 11
98 119 12
99 241 11
99 205 10
99 125 10
99 187 9
81 99 8
12 99 13
99 105 11
99 112 10
99 185 11
99 220 11
100 159 11
100 172 10
100 182 11
100 103 13
100 101 11
100 239 8
39 100 11
100 222 11
100 209 12
101 224 8
101 200 13
101 188 12
101 103 10
101 130 8
101 237 11
73 101 8
101 221 12
101 141 10
101 137 13
101 249 9
102 171 9
0 102 12
70 102 11
102 125 11
2 102 10
102 184 5
16 102 14
102 219 9
79 102 7
102 200 10
44 102 8
81 103 8
14 103 11
103 214 9
103 110 13
52 103 13
2 103 8
103 159 16
103 187 11
103 129 11
36 103 13
104 124 11
104 237 14
104 193 13
104 183 11
104 138 8
104 150 10
104 167 10
0 104 9
44 104 10
105 235 10
32 105 8
105 184 12
59 105 12
105 188 13
105 174 12
105 186 13
105 163 9
6 105 12
105 242 8
106 129 9
67 106 10
0 106 11
99 106 7
106 176 13
106 118 12
62 106 9
106 117 12
44 106 11
106 229 9
41 107 9
107 217 7
107 186 13
107 162 12
107 127 10
107 220 13
107 195 7
87 107 11
14 107 11
23 107 10
49 108 11
86 108 12
69 108 14
12 108 6
108 210 12
108 141 10
88 108 11
108 212 11
108 187 13
109 235 12
0 109 10
109 147 14
8 109 10
109 162 10
109 198 6
109 239 13
109 190 10
54 109 3
110 234 11
65 110 10
110 172 9
110 191 11
110 205 12
110 212 11
57 110 11
110 215 7
91 110 12
110 134 7
110 132 11
53 111 10
111 196 12
1 111 10
111 136 11
111 171 10
111 207 8
111 140 11
111 142 11
111 162 10
111 134 10
112 145 9
34 112 12
112 170 12
112 132 8
15 112 14
63 112 13
96 112 13
112 242 9
112 163 12
112 234 10
105 113 8
27 113 11
113 203 11
113 199 10
113 201 8
33 113 12
48 113 10
113 163 12
104 113 14
60 113 9
113 118 8
113 114 11
114 229 10
50 114 12
114 237 11
114 205 12
114 196 11
114 147 11
114 154 9
114 227 8
115 179 12
115 134 10
115 221 10
115 171 10
115 219 9
19 115 11
94 115 9
91 115 7
115 226 13
116 153 11
116 127 12
116 146 11
116 196 9
116 215 13
116 171 12
116 143 7
116 138 8
94 116 9
116 249 11
116 235 9
117 248 12
117 196 13
117 208 11
56 117 7
61 117 12
46 117 15
71 117 12
74 117 11
29 117 8
117 163 10
25 118 11
118 185 9
118 215 9
79 118 13
118 237 11
65 118 11
118 136 9
118 146 11
118 164 12
40 118 11
45 118 8
111 118 10
14 119 12
111 119 9
119 221 9
62 119 9
119 190 10
119 128 9
119 149 13
39 119 15
31 119 8
119 159 6
112 119 10
120 233 11
103 120 13
63 120 12
120 226 13
120 170 9
5 120 7
7 120 9
69 120 11
91 120 10
120 246 10
120 227 9
121 197 7
76 121 11
67 121 9
18 121 11
121 190 8
121 246 11
121 179 13
41 121 12
116 121 9
28 122 11
122 196 8
122 150 9
122 178 13
47 122 13
122 162 7
24 122 8
18 122 9
90 122 8
123 162 12
96 123 8
123 219 8
123 210 8
123 196 9
76 123 15
122 123 11
123 136 10
123 137 11
123 246 13
124 218 12
103 124 10
124 176 14
74 124 10
102 124 9
106 124 9
44 124 15
118 124 10
124 186 12
2 124 11
124 201 12
64 125 12
111 125 9
125 145 10
125 188 9
25 125 11
125 167 10
125 189 12
125 130 11
125 244 11
125 156 9
126 227 9
125 126 14
10 126 10
126 236 9
1 126 11
120 126 10
77 126 8
46 126 10
85 126 8
127 230 10
127 216 7
69 127 12
60 127 11
40 127 12
127 212 12
35 127 9
127 211 10
118 127 11
127 135 12
128 137 13
29 128 10
111 128 9
90 128 9
86 128 10
96 128 8
128 216 10
9 128 14
128 181 15
129 192 8
129 173 12
97 129 10
16 129 12
55 129 9
27 129 10
94 129 11
54 129 12
84 129 8
35 129 7
58 129 13
129 235 14
130 173 9
28 130 9
44 130 12
116 130 10
9 130 10
25 130 14
130 196 10
19 130 11
21 130 8
91 130 12
100 131 12
10 131 9
131 198 8
131 191 12
23 131 11
15 131 14
102 131 12
61 131 9
39 131 12
91 131 11
131 181 11
132 191 8
132 222 13
119 132 13
81 132 9
132 230 12
101 132 5
4 132 4
132 188 10
132 168 11
73 132 10
91 132 13
61 133 13
118 133 12
43 133 11
133 227 8
133 183 14
39 133 10
45 133 11
133 176 8
75 133 9
65 134 16
134 183 8
97 134 9
134 239 11
134 205 12
134 194 10
102 134 11
134 198 14
39 134 11
113 134 10
134 176 9
135 218 9
135 197 12
74 135 14
49 135 11
135 241 8
65 135 12
18 135 7
135 150 12
136 166 12
88 136 13
7 136 11
58 136 14
136 221 10
136 175 14
136 193 10
114 136 10
5 136 9
136 155 8
137 169 10
73 137 6
122 137 9
137 219 10
88 137 10
137 215 13
137 216 9
118 137 11
137 247 6
137 201 9
85 137 12
137 223 11
85 138 11
69 138 10
27 138 11
138 151 12
123 138 11
138 181 10
114 138 9
62 138 11
101 139 11
139 224 12
107 139 11
118 139 14
66 139 12
103 139 7
139 212 12
139 216 10
43 139 11
139 213 13
140 247 8
140 188 11
118 140 8
140 225 9
100 140 12
140 186 13
140 209 10
6 140 11
140 189 12
141 174 10
141 221 12
121 141 14
62 141 12
141 144 10
30 141 11
99 141 13
84 141 9
71 141 14
137 142 9
125 142 10
71 142 9
139 142 7
142 179 9
142 219 11
142 214 10
68 142 8
78 142 12
142 233 11
142 246 8
13 143 10
7 143 12
143 174 13
43 143 10
38 143 16
143 162 10
143 205 11
130 143 13
88 143 10
143 244 11
121 144 10
144 172 10
144 226 9
76 144 10
144 155 10
42 144 9
12 144 14
144 204 10
144 222 10
144 183 11
39 145 11
27 145 9
95 145 12
99 145 15
57 145 10
128 145 9
115 145 10
145 173 14
56 145 8
50 145 10
14 145 12
146 236 12
50 146 7
7 146 10
146 215 9
76 146 9
146 224 12
146 165 9
146 195 12
95 146 10
28 146 14
101 147 7
82 147 8
123 147 12
106 147 11
147 206 15
19 147 9
48 147 10
40 147 10
148 182 10
148 217 10
111 148 9
148 213 12
50 148 10
148 175 12
137 148 14
82 148 11
25 148 7
91 148 9
61 149 12
149 165 12
149 167 12
149 219 11
149 181 9
149 236 11
122 149 11
149 189 11
149 207 10
149 150 7
48 150 11
150 185 9
82 150 13
146 150 11
44 150 12
132 150 14
134 150 11
150 247 9
151 218 13
151 248 11
34 151 9
151 164 13
47 151 12
41 151 10
151 154 9
22 151 8
122 151 8
151 169 9
61 151 12
152 166 12
46 152 10
152 244 12
127 152 11
31 152 10
74 152 11
117 152 9
152 230 9
51 152 10
22 152 12
50 153 8
153 226 9
64 153 11
44 153 10
153 178 12
25 153 11
153 155 11
153 235 13
146 153 9
7 153 7
134 153 9
39 153 10
15 154 7
154 236 13
149 154 9
154 166 11
56 154 10
12 154 11
154 192 10
153 154 13
48 154 11
154 172 9
110 155 9
155 183 6
106 155 11
65 155 8
47 155 11
55 155 8
71 155 12
1 155 7
87 155 15
40 155 9
73 155 10
69 156 10
156 238 6
85 156 8
81 156 13
156 241 11
156 197 12
156 242 11
34 156 9
16 156 11
156 249 10
28 156 11
2 157 9
157 186 10
148 157 10
107 157 12
19 157 12
7 157 10
157 229 10
86 157 9
104 157 7
42 157 5
98 157 12
23 158 11
136 158 9
158 213 8
158 207 12
158 168 10
158 162 10
21 158 13
3 158 11
158 190 15
112 158 10
33 159 11
96 159 9
159 174 9
159 220 10
159 181 12
144 159 13
113 159 8
30 159 8
126 159 12
159 201 10
55 160 11
160 202 8
77 160 14
160 238 10
128 160 11
152 160 7
67 160 11
160 198 10
101 160 9
160 233 8
135 161 10
161 249 9
161 217 11
0 161 7
161 203 12
113 161 8
118 161 12
29 161 12
86 161 10
35 161 8
161 189 6
159 162 11
76 162 8
129 162 14
162 181 12
162 237 11
20 162 11
125 162 11
162 184 10
27 162 13
17 162 11
22 163 9
163 240 6
163 167 12
163 217 9
52 163 11
163 216 6
158 163 13
8 163 10
84 163 8
144 164 12
98 164 10
137 164 14
164 203 10
52 164 11
139 164 11
83 164 10
24 164 12
91 164 12
86 164 9
164 196 8
151 165 8
80 165 15
16 165 12
91 165 10
69 165 11
82 165 9
58 165 13
21 165 9
45 165 9
43 165 11
12 166 8
37 166 9
127 166 9
166 204 10
25 166 10
146 166 11
155 166 9
122 166 9
166 205 8
63 167 12
61 167 11
73 167 15
28 167 10
10 167 10
35 167 13
167 218 11
86 167 9
68 167 11
168 196 14
44 168 11
118 168 8
102 168 7
7 168 12
75 168 9
168 189 11
110 168 11
78 168 12
74 169 10
128 169 6
90 169 11
1 169 12
119 169 11
66 169 11
169 248 11
58 169 13
170 189 10
170 237 12
119 170 14
77 170 9
170 233 12
38 170 13
139 170 9
155 170 13
165 170 11
133 171 12
171 228 10
169 171 10
171 179 11
171 227 8
144 171 8
90 171 12
171 238 8
88 171 10
171 231 9
114 171 11
116 172 11
48 172 12
0 172 9
101 172 9
172 237 10
156 172 11
87 172 9
70 172 7
148 172 8
173 183 16
144 173 11
173 209 9
76 173 8
173 206 12
173 179 13
57 173 12
70 173 12
173 242 8
92 173 11
64 174 11
28 174 5
131 174 7
174 181 8
169 174 10
174 246 15
174 249 12
160 175 11
138 175 12
62 175 12
169 175 11
12 175 9
156 175 11
7 175 13
69 175 9
67 175 8
153 175 8
107 176 12
4 176 8
42 176 12
113 176 12
88 176 11
43 176 12
57 176 11
59 176 11
127 176 8
143 176 11
162 177 12
177 233 13
53 177 13
93 177 9
177 228 10
177 181 10
119 177 10
67 177 9
142 177 9
70 177 12
168 177 12
111 177 9
6 178 8
134 178 9
125 178 12
149 178 11
178 188 8
178 235 11
128 178 11
148 178 17
67 179 11
90 179 9
54 179 10
104 179 11
179 241 14
112 179 12
170 179 10
52 179 9
146 179 11
125 180 8
66 180 7
117 180 14
180 197 10
6 180 9
130 180 10
169 180 12
67 180 9
180 235 10
11 180 12
70 181 7
181 243 10
26 181 11
181 184 7
132 181 9
48 181 14
181 230 8
125 181 10
7 181 9
182 184 11
78 182 12
92 182 11
8 182 10
124 182 12
162 182 13
165 182 9
154 182 15
18 182 9
42 183 15
113 183 10
179 183 10
9 183 11
18 183 11
129 183 10
170 183 8
99 183 11
6 183 12
66 183 14
78 184 10
72 184 8
151 184 15
176 184 9
10 184 14
1 184 8
17 184 8
33 184 10
41 184 11
124 184 12
185 208 8
6 185 10
139 185 7
126 185 11
185 216 9
185 193 10
19 185 11
149 185 8
185 200 6
96 185 6
107 185 10
134 186 7
170 186 6
102 186 7
82 186 10
2 186 9
173 186 8
160 186 10
186 199 11
186 200 12
133 186 11
48 187 11
137 187 10
155 187 10
18 187 12
77 187 15
125 187 12
183 187 10
187 201 11
92 187 10
187 214 15
162 188 11
33 188 8
188 227 13
183 188 13
9 188 11
91 188 12
0 188 12
98 188 12
42 188 8
172 188 9
131 189 14
120 189 11
56 189 12
10 189 12
189 218 10
28 189 10
36 189 8
12 189 12
104 189 10
189 207 11
190 227 10
66 190 9
188 190 10
190 234 11
48 190 8
116 190 13
190 229 11
0 190 17
67 190 11
141 190 10
134 190 11
51 190 11
31 190 13
159 191 10
45 191 11
181 191 10
191 192 10
154 191 11
119 191 9
7 191 11
94 191 7
191 238 9
63 191 11
28 192 8
133 192 13
119 192 12
188 192 11
158 192 13
155 192 10
109 192 10
192 221 11
73 192 11
111 192 10
74 193 12
71 193 13
26 193 11
193 227 9
193 215 11
193 224 11
80 193 12
21 193 7
68 193 7
194 249 6
179 194 12
101 194 9
49 194 9
194 201 9
194 236 8
73 194 7
56 194 11
138 194 15
193 194 12
116 194 10
45 195 13
97 195 13
138 195 14
195 247 9
135 195 13
195 217 11
103 195 11
163 195 14
195 232 12
195 231 10
71 195 11
32 196 10
0 196 13
196 223 8
102 196 9
46 196 9
196 243 10
149 196 6
196 238 12
196 234 14
196 217 7
25 196 11
134 196 13
122 197 11
129 197 9
153 197 8
35 197 13
139 197 10
72 197 10
83 197 13
197 208 11
27 197 8
197 237 9
198 239 10
198 227 15
92 198 14
28 198 14
172 198 12
198 199 13
173 198 8
198 248 9
143 198 10
69 198 14
199 215 10
43 199 13
193 199 12
60 199 12
20 199 10
178 199 13
199 221 8
146 199 10
88 199 11
59 200 8
52 200 8
58 200 9
200 230 11
200 245 10
200 212 11
44 200 13
35 200 12
16 200 9
32 201 11
9 201 10
189 201 10
142 201 13
201 225 7
201 244 10
6 201 14
161 201 10
201 224 10
202 247 7
151 202 7
202 208 10
202 248 8
114 202 8
202 236 11
202 203 11
202 241 12
91 202 15
203 210 9
203 231 10
203 243 13
0 203 13
147 203 11
70 203 9
66 203 9
37 203 8
187 203 11
88 203 9
139 203 10
37 204 7
112 204 10
192 204 13
106 204 10
33 204 9
200 204 10
114 204 8
204 241 9
18 204 10
173 204 13
188 204 11
41 204 11
112 205 12
36 205 11
188 205 10
173 205 10
12 205 9
205 230 11
2 205 13
96 205 12
124 205 14
116 206 11
202 206 8
206 210 11
184 206 10
169 206 9
88 206 8
186 206 9
135 206 11
194 206 9
174 206 11
18 207 10
207 237 11
207 217 11
92 207 14
134 207 9
49 207 12
169 207 9
20 207 11
164 207 11
109 207 11
192 207 11
55 208 8
208 228 9
66 208 10
208 220 10
208 214 9
154 208 9
113 208 10
105 208 10
208 218 9
40 209 10
56 209 9
196 209 11
183 209 10
167 209 12
83 209 11
125 209 12
174 209 12
141 209 14
152 209 6
123 209 9
179 210 12
120 210 9
127 210 10
97 210 13
105 210 11
107 210 11
210 217 11
134 210 13
210 235 11
93 210 8
171 210 10
206 211 10
95 211 9
30 211 11
139 211 13
90 211 11
153 211 10
3 211 14
172 211 10
19 211 9
145 211 8
72 211 11
185 212 12
187 212 10
15 212 13
130 212 14
165 212 11
33 212 14
46 212 13
17 212 11
149 212 10
107 213 10
213 243 13
131 213 10
213 244 12
56 213 11
103 213 11
193 213 11
89 213 9
16 213 8
160 213 10
162 213 15
200 214 9
104 214 11
169 214 7
196 214 13
192 214 11
189 214 12
99 214 13
94 214 12
205 214 13
139 214 9
123 214 11
215 241 7
89 215 15
203 215 11
85 215 12
40 215 12
66 215 11
65 215 9
105 215 10
194 215 13
215 230 9
181 215 11
216 220 12
9 216 12
216 231 13
216 234 9
43 216 10
71 216 13
147 216 8
216 239 7
132 217 12
84 217 9
6 217 8
108 217 10
167 217 11
79 217 8
73 217 9
213 217 7
144 217 8
12 217 12
117 218 11
218 238 12
81 218 8
100 218 12
50 218 8
211 218 7
69 218 9
143 218 12
32 218 12
218 235 10
57 219 11
219 220 11
179 219 12
186 219 10
198 219 11
87 219 15
126 219 11
16 219 13
183 219 10
220 232 13
56 220 10
96 220 10
104 220 10
149 220 10
164 220 9
198 220 10
43 220 10
35 220 12
39 221 12
14 221 12
98 221 12
0 221 6
113 221 10
111 221 12
221 230 10
221 248 14
157 221 11
102 222 10
130 222 12
1 222 12
222 247 9
218 222 12
77 222 8
182 222 11
40 222 14
43 222 8
21 222 4
122 222 8
6 223 10
178 223 12
86 223 10
183 223 10
219 223 9
152 223 9
213 223 9
119 223 10
111 223 12
180 224 7
224 238 13
30 224 10
207 224 8
177 224 9
20 224 9
175 224 9
218 224 10
66 224 9
162 225 5
123 225 9
160 225 9
204 225 13
115 225 10
103 225 11
106 225 8
225 232 8
225 226 11
125 225 12
47 226 11
112 226 9
167 226 12
185 226 12
226 238 10
226 236 12
187 226 13
209 226 10
150 226 12
151 226 10
133 226 12
99 226 11
105 227 11
103 227 8
19 227 10
227 242 6
227 240 10
76 227 12
186 227 7
28 227 8
3 227 8
91 228 7
67 228 9
33 228 10
27 228 13
126 228 7
120 228 10
142 228 7
228 244 11
218 229 9
78 229 8
113 229 13
205 229 11
146 229 12
37 229 13
210 229 8
144 229 13
220 229 12
183 230 10
197 230 13
160 230 13
193 230 11
58 230 12
137 230 11
218 230 14
230 239 10
134 230 10
63 230 10
9 231 9
140 231 6
61 231 9
100 231 12
48 231 7
135 231 12
87 231 9
104 231 11
29 231 10
69 232 12
198 232 10
68 232 12
6 232 9
9 232 11
138 232 9
91 232 10
66 232 14
196 232 11
233 239 9
180 233 14
74 233 10
166 233 9
101 233 11
76 233 11
163 233 8
143 233 14
95 234 12
208 234 13
230 234 8
234 246 11
6 234 7
234 237 11
213 234 8
203 234 11
9 234 15
219 235 12
162 235 9
65 235 8
81 235 13
185 235 11
9 235 10
21 235 13
181 235 9
110 235 11
205 235 12
109 236 9
2 236 11
192 236 9
81 236 12
49 236 10
138 236 12
134 236 10
113 236 12
218 236 14
84 236 12
171 236 12
165 237 9
33 237 10
205 237 12
237 249 14
169 237 9
237 238 12
77 237 10
13 237 9
209 237 9
122 237 15
70 238 15
172 238 11
0 238 8
155 238 9
149 238 11
34 238 8
109 238 17
102 238 9
71 238 14
166 238 11
83 238 8
64 238 7
115 239 11
37 239 12
125 239 11
239 243 7
22 239 14
38 239 12
140 239 11
239 241 10
155 239 10
161 239 11
105 240 13
37 240 11
181 240 6
97 240 12
5 240 13
237 240 11
73 240 11
98 240 10
196 240 13
43 240 12
101 240 9
241 242 13
195 241 13
27 241 11
46 241 13
97 241 15
144 241 11
147 241 7
191 241 10
115 241 7
206 241 10
32 242 13
195 242 8
226 242 12
199 242 12
215 242 9
242 249 12
225 242 11
221 242 8
175 242 12
240 242 14
114 242 11
82 242 12
175 243 9
8 243 11
207 243 11
183 243 11
3 243 10
89 243 10
132 243 8
161 243 12
131 243 13
7 243 11
46 244 10
58 244 11
56 244 11
122 244 10
142 244 15
128 244 8
155 244 11
209 244 11
208 244 10
115 244 8
129 245 5
151 245 14
39 245 10
135 245 13
166 245 6
188 245 9
56 245 7
108 245 10
126 245 10
119 245 11
45 246 10
194 246 12
14 246 8
94 246 11
82 246 10
173 246 9
214 246 13
169 246 14
157 246 9
76 246 7
101 247 13
171 247 11
177 247 9
148 247 13
184 247 11
79 247 11
102 247 9
131 247 12
89 247 14
237 247 11
92 247 10
77 247 7
2 248 10
241 248 9
197 248 11
216 248 13
87 248 11
6 248 12
16 248 9
220 248 11
213 248 12
238 248 10
92 248 9
159 249 11
50 249 11
229 249 11
95 249 10
94 249 10
32 249 10
20 249 10
176 249 8
