250
0
2
4
2
6
5
5
3
5
2
7
1
3
3
7
10
6
8
3
4
5
7
2
6
9
3
5
8
4
8
2
1
3
7
4
2
3
4
10
7
2
3
9
4
5
5
7
7
2
5
2
7
2
5
2
4
2
10
2
2
4
7
3
4
8
5
2
5
4
6
7
10
3
7
7
2
7
3
2
9
4
7
8
2
5
8
8
5
10
5
3
7
5
3
6
8
8
7
7
10
1
9
3
3
9
4
8
6
8
2
10
2
2
5
9
3
1
8
9
10
6
2
4
4
7
5
8
6
7
3
5
10
9
4
4
8
4
9
6
3
4
3
4
7
9
3
3
5
2
10
3
4
9
6
2
7
9
6
6
2
6
3
10
2
7
6
7
3
2
8
3
4
5
7
9
7
2
5
5
9
1
4
4
9
5
7
3
1
3
8
10
6
5
4
6
6
3
4
7
1
5
3
9
8
3
5
2
4
3
8
8
4
3
7
5
4
8
6
5
6
5
3
3
8
2
3
8
5
3
4
8
2
7
9
9
10
5
10
10
3
5
3
3
4
5
9
3
10
9
7
0 138 12
0 99 12
0 86 11
0 180 14
0 145 10
1 134 8
1 234 10
2 60 9
2 247 6
2 20 9
3 228 10
3 179 7
3 55 11
4 92 11
4 120 13
4 247 9
4 83 8
4 101 15
5 167 11
5 85 10
5 235 6
6 242 12
6 230 11
6 21 10
7 194 6
7 195 8
7 95 8
7 137 9
7 206 11
8 202 15
8 90 11
9 83 11
9 178 10
9 85 10
10 176 10
11 243 8
11 240 11
11 206 9
12 24 10
12 37 10
13 181 11
9 13 12
14 68 14
14 182 11
1 14 11
14 212 17
5 14 10
15 240 12
15 75 9
16 99 7
16 130 10
16 101 9
17 46 14
10 17 8
17 178 12
17 61 13
17 23 11
18 195 11
18 123 8
6 18 10
19 67 16
19 144 9
19 149 9
20 43 14
20 23 11
21 84 10
21 163 9
21 73 9
22 207 12
22 113 10
22 187 10
22 165 13
20 22 10
23 197 10
23 52 7
24 60 12
24 135 8
24 241 14
25 56 13
25 138 8
25 85 8
25 142 11
26 111 12
26 35 9
26 211 13
27 71 11
1 27 10
28 88 8
28 75 11
28 106 11
28 227 9
29 151 11
29 146 9
30 155 10
30 175 15
30 126 13
30 244 9
31 230 16
31 49 13
31 34 13
3 32 9
32 130 11
32 197 13
33 117 13
33 179 9
33 188 8
33 210 9
34 180 10
12 34 9
34 149 13
18 35 12
35 220 11
35 101 9
36 95 12
36 123 16
36 218 10
37 132 12
37 206 9
37 75 8
37 164 8
38 104 13
38 78 13
39 74 11
39 193 9
4 39 12
40 207 8
40 193 7
40 196 12
41 85 8
24 41 11
19 41 11
41 98 13
41 57 6
42 128 13
42 151 9
42 59 8
19 43 11
25 43 12
43 101 7
44 100 8
44 116 11
44 101 12
45 161 11
45 179 11
46 80 11
46 57 8
47 147 13
30 47 12
47 181 12
48 71 13
48 145 11
2 48 14
49 83 12
44 49 8
49 58 10
50 59 13
50 117 16
50 159 11
51 172 11
52 108 11
52 188 8
52 89 8
16 52 10
52 141 8
53 86 11
53 220 10
3 53 12
54 242 6
54 78 9
54 152 10
33 54 10
4 55 12
55 181 12
55 103 8
56 151 9
42 56 10
56 179 8
56 88 9
51 57 11
57 60 10
57 221 9
58 139 13
58 234 12
58 197 9
59 214 12
59 216 9
20 59 9
60 79 14
60 75 11
61 213 11
15 62 9
4 62 15
62 106 8
62 244 12
63 148 8
63 86 12
64 80 8
4 64 10
23 65 11
65 131 10
15 66 8
66 146 12
65 66 9
67 219 9
67 140 10
68 176 12
68 198 12
69 85 12
69 227 13
69 101 10
39 70 8
70 80 10
70 94 13
69 70 6
66 71 12
71 212 8
58 71 8
72 87 9
72 228 11
72 73 8
73 86 9
42 74 9
74 211 11
74 94 12
14 75 10
75 193 10
75 201 11
76 123 9
76 144 10
76 202 9
64 77 14
77 96 14
69 77 12
77 220 11
78 236 10
78 240 6
79 229 12
79 218 10
79 222 7
79 217 11
80 191 10
80 130 15
80 243 11
80 184 13
81 154 7
81 249 8
81 151 11
81 146 11
4 82 9
24 82 12
49 82 11
82 92 11
82 166 8
83 115 9
10 83 11
84 203 11
21 85 11
84 85 11
85 131 10
85 205 10
86 92 13
49 86 12
86 153 8
87 103 8
87 97 10
87 230 9
87 211 12
63 87 13
39 88 13
61 88 9
88 110 10
88 132 11
89 125 11
89 220 11
81 90 12
75 90 13
90 246 11
17 90 10
76 91 10
91 240 12
92 208 11
92 172 11
4 93 14
93 204 5
14 94 10
94 113 9
94 98 9
32 95 9
95 180 12
96 199 12
30 96 12
51 96 12
96 112 12
97 140 8
47 97 9
97 111 12
23 98 10
98 236 11
18 98 9
76 99 12
99 242 10
100 247 11
1 100 11
100 158 12
101 245 9
101 242 9
102 163 11
102 195 11
102 143 9
95 102 9
103 242 11
72 103 11
33 103 10
103 165 11
104 168 12
104 157 12
105 110 7
105 179 11
35 105 7
10 106 12
107 175 9
93 107 12
83 107 15
108 169 11
86 108 10
95 109 12
109 140 12
45 109 12
0 110 10
110 227 12
110 125 10
111 229 6
111 117 14
111 141 9
27 111 11
111 220 11
0 112 10
112 221 10
112 230 11
113 192 10
50 113 9
113 193 9
114 242 13
114 216 11
12 114 10
115 241 13
115 190 8
87 115 10
116 178 10
114 117 12
4 117 10
96 118 7
118 121 8
119 232 8
12 119 7
119 154 12
38 120 11
30 120 10
1 120 14
120 188 12
86 121 10
121 182 12
122 155 15
122 153 14
123 187 13
53 124 13
5 124 15
33 124 10
92 124 11
125 198 10
125 151 12
126 140 11
126 143 10
51 126 11
77 126 14
96 127 12
84 127 9
127 229 13
128 223 11
128 156 17
117 128 9
129 185 11
129 192 13
116 130 12
0 131 8
131 199 6
132 152 9
132 196 10
132 243 12
4 133 8
133 174 12
133 179 12
11 134 13
81 134 11
92 134 14
135 186 12
136 185 13
136 179 11
68 137 12
137 237 10
87 137 14
70 138 10
138 152 6
139 197 13
139 206 9
127 139 10
60 140 7
38 140 12
102 140 10
141 216 11
36 141 8
141 217 8
142 225 7
24 142 11
142 183 11
142 245 11
143 158 12
21 143 13
143 208 9
91 144 9
144 208 10
144 210 12
28 145 12
106 145 11
129 145 14
7 145 11
63 146 7
146 206 14
110 146 12
147 248 12
25 147 10
133 148 9
148 172 10
80 149 12
22 149 11
24 149 11
37 150 12
12 150 14
32 151 14
99 151 10
128 151 10
152 195 11
16 152 11
25 152 10
69 153 11
153 178 11
153 158 10
153 237 7
33 154 11
154 211 12
155 171 12
155 201 10
34 156 11
107 156 11
10 157 11
35 157 13
108 158 13
139 158 10
80 158 13
159 211 10
159 245 10
159 237 15
117 159 12
74 160 10
160 199 9
123 160 11
36 160 12
161 240 11
62 161 9
17 161 9
28 162 11
162 173 9
163 192 12
147 163 10
163 249 9
163 171 12
164 165 12
164 244 11
113 165 8
75 165 10
50 165 12
39 165 12
165 242 9
68 166 11
166 183 12
77 167 11
147 167 12
22 167 9
22 168 9
21 168 8
79 168 11
79 169 11
70 169 13
57 169 8
25 170 9
6 170 8
43 170 11
171 239 12
147 171 9
56 172 7
79 172 11
172 225 13
42 172 10
123 173 13
58 173 9
173 185 13
124 174 12
101 175 8
157 175 8
176 203 9
14 176 14
8 176 11
175 177 11
160 177 12
131 178 10
133 178 9
38 178 12
61 179 11
179 219 8
12 179 13
180 195 12
180 230 8
180 194 12
158 181 10
61 181 9
74 181 13
170 181 8
35 182 11
100 182 8
85 182 11
134 182 10
183 201 13
183 191 10
109 184 7
181 184 8
152 184 7
85 185 11
172 185 10
185 235 12
162 185 7
40 186 10
67 186 8
186 218 11
32 187 8
83 187 8
158 187 12
58 188 7
5 188 10
21 188 12
113 188 9
67 189 6
106 189 10
170 190 10
190 242 8
86 190 12
2 191 8
32 191 8
6 191 8
126 192 12
149 192 9
192 195 9
96 192 10
72 193 10
193 215 13
193 246 11
194 222 10
194 196 5
194 225 10
30 194 11
10 195 13
131 195 12
81 195 7
123 195 11
195 225 8
196 236 12
120 196 9
192 197 11
1 197 11
136 197 10
198 239 7
198 210 12
141 199 8
57 199 11
29 199 13
22 199 8
170 200 8
57 200 11
201 238 10
105 201 10
201 210 11
56 202 10
28 202 8
47 202 16
167 203 10
76 203 10
79 203 10
63 204 12
45 204 12
108 204 15
205 234 13
171 205 5
88 205 8
50 206 12
29 206 12
206 249 11
113 207 12
86 207 10
59 208 14
202 208 8
208 227 10
158 209 12
209 214 12
209 228 11
179 210 12
106 210 7
69 210 10
210 240 12
156 211 11
50 211 11
101 211 9
211 235 9
106 212 11
213 241 10
170 213 12
44 213 11
184 213 17
140 214 10
214 220 8
176 214 12
215 247 10
175 215 10
75 215 12
215 228 10
26 216 10
75 216 13
76 216 8
101 216 13
217 240 4
29 217 13
218 243 11
194 219 11
25 219 9
149 219 10
166 220 12
91 220 7
85 220 7
41 221 10
103 222 8
84 222 11
35 223 8
107 223 9
211 223 10
200 224 9
153 224 13
54 224 10
42 225 13
111 225 9
226 230 10
139 226 12
165 226 13
121 227 9
10 227 11
24 227 10
31 228 8
165 228 9
102 228 11
59 228 13
178 229 15
102 229 11
14 230 14
49 230 7
79 231 9
154 232 11
172 232 10
12 232 10
152 233 13
54 233 8
41 233 14
109 234 11
152 234 6
19 235 12
153 235 11
210 235 13
205 235 11
67 236 14
236 241 12
134 237 13
140 237 11
153 238 10
177 239 9
34 239 11
46 240 9
117 240 10
111 241 13
224 241 10
134 241 8
84 241 12
130 242 12
146 242 9
45 242 10
236 242 11
93 243 8
47 243 7
2 244 9
195 245 10
179 245 12
239 245 13
20 246 10
158 246 13
116 246 11
93 247 11
15 248 12
1 248 12
32 249 8
191 249 11
120 249 13
139 249 11
