250
0
9
5
7
2
9
5
4
4
6
4
3
5
7
7
8
6
6
6
6
9
7
6
9
6
7
3
3
3
4
4
9
6
3
7
3
6
2
9
4
9
7
9
2
4
3
5
4
6
4
3
5
10
7
5
10
2
10
9
9
3
2
8
3
9
6
5
7
2
9
3
6
3
6
6
7
8
6
9
3
2
4
7
2
5
6
8
2
9
8
5
7
7
8
4
5
3
7
7
7
8
4
2
1
6
9
2
2
10
8
3
4
6
3
5
5
8
1
2
2
2
2
3
7
1
5
2
9
5
7
4
6
5
1
9
5
9
6
10
6
7
10
5
8
6
7
4
3
6
3
8
9
4
7
10
7
3
8
1
2
2
2
9
6
8
2
3
4
8
3
3
8
6
10
4
3
6
4
2
3
9
10
4
6
2
5
2
9
8
3
9
1
10
9
2
6
10
8
4
3
4
7
9
8
6
5
6
4
2
10
2
2
7
3
9
2
6
8
8
4
9
5
4
7
2
1
5
2
6
5
4
8
3
7
1
3
9
10
8
7
3
7
1
3
1
2
6
3
9
3
0 50 10
0 113 12
0 217 8
0 71 11
1 148 10
1 241 7
1 95 9
1 15 10
1 63 12
1 23 8
1 130 12
2 242 10
2 18 10
2 80 12
2 58 10
3 193 10
3 206 10
3 100 11
3 13 7
3 42 9
3 228 11
4 159 10
4 20 12
4 231 13
4 216 9
5 190 11
5 106 10
5 85 8
5 78 12
3 6 15
6 98 10
6 61 12
6 101 9
7 127 15
7 105 11
7 190 9
7 177 9
7 23 11
8 17 10
8 20 11
8 219 9
8 92 10
8 186 9
9 163 10
9 45 11
9 19 9
9 188 10
9 25 10
9 93 8
10 249 10
10 213 8
10 147 13
10 222 11
11 176 11
11 224 7
11 75 13
11 173 7
11 76 8
12 137 6
12 195 9
12 13 13
6 13 10
13 110 12
13 44 6
13 108 9
13 233 11
13 204 12
13 98 9
13 151 11
14 172 6
14 60 10
14 92 9
14 138 10
14 249 9
14 15 9
15 146 9
15 66 9
15 196 9
15 100 7
15 103 8
16 218 11
10 16 9
16 57 9
16 122 13
16 68 15
16 248 12
17 98 10
17 94 8
17 65 11
17 87 6
17 52 11
18 199 13
18 220 12
18 53 12
18 170 8
18 163 10
18 175 9
18 190 5
17 19 11
15 19 9
19 240 11
20 120 12
20 178 9
20 164 12
20 26 14
20 75 7
20 206 12
20 203 7
21 214 8
21 79 11
21 243 11
21 149 10
21 151 12
21 221 9
21 61 10
22 248 13
22 33 9
22 127 12
22 48 11
22 166 11
23 97 8
23 94 11
23 247 10
23 119 9
24 220 12
24 154 13
24 105 11
24 70 13
24 91 12
25 56 9
5 25 9
25 174 16
25 44 11
26 169 13
6 26 11
21 26 12
26 56 11
25 27 13
27 243 11
27 175 9
27 102 12
27 158 11
22 27 10
28 204 11
28 51 10
28 54 8
28 115 10
29 211 8
29 73 12
29 203 10
29 192 8
25 30 12
30 199 9
30 204 13
12 30 8
31 60 10
31 157 11
31 107 12
32 191 10
32 41 13
32 167 11
32 166 8
32 146 10
33 204 9
16 33 8
33 116 9
33 127 9
34 163 12
34 68 9
34 203 13
34 56 11
34 218 12
5 34 10
35 129 10
35 56 10
35 65 11
35 118 10
11 35 9
36 216 13
36 191 10
36 179 6
12 36 13
37 80 11
37 53 9
37 65 9
37 199 11
37 193 7
38 204 11
38 124 11
34 38 9
38 215 8
28 39 12
39 152 14
39 137 11
0 39 11
39 205 10
11 39 9
40 130 10
40 173 12
40 136 12
40 110 11
41 147 11
41 180 11
41 62 7
41 45 11
41 43 9
42 53 7
42 205 10
4 42 15
42 163 8
43 49 11
43 65 12
43 180 10
43 165 12
41 44 9
44 200 7
32 44 8
44 157 13
44 136 11
45 120 9
45 55 9
45 214 10
45 67 11
12 45 16
45 173 10
46 200 14
46 93 12
46 56 8
0 46 11
38 47 9
4 47 8
47 64 13
47 193 11
48 247 9
48 79 7
48 57 11
48 204 8
48 78 12
49 180 10
49 206 10
49 214 8
49 68 9
33 49 9
49 131 10
50 236 10
50 62 9
50 211 7
50 119 7
50 94 10
50 64 8
51 99 11
51 127 11
51 212 9
51 132 10
51 102 9
51 133 15
33 52 12
52 237 12
52 100 9
52 182 7
53 244 9
53 89 8
25 53 12
53 71 9
53 132 11
53 98 13
53 87 7
54 113 9
40 54 11
54 149 10
54 239 8
55 234 12
9 55 9
55 73 13
33 55 12
56 117 12
56 219 12
56 226 10
56 165 11
56 92 10
57 186 10
57 84 8
45 57 13
57 81 12
57 189 14
58 247 8
58 120 10
28 58 14
58 210 10
58 103 9
45 59 7
59 104 14
37 59 11
59 159 13
59 213 10
60 226 9
60 165 9
60 200 8
61 246 10
19 61 12
61 161 10
61 109 14
61 139 12
61 127 9
44 62 8
62 70 10
62 137 9
62 146 11
62 68 13
63 99 14
63 125 12
63 157 8
52 63 12
63 83 10
63 151 11
64 121 11
28 64 12
64 85 11
64 68 14
39 64 8
65 220 12
65 170 9
65 182 7
65 84 10
65 111 12
65 145 14
66 192 6
66 97 12
66 91 13
32 66 9
66 181 9
67 221 14
67 169 11
67 106 13
67 76 12
68 221 13
17 68 9
68 121 11
68 164 9
68 138 7
69 119 10
68 69 10
19 69 11
69 174 9
69 179 10
20 69 15
69 249 11
32 70 11
70 116 9
70 117 14
70 184 11
70 195 9
54 70 10
71 150 12
71 156 10
71 190 7
23 71 11
38 71 12
33 71 13
40 72 12
55 72 11
72 213 13
72 123 11
12 72 11
32 73 11
73 141 12
47 73 13
73 185 9
74 209 9
74 134 6
0 74 11
61 74 13
36 74 6
75 208 9
69 75 8
71 75 10
75 78 10
75 186 10
75 111 13
75 138 6
76 227 9
76 135 12
4 76 9
7 76 10
77 85 10
77 153 12
77 154 13
77 152 7
10 77 12
77 212 7
78 149 13
3 78 10
37 78 13
79 156 9
55 79 11
79 187 11
79 219 11
80 209 9
54 80 11
80 107 9
80 196 9
80 245 12
81 221 9
18 81 11
81 126 12
81 242 13
81 192 13
66 82 10
82 179 12
82 247 13
6 82 11
7 82 10
82 226 13
17 83 12
83 125 10
34 83 7
83 217 12
83 128 12
64 84 9
84 124 13
84 135 13
84 178 13
61 85 11
57 85 8
27 85 12
48 85 13
85 170 11
86 206 14
86 149 9
86 200 5
53 86 10
87 154 9
87 105 9
87 248 11
87 235 10
40 87 12
50 87 13
88 134 14
88 130 11
81 88 10
88 239 12
61 89 11
60 89 12
48 89 14
89 182 8
89 164 10
90 157 11
90 226 12
90 152 9
61 90 12
84 91 10
91 202 11
91 240 8
41 91 8
91 127 9
92 227 9
92 157 15
92 189 10
92 210 8
93 234 10
93 207 11
93 159 12
94 135 9
16 94 8
49 94 11
94 180 14
2 94 8
59 94 10
2 95 11
95 152 9
95 147 6
95 192 12
96 147 11
66 96 12
96 145 14
96 214 12
96 163 9
96 198 11
97 99 12
51 97 9
97 211 12
76 97 11
97 155 9
10 98 8
98 182 10
98 143 14
3 98 13
98 126 9
29 98 10
99 242 10
93 99 9
99 144 13
100 103 11
100 143 8
100 205 11
69 100 13
100 109 12
101 169 5
61 101 13
1 101 14
101 158 13
101 202 9
4 102 11
102 204 12
14 102 10
102 145 11
102 200 6
25 103 11
103 113 9
103 227 9
103 131 13
103 124 12
103 149 11
103 152 11
104 183 12
104 182 13
104 244 9
26 104 8
104 181 7
23 105 7
105 208 10
15 105 14
59 105 11
105 134 11
43 105 8
105 177 12
105 234 15
106 139 10
3 106 10
94 106 13
19 106 10
59 106 9
25 107 11
107 148 11
107 152 11
105 107 14
105 108 13
53 108 11
108 151 8
108 195 12
108 208 6
2 109 11
57 109 9
109 232 11
109 174 10
109 247 12
34 109 9
109 148 8
110 178 12
110 113 11
106 110 8
110 128 11
58 110 8
110 248 10
10 111 11
30 111 8
111 175 12
81 111 11
111 222 11
111 112 8
76 112 8
44 112 9
43 112 9
113 221 11
113 155 9
37 113 8
113 148 10
113 123 11
110 114 8
114 244 10
114 178 10
61 115 12
115 207 9
115 245 11
115 119 11
115 241 7
116 205 7
111 116 10
116 196 10
116 138 12
49 116 8
116 149 8
117 197 9
2 117 12
117 145 12
79 117 11
5 117 8
118 248 9
118 207 10
95 118 13
118 176 8
64 118 12
119 210 10
119 188 13
107 119 9
38 119 13
119 249 8
120 212 7
114 120 7
120 160 9
120 205 7
112 120 11
121 174 10
121 246 12
96 121 10
121 237 8
122 162 15
122 185 8
116 122 10
122 234 11
123 236 9
123 125 11
82 123 9
57 123 13
123 130 7
123 157 10
123 194 7
123 226 10
10 124 10
45 124 8
124 190 9
124 224 11
124 163 9
13 125 10
125 152 13
48 125 8
78 125 9
125 166 13
126 133 9
126 165 13
126 189 10
109 126 12
127 248 9
53 127 13
127 199 12
76 127 12
75 127 10
6 128 8
128 185 12
70 128 10
128 227 14
70 129 11
129 130 9
125 129 10
129 144 9
97 129 13
130 155 12
130 205 10
130 243 9
0 130 9
130 141 9
130 161 11
50 131 8
124 131 10
131 134 7
131 159 10
132 217 10
94 132 7
15 132 12
56 132 15
110 132 11
133 236 11
33 133 11
54 133 7
9 133 10
133 146 9
103 134 10
31 134 11
93 134 11
102 134 10
134 246 11
135 164 10
135 196 12
135 240 11
20 135 11
136 170 11
136 153 11
18 136 12
117 136 11
136 225 13
136 171 10
49 136 13
137 189 15
63 137 12
18 137 13
72 137 10
84 137 9
78 137 9
138 144 10
138 216 11
49 138 6
45 138 10
33 138 11
51 139 9
132 139 10
139 186 9
43 139 11
140 235 11
140 153 12
12 140 10
140 178 10
140 245 11
41 140 13
56 141 14
123 141 13
31 141 13
113 141 12
142 216 7
142 234 11
142 198 10
135 142 10
142 239 11
142 220 12
142 212 9
143 157 10
143 202 10
143 247 9
126 143 12
12 143 12
35 144 9
144 202 14
144 247 12
16 144 12
144 231 13
145 151 10
145 216 10
145 180 10
52 145 10
82 145 7
146 202 9
146 201 11
146 248 11
146 224 11
147 216 9
147 240 13
147 179 11
148 174 10
148 196 10
54 148 8
148 226 12
148 215 12
38 148 9
120 148 12
119 149 11
44 149 15
110 149 9
7 149 13
121 149 8
55 150 11
150 189 9
150 229 7
103 150 8
150 247 9
151 158 9
151 225 9
116 151 11
113 151 11
84 151 9
151 164 10
152 218 13
152 166 14
18 152 13
119 152 8
85 152 11
153 211 9
28 153 14
153 222 9
148 153 11
97 153 12
75 153 9
154 172 7
119 154 6
28 154 7
105 154 12
101 154 11
4 155 14
42 155 8
145 155 10
155 213 11
155 211 10
156 233 13
156 212 9
93 156 10
156 183 11
60 156 9
102 157 10
76 157 14
75 157 5
157 186 11
41 157 10
158 167 11
3 158 15
49 158 9
128 158 13
159 191 10
159 223 11
30 159 12
159 228 12
105 160 9
160 174 8
160 236 8
4 160 8
161 237 12
161 166 12
161 163 11
131 161 11
162 187 10
162 234 8
160 162 10
162 230 11
17 162 11
163 227 9
60 163 10
163 235 9
68 163 10
152 164 10
65 164 9
26 164 9
164 199 8
100 164 8
165 213 11
159 165 13
165 193 10
112 165 8
160 165 11
135 165 13
99 165 8
131 166 12
166 237 10
108 166 7
36 166 9
166 243 10
143 167 10
154 167 12
167 222 9
151 167 12
168 185 9
168 216 13
15 168 13
169 228 6
169 208 13
124 169 10
169 234 10
62 169 12
165 169 11
116 170 8
170 230 9
40 170 10
78 170 11
14 170 8
49 171 10
88 171 10
171 202 12
171 225 10
156 171 11
53 172 11
107 172 9
161 172 11
147 172 13
25 173 12
19 173 12
30 173 12
148 173 11
115 173 12
169 174 9
39 174 9
174 200 12
128 174 9
174 234 13
97 175 12
32 175 7
124 175 10
108 175 10
148 175 12
153 176 10
57 176 12
44 176 12
93 176 7
176 178 14
176 182 10
177 217 8
44 177 11
153 177 11
147 177 13
65 178 9
178 248 11
88 178 9
50 178 10
179 229 10
179 235 11
33 179 10
63 179 10
115 180 8
24 180 8
21 180 11
31 180 9
59 180 9
181 241 11
65 181 10
178 181 9
181 182 7
175 181 10
128 182 10
182 225 14
173 182 11
182 196 9
182 208 7
182 212 8
85 182 11
107 182 14
18 183 9
183 241 10
53 183 12
168 183 7
184 221 11
184 190 14
62 184 10
110 185 11
51 185 10
170 185 11
164 185 10
144 185 12
154 186 12
133 186 6
0 186 10
176 186 11
72 186 7
56 186 6
187 218 9
122 187 11
176 187 10
169 187 9
3 187 8
187 237 13
188 217 11
140 188 10
155 188 11
99 188 14
53 188 12
189 198 14
76 189 12
136 189 5
189 190 11
77 189 10
44 189 9
122 190 12
19 190 13
28 190 9
69 190 13
143 190 10
77 191 6
97 191 8
168 191 14
191 240 10
191 234 10
191 230 10
147 192 10
192 245 6
138 192 7
184 192 12
97 193 14
193 245 6
63 193 14
151 193 13
193 247 7
126 194 11
16 194 10
118 194 12
28 194 8
194 221 9
178 195 9
24 195 11
122 195 8
195 245 10
54 195 10
128 196 8
24 196 10
19 196 10
196 218 7
171 196 9
115 197 13
71 197 10
197 198 13
77 197 15
139 197 11
198 240 11
6 198 10
198 217 11
199 212 10
113 199 12
199 202 12
183 199 11
148 199 8
200 218 7
103 200 12
79 200 11
108 200 10
88 200 8
201 249 15
144 201 13
7 201 12
170 201 13
201 248 14
72 202 12
26 202 7
88 202 14
145 202 8
155 203 12
76 203 12
11 203 12
151 203 8
54 203 11
16 204 6
143 204 9
70 204 12
51 204 12
156 204 11
116 204 11
205 239 11
125 205 12
205 223 10
6 205 11
206 240 9
98 206 8
136 206 7
206 216 11
95 206 10
177 207 10
74 207 11
46 208 8
63 208 14
45 208 12
82 209 8
209 212 10
39 209 9
209 225 11
42 209 10
210 239 9
15 210 11
188 210 12
129 211 12
69 211 8
125 211 9
173 211 11
211 245 7
189 211 12
67 212 15
69 212 9
212 224 10
5 212 9
23 212 7
22 212 8
16 213 10
8 213 8
6 213 12
175 213 12
190 213 9
61 214 8
4 214 10
178 214 10
52 214 9
30 214 9
203 215 10
211 215 12
119 215 9
30 215 8
66 215 11
188 215 10
32 216 9
132 216 12
8 216 8
100 216 10
118 216 9
216 220 8
127 217 12
95 217 14
217 242 10
2 218 13
61 218 12
55 218 12
183 218 12
195 218 9
38 219 12
44 219 11
9 219 10
65 219 10
68 219 9
191 219 15
33 219 11
220 240 8
59 220 15
220 246 10
62 220 11
221 222 11
133 221 14
119 221 9
30 222 13
34 222 11
222 244 11
4 222 7
146 222 13
47 223 8
196 223 12
197 223 12
223 225 10
219 223 9
77 223 10
215 223 12
132 224 10
98 224 12
81 224 9
93 224 10
59 224 11
52 225 11
194 225 13
63 225 12
131 225 12
165 225 9
206 226 6
181 226 14
211 226 14
42 226 12
64 227 4
27 227 10
26 227 11
108 227 11
136 227 12
87 228 11
142 228 12
200 228 9
156 228 10
30 228 15
168 228 16
229 245 11
92 229 10
229 237 12
185 229 10
220 229 11
2 229 11
55 230 9
16 230 13
224 230 13
70 230 10
60 231 12
97 231 11
203 231 9
51 231 9
105 231 9
184 232 10
204 232 10
59 232 15
82 232 11
104 232 13
18 232 10
143 233 14
233 237 9
179 233 11
214 234 11
166 234 12
234 247 13
95 234 10
203 234 11
13 234 13
47 234 10
144 235 14
186 235 13
219 235 11
153 235 9
233 235 13
103 236 11
216 236 13
4 236 10
170 236 10
176 236 9
217 236 12
106 237 12
73 237 12
194 237 10
167 238 10
238 246 13
19 238 10
176 238 7
159 239 11
122 239 10
208 239 10
70 239 10
156 240 10
53 240 15
214 240 13
131 240 11
63 240 12
13 241 15
196 241 7
125 241 11
168 241 14
84 241 10
116 242 11
18 242 14
162 242 9
96 242 10
16 242 13
225 243 15
125 243 11
85 243 12
61 243 12
74 244 11
8 244 13
57 244 7
110 244 12
236 245 13
23 245 7
39 245 9
228 245 9
111 245 11
214 245 13
50 246 9
115 246 9
39 246 13
147 246 11
13 246 13
176 247 10
241 247 9
171 247 8
209 247 12
67 247 8
150 248 10
197 248 7
106 248 13
215 248 10
34 248 11
53 249 5
246 249 13
194 249 11
