250
0
6
10
5
2
5
3
3
2
4
4
5
5
6
9
4
2
8
6
2
4
7
8
4
1
3
5
4
9
5
8
8
3
5
9
3
7
5
4
4
2
8
4
9
4
1
5
5
9
2
3
1
4
6
4
2
4
2
1
7
9
3
10
5
3
5
1
7
6
5
7
6
5
4
2
7
1
6
1
1
9
7
3
5
6
4
7
4
8
3
6
3
4
7
10
4
2
7
6
1
9
4
1
1
10
4
6
8
5
8
9
2
6
3
2
10
3
4
4
6
6
8
5
8
9
7
9
10
9
9
6
2
8
7
10
3
6
9
5
6
9
4
9
3
4
7
3
10
8
4
6
5
6
7
7
5
10
3
5
3
4
7
4
4
4
2
1
8
2
9
2
4
5
6
9
9
5
3
8
7
1
9
4
9
6
5
10
9
6
5
1
4
8
9
6
6
2
10
10
7
7
6
8
2
7
8
1
2
4
8
9
3
9
5
10
6
10
8
4
9
2
1
6
8
3
3
4
2
4
3
2
2
2
3
3
6
4
7
5
4
1
6
6
2
9
4
6
5
8
1
0 24 11
0 117 11
0 91 9
0 62 9
1 228 10
1 143 11
1 82 12
1 136 8
2 116 12
2 41 10
2 238 14
2 230 12
3 125 9
3 196 13
3 174 11
3 37 12
4 48 10
4 221 11
4 62 14
4 108 9
4 37 9
5 68 8
5 11 9
5 196 12
5 24 13
5 239 10
5 6 10
6 113 4
6 49 13
6 190 10
6 34 12
6 232 9
6 200 15
6 16 11
7 228 10
7 68 10
7 175 9
7 15 11
8 160 8
8 189 14
8 115 11
8 249 11
8 63 9
9 228 9
1 9 12
9 214 11
8 9 12
10 228 7
10 206 10
10 200 8
10 13 11
10 174 10
2 10 10
11 217 8
11 152 9
11 135 9
11 56 8
12 116 12
12 111 8
12 234 10
12 105 9
7 13 14
13 22 14
13 151 11
13 192 7
14 25 11
14 156 9
14 151 14
14 132 13
15 87 9
15 75 11
15 198 10
16 141 9
16 98 12
16 190 9
0 16 10
16 164 11
16 237 12
17 96 7
17 97 10
17 69 10
17 26 8
17 89 10
17 140 12
18 110 8
18 204 13
18 174 10
18 107 14
18 208 13
18 57 12
19 86 11
19 109 11
19 198 8
19 169 9
19 132 9
19 80 10
20 87 11
20 49 11
20 34 10
20 228 10
21 70 11
21 157 11
21 37 8
21 163 11
6 21 10
22 94 11
22 122 13
22 130 12
22 119 11
22 116 11
20 22 11
23 225 11
23 155 10
23 154 12
23 149 10
23 140 8
24 118 10
24 159 12
24 111 11
24 226 9
25 110 11
25 236 13
25 78 9
26 29 15
26 221 12
26 139 10
26 90 12
26 168 13
26 47 7
27 129 10
15 27 10
27 34 9
27 43 11
28 148 10
8 28 14
28 185 7
28 112 14
28 234 12
7 29 11
10 29 14
29 135 6
3 29 8
29 166 13
30 224 12
30 98 14
30 108 10
30 228 12
30 114 15
31 150 12
31 225 16
28 31 7
31 183 8
19 32 9
8 32 10
32 156 10
32 104 13
32 165 11
33 42 10
33 51 13
33 109 5
25 33 12
33 104 11
33 248 9
34 245 9
34 182 12
34 163 9
34 221 8
34 224 13
35 176 11
35 63 11
35 139 13
35 198 8
35 156 7
36 118 9
36 192 10
36 179 11
36 55 10
36 161 13
37 132 7
37 167 12
37 72 10
1 37 12
37 82 13
38 96 13
29 38 16
34 38 11
38 129 13
24 38 9
39 186 13
39 163 8
39 206 10
39 136 7
39 61 10
40 125 8
40 147 12
40 247 13
40 60 10
41 152 10
41 177 8
41 72 11
41 109 10
41 207 9
41 241 11
41 118 12
42 247 9
42 170 11
17 42 15
42 96 10
42 102 10
42 131 10
17 43 9
12 43 9
37 43 14
43 55 6
43 246 9
44 215 9
44 172 10
44 91 9
0 44 11
44 181 12
45 206 7
45 146 12
45 193 12
45 243 12
45 130 10
45 93 13
46 248 11
46 220 12
46 97 11
46 140 9
26 46 7
47 245 7
47 230 9
47 216 12
47 209 13
48 213 13
48 246 8
48 174 9
48 201 12
39 48 9
49 222 14
49 179 11
49 235 13
49 201 13
49 127 9
50 103 11
50 215 11
50 143 14
50 83 10
50 249 15
50 123 10
50 71 9
51 90 15
51 93 10
10 51 10
51 127 10
48 51 10
51 242 13
52 216 10
52 54 11
52 177 13
52 108 10
52 75 7
52 196 9
53 138 9
53 62 11
53 229 14
53 132 11
53 135 12
54 116 12
54 133 11
54 238 12
54 240 14
54 233 10
55 199 11
55 119 12
55 218 12
55 103 9
8 55 11
55 189 10
56 180 11
56 168 13
56 85 13
56 67 11
30 57 13
57 71 12
56 57 7
57 96 12
3 57 9
44 57 11
58 74 13
55 58 12
58 216 10
58 92 10
23 58 10
21 58 11
59 124 7
59 235 10
59 177 12
45 60 13
59 60 11
44 60 12
60 133 7
8 60 11
61 229 11
14 61 10
19 61 10
61 236 9
60 62 10
19 62 10
5 62 12
62 197 8
63 140 12
10 63 9
63 173 14
63 144 12
63 176 11
63 232 8
38 64 12
64 225 10
64 95 9
42 64 10
64 172 14
65 161 10
5 65 14
65 93 10
65 145 6
65 157 11
66 163 10
66 122 11
66 221 10
66 214 13
66 127 12
67 69 10
67 200 12
67 117 15
67 119 10
67 80 10
16 68 14
68 246 11
68 175 10
68 209 10
50 69 10
69 83 10
69 138 12
50 70 10
70 114 12
70 200 9
70 120 12
71 229 8
62 71 14
71 214 12
71 173 12
72 95 12
72 99 13
71 72 12
25 72 8
72 178 10
73 199 10
12 73 12
73 131 11
73 239 11
22 73 10
4 74 11
24 74 13
12 74 14
74 149 6
10 74 10
75 217 12
4 75 13
75 133 15
36 75 9
75 221 13
47 76 6
76 239 9
66 76 10
76 106 11
76 94 11
27 76 9
30 77 8
1 77 12
46 77 14
77 243 10
65 78 12
78 195 13
78 98 14
54 78 10
27 78 13
79 228 12
79 237 11
79 246 8
79 149 11
80 205 15
80 202 9
9 80 16
80 183 12
80 238 7
14 80 11
81 124 12
67 81 13
81 226 8
81 198 11
81 162 10
76 81 11
82 240 11
82 129 12
82 85 10
82 111 13
17 83 9
83 108 13
83 197 11
84 103 13
84 204 6
84 224 12
84 217 13
85 123 9
85 234 12
85 211 11
85 133 14
85 202 10
7 86 11
13 86 11
86 92 10
86 91 11
86 87 11
86 175 13
87 216 13
87 232 11
87 135 10
60 87 14
10 88 9
49 88 13
27 88 12
61 88 9
88 177 7
89 184 10
89 186 11
86 89 12
89 96 12
34 90 10
90 114 9
90 104 11
10 90 9
61 90 9
83 91 11
91 203 10
91 110 8
92 166 11
92 170 6
92 205 8
39 92 9
71 93 11
93 177 9
93 160 10
93 122 14
50 93 11
93 106 8
94 141 5
94 130 15
94 173 10
94 196 14
94 243 14
95 239 9
95 198 8
95 206 9
95 183 10
96 151 11
96 227 9
58 96 11
97 220 11
97 221 11
97 162 8
98 122 14
98 112 13
22 98 13
57 98 11
98 208 8
98 214 11
65 99 8
99 204 11
99 104 10
37 99 9
30 99 11
99 199 8
100 117 9
100 155 9
100 159 16
100 146 7
100 108 10
28 100 11
73 101 12
101 111 11
101 191 13
101 128 13
101 226 12
97 102 12
27 102 8
102 119 14
68 102 11
103 138 5
103 158 8
103 122 12
103 210 9
104 129 12
73 104 9
8 104 11
104 179 12
105 120 7
61 105 10
77 105 8
75 105 11
2 105 12
23 105 11
100 105 10
106 235 9
106 184 12
65 106 12
106 170 11
107 230 11
107 139 9
107 161 14
107 111 16
107 112 10
108 218 9
108 156 10
108 187 9
108 191 11
109 163 10
79 109 6
109 141 10
109 132 11
95 109 11
1 109 12
110 220 13
74 110 12
110 211 6
105 110 11
98 111 9
111 125 10
93 111 7
103 111 12
108 111 11
111 182 11
112 194 11
112 209 11
49 112 13
112 140 7
112 225 11
112 176 13
60 113 16
66 113 11
113 139 12
45 113 11
2 113 12
114 202 7
114 195 12
77 114 10
78 114 9
115 182 11
20 115 10
112 115 13
115 233 12
115 163 12
115 123 15
81 116 11
116 158 13
116 175 13
27 116 11
116 195 12
117 236 10
13 117 10
117 248 9
39 117 9
19 117 12
9 117 10
117 198 11
118 224 13
33 118 10
12 118 8
47 118 13
118 154 11
77 118 9
119 178 8
95 119 9
119 129 13
119 159 11
119 168 9
119 234 8
120 159 8
83 120 11
27 120 8
57 120 15
120 202 8
0 121 9
121 136 9
121 129 9
121 154 12
121 166 9
121 128 13
122 215 9
122 169 10
122 164 8
113 122 12
122 238 12
122 165 9
123 186 12
123 190 14
123 166 7
123 195 12
9 123 12
124 206 12
100 124 10
124 194 9
19 124 8
105 124 10
124 147 12
60 125 9
79 125 11
125 222 12
18 125 16
125 190 11
125 232 12
126 176 12
126 179 9
28 126 10
124 126 10
127 194 14
55 127 9
127 226 9
3 127 14
127 179 9
128 176 12
128 227 8
128 166 12
88 128 11
17 128 11
67 128 8
49 129 11
115 129 11
129 192 11
45 129 15
129 164 10
53 130 12
130 170 8
107 130 14
60 130 11
130 242 12
131 135 8
124 131 10
35 131 12
131 172 9
57 132 7
132 249 11
132 212 11
132 142 13
2 132 12
132 208 15
97 133 10
133 181 9
24 133 13
133 141 11
133 209 10
102 133 9
51 134 12
62 134 10
134 177 11
87 134 10
115 135 8
135 167 8
111 135 7
35 135 11
117 135 9
135 137 11
104 136 9
136 145 9
136 168 9
136 183 10
136 162 8
22 137 11
137 215 9
53 137 11
94 137 8
73 137 13
106 138 11
138 183 12
138 151 13
122 138 10
138 166 10
134 139 13
139 228 12
24 139 9
79 139 9
139 171 11
139 167 10
6 140 12
140 244 15
16 140 11
82 140 10
140 148 12
141 142 14
141 151 11
141 227 9
0 141 12
92 142 8
128 142 9
142 248 9
72 142 10
83 142 11
142 213 15
100 142 9
61 142 11
122 143 10
19 143 11
143 176 10
143 230 12
38 144 12
16 144 13
139 144 15
104 144 11
145 175 9
145 156 9
145 181 11
145 173 10
145 201 9
132 145 6
142 145 10
53 145 9
107 146 13
0 146 11
80 146 11
48 146 13
36 146 10
147 182 9
147 237 10
88 147 12
112 147 10
148 166 13
20 148 12
135 148 8
148 199 14
148 149 13
38 148 11
149 187 8
97 149 11
10 149 11
116 149 11
80 150 7
150 176 10
99 150 10
46 150 8
150 236 13
150 235 9
46 151 10
57 151 12
58 151 10
124 151 10
135 151 14
152 169 13
85 152 11
141 152 10
152 171 7
82 152 12
152 168 14
128 153 11
33 153 11
153 182 8
47 154 11
154 195 11
150 154 11
8 154 10
91 154 10
154 176 10
155 156 9
155 168 11
44 155 8
7 155 11
26 155 10
156 169 8
156 202 8
147 156 10
81 156 14
26 156 10
157 204 7
72 157 13
10 157 8
157 210 11
46 158 9
158 238 12
140 158 9
158 221 10
75 158 9
159 181 13
82 159 9
159 189 13
22 159 8
17 160 9
81 160 12
134 160 8
160 215 10
160 236 12
14 160 10
135 161 12
120 161 16
73 161 11
98 161 9
96 161 11
162 249 11
158 162 9
162 194 10
162 166 10
44 162 13
122 162 11
23 163 12
163 189 10
163 220 10
114 163 10
163 235 11
164 232 11
164 188 11
160 164 8
121 164 8
164 240 12
83 164 11
135 165 14
165 227 12
148 165 8
165 186 11
100 166 11
166 175 11
34 166 7
97 166 13
5 166 11
18 167 13
167 220 9
137 167 10
35 167 9
109 168 11
144 168 12
168 184 9
27 168 12
123 168 10
56 169 7
59 169 11
11 169 10
169 242 10
169 215 10
170 195 10
0 170 8
95 170 10
45 170 10
22 170 13
171 192 10
170 171 11
108 171 9
26 171 13
40 171 8
82 172 12
129 172 12
154 172 11
53 172 9
33 172 9
118 173 13
173 176 8
11 173 9
74 174 11
102 174 12
174 237 9
62 174 10
140 174 10
23 175 12
148 175 11
175 225 9
175 212 10
73 175 8
163 175 11
56 176 9
169 176 14
48 176 7
176 240 12
176 178 14
115 177 9
177 206 10
60 177 10
116 177 16
92 178 11
108 178 11
178 247 10
30 178 8
166 179 7
129 179 10
179 187 14
165 180 13
110 180 9
105 180 10
147 180 12
118 180 12
180 229 10
36 181 10
116 181 14
33 181 8
46 181 13
59 182 9
166 182 11
1 182 10
25 182 11
182 220 11
7 183 11
169 183 11
71 183 10
48 183 8
147 183 4
119 184 9
184 246 11
52 184 11
175 185 10
78 185 8
140 185 11
185 249 9
87 185 13
181 185 10
186 205 11
186 226 8
178 186 9
158 186 11
62 187 9
51 187 11
69 187 10
157 187 13
187 246 12
13 188 9
183 188 11
22 188 10
71 188 9
188 193 8
103 188 11
96 188 10
43 189 7
164 189 13
189 211 9
25 189 7
123 189 11
102 190 10
109 190 9
73 190 9
37 190 10
175 190 12
187 191 10
190 191 10
56 191 7
168 191 8
183 191 11
38 192 12
75 192 10
173 192 11
11 192 9
55 192 10
170 193 13
193 243 10
76 193 12
163 193 11
86 193 13
194 207 10
31 194 11
72 194 8
9 194 10
194 220 9
134 195 11
195 198 10
33 195 5
195 220 10
196 200 9
1 196 7
196 216 10
181 196 13
197 213 11
67 197 11
190 197 10
156 197 11
40 197 9
29 197 8
160 198 12
13 198 10
198 210 12
115 198 8
14 198 13
36 199 14
37 199 11
199 240 15
90 199 13
29 199 8
136 200 9
138 200 12
97 200 11
116 200 11
54 201 9
201 217 13
10 201 11
60 201 10
130 201 9
45 202 12
136 202 10
113 202 12
160 202 7
202 207 10
86 203 13
203 217 13
146 203 14
78 203 13
164 203 9
136 204 12
104 204 9
131 204 10
20 204 6
32 205 11
105 205 10
66 205 13
115 205 8
71 206 13
144 206 11
191 206 9
75 206 10
171 207 12
0 207 7
199 207 11
79 207 12
16 208 14
116 208 11
104 208 7
31 209 11
104 209 11
49 209 8
209 227 13
29 209 7
22 210 12
176 210 9
199 210 12
31 210 8
116 210 12
210 231 10
114 211 9
36 211 10
179 211 17
25 211 11
141 211 13
211 229 10
205 212 11
128 212 10
142 212 9
23 212 9
121 212 11
112 213 10
188 213 10
144 213 11
170 214 12
25 214 12
50 214 12
35 214 10
173 214 13
34 215 12
89 215 11
215 216 11
215 237 10
47 215 11
203 216 10
45 216 8
68 216 13
0 216 12
22 216 12
93 217 9
59 217 8
91 217 14
82 217 8
29 218 14
49 218 14
162 218 9
123 218 11
186 218 13
21 219 10
217 219 9
125 219 8
8 219 11
197 219 11
196 219 13
3 220 11
88 220 10
92 220 10
26 220 9
125 220 11
62 220 9
189 221 7
201 221 11
108 221 9
217 221 10
69 221 9
194 222 10
112 222 13
106 222 11
28 222 10
113 222 9
75 223 10
70 223 11
134 223 10
221 223 9
119 223 10
209 224 8
131 224 12
220 224 14
123 224 8
134 224 9
36 224 15
224 233 12
225 244 9
225 229 12
34 225 12
96 225 11
225 226 13
94 226 8
226 230 12
178 226 10
103 227 10
131 227 11
205 227 8
157 227 9
77 227 12
228 236 12
59 228 10
99 228 9
193 228 10
128 228 8
163 228 14
169 229 11
88 229 10
51 229 13
189 229 12
155 229 10
124 230 13
37 230 9
230 248 11
150 230 8
211 230 8
105 230 13
179 230 10
44 231 10
95 231 12
117 231 12
53 231 8
170 231 11
194 232 9
232 238 11
98 232 10
49 232 13
113 233 12
123 233 15
209 233 12
12 233 9
221 233 6
6 233 9
0 234 10
234 245 8
64 234 9
79 234 10
100 235 12
202 235 8
39 235 8
168 235 11
186 235 11
225 235 13
39 236 11
3 236 12
64 236 12
120 236 9
66 236 12
71 237 7
1 237 11
4 237 8
112 238 8
42 238 13
58 238 15
236 238 10
19 238 9
87 239 10
38 239 10
41 239 13
181 239 11
240 248 12
51 240 10
213 240 14
9 240 14
113 240 12
101 240 8
211 241 12
126 241 12
198 241 11
85 241 11
194 241 6
103 242 13
152 242 10
168 242 11
183 242 11
32 242 7
214 242 10
70 242 8
209 243 6
139 243 11
184 243 11
221 243 12
97 243 8
219 244 11
205 244 9
126 244 11
170 244 9
88 244 12
208 245 8
134 245 12
243 245 9
69 245 13
212 245 9
244 245 8
127 246 10
123 246 11
135 246 11
158 246 11
28 246 7
145 246 10
18 247 13
212 247 13
100 247 7
224 247 8
134 247 7
64 247 12
106 248 7
35 248 13
53 248 12
39 248 14
82 248 8
208 248 10
190 248 9
41 249 12
111 249 11
242 249 13
214 249 10
195 249 12
118 249 13
