250
0
2
9
6
2
3
1
1
6
7
3
10
7
5
4
10
8
9
1
4
2
2
4
6
9
5
8
3
4
5
4
9
8
3
6
6
5
4
7
3
6
3
9
7
1
7
5
8
7
9
1
3
7
1
1
7
3
2
5
6
7
5
9
3
9
8
5
8
2
7
6
4
2
4
6
9
3
8
3
2
4
7
8
2
9
6
2
7
8
1
1
6
8
6
5
5
6
6
3
1
8
8
5
9
5
3
7
10
10
6
5
9
3
4
5
3
9
2
3
8
8
8
6
6
8
4
5
7
3
6
10
3
2
10
5
10
8
7
1
1
9
7
3
9
4
7
8
7
5
6
6
10
5
10
8
9
10
8
3
1
3
1
3
10
6
8
7
7
8
9
7
8
4
8
2
5
3
4
6
6
8
2
10
7
10
6
3
7
6
10
3
5
2
7
9
7
5
6
1
9
9
5
7
8
2
8
2
1
7
8
5
6
1
10
5
1
5
7
2
6
2
7
7
9
4
7
4
3
10
9
10
3
6
9
2
4
4
3
10
3
6
10
3
8
2
6
6
10
9
6
0 144 10
0 191 10
0 77 12
0 236 12
1 173 13
1 185 11
1 245 11
1 199 12
2 50 10
2 95 12
2 118 10
3 148 9
3 93 13
3 63 9
3 96 11
3 47 13
3 94 12
4 242 9
4 37 9
4 192 10
5 71 10
5 24 10
5 23 10
6 183 14
6 238 12
6 177 7
7 224 10
7 97 10
7 15 10
8 114 12
8 56 10
9 10 11
9 92 12
9 141 11
9 26 11
10 196 12
10 168 12
0 11 10
11 183 9
11 166 8
12 125 11
6 12 11
13 196 13
13 49 13
13 76 12
13 157 8
14 73 7
14 43 11
14 193 13
14 78 10
15 169 11
15 159 13
16 237 9
17 75 9
17 19 11
17 242 12
17 29 7
18 188 8
18 19 10
1 18 10
19 138 7
19 131 10
19 74 10
19 73 10
19 158 13
20 180 11
20 218 13
20 40 11
7 20 12
21 72 13
21 170 11
22 147 10
22 115 8
22 59 12
22 117 13
22 27 7
23 215 10
23 174 10
23 159 8
23 187 11
24 206 10
24 45 9
25 179 9
25 139 11
25 229 13
26 158 13
26 204 13
26 104 7
27 124 11
27 179 7
28 204 11
28 127 10
28 223 10
29 162 13
29 163 10
29 195 10
29 30 14
30 178 11
31 73 8
29 31 11
31 222 11
27 32 12
32 137 11
32 48 12
32 72 11
33 193 13
33 246 13
10 34 12
35 93 12
35 78 10
32 35 11
35 90 11
36 249 10
36 56 11
36 162 8
37 229 9
37 74 12
11 38 12
38 148 12
39 235 6
39 75 10
39 84 10
35 39 13
40 98 9
40 158 9
41 181 11
41 94 10
41 144 9
41 233 11
42 183 13
42 78 10
42 73 12
42 90 11
42 128 13
43 179 8
44 224 12
44 221 10
44 130 12
44 157 5
37 45 11
45 105 8
46 199 10
46 213 12
46 246 14
47 178 10
47 161 10
47 219 13
47 52 11
48 166 8
48 127 9
49 124 9
49 97 9
49 174 8
50 54 8
51 122 9
51 55 11
35 51 7
37 51 11
51 177 9
52 212 9
53 92 10
53 226 10
32 54 15
54 150 10
54 180 11
54 173 12
55 212 11
12 55 11
55 125 12
28 56 8
56 128 12
7 56 12
56 190 11
56 154 12
45 57 12
57 101 10
57 177 11
57 176 10
57 169 12
58 243 11
58 177 10
1 58 8
59 173 12
59 81 11
59 143 10
60 213 10
60 159 11
60 185 15
48 60 8
3 61 8
61 104 10
39 61 10
61 95 11
61 120 14
62 64 12
62 125 11
57 62 11
62 142 9
35 63 9
63 203 14
63 136 12
63 138 16
64 99 9
64 173 8
64 119 9
65 205 10
65 182 8
65 249 14
65 195 10
66 108 7
66 170 10
52 66 10
66 234 13
67 151 13
67 210 12
67 193 13
68 140 11
68 131 10
68 165 12
68 163 10
69 146 13
69 150 8
69 230 14
70 153 8
70 185 9
70 204 10
71 101 12
71 178 10
72 100 8
72 175 9
72 89 13
73 147 8
73 179 15
50 73 12
73 169 10
74 217 11
74 220 10
74 193 11
75 150 11
75 170 11
76 219 12
76 227 12
18 77 10
77 205 10
78 135 11
78 155 11
79 206 10
79 145 12
79 160 9
80 107 13
16 80 11
80 129 12
80 167 14
11 81 9
81 109 11
80 81 10
82 116 10
82 179 8
35 82 11
83 110 12
83 134 5
83 128 9
37 84 12
74 84 10
84 238 9
85 172 13
85 212 11
86 114 10
87 98 10
87 126 10
87 142 12
35 88 8
88 175 13
88 219 8
89 98 12
89 207 7
89 139 9
1 90 10
90 138 9
34 90 11
90 218 8
16 90 9
91 155 12
25 91 12
55 92 10
92 145 10
48 92 11
92 93 8
93 141 8
33 93 12
93 139 11
94 153 12
94 223 11
26 94 8
95 195 13
95 220 11
95 231 15
53 95 11
95 181 12
83 95 10
96 249 11
96 214 11
87 96 11
96 199 11
97 203 10
66 97 12
9 98 14
98 148 10
98 103 11
98 176 9
16 98 14
99 158 13
99 165 11
16 99 10
42 99 8
99 159 11
100 217 7
100 207 10
101 177 11
101 186 11
22 102 10
76 102 12
102 177 9
102 237 9
103 200 6
77 103 12
0 103 15
103 234 12
104 144 14
104 173 8
105 193 9
106 159 8
106 236 12
107 240 12
108 114 11
108 193 11
109 151 8
109 129 11
109 117 14
110 122 6
110 117 11
110 221 13
111 219 8
62 111 10
21 111 11
111 128 13
68 112 9
41 112 11
112 152 8
22 113 9
113 122 10
101 113 11
114 130 10
114 206 8
17 114 11
69 114 14
67 115 9
115 243 12
77 115 11
115 141 11
30 115 9
15 116 13
116 224 12
116 154 8
108 116 18
52 117 10
117 141 10
118 198 9
19 118 11
119 140 12
119 174 7
116 120 10
60 120 13
28 121 8
91 121 9
70 121 10
121 242 11
121 123 11
35 122 13
53 122 12
108 122 11
123 170 17
123 181 11
62 123 12
124 232 14
110 124 8
63 124 9
124 143 10
125 235 9
52 125 15
125 151 11
63 125 14
126 198 11
32 126 9
126 163 13
127 128 13
127 149 8
128 216 12
128 247 13
77 128 11
129 204 11
83 129 7
129 221 13
89 130 11
126 130 16
130 164 10
83 130 10
131 205 10
49 131 9
132 235 7
62 132 9
118 132 15
101 133 12
133 216 12
73 133 9
134 233 12
127 134 8
134 221 14
106 134 11
135 137 9
116 135 10
135 196 9
67 135 7
56 136 11
52 136 9
136 223 8
120 137 10
137 139 8
137 203 10
54 137 10
138 144 8
108 138 8
77 138 10
58 139 11
106 139 8
22 139 15
140 168 13
102 140 8
19 141 10
20 141 11
141 186 10
48 142 10
70 142 10
6 143 14
14 143 9
75 143 14
144 241 8
144 193 10
140 144 8
9 145 9
145 191 12
102 145 9
125 146 13
48 146 10
146 243 13
147 232 10
142 147 13
147 212 10
60 148 9
148 204 8
61 149 7
13 149 12
17 150 8
6 151 10
80 151 11
151 157 10
111 152 12
23 152 8
58 152 9
55 152 13
7 153 13
10 153 11
153 181 11
29 154 9
154 201 14
5 154 9
23 154 12
27 155 11
155 244 12
143 156 9
156 229 7
80 156 8
157 169 7
43 157 11
84 157 8
157 158 13
4 158 8
73 158 9
112 158 10
66 158 10
103 159 10
44 160 11
58 160 11
72 161 8
58 161 9
24 161 11
162 166 12
82 162 10
159 163 8
163 207 10
92 163 7
34 163 9
0 163 10
119 164 11
9 164 9
164 198 8
165 190 12
137 165 13
73 165 12
17 165 10
150 166 9
166 244 13
166 205 12
166 227 11
167 191 11
111 167 12
167 234 8
168 236 10
168 248 12
168 247 10
168 205 12
115 169 13
168 169 11
169 173 6
68 170 7
91 170 7
170 189 11
0 171 14
32 171 9
37 171 16
171 199 10
92 172 13
50 172 6
2 172 11
172 212 11
62 172 11
145 173 12
34 173 12
137 174 10
165 174 11
174 242 10
22 175 8
175 223 10
89 175 13
10 175 12
35 176 7
176 243 9
176 207 7
177 223 10
177 221 9
177 199 12
177 224 9
41 178 13
170 178 11
92 178 9
37 178 12
11 179 10
34 179 11
180 248 13
180 190 11
180 200 11
115 180 11
55 180 13
181 183 11
136 181 12
181 242 10
117 181 12
94 182 7
2 182 12
160 182 14
108 182 9
183 240 9
41 183 8
122 183 9
69 183 14
73 184 13
146 185 8
31 185 8
22 185 12
75 185 9
166 186 3
0 186 9
186 238 9
118 187 10
15 187 10
187 231 13
14 188 9
118 188 12
33 188 8
153 188 6
188 223 9
186 189 10
77 189 12
25 189 13
190 236 10
40 190 6
151 191 12
62 191 7
150 191 11
167 192 10
140 192 12
21 192 13
99 193 11
106 193 10
5 193 12
186 193 10
194 202 11
128 195 12
133 195 11
144 196 13
196 248 9
96 196 8
155 197 13
197 205 13
156 197 11
197 241 9
132 198 14
71 198 13
198 202 8
51 199 10
157 199 10
105 199 12
199 235 13
178 200 13
133 200 11
200 245 11
200 216 10
59 201 6
99 201 13
44 201 12
112 201 10
36 202 11
78 202 12
203 218 8
70 203 9
203 232 9
91 203 8
196 203 13
88 204 9
108 204 10
113 204 11
101 205 12
141 206 10
148 206 11
94 206 10
9 206 7
134 207 13
143 207 11
121 207 12
72 208 7
208 221 10
42 208 10
92 209 9
15 209 7
208 209 11
32 210 10
114 210 12
198 210 10
197 211 12
160 211 8
113 211 11
31 211 11
80 212 9
140 212 11
212 246 12
197 213 14
106 213 8
157 214 11
214 220 10
214 221 10
198 214 10
12 215 16
68 215 13
47 215 7
190 216 10
215 216 9
153 216 9
62 217 12
160 217 12
51 217 10
151 217 12
72 217 11
218 249 15
51 218 10
157 218 10
165 219 10
6 219 12
23 219 8
106 220 8
131 220 12
99 220 10
95 221 12
60 221 14
103 221 9
215 221 8
110 222 9
5 222 13
118 222 11
186 223 10
17 223 10
104 223 13
104 224 13
8 224 9
155 224 8
31 224 10
139 224 12
72 225 12
53 225 8
224 225 9
172 225 14
226 245 8
219 226 10
62 226 11
227 229 14
10 227 8
46 227 9
162 228 11
64 228 14
220 228 11
165 228 7
166 228 12
98 229 12
82 229 10
229 237 10
80 230 8
164 230 9
74 230 11
203 231 10
104 231 12
229 231 10
81 231 8
168 231 10
162 232 11
89 232 5
24 232 7
218 232 12
107 232 14
174 233 9
39 233 8
176 233 11
160 234 10
132 234 11
35 234 8
181 235 10
188 235 13
236 237 8
3 236 14
39 237 10
128 237 10
138 237 11
232 238 11
238 240 8
55 239 10
153 239 11
133 240 11
200 240 6
80 240 12
151 240 9
148 241 8
182 241 14
144 242 10
70 242 9
171 243 11
12 243 11
33 243 13
103 244 13
117 244 11
212 245 10
170 245 11
242 245 13
89 245 12
97 245 6
35 246 9
3 246 6
171 246 10
219 246 12
236 247 9
33 247 11
121 248 11
129 248 10
93 249 9
19 249 8
169 249 13
