250
0
8
3
2
6
6
9
8
4
9
2
2
7
3
4
4
1
8
3
8
8
7
7
10
9
10
1
5
9
1
2
7
2
5
4
8
7
7
8
1
6
4
10
10
6
9
10
7
6
4
3
9
7
2
8
5
9
8
3
6
4
2
3
8
2
2
5
6
9
2
7
7
6
8
4
9
5
4
2
6
9
9
10
2
8
8
6
9
9
8
6
5
8
9
6
1
5
8
3
2
2
8
8
6
8
5
2
5
9
8
8
9
4
4
3
3
5
2
6
6
5
1
4
5
7
8
2
7
7
9
9
5
9
1
3
6
2
10
2
4
4
5
8
10
5
2
4
9
6
6
4
8
4
5
7
8
4
4
8
3
7
9
2
5
8
2
6
6
6
10
10
8
8
7
10
3
7
9
5
5
7
3
6
9
9
1
5
5
5
8
9
6
2
6
3
9
6
9
7
9
2
1
5
4
7
1
1
4
4
10
6
6
5
10
5
6
6
3
6
1
6
5
9
9
4
9
4
6
2
5
3
4
3
8
9
7
7
2
4
3
5
8
4
10
7
7
10
2
5
10
0 149 10
0 187 13
0 127 14
0 177 11
0 146 7
0 61 11
0 116 11
0 184 6
0 118 12
0 242 6
0 72 9
1 243 10
1 81 13
1 121 9
1 161 8
1 62 8
1 94 15
1 78 11
1 185 9
1 115 4
2 181 11
2 30 11
2 45 8
2 237 15
2 78 9
2 119 9
2 131 8
2 43 9
2 68 11
2 148 9
3 72 8
3 25 5
3 113 9
3 244 11
3 248 11
3 192 12
3 62 13
3 206 7
3 13 12
4 246 10
4 16 11
4 215 10
4 217 9
4 48 13
4 58 10
4 238 10
4 101 9
4 201 10
4 17 13
5 21 12
5 154 11
5 152 10
5 105 9
5 183 12
5 235 10
5 76 8
5 209 11
5 59 14
6 249 12
6 147 10
6 100 9
6 28 10
6 134 7
6 44 11
6 189 9
6 81 10
6 199 13
6 245 8
7 48 13
7 165 9
7 163 7
7 180 8
7 240 13
7 118 12
1 7 12
7 172 16
7 233 12
7 221 12
8 55 9
8 141 7
8 74 9
8 140 9
8 15 12
8 36 11
8 147 12
2 8 11
3 8 10
9 229 11
9 165 9
9 32 10
9 96 12
9 97 11
9 243 10
9 214 10
9 83 12
9 140 13
9 41 11
10 231 9
10 224 8
10 217 12
10 207 11
10 187 11
10 155 13
10 73 8
10 96 14
10 143 8
11 166 8
11 174 11
11 46 12
5 11 14
11 236 11
1 11 11
11 92 8
11 167 6
11 38 11
11 209 11
12 38 8
12 152 8
12 118 12
12 234 7
12 193 11
12 103 10
12 119 9
12 127 9
12 160 9
12 17 9
13 76 10
13 140 9
13 217 13
13 155 11
13 26 11
13 106 10
13 249 11
13 107 9
14 197 11
14 144 8
5 14 9
13 14 11
14 75 12
14 96 10
3 14 8
14 33 14
14 159 13
14 248 7
15 50 9
15 163 10
15 100 10
15 30 13
15 246 13
15 187 9
15 64 11
15 191 14
15 229 8
16 135 12
16 198 10
16 125 6
16 70 11
16 204 12
16 206 13
16 39 9
16 90 11
16 26 10
16 227 10
16 229 12
17 164 9
17 121 11
17 204 13
17 22 10
17 133 9
17 80 8
17 213 9
17 57 8
17 168 11
17 241 8
18 196 8
18 213 14
18 206 9
18 130 11
11 18 10
18 177 10
18 39 7
18 240 9
18 20 16
19 47 9
19 248 8
19 48 9
19 54 12
19 222 13
19 188 12
19 32 8
19 202 11
19 139 14
19 68 9
19 146 12
20 196 10
20 226 11
20 164 10
20 113 10
20 45 7
20 122 10
20 120 11
20 248 10
20 86 8
20 97 9
21 82 12
21 109 9
21 102 11
21 195 9
21 200 13
21 160 9
21 76 9
21 193 9
21 39 10
22 228 9
22 26 13
22 64 11
22 123 10
22 196 8
22 59 12
22 195 10
22 130 9
22 239 11
22 164 9
23 54 8
23 118 9
23 36 11
23 42 10
23 59 11
23 191 14
23 94 10
23 141 8
23 92 12
23 52 10
23 241 12
24 179 12
24 135 10
24 101 12
24 173 9
13 24 8
4 24 12
24 142 10
24 116 12
24 78 10
25 71 8
25 199 9
25 109 12
25 33 9
25 47 10
25 51 15
25 201 12
25 142 11
25 205 9
25 58 9
25 141 10
26 114 9
26 123 10
26 194 12
26 201 9
26 45 13
26 48 10
26 178 11
26 170 9
26 74 13
26 73 11
27 153 13
27 140 6
27 244 11
27 142 8
27 233 9
27 146 12
27 148 7
27 80 11
28 221 11
28 66 12
28 249 10
28 115 11
28 110 9
28 91 5
28 167 8
28 33 12
21 28 11
29 191 13
29 150 13
29 33 10
0 29 9
29 189 12
18 29 12
29 168 13
29 176 12
29 103 11
30 218 9
30 116 12
30 141 13
30 37 10
30 111 10
9 30 11
30 244 11
5 30 6
30 233 11
30 130 11
31 148 15
31 195 10
31 185 13
31 212 13
14 31 12
31 34 14
31 127 10
31 160 9
4 31 14
31 105 8
32 171 9
15 32 9
32 82 10
0 32 13
32 86 13
32 96 9
32 88 9
32 95 9
33 67 10
33 82 10
16 33 9
33 223 12
31 33 9
33 85 12
33 35 10
33 188 11
33 68 13
33 116 8
34 114 10
34 214 8
34 63 10
34 172 11
34 74 10
34 115 9
34 205 12
34 171 12
5 34 8
34 99 8
35 192 11
35 139 8
35 189 10
35 57 14
8 35 7
35 99 14
35 225 13
35 50 15
36 234 9
36 90 13
36 86 10
36 46 8
36 110 14
36 206 12
36 154 10
36 93 13
36 78 7
36 213 13
14 36 9
37 87 9
31 37 9
37 135 6
37 54 12
37 116 9
5 37 11
37 102 9
37 90 11
37 205 11
37 128 6
20 37 8
38 211 12
17 38 12
38 230 13
26 38 11
38 64 12
38 68 12
38 225 12
38 97 10
39 228 9
39 159 10
39 115 13
39 195 11
39 94 10
39 87 7
39 240 11
39 69 10
39 112 11
39 144 11
39 61 9
4 40 7
10 40 9
40 66 10
40 219 12
40 207 12
40 153 10
40 159 10
31 40 11
40 54 10
40 191 9
40 213 9
1 41 12
41 77 9
41 71 10
41 102 6
41 183 13
41 42 9
41 176 10
41 57 10
41 206 15
41 47 8
41 85 12
42 48 7
42 247 9
42 208 11
42 248 11
42 172 12
42 216 9
42 157 8
42 155 13
42 236 13
42 114 10
42 249 10
20 43 11
43 129 10
43 101 12
43 177 11
43 58 5
43 218 11
43 248 11
43 230 14
10 43 11
23 43 8
43 175 9
28 44 12
44 238 12
44 115 9
44 89 11
44 85 7
44 137 9
44 173 9
11 44 7
44 104 10
44 54 12
45 129 10
45 92 13
45 184 12
45 212 8
45 72 11
45 122 10
45 222 14
34 45 9
45 66 11
15 45 8
46 183 11
46 194 6
46 161 13
46 100 13
46 132 10
46 138 9
46 178 16
21 46 11
42 46 8
46 69 15
18 47 10
47 203 11
47 219 10
47 215 8
47 125 12
47 197 8
21 47 9
47 109 9
47 139 11
7 47 8
47 148 9
15 48 11
48 160 12
31 48 13
48 163 10
48 208 13
48 130 9
48 216 9
48 141 10
48 249 11
48 137 11
49 99 10
49 150 6
49 93 10
49 186 8
49 142 13
33 49 15
49 72 11
49 119 15
6 50 11
50 137 8
47 50 13
50 191 15
50 184 11
27 50 10
50 197 12
50 212 9
51 229 12
51 53 9
51 125 6
51 71 10
11 51 9
51 143 10
51 52 10
51 76 10
43 52 9
52 132 8
52 66 6
12 52 13
52 194 9
52 241 11
52 195 9
52 230 12
52 114 14
52 76 12
53 165 12
53 102 13
53 198 8
28 53 7
41 53 9
53 137 13
53 166 7
53 156 12
53 216 9
54 199 10
54 90 12
54 156 9
54 69 8
46 54 9
41 54 8
54 110 12
54 73 12
25 54 13
9 54 9
54 64 9
55 202 12
55 118 10
55 180 9
27 55 8
55 104 7
50 55 11
42 55 10
55 164 12
55 196 13
55 165 8
21 56 13
56 195 8
56 83 10
1 56 12
28 56 10
56 141 8
5 56 10
3 56 11
56 119 7
56 174 11
56 205 11
57 210 9
57 97 12
57 90 10
57 163 8
57 153 12
1 57 9
43 57 13
57 113 12
57 89 12
57 132 10
57 148 9
31 58 13
58 111 13
58 201 9
58 63 10
58 92 12
37 58 16
58 107 9
58 146 9
58 87 11
58 185 13
59 124 13
59 149 9
59 226 16
59 106 14
10 59 11
59 132 13
59 151 11
28 59 10
59 115 9
60 207 10
60 133 9
60 100 10
41 60 11
60 147 10
10 60 11
60 210 8
60 112 13
60 179 8
60 81 10
60 160 11
61 159 8
61 224 11
61 147 11
61 163 8
55 61 9
61 170 12
61 195 9
61 151 13
61 146 9
61 116 13
61 245 9
43 62 12
50 62 6
62 223 9
62 115 10
62 121 10
15 62 8
62 128 12
62 188 10
62 170 15
13 62 11
63 142 8
63 154 9
63 137 12
63 227 12
41 63 12
63 156 7
63 124 7
63 67 12
61 63 12
63 134 10
64 227 12
64 73 13
23 64 12
64 213 11
64 221 11
64 83 14
64 85 8
64 175 9
64 238 5
65 66 10
65 148 12
65 231 15
65 186 12
65 68 10
65 115 11
65 125 9
65 206 9
65 235 11
26 65 11
66 190 14
50 66 12
66 236 7
39 66 11
44 66 10
66 122 9
66 88 11
55 66 10
56 66 12
67 145 10
67 117 14
67 131 10
67 188 13
67 223 12
67 119 10
67 111 8
67 75 10
3 67 8
67 84 13
12 68 11
68 70 11
68 122 11
68 149 13
68 200 10
68 233 10
68 197 7
8 68 13
68 124 9
69 239 12
69 133 12
1 69 11
69 98 12
69 117 10
69 105 11
53 69 13
69 169 12
69 190 14
58 69 12
70 230 12
70 223 12
70 232 12
13 70 14
7 70 11
31 70 12
70 166 6
70 196 11
61 70 12
71 195 13
37 71 8
11 71 11
71 236 6
71 213 10
71 118 14
71 204 13
71 166 10
71 153 8
72 91 10
72 212 9
38 72 7
22 72 10
72 90 12
72 242 8
72 221 12
72 97 11
73 132 7
73 104 10
73 98 9
6 73 12
73 180 12
73 200 15
73 242 8
73 196 10
73 114 9
73 249 10
74 213 13
48 74 11
74 173 12
74 199 9
7 74 12
74 120 10
74 133 11
74 249 14
74 107 8
74 80 10
75 176 9
75 116 10
75 109 12
75 213 8
7 75 12
61 75 9
75 198 13
75 196 10
75 133 9
76 247 10
0 76 11
23 76 12
76 128 11
76 142 14
53 76 13
69 76 12
76 223 9
28 76 12
76 117 11
76 240 13
77 108 10
77 168 9
77 162 12
20 77 13
46 77 8
77 175 11
77 248 11
77 91 12
77 126 11
77 188 12
42 78 10
78 136 13
4 78 11
78 207 8
41 78 12
78 80 12
78 152 12
8 78 10
78 190 14
78 245 11
30 78 12
79 130 11
79 111 10
79 113 15
79 149 11
12 79 13
79 161 12
79 216 12
79 134 9
79 110 11
50 79 9
35 79 13
80 195 10
80 100 7
80 240 12
80 85 11
80 172 11
80 148 9
80 225 14
80 161 8
80 124 10
41 80 8
19 80 9
28 81 13
81 137 13
81 178 13
81 179 11
81 102 11
81 135 9
81 248 14
67 81 13
81 106 14
82 107 12
82 161 11
82 101 11
81 82 10
18 82 11
82 195 11
82 88 12
65 82 10
83 213 12
77 83 9
83 197 12
83 236 9
83 121 7
83 146 11
83 147 7
83 162 12
83 145 12
84 100 9
84 231 8
84 175 10
58 84 8
84 122 8
84 91 10
84 97 9
66 84 12
57 84 10
85 208 10
85 212 10
85 221 10
85 88 7
85 89 7
52 85 11
85 211 11
85 129 5
0 85 11
85 145 9
86 111 9
21 86 10
86 235 14
76 86 8
86 154 8
86 102 9
86 191 12
86 230 10
72 86 9
87 232 10
13 87 11
68 87 10
87 112 11
24 87 13
87 236 14
22 87 12
87 225 11
87 214 13
87 178 12
88 152 14
31 88 13
88 89 10
88 247 9
88 131 10
18 88 8
88 203 11
29 88 10
26 88 9
89 170 6
29 89 10
27 89 12
89 124 11
89 119 6
89 142 10
89 220 9
89 98 10
90 210 10
65 90 7
90 153 13
90 115 7
44 90 15
53 90 9
90 236 9
90 104 10
70 90 11
3 90 12
91 172 12
91 184 9
91 203 9
73 91 15
91 149 11
82 91 13
91 191 6
3 91 8
91 195 9
87 91 10
71 92 9
19 92 7
21 92 11
92 107 10
92 178 12
90 92 13
15 92 16
86 92 15
38 93 12
93 138 10
26 93 10
25 93 10
90 93 11
89 93 9
8 93 7
93 108 10
93 119 15
93 226 9
94 165 12
86 94 15
36 94 9
94 173 7
42 94 12
94 244 13
94 124 12
69 94 8
11 94 10
84 95 11
46 95 8
69 95 6
95 103 11
95 111 11
58 95 10
95 185 11
95 204 10
95 171 11
95 217 12
96 139 8
96 222 10
96 232 10
1 96 11
58 96 8
0 96 11
7 96 11
96 235 13
96 184 11
96 108 9
97 105 12
97 129 11
28 97 13
97 123 10
82 97 10
97 138 10
97 243 9
31 97 15
97 144 11
41 97 11
98 128 11
98 109 10
31 98 9
98 235 11
64 98 9
98 115 12
98 181 11
10 98 13
5 98 9
99 213 12
99 197 13
76 99 13
99 180 9
99 208 11
82 99 10
99 133 12
28 99 10
63 99 12
84 99 10
100 128 13
100 218 9
100 215 7
97 100 9
12 100 11
100 226 8
100 245 7
100 155 14
100 229 11
0 100 8
101 181 7
97 101 8
101 102 10
98 101 13
15 101 10
101 187 15
101 147 9
62 101 11
1 101 13
101 191 10
28 101 12
101 176 9
102 125 9
58 102 9
102 132 13
102 211 9
39 102 11
102 158 10
102 241 7
102 182 11
102 209 11
103 211 10
48 103 8
103 242 9
103 215 10
57 103 9
90 103 8
103 104 13
85 103 8
103 216 9
103 241 12
43 104 7
104 172 16
104 214 13
62 104 11
104 239 11
104 179 9
104 228 9
42 104 9
104 136 12
49 104 10
92 104 12
105 178 11
26 105 11
105 130 11
18 105 10
105 218 11
89 105 9
55 105 9
105 186 13
6 105 10
105 244 12
42 105 14
106 185 9
106 132 11
106 216 9
106 231 10
98 106 11
103 106 12
106 131 15
34 106 11
24 106 7
106 177 10
37 106 5
8 107 11
9 107 13
107 128 10
107 171 12
73 107 14
107 225 12
107 152 12
107 245 10
107 137 12
107 127 11
8 108 14
108 153 12
108 115 8
108 248 9
34 108 12
108 166 9
31 108 11
108 169 10
88 108 14
108 245 12
108 149 9
109 163 11
109 223 9
68 109 9
23 109 15
35 109 9
109 181 9
109 145 6
8 109 9
86 109 9
94 109 11
85 110 10
110 217 9
37 110 9
80 110 9
59 110 8
110 195 8
110 135 10
110 129 10
110 237 12
111 217 9
101 111 11
82 111 14
0 111 13
111 180 10
111 194 9
111 195 13
111 129 12
48 111 11
111 152 11
111 236 12
78 111 8
112 244 6
5 112 12
112 113 9
112 191 9
33 112 9
112 190 12
112 176 13
112 192 9
46 113 14
44 113 12
113 184 10
113 114 12
31 113 8
113 158 8
41 113 13
113 206 7
88 113 10
94 113 11
37 113 8
19 114 13
114 162 10
53 114 9
114 138 10
114 221 11
114 155 10
114 198 10
65 114 9
114 224 8
114 217 8
60 115 10
115 198 11
115 165 12
10 115 11
115 175 10
115 207 10
115 142 7
115 183 11
115 178 8
115 189 10
116 126 8
116 196 13
88 116 11
116 210 13
116 209 13
116 132 11
92 116 11
116 237 13
116 186 11
69 116 9
116 241 9
117 131 7
117 206 13
58 117 10
117 153 12
117 201 12
117 203 13
117 234 12
35 117 13
4 118 11
118 158 7
118 196 8
9 118 10
33 118 7
77 118 12
118 209 6
46 118 10
118 127 9
118 167 11
65 119 9
47 119 9
119 154 7
101 119 13
51 119 12
119 124 9
102 119 9
119 231 12
3 119 11
119 187 13
120 215 8
120 193 9
70 120 10
110 120 12
17 120 6
105 120 10
2 120 10
120 234 10
115 120 8
42 120 11
57 120 12
29 121 14
121 182 8
68 121 11
44 121 15
121 122 10
121 197 11
121 209 12
34 121 10
121 193 11
121 239 12
50 121 12
122 193 10
93 122 8
31 122 8
100 122 9
122 179 9
122 214 10
79 122 11
38 122 10
43 122 11
122 135 7
122 173 8
40 123 11
80 123 14
123 235 12
123 210 11
123 182 13
53 123 9
123 140 9
123 143 11
117 123 14
123 136 10
79 124 7
124 242 14
124 185 10
124 219 6
114 124 13
72 124 12
124 224 11
124 247 13
124 226 14
51 124 12
8 125 12
125 200 8
125 181 11
92 125 9
125 150 10
125 238 11
115 125 10
100 125 13
0 125 9
125 230 12
79 126 9
126 216 7
126 169 10
106 126 13
2 126 11
100 126 7
126 188 10
126 172 11
71 126 10
83 126 13
104 127 12
54 127 15
127 185 9
127 241 8
127 165 11
44 127 11
127 188 12
8 127 8
81 127 11
127 150 3
115 127 9
71 128 11
12 128 9
128 164 9
11 128 8
51 128 11
128 179 8
128 155 10
128 243 10
128 212 11
101 128 10
128 248 12
47 129 8
87 129 12
129 133 10
129 237 10
126 129 10
129 175 11
39 129 10
101 129 10
81 129 8
129 164 13
5 130 9
130 231 9
130 202 12
103 130 8
130 242 8
75 130 13
77 130 9
96 130 9
130 245 9
130 136 11
108 131 11
44 131 8
131 156 11
107 131 13
58 131 11
131 190 11
131 243 9
131 158 10
105 131 10
66 131 9
131 212 10
132 175 8
83 132 10
72 132 10
27 132 14
115 132 10
105 132 11
132 231 12
7 132 13
68 133 8
133 182 13
12 133 10
133 195 10
133 237 10
67 133 13
73 133 11
133 245 9
133 249 10
133 146 11
134 237 11
4 134 10
134 164 9
134 141 12
88 134 10
78 134 13
134 168 12
134 236 8
45 134 10
135 184 9
135 154 9
135 142 11
135 176 9
135 213 11
131 135 10
113 135 12
59 135 14
135 180 10
135 238 10
124 135 9
136 184 11
134 136 7
16 136 7
50 136 12
136 221 11
53 136 8
79 136 14
136 176 7
62 136 12
78 137 8
95 137 15
87 137 9
105 137 11
133 137 10
57 137 10
27 137 8
33 137 11
100 137 12
137 172 14
137 223 9
88 138 12
20 138 12
138 209 8
25 138 9
138 217 7
127 138 15
138 180 10
138 232 8
138 155 10
35 138 8
139 194 12
139 151 9
133 139 9
63 139 8
139 163 13
139 181 13
128 139 13
139 239 10
139 228 10
140 190 13
75 140 5
82 140 10
62 140 14
58 140 7
139 140 11
140 246 8
140 168 11
107 140 11
81 140 6
140 183 10
140 242 13
141 187 10
141 149 11
141 214 13
27 141 12
61 141 14
66 141 9
82 141 13
141 211 12
38 141 12
142 202 9
12 142 11
59 142 8
130 142 13
139 142 10
2 142 11
142 209 11
142 167 13
131 142 10
69 143 13
143 200 12
143 162 15
143 170 9
35 143 8
143 225 12
6 143 7
17 143 10
18 143 14
143 234 7
5 144 12
4 144 10
105 144 9
16 144 11
144 160 9
1 144 10
123 144 5
101 144 12
144 221 5
144 229 9
145 168 11
124 145 9
14 145 13
145 223 8
13 145 11
140 145 8
145 231 12
2 145 13
49 145 9
102 146 8
127 146 12
146 192 10
142 146 10
124 146 13
46 146 11
55 146 15
3 146 6
146 211 9
146 241 8
147 196 11
5 147 5
47 147 10
127 147 12
119 147 12
56 147 8
147 175 13
41 147 12
45 147 10
147 158 10
48 148 12
127 148 11
148 174 7
58 148 11
148 248 12
148 225 9
102 148 14
45 148 12
89 148 9
148 186 11
145 149 12
149 168 8
149 150 10
45 149 10
76 149 10
149 217 8
149 163 8
77 149 11
55 149 12
81 150 9
112 150 9
15 150 11
117 150 14
60 150 10
150 205 8
150 180 14
35 150 8
37 150 8
150 216 11
148 150 15
151 240 9
127 151 5
151 227 8
151 197 10
151 176 9
92 151 12
119 151 13
126 151 10
83 151 9
151 174 8
151 247 11
152 240 8
152 238 9
4 152 10
8 152 7
152 174 10
117 152 9
152 157 10
152 201 9
152 230 12
18 153 11
73 153 11
37 153 12
153 166 10
137 153 9
125 153 13
153 244 11
153 249 8
79 153 12
4 153 12
153 224 13
89 154 7
82 154 9
154 160 9
146 154 13
148 154 9
105 154 10
154 174 11
154 219 11
154 192 12
154 244 10
62 155 12
77 155 11
142 155 12
155 201 10
136 155 11
155 234 11
155 198 11
126 155 11
37 156 12
156 189 11
43 156 7
156 217 10
117 156 10
115 156 8
110 156 10
156 167 11
46 156 7
139 156 8
156 204 10
157 204 8
146 157 10
157 167 13
157 169 11
126 157 13
24 157 8
130 157 12
22 157 11
6 157 10
82 157 7
157 170 13
158 190 10
158 168 10
56 158 14
158 225 14
66 158 12
26 158 12
12 158 9
152 158 11
8 158 10
159 217 12
129 159 11
159 226 8
107 159 9
159 164 10
30 159 10
62 159 11
159 160 14
3 159 12
160 169 12
7 160 11
155 160 10
160 228 11
119 160 12
160 182 12
160 216 10
50 160 9
16 160 9
121 160 10
136 161 11
161 185 11
161 165 12
161 197 11
69 161 12
6 161 9
161 220 9
151 161 13
22 161 13
161 182 6
43 161 11
162 194 9
42 162 12
24 162 13
38 162 8
162 231 14
28 162 11
91 162 9
37 162 13
60 162 11
162 186 13
86 163 9
92 163 9
155 163 12
103 163 13
66 163 10
154 163 10
118 163 9
163 213 8
163 179 13
163 233 12
108 164 10
115 164 12
93 164 11
164 169 11
74 164 12
54 164 12
164 201 9
67 164 10
164 215 13
14 164 10
66 164 12
70 165 10
91 165 10
60 165 12
165 176 9
36 165 9
69 165 9
86 165 11
165 189 11
165 231 10
165 185 12
147 165 9
166 185 11
45 166 7
128 166 8
166 220 13
69 166 10
146 166 9
124 166 13
166 233 11
166 177 11
122 166 11
166 213 11
24 167 14
167 168 10
167 191 12
148 167 10
71 167 11
16 167 11
75 167 12
167 194 13
167 220 8
165 167 10
168 216 14
34 168 9
109 168 9
112 168 11
16 168 10
168 188 10
168 169 9
87 168 12
168 204 12
7 168 12
168 222 9
143 168 7
76 169 11
18 169 9
169 183 10
169 179 14
156 169 9
133 169 13
149 169 4
169 198 9
154 169 13
74 169 10
169 199 11
32 170 14
41 170 6
132 170 10
120 170 12
108 170 12
170 216 12
169 170 10
47 170 9
170 200 10
103 170 9
8 170 12
149 171 12
4 171 9
45 171 10
104 171 10
21 171 11
101 171 13
133 171 12
92 171 11
44 171 11
76 171 7
42 171 13
71 172 7
50 172 12
8 172 13
172 222 15
149 172 11
172 177 12
101 172 10
36 172 11
143 172 10
64 172 12
173 244 8
134 173 8
61 173 7
173 247 11
168 173 14
43 173 10
172 173 14
143 173 10
173 184 11
174 229 11
41 174 10
174 191 10
100 174 9
91 174 9
174 177 11
0 174 12
36 174 7
174 183 12
175 243 14
140 175 10
56 175 12
78 175 9
47 175 8
175 229 11
3 175 9
54 175 11
86 175 9
175 233 10
98 175 9
176 219 10
103 176 12
176 224 9
176 242 9
121 176 8
17 176 9
125 176 12
169 176 13
43 176 10
164 176 10
39 177 11
113 177 9
152 177 11
129 177 9
99 177 7
91 177 11
79 177 8
105 177 11
151 177 12
55 177 9
57 177 11
178 244 12
110 178 9
178 241 14
107 178 11
178 222 10
30 178 9
136 178 11
82 178 8
88 178 9
54 179 10
3 179 12
39 179 12
179 223 10
126 179 13
18 179 14
156 179 12
132 179 6
26 179 9
140 179 12
95 180 9
177 180 7
160 180 9
132 180 11
180 193 14
155 180 12
101 180 11
37 180 10
181 207 11
53 181 10
118 181 9
147 181 13
33 181 9
37 181 13
181 212 11
181 215 7
182 236 10
59 182 10
182 243 9
55 182 9
182 220 9
116 182 13
120 182 9
182 207 12
154 182 12
113 183 12
11 183 9
183 236 13
76 183 9
129 183 14
1 183 13
179 183 8
183 200 8
141 183 12
183 194 11
183 188 7
181 184 11
130 184 10
174 184 10
177 184 11
154 184 11
163 184 11
121 184 11
158 184 7
172 184 11
37 184 8
49 185 8
173 185 13
128 185 10
47 185 10
185 207 9
185 248 13
4 185 14
135 185 7
126 185 12
186 192 8
186 188 10
140 186 13
18 186 9
186 190 9
186 212 10
57 186 10
119 186 7
103 186 6
138 186 8
68 186 8
81 186 10
82 187 13
187 236 8
27 187 9
65 187 14
35 187 9
187 241 15
155 187 10
159 187 8
187 243 10
147 187 12
133 187 10
188 201 12
162 188 7
154 188 9
87 188 10
125 188 14
188 216 15
188 237 13
173 188 8
169 188 8
61 189 11
13 189 10
189 209 12
189 218 10
189 194 5
69 189 9
189 235 11
96 189 12
90 189 12
138 190 11
180 190 12
130 190 12
154 190 12
21 190 11
37 190 11
80 190 9
23 190 10
41 190 10
190 216 7
147 191 10
191 249 12
191 206 10
126 191 7
27 191 10
52 191 10
191 198 9
157 191 9
57 191 12
54 191 9
93 192 13
72 192 9
192 230 12
133 192 12
180 192 12
75 192 10
141 192 10
9 192 7
88 192 8
131 192 11
193 207 9
131 193 12
179 193 8
41 193 11
92 193 10
193 216 13
159 193 12
193 219 9
49 193 9
180 194 5
194 199 13
194 239 13
163 194 10
22 194 9
193 194 12
151 194 10
191 194 11
194 235 11
170 194 12
154 195 13
195 242 11
195 239 10
195 246 7
175 195 11
172 195 11
131 195 9
195 249 11
160 195 13
126 195 10
196 213 11
56 196 9
48 196 11
196 212 13
158 196 12
111 196 12
86 196 11
130 196 11
173 196 8
197 235 8
134 197 9
90 197 11
77 197 11
19 197 11
154 197 14
62 197 11
197 245 11
104 197 11
111 197 12
98 197 9
197 208 12
198 221 12
143 198 9
173 198 7
147 198 16
198 204 9
24 198 8
8 198 13
45 198 13
0 198 8
164 199 11
66 199 14
24 199 10
49 199 14
75 199 11
122 199 10
188 199 11
146 199 11
32 199 14
199 204 11
19 199 11
186 200 11
200 240 13
45 200 9
188 200 11
123 200 10
100 200 10
118 200 14
190 200 12
87 200 15
37 200 8
8 200 10
50 200 13
1 201 10
103 201 9
93 201 8
11 201 9
145 201 14
173 201 12
198 201 12
33 201 12
57 201 15
158 202 8
120 202 10
14 202 10
89 202 9
150 202 11
49 202 12
185 202 12
201 202 13
86 203 10
188 203 10
19 203 11
203 224 9
33 203 12
203 242 9
193 203 10
101 203 13
27 203 14
180 203 11
203 220 11
51 204 7
118 204 12
204 223 11
163 204 10
97 204 9
116 204 7
62 204 13
30 204 8
104 204 14
205 233 11
35 205 11
92 205 14
205 246 11
115 205 10
41 205 10
43 205 9
205 224 11
185 205 10
48 205 9
36 205 11
205 247 10
95 206 12
83 206 11
76 206 9
153 206 13
194 206 7
136 206 8
157 206 10
127 206 12
103 206 9
131 206 11
200 206 10
207 222 11
0 207 11
204 207 13
111 207 11
187 207 11
29 207 10
207 241 7
207 216 11
64 207 12
207 245 11
4 208 9
202 208 11
89 208 8
113 208 8
55 208 10
208 228 10
111 208 13
169 208 12
108 208 10
140 209 8
10 209 8
33 209 8
147 209 12
26 209 11
23 209 11
107 209 7
166 209 8
125 209 10
80 209 10
140 210 7
189 210 9
25 210 10
172 210 13
171 210 10
37 210 12
74 210 9
38 210 7
180 210 14
71 211 11
211 234 12
75 211 9
131 211 14
211 241 11
59 211 12
172 211 9
190 211 14
211 214 11
211 218 13
211 229 9
138 212 14
209 212 10
99 212 10
56 212 13
212 220 13
71 212 11
96 212 13
147 212 10
44 212 11
165 212 11
146 213 9
209 213 13
132 213 11
79 213 10
206 213 11
195 213 9
173 213 13
110 213 10
122 213 12
136 213 12
214 246 14
76 214 9
214 232 11
82 214 11
39 214 11
214 242 15
83 214 10
5 214 9
214 222 10
169 214 8
88 215 11
215 241 14
78 215 11
108 215 9
63 215 10
79 215 13
162 215 10
56 215 12
76 215 14
137 216 12
26 216 14
216 231 9
77 216 10
149 216 12
134 216 11
138 216 12
194 216 10
204 216 12
217 247 9
72 217 14
166 217 10
55 217 9
153 217 10
217 236 9
133 217 11
1 217 14
184 217 13
218 245 6
68 218 7
146 218 10
45 218 9
218 239 9
116 218 10
8 218 10
67 218 14
167 218 12
134 218 7
20 218 8
179 219 10
206 219 6
66 219 7
217 219 10
9 219 12
219 242 12
94 219 7
22 219 12
83 219 7
195 219 12
29 219 10
196 220 13
12 220 10
220 249 9
165 220 9
206 220 10
43 220 10
96 220 9
191 220 12
126 220 9
187 221 10
154 221 8
6 221 12
105 221 13
101 221 13
186 221 12
55 221 13
79 221 9
142 221 11
14 221 8
172 221 9
202 221 12
115 222 12
184 222 15
89 222 7
84 222 12
63 222 10
208 222 10
28 222 14
185 222 14
222 239 11
186 222 10
139 222 12
205 223 8
69 223 9
160 223 9
196 223 9
86 223 10
28 223 9
5 223 9
40 223 6
206 223 11
23 223 10
72 224 8
143 224 15
17 224 12
181 224 12
120 224 14
224 246 11
91 224 14
224 241 11
223 224 11
111 224 9
14 224 13
50 225 11
82 225 13
101 225 11
190 225 12
63 225 10
127 225 14
83 225 9
225 238 9
19 225 14
111 226 10
140 226 11
128 226 12
47 226 11
38 226 11
157 226 10
224 226 16
148 226 12
63 226 13
54 226 12
227 249 9
134 227 9
159 227 11
55 227 14
43 227 9
118 227 10
227 229 10
188 227 16
9 227 11
6 227 9
117 227 13
194 228 7
159 228 10
207 228 10
1 228 9
33 228 9
168 228 11
87 228 6
95 228 10
79 228 12
219 228 7
163 228 8
228 247 8
146 229 11
190 229 7
82 229 11
3 229 14
166 229 9
56 229 11
178 229 12
2 229 13
39 229 12
73 229 9
42 230 10
185 230 11
146 230 8
230 231 13
153 230 12
222 230 12
128 230 9
195 230 13
130 230 11
14 230 11
25 230 12
80 231 12
37 231 9
8 231 10
53 231 9
200 231 12
175 231 9
231 241 9
133 231 12
144 231 11
127 231 10
16 232 8
232 241 12
205 232 10
91 232 15
164 232 6
133 232 9
55 232 10
232 233 8
208 233 12
102 233 12
15 233 13
42 233 14
20 233 12
233 240 10
67 233 11
43 233 12
204 233 10
165 233 12
107 234 13
123 234 8
44 234 11
234 244 11
20 234 7
204 234 10
166 234 9
116 234 11
225 234 10
83 235 9
137 235 6
175 235 10
8 235 8
104 235 9
11 235 9
74 235 6
43 235 9
6 235 10
119 235 11
93 236 11
86 236 11
221 236 6
104 236 10
12 236 9
49 236 9
128 236 9
235 236 11
199 236 9
47 236 12
19 237 11
53 237 10
81 237 9
135 237 9
233 237 10
38 237 10
237 244 6
46 237 8
154 237 12
120 238 9
149 238 12
138 238 14
190 238 10
98 238 12
48 238 9
121 238 7
30 238 10
21 238 9
238 249 11
233 238 13
35 239 11
148 239 13
100 239 11
217 239 8
203 239 9
66 239 12
59 239 12
99 239 9
220 239 12
234 239 11
42 239 12
156 240 13
31 240 9
35 240 12
226 240 10
25 240 7
173 240 11
32 240 9
45 240 11
131 241 10
20 241 11
158 241 7
0 241 10
192 241 11
45 241 9
241 243 7
61 241 10
209 241 10
26 241 12
167 241 11
189 241 13
201 242 12
67 242 12
193 242 10
36 242 8
231 242 13
151 242 12
114 242 8
31 242 11
131 242 12
232 243 10
104 243 6
138 243 12
81 243 11
23 243 11
118 243 13
145 243 13
225 243 14
196 243 12
75 243 9
12 244 10
184 244 11
204 244 11
68 244 8
67 244 12
196 244 11
89 244 9
21 244 11
41 244 12
88 244 9
2 244 12
152 244 14
106 245 15
51 245 16
236 245 8
3 245 12
194 245 14
176 245 14
121 245 11
58 245 7
64 245 12
134 245 15
96 246 9
201 246 11
39 246 11
93 246 9
104 246 12
197 246 8
133 246 12
51 246 11
65 247 10
185 247 11
211 247 14
78 247 8
175 247 12
243 247 9
212 247 12
93 247 11
224 247 5
132 247 10
4 247 9
157 248 11
164 248 12
159 248 11
116 248 10
136 248 10
178 248 9
92 248 12
191 248 11
152 248 11
240 248 11
192 249 11
233 249 16
141 249 9
11 249 12
26 249 11
202 249 11
43 249 14
145 249 10
143 249 12
162 249 6
