250
0
4
4
6
5
10
10
3
1
2
8
9
7
3
2
4
8
9
9
9
8
2
3
2
5
8
2
2
3
4
8
8
6
7
3
2
2
1
2
9
4
9
3
1
10
4
4
9
7
9
3
8
3
5
5
10
10
1
2
6
8
1
4
8
5
3
10
1
3
8
3
4
9
8
6
1
6
4
6
7
6
2
9
4
9
10
10
5
8
2
7
10
8
3
8
7
5
9
2
9
5
9
9
6
9
5
1
1
1
6
9
1
5
9
10
5
6
7
8
9
5
2
2
7
6
1
8
3
10
2
9
7
6
4
5
3
5
7
6
8
3
5
2
8
1
7
10
1
6
4
8
3
5
9
5
3
6
6
5
3
9
5
2
2
6
2
1
6
3
2
3
2
8
9
4
7
9
3
7
7
3
1
7
5
4
2
2
5
8
5
3
7
6
4
6
3
5
7
7
3
2
8
5
3
9
2
9
5
7
3
6
2
8
3
7
8
3
4
4
9
2
7
4
3
8
5
8
7
9
6
7
3
7
9
4
6
9
9
8
7
9
5
4
4
8
1
3
5
9
3
0 14 10
0 159 12
0 63 12
1 206 11
1 203 14
1 55 11
1 162 12
2 145 7
2 138 11
2 15 10
2 55 9
2 100 8
2 239 11
3 123 15
3 111 10
3 165 11
3 81 12
3 95 10
3 121 15
4 230 11
4 75 12
4 109 12
4 145 11
4 246 9
4 115 13
5 95 13
5 86 8
5 41 11
5 216 13
5 33 10
5 181 9
6 110 10
6 148 12
6 180 11
6 204 8
6 70 11
6 113 13
7 229 10
7 57 13
7 9 11
7 199 10
7 235 9
7 194 10
8 199 8
8 158 11
8 41 10
8 214 8
9 100 11
9 76 13
9 38 10
9 74 9
9 246 13
9 126 8
10 130 8
10 80 11
10 152 11
10 11 11
10 215 9
11 117 10
11 47 10
11 21 12
12 154 9
12 214 11
12 133 7
12 84 11
12 103 13
12 56 12
12 248 14
13 230 13
13 128 13
13 119 11
13 218 8
13 172 12
13 51 8
14 129 12
14 116 10
14 198 11
14 128 6
15 237 13
15 197 14
15 18 10
15 39 12
15 73 10
15 248 9
16 196 10
16 172 10
16 241 7
16 111 12
17 199 11
17 235 9
17 191 10
17 205 14
18 149 6
18 170 10
18 67 11
18 21 10
18 227 10
18 107 12
18 171 10
19 76 11
19 31 11
19 47 8
19 105 10
20 193 8
20 218 7
20 191 8
20 70 10
20 228 11
20 164 7
21 230 9
21 132 11
17 21 11
21 156 17
14 22 10
22 102 10
22 140 12
9 22 15
22 247 10
22 183 10
22 198 10
23 103 11
23 117 11
23 77 10
24 48 11
24 80 8
5 24 8
24 224 11
24 139 13
25 203 10
25 104 11
25 35 10
25 32 12
25 244 8
26 203 13
26 93 11
26 183 13
26 145 11
26 109 13
27 227 9
27 58 9
27 109 13
27 78 10
27 64 9
27 45 11
28 232 8
28 229 9
28 123 11
28 183 11
28 69 12
6 28 12
29 214 7
12 29 11
29 213 9
29 112 13
29 192 13
29 196 9
30 106 11
30 95 13
30 119 11
30 103 11
30 248 14
30 92 11
30 46 10
31 203 14
31 140 10
31 167 9
31 218 12
31 65 11
30 31 12
31 182 7
32 117 10
2 32 9
17 32 14
32 249 14
32 57 11
32 34 8
33 187 9
33 243 15
33 198 10
34 152 9
34 128 11
34 187 9
4 34 8
34 103 10
34 150 4
14 35 10
35 44 11
35 71 13
35 149 10
35 89 13
35 125 11
36 165 12
36 185 11
36 100 12
35 36 12
36 121 12
36 128 9
37 200 13
27 37 13
37 81 11
37 52 10
37 187 11
37 38 11
9 37 8
38 214 12
38 199 11
27 38 15
38 105 11
38 88 10
38 232 12
39 167 11
39 187 8
39 83 8
39 117 10
0 39 12
14 40 13
40 44 11
40 108 9
40 72 11
40 116 11
40 237 10
41 170 10
41 147 8
41 225 9
41 249 10
11 42 9
29 42 11
42 229 10
42 135 9
42 213 8
42 99 11
42 174 12
43 50 12
43 223 7
43 176 13
43 220 11
42 44 12
44 235 8
22 44 11
44 186 8
45 135 12
45 194 11
45 134 12
45 57 10
46 217 12
46 161 9
46 116 9
25 46 11
47 60 16
47 179 8
47 80 10
47 130 14
47 76 11
9 47 12
30 48 14
48 58 11
19 48 13
48 166 11
48 93 7
21 48 11
49 222 11
49 195 13
49 177 9
28 49 8
0 49 11
16 49 12
13 50 10
50 199 11
50 121 13
50 94 5
0 50 9
50 88 9
51 180 8
51 139 12
51 66 10
51 184 13
51 203 14
51 102 13
52 201 9
52 150 13
52 56 10
52 83 12
53 74 12
53 80 9
34 53 9
53 92 11
54 128 9
54 115 10
27 54 11
54 239 13
54 179 10
55 131 9
55 126 4
55 59 13
55 102 13
56 186 9
56 100 10
56 196 14
56 147 13
22 56 11
56 153 9
56 96 11
57 119 9
57 215 10
57 84 12
57 82 14
58 232 10
58 242 12
58 68 10
58 238 11
59 183 11
11 59 8
59 93 13
59 173 13
45 59 11
60 191 10
60 127 8
60 82 12
60 175 8
61 93 8
61 212 11
61 104 7
34 61 9
62 172 7
25 62 14
62 119 10
36 62 12
63 242 10
46 63 13
63 178 10
64 75 9
64 106 12
64 127 13
64 110 9
13 64 11
65 239 11
44 65 8
20 65 11
33 65 11
65 170 15
10 65 13
55 66 11
31 66 10
20 66 8
66 197 12
66 103 10
66 199 9
66 174 10
38 67 14
67 202 12
67 199 11
67 92 13
0 68 12
68 162 11
68 135 12
68 201 9
68 95 11
68 229 10
34 68 13
38 69 11
27 69 9
36 69 9
69 78 10
69 173 11
70 243 10
70 244 11
70 87 9
70 135 13
71 93 13
71 171 13
71 134 9
71 131 10
71 211 15
56 71 8
72 167 6
72 222 11
19 72 8
43 72 12
72 77 7
73 233 7
73 221 12
73 105 8
57 73 12
73 78 10
34 74 10
59 74 10
74 228 12
74 96 8
33 74 12
74 164 10
75 216 10
75 94 13
75 215 10
46 75 10
75 85 11
76 91 10
76 82 10
12 76 9
76 228 11
76 104 10
17 77 11
41 77 12
60 77 7
77 156 12
37 77 12
77 158 8
13 78 11
78 176 10
78 198 8
78 207 10
6 78 10
79 181 14
42 79 12
79 112 9
80 144 11
80 244 7
80 94 9
74 80 8
81 128 12
81 165 14
81 182 7
81 206 10
81 155 5
15 82 13
82 249 12
82 133 10
82 210 4
82 170 11
35 83 6
32 83 12
61 83 10
83 238 12
83 165 14
64 83 11
84 125 15
84 210 9
84 115 9
84 133 13
84 171 10
84 212 9
32 85 9
85 222 9
61 85 12
85 113 10
8 86 11
86 249 10
42 86 13
86 176 11
87 107 9
36 87 11
34 87 10
87 197 10
87 234 13
33 88 7
88 153 14
88 246 11
40 88 9
88 96 9
88 125 14
87 88 8
89 155 7
76 89 9
89 163 9
12 89 3
90 139 10
90 196 11
90 170 10
30 90 11
8 90 9
21 90 11
91 130 13
91 195 14
91 175 9
91 213 11
91 200 11
92 183 10
85 92 10
92 118 12
92 156 10
92 211 11
92 114 13
92 195 12
58 93 10
93 174 9
93 105 10
93 143 10
55 93 10
31 94 7
83 94 10
94 160 13
94 128 9
49 94 11
9 95 11
95 174 12
62 95 7
95 240 12
18 95 12
78 95 12
17 96 13
96 229 7
48 96 11
96 238 12
34 96 11
97 163 12
96 97 9
97 184 11
31 97 15
1 98 9
98 153 13
48 98 10
29 98 12
32 98 10
32 99 10
99 230 11
99 155 11
58 99 10
100 237 13
43 100 10
100 141 13
81 100 8
100 193 10
46 100 10
101 199 14
101 226 10
101 180 8
27 101 7
101 134 10
102 203 10
3 102 11
102 237 11
102 217 11
102 222 10
41 103 6
103 140 9
103 220 8
44 103 12
3 103 13
104 223 7
43 104 11
104 144 15
104 241 12
67 104 6
104 149 7
104 160 10
105 140 11
105 209 12
6 105 15
74 105 12
105 175 11
105 116 11
35 105 10
106 146 10
73 106 14
19 106 12
106 121 13
106 155 12
24 107 10
107 213 11
107 152 11
107 232 10
107 112 10
107 181 11
108 246 12
75 108 11
108 207 11
108 230 9
36 108 12
109 113 11
13 109 11
109 240 11
109 163 10
102 109 11
110 138 10
110 210 12
110 147 9
40 110 13
45 110 7
111 174 11
111 204 11
47 111 14
2 111 13
99 111 9
112 177 10
112 151 11
69 112 14
25 112 13
112 123 9
25 113 10
87 113 11
113 209 15
113 196 9
40 113 12
9 114 11
114 117 11
114 119 11
78 114 12
50 114 9
114 205 10
114 247 9
17 115 7
115 218 12
74 115 10
13 115 9
88 115 14
115 135 10
116 231 13
116 229 9
116 223 11
2 116 14
117 159 9
117 195 13
117 188 9
117 157 4
47 117 10
117 140 12
118 123 11
118 192 10
118 139 8
118 191 13
97 118 9
119 142 7
5 119 9
34 119 12
119 247 12
113 119 10
120 185 11
120 228 7
103 120 7
121 194 12
121 168 13
33 121 9
121 184 7
6 122 9
122 247 8
122 243 11
122 127 10
14 123 9
55 123 8
123 132 12
35 123 13
123 204 11
123 232 10
124 213 13
77 124 10
98 124 12
85 124 12
112 124 6
75 125 9
42 125 9
1 125 12
125 133 12
125 230 11
125 161 8
59 126 10
126 188 11
126 140 10
126 158 10
0 127 9
126 127 10
127 245 7
127 147 6
127 136 12
7 128 12
128 222 8
85 128 10
8 128 12
128 215 11
128 242 10
129 172 10
108 129 12
111 129 10
29 129 11
129 173 10
31 130 10
69 130 10
2 130 9
131 211 13
131 184 10
131 182 11
58 131 11
98 131 5
131 214 13
132 218 11
132 155 15
132 185 10
56 132 11
133 136 11
133 186 10
44 133 9
133 234 11
133 235 11
134 172 11
30 134 12
9 134 10
8 134 10
134 158 14
134 219 12
80 134 9
135 228 11
135 168 10
135 242 11
60 135 12
135 155 13
11 135 10
135 233 11
136 160 12
136 240 9
136 154 7
21 136 12
18 136 7
108 136 9
137 163 13
137 154 10
137 208 13
44 137 11
121 137 11
138 180 10
138 212 12
19 138 9
138 150 9
138 245 12
3 139 12
64 139 8
33 139 11
140 145 11
140 148 8
140 147 12
83 140 10
140 210 11
21 141 13
129 141 10
141 220 8
141 168 13
141 154 11
123 141 5
37 142 7
126 142 11
120 142 12
138 142 13
142 193 7
43 142 4
37 143 9
143 166 14
81 143 11
143 245 10
143 151 13
96 143 10
144 224 6
144 146 10
144 236 9
110 145 12
1 145 11
145 225 13
127 145 10
146 226 8
6 146 9
146 214 9
77 146 9
146 157 12
146 184 10
102 147 13
147 227 11
9 147 11
147 221 10
38 148 11
119 148 6
76 148 11
149 158 13
82 149 13
137 149 14
141 149 10
149 170 12
61 149 10
78 150 8
150 155 12
150 246 9
119 150 14
1 150 9
150 166 9
106 151 13
151 184 11
151 242 10
90 151 10
70 151 10
151 238 9
48 152 13
152 157 11
96 152 12
71 153 13
153 198 7
153 220 12
72 153 12
153 180 7
98 154 11
154 155 8
154 220 12
118 154 7
42 154 10
145 155 12
155 207 9
155 177 12
104 155 13
156 201 12
156 226 5
156 202 13
120 156 9
156 210 9
156 225 9
12 157 13
3 157 11
157 245 9
150 157 11
77 157 8
157 224 12
157 160 9
120 158 13
133 158 14
78 158 8
34 158 12
74 158 6
128 159 10
150 159 7
96 159 11
159 234 13
160 218 9
160 222 11
39 160 13
31 160 11
123 160 11
142 160 6
37 161 10
13 161 8
161 221 12
161 167 6
40 161 9
161 195 6
161 238 14
7 162 11
10 162 12
162 167 11
162 237 12
162 224 15
70 163 6
163 189 12
162 163 8
88 163 10
151 163 8
10 164 9
164 239 10
135 164 8
164 195 9
165 248 11
67 165 10
78 165 11
50 165 13
76 166 10
36 166 12
110 166 11
54 166 12
59 166 11
62 166 11
118 167 10
167 239 7
167 247 11
159 167 14
11 168 11
117 168 11
168 234 11
124 168 11
106 168 9
101 169 12
169 234 10
128 169 10
139 169 14
96 169 15
73 169 8
158 169 10
170 193 15
169 170 9
170 198 11
170 209 7
170 224 11
170 186 11
137 171 10
171 219 12
171 218 14
44 171 15
28 172 7
118 172 8
172 220 9
157 172 13
137 172 8
79 173 12
15 173 12
81 173 6
132 173 8
15 174 10
154 174 10
174 234 11
144 174 11
106 174 10
175 199 10
163 175 8
175 244 12
139 175 11
49 175 8
175 230 12
132 176 12
49 176 12
1 176 9
176 246 14
135 176 11
176 234 14
11 177 10
131 177 10
133 177 13
177 209 6
107 177 12
10 178 10
109 178 12
178 201 13
151 179 11
13 179 12
35 179 9
51 179 10
44 180 9
21 180 11
180 196 10
87 180 6
181 238 8
59 181 13
23 181 11
181 245 10
181 209 9
26 182 8
10 182 7
182 220 14
174 182 13
7 182 11
183 209 12
2 183 9
38 183 11
183 191 7
41 184 13
184 188 12
184 210 11
117 184 10
64 184 8
24 184 14
34 185 12
23 185 10
24 185 8
7 185 13
62 185 11
185 238 11
105 186 14
25 186 9
131 186 9
79 186 11
134 186 12
103 187 8
182 187 7
122 187 8
111 187 11
130 187 9
132 187 14
74 188 11
78 188 11
174 188 10
36 189 12
156 189 10
42 189 12
25 189 10
37 189 12
48 190 8
190 246 12
190 233 11
190 243 8
131 191 7
49 191 10
56 191 11
37 191 8
61 191 7
26 191 16
39 192 10
91 192 9
145 192 13
184 192 8
7 192 11
140 192 8
44 193 9
168 193 11
136 193 13
191 193 12
138 193 12
98 193 9
194 202 12
132 194 8
77 194 10
36 194 10
28 194 11
194 245 10
190 195 5
156 195 6
39 195 10
79 195 13
194 196 13
196 202 12
144 196 13
15 196 10
17 197 9
191 197 15
6 197 13
197 200 9
197 228 13
198 228 12
158 198 9
134 198 13
118 198 11
141 199 9
87 199 11
151 199 9
74 199 13
199 247 11
166 200 13
144 200 8
200 236 10
10 200 9
184 200 13
201 202 9
124 201 9
12 201 14
74 201 10
201 232 11
103 202 7
14 202 10
123 202 16
126 202 11
202 211 13
57 203 12
172 203 7
203 220 10
42 203 9
139 204 14
10 204 11
24 204 11
16 204 9
57 204 9
205 244 9
151 205 9
142 205 10
49 205 12
104 206 8
34 206 12
165 206 5
145 206 9
166 206 10
201 207 7
139 207 10
135 207 12
10 208 12
149 208 10
2 208 8
142 208 9
5 208 12
209 226 12
209 230 7
34 209 12
77 209 11
37 210 11
102 210 12
199 210 11
210 218 7
97 210 11
158 211 11
43 211 9
145 211 10
49 211 10
211 218 12
65 211 12
199 212 12
156 212 9
212 244 11
124 212 9
110 212 11
3 213 14
49 213 12
100 213 12
202 213 12
79 214 12
162 214 11
214 228 10
205 214 7
169 214 10
214 248 10
138 215 7
36 215 5
215 245 10
203 215 8
54 216 9
14 216 10
106 216 10
216 217 11
214 216 12
200 216 12
107 217 11
93 217 11
106 217 13
217 238 13
142 217 10
67 218 11
81 218 9
1 218 11
163 218 12
218 234 10
218 227 12
82 219 9
109 219 10
209 219 12
132 219 8
14 219 9
201 220 10
165 220 9
208 220 15
148 220 8
135 221 12
208 221 10
149 221 10
118 221 9
79 221 9
15 222 10
10 222 11
222 244 8
94 223 8
223 235 15
46 223 8
88 223 11
179 223 9
61 224 14
5 224 11
23 224 8
224 237 13
106 224 13
62 225 8
153 225 12
217 225 10
186 225 13
126 226 11
47 226 8
188 226 17
174 226 10
102 226 13
183 227 10
128 227 11
36 227 10
207 227 10
112 227 10
79 227 10
163 228 10
127 228 12
228 233 12
60 228 8
211 228 11
93 229 10
169 229 10
51 229 13
124 229 10
4 229 12
52 230 11
192 230 8
122 230 9
230 236 10
161 230 9
223 230 10
190 230 8
97 231 11
200 231 11
88 231 11
174 231 9
189 232 9
105 232 9
72 232 13
200 232 10
209 233 9
37 233 11
120 233 11
43 233 15
77 233 12
209 234 9
234 240 7
47 235 10
89 235 10
227 235 13
160 235 8
155 235 11
167 235 10
236 245 14
92 236 9
115 236 9
117 236 10
130 236 11
81 236 12
150 237 8
232 237 13
237 244 14
166 237 7
212 237 11
174 238 9
238 240 14
114 238 9
59 238 9
188 238 14
225 239 10
101 239 13
45 239 12
230 239 8
234 239 11
135 240 10
20 240 8
18 240 11
198 240 10
230 241 14
215 241 8
187 241 9
133 241 12
69 241 13
137 241 8
223 242 10
94 242 10
30 242 11
186 242 11
2 242 9
163 243 9
35 243 12
167 243 13
168 243 13
186 243 10
10 244 8
195 244 12
65 244 12
122 244 11
230 244 8
34 245 10
17 245 8
180 246 10
234 246 13
56 246 10
98 246 14
221 247 11
246 247 11
184 247 10
110 247 11
36 247 10
86 247 11
74 248 9
92 248 8
91 248 9
131 248 9
151 249 12
10 249 10
30 249 8
247 249 14
