250
0
8
5
8
5
2
3
2
6
3
1
9
5
7
3
4
1
7
8
6
8
7
10
7
8
10
7
9
8
4
9
9
10
8
6
4
2
10
8
8
4
6
7
2
2
7
6
6
10
4
8
2
2
3
5
8
1
5
3
3
2
4
8
7
9
7
3
7
3
9
2
4
4
1
10
4
3
2
7
9
7
8
8
3
3
4
4
1
10
8
9
7
1
3
5
2
9
6
5
5
4
6
4
2
6
5
8
4
9
10
9
2
5
5
2
10
3
9
6
6
9
7
8
3
3
4
8
1
4
7
8
9
4
2
9
4
7
10
2
1
6
4
8
5
7
1
2
7
2
8
3
2
8
5
8
2
4
3
6
3
7
9
7
5
7
3
4
7
8
3
10
6
9
10
8
8
3
7
2
2
7
6
5
7
5
4
8
9
2
4
8
1
3
5
5
5
6
7
8
6
6
5
5
4
8
9
9
7
2
3
5
4
4
9
2
5
9
5
4
2
3
4
8
9
7
8
3
7
10
5
4
9
10
3
5
6
6
9
9
2
2
10
9
4
6
3
9
1
2
2
0 237 12
1 81 9
1 170 12
2 74 9
2 186 12
2 192 13
3 216 10
4 188 9
4 175 15
5 216 9
5 44 12
6 102 10
6 220 12
6 155 10
5 6 12
7 242 8
7 18 14
4 8 9
8 56 8
8 196 12
9 43 13
10 188 9
10 143 8
11 215 10
11 119 12
11 142 8
11 136 7
12 213 7
13 37 10
13 215 12
14 243 10
14 38 11
14 89 12
15 115 7
15 166 12
15 215 10
15 50 11
16 217 13
16 228 12
16 27 13
17 102 12
17 65 9
17 136 10
18 119 12
18 65 10
8 19 9
19 70 7
19 114 13
19 233 11
20 208 11
20 56 12
19 20 11
21 246 10
21 98 10
21 226 13
21 48 12
22 71 10
22 122 13
22 240 9
23 218 10
23 132 8
23 109 9
24 139 10
24 58 9
24 46 14
25 194 12
25 75 8
25 85 8
26 37 16
26 123 13
12 27 10
24 27 9
27 182 12
6 28 12
28 63 10
29 151 15
29 114 8
18 29 12
29 138 9
29 85 12
29 38 9
30 232 10
30 64 9
30 244 11
31 88 11
31 102 13
31 106 14
32 221 10
32 213 9
33 142 9
33 37 12
34 224 12
34 113 8
34 148 12
35 138 12
35 69 11
35 132 9
36 54 8
10 36 9
36 243 7
37 246 9
37 222 8
30 37 10
38 92 13
39 160 9
39 48 9
40 235 13
40 128 8
41 119 8
41 68 11
42 92 8
42 69 10
43 197 10
2 44 8
44 63 10
44 191 11
44 224 13
36 45 9
32 45 14
7 46 10
46 184 10
46 247 14
47 232 12
47 56 9
47 117 15
48 61 12
48 219 10
30 48 10
49 119 12
49 135 10
15 49 15
50 110 12
50 193 7
18 50 12
51 63 11
51 136 10
51 170 7
51 81 9
52 135 9
52 230 6
31 52 14
53 168 14
53 162 11
53 63 10
53 172 7
26 54 8
54 154 9
54 143 7
55 213 9
55 159 12
55 164 13
56 112 11
56 203 10
56 224 9
56 241 9
47 57 10
57 235 9
58 66 10
48 58 10
18 59 11
59 127 7
60 93 10
61 196 13
61 91 11
61 171 13
61 62 10
62 233 12
63 116 9
61 63 11
21 63 8
39 64 11
64 155 6
64 137 9
64 249 10
27 65 10
65 141 9
36 66 9
11 66 10
67 177 9
67 132 11
67 125 12
40 68 11
68 78 11
68 236 11
69 122 9
69 105 6
70 192 10
70 236 9
4 70 11
71 173 12
72 108 10
50 72 11
72 73 11
64 73 13
73 163 11
73 180 12
74 171 10
66 74 10
75 176 10
75 103 10
50 75 14
75 79 10
76 232 10
76 128 12
70 77 11
59 77 6
77 164 7
77 158 13
78 156 7
78 86 11
42 78 11
72 78 6
79 108 13
79 204 9
79 191 11
69 80 10
80 140 11
80 223 11
81 106 10
81 197 10
50 82 12
82 197 12
82 184 10
82 156 10
83 86 10
83 101 11
83 152 13
84 153 12
71 84 11
84 208 10
84 220 11
85 124 12
85 127 10
74 85 12
54 86 12
86 129 13
47 87 12
87 147 13
57 87 7
88 175 7
88 106 15
89 180 8
89 224 10
89 110 10
65 90 9
90 154 11
90 141 14
91 211 8
91 176 12
91 164 11
91 132 7
92 96 13
92 100 11
92 181 9
93 178 10
93 106 12
94 154 13
43 94 7
94 222 12
79 95 14
54 95 13
18 96 9
96 239 9
96 117 16
86 96 11
41 97 9
97 187 8
97 98 8
97 221 13
2 97 10
98 151 8
61 98 14
16 98 10
16 99 8
99 149 14
95 100 10
53 100 8
100 185 9
34 100 12
49 101 9
101 126 14
102 203 10
102 121 13
102 205 9
102 171 8
102 149 12
103 134 11
15 103 12
103 234 13
104 197 12
104 162 9
104 142 10
105 140 9
105 136 2
105 197 11
43 105 10
106 243 10
46 106 12
107 186 12
50 107 12
107 112 14
60 107 9
108 206 14
108 123 11
108 130 9
109 155 12
109 194 10
109 110 12
109 147 15
17 109 12
49 110 12
93 110 9
48 111 12
112 238 11
112 143 11
82 112 11
113 236 11
113 241 12
75 113 8
114 240 8
114 126 11
39 114 8
113 114 10
115 188 9
77 115 12
39 115 10
116 184 11
116 156 13
117 183 10
117 232 11
35 117 12
72 118 11
118 156 13
118 226 13
119 222 12
119 190 9
120 237 12
120 128 12
120 208 13
121 249 8
15 121 8
122 138 13
122 142 13
122 176 12
70 123 12
18 123 10
123 239 11
41 123 13
124 126 11
47 124 10
124 194 12
123 124 13
125 206 5
125 225 5
111 125 13
78 126 12
126 150 10
20 126 11
50 126 11
32 127 9
88 127 12
43 127 13
126 128 11
46 128 11
129 203 8
129 148 10
130 212 11
125 130 9
130 209 8
85 131 8
70 131 10
131 223 12
57 132 11
74 132 9
133 194 9
133 193 9
133 146 14
27 133 10
134 230 10
134 249 8
2 134 10
57 135 9
135 238 11
136 167 10
136 217 11
137 228 10
1 137 10
98 137 7
137 142 12
137 184 10
138 213 12
124 139 9
139 232 8
3 140 10
43 140 9
26 140 12
141 243 13
108 141 10
127 141 12
142 161 8
111 142 12
142 205 12
40 143 11
49 143 10
128 143 8
143 245 8
144 203 9
98 144 12
49 144 17
145 175 10
145 233 8
29 145 13
145 151 10
105 146 10
137 146 12
84 146 8
146 248 12
37 147 11
147 193 12
147 217 9
148 179 13
37 148 10
141 149 11
149 162 13
149 165 11
63 150 10
83 150 7
66 150 9
151 191 11
151 217 9
74 151 10
111 152 12
133 152 11
152 197 12
153 177 13
26 153 12
65 153 9
46 154 15
154 225 12
155 229 13
146 155 11
121 155 7
156 160 11
57 156 14
93 156 12
157 161 8
157 212 10
158 228 9
158 193 12
122 158 10
95 159 14
117 159 8
83 160 11
48 160 10
161 248 12
161 206 7
45 161 9
161 219 8
87 162 10
60 162 10
118 162 14
74 163 13
44 163 11
104 164 13
26 164 10
164 165 12
144 165 12
29 165 8
165 244 13
30 166 12
48 166 10
42 166 10
45 166 9
167 193 9
43 167 9
67 167 11
121 167 11
29 168 6
44 169 13
92 169 11
169 223 8
52 169 13
146 170 12
85 170 12
170 205 12
76 171 11
171 176 14
52 172 8
108 172 13
172 241 10
152 172 13
173 199 14
118 173 10
173 188 8
111 174 8
174 200 11
5 175 11
69 175 13
19 175 12
161 176 9
33 176 11
176 216 10
126 177 10
177 235 11
165 177 10
3 178 10
155 178 10
178 223 10
172 179 12
138 179 14
28 179 8
159 180 13
160 180 9
181 196 12
181 191 11
172 181 7
9 181 11
104 182 7
182 215 11
182 210 11
182 218 8
158 183 12
183 223 14
180 184 14
184 249 9
53 185 14
173 185 7
18 185 11
21 185 10
135 186 11
181 186 10
51 186 10
110 187 10
187 249 12
187 224 13
89 188 15
59 188 9
188 236 11
46 189 10
107 189 7
97 189 9
165 189 10
161 190 11
175 191 12
110 191 13
191 212 14
192 217 11
192 196 15
61 192 6
42 193 10
13 193 13
165 193 13
77 193 12
178 194 10
59 194 12
160 195 8
114 195 9
177 195 10
185 196 13
161 196 11
165 196 12
18 196 11
16 197 9
25 197 11
63 197 9
59 197 11
122 198 10
114 198 10
33 198 11
133 199 11
126 199 12
199 242 8
199 226 9
7 200 10
36 200 9
90 201 8
194 201 12
1 201 9
79 202 10
19 202 10
201 203 7
41 203 10
120 203 10
173 204 11
154 204 11
110 205 11
91 205 10
93 205 12
5 205 10
205 248 10
206 207 9
206 219 9
100 207 12
35 207 9
164 207 11
96 207 8
30 208 7
208 247 9
2 208 13
108 208 9
184 208 14
190 209 13
209 217 12
33 209 8
158 210 7
53 210 9
12 211 11
101 211 14
212 215 7
210 212 10
124 212 10
106 212 10
110 213 13
87 214 9
44 214 10
96 214 11
63 215 8
209 215 8
31 216 9
216 225 8
67 217 13
124 217 11
193 217 13
141 217 11
41 218 12
157 218 11
130 219 9
63 219 7
74 219 13
85 219 11
22 220 10
164 220 13
159 220 12
104 220 9
217 221 12
151 221 10
42 221 10
146 221 11
8 222 13
76 222 12
135 223 10
25 223 12
61 223 11
170 223 11
180 223 9
222 224 11
214 225 14
43 225 15
29 225 11
210 226 10
67 226 9
82 227 10
221 227 7
123 227 10
64 228 10
164 228 13
117 229 9
214 229 12
216 229 10
82 230 11
223 230 12
91 230 13
109 230 7
89 231 8
222 231 11
55 232 9
33 232 14
170 232 9
63 233 10
20 233 10
52 233 9
193 234 11
234 240 10
79 234 11
94 235 13
234 235 11
184 235 10
63 235 10
64 236 7
211 236 10
61 236 9
181 237 8
125 237 9
22 238 11
205 238 11
33 238 8
146 239 9
141 239 13
207 239 7
107 240 13
230 240 10
65 240 7
163 241 9
120 241 10
115 242 9
52 242 8
96 243 14
41 243 10
185 243 10
228 244 9
222 244 13
91 245 9
218 245 9
175 245 11
176 245 11
172 246 11
192 246 12
88 246 11
155 247 10
81 247 6
225 247 9
138 248 14
66 248 13
2 248 8
52 249 13
31 249 6
