250
0
4
9
6
5
6
7
2
3
9
4
9
4
3
8
5
6
4
7
2
3
1
6
4
2
8
2
10
2
8
8
3
9
3
6
3
4
8
3
3
8
5
7
6
2
5
4
9
8
7
3
4
5
5
10
8
3
3
1
5
1
6
1
6
9
4
7
2
3
6
4
6
5
1
6
4
10
3
9
9
5
7
2
7
10
1
7
7
6
2
9
10
6
9
4
3
8
4
6
2
3
10
4
8
1
5
1
8
7
5
7
9
6
8
7
6
6
5
6
8
4
8
7
8
3
3
6
7
8
9
5
7
7
6
6
6
2
1
10
7
6
6
7
3
3
8
2
10
8
1
3
9
5
9
3
2
9
3
10
9
4
6
2
4
2
8
3
7
8
8
4
3
7
6
7
9
5
9
1
4
7
2
8
10
9
1
8
9
7
10
2
6
8
4
7
7
3
4
3
8
2
5
4
10
7
8
3
2
6
6
8
6
9
4
7
10
8
9
9
3
9
3
1
4
8
6
1
5
5
7
4
1
9
9
2
4
4
5
8
3
10
5
2
2
7
2
1
7
7
10
0 238 14
0 186 14
0 96 12
0 159 12
0 10 12
0 221 16
0 41 12
0 26 10
0 61 11
0 99 11
1 224 12
1 215 11
1 169 10
1 184 11
1 66 11
1 146 12
1 188 8
1 168 8
1 145 10
1 196 10
2 224 8
2 148 10
2 132 10
2 242 10
2 58 12
2 227 8
2 140 10
2 180 13
1 2 11
3 168 6
3 54 10
3 95 12
3 147 10
3 230 12
3 30 10
3 152 13
3 196 11
3 29 9
4 93 8
4 233 11
4 199 10
4 153 11
4 33 12
4 96 9
4 242 15
4 59 9
4 176 9
4 208 10
5 58 12
4 5 10
5 8 7
5 9 13
3 5 9
5 53 11
5 169 8
5 218 10
5 217 10
5 154 14
5 109 9
6 222 11
6 238 12
6 20 12
6 121 12
6 221 12
6 194 11
6 176 9
6 27 11
6 21 11
6 36 10
6 113 10
7 159 9
7 249 12
7 130 9
7 151 10
7 187 11
7 32 10
7 234 10
7 61 12
7 116 13
7 179 8
7 220 10
7 125 8
8 213 11
8 166 8
8 164 12
8 196 11
8 189 9
8 137 11
8 26 9
8 195 8
8 34 12
9 129 15
9 65 9
9 142 9
9 200 13
9 35 9
9 69 13
9 123 12
9 128 9
9 20 11
9 202 10
9 66 10
9 193 9
10 17 10
10 58 9
10 166 11
10 238 12
10 76 7
10 161 9
10 173 8
10 133 9
10 105 11
10 108 8
10 202 10
11 19 11
11 211 12
11 174 8
11 192 8
11 235 10
3 11 13
11 43 10
11 129 9
11 128 11
11 169 12
11 63 11
12 71 11
12 31 8
12 146 13
12 132 13
12 101 8
12 214 14
12 231 11
12 20 9
12 151 9
12 205 8
12 203 11
13 81 12
3 13 14
13 168 9
13 107 11
13 74 8
13 22 11
13 87 8
13 230 8
13 123 11
13 149 11
13 160 10
12 14 14
14 25 12
14 39 13
14 90 11
14 31 11
14 218 11
14 66 8
14 18 9
14 163 12
14 81 5
15 180 9
15 65 12
15 123 13
15 116 10
10 15 9
15 130 15
15 91 12
15 149 8
15 105 11
15 170 10
7 15 13
16 75 9
16 152 10
16 111 9
16 98 12
1 16 13
16 35 11
16 91 12
8 16 12
16 135 10
17 248 10
17 140 11
17 72 8
17 173 12
17 163 9
17 33 10
17 211 10
17 168 11
17 177 11
17 82 11
17 52 12
18 230 9
18 236 8
18 142 12
18 128 12
18 55 13
18 241 12
9 18 9
18 47 10
18 126 11
18 216 10
18 48 14
19 213 11
19 124 12
19 228 11
19 134 13
19 177 11
19 130 10
19 169 9
19 202 10
19 133 6
19 247 10
19 208 9
20 231 12
20 244 10
20 189 8
20 80 12
20 105 9
11 20 10
20 70 10
20 81 14
20 171 9
20 248 9
20 65 10
21 47 13
21 147 10
21 41 11
21 93 9
21 81 11
21 159 9
21 138 11
21 222 12
15 21 11
21 53 12
22 127 12
15 22 10
22 94 11
22 51 11
22 196 9
22 115 11
22 171 11
22 31 14
22 71 8
23 235 9
23 134 13
23 138 12
23 226 9
8 23 9
23 116 10
23 133 11
23 72 13
23 192 12
23 127 7
23 110 9
23 185 9
24 160 11
24 127 8
24 105 10
24 48 8
24 117 10
24 125 8
24 202 13
24 50 10
24 64 11
24 44 10
24 205 10
16 24 8
25 47 7
24 25 13
25 32 9
25 89 11
25 169 9
25 112 8
10 25 10
25 190 10
25 81 10
25 237 11
25 90 8
26 115 8
26 217 9
26 146 8
26 135 9
26 110 10
26 133 11
26 72 12
26 174 10
26 149 10
26 211 12
27 76 9
27 198 8
27 45 9
21 27 10
14 27 12
27 176 10
27 151 11
27 182 9
20 27 8
27 233 10
27 86 11
28 182 11
28 141 12
28 158 9
28 46 10
28 33 11
28 96 11
28 83 9
20 28 10
28 79 12
28 109 13
28 226 10
28 100 10
29 127 15
29 170 12
29 188 8
7 29 12
29 68 15
29 107 9
29 106 13
29 242 13
12 29 13
29 30 12
29 56 10
29 246 9
30 230 13
30 196 11
30 199 12
14 30 9
30 80 14
30 63 12
30 190 12
30 69 10
30 40 6
23 30 11
30 84 9
30 100 12
31 236 10
31 100 8
31 147 8
31 126 9
31 192 10
31 172 16
31 49 13
23 31 10
31 238 11
32 60 11
32 92 9
32 38 11
32 146 11
18 32 8
8 32 10
32 176 11
32 202 9
32 216 11
32 55 13
33 221 12
33 175 14
33 46 12
5 33 12
33 196 12
33 42 11
1 33 10
33 177 9
34 192 12
34 214 9
34 106 9
34 203 12
34 54 13
34 43 10
34 183 13
34 53 14
34 222 11
34 111 14
35 152 13
35 97 8
35 164 10
35 193 8
35 51 8
35 166 10
35 231 6
35 43 15
35 243 11
35 235 15
36 197 10
36 43 9
36 37 10
36 229 12
36 227 12
36 56 12
23 36 11
36 110 6
36 218 13
18 37 7
37 111 8
37 215 14
37 190 10
37 169 9
37 73 16
37 206 14
37 67 15
37 65 12
37 235 9
37 198 12
38 189 11
38 65 7
17 38 7
38 131 11
38 57 11
38 106 10
38 214 11
38 207 11
38 166 14
38 174 13
39 142 9
9 39 12
39 52 10
39 242 14
39 210 11
39 94 13
39 41 10
39 227 10
29 39 13
39 222 9
40 219 8
40 134 7
40 235 15
40 108 15
39 40 13
40 199 13
40 242 12
40 123 11
10 40 12
0 40 9
40 93 10
41 172 7
41 54 9
41 173 10
19 41 13
22 41 11
41 235 14
41 128 10
41 72 7
41 122 9
41 69 10
41 152 12
42 133 11
11 42 10
42 131 11
42 143 13
42 114 9
24 42 11
42 155 11
42 229 13
7 42 15
43 160 11
43 173 11
43 225 12
43 103 10
43 73 9
43 121 11
43 239 12
43 237 9
43 187 11
43 80 11
44 111 13
44 238 9
44 115 11
44 206 13
44 133 14
44 177 13
29 44 8
44 77 12
44 110 9
44 93 8
45 230 15
45 151 9
45 212 8
10 45 10
45 88 14
45 227 12
45 84 16
45 131 8
45 72 12
46 163 11
46 165 10
46 66 8
11 46 13
46 134 11
46 80 11
46 106 13
46 48 9
46 145 9
46 148 9
6 46 9
46 91 11
47 235 11
47 187 10
47 105 11
47 226 11
0 47 14
47 209 13
34 47 10
47 194 15
47 188 11
47 81 11
48 243 11
10 48 11
48 137 6
48 145 12
48 170 12
48 162 10
47 48 9
48 92 13
48 218 8
48 79 8
49 165 12
49 85 12
49 96 10
49 194 10
49 71 9
25 49 12
49 86 12
49 205 10
49 180 12
44 49 11
30 49 8
49 163 11
50 109 10
50 69 9
50 225 12
31 50 9
50 246 13
50 191 11
50 53 9
50 96 12
50 65 10
50 150 9
50 110 13
51 70 10
51 231 15
51 92 10
8 51 11
49 51 10
25 51 11
51 136 14
43 51 8
20 51 9
52 207 15
52 142 12
52 126 10
52 55 10
52 187 13
52 70 9
52 98 16
52 81 8
33 52 10
52 137 10
52 66 12
53 157 9
53 241 10
53 152 11
53 218 10
53 234 13
53 106 11
53 60 15
53 112 11
54 80 8
54 121 13
54 237 9
54 59 9
54 68 13
54 187 7
54 236 10
54 56 10
54 233 8
48 55 12
55 155 11
55 105 9
55 139 10
8 55 10
55 102 9
55 64 13
55 69 11
55 57 10
55 98 11
56 119 8
56 84 14
23 56 8
56 85 8
19 56 8
56 140 13
56 153 12
16 56 6
56 247 10
56 99 11
7 56 9
10 56 13
39 57 7
57 245 14
57 196 10
57 197 8
57 116 8
57 135 13
57 97 12
57 205 9
57 60 10
54 57 10
57 122 8
58 77 9
58 238 14
58 199 11
58 154 12
12 58 10
58 85 11
58 148 10
58 168 11
58 157 10
58 137 12
58 116 11
59 229 10
59 217 12
59 97 9
59 126 14
59 156 11
25 59 7
1 59 12
59 158 10
18 59 10
60 135 10
60 205 10
60 247 11
20 60 11
60 67 8
60 74 10
60 86 15
60 63 12
0 60 8
60 140 11
42 60 12
34 61 7
61 227 7
61 63 9
61 169 11
60 61 12
61 191 10
61 211 8
13 61 7
61 82 6
61 74 12
62 216 11
62 222 9
62 233 7
62 155 11
58 62 12
62 129 12
62 179 10
62 175 9
62 211 12
62 167 9
2 63 10
17 63 9
63 81 13
63 133 11
63 165 9
63 151 11
63 159 11
63 110 11
63 230 13
64 66 12
64 222 11
10 64 12
64 105 6
64 67 12
64 200 14
64 120 9
64 77 10
64 68 12
21 64 7
30 65 11
65 169 14
65 98 8
21 65 14
65 166 10
65 164 9
42 65 12
65 170 13
66 71 10
66 187 14
66 225 11
26 66 13
66 93 11
66 247 9
66 160 12
66 99 11
66 184 9
66 221 9
67 133 8
5 67 9
67 108 9
41 67 13
67 87 13
67 105 14
35 67 11
19 67 10
67 164 11
67 99 11
67 110 9
67 226 12
42 68 10
68 203 10
68 80 11
68 187 12
68 144 10
10 68 11
68 75 6
68 84 9
68 248 14
68 192 10
23 69 9
29 69 10
69 125 10
69 144 11
69 180 13
69 79 10
69 183 12
32 69 9
69 126 10
69 132 7
69 149 14
70 104 7
43 70 12
70 165 9
70 143 11
70 91 10
50 70 11
70 241 9
70 129 11
70 216 11
70 199 9
70 85 7
14 71 10
58 71 12
71 188 11
71 241 12
34 71 9
71 174 13
71 88 12
71 143 11
71 154 8
72 109 9
19 72 11
13 72 10
57 72 10
5 72 11
72 75 5
72 239 12
72 215 11
72 116 10
72 187 10
72 167 13
73 209 10
73 108 10
73 244 14
65 73 14
73 161 13
73 129 7
73 214 10
50 73 9
73 132 9
73 133 8
74 162 7
58 74 8
74 133 11
74 207 7
74 186 10
74 233 10
74 116 11
26 74 13
37 74 7
74 121 12
75 204 11
75 158 6
75 175 9
75 119 12
75 112 9
22 75 13
42 75 10
75 81 11
75 244 14
2 75 12
76 125 11
76 152 12
76 90 12
76 118 11
35 76 8
76 143 7
15 76 10
76 183 15
76 241 12
76 170 13
76 155 15
77 86 12
77 160 9
77 236 9
67 77 9
17 77 9
77 183 11
77 82 11
16 77 13
26 78 9
78 161 11
19 78 7
78 173 6
78 221 9
78 93 6
61 78 9
78 195 8
78 116 9
34 78 10
78 201 8
73 79 9
79 170 7
79 133 11
79 146 11
39 79 11
34 79 11
79 106 9
44 79 11
65 79 12
79 246 9
79 82 12
79 85 12
80 156 10
53 80 9
80 218 10
11 80 13
80 168 14
80 247 12
80 243 11
80 134 9
8 80 7
81 189 12
6 81 6
81 210 14
81 183 14
17 81 12
81 240 12
81 101 9
57 81 9
81 201 13
81 136 11
82 97 11
72 82 12
32 82 9
57 82 9
82 104 11
82 92 7
30 82 10
26 82 13
82 223 7
66 83 11
83 172 10
83 240 12
83 88 11
83 217 12
83 230 10
76 83 11
59 83 8
83 223 11
83 152 8
49 83 10
27 84 13
25 84 13
84 117 11
0 84 9
84 106 10
36 84 8
84 212 10
52 84 10
79 84 12
84 218 12
85 140 10
85 171 15
85 173 13
60 85 11
85 118 12
43 85 5
47 85 10
85 146 12
85 149 10
86 219 8
86 222 8
86 240 15
86 144 16
71 86 13
28 86 13
86 229 11
86 249 13
86 163 10
62 86 8
24 86 9
87 232 10
26 87 11
54 87 13
87 211 12
87 133 8
69 87 12
87 188 11
87 230 11
87 101 16
87 225 8
87 178 11
46 88 9
88 108 11
88 170 8
88 229 11
88 142 10
88 107 11
88 144 10
88 227 12
26 88 10
36 88 11
23 89 10
89 150 11
79 89 7
18 89 11
89 162 14
89 192 7
9 89 9
89 214 8
89 230 9
47 89 8
89 119 7
90 220 14
37 90 10
90 170 9
30 90 8
90 207 10
90 155 8
18 90 6
54 90 10
4 90 5
90 195 14
91 236 11
91 154 12
91 227 11
91 166 12
85 91 9
80 91 12
91 203 9
1 91 9
91 100 12
88 92 9
92 188 8
92 106 10
92 191 13
92 139 10
92 122 11
50 92 10
92 197 9
92 142 10
8 92 8
87 93 11
60 93 12
93 238 10
93 143 6
38 93 10
32 93 10
93 193 9
93 194 10
92 93 11
94 159 11
94 230 10
17 94 12
64 94 13
20 94 9
94 237 13
94 221 11
94 176 12
94 119 8
1 94 13
94 163 9
94 127 12
95 131 8
95 166 6
9 95 8
55 95 11
95 218 8
95 144 8
95 139 10
83 96 9
8 96 14
96 154 10
96 240 8
96 122 7
57 96 8
96 175 10
67 96 11
92 96 10
54 96 8
76 97 13
97 168 8
41 97 11
97 164 12
97 128 11
88 97 10
97 209 9
97 123 10
14 97 10
97 127 11
98 234 10
98 186 12
60 98 14
98 194 12
98 156 10
98 132 9
98 193 10
23 98 8
79 98 10
98 112 13
27 98 7
99 184 11
99 199 11
99 164 9
99 238 11
99 139 10
99 154 11
99 141 10
99 227 14
99 100 9
82 100 6
19 100 11
100 202 11
40 100 12
100 231 10
89 100 10
3 100 12
5 100 12
100 229 6
100 236 7
101 159 9
101 121 12
49 101 8
101 211 8
101 126 13
44 101 10
101 155 9
98 101 9
101 162 10
102 246 13
102 179 8
102 106 11
102 115 11
102 189 8
98 102 10
102 205 10
92 102 10
102 128 8
102 192 12
102 201 10
68 103 11
71 103 5
90 103 11
103 177 9
21 103 7
24 103 12
103 189 12
103 155 8
86 103 8
30 103 7
103 104 10
104 140 9
104 211 9
7 104 11
101 104 11
104 160 9
104 130 10
77 104 7
32 104 9
68 104 9
104 123 9
91 105 10
8 105 7
105 107 11
105 239 11
101 105 8
105 116 9
105 185 8
71 105 10
78 105 8
105 204 11
74 106 5
0 106 9
24 106 13
106 196 11
106 212 11
106 155 11
106 123 13
106 110 11
105 106 14
39 107 9
107 133 9
107 238 7
58 107 9
36 107 10
64 107 11
107 248 10
107 228 8
67 107 11
94 108 12
108 221 13
71 108 8
108 118 12
61 108 12
108 181 10
108 243 10
19 108 11
34 109 9
109 114 12
109 117 11
109 152 13
109 110 8
109 235 8
109 234 9
82 109 9
79 109 13
109 216 10
109 233 13
19 110 10
82 110 11
86 110 9
70 110 7
110 121 14
110 216 14
110 174 8
110 128 13
110 224 11
87 111 15
111 235 7
108 111 10
111 237 11
111 185 13
111 141 11
111 139 13
17 111 12
111 130 12
111 156 11
111 180 12
23 112 9
112 133 13
4 112 10
82 112 8
57 112 8
112 189 12
112 209 9
9 112 12
112 159 7
45 112 6
62 112 10
112 176 12
113 225 7
83 113 12
113 210 9
113 231 10
113 137 12
113 147 7
113 164 8
113 188 6
91 113 9
37 114 9
69 114 10
114 247 11
59 114 12
99 114 10
114 172 10
114 132 13
18 114 11
62 114 13
67 114 12
75 114 14
115 181 10
115 159 14
115 162 12
115 128 11
115 189 8
28 115 10
20 115 9
115 161 12
115 241 10
113 115 9
115 219 10
115 210 12
115 232 9
116 137 11
116 221 11
91 116 9
77 116 10
100 116 11
116 161 12
116 230 13
114 116 12
116 215 11
116 147 9
9 117 10
117 125 13
29 117 12
117 161 9
60 117 12
117 208 7
31 117 12
117 169 13
38 117 9
118 200 12
30 118 8
41 118 8
118 150 11
0 118 10
57 118 11
118 166 12
105 118 10
112 118 14
118 228 12
51 119 10
119 243 12
113 119 8
119 181 9
111 119 10
119 176 11
20 119 7
119 156 8
119 142 10
119 197 8
119 162 9
120 198 8
19 120 6
103 120 9
93 120 9
88 120 12
120 175 11
96 120 9
67 120 6
120 143 7
120 191 11
45 121 6
46 121 12
121 176 10
104 121 12
121 171 8
17 121 11
121 215 11
121 203 10
121 149 12
122 198 12
102 122 13
122 200 9
89 122 7
122 136 11
122 176 12
112 122 6
122 227 13
76 122 7
117 123 11
123 171 11
123 136 11
61 123 11
123 138 8
123 158 10
123 229 9
123 151 9
81 123 13
113 124 10
124 195 10
124 155 9
124 178 9
1 124 11
118 124 16
87 124 9
124 143 12
97 124 11
12 124 11
125 129 13
125 131 11
105 125 9
125 210 6
125 130 12
125 226 13
125 180 12
125 173 9
80 125 9
126 220 12
19 126 14
126 184 8
126 140 8
126 168 10
91 126 12
126 190 12
126 173 10
126 195 11
2 127 11
67 127 8
115 127 7
127 174 11
21 127 9
26 127 10
117 127 9
33 127 10
70 127 11
109 127 5
128 170 9
28 128 11
128 202 12
84 128 10
48 128 7
128 222 8
59 128 8
128 161 7
128 181 9
129 231 13
87 129 8
21 129 10
50 129 12
20 129 11
28 129 10
129 241 12
129 151 12
61 129 9
129 159 10
130 173 14
110 130 9
12 130 10
130 204 10
130 200 11
5 130 10
10 130 8
34 130 12
130 217 11
131 149 9
109 131 15
63 131 12
131 188 11
131 160 10
131 181 12
131 214 7
27 131 13
13 131 14
112 131 11
132 237 8
8 132 11
107 132 10
36 132 10
23 132 15
29 132 11
58 132 12
132 157 13
87 132 10
50 132 11
118 132 12
133 147 13
133 212 12
109 133 12
133 192 11
32 133 9
6 133 12
54 133 8
62 133 14
133 237 7
68 133 10
133 209 13
132 134 8
134 188 13
98 134 9
42 134 11
134 229 10
134 158 12
134 239 8
134 175 9
72 134 12
124 135 12
135 207 13
135 158 12
135 166 11
135 239 6
135 241 12
135 217 12
35 135 12
135 181 9
63 136 11
136 169 9
136 181 14
136 142 10
60 136 9
29 136 9
109 136 13
112 136 10
104 136 11
5 136 10
137 215 8
137 239 10
137 186 13
16 137 9
76 137 12
87 137 11
100 137 8
137 218 15
137 242 14
71 138 12
138 201 8
138 199 7
66 138 10
138 198 11
138 208 14
138 142 14
138 216 10
138 154 13
56 138 9
139 231 8
139 146 10
139 142 13
57 139 9
56 139 12
65 139 14
18 139 11
139 197 11
139 212 11
139 174 7
140 218 7
37 140 10
140 234 12
140 205 7
140 192 11
140 166 12
49 140 16
140 190 6
87 140 10
141 147 7
141 153 11
119 141 13
15 141 9
122 141 8
12 141 13
141 213 10
141 237 8
141 207 12
141 157 12
141 233 11
142 229 10
10 142 8
100 142 12
142 146 12
142 178 6
142 150 12
137 142 13
111 142 12
84 142 15
66 143 9
20 143 13
81 143 15
63 143 8
101 143 13
123 143 10
100 143 9
4 143 13
143 241 11
129 143 7
81 144 9
0 144 11
144 171 11
144 232 12
59 144 12
72 144 11
144 181 10
118 144 10
1 144 10
145 187 9
132 145 12
81 145 12
145 160 12
145 216 11
145 228 9
142 145 10
123 145 12
145 174 10
16 145 10
54 146 14
107 146 9
138 146 13
146 237 8
146 234 10
69 146 9
146 231 7
44 146 12
146 148 9
140 146 11
147 203 12
147 183 9
147 172 7
43 147 11
100 147 9
147 157 10
96 147 14
80 147 11
78 147 8
54 147 9
147 193 12
90 147 10
147 241 10
80 148 10
47 148 11
148 168 10
15 148 12
148 216 11
74 148 9
148 192 12
117 148 12
75 148 9
61 149 7
19 149 12
104 149 15
133 149 11
149 214 11
149 216 11
99 149 13
149 230 12
128 149 10
125 149 12
149 193 12
116 149 11
150 210 11
109 150 14
130 150 13
150 165 10
150 174 10
60 150 15
55 150 10
19 150 11
7 150 11
42 151 9
75 151 6
145 151 8
151 160 8
68 151 8
25 151 12
128 151 11
151 195 13
151 182 11
22 151 12
151 159 11
151 245 10
74 151 10
152 175 8
118 152 11
34 152 13
152 179 10
93 152 11
152 155 8
36 152 11
82 152 10
152 216 9
153 246 11
53 153 11
66 153 6
58 153 10
105 153 9
74 153 12
126 153 11
133 153 10
124 153 9
153 177 11
144 154 8
92 154 12
154 219 11
154 203 11
154 234 13
106 154 10
59 154 7
155 167 12
30 155 9
143 155 15
17 155 9
141 155 8
155 207 11
100 155 11
155 227 9
83 155 6
77 155 10
37 156 11
4 156 9
156 242 11
109 156 10
85 156 11
121 156 14
26 156 12
156 200 13
156 161 10
23 156 12
149 157 9
157 159 12
87 157 12
59 157 8
157 208 9
75 157 9
157 249 6
47 157 8
157 214 11
11 157 9
158 169 9
158 229 8
158 249 8
31 158 9
158 242 10
86 158 12
158 211 7
158 165 10
4 158 10
117 159 8
52 159 12
92 159 14
118 159 10
56 159 11
83 159 12
71 159 11
9 159 11
159 180 5
153 159 12
160 249 7
21 160 9
160 187 11
96 160 10
160 201 9
111 160 12
160 193 9
160 239 8
160 178 9
39 160 11
41 161 11
11 161 11
161 232 9
161 182 9
24 161 11
44 161 12
22 161 8
130 161 7
68 161 9
161 195 13
162 186 12
162 240 12
47 162 13
162 215 8
157 162 12
56 162 11
162 249 5
72 162 8
87 162 10
162 164 16
162 167 7
163 221 10
53 163 10
33 163 10
163 246 9
29 163 10
163 212 8
9 163 9
50 163 12
65 163 12
111 164 13
139 164 8
164 249 12
164 166 14
164 241 13
68 164 12
164 171 14
164 212 12
110 164 11
164 177 10
107 165 11
165 193 11
44 165 8
55 165 10
135 165 6
83 165 8
5 165 10
165 228 9
87 166 11
86 166 12
26 166 8
163 166 11
47 166 11
107 166 12
138 166 10
44 166 12
166 248 10
74 166 9
44 167 12
41 167 15
167 226 13
137 167 8
167 222 7
166 167 12
36 167 13
71 167 8
167 183 8
167 235 11
14 167 11
23 167 10
75 168 8
86 168 10
168 179 12
43 168 11
96 168 9
168 190 12
136 168 12
151 168 10
40 168 13
90 168 13
13 169 8
45 169 10
169 206 12
169 200 11
169 204 12
104 169 12
169 199 10
169 220 14
76 169 11
169 226 12
137 170 12
170 191 7
60 170 11
40 170 11
170 232 10
33 170 9
170 192 13
170 218 12
170 198 9
170 208 10
171 214 7
171 190 17
134 171 13
95 171 10
171 234 11
171 203 10
68 171 11
12 171 14
0 171 11
161 171 8
25 172 8
172 235 7
154 172 13
151 172 9
56 172 10
150 172 13
133 172 12
30 172 9
115 172 11
74 172 14
14 173 12
15 173 11
116 173 11
173 221 10
19 173 9
45 173 9
93 173 10
158 173 14
173 178 9
174 249 14
88 174 11
125 174 10
84 174 12
174 231 9
109 174 9
174 221 7
174 183 11
174 203 12
175 234 6
82 175 10
85 175 10
171 175 10
175 204 8
175 244 9
175 225 10
47 175 15
55 175 10
115 175 11
156 176 10
71 176 11
108 176 10
166 176 9
123 176 7
56 176 11
176 189 7
169 176 13
168 176 10
177 185 11
177 236 10
124 177 12
142 177 9
177 234 11
177 196 7
79 177 10
91 177 10
52 177 12
13 177 10
38 177 12
178 235 14
40 178 7
77 178 9
178 212 7
178 201 9
178 222 10
113 178 11
57 178 11
178 213 10
100 178 9
178 247 8
96 179 9
179 232 14
179 196 12
70 179 11
81 179 12
92 179 11
103 179 7
161 179 12
179 187 8
180 199 11
12 180 11
180 182 11
180 190 10
28 180 9
132 180 10
89 180 10
20 180 12
134 180 14
9 180 14
29 181 11
181 236 13
58 181 11
24 181 13
59 181 9
6 181 8
132 181 12
181 214 11
181 241 10
41 181 11
182 239 8
95 182 8
98 182 8
156 182 10
182 245 11
0 182 10
63 182 9
182 207 11
182 206 7
26 182 11
182 208 12
183 233 11
5 183 11
120 183 12
29 183 10
127 183 11
90 183 8
82 183 9
119 183 13
183 212 15
37 183 13
41 183 11
7 184 9
46 184 11
49 184 9
184 237 6
184 239 10
101 184 13
94 184 7
184 235 13
5 185 13
27 185 14
79 185 10
185 187 15
86 185 13
93 185 11
185 223 10
20 185 11
185 210 12
115 185 12
127 185 7
71 186 11
186 234 11
23 186 10
77 186 9
164 186 11
178 186 13
186 222 9
95 186 10
41 186 8
26 186 12
186 243 11
187 188 11
76 187 6
67 187 10
4 187 10
85 187 8
51 187 10
172 187 9
140 187 9
22 187 9
150 187 13
25 188 12
188 212 10
123 188 7
128 188 10
40 188 11
16 188 8
85 188 8
80 188 12
167 189 11
16 189 5
24 189 10
46 189 12
172 189 7
189 213 11
125 189 8
171 189 11
147 189 12
7 189 9
189 194 6
190 224 8
100 190 7
43 190 10
158 190 13
190 203 12
111 190 9
59 190 7
190 218 12
191 213 8
171 191 11
191 238 11
66 191 12
191 232 8
47 191 11
153 191 12
23 191 16
6 191 12
53 191 7
104 191 10
127 192 11
67 192 8
7 192 14
38 192 10
192 223 11
186 192 12
26 192 11
138 192 9
192 204 12
121 193 10
179 193 10
193 237 9
3 193 12
193 238 11
59 193 9
193 198 10
34 193 14
193 200 9
60 194 9
2 194 9
184 194 10
44 194 15
59 194 11
83 194 9
181 194 13
166 194 12
129 194 8
84 194 7
1 195 11
195 197 11
104 195 11
195 208 10
195 239 11
113 195 16
6 195 11
105 195 9
195 223 10
72 196 8
166 196 12
196 221 12
187 196 10
196 218 14
111 196 10
18 196 15
163 196 9
76 196 11
78 196 11
38 196 9
166 197 4
53 197 11
141 197 10
197 209 9
35 197 12
37 197 11
13 197 12
178 197 11
38 197 12
163 197 11
102 197 10
44 198 12
139 198 9
198 215 10
118 198 8
159 198 8
198 243 10
198 225 10
198 226 11
71 198 9
53 199 9
199 201 10
199 206 11
187 199 10
185 199 13
199 224 13
199 233 9
131 199 10
15 199 9
87 200 13
55 200 13
102 200 12
200 242 10
66 200 11
200 223 10
200 225 8
200 219 11
123 200 10
125 200 12
201 224 7
168 201 14
35 201 8
130 201 10
50 201 11
146 201 11
13 201 10
109 201 12
122 202 9
96 202 10
55 202 15
168 202 12
21 202 10
80 202 9
202 249 9
51 202 9
82 202 11
71 203 11
81 203 10
203 212 8
203 211 7
137 203 11
66 203 9
54 203 11
201 203 11
84 203 13
198 203 11
118 203 10
51 204 13
191 204 14
118 204 11
176 204 8
36 204 10
204 243 9
104 204 12
42 204 11
204 234 14
97 205 10
53 205 12
113 205 8
77 205 12
205 248 9
0 205 10
85 205 13
164 205 12
205 242 11
11 205 11
166 205 10
205 213 12
136 205 12
52 206 10
105 206 9
206 237 12
62 206 11
18 206 10
41 206 11
102 206 10
173 206 10
184 206 11
26 207 9
192 207 11
45 207 11
207 227 9
34 207 8
61 207 8
80 207 7
105 207 8
208 214 8
18 208 11
181 208 10
152 208 12
185 208 12
208 249 14
17 208 12
136 208 11
39 208 13
177 209 9
34 209 6
65 209 8
165 209 16
82 209 9
80 209 9
130 209 10
72 209 11
25 210 12
210 238 10
3 210 10
208 210 10
84 210 11
210 246 9
93 210 9
207 210 11
126 210 9
67 210 12
175 211 12
147 211 12
12 211 11
132 211 12
77 211 12
201 211 10
166 211 15
211 245 13
102 211 10
211 213 9
48 211 9
188 211 8
126 212 12
212 236 11
168 212 16
128 212 10
103 212 10
212 232 12
124 212 12
46 212 11
63 212 12
69 212 9
33 213 12
155 213 6
213 223 13
128 213 11
148 213 9
172 213 14
38 213 11
43 213 14
7 213 15
126 214 8
40 214 9
182 214 10
154 214 9
214 218 12
37 214 9
115 214 8
214 236 8
159 214 8
87 215 9
183 215 9
7 215 9
178 215 11
167 215 13
155 215 9
215 216 9
156 215 9
192 215 15
72 216 9
203 216 14
216 231 12
49 216 11
29 216 10
65 216 11
182 216 10
68 216 8
166 216 8
187 216 11
77 217 9
12 217 13
204 217 12
123 217 11
44 217 9
15 217 9
57 217 11
184 217 13
163 217 6
137 217 11
50 218 13
211 218 10
91 218 9
110 218 10
218 223 13
154 218 8
218 229 13
163 218 12
77 218 11
207 218 6
38 219 9
202 219 13
68 219 8
90 219 9
156 219 12
143 219 13
219 249 11
191 219 9
76 219 7
220 249 11
129 220 10
89 220 10
210 220 13
49 220 9
220 226 12
76 220 7
88 220 12
46 220 5
92 220 9
159 220 11
51 221 12
127 221 12
37 221 8
151 221 9
43 221 13
17 221 16
82 221 9
137 221 11
121 221 11
112 221 10
86 221 10
166 222 10
56 222 9
181 222 11
0 222 8
193 222 12
161 222 12
57 222 10
74 222 10
117 222 8
223 227 11
20 223 9
39 223 12
152 223 12
7 223 8
121 223 9
204 223 13
117 223 12
135 223 12
212 223 16
46 224 13
68 224 10
74 224 16
224 237 12
156 224 10
186 224 11
217 224 11
32 224 11
157 224 11
118 224 12
1 225 12
225 231 8
178 225 11
221 225 13
93 225 6
152 225 10
132 225 12
225 229 12
61 225 13
225 228 10
142 226 8
16 226 6
171 226 14
120 226 11
50 226 10
44 226 9
85 226 9
100 226 10
70 226 10
39 226 11
216 227 10
81 227 10
66 227 8
41 227 7
89 227 13
107 227 11
22 227 8
184 227 10
4 227 13
138 227 8
125 227 11
102 228 9
61 228 9
1 228 11
224 228 12
204 228 8
71 228 8
73 228 7
195 228 8
129 228 8
139 228 11
194 228 11
108 229 10
44 229 8
3 229 10
224 229 10
7 229 7
92 229 9
87 229 9
38 229 10
216 229 6
62 229 13
112 230 9
79 230 12
6 230 11
157 230 7
161 230 11
198 230 8
152 230 12
55 230 6
181 230 12
123 230 14
88 231 10
231 244 14
45 231 9
46 231 11
50 231 10
132 231 9
126 231 11
189 231 8
108 231 8
85 232 8
232 236 9
152 232 13
58 232 11
196 232 8
13 232 13
64 232 13
166 232 10
103 232 9
41 233 9
16 233 8
126 233 9
222 233 11
219 233 12
233 240 12
100 233 10
0 233 9
216 233 14
152 233 7
201 234 9
94 234 12
120 234 13
191 234 13
69 234 9
62 234 13
143 234 11
45 234 11
29 234 11
34 234 6
169 235 14
208 235 14
7 235 8
82 235 12
211 235 11
148 235 10
70 235 9
12 235 10
149 235 13
50 235 11
19 235 8
79 236 13
211 236 13
35 236 11
167 236 11
75 236 11
185 236 9
123 236 16
48 236 6
127 236 11
39 236 12
17 237 7
181 237 11
98 237 10
217 237 11
18 237 13
89 237 10
109 237 7
51 237 8
21 237 12
214 237 11
22 238 12
227 238 11
238 248 10
88 238 14
13 238 11
164 238 8
139 238 10
131 238 10
180 238 15
32 238 11
150 238 12
206 239 9
231 239 10
27 239 9
53 239 8
46 239 11
219 239 8
88 239 11
148 239 13
107 239 11
175 240 9
72 240 10
63 240 12
144 240 10
180 240 11
117 240 10
240 241 5
163 240 10
56 240 12
216 240 10
61 240 10
221 241 16
105 241 9
116 241 11
136 241 6
188 241 10
55 241 11
93 241 12
92 241 11
207 241 10
14 241 12
158 241 11
142 242 13
52 242 12
168 242 11
187 242 13
240 242 14
234 242 11
6 242 11
144 242 11
242 246 8
64 242 11
95 243 13
122 243 12
205 243 8
157 243 11
213 243 11
146 243 13
120 243 8
107 243 11
136 243 11
51 243 10
214 243 6
149 243 8
78 244 12
103 244 13
121 244 13
239 244 11
236 244 11
244 249 12
50 244 9
244 247 13
148 244 10
235 244 10
83 244 10
74 245 11
71 245 13
10 245 9
76 245 11
164 245 10
221 245 11
209 245 15
180 245 13
52 245 12
227 245 10
27 246 10
134 246 13
155 246 14
195 246 13
215 246 6
57 246 7
59 246 8
36 246 13
166 246 11
165 247 9
153 247 7
38 247 11
217 247 11
196 247 13
190 247 10
184 247 13
200 247 11
145 247 12
201 247 14
72 247 11
62 248 12
82 248 9
203 248 11
55 248 9
113 248 9
207 248 12
136 248 9
211 248 9
220 248 10
16 248 11
101 248 12
231 249 9
141 249 9
175 249 9
217 249 14
60 249 13
131 249 12
40 249 11
178 249 7
1 249 9
37 249 9
