250
0
6
1
10
2
6
7
5
9
3
3
6
4
8
2
7
7
6
5
7
4
7
10
8
3
5
6
2
2
10
5
10
5
9
8
4
9
3
10
8
9
2
7
6
2
6
2
4
7
6
1
7
4
8
8
7
6
5
3
3
9
5
3
4
9
3
3
7
1
6
8
3
4
6
7
6
3
6
1
8
7
4
10
3
7
8
2
3
8
6
6
7
5
8
6
6
9
6
2
3
8
8
2
7
8
6
3
4
9
5
7
6
2
7
6
3
8
8
3
6
9
2
8
10
3
9
7
10
8
7
7
6
8
3
8
7
5
6
4
4
4
5
5
9
1
9
7
10
7
6
9
7
3
6
3
9
5
5
6
4
3
10
7
5
2
6
2
1
5
6
5
5
10
7
7
4
7
7
8
8
9
4
5
6
8
5
3
10
1
8
3
4
4
8
9
1
3
3
6
2
4
5
9
10
8
2
7
1
5
8
9
1
4
2
6
6
6
8
9
8
10
4
1
7
3
4
10
3
5
3
1
2
10
6
3
3
9
2
1
4
5
8
5
8
4
4
9
8
10
6
0 14 12
0 170 11
1 209 10
1 223 13
2 72 12
2 186 9
2 184 7
3 152 11
3 95 10
3 128 10
3 99 13
4 108 9
4 212 8
4 74 10
5 25 13
5 146 10
5 233 8
5 132 8
6 218 12
6 247 10
6 141 8
7 80 9
7 74 9
7 29 9
8 47 9
8 131 8
9 202 11
10 96 10
11 25 7
12 113 8
12 179 9
13 164 11
13 17 12
13 44 7
14 199 13
14 247 9
15 163 13
15 33 11
15 20 9
15 146 12
16 150 11
17 46 12
17 141 9
17 121 7
17 82 10
18 138 12
18 100 8
18 82 7
18 85 11
18 134 11
19 99 9
19 130 9
19 128 13
19 142 9
11 20 10
20 206 13
20 163 14
4 20 13
20 119 11
21 185 11
21 225 12
22 191 10
22 212 8
22 198 7
22 161 11
23 77 12
23 98 10
23 235 11
23 102 6
24 187 11
25 148 12
25 120 13
25 68 7
12 25 6
26 111 8
26 165 11
27 235 15
28 211 11
6 28 7
16 29 11
29 113 13
29 224 12
29 53 11
30 90 10
1 30 13
30 46 11
30 60 14
21 30 9
31 86 8
31 142 9
2 31 13
31 241 10
26 31 12
32 168 11
32 115 11
33 71 13
33 90 8
33 103 4
33 45 10
1 34 11
35 86 14
35 174 8
35 107 11
35 36 13
36 41 12
32 37 8
37 222 9
37 132 13
38 219 8
38 195 13
38 99 14
39 74 4
39 105 8
26 39 11
40 241 13
12 40 13
40 159 10
41 157 12
41 125 9
42 248 15
42 183 12
42 69 13
17 43 9
43 155 8
43 226 8
43 133 10
44 73 12
21 44 6
7 44 10
44 125 9
9 44 8
13 45 11
45 241 11
45 151 11
45 178 10
46 48 9
46 100 9
47 85 11
33 47 14
48 113 12
48 148 10
48 57 8
48 60 10
23 48 11
49 75 13
49 51 12
49 128 9
49 143 16
50 145 9
41 50 8
50 236 11
19 51 14
51 132 16
52 161 11
52 243 9
0 52 11
53 169 8
53 132 10
53 223 11
36 54 11
54 172 9
54 179 11
54 71 15
55 211 14
55 83 10
18 55 10
56 137 13
56 182 8
57 67 14
57 147 11
57 238 10
57 96 13
58 105 10
58 136 11
58 222 6
59 208 12
60 165 9
60 201 10
43 60 10
61 113 12
61 172 10
62 218 8
62 135 9
62 210 11
63 79 13
63 185 11
64 67 8
41 64 11
64 221 11
64 234 11
65 207 8
32 65 12
66 124 8
66 96 10
67 247 12
20 67 8
67 246 10
67 196 14
67 116 11
68 136 7
68 174 11
52 68 11
69 186 11
0 69 10
70 131 10
70 155 10
71 79 13
71 84 11
18 72 8
72 120 13
72 127 11
25 73 10
73 106 10
73 105 12
72 74 10
74 212 10
42 74 8
74 140 9
75 100 9
75 196 10
75 147 8
76 187 7
76 162 11
1 77 14
77 223 8
3 77 11
3 78 11
78 223 13
78 175 7
78 248 14
33 79 12
80 199 10
80 110 6
80 134 14
80 184 10
56 80 9
81 99 11
81 239 7
47 81 10
7 82 10
82 95 10
82 131 10
83 108 9
84 85 9
48 84 9
84 231 10
1 85 9
85 162 10
77 86 10
86 196 11
86 133 12
87 201 10
0 87 15
88 130 14
88 150 10
12 89 9
89 191 11
89 216 10
25 90 7
90 200 11
90 117 8
90 106 7
46 91 10
91 231 9
91 169 12
92 123 7
92 140 10
5 93 9
32 93 10
93 194 9
94 103 12
13 94 8
94 123 10
53 95 11
95 135 7
95 144 11
96 182 9
73 97 11
5 97 12
78 97 8
39 97 11
98 222 8
98 120 10
98 160 9
73 99 14
99 120 12
99 125 9
100 223 13
100 140 13
100 163 12
100 221 11
24 101 14
101 166 10
101 104 8
63 102 11
102 239 8
39 102 11
34 103 11
103 235 11
49 103 10
104 133 10
84 104 10
75 104 9
105 156 11
51 105 11
94 105 10
56 105 9
106 185 9
106 108 11
106 142 12
4 107 11
28 107 13
107 155 11
58 108 8
108 247 12
108 222 11
82 108 12
109 209 7
109 162 9
110 178 10
79 110 13
47 110 11
110 198 11
110 120 13
0 110 10
111 239 12
111 119 7
112 127 11
21 112 10
94 112 12
112 213 9
113 146 8
113 185 12
68 113 11
114 154 10
19 114 14
90 114 10
115 145 14
115 176 13
114 115 7
116 184 14
117 177 10
83 117 12
117 196 12
112 118 11
54 118 12
67 118 8
63 118 9
119 240 12
21 119 11
120 131 9
120 223 9
0 121 12
121 213 7
83 121 11
84 121 12
32 122 9
122 181 13
122 208 9
123 141 11
74 123 12
123 221 10
123 164 12
124 169 11
23 124 11
124 182 12
124 127 12
125 126 10
96 125 8
125 170 9
126 155 10
112 126 13
55 126 8
126 174 9
0 127 9
32 127 10
81 128 11
2 128 10
12 128 12
61 129 12
5 129 11
129 130 8
22 130 11
130 247 8
130 183 10
131 232 7
62 131 11
131 188 11
132 227 10
83 132 9
132 216 11
132 156 10
132 215 10
133 237 11
133 245 13
57 133 11
134 184 9
134 195 12
134 192 10
134 169 11
73 135 14
7 135 13
76 135 10
136 207 13
79 136 10
137 219 12
137 166 10
60 137 11
91 138 10
138 238 12
86 138 14
138 246 7
99 139 12
22 139 9
34 139 12
109 139 13
139 222 12
28 140 12
18 140 11
55 141 10
141 201 14
141 245 11
142 179 8
142 190 14
143 217 12
10 143 13
144 210 13
64 144 7
145 171 10
145 246 10
87 145 11
145 146 12
146 169 10
103 146 9
5 147 12
52 147 11
147 204 10
147 237 8
65 147 9
123 148 10
87 148 12
148 226 9
43 149 7
130 149 10
41 150 8
147 150 14
7 151 11
48 151 10
3 151 12
152 156 10
152 229 10
76 152 14
101 153 12
10 153 14
112 154 13
65 154 11
154 224 11
154 217 8
29 154 8
148 155 10
154 155 13
31 155 14
155 158 10
156 203 15
146 156 11
113 157 10
143 157 8
157 177 11
128 158 6
136 158 10
159 174 10
58 159 9
160 194 13
160 226 10
160 181 10
55 161 12
57 161 8
161 242 12
92 162 10
52 162 12
162 242 14
162 245 9
75 163 8
113 163 11
117 164 11
152 164 10
163 164 10
164 198 11
57 165 12
157 165 10
99 165 12
143 166 11
139 166 11
167 215 13
68 168 9
161 168 10
65 169 10
119 169 11
122 170 10
170 209 14
170 205 11
170 199 11
119 171 11
171 187 11
159 172 7
172 190 12
75 172 11
106 173 10
173 209 12
173 201 11
114 173 11
173 224 13
133 174 12
174 218 12
173 174 12
40 174 9
61 174 8
64 175 10
35 175 12
176 248 9
176 207 8
44 176 11
34 176 12
32 177 11
177 206 8
61 177 14
134 178 12
94 178 7
178 246 11
178 232 12
158 179 13
150 179 13
180 249 12
180 211 11
181 211 15
135 181 11
133 181 13
84 182 13
159 182 10
179 183 13
14 183 12
181 183 9
142 184 10
174 184 12
51 184 13
88 184 10
92 185 9
185 233 11
185 200 10
128 185 13
148 186 9
178 186 14
14 186 13
186 223 14
132 187 13
68 187 9
50 187 9
188 229 7
188 207 14
188 224 10
7 189 14
150 189 10
92 190 10
81 190 8
190 241 10
100 191 11
178 191 10
147 192 15
100 192 13
138 192 9
82 192 9
193 249 12
33 193 14
11 193 11
36 194 11
84 194 11
110 194 9
133 195 11
195 208 9
97 195 12
66 196 8
196 197 6
30 196 12
196 213 13
57 197 11
63 197 11
39 197 10
137 197 10
197 221 11
30 198 8
167 198 10
85 198 10
115 198 9
115 199 11
124 199 12
27 199 13
186 200 12
62 200 9
19 200 12
201 226 10
48 201 8
105 201 10
145 202 8
16 202 9
29 202 12
67 203 14
104 203 10
114 203 10
155 203 9
15 204 7
68 204 12
117 205 10
113 205 11
174 206 9
175 206 10
190 206 12
65 206 10
166 207 8
125 207 14
208 232 11
97 208 8
173 208 10
75 208 12
209 218 13
178 209 10
194 209 13
191 210 9
63 210 12
211 240 11
191 211 11
135 212 9
205 212 13
159 212 11
156 213 7
84 213 10
193 214 11
21 214 10
8 214 7
187 215 8
152 215 9
53 215 7
42 215 12
2 216 10
216 232 10
59 217 10
199 217 12
0 217 7
10 218 10
154 218 9
95 218 7
112 219 10
132 219 7
118 219 9
9 219 10
220 245 12
218 220 12
145 220 11
119 220 8
126 221 10
194 221 9
172 221 13
130 221 11
222 247 10
222 227 13
200 222 9
83 222 11
157 223 10
104 223 15
8 224 10
224 244 9
162 225 11
106 225 10
195 225 12
68 225 10
75 226 12
126 226 13
193 227 12
90 227 13
221 227 9
214 228 13
172 228 14
67 228 10
69 228 13
24 229 11
112 229 14
72 230 13
33 230 12
28 230 13
215 231 12
178 231 9
154 231 10
228 232 13
232 241 9
233 248 12
179 233 14
110 234 9
154 234 11
47 235 11
166 235 10
235 238 11
121 236 10
142 236 10
115 236 13
105 237 9
58 237 11
149 237 13
172 237 12
195 238 9
117 238 13
175 238 9
52 239 13
141 239 7
136 239 11
70 240 9
41 240 12
225 240 10
162 241 9
20 241 9
39 241 11
6 241 9
235 242 11
56 242 7
176 242 9
206 242 7
197 243 9
208 243 7
176 244 10
178 244 9
40 244 8
101 244 11
142 244 7
65 245 13
171 245 8
44 246 10
45 246 10
246 249 10
4 247 9
9 248 9
165 248 13
214 249 12
27 249 12
52 249 11
64 249 8
