250
0
2
4
4
4
3
5
1
7
2
6
2
4
6
7
6
2
8
3
9
8
1
6
8
3
7
6
2
2
8
8
8
8
4
9
7
2
5
4
9
2
3
10
9
6
6
2
3
2
5
2
10
9
4
9
6
10
2
9
5
5
7
6
5
2
9
5
7
9
2
2
8
5
6
7
9
9
4
6
6
5
6
4
9
1
2
8
4
7
8
3
6
5
3
2
5
6
9
6
1
9
7
8
3
7
10
3
9
9
3
5
2
7
8
9
9
4
2
1
3
6
3
1
7
3
4
7
10
10
6
1
5
9
7
8
7
5
2
8
9
7
2
7
8
8
6
2
3
2
9
6
6
2
4
8
6
7
2
6
5
6
7
1
9
1
4
2
6
3
6
10
7
2
5
9
8
7
3
6
5
5
3
5
2
2
7
3
2
10
7
9
3
4
10
4
2
5
5
3
9
3
7
1
4
7
3
2
3
2
2
9
5
5
4
9
7
9
6
7
8
6
9
5
9
7
2
9
5
6
6
8
6
6
3
3
2
5
8
9
8
9
4
8
8
5
4
8
4
10
4
0 213 12
0 230 10
0 72 10
0 43 9
1 35 15
1 47 7
1 173 8
1 62 11
1 26 11
2 198 12
2 54 12
2 210 8
2 215 13
2 36 8
2 179 10
3 5 15
3 54 9
3 125 11
3 101 11
4 235 10
4 146 9
4 160 11
5 241 11
5 50 8
5 7 11
5 43 8
5 233 10
6 46 9
6 10 7
6 159 14
6 106 12
6 43 10
7 166 11
7 146 9
7 81 9
7 117 11
8 41 9
8 128 7
8 205 12
8 230 11
8 102 10
9 50 9
9 127 10
9 146 8
9 215 12
10 231 10
0 10 15
10 17 13
10 248 12
10 89 10
10 64 11
10 86 10
11 146 8
11 115 6
11 113 12
11 123 8
11 206 12
11 197 10
12 124 12
12 43 7
12 159 10
12 212 10
12 44 11
12 165 10
9 13 11
13 78 11
13 19 10
13 38 11
13 236 10
13 129 9
14 206 12
14 176 12
14 41 11
14 214 7
14 208 11
15 91 8
15 142 12
15 125 11
5 15 11
15 53 11
16 104 14
16 157 10
16 246 13
16 137 12
16 48 8
17 231 11
17 74 10
17 209 11
17 21 7
18 82 13
18 44 11
18 232 14
18 86 10
18 31 12
18 91 11
19 45 11
14 19 10
19 214 10
19 27 13
20 56 11
20 58 10
2 20 9
20 154 12
20 167 14
21 110 13
21 99 13
21 94 14
21 193 7
21 206 11
21 114 13
22 208 11
22 185 11
22 50 11
22 37 8
22 63 9
0 22 9
23 228 11
7 23 10
5 23 14
14 23 15
23 117 9
23 163 10
24 218 12
24 63 12
24 229 11
24 111 8
24 71 5
24 225 10
25 118 8
25 126 8
25 96 9
25 105 12
25 217 9
25 77 10
26 134 8
26 206 11
26 157 10
26 165 8
27 217 15
27 154 14
22 27 12
27 192 8
27 191 11
27 93 8
28 162 14
28 120 9
28 86 8
28 230 11
29 98 9
19 29 11
4 29 11
29 156 9
29 225 7
29 71 11
2 30 9
30 178 8
30 46 9
30 35 8
31 150 11
31 109 11
31 72 10
31 76 10
32 78 9
32 239 9
32 184 10
24 32 13
33 140 12
33 246 11
33 36 12
33 82 11
33 60 14
34 47 6
34 218 12
34 51 10
34 211 9
34 189 11
35 161 11
35 239 13
35 181 8
35 156 11
35 95 13
36 220 11
36 82 12
1 36 12
36 69 8
37 45 10
37 140 6
37 176 9
37 93 13
38 55 12
38 180 9
38 90 15
38 167 6
38 116 8
31 38 11
38 68 9
22 39 8
39 202 8
39 176 10
39 240 11
39 58 6
40 123 11
20 40 10
40 50 10
40 199 9
40 247 12
41 91 10
41 177 9
41 150 12
41 68 11
41 156 11
6 41 8
42 167 13
25 42 8
42 243 10
42 45 7
43 134 8
43 164 12
17 43 12
43 54 11
43 217 9
43 92 14
39 44 9
8 44 13
44 210 13
44 180 12
44 79 12
45 232 11
45 64 8
46 225 11
46 147 12
46 150 10
46 102 10
27 46 7
46 140 12
47 83 13
47 192 12
47 221 11
39 47 8
48 157 9
48 172 11
48 93 12
48 52 13
48 136 11
48 64 10
49 89 6
10 49 11
49 85 13
49 142 11
49 134 8
50 87 10
50 238 12
50 247 13
50 202 8
50 125 10
6 50 9
51 184 12
51 124 11
51 72 11
51 238 13
51 106 12
51 110 12
52 216 12
27 52 11
52 235 10
52 65 10
52 195 10
21 52 6
53 148 14
24 53 10
53 104 9
53 160 14
53 69 12
53 151 12
53 197 9
53 230 8
54 245 13
54 228 11
54 131 9
54 240 10
54 68 11
21 55 10
55 171 9
55 144 10
55 82 11
56 246 8
56 79 11
56 194 13
56 245 8
57 117 11
57 208 7
57 106 12
7 57 8
32 57 7
57 68 7
58 174 12
58 113 8
2 58 10
58 231 12
58 157 11
58 160 11
58 237 12
59 98 11
49 59 11
59 188 11
18 59 10
59 199 11
59 227 10
60 63 3
60 111 12
60 170 12
61 206 14
61 204 12
61 182 12
61 186 12
61 238 12
23 62 10
62 114 13
62 127 10
62 68 13
57 62 12
62 147 10
49 63 7
63 226 12
63 125 8
63 132 10
3 64 12
64 75 8
64 136 11
64 141 9
64 145 9
64 241 9
64 86 7
65 199 12
56 65 6
65 87 10
27 65 10
65 222 12
65 173 13
66 182 15
66 209 12
66 172 9
66 99 12
66 68 13
66 226 14
66 181 9
30 67 13
67 228 15
67 122 13
67 229 6
68 188 12
68 116 11
68 155 12
2 68 12
68 226 10
69 111 10
69 79 14
69 223 9
69 113 12
69 93 11
70 181 13
70 158 10
70 226 8
70 84 12
71 164 10
52 71 12
57 71 11
71 157 12
72 227 11
72 81 14
72 171 10
16 72 9
51 73 12
73 134 11
73 138 11
73 206 12
44 74 10
74 116 9
74 198 13
74 173 13
75 150 11
75 232 10
75 90 11
75 231 10
75 88 12
75 224 10
29 76 6
8 76 11
76 175 13
9 76 11
23 76 10
76 182 9
76 142 12
77 85 10
69 77 15
64 77 11
77 203 12
78 113 10
77 78 10
78 138 8
78 146 8
78 157 10
79 137 10
20 79 12
79 190 12
79 192 9
79 186 7
79 90 11
80 174 13
80 169 14
80 134 9
80 184 11
80 98 12
10 80 10
34 81 13
81 141 8
81 116 6
18 81 11
82 238 12
82 168 11
39 82 12
82 220 10
83 135 7
83 100 12
82 83 13
42 83 9
83 86 11
76 84 9
84 98 12
84 228 11
17 84 9
68 84 11
15 84 11
38 85 11
85 226 11
2 85 10
48 85 12
86 238 11
86 246 13
86 189 14
40 86 13
86 129 9
87 133 13
35 87 11
84 87 12
87 187 7
88 239 14
88 126 14
53 88 12
88 162 11
88 122 9
88 215 8
89 245 12
8 89 12
89 163 12
40 89 7
89 192 11
90 206 11
80 90 8
16 90 7
91 143 11
91 184 13
28 91 11
43 91 14
92 177 8
92 233 8
92 225 8
92 116 13
63 92 10
92 212 10
93 157 11
77 93 13
5 93 14
93 132 10
93 154 12
20 94 14
32 94 13
66 94 10
55 94 10
94 150 12
94 227 12
95 196 9
95 108 12
95 134 7
14 95 12
96 98 8
96 164 9
96 197 13
23 96 11
96 165 8
64 97 8
97 182 16
97 248 12
98 157 12
98 177 9
78 98 9
98 156 11
99 212 9
99 113 13
99 162 10
92 99 9
99 108 9
27 100 10
59 100 10
61 100 8
100 113 13
100 239 10
30 100 10
100 108 10
101 215 9
50 101 10
101 178 10
101 228 9
5 101 13
3 102 10
102 115 9
23 102 11
102 104 9
102 117 14
30 103 11
103 242 11
50 103 12
103 177 11
2 103 9
103 210 12
104 110 11
73 104 9
55 104 9
5 104 9
71 104 12
14 104 10
105 165 11
60 105 10
105 163 7
105 193 11
105 122 9
105 144 10
63 106 10
106 168 11
106 183 14
41 106 12
106 169 9
2 106 16
106 201 14
78 107 11
34 107 12
60 107 11
35 108 12
80 108 7
45 108 12
108 237 12
108 172 11
109 118 10
109 214 10
12 109 11
33 109 11
109 177 11
110 139 12
110 116 14
110 209 14
111 213 10
111 120 11
111 164 10
111 227 12
111 211 7
87 112 13
111 112 10
73 112 9
112 119 9
112 142 14
113 182 8
113 123 13
113 159 12
113 177 10
8 113 9
3 113 11
22 114 9
114 171 10
114 140 10
9 114 11
115 198 12
115 215 11
115 138 13
115 175 13
115 222 13
32 116 14
116 244 11
78 116 9
55 116 10
109 117 8
117 140 8
37 117 13
117 245 10
117 198 10
118 122 13
76 118 9
118 235 11
72 118 12
59 118 10
119 227 14
119 245 14
119 230 11
119 133 8
119 200 14
119 150 11
46 120 11
120 191 9
120 243 10
121 178 10
96 121 10
121 246 10
121 163 9
122 172 12
12 122 8
122 142 11
122 129 11
31 122 10
62 122 5
9 123 11
123 156 11
86 123 9
123 185 12
13 123 12
124 238 9
124 146 11
5 124 10
25 124 9
18 124 8
22 125 10
88 125 12
125 206 13
125 194 11
125 223 7
126 230 12
125 126 10
15 126 10
118 126 10
126 158 8
127 238 12
127 153 6
113 127 13
20 127 12
120 128 9
107 128 8
33 128 13
34 128 10
129 225 8
129 141 11
123 129 8
129 175 9
53 129 8
102 129 11
130 198 9
1 130 10
126 130 10
48 130 12
66 130 8
53 131 11
131 159 9
87 131 13
7 131 9
13 131 11
42 131 13
132 172 6
46 132 15
21 132 9
51 132 11
131 133 11
133 185 12
133 192 10
133 225 13
133 231 15
133 176 11
12 134 14
33 134 5
113 134 6
134 153 12
134 135 10
123 134 12
45 134 12
134 226 11
135 201 9
81 135 10
89 135 11
135 226 10
136 211 11
136 185 13
101 136 11
136 218 12
136 160 12
78 136 11
137 202 13
84 137 5
137 221 8
57 137 10
138 141 13
138 146 12
41 138 10
139 193 13
94 139 12
58 139 6
22 139 10
9 139 11
31 140 12
140 180 10
47 140 6
49 140 12
136 141 12
103 141 11
57 141 11
17 141 10
49 141 12
142 170 8
36 142 9
142 198 8
142 245 15
95 142 9
143 168 8
74 143 9
59 143 12
143 150 11
78 143 10
143 228 13
121 144 12
144 192 12
102 144 13
8 144 9
144 216 13
80 144 12
145 201 10
145 193 11
145 217 9
145 244 14
116 145 9
146 235 14
53 146 12
112 146 8
146 204 8
99 146 7
146 151 7
147 148 12
93 147 16
147 217 11
83 147 11
147 166 10
148 163 13
22 148 8
63 148 8
66 148 6
47 148 12
148 181 7
31 148 12
7 149 10
47 149 11
25 149 8
149 172 12
141 149 15
114 150 15
40 150 11
150 158 11
151 204 12
134 151 9
143 151 13
150 151 12
24 151 11
151 249 8
117 152 13
152 178 8
72 152 11
152 156 11
126 153 11
88 153 7
145 153 9
78 153 9
120 153 12
82 154 14
154 242 11
62 154 11
155 167 8
155 218 10
107 155 13
155 156 13
36 155 7
62 155 6
34 156 8
150 156 8
77 156 8
156 203 11
95 156 14
57 156 7
157 184 11
109 157 7
47 157 10
149 157 11
56 157 15
110 158 8
158 170 11
64 158 8
156 158 14
81 158 9
62 158 13
159 223 10
156 159 9
70 159 8
75 159 8
0 160 13
98 160 6
160 249 11
160 166 9
137 161 9
13 161 10
6 161 10
120 161 12
35 162 11
89 162 10
162 230 11
162 195 10
162 183 9
13 163 11
163 230 11
146 163 7
163 179 8
64 163 7
54 164 12
164 173 15
160 164 12
164 223 7
165 189 14
165 188 11
97 165 12
165 226 8
82 165 10
151 166 10
166 174 7
166 203 10
96 166 13
167 173 9
167 231 11
167 204 12
8 167 10
115 168 11
168 200 5
149 168 11
167 168 9
65 168 10
169 177 15
89 169 9
169 218 11
12 169 13
93 170 11
156 170 7
124 170 13
107 170 9
20 170 10
171 226 9
75 171 9
128 171 8
113 171 11
171 227 9
172 221 8
172 207 11
87 172 9
172 210 11
151 172 10
172 220 12
173 205 8
173 224 14
57 173 10
102 173 9
173 196 13
141 174 13
14 174 12
92 174 13
35 174 10
77 174 10
156 175 10
131 175 11
175 206 10
8 175 8
176 190 9
166 176 6
176 238 13
55 176 13
44 176 10
176 235 11
3 177 10
177 187 11
160 177 10
29 177 12
177 186 11
7 178 9
67 178 8
104 178 9
134 179 7
96 179 8
159 179 13
179 198 7
76 179 9
89 179 9
45 180 10
65 180 12
94 180 14
105 180 11
180 189 7
180 234 7
181 223 11
28 181 13
135 181 14
110 181 11
134 181 11
32 182 10
49 182 10
10 182 11
25 182 9
182 236 11
57 183 12
145 183 14
56 183 8
83 183 8
184 248 10
184 221 11
178 184 11
139 184 14
174 184 12
172 184 8
104 185 8
185 224 11
167 185 10
166 185 13
82 185 12
31 185 9
27 185 12
185 186 8
160 186 12
68 186 7
186 200 11
147 186 10
118 187 11
187 218 10
187 237 11
187 228 13
187 224 10
96 187 10
187 193 12
188 197 11
17 188 9
46 188 6
172 188 8
51 188 7
36 189 9
179 189 8
39 189 8
79 189 13
189 217 11
135 190 12
99 190 11
73 190 10
191 236 10
73 191 13
163 191 11
95 191 13
191 246 9
0 191 11
116 192 13
153 192 8
56 192 9
104 193 9
193 239 10
149 193 12
150 193 14
69 194 11
147 194 8
88 194 12
99 194 8
90 194 11
69 195 9
148 195 9
186 195 8
38 195 11
195 206 10
196 202 11
112 196 8
53 196 14
7 196 11
196 225 10
32 197 14
197 214 10
185 197 10
197 205 10
70 198 11
92 198 12
160 198 14
176 198 11
198 221 9
193 198 13
32 198 10
141 199 11
10 199 9
21 199 10
199 207 14
98 199 13
120 199 9
171 200 14
98 200 14
45 200 13
89 201 12
201 232 12
188 201 12
127 201 13
201 234 8
33 202 11
110 202 12
202 211 12
98 202 7
119 202 13
98 203 9
109 203 13
29 203 11
56 203 13
173 203 10
85 204 8
114 204 10
169 204 11
35 204 13
87 204 10
60 204 9
77 204 8
68 204 9
205 224 8
161 205 12
205 242 9
142 205 9
57 205 9
96 206 11
206 223 8
187 206 9
86 206 10
45 206 6
119 206 11
139 207 7
93 207 9
0 207 8
189 207 13
96 207 12
129 207 11
83 208 14
151 208 9
174 208 14
208 241 10
209 238 9
36 209 10
161 209 11
37 209 7
84 209 11
117 209 13
128 210 8
104 210 7
73 210 10
93 210 14
159 210 11
1 211 10
120 211 7
211 219 11
71 211 9
212 243 12
212 235 9
2 212 11
103 212 7
7 212 13
113 212 11
36 213 13
201 213 10
29 213 12
10 213 11
168 213 12
8 214 10
172 214 9
164 214 11
46 214 12
173 214 9
52 215 11
167 215 11
95 215 12
61 215 8
208 215 13
140 215 9
64 215 11
64 216 11
39 216 10
145 216 9
70 216 10
122 216 8
92 216 12
86 217 9
50 217 13
215 217 11
144 217 9
139 218 12
127 218 11
217 218 10
55 218 10
204 218 12
27 219 9
185 219 9
191 219 11
140 219 6
82 219 11
150 219 12
86 219 10
88 220 12
73 220 8
220 221 9
81 220 11
164 221 11
29 221 13
203 221 10
221 235 9
174 221 11
115 221 12
15 222 10
58 222 7
126 222 13
145 222 8
83 222 10
7 223 11
223 240 10
114 223 11
14 223 10
84 223 12
48 224 11
23 224 9
191 224 10
160 224 15
159 225 13
79 225 9
192 225 13
126 225 11
217 225 9
129 226 10
74 226 5
65 226 7
185 226 11
143 226 10
38 226 13
178 227 10
185 227 11
227 229 10
109 227 13
162 228 14
228 229 12
11 228 12
201 228 11
41 228 12
126 229 10
132 229 13
154 229 12
142 229 8
209 229 10
108 230 13
128 230 12
54 230 12
139 230 12
230 236 11
72 230 10
93 231 10
101 231 9
122 231 11
231 246 10
149 231 12
210 231 6
0 232 13
172 232 12
89 232 8
121 232 9
40 232 12
232 237 16
137 232 12
117 233 13
198 233 12
143 233 10
27 233 10
220 233 9
200 233 13
128 234 13
167 234 9
90 234 10
95 234 11
218 234 16
39 234 11
119 235 10
18 235 10
95 235 10
39 235 14
41 235 10
144 236 11
0 236 9
100 236 6
7 237 13
55 237 10
128 237 7
97 237 8
211 238 10
190 238 8
37 238 9
150 238 14
202 238 11
9 239 10
198 239 8
124 239 13
177 239 12
154 239 9
0 239 13
142 240 11
94 240 12
27 240 10
38 240 11
228 240 11
50 241 10
195 241 8
44 241 9
194 241 9
211 242 8
14 242 10
98 242 7
117 242 10
95 242 8
231 243 8
172 243 7
201 243 12
111 243 7
198 243 10
114 244 8
222 244 14
30 244 12
68 244 12
237 244 12
122 245 11
74 245 11
104 245 10
80 245 9
129 245 8
97 246 11
104 246 12
107 246 11
77 246 9
159 246 13
34 247 10
97 247 6
139 247 10
234 247 13
3 248 10
192 248 9
207 248 12
138 248 11
152 248 5
1 249 10
208 249 14
28 249 8
167 249 12
131 249 9
57 249 9
