250
0
5
9
5
8
6
7
7
8
3
6
9
9
9
3
6
5
9
10
8
2
8
6
6
1
10
5
10
9
8
1
3
7
5
7
6
2
3
9
8
8
4
4
6
1
2
5
10
8
1
4
8
10
3
2
9
6
9
7
1
8
8
4
8
7
8
9
2
9
10
6
9
5
2
8
10
8
5
7
2
3
8
1
3
4
7
3
7
8
10
9
3
3
2
5
2
5
4
6
7
9
5
10
5
4
9
9
8
6
8
3
6
7
8
7
2
10
3
7
5
7
6
3
3
8
1
5
7
6
7
9
6
8
4
6
10
6
2
7
3
9
10
1
6
7
1
7
7
6
2
8
10
2
3
3
8
2
6
3
6
9
4
8
5
5
8
2
8
7
9
3
9
8
8
6
6
9
2
4
9
9
9
9
6
9
2
5
1
1
8
8
9
5
8
4
9
2
1
8
6
3
1
5
8
6
2
9
2
8
2
3
9
2
5
6
5
5
3
3
1
2
9
7
6
3
2
7
5
8
3
2
5
1
6
8
6
2
5
4
2
7
1
2
10
3
2
3
5
4
3
0 46 9
0 224 7
0 138 10
0 207 8
0 177 8
0 94 12
1 179 9
1 113 13
1 144 8
1 12 10
1 139 7
1 229 10
2 112 12
2 229 10
2 130 11
2 106 10
2 57 13
3 168 8
3 109 10
3 9 14
3 33 11
4 232 13
4 129 14
4 103 10
4 185 11
4 116 13
5 159 11
5 171 9
5 61 12
5 213 9
4 5 8
6 140 12
6 143 9
6 40 9
6 154 12
6 145 12
6 122 10
7 107 11
7 190 12
7 236 12
7 180 10
8 31 12
8 38 12
8 94 9
8 79 12
8 35 12
9 26 9
9 62 11
9 56 9
9 92 11
9 87 9
7 10 10
10 163 12
10 18 11
10 205 6
3 10 12
10 231 10
11 161 10
11 64 10
11 248 8
11 196 8
11 71 9
12 97 11
12 80 10
12 63 9
12 243 12
12 214 13
13 142 7
13 218 11
13 65 11
13 26 10
13 109 12
13 206 10
14 110 10
14 63 8
14 72 12
14 89 12
2 14 7
14 144 11
8 14 15
15 62 8
14 15 12
15 103 12
15 147 10
16 67 9
16 130 13
16 195 10
16 58 11
16 83 6
17 114 13
17 62 10
17 168 10
17 232 9
18 29 10
18 116 11
18 80 7
18 83 14
18 140 8
18 196 12
18 77 10
19 116 12
19 99 11
19 183 11
19 78 12
6 19 13
6 20 11
20 59 12
20 126 6
20 221 16
21 164 12
21 84 9
21 23 9
7 21 10
4 21 12
22 206 12
14 22 13
22 36 8
22 51 12
22 59 10
23 185 12
23 105 12
23 102 11
23 232 14
3 24 12
24 39 7
24 46 10
24 231 8
24 116 11
25 182 10
25 75 8
25 230 11
25 104 12
26 121 10
26 53 10
26 193 7
26 40 7
26 209 13
26 225 10
27 192 9
27 232 10
27 115 10
27 172 9
27 73 10
27 102 16
28 108 9
28 127 8
28 201 8
28 151 9
28 178 14
29 109 11
29 48 10
29 213 8
29 103 11
29 149 11
29 166 8
29 141 9
30 104 13
30 63 9
30 138 12
30 105 13
31 163 14
31 126 11
31 131 16
15 31 10
31 123 9
31 158 10
32 127 13
32 176 12
32 195 14
32 116 13
32 238 10
27 32 10
32 65 11
33 75 9
33 206 15
33 108 13
33 104 10
19 33 16
34 51 12
34 84 11
34 163 10
34 50 8
35 45 8
35 167 11
35 178 13
35 63 11
35 172 12
35 232 11
35 64 7
36 191 9
36 121 14
36 78 10
36 84 11
36 178 10
25 36 12
26 37 10
37 156 11
37 66 13
37 149 9
37 70 8
34 38 12
38 156 12
38 88 12
38 132 12
39 80 12
39 137 11
39 248 14
39 184 11
39 231 6
39 121 10
40 91 10
40 215 9
40 219 10
40 141 6
40 89 12
41 107 10
41 42 10
7 41 12
41 187 12
41 219 11
13 42 10
8 42 10
42 110 9
43 148 12
43 180 13
43 92 7
43 173 6
44 167 9
44 121 13
44 78 14
44 88 11
44 150 9
44 84 9
45 199 14
45 54 10
45 234 8
32 45 9
46 245 9
46 144 9
46 159 11
46 72 11
46 160 12
46 119 6
47 140 11
47 192 10
47 221 11
48 59 11
22 48 9
48 60 8
48 109 15
48 112 10
41 49 7
49 179 5
49 201 10
49 192 9
49 93 14
15 49 12
50 248 14
50 167 10
50 240 10
50 130 10
51 173 10
36 51 10
51 117 7
51 53 12
52 199 9
52 167 7
52 86 14
52 239 12
53 223 8
52 53 7
45 53 13
22 54 12
54 191 11
54 85 8
54 182 9
54 213 11
55 74 9
55 191 12
55 149 10
55 172 10
38 56 9
56 162 10
32 56 11
56 192 12
57 59 9
57 167 13
57 168 9
57 214 10
58 93 9
46 58 13
58 170 10
59 105 8
39 59 14
59 145 13
59 177 10
60 202 11
60 96 6
39 60 11
56 60 14
60 234 12
23 61 11
61 249 13
61 247 12
61 70 9
62 239 11
62 103 13
62 236 7
62 153 11
11 62 11
63 232 6
63 76 10
63 84 7
63 127 12
64 216 9
64 136 11
64 69 9
64 161 10
64 206 9
64 187 10
18 65 11
65 231 12
26 65 11
65 86 9
66 242 11
5 66 13
66 127 11
66 117 10
52 66 17
67 136 9
37 67 10
40 67 11
67 116 10
47 67 11
68 115 10
68 220 11
68 193 9
5 68 5
68 153 9
68 176 13
18 69 10
69 143 11
69 188 10
50 69 12
69 87 10
70 115 9
70 247 9
22 70 13
70 188 12
71 215 14
71 75 12
71 80 8
71 159 12
71 196 11
72 116 12
64 72 13
72 143 7
72 152 11
72 139 10
70 72 13
72 93 8
60 73 6
73 91 7
73 176 11
73 154 15
66 73 12
9 74 10
74 247 10
74 202 9
66 74 12
74 122 9
74 108 9
75 163 9
75 105 11
75 178 9
75 203 13
75 188 10
55 75 8
76 217 12
69 76 14
75 76 12
58 76 11
77 85 11
77 160 12
46 77 12
77 231 12
78 228 9
12 78 9
78 79 7
18 78 11
42 78 11
78 94 8
7 79 8
79 142 10
79 182 11
13 79 13
80 235 9
80 156 11
80 231 11
80 126 10
80 143 6
80 142 10
81 237 10
81 214 10
81 162 11
81 94 12
81 191 10
82 177 13
18 82 8
82 189 14
82 103 13
49 82 9
82 161 10
67 82 9
82 216 11
25 82 7
79 83 10
61 83 11
83 117 11
83 207 10
83 91 13
83 87 11
84 164 11
50 84 12
84 237 10
51 84 8
53 84 12
84 168 6
58 85 8
85 147 15
85 88 8
85 141 11
85 174 9
85 217 14
86 96 13
75 86 10
86 234 15
86 128 11
36 86 9
87 101 11
87 171 12
87 222 14
87 224 7
13 88 7
88 242 5
88 162 10
88 116 12
37 89 12
89 156 11
89 132 13
89 175 8
55 89 11
89 127 11
89 141 8
90 136 7
60 90 7
48 90 11
90 152 10
90 108 3
91 238 6
91 96 6
47 91 11
91 192 8
91 92 11
91 134 10
91 195 13
92 247 9
31 92 8
70 92 13
92 228 14
7 92 12
59 93 10
93 210 13
93 173 11
93 241 12
57 93 12
93 131 13
70 94 14
94 125 10
94 237 10
51 94 11
95 129 7
95 244 12
75 95 13
17 95 11
69 95 13
95 195 12
96 205 9
28 96 10
44 96 10
96 154 11
96 235 11
72 97 9
97 248 11
21 97 13
97 101 10
53 98 11
98 188 10
98 232 9
98 178 9
98 237 8
64 99 14
99 121 7
99 214 13
99 129 12
99 226 8
38 99 9
100 167 12
100 108 10
100 103 10
26 100 12
101 236 13
101 122 8
101 241 7
51 101 10
101 249 12
101 211 9
102 219 11
94 102 13
102 176 8
102 183 11
102 123 8
103 123 11
77 103 13
103 172 11
103 209 10
104 207 8
104 223 10
104 135 7
104 160 11
69 104 11
105 106 15
69 105 9
76 105 12
41 105 9
79 106 11
106 226 12
106 155 10
106 153 7
106 180 8
106 132 13
32 107 11
107 163 11
107 143 12
107 223 10
84 107 8
107 194 10
43 108 10
45 108 10
108 226 11
108 159 12
108 225 8
109 249 9
9 109 12
27 109 10
109 127 14
67 109 10
109 158 11
110 237 9
110 217 11
110 171 9
81 110 8
104 111 10
99 111 14
111 177 14
111 193 9
36 111 13
111 187 12
3 111 16
112 163 9
112 191 9
112 185 10
112 154 12
112 141 9
112 214 11
6 112 12
113 118 8
113 159 10
108 113 10
91 113 9
113 228 5
114 168 11
114 218 11
114 200 13
114 143 12
114 145 12
114 187 9
115 217 7
115 160 11
39 115 11
115 196 12
115 143 7
116 188 10
116 149 10
116 247 11
8 116 11
10 117 12
117 196 12
117 194 8
24 117 10
37 118 8
36 118 10
118 146 12
10 118 10
118 182 10
100 118 11
56 119 10
119 174 11
119 124 11
84 119 9
48 119 12
71 120 11
120 173 15
120 209 10
120 212 15
121 195 10
121 146 11
97 121 9
121 215 11
28 122 14
45 122 12
96 122 8
122 208 13
122 155 7
122 163 9
84 123 14
123 169 8
123 150 10
108 123 8
123 187 10
123 212 11
83 124 14
115 124 11
38 124 11
124 220 7
125 238 11
74 125 8
43 125 12
114 125 10
126 155 12
126 243 13
126 207 9
126 221 7
126 202 11
126 165 12
10 127 8
127 176 11
127 143 12
108 127 14
94 128 13
128 231 9
59 129 12
129 228 13
11 129 13
129 157 13
129 148 12
34 130 10
130 138 13
36 130 14
58 130 12
130 230 12
130 150 9
64 131 12
131 173 11
131 191 6
131 233 6
70 131 10
132 183 12
132 176 9
132 235 12
40 133 10
133 207 10
63 133 13
32 133 12
133 175 14
134 160 10
26 134 10
134 171 15
134 173 8
28 135 13
135 169 8
83 135 15
135 216 12
135 159 12
136 222 13
136 140 11
77 136 9
132 136 7
136 205 5
128 136 11
137 245 10
24 137 13
127 137 9
34 137 8
138 200 10
127 138 9
29 138 13
69 138 13
139 199 9
101 139 12
139 177 12
116 139 12
107 140 16
140 213 8
111 140 12
36 140 9
140 238 10
37 141 11
141 220 13
23 141 10
114 141 8
108 142 13
131 142 12
142 221 8
142 170 11
142 200 10
36 142 13
118 142 11
108 143 10
143 208 10
61 143 12
143 165 10
143 234 6
68 143 10
144 249 11
97 144 12
141 144 8
53 144 9
144 240 10
145 238 11
68 145 13
145 220 11
127 145 16
32 145 9
128 146 9
46 146 11
146 189 10
146 230 10
146 152 10
20 147 7
147 155 12
147 201 13
115 147 11
147 163 18
79 148 11
89 148 9
148 181 14
148 159 7
134 148 13
97 149 9
20 149 11
4 149 10
145 149 11
139 150 10
3 150 9
150 204 10
90 150 5
67 150 8
151 213 11
151 238 9
39 151 10
126 151 13
100 151 13
152 206 8
145 152 11
74 152 10
77 152 10
91 152 12
37 153 11
153 214 5
33 153 9
83 153 12
0 153 12
76 154 11
113 154 9
1 154 13
154 183 12
155 216 13
103 155 11
101 155 9
44 155 11
100 156 10
156 244 14
152 156 10
156 193 12
91 156 10
156 177 10
156 213 14
149 157 5
148 157 12
133 157 13
47 158 11
158 175 11
117 158 10
159 162 7
159 206 8
140 159 15
37 159 11
156 160 7
120 160 13
125 160 12
91 160 8
88 160 12
161 166 10
13 161 16
161 245 9
103 161 14
96 162 9
162 201 8
43 162 9
77 162 13
28 162 16
111 163 9
16 163 8
91 163 8
44 163 13
55 164 12
164 205 9
13 164 9
37 164 8
20 164 6
164 202 14
59 165 11
142 165 10
26 165 9
29 165 11
102 165 10
95 165 8
166 237 9
166 204 15
10 166 9
66 166 11
91 166 9
139 166 10
117 166 14
156 167 11
167 225 16
149 167 12
167 173 10
41 168 12
168 199 11
122 168 9
86 168 9
169 225 10
169 188 12
49 169 11
137 169 12
169 234 6
131 170 11
119 170 6
170 225 10
85 170 11
137 170 10
46 171 7
121 171 12
47 171 12
171 208 10
171 183 12
172 223 9
172 210 10
172 244 12
143 172 9
85 172 11
25 172 6
173 247 11
173 225 14
97 173 9
173 200 12
56 173 12
87 174 11
174 244 6
150 174 10
43 175 10
149 175 10
175 187 13
30 175 8
112 175 9
137 175 10
118 176 11
151 176 13
37 176 10
144 176 11
176 212 13
89 177 13
18 177 11
177 228 7
16 177 11
131 177 9
169 178 10
178 210 14
47 178 9
13 178 9
30 178 13
152 178 11
87 179 8
54 179 11
174 179 13
44 179 10
47 180 10
49 180 14
24 180 10
60 181 10
20 181 9
39 181 10
80 181 11
118 181 10
145 181 12
116 181 12
136 182 9
62 182 12
93 182 7
124 182 9
145 182 8
183 197 14
86 183 8
182 183 13
183 224 10
183 191 10
43 184 7
114 184 12
60 184 13
102 184 6
25 184 8
185 236 12
62 185 11
162 185 11
6 185 11
36 185 10
180 186 9
173 186 10
178 186 9
110 186 11
19 186 11
51 187 12
155 187 15
132 187 13
100 187 7
78 187 13
53 187 9
44 188 9
188 207 14
22 188 11
101 188 9
188 205 12
170 189 10
128 189 12
38 189 9
189 191 11
176 189 12
189 216 8
189 236 8
6 190 9
153 190 9
190 220 9
182 190 10
33 191 9
63 191 12
191 203 9
192 237 11
192 215 9
192 238 9
66 192 8
58 192 12
193 218 12
103 193 12
27 193 7
193 206 11
194 224 13
194 229 11
93 194 13
139 194 10
118 194 12
189 194 10
82 195 12
152 195 10
35 195 9
195 249 12
147 195 13
180 195 12
155 196 12
83 196 8
196 217 9
91 196 11
146 197 7
143 197 11
68 197 12
197 200 8
197 228 6
167 198 12
103 198 11
132 198 10
147 198 9
163 199 11
157 199 9
193 199 13
191 199 11
190 199 10
153 200 12
200 228 10
36 200 11
200 231 10
198 200 7
201 245 10
173 201 7
83 201 11
108 201 11
169 202 11
78 202 11
202 203 13
49 202 12
113 202 8
67 203 10
203 220 10
51 203 13
203 221 6
79 203 10
161 204 9
187 204 10
130 204 10
204 240 11
32 205 12
205 210 11
94 205 11
17 205 10
145 205 13
204 206 14
32 206 10
156 206 12
47 206 12
201 206 11
78 206 10
193 207 11
207 245 10
165 207 10
207 228 9
32 207 9
67 207 13
150 208 10
8 208 12
106 208 6
188 208 11
207 208 11
208 243 12
209 216 9
209 227 10
34 209 9
16 209 11
50 209 8
177 210 13
61 210 11
210 230 10
152 210 9
161 210 9
126 210 9
143 211 12
7 211 11
211 215 12
146 211 10
51 211 9
160 212 11
189 212 14
9 212 12
32 212 11
33 212 9
4 213 12
158 213 9
114 213 12
31 213 11
43 214 11
152 214 10
65 214 12
167 214 9
36 214 14
215 226 11
28 215 13
152 215 9
160 215 10
75 216 9
183 216 10
167 216 9
92 216 10
116 217 9
190 217 8
217 225 10
217 234 11
81 218 10
151 218 10
218 249 15
35 218 10
36 218 11
172 218 7
49 219 13
60 219 10
130 219 11
184 219 11
164 219 11
220 242 11
202 220 13
218 220 8
52 221 10
123 221 10
70 221 6
53 221 9
135 221 9
221 229 10
46 222 6
6 222 11
208 222 10
205 222 9
187 222 13
222 245 10
215 223 9
126 223 8
202 223 8
168 223 15
214 223 13
179 224 14
44 224 11
48 224 13
126 225 14
225 235 11
33 225 14
138 226 9
225 226 9
218 226 11
84 226 9
225 227 5
50 227 10
86 227 10
227 234 10
227 238 12
227 244 16
211 228 9
183 228 13
20 228 10
112 228 12
124 228 13
88 228 10
139 229 11
229 238 14
108 229 10
100 229 9
229 236 12
170 229 10
216 230 9
224 230 8
164 230 13
188 230 10
125 230 12
64 230 14
34 231 8
49 231 13
183 231 10
69 231 12
5 232 16
137 232 12
222 232 11
229 232 9
29 232 13
85 233 11
125 233 12
48 233 7
158 233 9
12 234 9
26 234 14
199 234 7
1 234 12
62 234 9
48 234 10
15 235 11
82 235 14
149 235 11
192 235 9
205 235 11
186 236 15
2 236 10
38 236 13
108 236 10
60 236 15
203 236 12
82 237 10
193 237 12
223 237 10
230 237 9
168 237 9
215 238 10
119 238 11
141 238 7
133 238 10
191 239 7
173 239 8
26 239 13
162 239 10
194 239 10
77 240 8
120 240 10
208 240 10
240 244 14
26 241 12
46 241 7
8 241 11
152 241 14
19 241 10
217 241 10
39 242 14
157 242 10
143 242 11
54 242 9
8 243 10
141 243 9
229 243 11
157 243 9
120 243 13
192 243 13
244 247 12
197 244 9
36 244 10
27 244 13
196 244 6
23 244 12
233 245 13
110 245 10
93 245 9
196 245 13
214 245 10
69 246 10
233 246 8
220 246 10
60 246 11
156 247 7
28 247 11
124 247 11
20 247 10
146 247 9
93 248 11
200 248 8
56 248 11
124 248 11
60 248 14
14 249 13
97 249 10
146 249 10
36 249 10
143 249 13
