250
0
8
6
8
10
9
5
2
7
3
2
9
4
7
7
2
10
7
7
6
8
7
3
7
9
7
4
6
8
4
4
8
4
5
8
4
7
2
9
9
9
6
4
9
8
2
7
5
9
5
6
8
9
4
3
2
7
9
4
5
8
1
6
5
5
6
3
5
1
3
6
4
4
10
6
9
6
6
9
9
9
1
6
1
4
9
7
7
3
1
8
6
2
8
2
5
9
10
5
2
6
3
7
8
4
4
7
3
8
6
4
7
6
4
5
2
4
9
8
4
8
8
6
10
10
7
2
4
1
3
4
3
9
9
8
6
7
1
3
2
6
1
9
9
5
8
9
10
8
4
2
3
6
4
6
3
8
5
7
2
10
5
7
8
8
8
6
6
7
2
9
6
4
1
7
4
4
7
2
2
7
2
10
9
3
8
5
4
5
2
8
4
5
6
8
3
4
5
6
3
4
2
4
8
8
2
7
3
9
10
7
9
3
9
4
4
10
8
7
7
8
6
5
4
2
3
5
5
7
7
8
7
5
9
6
6
8
9
8
5
5
7
8
3
5
2
3
2
1
3
0 88 12
0 201 11
0 183 8
1 181 12
1 46 14
2 244 14
2 200 13
2 221 10
3 242 13
3 125 13
3 215 12
4 40 11
1 4 13
4 93 10
4 76 9
5 125 7
5 150 10
5 93 10
5 248 10
6 236 10
6 177 12
7 62 10
6 7 12
7 107 11
8 181 12
9 197 10
9 75 9
10 74 13
10 112 9
10 155 9
10 184 10
11 179 8
11 64 11
11 130 14
12 223 10
12 201 9
12 58 9
12 20 12
13 142 14
13 181 10
13 108 11
5 13 9
14 61 10
14 120 11
15 112 9
15 96 11
8 16 10
16 170 9
16 79 10
17 196 13
17 21 6
17 181 15
18 188 7
18 199 13
18 202 7
18 63 10
19 138 10
19 102 11
19 210 13
20 31 12
7 20 10
4 20 10
21 202 11
21 215 10
21 243 12
21 192 14
21 217 10
22 176 10
17 22 10
23 243 12
23 76 13
24 161 11
24 127 13
25 214 8
25 233 10
26 120 8
26 81 11
20 26 8
27 137 11
23 27 10
27 238 10
28 59 10
28 155 10
28 236 8
28 73 15
29 170 12
29 103 12
29 93 11
29 154 8
15 30 14
30 71 13
30 77 9
27 30 9
31 137 13
31 95 11
31 221 10
31 195 7
32 237 8
32 236 9
33 242 11
33 67 8
33 181 14
34 45 8
34 224 12
34 61 9
34 80 8
35 124 9
35 192 12
35 146 9
36 145 9
36 65 13
37 151 9
37 100 12
37 61 12
38 53 9
38 146 10
38 144 14
39 137 10
39 242 12
40 170 5
40 229 8
40 182 13
41 47 14
41 220 7
41 75 8
41 59 10
42 46 9
42 173 10
42 241 12
43 187 9
43 108 6
0 43 13
15 43 11
44 54 12
29 44 9
44 228 11
13 45 10
45 174 10
14 45 13
46 147 11
38 46 13
34 46 9
47 195 11
47 164 10
47 202 12
47 156 10
46 48 11
10 48 8
48 121 8
48 249 10
49 150 8
50 162 10
50 108 14
50 170 10
6 51 11
51 69 12
52 153 14
52 230 14
3 52 10
53 78 10
53 217 12
53 238 10
54 149 9
54 241 10
10 54 9
55 119 6
55 248 14
56 202 11
56 164 15
56 220 9
12 56 12
57 225 9
57 242 12
57 76 14
50 58 11
58 128 12
58 192 12
59 90 13
58 59 11
59 202 10
59 107 13
52 59 12
60 115 12
60 234 11
57 60 10
60 173 10
61 168 11
51 61 10
62 237 11
62 153 8
63 180 11
63 221 11
64 229 11
65 156 13
32 65 11
61 65 8
66 68 13
66 135 11
67 243 13
67 186 7
67 142 10
68 159 14
68 221 12
61 68 12
68 138 10
69 234 11
35 69 8
69 78 14
30 69 10
70 123 11
70 170 13
70 228 8
10 71 6
71 171 11
72 110 13
49 72 7
1 72 8
72 225 11
72 80 9
73 198 9
71 73 11
73 106 11
14 73 10
74 115 10
74 208 8
75 119 12
75 169 8
76 111 12
18 76 9
76 144 13
77 196 10
77 85 8
77 193 13
78 193 11
78 149 7
78 231 10
78 133 11
78 79 12
79 83 11
79 231 9
79 198 8
79 188 8
79 101 7
80 193 8
28 80 10
80 117 10
81 119 11
81 206 7
81 249 12
34 82 9
45 82 12
82 183 13
83 187 9
46 83 9
84 201 10
67 84 9
84 219 9
85 86 10
67 85 6
48 85 11
85 240 10
86 117 11
86 228 12
87 113 11
71 87 9
87 235 14
88 211 12
12 88 7
87 88 13
12 89 11
24 89 11
89 213 9
90 171 11
90 99 11
90 209 11
91 180 11
91 249 7
4 91 10
92 157 10
92 113 15
62 93 9
93 123 12
93 95 10
94 165 10
48 94 9
95 234 5
95 149 13
95 224 11
95 140 10
96 222 10
96 176 10
3 97 10
97 205 12
98 171 10
98 217 11
98 197 11
99 205 8
18 99 6
16 99 13
51 100 10
17 100 9
101 178 13
62 102 12
33 102 11
103 242 9
103 220 10
103 239 5
104 158 13
104 179 14
47 105 12
12 105 9
10 106 13
107 130 11
30 107 12
54 107 10
16 107 8
95 107 9
108 199 8
34 108 11
14 108 12
108 233 12
21 109 10
109 175 7
97 110 10
104 110 13
24 110 11
110 177 11
111 156 14
14 111 8
55 111 10
61 111 9
33 112 9
53 112 12
113 184 12
113 163 9
102 113 10
114 198 13
4 114 10
91 114 14
115 167 9
115 205 11
115 249 9
39 116 11
21 116 10
116 186 12
115 116 8
34 117 11
117 205 14
117 132 13
117 232 14
51 118 10
118 167 16
118 126 10
92 118 7
118 242 13
2 119 9
119 184 11
61 120 12
113 120 12
121 142 14
50 121 10
109 121 14
69 121 10
121 195 8
122 167 12
0 122 13
122 247 11
123 125 12
105 123 10
53 123 10
124 146 12
50 124 10
115 124 10
125 206 12
10 125 8
25 125 10
81 125 11
125 170 13
120 126 14
90 126 8
126 184 6
126 185 11
48 127 12
108 127 15
3 127 8
108 128 9
11 128 14
52 128 11
44 129 8
57 129 14
125 129 12
130 241 12
130 249 10
88 130 12
131 193 14
131 139 10
103 131 8
78 132 11
26 132 11
132 219 9
84 133 13
108 133 8
134 246 11
128 134 11
125 134 9
101 134 10
62 135 9
121 135 8
135 221 11
2 135 8
135 161 10
5 136 11
136 205 13
136 154 12
113 136 8
137 144 11
137 147 11
25 137 10
89 138 13
138 168 12
139 225 10
140 172 14
140 204 10
44 140 9
104 141 10
103 141 11
141 219 11
20 142 9
133 142 12
84 142 10
71 143 11
68 143 10
42 143 13
143 152 8
143 147 8
131 144 11
144 180 12
144 231 10
144 236 9
63 145 9
45 145 9
145 236 11
145 235 9
145 192 9
146 182 9
137 146 10
146 240 9
146 190 10
146 188 10
85 147 13
147 170 11
82 147 10
32 147 9
148 171 8
148 239 7
102 149 10
149 185 11
79 149 13
149 233 8
150 214 14
127 150 7
150 208 11
41 151 11
151 248 14
152 227 15
95 152 12
95 153 7
153 231 9
8 153 13
67 153 11
154 241 10
39 154 15
30 154 11
121 155 12
47 155 13
154 156 11
89 156 11
95 156 12
156 245 12
157 204 11
157 238 10
1 158 13
5 158 11
158 211 11
11 158 11
159 233 12
159 214 13
106 159 13
159 234 13
160 239 12
160 244 11
2 161 10
68 161 9
83 161 8
76 161 9
161 207 4
162 186 11
77 163 12
104 163 13
126 163 11
163 246 7
119 164 6
165 246 8
165 198 11
166 225 10
104 167 10
167 175 12
167 229 12
167 216 9
168 175 9
31 169 10
97 169 9
169 188 8
11 169 13
45 170 9
12 170 11
170 190 12
32 170 12
127 170 12
119 171 12
130 171 14
88 171 10
172 204 12
85 172 10
41 172 8
138 172 11
173 213 10
173 235 11
173 224 10
145 173 10
146 174 11
96 174 12
174 210 12
174 223 9
57 175 10
175 183 8
176 227 10
131 176 9
3 177 12
57 177 7
177 217 12
75 177 11
83 178 14
44 178 13
118 179 7
179 219 13
74 179 11
61 180 5
139 180 14
180 212 9
79 180 6
61 181 8
74 181 8
54 181 10
41 182 10
97 182 11
179 182 8
98 183 6
139 183 10
183 214 12
121 184 12
86 185 6
10 185 12
113 185 14
27 186 9
130 186 10
177 186 12
186 200 10
39 187 9
25 187 12
16 187 12
160 187 12
188 241 8
188 221 12
127 188 10
95 188 10
179 188 10
189 202 10
47 189 12
145 189 7
45 190 9
136 190 9
107 191 12
191 208 11
76 191 8
192 194 12
142 192 9
154 192 8
134 192 14
193 225 8
114 193 11
130 193 12
91 193 6
173 194 12
127 194 9
148 194 7
194 245 14
70 195 14
161 195 10
112 195 10
196 221 13
97 196 7
91 196 12
154 196 12
100 197 9
50 197 10
28 197 7
162 197 8
48 197 10
170 198 8
66 198 10
53 198 13
123 199 9
199 222 7
169 199 10
163 200 10
31 200 12
178 200 11
117 201 10
10 201 9
121 201 7
1 202 8
90 202 10
101 202 10
203 234 12
110 203 12
158 203 10
48 203 13
189 204 9
52 204 12
146 204 7
8 204 12
205 227 10
35 205 9
205 225 12
161 206 11
206 240 9
49 206 10
83 206 12
73 207 12
38 207 9
195 207 13
118 208 13
208 245 13
36 209 10
27 209 12
3 209 10
33 209 13
133 209 13
14 210 11
68 210 10
87 210 11
169 211 6
30 211 11
185 212 15
152 212 11
36 213 12
213 238 11
134 213 10
214 227 12
52 214 11
214 242 7
203 214 10
57 214 10
201 215 11
1 215 13
92 215 14
202 215 9
196 216 9
216 225 8
195 216 11
69 216 11
135 216 9
112 217 9
217 243 7
218 248 7
170 218 12
1 218 9
143 219 12
104 219 9
67 220 6
140 220 10
44 220 10
220 223 12
114 221 8
35 221 12
124 221 9
221 234 9
222 233 8
208 222 11
203 222 11
99 222 15
158 223 9
223 230 13
139 223 14
190 223 10
224 248 7
19 224 8
55 224 12
4 225 11
105 225 9
225 244 10
21 225 10
210 225 10
157 226 11
226 243 10
178 226 11
227 245 11
23 227 10
227 234 11
157 228 12
81 228 12
29 228 10
39 229 10
6 230 11
90 231 11
63 231 11
0 231 12
232 245 8
56 232 9
70 233 13
137 233 13
74 233 14
5 234 8
229 234 11
204 235 6
51 235 9
210 236 7
193 236 11
236 247 8
24 236 14
199 237 13
127 237 11
73 237 9
146 238 12
103 238 12
6 238 9
55 238 11
209 239 15
89 239 11
239 240 13
152 240 16
22 240 15
18 240 10
147 241 11
241 244 11
177 241 11
198 241 10
126 242 10
78 242 15
237 242 8
169 243 10
51 243 9
241 243 8
111 244 11
106 244 8
193 244 12
113 245 12
160 245 11
103 246 11
161 246 11
101 246 11
49 246 9
123 247 14
14 247 13
186 248 13
115 248 14
49 248 10
232 249 10
226 249 14
107 249 11
