250
0
7
6
7
2
4
2
5
2
2
10
9
2
3
2
1
10
2
10
7
2
7
8
4
3
6
2
5
2
6
2
6
6
2
5
9
9
8
5
4
3
3
4
6
2
9
4
6
3
9
7
7
6
4
10
5
2
3
4
8
2
4
10
8
6
6
3
4
7
1
2
5
4
3
7
9
7
2
2
9
5
6
6
1
8
10
6
6
6
10
8
1
7
6
10
7
9
8
2
5
3
2
2
2
10
5
4
1
6
6
7
9
7
8
4
7
2
5
8
9
5
8
8
2
6
5
5
3
7
2
9
4
10
7
6
7
8
8
4
10
3
9
2
4
2
3
8
10
9
9
6
2
7
8
7
4
1
6
7
9
7
1
5
9
7
2
4
4
4
9
7
3
1
6
3
2
1
7
2
7
8
7
4
2
3
1
7
3
5
2
8
6
6
3
5
7
9
6
7
6
5
2
3
9
4
1
9
4
7
9
2
2
3
5
6
2
5
7
4
5
9
1
4
10
4
4
5
2
7
6
10
6
2
3
8
9
5
4
5
5
9
2
9
7
2
4
5
4
6
1
0 65 8
0 120 12
0 168 10
0 194 10
0 177 11
0 80 9
0 171 12
0 28 8
0 98 16
0 87 10
1 112 12
1 57 13
1 43 12
1 30 11
1 53 8
1 166 10
1 192 9
1 48 9
1 87 11
2 103 9
2 54 10
2 78 12
2 43 11
2 162 9
2 108 11
2 221 10
2 24 11
2 211 14
2 106 7
2 249 7
3 150 12
3 91 10
3 244 12
3 65 10
3 62 10
3 239 14
3 142 6
3 195 14
3 88 9
3 213 12
3 90 16
3 107 11
4 156 12
4 43 11
4 13 13
4 159 10
4 99 10
4 211 11
4 247 12
4 59 12
4 212 11
4 83 9
4 19 8
5 90 6
5 198 9
5 94 8
5 113 12
5 101 12
5 172 6
5 200 9
5 121 11
5 125 9
6 177 8
6 69 6
6 38 11
6 84 13
6 58 10
6 176 13
6 128 8
6 101 13
6 121 7
6 83 10
6 152 13
7 247 13
7 53 8
7 29 14
7 14 9
7 179 8
7 165 13
7 240 8
7 20 14
7 115 6
7 72 11
8 168 10
8 138 15
8 136 9
8 88 13
8 157 13
8 144 11
8 66 11
8 228 10
8 44 8
8 220 12
9 71 9
9 163 8
9 39 11
9 134 8
4 9 8
9 25 12
9 103 10
9 184 13
9 158 9
9 100 12
10 64 11
10 165 10
10 248 13
10 116 11
10 26 12
10 66 12
10 46 10
10 86 8
10 136 9
6 10 6
10 31 9
11 150 13
11 191 9
11 82 12
11 128 12
11 234 11
11 121 11
11 213 12
11 239 13
11 151 13
11 55 13
12 83 13
12 140 8
12 94 9
12 234 9
12 154 8
12 30 11
12 52 10
12 161 9
12 56 13
13 158 7
13 217 11
13 198 11
13 84 9
13 40 9
13 248 11
13 179 11
13 164 14
13 187 11
13 100 12
13 82 9
0 14 9
14 20 10
14 103 9
14 125 9
14 32 10
14 149 11
14 211 10
14 105 9
14 161 8
15 222 7
15 70 11
15 54 9
15 105 11
5 15 8
15 211 10
15 132 8
15 130 9
10 15 12
15 84 12
16 92 11
16 66 10
16 147 8
16 161 11
16 237 9
16 196 9
16 235 13
16 188 10
16 88 9
16 211 10
17 247 11
17 132 13
15 17 11
17 128 10
17 197 10
17 220 10
17 157 11
17 230 13
17 242 16
17 162 13
18 30 9
18 141 9
18 242 10
1 18 9
18 117 8
18 85 15
18 50 9
18 40 11
18 92 15
18 177 14
19 52 13
19 234 13
19 205 10
19 191 6
19 124 9
19 182 13
16 19 13
19 102 8
19 115 10
19 65 10
19 206 9
20 127 11
20 240 12
20 100 10
20 215 11
20 220 9
20 243 11
20 44 13
20 224 10
20 174 11
20 206 11
21 101 9
21 58 6
21 149 12
21 108 13
21 63 8
10 21 12
21 147 11
21 246 8
21 205 8
22 35 10
22 107 2
22 51 9
11 22 9
7 22 10
22 177 12
22 97 11
22 71 14
22 68 11
23 225 9
23 67 15
23 83 10
23 118 12
23 90 8
23 111 13
23 86 10
23 221 14
23 131 8
23 58 12
23 112 10
24 110 12
24 63 9
24 166 11
24 34 10
24 99 11
24 80 11
24 134 8
24 101 13
24 242 12
12 25 13
25 152 10
25 130 8
25 65 10
25 201 8
25 58 11
25 106 7
25 171 11
26 103 10
26 133 5
16 26 8
26 61 8
26 178 9
26 160 9
26 91 15
26 80 13
2 26 12
26 140 11
27 179 9
27 163 8
27 133 10
27 147 9
27 46 13
27 104 7
27 78 8
25 27 7
17 27 7
27 132 10
27 138 11
28 217 11
28 154 11
28 243 12
28 219 7
27 28 13
28 77 8
28 127 11
28 166 14
28 105 12
29 151 7
29 175 9
29 141 10
29 71 11
29 230 9
29 210 10
29 44 10
29 233 11
29 180 12
30 165 9
30 177 8
30 160 15
30 157 12
30 161 9
30 199 9
30 206 10
30 123 14
30 41 11
30 117 9
18 31 13
31 224 7
31 221 8
31 103 10
31 97 12
31 81 9
31 132 5
31 125 8
31 168 9
32 239 11
32 248 12
32 121 8
32 208 10
32 164 10
32 249 10
32 88 8
32 80 11
32 33 12
32 104 10
33 36 12
33 246 10
33 56 8
33 195 9
33 216 9
33 182 11
11 33 11
33 98 10
33 249 10
33 245 12
34 64 7
34 227 11
34 122 10
34 119 9
34 246 12
34 210 13
34 174 15
34 150 9
34 44 10
34 168 10
35 197 13
35 210 9
35 45 8
35 108 11
35 39 11
35 215 10
35 54 9
35 69 12
35 182 7
35 167 10
36 148 9
36 223 14
36 211 12
36 69 10
36 162 12
36 38 10
25 36 10
36 176 11
36 158 9
37 92 11
37 170 12
37 60 10
37 64 13
37 100 10
8 37 8
17 37 11
30 37 11
37 96 12
37 76 10
37 102 9
38 43 10
38 216 10
26 38 7
38 88 9
38 140 11
35 38 7
38 141 10
38 108 8
38 102 9
38 64 12
39 130 11
39 197 7
39 154 9
20 39 13
39 210 8
39 198 11
39 146 13
39 244 12
39 101 13
39 141 10
22 40 12
40 212 9
40 239 13
40 134 12
40 91 11
40 221 13
40 122 7
40 112 9
40 191 12
40 132 8
40 231 12
41 81 15
41 214 13
41 60 9
41 69 14
41 143 12
41 230 12
41 205 12
41 146 9
42 92 10
42 218 12
42 184 12
42 117 8
42 110 9
42 199 12
42 74 11
14 42 11
42 228 11
22 42 9
37 42 9
43 207 10
43 50 13
16 43 11
5 43 10
34 43 10
43 119 12
43 64 9
43 138 10
43 87 11
43 100 7
44 98 11
44 131 11
44 139 10
28 44 10
25 44 10
44 103 10
44 97 7
16 44 11
44 82 12
44 69 12
44 127 13
45 74 10
45 166 11
45 236 10
45 131 8
45 118 11
45 221 8
45 121 10
45 106 9
45 238 11
45 55 8
46 127 9
46 193 9
46 113 10
46 231 13
46 199 11
19 46 11
46 141 6
46 238 8
46 52 9
47 143 10
47 158 10
47 191 9
29 47 11
47 92 7
47 182 11
47 168 8
47 84 10
47 85 8
47 86 10
48 106 11
48 193 10
48 162 9
48 187 10
48 150 11
48 161 10
48 194 9
48 246 11
49 160 14
49 57 9
16 49 6
49 155 10
49 209 10
12 49 11
49 117 12
49 102 10
49 193 13
49 54 10
9 49 12
29 49 9
31 50 10
50 230 12
50 155 11
50 239 14
42 50 11
50 96 7
0 50 9
50 217 11
50 247 8
50 105 10
3 50 6
51 85 10
45 51 3
51 226 14
51 86 8
51 58 8
51 73 11
51 204 11
51 104 11
51 113 9
51 176 5
52 204 7
52 207 11
52 168 10
52 63 6
52 180 10
52 236 13
52 131 10
52 104 12
52 65 7
53 57 12
53 84 13
53 86 10
13 53 11
52 53 11
53 221 11
53 88 10
53 131 9
53 192 9
5 54 9
10 54 9
54 73 9
54 148 10
54 147 8
54 155 14
34 54 10
22 54 8
54 168 9
54 156 11
54 176 10
9 55 9
22 55 10
55 225 12
55 220 11
50 55 9
34 55 7
55 219 14
55 91 10
33 55 10
55 232 10
56 200 14
15 56 13
56 114 12
56 188 12
56 80 11
56 87 15
56 66 10
56 190 8
5 56 10
56 231 8
56 83 10
57 137 8
54 57 14
57 81 11
57 121 11
57 122 9
55 57 11
57 166 10
57 67 12
57 188 9
43 57 12
58 77 9
58 65 11
58 144 10
58 249 10
58 111 8
58 123 14
4 58 12
58 202 13
58 115 13
59 119 10
59 143 12
59 86 9
59 176 13
57 59 11
52 59 8
59 230 13
59 235 9
59 94 14
60 168 13
60 98 9
60 175 12
60 145 11
60 102 9
58 60 11
60 112 10
4 60 8
43 60 13
26 60 9
61 118 7
61 180 8
57 61 10
61 100 8
61 130 13
61 119 7
47 61 14
61 85 9
61 233 9
61 153 11
62 180 12
62 209 12
62 173 8
62 162 11
37 62 11
62 238 12
62 91 12
62 166 10
29 62 12
63 221 10
63 178 10
63 112 11
63 216 10
63 174 10
35 63 12
63 198 9
63 75 7
63 78 8
63 195 13
64 120 12
36 64 6
64 130 10
64 107 11
21 64 13
64 67 10
64 216 11
64 71 10
64 198 14
64 206 13
49 64 11
36 65 11
9 65 12
65 181 10
65 165 15
65 201 13
65 108 11
65 155 13
65 137 8
64 65 11
0 66 8
66 92 15
28 66 9
66 240 12
46 66 12
66 234 11
66 138 8
66 141 11
66 139 10
66 225 12
66 148 9
67 133 9
16 67 11
67 195 7
67 105 6
67 185 9
67 78 13
67 113 9
33 67 11
67 129 9
68 101 9
68 230 7
68 125 9
68 210 10
68 183 15
21 68 10
68 122 9
68 219 9
51 69 9
69 86 14
69 78 12
69 87 16
30 69 14
69 109 14
69 151 16
32 69 12
69 135 8
69 79 12
70 239 9
13 70 14
58 70 12
70 214 8
70 105 11
70 151 12
70 244 8
70 233 12
70 100 12
70 246 11
70 194 13
71 223 12
71 208 12
71 122 11
71 121 10
71 203 14
59 71 12
71 115 9
71 83 10
71 206 8
72 109 13
72 186 9
72 246 12
72 200 10
72 236 11
72 166 10
1 72 11
49 73 11
33 73 10
73 154 10
58 73 11
73 208 12
73 217 10
53 73 9
73 227 10
64 73 5
73 90 13
74 187 9
74 82 7
74 138 11
74 121 9
65 74 13
74 146 9
46 74 10
11 74 8
74 126 9
74 249 8
75 95 11
75 246 12
75 236 13
75 135 7
75 104 10
75 120 10
75 198 12
75 203 8
25 75 12
75 230 9
41 76 10
72 76 11
76 116 10
76 140 10
76 120 10
76 114 11
76 147 11
40 76 12
76 148 11
77 230 10
2 77 8
77 115 9
77 88 11
12 77 8
1 77 10
36 77 8
77 94 9
77 168 14
78 125 8
78 152 10
78 203 12
78 172 7
78 227 14
78 138 8
78 151 13
18 78 11
78 94 14
10 79 10
2 79 10
79 85 11
40 79 14
79 150 8
65 79 11
79 137 8
79 109 9
22 80 11
80 142 10
46 80 10
80 232 10
80 228 12
80 98 12
8 80 7
80 120 13
52 81 10
81 187 11
5 81 12
75 81 13
45 81 11
81 124 8
61 81 9
56 81 15
81 158 7
82 228 8
82 115 11
51 82 10
82 182 9
82 91 13
18 82 10
69 82 8
82 147 9
28 82 7
58 83 13
53 83 11
14 83 13
83 214 7
83 247 8
50 83 14
83 187 9
68 83 9
83 139 11
37 83 11
84 160 9
84 184 11
84 151 11
84 103 12
84 204 11
78 84 11
84 249 12
63 84 10
84 94 7
84 117 12
85 92 11
85 119 7
85 192 9
12 85 7
85 224 13
85 155 8
85 214 9
85 227 11
82 85 10
85 90 9
26 86 11
29 86 12
35 86 6
67 86 11
36 86 9
30 86 12
86 190 8
34 86 13
9 86 11
86 215 5
64 87 14
87 233 10
79 87 8
27 87 11
87 132 11
49 87 8
87 158 7
33 87 11
87 186 13
51 87 11
61 88 10
88 102 10
88 224 10
88 146 9
33 88 11
88 197 12
25 88 9
88 231 7
19 88 10
88 213 10
65 88 7
72 88 11
89 100 9
89 221 10
89 237 12
89 116 14
89 134 9
89 182 10
32 89 13
16 89 9
21 89 10
35 89 15
89 230 12
18 90 10
90 162 9
1 90 11
19 90 11
90 176 14
6 90 7
90 248 10
90 91 9
20 90 9
21 90 7
22 91 9
91 139 9
91 188 10
13 91 10
91 205 11
29 91 11
86 91 10
24 91 11
91 217 11
91 141 5
92 123 11
92 181 10
74 92 14
92 139 7
49 92 11
88 92 11
92 152 8
92 177 12
92 138 8
92 247 6
93 185 9
24 93 10
76 93 12
93 172 6
21 93 9
93 239 8
35 93 12
69 93 8
93 210 11
94 173 13
94 154 8
94 210 11
94 176 10
23 94 9
51 94 10
94 215 10
41 94 9
94 187 9
94 180 12
34 95 13
4 95 11
95 241 9
95 228 8
95 198 9
95 232 12
95 159 11
64 95 12
95 190 13
46 96 11
96 177 11
96 110 9
96 187 13
96 171 11
93 96 13
8 96 13
96 112 12
67 96 8
31 96 11
96 161 10
56 97 13
97 249 10
95 97 11
97 160 14
97 150 9
97 117 10
72 97 12
97 221 14
97 185 11
7 97 8
62 98 9
90 98 14
98 154 10
54 98 8
98 196 8
98 113 15
74 98 11
98 166 9
98 135 8
12 98 11
98 102 8
99 194 13
13 99 12
30 99 11
99 218 9
99 181 11
99 211 10
99 109 11
20 99 14
99 216 11
99 195 14
100 219 10
62 100 11
100 216 9
100 130 10
19 100 11
53 100 10
100 214 10
100 119 13
24 100 9
101 206 13
66 101 11
101 181 13
57 101 7
22 101 10
101 167 13
101 248 12
101 213 11
101 123 10
101 159 8
102 175 11
102 180 10
102 163 11
102 232 9
102 233 11
102 246 12
52 102 7
102 105 6
20 102 5
94 102 14
57 103 13
103 194 13
22 103 9
103 223 13
103 235 10
55 103 7
103 131 9
61 103 10
72 103 10
103 197 14
104 221 14
104 124 9
104 175 11
97 104 11
104 210 11
104 160 10
79 104 8
18 104 9
48 104 11
14 104 8
81 104 11
105 126 10
105 144 8
105 179 9
36 105 12
20 105 11
62 105 10
81 105 7
105 211 9
105 216 11
105 246 9
105 130 10
106 181 12
106 117 9
81 106 13
106 221 12
106 126 14
106 147 8
68 106 12
75 106 12
98 106 12
20 107 15
107 217 12
107 159 9
107 115 9
13 107 11
50 107 6
107 225 8
107 136 8
107 165 11
82 107 11
108 216 9
108 202 14
61 108 15
44 108 13
33 108 10
108 226 12
23 108 10
6 108 12
48 108 12
51 109 9
109 117 13
71 109 9
109 161 12
44 109 13
109 135 10
109 179 12
109 228 8
58 109 11
20 110 13
61 110 9
15 110 5
63 110 13
44 110 15
110 112 9
110 129 9
64 110 9
110 157 12
110 228 10
110 241 12
111 234 12
80 111 9
111 204 12
78 111 13
111 135 10
111 136 15
111 222 11
71 111 8
24 111 8
111 151 10
2 112 11
84 112 9
112 140 12
112 143 12
56 112 13
41 112 12
112 207 11
112 205 12
112 198 8
112 217 12
75 113 14
113 156 8
113 138 13
113 184 7
113 219 9
7 113 11
66 113 11
102 113 12
82 113 16
114 116 8
71 114 10
114 139 12
114 249 10
2 114 11
52 114 9
114 219 11
20 114 11
114 159 9
114 149 12
114 220 9
70 115 9
115 230 15
27 115 13
2 115 11
22 115 13
93 115 13
8 115 12
115 144 9
115 181 12
115 200 9
96 116 10
95 116 10
116 222 7
99 116 7
116 150 9
116 187 15
22 116 13
116 224 5
116 236 11
117 148 9
117 218 11
117 236 15
117 174 10
117 220 11
93 117 11
110 117 13
117 196 11
117 207 11
117 241 10
117 231 9
118 231 13
118 178 7
118 188 11
118 123 11
0 118 12
118 144 11
118 194 13
118 204 10
118 160 11
89 118 12
52 119 11
82 119 9
119 171 6
50 119 8
119 139 9
119 136 11
119 157 8
9 119 11
108 119 10
51 120 9
113 120 10
120 127 11
63 120 9
120 142 6
120 187 12
120 232 9
53 120 8
110 121 9
121 233 10
64 121 14
120 121 9
121 202 12
121 179 8
121 159 9
121 129 12
29 121 7
121 125 11
121 162 11
53 122 9
122 218 12
122 142 9
122 158 10
122 140 12
122 231 11
122 153 7
103 122 13
122 180 8
114 123 13
50 123 6
45 123 10
123 159 10
123 170 8
123 172 13
9 123 12
123 127 10
21 123 10
123 220 7
123 229 8
124 200 10
124 182 12
124 205 10
124 197 7
124 154 12
85 124 12
17 124 10
124 157 9
4 124 12
124 235 13
20 125 9
125 168 9
125 229 9
44 125 9
125 159 10
76 125 11
125 162 12
125 199 8
125 145 7
125 183 9
49 126 12
116 126 10
4 126 11
107 126 10
86 126 7
119 126 9
126 244 14
41 126 12
126 205 11
57 127 13
127 208 14
127 204 13
127 170 9
127 143 10
64 127 13
76 127 10
127 159 8
127 207 10
127 182 9
65 127 8
111 128 11
54 128 7
128 203 10
65 128 14
128 236 9
128 147 10
128 185 8
128 199 12
26 128 9
128 240 11
129 153 12
94 129 5
129 244 9
129 206 10
129 217 13
89 129 7
36 129 10
37 129 11
129 241 10
129 245 10
129 130 14
123 130 13
130 240 10
130 176 9
94 130 12
31 130 11
27 130 11
130 170 12
130 211 11
74 130 12
131 218 6
131 137 11
17 131 10
87 131 8
131 234 7
131 205 8
131 214 11
131 221 14
131 219 15
131 190 10
132 224 13
132 154 9
74 132 11
118 132 9
14 132 9
77 132 11
43 132 10
132 164 11
132 158 9
2 132 11
132 204 12
132 139 10
52 133 11
126 133 8
133 226 12
3 133 10
133 194 10
133 219 12
133 224 12
123 133 11
133 244 9
24 133 12
134 245 9
30 134 9
56 134 13
95 134 11
82 134 7
58 134 10
115 134 11
84 134 12
116 134 14
0 134 12
135 228 9
135 231 13
27 135 10
135 210 9
105 135 13
135 148 8
135 229 14
73 135 11
88 135 11
58 135 11
136 229 15
136 155 8
136 194 9
126 136 6
38 136 13
115 136 16
32 136 11
33 136 9
137 151 7
106 137 7
137 211 11
137 232 15
75 137 10
113 137 14
137 175 10
137 184 12
137 245 10
32 138 11
45 138 8
101 138 10
138 228 7
22 138 11
120 138 11
138 241 10
30 138 11
138 148 9
39 138 13
139 205 12
39 139 12
38 139 8
90 139 9
139 184 9
48 139 14
139 217 12
139 169 10
139 178 10
99 140 12
101 140 10
140 158 9
140 196 12
18 140 8
32 140 12
140 154 10
39 140 12
140 238 10
67 141 9
88 141 12
141 240 10
98 141 10
86 141 12
33 141 9
115 141 13
102 141 12
141 246 11
141 178 9
84 141 5
142 238 10
142 152 12
8 142 14
142 236 11
10 142 12
109 142 11
37 142 8
106 142 15
11 142 9
142 217 12
68 143 9
143 185 12
143 187 5
119 143 9
58 143 12
138 143 11
65 143 10
126 143 11
143 163 11
143 197 11
139 144 10
64 144 8
144 195 14
144 227 9
50 144 11
32 144 9
124 144 12
14 144 11
123 144 8
144 148 10
74 145 8
145 146 8
68 145 8
145 191 14
145 170 9
145 238 9
145 218 14
100 145 11
0 145 12
44 145 13
58 146 9
89 146 15
146 170 10
69 146 9
90 146 8
142 146 10
139 146 4
146 200 10
9 147 6
72 147 14
6 147 11
47 147 11
53 147 11
95 147 13
34 147 10
93 147 11
147 153 8
147 195 9
14 147 11
3 148 10
99 148 10
136 148 12
61 148 15
97 148 11
148 211 14
93 148 8
148 192 8
86 148 10
148 160 13
66 149 12
149 160 11
67 149 7
149 176 8
148 149 9
149 210 12
149 159 12
121 149 9
65 149 11
149 179 15
62 150 9
65 150 12
16 150 7
150 229 8
150 151 8
150 181 8
146 150 15
49 150 12
86 150 13
53 150 14
150 154 7
150 174 8
151 173 12
110 151 9
18 151 15
7 151 10
151 242 10
130 151 11
151 161 10
32 151 10
119 151 10
98 151 10
151 209 14
152 226 11
152 228 11
152 160 11
121 152 10
152 183 10
4 152 8
152 233 13
54 152 10
53 152 12
152 181 10
72 152 8
152 200 16
4 153 9
153 245 11
51 153 11
153 169 13
153 206 8
153 213 10
117 153 10
88 153 9
154 198 12
154 177 13
154 218 8
108 154 11
154 210 9
137 154 10
154 183 14
154 166 10
6 154 10
154 202 8
3 154 10
96 155 10
155 189 12
81 155 7
80 155 10
155 181 11
68 155 9
122 155 13
155 209 11
155 202 8
24 155 13
145 155 9
2 156 12
144 156 12
71 156 14
156 236 8
43 156 8
36 156 9
23 156 11
76 156 12
156 200 7
18 156 9
156 214 13
157 182 12
57 157 9
62 157 10
63 157 12
157 168 11
143 157 10
141 157 12
108 157 10
157 248 13
112 158 13
158 180 12
158 239 9
158 234 11
158 219 13
158 214 11
28 158 8
45 158 6
73 158 14
97 158 10
16 158 12
30 158 8
159 200 12
105 159 9
34 159 11
139 159 15
122 159 13
159 223 9
148 159 11
99 159 12
20 159 9
66 159 9
153 160 8
160 235 14
160 173 10
160 215 11
37 160 10
74 160 11
160 194 13
160 231 9
161 225 9
161 203 5
161 196 7
84 161 10
161 189 9
159 161 8
5 161 11
161 180 12
161 241 13
71 161 11
127 162 12
72 162 10
1 162 11
52 162 11
80 162 9
50 162 8
104 162 14
3 162 11
144 162 8
162 166 10
163 180 9
163 215 13
10 163 11
163 223 11
65 163 10
120 163 11
135 163 11
163 168 9
163 182 10
164 210 11
57 164 10
60 164 9
9 164 11
164 177 9
11 164 12
164 244 11
41 164 14
17 164 7
165 216 12
123 165 10
28 165 11
165 205 6
95 165 11
136 165 13
61 165 10
51 165 13
165 168 10
9 165 11
133 166 9
126 166 11
137 166 12
64 166 9
166 219 12
76 166 10
40 166 8
166 190 10
74 166 10
60 166 14
80 167 12
138 167 12
98 167 13
86 167 10
167 245 13
37 167 11
72 167 11
6 167 10
109 167 7
167 223 12
21 167 12
168 243 7
137 168 13
168 230 8
150 168 11
168 241 12
35 168 12
168 212 8
6 168 7
40 168 13
63 169 10
119 169 12
79 169 9
169 229 12
39 169 6
77 169 8
109 169 11
169 206 9
68 169 8
169 170 11
78 170 11
54 170 10
134 170 10
170 178 12
170 173 9
49 170 10
99 170 11
170 175 9
93 170 12
36 171 9
146 171 12
120 171 14
110 171 15
171 249 10
9 171 10
168 171 13
57 171 13
74 171 10
109 172 6
172 174 8
172 246 10
40 172 13
172 238 11
172 199 9
172 230 15
42 172 10
73 172 9
103 172 9
169 172 6
107 173 12
173 224 10
140 173 15
173 228 10
130 173 10
112 173 12
81 173 9
173 234 10
161 174 12
153 174 10
127 174 11
121 174 10
174 199 10
174 249 12
89 174 13
28 174 8
137 174 11
126 175 12
74 175 10
172 175 10
48 175 10
124 175 12
17 175 14
136 175 7
105 175 11
100 175 9
175 226 8
106 175 5
35 175 8
7 176 5
119 176 12
41 176 8
89 176 12
2 176 16
176 226 9
113 176 12
3 176 9
176 191 14
176 204 16
176 236 9
176 243 12
177 182 10
177 185 11
177 223 13
133 177 9
177 237 11
155 177 14
100 177 12
177 206 12
177 190 13
177 225 9
149 178 11
172 178 12
98 178 11
152 178 13
6 178 9
10 178 11
7 178 14
178 239 11
178 198 11
179 233 9
93 179 13
101 179 12
80 179 14
179 188 8
179 239 7
31 179 12
179 220 10
123 179 13
179 187 10
128 180 9
180 201 9
124 180 10
31 180 9
116 180 9
180 185 5
130 180 13
81 180 8
180 204 10
136 180 10
50 180 14
51 181 15
143 181 11
181 233 9
181 210 11
46 181 10
134 181 10
181 232 12
32 181 15
181 225 13
180 182 9
182 229 10
109 182 12
66 182 14
182 220 11
11 182 11
85 182 11
29 182 14
12 182 12
75 183 8
102 183 9
170 183 10
46 183 12
26 183 10
137 183 9
106 183 15
183 224 11
183 236 9
184 211 10
102 184 12
29 184 13
52 184 10
57 184 9
184 192 10
157 184 13
32 184 8
184 245 9
74 184 8
5 185 10
25 185 8
21 185 10
165 185 11
145 185 11
42 185 9
185 215 9
95 185 8
122 185 9
175 185 8
186 237 11
168 186 11
186 230 10
89 186 10
186 194 12
186 244 11
186 202 7
186 221 8
144 186 11
84 186 14
128 186 16
187 223 10
187 188 9
19 187 12
102 187 12
16 187 12
4 187 11
187 242 9
187 236 12
113 187 10
188 234 9
188 202 10
188 243 11
139 188 12
12 188 10
188 204 10
181 188 11
188 220 11
122 188 11
188 199 13
149 189 10
58 189 11
189 213 10
75 189 8
189 209 11
65 189 12
133 189 10
162 189 12
59 189 7
67 189 7
11 190 10
190 248 9
190 196 12
81 190 11
154 190 10
112 190 9
190 239 10
190 210 13
190 232 13
190 191 10
178 191 13
4 191 14
17 191 16
23 191 14
118 191 11
83 191 11
116 191 10
191 219 11
45 191 7
14 192 7
192 209 12
136 192 12
67 192 13
192 210 12
48 192 8
5 192 12
110 192 13
52 192 12
192 201 9
193 201 11
193 199 14
80 193 11
45 193 11
11 193 12
193 238 8
193 195 9
116 193 10
69 193 11
194 220 11
194 198 12
44 194 10
4 194 11
146 194 9
63 194 10
24 194 13
93 194 7
106 194 9
59 194 12
76 194 7
15 195 10
145 195 10
19 195 10
118 195 10
195 205 11
195 212 8
123 195 11
21 195 11
47 195 11
195 249 11
135 196 7
121 196 10
179 196 10
196 230 10
24 196 8
53 196 9
134 196 13
196 225 10
32 196 13
74 196 10
119 197 8
77 197 13
28 197 8
117 197 11
106 197 9
79 197 12
9 197 12
188 197 12
125 198 12
0 198 8
91 198 9
67 198 10
198 242 12
156 198 12
69 198 11
198 232 11
65 198 10
119 198 9
0 199 11
199 206 10
66 199 13
197 199 12
199 231 10
75 199 11
199 218 8
199 212 13
178 199 10
117 200 11
109 200 13
33 200 13
200 202 9
67 200 9
135 200 10
46 200 7
37 200 12
200 229 8
91 200 10
159 201 11
182 201 10
118 201 11
34 201 9
36 201 8
201 211 13
146 201 12
201 230 12
110 202 12
189 202 11
145 202 10
202 246 13
19 202 11
190 202 10
105 202 16
168 202 11
124 202 11
137 202 14
173 202 11
52 203 10
174 203 10
203 214 10
156 203 9
96 203 8
149 203 7
203 230 11
203 210 11
181 203 8
30 204 12
33 204 9
158 204 12
204 246 12
103 204 11
193 204 11
204 242 13
43 204 10
95 204 12
204 248 13
115 205 12
70 205 9
87 205 7
17 205 12
114 205 8
143 205 13
40 205 11
30 205 11
205 241 11
205 227 9
98 206 11
75 206 9
95 206 6
163 206 6
12 206 11
206 209 12
28 206 5
206 227 13
131 206 11
140 206 13
21 207 13
206 207 8
197 207 12
84 207 10
90 207 10
7 207 8
187 207 8
152 207 8
136 207 8
71 207 12
72 207 9
168 208 13
208 236 11
165 208 11
208 246 11
186 208 10
150 208 9
96 208 11
208 211 10
118 208 13
161 209 11
209 212 7
177 209 9
175 209 8
156 209 13
121 209 9
176 209 9
30 209 11
127 209 13
95 209 11
205 209 7
199 210 11
20 210 11
210 234 10
143 210 7
131 210 9
2 210 9
129 210 12
7 210 11
210 231 13
176 211 10
159 211 8
211 218 11
51 211 11
32 211 11
25 211 11
75 211 13
172 211 12
126 211 12
124 211 12
127 211 9
66 212 12
146 212 11
102 212 11
59 212 10
34 212 13
176 212 11
115 212 10
156 212 12
67 213 14
213 225 13
81 213 15
104 213 13
32 213 10
209 213 11
124 213 11
213 229 9
127 213 7
154 213 13
190 214 12
214 238 11
8 214 14
33 214 6
214 229 6
126 214 14
143 214 8
167 214 11
28 214 8
150 214 13
22 215 13
60 215 12
111 215 8
119 215 10
176 215 8
151 215 13
68 215 7
13 215 12
215 239 12
69 215 13
215 240 8
98 215 13
175 216 12
49 216 12
112 216 9
184 216 13
106 216 13
68 216 10
173 216 12
216 235 10
42 216 8
58 216 14
10 217 10
11 217 8
1 217 14
212 217 12
135 217 11
146 217 7
183 217 13
85 217 10
128 217 13
174 217 10
143 218 10
111 218 10
218 226 9
163 218 11
25 218 10
184 218 7
63 218 12
0 218 9
208 218 10
126 218 10
91 219 10
213 219 10
88 219 9
64 219 11
119 219 8
214 219 10
77 219 11
146 219 10
23 219 10
49 220 12
172 220 12
105 220 13
72 220 12
220 225 11
220 247 7
51 220 6
37 220 8
6 220 12
184 221 8
44 221 11
120 221 13
21 221 15
114 221 9
34 221 13
30 221 10
8 221 8
218 221 12
183 221 11
75 221 13
167 222 12
131 222 9
63 222 12
98 222 8
42 222 9
108 222 11
171 222 10
148 222 6
126 222 11
113 222 11
205 223 14
89 223 14
81 223 11
193 223 14
9 223 9
97 223 13
57 223 14
106 223 10
55 223 8
148 224 8
0 224 14
33 224 16
48 224 12
199 224 11
38 224 8
224 241 10
106 224 13
224 225 10
222 224 12
35 224 14
121 225 8
129 225 10
98 225 9
136 225 11
76 225 7
188 225 11
91 225 8
94 225 11
173 225 7
203 225 9
21 226 10
178 226 12
64 226 10
226 241 10
153 226 10
6 226 10
126 226 8
79 226 10
226 228 12
19 226 10
167 227 9
227 249 13
227 240 9
10 227 12
178 227 11
61 227 10
199 227 11
42 227 10
160 227 8
62 227 12
125 227 9
23 228 14
227 228 8
198 228 10
26 228 9
11 228 10
160 228 7
34 228 12
38 228 11
46 228 15
157 228 4
155 229 12
229 238 9
50 229 11
37 229 9
119 229 12
191 229 11
72 229 8
223 229 9
220 229 10
12 229 8
225 229 12
65 230 11
141 230 11
25 230 9
169 230 13
108 230 10
114 230 9
158 230 11
34 230 8
185 230 11
80 230 12
133 230 9
209 230 10
155 231 15
227 231 7
1 231 10
161 231 10
150 231 10
29 231 10
42 231 10
6 231 12
214 231 11
140 232 9
217 232 12
27 232 11
31 232 11
56 232 11
37 232 12
97 232 10
128 232 12
58 232 13
143 232 9
113 232 13
233 234 12
231 233 8
57 233 11
104 233 10
90 233 12
233 248 14
172 233 9
84 233 10
155 233 11
2 233 10
130 234 13
80 234 11
137 234 12
84 234 10
75 234 11
157 234 12
205 234 12
148 234 10
136 234 12
92 235 6
185 235 13
213 235 7
208 235 11
36 235 12
69 235 11
176 235 9
228 235 9
25 235 7
104 235 14
90 235 9
44 235 12
135 236 9
167 236 9
169 236 15
236 245 10
108 236 13
170 236 13
144 236 11
9 236 12
209 236 12
8 236 8
221 236 10
97 237 13
173 237 9
45 237 12
34 237 10
17 237 14
122 237 5
94 237 10
37 237 8
145 237 16
55 237 10
44 237 9
75 238 10
120 238 13
23 238 10
124 238 8
53 238 10
86 238 11
131 238 14
107 238 9
39 238 10
197 239 10
152 239 8
65 239 10
116 239 13
18 239 10
27 239 9
102 239 4
47 239 9
151 239 9
70 240 11
144 240 4
12 240 9
74 240 8
93 240 16
134 240 8
108 240 11
142 240 13
150 240 11
18 241 9
75 241 8
140 241 10
99 241 11
188 241 11
43 241 9
78 241 14
41 241 11
85 241 13
197 241 11
26 242 11
135 242 13
3 242 9
150 242 10
79 242 10
223 242 10
16 242 9
167 242 10
80 242 12
206 242 12
37 242 8
61 242 9
22 242 8
114 243 9
75 243 12
19 243 3
229 243 11
57 243 11
7 243 14
52 243 8
231 243 10
117 243 10
192 243 9
157 244 14
119 244 15
197 244 10
162 244 8
216 244 15
49 244 13
206 244 8
9 244 12
212 244 10
82 244 13
10 244 13
154 245 12
88 245 12
210 245 12
186 245 11
227 245 10
16 245 12
202 245 12
225 245 12
169 245 12
197 245 11
106 246 8
237 246 7
24 246 9
243 246 9
190 246 7
61 246 12
217 246 10
93 246 11
167 246 15
39 246 10
199 247 12
204 247 11
143 247 9
131 247 10
222 247 10
236 247 10
61 247 10
164 247 10
59 247 10
191 247 11
209 248 12
181 248 10
59 248 7
153 248 13
145 248 9
102 248 12
31 248 9
245 248 8
138 248 12
224 248 10
54 249 11
107 249 9
77 249 10
157 249 12
81 249 11
124 249 10
138 249 12
52 249 12
221 249 12
