250
0
3
4
5
1
5
8
7
8
2
7
3
5
7
4
9
5
4
6
3
5
10
8
5
10
4
1
4
8
5
9
2
3
6
8
6
4
7
2
2
5
3
1
4
9
6
10
9
1
1
6
6
4
4
9
7
2
2
8
4
3
7
8
2
4
5
2
1
4
2
4
2
2
8
7
9
5
10
9
7
9
4
3
4
4
2
6
9
5
6
8
4
3
8
4
8
3
5
3
6
5
3
9
5
1
8
4
4
6
7
9
8
6
6
3
6
2
9
9
9
6
10
2
8
2
7
6
9
4
1
8
2
8
8
3
3
3
5
4
7
9
1
4
5
1
9
7
9
2
4
4
3
8
1
8
1
9
9
2
6
7
9
3
5
2
6
7
9
5
9
2
3
8
3
4
7
3
4
6
3
3
8
3
3
9
3
10
5
9
6
6
4
9
10
5
3
1
6
2
5
2
1
5
2
5
7
8
6
8
1
7
10
10
4
4
3
8
4
5
9
4
9
7
1
4
2
6
6
6
10
2
5
8
8
4
3
3
3
3
7
7
8
2
7
2
8
6
10
6
2
0 160 11
0 114 12
0 12 10
0 164 11
1 149 10
1 83 9
1 141 11
1 239 11
2 123 11
2 188 14
2 202 14
3 205 9
3 28 13
3 155 8
4 58 11
4 44 15
4 93 10
5 36 6
5 74 12
5 210 12
6 224 9
6 181 8
7 34 13
7 181 9
8 183 10
8 36 9
8 73 12
9 204 11
9 90 10
9 26 9
9 78 13
10 63 13
10 190 10
10 91 10
11 126 8
12 245 14
3 12 8
12 236 11
12 13 13
13 178 9
14 133 10
14 166 14
15 29 11
15 171 14
15 57 11
6 15 10
16 63 8
16 189 13
17 45 7
17 242 11
17 49 11
18 201 10
18 144 10
18 196 13
18 26 11
18 34 7
19 200 13
19 22 7
20 66 9
20 244 10
20 210 11
20 33 14
21 131 9
21 25 15
22 55 7
22 160 11
23 132 10
23 99 10
23 37 10
23 136 10
24 47 11
16 24 7
24 217 12
24 117 8
25 218 8
25 238 10
26 120 11
26 137 13
26 116 15
27 148 12
27 171 10
28 40 14
28 225 10
28 76 12
28 166 9
29 126 10
29 123 8
29 202 12
30 103 12
30 131 11
30 93 14
30 235 16
30 169 11
31 203 11
31 65 11
31 52 12
32 234 9
32 107 12
32 114 10
32 113 13
32 97 12
33 86 9
16 33 12
33 77 8
34 141 12
29 34 10
34 109 10
35 125 12
34 36 12
36 241 9
11 37 8
37 96 11
37 131 11
38 73 11
39 113 12
39 192 10
40 200 13
40 77 12
41 117 13
41 231 11
41 103 10
41 77 9
42 133 13
42 230 9
42 168 7
42 231 9
42 241 13
32 42 14
27 43 14
43 182 7
43 83 8
43 63 10
43 152 11
44 164 7
44 196 11
44 58 9
44 120 10
44 85 14
45 117 8
45 98 8
45 60 11
45 143 12
45 83 10
46 98 11
46 101 11
46 143 13
36 46 12
47 241 11
47 215 12
47 49 6
48 120 11
48 67 11
41 48 10
48 64 7
49 74 14
29 49 11
49 106 11
50 118 7
50 68 7
50 73 14
50 149 11
27 51 9
51 218 8
51 102 10
52 112 9
52 90 15
52 107 12
52 141 11
53 227 8
53 191 10
53 152 10
13 54 12
54 87 11
55 194 9
55 249 9
55 97 8
56 230 12
56 225 7
56 124 8
57 72 10
57 197 8
57 71 9
57 164 10
57 245 12
58 248 12
58 171 9
16 58 11
59 89 9
59 193 11
59 139 13
59 210 10
60 200 13
60 242 8
60 244 13
61 244 9
46 61 6
3 61 11
62 186 15
46 62 11
62 153 17
63 106 13
64 194 15
9 64 16
64 117 10
11 65 9
65 147 11
49 66 8
66 186 12
66 208 9
37 67 9
67 199 12
67 229 6
4 68 10
68 249 10
68 88 13
69 76 10
69 247 10
69 149 11
70 220 8
70 201 15
70 171 11
71 179 11
71 209 9
71 249 12
18 72 7
72 118 8
72 116 11
73 171 11
15 73 12
73 170 9
73 148 9
74 161 11
72 74 10
74 173 12
74 82 9
74 243 11
75 191 9
75 134 11
76 90 11
76 201 9
76 106 9
76 92 8
76 100 10
45 77 10
77 242 7
77 102 10
11 78 13
13 78 10
5 78 10
78 108 10
74 79 9
79 88 12
70 79 8
80 112 11
80 95 11
80 98 9
80 209 14
43 81 13
81 152 11
73 81 15
82 173 10
82 180 9
83 220 17
83 217 11
12 83 9
84 179 13
85 100 11
85 157 11
85 197 9
18 86 6
86 221 12
87 217 8
87 99 10
87 110 12
71 88 13
89 162 11
89 153 10
89 103 7
39 90 12
90 110 6
28 90 8
90 190 11
90 225 10
91 157 12
91 229 11
61 91 7
28 91 10
92 123 11
62 92 7
92 180 12
92 245 10
93 191 11
93 246 8
93 170 10
17 93 13
93 226 9
94 104 11
94 199 11
13 94 13
95 229 10
54 95 7
50 96 15
96 196 11
96 233 9
97 212 13
93 97 10
94 97 8
14 97 9
98 103 8
50 98 10
98 176 11
98 213 9
9 99 9
5 99 10
100 136 9
86 100 11
5 100 10
100 159 13
41 101 10
101 140 11
101 161 10
101 111 11
47 102 10
102 181 9
103 177 12
103 154 5
33 104 11
104 148 10
7 105 8
57 105 10
105 235 9
19 106 10
106 243 11
107 244 10
65 108 9
59 108 7
46 109 11
88 109 12
5 109 11
44 110 5
58 110 12
7 110 12
64 110 9
111 220 8
74 111 8
111 149 9
111 232 9
112 143 12
112 137 10
112 194 13
112 151 10
77 112 8
92 113 11
113 188 10
33 113 12
114 117 11
114 246 12
107 114 11
63 115 13
41 115 8
102 115 9
0 116 12
116 204 11
43 117 10
117 148 9
117 241 10
118 233 11
87 118 9
118 236 15
68 118 12
92 119 10
21 119 11
72 120 8
68 120 10
102 121 14
28 121 13
121 136 10
121 212 9
122 173 10
123 239 12
123 156 10
103 124 10
71 124 9
124 213 9
125 214 13
125 162 10
125 143 8
81 126 10
126 153 10
126 232 13
35 127 12
127 195 9
127 214 10
33 127 9
128 235 14
22 128 8
128 144 13
75 129 14
129 180 13
129 197 11
6 130 7
80 130 11
82 130 14
131 243 14
132 148 10
65 132 12
12 132 9
129 133 13
133 143 14
134 172 8
11 134 10
134 220 10
27 134 9
31 135 9
122 135 12
84 135 10
53 136 9
136 146 12
8 136 11
136 231 10
137 206 12
56 137 10
68 137 12
138 146 12
138 180 13
3 138 7
74 139 13
139 227 12
81 140 11
78 140 8
8 140 12
21 141 11
54 141 8
141 211 8
141 218 11
142 175 13
109 142 10
142 238 11
16 143 16
8 143 11
68 144 9
76 144 9
40 145 9
145 234 10
145 204 13
69 146 7
146 206 11
147 240 11
148 242 10
122 148 15
28 148 11
17 149 11
149 229 11
149 249 9
72 150 11
102 150 10
89 150 10
25 151 14
133 151 15
22 152 9
44 152 10
152 177 9
71 153 10
23 153 12
153 224 7
68 153 8
61 153 10
60 153 14
154 191 10
154 231 8
154 201 13
154 173 12
155 209 9
82 155 15
155 193 14
156 157 10
73 156 11
156 218 11
2 156 15
41 156 8
7 156 11
156 180 10
157 163 11
157 158 11
24 157 11
95 158 12
26 158 13
144 159 10
159 207 9
160 229 12
160 239 10
161 239 9
143 161 7
4 161 10
159 162 9
59 162 8
1 162 9
162 228 11
110 163 10
137 163 13
163 231 11
110 164 12
164 235 9
164 230 11
119 164 15
165 231 10
132 165 11
24 165 12
166 244 9
166 199 11
130 167 10
162 167 10
152 167 9
22 167 8
149 167 9
39 168 9
134 168 12
169 241 11
8 169 12
169 206 10
20 169 11
170 172 9
134 171 9
76 171 12
115 171 9
49 171 9
8 172 10
153 172 11
172 232 10
127 172 10
128 173 12
173 226 9
22 173 8
53 173 7
71 173 14
161 174 8
174 218 10
174 245 11
130 175 7
156 176 10
176 184 10
176 220 10
78 177 11
177 180 8
177 181 11
104 177 12
177 236 14
29 178 14
54 178 10
76 179 9
165 179 9
161 180 11
77 180 8
167 180 14
136 181 12
18 181 9
181 214 10
182 225 9
40 182 8
72 182 10
182 223 7
145 183 7
147 183 9
65 183 10
134 184 11
33 184 11
13 184 8
184 203 12
185 190 11
185 203 17
0 185 13
115 185 9
136 186 8
151 186 12
30 186 12
129 186 11
36 187 9
67 187 9
187 203 9
3 188 12
142 188 12
51 188 11
142 189 8
43 189 11
121 189 12
46 190 12
118 190 12
131 190 9
23 190 12
62 190 11
45 191 8
87 191 11
137 191 8
69 192 12
158 192 10
164 192 12
135 192 11
111 193 9
193 231 9
194 210 7
175 195 11
172 195 11
167 195 8
31 195 10
19 196 11
100 196 10
21 196 8
158 197 8
65 198 10
120 198 12
199 211 10
77 199 8
88 200 13
148 200 10
5 200 15
133 200 12
10 201 11
201 216 12
195 201 8
123 202 10
202 248 11
168 202 9
202 240 10
156 203 12
176 204 12
137 204 12
107 205 14
14 205 9
189 206 11
142 206 11
16 206 10
206 237 10
117 207 10
173 207 10
208 242 9
82 208 11
5 209 8
209 246 10
45 209 9
133 209 8
58 210 13
90 210 10
88 210 9
208 211 6
137 211 8
185 211 9
43 211 12
211 222 10
157 212 9
212 245 13
64 212 11
72 213 9
213 245 11
73 213 12
108 214 9
68 214 10
214 229 10
214 247 8
22 214 8
185 215 11
105 215 11
45 215 10
146 216 11
15 216 11
159 216 10
0 217 9
217 237 12
145 217 7
22 217 12
146 218 10
65 218 9
212 218 8
93 219 13
29 219 10
72 220 13
61 220 12
136 220 12
77 220 11
73 221 10
6 221 6
168 222 10
193 222 10
80 223 10
223 233 8
155 224 10
33 224 14
178 224 10
133 225 9
119 225 10
103 225 11
45 225 11
225 243 10
104 226 13
226 249 12
192 226 12
141 226 15
43 227 7
41 227 10
173 227 11
139 228 13
94 228 10
169 229 13
203 229 10
128 229 11
175 229 14
119 230 9
179 230 10
32 231 12
117 231 13
174 232 11
175 232 10
167 232 11
91 233 12
220 233 11
92 233 11
140 234 12
9 234 12
75 234 15
234 240 9
234 248 12
203 235 10
221 235 11
235 248 9
40 236 12
104 236 12
88 236 13
123 237 11
110 237 13
167 237 12
219 238 8
181 238 10
134 239 10
240 244 9
209 240 9
167 240 12
194 240 11
128 240 9
95 240 11
93 241 12
72 241 13
126 241 9
205 242 5
135 242 12
143 242 8
240 243 11
220 243 8
173 243 9
55 244 7
225 244 9
197 244 9
150 244 12
19 245 9
73 245 9
180 246 12
204 246 14
32 246 11
179 246 9
38 247 10
102 247 10
2 247 12
175 248 12
227 248 9
245 249 10
26 249 11
