250
0
5
6
7
3
4
6
9
4
8
10
9
1
9
7
7
4
7
3
10
8
9
9
9
6
5
8
5
8
7
3
4
7
9
6
6
2
7
5
8
6
5
7
7
5
7
6
7
3
1
6
8
4
8
7
2
8
5
8
5
6
3
5
7
4
5
4
5
4
7
3
8
2
5
4
2
7
2
7
6
2
10
6
2
8
6
3
5
3
5
2
3
6
4
3
7
6
4
3
9
4
3
7
9
6
4
6
5
2
2
6
4
9
2
9
6
2
3
8
4
7
5
7
7
6
8
7
3
5
7
5
2
9
10
10
7
10
4
9
1
9
8
5
2
3
6
7
3
8
6
7
7
2
3
7
7
9
8
3
8
4
6
2
2
8
3
2
7
6
6
7
7
9
10
9
10
2
4
2
4
8
8
1
1
7
7
8
6
5
9
1
8
9
5
4
7
3
8
4
1
7
5
5
9
5
8
9
10
5
10
6
1
3
7
6
6
7
1
2
2
4
8
8
4
6
7
6
5
5
8
10
3
10
10
7
8
3
5
8
4
5
3
3
3
3
2
6
10
5
10
0 47 9
0 213 9
0 136 8
0 42 11
1 161 13
1 149 12
1 104 10
2 168 12
2 137 8
2 24 11
3 161 10
3 249 13
4 131 11
4 67 11
0 4 11
5 146 10
5 239 10
5 60 12
6 191 9
6 130 10
6 236 12
6 241 12
7 173 10
7 99 14
7 94 12
8 235 9
7 8 11
8 45 11
8 150 9
8 164 8
8 157 9
9 107 6
9 11 9
9 171 14
10 161 9
10 11 10
10 213 9
10 82 12
11 126 9
6 11 12
11 184 9
12 84 13
12 60 9
12 112 10
13 216 7
13 201 13
13 131 11
4 13 11
14 180 9
14 18 7
15 185 10
15 198 10
15 108 6
16 247 9
16 105 10
16 194 11
17 28 12
10 18 12
18 157 14
4 19 13
20 94 11
20 125 8
20 244 12
21 200 8
22 208 9
22 56 10
21 22 13
22 91 12
22 238 13
23 207 10
23 136 8
23 78 11
6 24 12
24 220 11
24 223 7
24 69 11
25 26 11
25 118 10
25 87 11
26 231 13
17 26 13
26 46 13
27 67 7
27 153 10
27 126 6
19 28 11
28 161 8
28 101 12
15 28 11
29 99 12
29 141 11
29 195 12
30 68 15
31 225 12
31 159 8
32 96 12
32 147 7
32 213 14
32 72 13
26 33 12
33 61 11
17 33 9
34 125 12
34 48 14
35 168 12
35 235 9
36 79 11
36 202 9
36 40 8
37 123 12
37 154 9
37 59 9
38 61 9
38 47 8
38 204 12
38 146 13
39 232 11
39 46 11
39 231 14
39 202 12
26 40 9
40 43 15
40 101 12
40 150 9
3 41 10
41 67 7
41 185 15
41 239 13
42 241 9
43 113 6
43 234 11
43 118 12
37 44 8
44 155 11
45 50 12
45 183 10
28 45 12
45 212 9
46 124 11
46 176 10
47 138 10
47 218 8
47 108 11
48 238 11
48 96 10
48 92 8
49 95 11
49 62 11
50 167 9
50 196 8
50 237 8
50 229 10
51 180 9
51 208 14
51 191 9
51 100 12
8 51 12
52 70 12
50 53 11
53 236 11
54 63 13
55 193 11
55 125 12
37 55 9
56 226 8
56 232 8
57 128 11
57 241 10
57 59 12
58 163 11
46 58 12
59 204 10
59 60 10
59 233 12
59 128 10
14 60 11
60 213 9
60 230 12
61 89 11
61 77 10
62 99 6
0 62 13
62 159 13
10 63 5
63 222 8
63 209 10
63 239 11
64 166 10
64 124 12
13 64 6
64 74 10
65 117 13
40 65 9
1 65 12
8 65 11
66 97 9
66 71 13
66 233 7
67 246 13
24 67 6
68 93 11
68 95 9
69 104 13
69 210 14
69 239 12
69 200 8
65 70 12
70 235 11
57 70 11
70 166 13
71 165 7
58 71 11
72 75 9
72 143 9
72 226 6
72 93 10
73 153 12
73 106 8
68 73 9
73 77 10
74 84 11
70 74 12
6 74 10
75 154 14
75 187 9
75 223 8
76 96 11
76 113 14
18 77 14
39 77 10
78 232 9
50 78 10
79 159 11
79 208 15
80 209 12
80 199 10
80 132 12
81 151 8
81 99 12
81 241 14
82 156 15
82 160 13
82 204 11
82 111 12
83 86 13
83 94 7
83 215 13
84 229 10
84 128 8
84 212 8
85 125 13
85 124 10
86 142 11
86 93 12
87 151 11
68 87 9
88 102 13
88 217 13
82 88 11
89 124 10
29 89 9
67 89 14
89 148 8
89 204 11
90 211 9
90 244 8
33 90 12
91 161 7
91 237 13
91 153 8
92 210 11
26 93 9
93 160 10
93 221 9
38 94 12
94 216 10
74 94 11
95 132 12
95 242 10
34 95 13
96 249 12
96 120 10
97 232 11
97 103 12
29 98 11
9 98 8
98 149 8
43 99 9
99 149 11
100 119 9
45 100 9
32 100 9
101 160 9
101 236 11
101 125 7
101 183 10
101 203 9
22 102 11
102 195 7
102 203 8
103 192 10
103 172 9
104 174 11
105 172 10
105 229 8
56 105 8
106 230 5
106 164 10
70 107 9
82 107 13
96 107 11
100 107 7
13 108 10
9 109 9
109 153 10
109 173 9
109 115 10
12 110 9
110 190 14
110 230 6
91 110 12
106 110 12
111 225 10
111 155 13
112 149 10
63 112 9
50 112 8
112 210 12
113 190 11
113 210 10
52 113 12
113 169 10
113 199 9
76 114 11
110 115 12
1 115 9
115 209 12
82 115 12
41 116 10
38 116 11
116 144 9
72 117 11
117 219 9
106 118 12
28 118 12
118 156 12
118 226 11
81 118 13
119 120 9
9 119 8
120 219 11
40 120 12
120 155 10
121 146 10
121 195 8
121 197 11
121 217 11
78 121 10
121 137 3
122 219 12
3 122 12
122 241 7
123 151 9
111 123 12
61 123 9
119 123 11
21 124 9
98 124 9
124 168 9
112 125 9
125 227 14
125 240 13
3 126 10
78 126 11
101 127 8
127 171 11
7 128 14
128 172 8
128 171 13
60 129 9
38 129 10
130 182 12
130 146 12
9 130 11
131 196 9
1 132 8
132 210 8
132 205 9
117 133 12
63 133 9
37 134 12
113 134 7
131 134 9
122 135 8
135 163 7
31 135 8
135 191 11
136 161 11
136 183 13
136 162 10
34 137 9
130 137 13
116 137 14
84 138 12
7 138 11
138 203 12
138 232 11
139 174 10
139 148 13
139 206 8
80 140 10
10 140 11
140 206 12
140 239 11
38 140 13
97 141 11
96 141 11
141 160 12
112 141 9
142 155 12
16 142 12
113 142 12
142 147 11
70 143 11
116 143 6
143 198 11
144 231 9
84 144 9
144 186 9
145 206 11
145 223 7
76 146 11
146 212 10
143 146 13
22 146 11
147 241 11
147 160 11
50 147 10
148 173 10
148 212 12
148 156 11
149 189 12
149 173 15
149 195 14
150 233 6
129 150 16
14 150 5
150 186 10
60 151 12
18 152 10
152 202 8
67 152 9
153 183 9
80 153 13
140 153 9
105 153 11
102 154 10
154 214 12
155 219 11
155 209 11
149 155 7
156 210 10
156 178 10
156 196 8
72 157 12
15 157 9
145 158 11
22 158 10
158 210 14
158 215 7
159 238 10
152 159 9
108 159 10
130 160 10
160 215 11
160 238 13
8 161 9
162 206 12
162 186 10
162 209 10
8 162 14
139 163 12
54 163 10
164 190 13
164 170 9
165 229 8
165 167 12
165 201 11
166 179 11
159 166 14
81 166 10
166 213 13
167 238 7
157 167 9
16 167 12
168 231 9
75 168 13
80 168 11
26 169 12
111 170 13
95 170 11
53 170 8
11 171 12
30 171 11
45 171 11
84 172 10
100 172 11
96 173 11
162 173 9
44 173 10
173 187 12
147 174 12
6 174 10
174 248 15
17 175 10
111 175 9
18 175 12
32 176 10
177 211 9
175 177 10
177 179 11
178 247 14
168 178 10
44 179 10
94 179 8
48 179 8
129 180 7
53 180 9
107 180 11
180 189 4
154 181 10
63 181 11
181 241 10
86 182 8
121 182 8
47 183 11
183 228 12
81 183 8
95 184 12
12 184 13
118 184 11
36 185 8
5 185 9
164 185 11
130 186 13
186 199 12
186 234 10
30 186 8
45 187 9
147 187 10
187 219 11
160 188 13
58 188 11
188 213 10
133 188 12
102 189 10
126 189 14
7 190 10
121 191 11
191 197 13
191 200 12
192 199 12
96 192 8
97 193 9
51 193 10
72 193 11
168 193 11
127 193 10
182 193 12
11 194 7
194 199 9
96 194 10
194 218 9
58 195 9
44 195 7
53 195 10
122 195 13
100 196 10
92 196 13
61 197 7
148 197 8
197 213 6
197 200 11
14 198 14
65 198 14
4 198 12
105 199 9
98 199 11
199 224 12
82 199 14
200 244 13
200 238 8
127 201 11
29 201 10
201 249 13
202 232 9
173 202 11
202 239 8
203 231 8
203 238 10
203 244 12
163 203 10
204 227 13
183 204 11
151 205 9
205 215 13
184 205 9
76 206 12
206 231 8
206 213 12
207 226 9
66 207 9
127 208 10
207 209 11
66 209 12
112 209 11
210 211 11
210 237 10
55 211 12
124 211 11
112 211 5
85 212 8
175 212 13
25 212 8
197 212 7
213 222 12
121 213 12
81 213 8
214 245 12
36 214 15
56 214 13
85 215 13
137 215 9
126 216 6
16 216 6
217 230 8
155 217 7
118 218 6
178 218 11
166 218 7
35 219 9
10 219 10
170 219 11
28 219 9
36 219 13
42 220 11
29 220 10
60 220 6
135 221 9
70 222 11
51 222 11
28 222 6
212 223 11
211 223 10
223 239 9
108 224 10
121 224 5
135 224 9
94 224 10
222 225 10
138 225 9
225 232 10
103 225 12
149 226 9
97 226 12
20 226 8
144 227 8
151 227 13
17 227 11
123 228 11
44 228 11
54 228 12
157 229 11
195 229 10
53 230 6
162 230 7
227 231 10
2 231 13
7 231 14
218 232 11
149 232 11
207 233 9
117 233 11
187 233 11
115 234 11
124 234 11
71 235 9
46 235 12
229 235 11
113 236 9
195 236 11
146 236 12
172 237 11
166 237 8
124 237 11
31 238 12
113 238 12
32 238 8
60 239 8
175 239 12
213 239 10
88 240 10
234 240 12
27 240 7
39 240 12
90 241 15
146 241 12
61 241 10
138 241 12
150 241 12
90 242 12
148 242 9
97 243 12
21 243 11
46 243 11
133 244 10
57 244 14
164 244 9
222 245 11
212 245 11
1 245 9
141 246 13
90 246 9
32 246 10
115 246 13
238 247 10
91 247 11
208 248 13
191 248 11
71 248 9
45 248 13
31 249 10
230 249 8
47 249 12
76 249 9
241 249 9
