250
0
2
5
9
3
4
3
2
4
5
4
2
2
7
6
2
2
8
7
10
7
6
3
10
9
10
9
9
9
9
3
10
4
5
10
2
3
9
6
3
6
2
7
2
3
8
9
5
8
9
9
2
5
6
3
5
9
5
4
6
6
3
7
5
6
9
4
5
10
4
8
4
2
4
2
6
5
9
9
4
7
5
3
9
6
6
4
6
3
3
4
5
9
9
3
4
9
4
10
2
3
5
2
4
3
6
9
6
5
6
9
9
5
4
10
3
6
7
6
10
7
9
10
8
8
1
4
4
6
8
4
1
5
4
7
4
7
5
10
4
3
3
9
1
7
6
4
8
4
3
6
6
8
9
4
4
3
7
7
3
10
8
4
6
6
9
10
10
1
6
5
3
10
8
9
8
8
2
1
6
9
8
7
8
1
9
1
4
7
6
3
9
7
9
2
7
9
9
4
3
8
3
4
4
9
2
8
3
5
3
8
2
9
10
10
4
5
6
2
9
2
1
5
7
4
7
5
8
8
4
3
2
4
7
1
9
6
3
5
3
7
7
4
9
2
1
7
8
5
5
0 76 10
0 159 10
0 101 10
0 68 13
0 82 15
0 105 11
0 47 9
0 43 16
0 3 11
0 86 8
0 229 8
1 115 10
1 108 9
1 140 7
1 76 8
1 148 12
1 21 12
1 180 7
1 53 8
1 58 12
1 160 7
1 106 14
2 51 12
2 226 13
2 124 11
2 129 11
2 106 9
2 34 8
2 242 11
2 125 10
2 44 11
2 150 13
3 85 11
3 145 14
3 106 11
3 226 14
3 46 13
3 210 12
3 240 12
3 99 9
4 170 6
4 156 9
4 174 10
4 68 9
4 10 11
4 45 10
4 70 10
4 59 11
4 142 12
4 129 15
5 64 12
5 39 8
5 22 10
5 172 9
5 121 7
5 133 9
5 29 12
5 181 7
5 105 9
5 69 5
5 212 11
6 214 11
6 217 14
6 41 11
6 224 10
6 101 10
6 14 9
6 219 10
6 208 7
6 27 11
7 140 14
7 95 9
7 39 12
7 211 12
7 176 10
7 46 10
7 241 12
7 69 9
7 144 9
7 51 14
8 150 8
4 8 10
8 216 13
8 107 11
8 65 12
8 116 9
8 158 11
8 75 11
9 18 12
9 42 9
9 96 12
5 9 11
9 213 11
9 151 13
9 248 9
9 72 11
9 199 9
10 205 8
10 69 12
10 181 12
10 89 8
10 74 12
10 132 13
10 86 10
10 238 11
10 62 11
10 14 11
11 68 13
11 47 10
11 179 9
11 168 8
11 203 12
11 111 6
11 42 10
11 49 11
11 29 10
12 72 8
12 96 11
12 123 10
4 12 12
12 214 10
12 244 8
12 249 8
12 42 16
12 132 12
13 36 10
13 24 8
13 200 9
13 238 10
13 175 8
13 37 13
13 124 10
13 243 8
13 203 12
14 51 9
14 227 11
14 58 11
14 75 13
14 236 12
14 15 10
14 198 11
14 175 8
14 242 9
14 70 8
15 43 10
15 36 11
15 175 12
15 79 7
15 42 10
15 24 12
2 15 13
15 51 11
15 125 12
15 192 8
15 88 12
15 52 11
16 146 14
16 109 8
16 230 9
16 132 10
16 206 12
16 162 11
16 151 8
16 198 14
16 89 9
16 91 12
16 204 9
17 143 9
17 212 15
17 228 9
17 135 8
17 100 6
17 68 9
17 25 9
17 145 11
17 115 7
17 51 8
18 117 9
18 28 9
18 170 13
18 238 10
18 235 14
18 107 12
18 78 11
18 217 8
18 92 8
18 20 15
19 88 8
19 158 16
19 100 7
19 195 9
19 209 10
19 247 12
19 219 8
19 45 13
19 150 13
19 161 10
19 30 14
19 132 12
20 88 9
20 247 10
20 222 10
20 55 9
20 21 7
20 37 10
20 156 11
20 213 8
20 207 10
20 56 13
21 51 10
21 169 10
21 66 15
21 115 9
21 31 8
21 81 8
21 215 11
21 225 12
21 98 12
21 108 13
11 22 8
22 49 6
22 78 12
22 24 12
22 155 17
22 111 8
22 107 10
22 214 10
22 133 10
22 156 7
23 241 11
23 36 10
23 34 13
23 55 8
23 59 9
23 119 8
23 248 11
23 61 11
23 66 11
23 72 13
24 177 9
24 226 8
14 24 13
24 52 14
24 91 10
24 29 12
24 96 10
24 220 9
24 72 12
24 86 12
25 200 10
25 191 13
25 105 7
25 215 9
25 93 10
25 161 10
25 148 9
25 221 8
25 183 9
25 31 11
26 215 10
26 134 11
26 122 10
26 123 10
26 119 7
26 54 10
26 72 10
26 135 10
26 156 12
26 180 12
27 40 10
27 185 9
27 48 8
27 151 12
27 246 9
27 171 11
27 91 5
27 66 13
27 158 11
27 32 9
28 204 11
28 143 7
28 101 10
28 32 8
28 47 7
28 129 11
28 103 12
28 132 10
28 144 13
29 30 12
29 164 11
29 179 9
29 216 5
29 155 11
29 190 10
29 96 10
29 203 10
30 57 10
1 30 12
30 97 11
30 164 9
30 128 8
30 140 10
30 154 9
30 98 12
30 166 9
9 30 11
30 178 10
31 63 7
31 37 16
12 31 9
31 180 11
31 226 7
31 179 9
31 245 9
31 132 8
31 159 11
32 185 12
32 111 10
32 188 12
16 32 10
32 112 9
14 32 11
32 223 10
32 101 6
32 93 9
32 49 15
1 32 10
32 152 6
33 239 9
33 235 14
33 55 9
33 89 14
33 184 12
33 84 11
33 203 7
33 213 9
33 182 13
33 164 13
34 73 8
34 49 11
34 100 8
34 65 11
34 226 12
34 215 11
34 241 11
34 54 14
29 34 10
34 35 10
35 173 12
35 42 12
35 46 12
35 121 13
35 164 9
35 53 9
35 248 11
17 35 9
35 151 11
35 174 15
10 35 12
10 36 8
36 118 11
36 241 9
36 133 12
36 203 9
36 209 8
36 83 14
36 89 10
36 101 11
36 51 7
37 227 8
37 106 9
37 160 12
37 91 11
37 242 11
37 216 9
37 221 13
37 197 10
37 142 10
37 38 8
38 96 13
38 165 9
38 133 14
38 42 12
38 230 10
38 45 8
38 78 9
2 39 14
39 86 12
39 173 12
22 39 12
39 191 8
39 189 11
28 39 12
39 128 11
39 58 14
39 150 12
39 82 7
40 84 13
40 149 10
40 181 13
3 40 11
40 171 12
40 65 10
40 41 10
40 107 7
40 81 10
40 201 9
41 140 12
18 41 12
38 41 16
41 225 10
41 44 8
41 98 9
41 121 12
41 165 11
41 248 11
34 41 12
42 202 12
0 42 14
42 88 10
42 247 9
42 192 9
18 42 14
42 142 11
42 46 11
23 42 12
42 159 10
42 101 12
43 91 9
43 79 10
43 150 12
43 62 8
43 215 12
43 230 10
43 167 11
12 43 8
43 63 9
43 190 12
43 176 9
44 60 11
11 44 11
44 154 7
44 244 10
44 172 11
35 44 9
44 100 9
44 110 8
44 218 11
44 186 13
24 45 12
45 201 9
45 52 7
17 45 12
45 221 9
7 45 11
45 46 14
45 118 8
45 211 12
45 122 8
46 167 15
46 180 9
46 225 13
46 47 10
46 179 9
46 184 6
46 151 11
46 104 12
46 139 8
46 77 13
47 188 8
3 47 10
47 238 9
47 242 10
47 146 12
47 49 6
47 168 10
47 136 6
47 121 9
1 48 10
48 72 9
48 120 10
48 73 11
48 157 7
48 237 10
48 192 8
16 48 9
48 150 8
31 49 9
49 173 14
49 232 8
49 211 9
17 49 10
49 98 8
49 137 12
49 155 7
49 198 9
49 140 11
49 158 16
50 60 9
50 59 12
50 123 10
50 236 13
50 165 12
20 50 10
35 50 10
50 113 12
50 101 11
51 66 7
47 51 10
51 199 10
51 90 12
51 234 10
51 132 11
26 51 11
51 126 12
30 52 12
52 131 9
52 155 15
52 242 8
52 234 9
52 139 14
52 64 11
52 217 13
52 179 8
53 101 15
53 98 10
53 228 10
53 215 11
53 214 14
11 53 13
53 247 11
24 53 10
53 149 13
53 140 13
54 58 10
54 153 11
54 185 12
54 101 8
54 156 11
54 235 12
54 215 11
54 127 9
54 114 11
24 55 11
55 189 10
55 74 10
55 234 12
55 147 10
55 188 10
55 140 9
34 55 12
55 192 13
10 55 11
56 119 12
56 112 13
56 205 8
41 56 9
56 83 14
56 171 9
56 66 14
5 56 12
56 154 11
56 247 12
56 108 9
56 234 9
57 96 10
57 192 9
57 245 8
50 57 11
14 57 9
57 73 11
57 144 12
57 80 6
57 159 7
57 81 11
57 79 13
58 208 10
58 103 10
5 58 15
41 58 9
58 121 9
58 95 16
58 150 8
11 58 9
58 186 8
58 180 13
59 144 10
59 220 11
59 143 11
59 224 9
59 165 10
59 86 10
59 87 13
59 132 11
59 181 10
32 60 11
35 60 14
60 127 8
60 123 7
17 60 11
60 87 13
60 111 10
60 86 9
12 60 11
34 60 10
61 218 10
19 61 10
58 61 8
51 61 12
61 230 11
1 61 8
61 163 10
61 132 11
61 152 9
61 226 8
56 61 7
62 131 9
62 176 10
62 163 11
62 80 8
62 71 13
62 96 14
62 225 9
62 172 10
62 150 10
62 130 11
63 181 10
63 113 8
63 249 9
63 94 12
63 67 12
63 110 12
63 205 12
19 63 12
21 63 12
63 118 10
63 137 9
42 64 12
64 202 11
64 145 9
64 225 11
64 144 13
64 196 11
64 114 11
34 64 11
64 170 11
64 82 10
64 191 7
65 241 11
65 106 12
65 228 13
65 162 9
18 65 10
50 65 10
65 201 13
65 211 11
65 84 14
65 160 11
66 73 10
66 97 9
66 82 10
38 66 8
66 84 5
66 171 8
66 102 13
66 186 9
28 66 11
66 114 9
66 71 11
66 110 9
63 66 8
54 67 13
67 214 10
31 67 12
67 193 5
67 164 13
67 211 12
67 189 10
67 91 9
67 108 12
68 112 10
68 186 12
24 68 12
68 182 13
27 68 14
61 68 11
68 78 13
68 84 11
68 177 8
68 135 9
68 70 10
68 83 11
69 134 11
62 69 9
69 175 9
60 69 8
69 239 11
32 69 12
69 201 9
69 186 9
69 130 11
69 112 8
70 239 11
70 233 12
70 188 7
70 122 11
70 195 12
70 111 8
25 70 10
70 200 10
70 154 8
6 70 7
70 85 10
22 70 10
71 88 10
71 180 11
71 200 6
71 106 9
71 81 12
55 71 10
71 185 7
71 139 15
71 146 8
9 71 13
72 93 13
72 205 12
72 213 12
72 206 10
72 109 8
72 238 14
72 141 11
72 140 11
72 83 8
72 153 10
72 97 9
13 73 6
73 217 10
14 73 6
53 73 14
31 73 10
46 73 12
70 73 11
10 73 10
73 179 13
73 92 10
73 210 10
74 192 7
29 74 7
74 249 11
74 149 10
66 74 13
74 202 13
74 100 9
74 119 12
74 110 11
74 134 12
5 74 12
56 74 14
75 191 12
75 126 9
75 150 9
75 249 12
75 178 11
75 88 11
75 213 13
51 75 11
75 131 9
0 75 12
75 233 13
15 76 13
76 128 12
31 76 12
76 182 12
56 76 8
76 204 11
3 76 14
18 76 9
76 206 10
77 98 13
77 166 14
50 77 10
77 111 8
77 241 10
77 159 14
9 77 12
77 188 10
77 229 10
77 155 10
61 78 11
13 78 10
78 153 10
78 232 12
78 183 13
78 171 10
78 207 13
78 172 10
78 136 15
78 94 9
78 194 5
79 133 10
20 79 11
2 79 10
79 184 13
30 79 9
79 143 7
77 79 13
79 86 11
79 93 13
80 181 13
80 233 14
80 249 9
80 223 9
80 161 9
80 115 12
80 92 11
80 118 9
80 167 6
37 80 10
81 200 11
81 108 10
81 157 12
81 245 10
81 207 12
81 101 10
62 81 12
81 98 7
0 81 11
81 96 12
82 99 8
82 118 6
43 82 7
63 82 10
82 89 11
82 185 9
82 124 13
82 133 9
18 82 10
82 151 13
83 170 10
83 107 10
70 83 14
44 83 14
66 83 12
83 162 13
78 83 12
83 174 11
83 90 14
83 186 10
84 100 10
5 84 14
39 84 12
84 162 10
84 154 8
84 128 9
67 84 9
84 194 12
84 238 11
85 177 12
71 85 12
85 122 8
85 88 9
85 234 9
85 217 14
85 109 10
85 125 11
85 198 10
86 117 8
35 86 12
86 138 9
86 166 10
86 242 16
86 247 6
32 86 8
86 240 8
86 231 7
86 98 11
86 210 8
87 116 14
87 141 15
87 177 9
50 87 14
87 96 8
2 87 13
87 180 7
87 102 11
87 211 9
13 88 10
64 88 17
4 88 12
88 220 13
88 166 12
88 126 9
88 182 13
88 141 9
88 89 10
88 154 9
88 222 4
38 89 8
89 142 9
89 92 12
14 89 9
43 89 11
89 90 10
18 89 9
89 167 10
40 89 10
62 89 13
2 89 7
73 90 10
4 90 9
14 90 9
39 90 8
90 132 14
90 137 7
46 90 10
67 90 11
90 234 11
90 139 10
29 90 13
91 92 8
91 236 12
91 99 6
5 91 15
91 165 10
14 91 12
91 154 11
88 91 11
69 91 11
13 91 10
91 226 8
91 209 9
92 151 11
30 92 10
92 93 13
45 92 10
92 161 12
5 92 9
92 242 13
31 92 11
77 92 11
93 224 10
93 135 13
93 227 11
93 231 12
58 93 9
93 144 11
93 230 10
93 199 10
41 93 10
94 102 9
61 94 8
35 94 11
94 194 14
94 188 14
94 108 10
33 94 11
20 94 16
5 95 11
81 95 14
95 113 11
2 95 11
94 95 12
40 95 8
95 150 9
86 95 10
72 95 12
85 95 13
95 225 13
96 115 12
96 111 9
96 182 13
96 200 11
96 138 8
96 155 11
91 96 12
96 204 11
96 228 9
97 137 8
52 97 12
78 97 8
97 103 13
39 97 14
97 136 9
97 162 12
97 100 9
97 230 14
97 207 10
97 231 10
62 98 9
98 200 15
98 173 12
98 150 10
98 111 10
98 128 9
98 161 15
98 230 13
98 243 10
98 99 8
99 223 11
99 108 10
99 146 10
99 234 11
99 180 10
99 213 13
83 99 11
99 176 12
100 196 9
100 102 13
78 100 13
13 100 12
75 100 9
27 100 8
100 226 12
33 100 11
100 223 11
51 100 11
100 120 10
101 107 8
19 101 13
101 249 9
101 105 8
70 101 6
101 208 11
101 134 10
92 101 12
61 101 12
101 218 6
76 102 9
102 215 15
37 102 10
3 102 7
15 102 10
102 147 7
102 128 13
9 102 11
102 199 10
102 134 11
103 142 11
73 103 7
103 180 10
103 162 12
39 103 16
0 103 5
103 158 11
103 205 11
103 129 8
3 103 10
20 103 11
104 201 8
104 168 11
6 104 10
50 104 11
104 161 7
34 104 10
104 204 10
93 104 10
104 147 14
104 190 10
105 217 9
105 147 14
105 110 11
91 105 12
21 105 13
105 108 11
105 163 11
105 185 7
90 105 8
105 234 10
106 206 11
106 152 9
106 139 9
106 199 11
51 106 7
56 106 8
75 106 10
106 236 9
53 106 12
106 226 11
107 208 15
82 107 13
107 165 11
107 108 13
81 107 9
107 179 8
107 189 8
107 137 10
91 107 13
107 219 10
79 108 9
28 108 13
108 170 10
83 108 13
108 247 8
108 147 8
108 144 11
108 241 7
100 108 14
45 109 7
109 134 6
109 166 11
109 233 8
96 109 10
109 234 9
63 109 10
109 204 11
1 109 11
109 170 14
109 210 10
21 110 12
110 231 9
110 174 10
110 232 10
110 199 10
110 112 11
49 110 9
46 110 10
111 231 14
111 191 8
111 201 10
6 111 12
111 200 9
59 111 13
45 111 8
111 141 12
111 221 10
111 223 10
111 177 14
112 193 11
112 124 6
112 198 12
112 153 9
112 209 12
112 154 10
84 112 10
7 112 11
112 217 11
113 183 11
73 113 10
113 164 6
113 157 12
69 113 11
56 113 8
113 146 12
113 136 9
48 113 11
53 114 8
114 216 11
114 158 10
114 242 13
23 114 10
3 114 11
114 149 11
114 233 10
114 150 11
98 114 10
114 189 8
102 115 10
115 226 13
115 178 12
115 246 12
115 152 10
12 115 11
115 189 9
37 115 10
115 192 10
115 242 10
116 117 12
116 190 7
116 196 7
67 116 10
116 136 12
116 122 9
116 170 7
116 245 9
116 217 7
116 205 10
117 219 9
117 131 13
92 117 13
26 117 13
59 117 13
117 235 9
117 199 9
74 117 8
93 117 11
45 117 12
105 117 9
27 118 9
118 191 13
118 160 8
118 177 11
118 199 9
118 234 13
118 213 9
48 118 12
60 118 11
18 118 11
118 151 9
112 118 11
25 119 8
29 119 12
0 119 10
119 216 11
43 119 12
37 119 13
119 127 8
38 119 8
119 209 10
119 126 10
109 120 6
120 145 9
120 228 11
120 138 10
34 120 8
49 120 11
31 120 11
120 163 13
120 142 11
6 120 10
121 155 13
121 235 7
121 131 10
26 121 11
121 222 9
121 190 10
121 197 10
121 186 10
44 121 9
112 121 13
122 193 12
122 161 10
76 122 12
122 138 11
122 155 8
122 192 13
33 122 8
5 122 8
122 153 13
122 180 14
123 170 8
123 230 12
123 211 11
24 123 12
123 248 12
36 123 6
33 123 11
123 246 11
117 123 11
123 229 10
124 191 12
124 153 11
124 163 9
124 132 9
124 162 13
86 124 6
94 124 11
124 149 7
29 124 14
124 159 8
125 208 11
125 206 13
16 125 10
113 125 11
125 202 11
125 196 9
69 125 11
125 153 9
58 125 12
108 125 9
125 205 15
126 235 10
79 126 13
50 126 13
54 126 11
89 126 13
96 126 12
95 126 14
86 126 8
126 240 9
14 126 8
72 126 11
127 177 12
127 167 12
13 127 10
127 164 13
37 127 13
127 182 10
127 181 10
44 127 8
102 127 11
128 243 12
128 219 12
128 135 11
28 128 10
128 175 11
94 128 13
128 211 10
87 128 11
128 226 10
128 213 12
129 246 11
112 129 13
38 129 9
120 129 14
45 129 14
118 129 11
29 129 9
129 191 9
129 195 9
84 130 12
100 130 11
130 149 11
85 130 10
124 130 12
130 243 11
130 157 9
27 130 12
122 130 15
130 163 11
131 150 11
70 131 8
38 131 12
17 131 8
107 131 8
115 131 10
14 131 10
131 197 10
61 131 11
13 131 7
47 132 13
132 227 10
32 132 8
15 132 11
36 132 9
7 132 7
43 132 11
132 166 12
132 203 11
133 187 9
40 133 10
133 217 9
130 133 10
133 226 14
133 224 12
104 133 13
133 196 12
6 133 11
133 236 9
133 144 14
134 165 10
134 152 11
126 134 10
134 146 8
25 134 7
134 242 10
134 199 13
134 144 9
135 237 7
135 244 11
135 154 8
135 142 11
135 236 13
135 206 12
135 210 8
5 135 12
135 188 10
135 217 12
135 197 11
21 136 12
91 136 13
136 202 10
105 136 11
136 141 11
136 246 14
136 213 9
136 234 11
136 241 13
137 164 12
28 137 10
80 137 8
135 137 7
89 137 10
75 137 9
102 137 10
137 167 9
137 245 9
137 242 10
137 231 11
138 222 12
50 138 12
100 138 12
138 232 9
1 138 10
132 138 11
138 198 13
138 140 9
18 138 10
132 139 11
114 139 10
139 197 12
14 139 10
88 139 12
139 238 12
24 139 9
54 139 13
139 240 13
139 220 11
139 140 11
43 140 12
112 140 11
140 211 14
140 165 12
140 190 6
47 140 11
140 225 12
140 230 13
140 235 9
51 140 8
34 140 8
140 227 11
126 141 14
24 141 7
8 141 9
141 148 9
58 141 12
93 141 10
83 141 8
38 141 8
141 212 11
65 141 10
142 228 14
51 142 13
29 142 12
142 186 13
52 142 13
142 227 12
6 142 9
142 146 9
142 162 10
33 142 11
142 219 10
143 150 11
7 143 11
137 143 10
143 178 8
55 143 13
122 143 10
143 170 10
37 143 13
113 143 12
85 143 14
70 144 7
144 192 12
30 144 7
15 144 12
144 183 12
9 144 9
37 144 10
51 144 8
132 144 11
144 247 14
72 144 10
47 145 10
145 177 11
122 145 10
136 145 10
108 145 12
58 145 11
145 241 5
145 203 12
145 175 11
145 146 6
122 146 11
140 146 12
3 146 12
20 146 7
146 186 11
146 190 13
146 151 9
5 146 12
146 156 12
147 198 14
147 205 8
147 215 13
82 147 9
10 147 12
147 219 10
147 189 9
62 147 10
147 234 12
147 170 9
28 147 12
65 148 10
147 148 8
0 148 14
148 228 8
127 148 6
148 209 12
148 186 11
148 238 10
148 161 12
91 149 11
49 149 10
149 230 10
19 149 12
22 149 11
143 149 11
48 149 11
137 149 10
38 149 11
149 154 10
81 149 9
119 150 12
72 150 11
150 170 8
150 183 11
41 150 7
150 179 11
150 242 12
150 215 12
0 150 12
42 150 12
151 228 6
70 151 10
80 151 11
77 151 9
14 151 8
65 151 7
151 224 15
90 151 7
107 151 11
68 151 11
34 152 11
81 152 11
152 234 10
152 212 9
146 152 12
121 152 9
152 224 11
26 152 10
21 153 16
10 153 14
153 184 12
153 237 11
140 153 13
66 153 9
145 153 10
139 153 8
70 153 10
132 154 11
154 206 12
20 154 12
75 154 12
58 154 9
107 154 11
154 166 8
154 168 9
63 154 13
85 154 11
101 154 13
54 155 10
155 161 13
42 155 8
145 155 12
155 236 8
155 168 15
155 188 13
155 173 10
98 155 9
78 156 7
156 243 10
156 229 8
115 156 13
76 156 13
139 156 14
73 156 11
71 156 7
128 156 13
156 194 9
21 156 11
67 157 12
104 157 11
157 230 9
157 170 9
78 157 12
157 159 10
41 157 11
13 157 13
157 231 12
11 157 13
37 157 7
88 158 10
102 158 10
158 186 11
158 183 6
1 158 11
83 158 11
100 158 12
116 158 9
90 158 12
158 194 10
13 158 13
159 214 10
159 175 6
8 159 12
12 159 8
118 159 9
159 162 10
159 167 10
15 159 11
14 159 7
102 160 11
160 224 12
147 160 8
160 241 11
160 213 9
139 160 13
137 160 8
56 160 12
36 160 8
46 160 13
160 207 15
133 161 11
33 161 11
16 161 13
13 161 11
161 237 11
27 161 12
74 161 12
41 161 13
2 161 13
161 239 10
14 161 9
162 201 9
33 162 13
7 162 9
162 197 12
147 162 11
26 162 9
162 198 11
92 162 13
162 223 11
37 163 13
44 163 10
17 163 10
163 217 16
3 163 7
163 174 12
88 163 10
123 163 11
60 163 11
99 163 9
10 164 11
20 164 8
158 164 6
164 221 9
164 207 8
85 164 10
148 164 11
164 176 13
141 164 14
111 164 8
165 223 9
165 238 11
104 165 9
165 230 12
0 165 12
158 165 12
165 209 11
120 165 12
42 165 13
32 165 13
165 200 8
166 220 9
3 166 10
50 166 13
166 182 9
152 166 10
16 166 12
120 166 13
166 186 9
166 174 8
18 166 12
31 167 14
167 236 11
167 176 12
42 167 9
152 167 10
25 167 11
167 178 13
38 167 10
143 167 13
112 168 10
168 210 14
168 189 10
168 186 10
80 168 10
156 168 10
151 168 8
86 168 12
24 168 10
40 169 10
128 169 13
35 169 11
121 169 9
169 173 9
69 169 11
5 169 11
119 169 12
89 169 11
170 182 9
170 196 12
82 170 10
23 170 11
170 193 10
162 170 9
1 170 11
170 244 11
132 170 11
118 171 8
140 171 7
171 213 14
32 171 10
171 184 11
117 171 9
171 214 14
171 212 7
60 171 12
55 171 10
171 236 12
124 171 12
139 172 12
172 196 12
172 185 14
172 208 10
83 172 12
6 172 10
172 199 10
116 172 13
153 172 10
172 241 13
74 173 9
62 173 8
173 245 12
94 173 10
173 244 7
8 173 12
73 173 14
138 173 10
131 173 6
164 173 12
95 174 11
174 245 9
19 174 14
99 174 10
130 174 6
88 174 14
37 174 9
174 233 6
122 174 7
129 174 10
174 176 10
79 174 8
174 228 10
101 175 7
175 240 11
24 175 11
175 233 14
175 234 10
29 175 11
40 175 13
175 220 8
120 175 14
115 176 10
69 176 9
176 192 11
176 209 9
176 202 6
17 176 9
176 220 8
176 212 11
176 236 12
159 177 8
177 236 7
177 206 8
162 177 11
11 177 9
88 177 14
156 177 6
177 245 10
3 177 8
57 177 10
178 223 8
80 178 11
54 178 12
51 178 9
136 178 9
15 178 10
178 199 11
87 178 8
178 197 12
27 178 9
169 179 13
179 206 8
76 179 6
179 243 10
77 179 13
80 179 5
165 179 10
129 179 7
179 222 7
148 180 9
171 180 11
5 180 8
55 180 9
180 219 8
73 180 10
134 180 11
180 241 11
22 180 10
181 196 11
181 229 9
97 181 10
18 181 8
147 181 7
88 181 12
181 195 11
181 214 10
90 181 11
112 181 8
63 182 9
182 236 9
45 182 12
5 182 13
24 182 8
182 224 12
182 186 10
153 182 8
161 182 13
97 182 11
80 183 7
183 249 10
183 246 13
70 183 14
183 206 11
61 183 12
183 231 9
43 183 11
109 183 10
65 183 9
158 184 11
141 184 10
103 184 11
184 188 10
140 184 10
184 236 15
169 184 11
184 215 10
122 184 12
80 184 12
43 184 11
37 185 10
63 185 10
185 215 12
98 185 13
91 185 10
185 227 10
185 249 13
8 185 9
153 185 10
119 185 9
133 186 13
177 186 11
31 186 13
9 186 9
181 186 9
46 186 11
186 215 10
174 186 8
107 186 9
35 187 7
43 187 11
187 214 13
121 187 12
41 187 11
187 222 11
81 187 9
187 199 11
187 210 10
158 187 10
177 188 11
62 188 9
22 188 11
18 188 5
133 188 10
35 188 10
14 188 11
188 203 10
63 189 9
27 189 10
28 189 9
189 204 10
155 189 9
102 189 10
18 189 11
81 189 12
41 189 11
43 189 12
87 189 10
38 190 10
190 228 9
3 190 10
86 190 10
165 190 10
107 190 15
30 190 11
94 190 9
51 190 13
190 192 12
83 191 11
126 191 12
42 191 10
191 249 11
180 191 10
72 191 11
49 191 6
85 191 8
9 191 13
185 191 11
19 191 7
73 191 12
192 214 14
30 192 9
40 192 11
51 192 11
53 192 13
89 192 13
77 192 10
192 223 10
126 192 8
138 192 8
129 192 9
37 193 15
178 193 11
193 217 7
133 193 12
107 193 12
181 193 10
131 193 11
193 225 9
193 206 12
137 194 11
92 194 11
41 194 13
152 194 13
20 194 11
192 194 11
2 194 13
194 241 10
194 243 9
3 194 9
194 197 10
186 195 12
188 195 9
113 195 10
142 195 8
195 239 9
121 195 8
117 195 10
185 195 9
22 195 11
195 234 8
69 195 6
42 196 10
196 216 9
108 196 9
196 227 11
196 235 12
134 196 14
51 196 9
60 196 14
145 196 11
6 196 13
133 197 10
19 197 9
17 197 10
137 197 5
196 197 10
95 197 13
179 197 12
93 197 11
168 197 10
189 197 10
94 197 10
136 198 10
159 198 16
155 198 7
189 198 10
9 198 15
198 224 8
24 198 12
5 198 7
195 198 10
60 199 11
4 199 13
69 199 10
31 199 10
199 208 10
146 199 7
75 199 10
199 230 12
64 199 9
74 199 11
138 199 11
195 199 11
175 200 8
97 200 13
77 200 10
166 200 11
200 210 14
144 200 11
80 200 8
101 200 11
91 200 12
141 200 10
160 200 7
201 241 14
60 201 11
201 228 10
172 201 3
201 204 13
33 201 12
165 201 10
89 201 9
149 201 8
145 202 7
91 202 13
199 202 9
182 202 12
202 230 11
73 202 10
15 202 10
150 202 10
52 202 15
171 202 9
44 202 10
203 238 11
203 228 10
203 208 16
110 203 13
87 203 10
64 203 10
84 203 10
190 203 10
127 203 11
204 239 11
125 204 14
71 204 14
6 204 10
204 240 13
204 211 10
56 204 12
151 204 10
184 204 12
80 204 11
205 225 12
164 205 12
205 248 10
205 218 11
161 205 11
6 205 12
193 205 5
141 205 14
111 205 10
205 239 9
4 206 10
186 206 12
206 239 9
123 206 10
69 206 9
17 206 11
201 206 9
142 206 13
27 206 14
202 207 12
35 207 13
141 207 10
149 207 16
158 207 12
172 207 11
76 207 10
140 207 9
207 226 9
188 208 9
208 239 11
2 208 10
36 208 12
4 208 12
208 248 10
208 235 11
208 236 9
167 208 9
23 208 8
60 208 13
61 209 12
115 209 10
120 209 11
47 209 11
144 209 9
130 209 12
39 209 10
193 209 8
209 212 7
129 209 13
209 220 9
114 210 10
77 210 11
205 210 11
15 210 11
133 210 8
172 210 10
210 230 11
210 246 7
202 210 8
38 210 12
210 222 13
53 211 10
174 211 12
133 211 9
17 211 11
13 211 10
211 224 9
211 223 11
208 211 11
211 212 9
117 211 8
72 211 10
99 212 11
37 212 10
105 212 9
212 213 11
145 212 11
78 212 11
21 212 9
28 212 14
212 217 11
40 212 12
103 213 9
126 213 11
117 213 10
8 213 11
80 213 11
204 213 8
213 218 8
98 213 9
52 213 11
44 213 13
214 243 12
201 214 9
115 214 10
107 214 16
108 214 10
130 214 11
194 214 11
126 214 12
147 214 11
52 214 8
188 214 10
215 237 12
69 215 11
215 220 8
197 215 12
215 219 12
215 224 8
190 215 8
10 215 9
14 215 13
200 215 12
194 216 9
180 216 15
216 240 11
210 216 9
143 216 13
2 216 11
166 216 13
86 216 11
125 216 13
157 216 9
217 249 11
217 229 14
165 217 12
33 217 16
148 217 11
3 217 8
106 217 9
72 217 9
48 217 11
180 217 9
28 217 12
95 218 14
214 218 12
98 218 11
4 218 10
117 218 11
125 218 6
102 218 11
150 218 11
78 218 13
162 218 9
194 218 10
44 219 12
171 219 12
131 219 10
123 219 14
119 219 7
129 219 10
140 219 12
219 231 13
75 219 11
40 220 13
145 220 8
200 220 10
80 220 12
134 220 8
4 220 11
51 220 11
189 220 12
210 220 10
129 220 10
132 220 11
70 221 12
14 221 12
94 221 10
99 221 13
214 221 9
76 221 11
83 221 13
16 221 8
79 221 9
92 221 10
151 222 12
39 222 13
148 222 10
89 222 9
120 222 12
1 222 6
222 225 10
84 222 10
164 222 12
142 223 11
115 223 9
98 223 11
29 223 12
180 223 6
167 223 13
64 223 11
147 223 9
193 223 12
79 223 11
24 223 13
87 224 10
205 224 12
193 224 9
24 224 9
174 224 13
67 224 13
10 224 10
52 224 11
73 224 10
0 224 10
225 249 13
188 225 13
82 225 9
75 225 7
3 225 13
141 225 9
31 225 10
7 225 14
225 248 11
137 225 12
29 225 15
226 243 10
221 226 12
129 226 9
186 226 13
174 226 9
105 226 11
71 226 12
226 231 12
151 226 9
222 226 14
20 227 9
66 227 12
136 227 9
87 227 9
48 227 11
81 227 16
32 227 10
36 228 10
150 228 6
157 228 10
212 228 12
32 228 9
206 228 13
12 228 14
132 228 8
228 247 12
178 228 9
148 229 10
165 229 9
220 229 13
218 229 10
6 229 10
157 229 11
147 229 10
166 229 15
41 229 14
197 229 15
229 242 12
52 230 12
117 230 9
230 240 12
72 230 9
160 230 11
116 230 10
87 230 12
142 230 14
82 230 9
158 231 8
231 236 11
135 231 14
45 231 9
172 231 10
65 231 8
217 231 14
107 231 6
231 233 11
70 231 11
4 231 8
214 231 12
220 232 11
141 232 13
30 232 14
133 232 10
204 232 12
38 232 9
9 232 10
142 232 8
43 232 9
188 232 10
220 233 15
87 233 15
84 233 8
127 233 11
226 233 11
186 233 9
176 233 13
129 233 13
152 233 7
234 246 8
206 234 14
230 234 13
29 234 12
153 234 8
81 234 12
87 234 8
7 234 5
186 234 10
57 234 8
135 234 11
203 235 10
134 235 8
83 235 9
173 235 11
4 235 10
212 235 8
84 235 14
204 235 8
20 235 11
172 235 10
2 236 9
100 236 12
114 236 10
84 236 9
172 236 10
55 236 10
122 236 11
185 236 7
45 236 12
120 236 11
73 236 15
162 237 12
237 240 9
100 237 8
76 237 11
235 237 10
102 237 10
234 237 9
195 237 10
7 237 15
78 237 11
176 237 8
232 238 12
205 238 6
155 238 13
93 238 14
39 238 14
147 238 11
17 238 8
238 249 13
99 239 11
129 239 12
166 239 11
238 239 11
51 239 10
186 239 12
55 239 9
82 239 8
118 239 11
63 239 10
220 240 10
98 240 12
196 240 14
117 240 11
236 240 12
48 240 12
60 240 12
114 241 11
21 241 8
103 241 9
153 241 12
57 241 11
41 241 8
199 241 11
4 241 9
39 241 5
89 241 11
200 242 13
186 242 14
237 242 11
139 242 12
227 242 14
133 242 11
228 242 14
202 242 12
26 242 7
190 242 10
198 242 7
99 243 14
122 243 12
199 243 12
62 243 16
24 243 10
22 243 12
154 243 11
161 243 10
96 244 8
214 244 16
58 244 11
131 244 14
95 244 10
97 244 13
42 244 8
204 244 7
106 244 11
72 244 7
185 244 13
75 244 8
8 245 9
13 245 9
11 245 11
198 245 13
148 245 12
180 245 9
103 245 9
44 245 9
189 245 9
25 245 12
1 245 13
196 246 12
185 246 8
4 246 10
80 246 10
97 246 13
69 246 10
102 246 10
28 246 11
156 246 8
95 246 11
246 249 7
105 246 9
111 247 11
107 247 8
100 247 9
80 247 9
70 247 13
61 247 7
88 247 13
187 247 13
15 247 10
104 247 10
11 248 13
52 248 7
121 248 12
235 248 12
40 248 11
175 248 12
111 248 12
29 248 12
94 248 10
76 248 11
26 248 10
171 249 9
70 249 8
25 249 12
195 249 12
152 249 12
123 249 11
118 249 12
220 249 9
235 249 11
115 249 10
24 249 9
