500
0
5
10
9
6
2
10
9
8
5
8
3
2
5
5
4
8
2
1
3
9
1
3
2
5
8
2
9
3
7
2
6
3
5
7
3
2
2
7
2
5
7
5
9
2
9
9
9
7
6
5
10
3
8
6
4
6
9
1
4
8
3
9
8
9
3
6
7
9
6
9
4
5
9
3
4
10
8
2
8
1
7
8
7
1
3
10
5
5
4
8
3
9
5
4
9
7
5
4
2
2
7
8
4
2
8
4
6
4
5
7
2
1
10
4
3
2
2
6
4
9
1
1
3
7
8
1
8
6
5
1
6
5
9
3
1
3
3
9
7
6
6
6
6
2
6
5
8
7
7
7
6
8
6
8
9
4
1
3
2
4
10
5
5
5
9
4
2
3
8
2
6
1
8
6
9
2
10
5
6
6
4
2
1
7
9
1
10
4
3
2
4
6
9
6
10
6
4
8
5
10
3
5
7
1
10
7
6
1
9
5
2
5
5
10
5
7
9
4
5
3
6
3
5
6
6
3
9
9
6
3
4
4
4
5
2
5
1
6
1
3
6
8
8
4
5
6
8
8
4
8
6
10
6
7
8
10
7
4
6
7
7
3
3
8
9
9
7
2
7
9
5
4
3
2
10
4
4
5
4
9
7
2
10
9
3
7
2
6
3
3
6
9
3
4
3
6
7
9
3
5
7
4
7
9
2
3
8
7
5
2
3
6
10
9
9
9
7
5
8
9
6
3
8
8
3
4
10
2
6
6
10
2
2
8
7
6
4
3
6
4
3
4
5
6
6
4
7
5
9
7
8
1
4
9
8
5
6
6
9
6
5
6
2
8
10
5
5
10
9
7
6
8
6
10
8
6
2
9
9
7
8
3
7
1
9
10
8
2
4
10
9
8
8
6
6
8
2
2
5
6
10
9
7
7
10
10
8
8
2
8
10
9
2
4
8
10
6
5
4
8
9
10
8
5
1
4
3
6
4
1
8
2
1
4
3
8
9
3
6
1
7
4
8
6
7
3
2
8
10
2
4
8
6
7
8
3
5
4
10
10
7
7
7
9
7
7
9
5
8
9
8
8
3
2
9
2
9
5
6
9
7
7
3
6
8
4
8
4
2
3
7
2
8
10
4
2
3
8
9
0 231 10
0 441 8
0 425 11
0 22 15
1 277 12
1 62 9
1 180 15
1 41 11
0 1 10
2 152 13
2 411 7
2 429 11
2 344 13
2 45 12
3 45 12
3 155 10
3 248 10
3 289 13
4 315 11
4 317 9
4 66 11
4 46 7
4 483 14
4 280 11
5 463 12
5 108 10
5 25 10
5 313 9
6 253 14
6 113 7
6 14 10
6 146 13
6 232 10
4 6 9
7 105 10
7 440 15
7 235 13
7 338 9
7 241 10
7 125 13
8 171 13
8 215 13
8 149 10
8 256 10
8 109 13
9 238 10
9 74 12
9 280 12
9 154 8
9 223 9
9 102 10
10 235 6
10 281 8
10 100 13
10 48 11
10 77 10
11 423 10
11 229 9
11 37 12
11 289 10
11 111 11
11 129 10
12 95 11
12 119 11
12 471 14
13 271 11
13 146 9
13 42 6
13 440 12
13 472 12
13 202 8
14 423 14
14 401 11
14 226 12
15 231 12
15 285 11
15 86 12
15 288 12
16 496 10
16 187 12
16 27 6
16 160 13
16 340 11
16 198 10
17 293 10
17 48 11
17 203 11
17 118 14
17 42 13
17 206 10
18 270 6
18 234 12
18 315 10
18 404 6
18 252 12
19 343 9
19 392 11
19 51 9
19 278 13
20 397 8
20 396 10
20 234 12
20 303 9
20 310 12
20 368 14
21 383 10
21 448 11
21 241 9
21 401 9
21 174 10
22 201 11
22 40 14
22 225 14
22 130 7
23 36 12
23 38 9
23 106 10
23 476 9
23 112 11
24 295 12
24 88 10
24 348 11
8 24 8
24 42 14
25 459 15
25 308 8
25 72 8
25 402 8
26 269 11
26 260 10
26 42 12
26 352 8
26 127 12
27 137 13
27 461 9
27 492 13
27 300 10
27 171 9
27 320 11
28 201 9
28 360 10
28 272 14
28 288 14
28 87 10
29 216 13
29 287 9
29 467 10
29 143 11
29 56 6
30 186 12
30 248 11
30 201 10
30 320 10
30 220 6
31 160 9
31 41 10
31 406 9
31 296 11
32 95 11
32 104 15
32 295 13
25 33 13
33 150 10
33 146 8
33 325 13
33 497 9
34 308 12
34 178 11
34 401 7
34 487 12
34 288 8
35 466 12
35 463 15
35 362 14
35 228 10
35 311 9
36 367 10
36 459 10
36 199 10
36 260 12
36 69 12
37 468 8
17 37 10
37 414 12
37 186 10
38 237 12
38 189 11
38 412 14
31 38 12
38 254 11
39 182 11
39 216 10
39 88 8
39 190 13
39 153 7
39 284 8
40 491 15
40 270 11
40 292 14
40 465 9
41 145 11
41 311 11
41 499 12
41 306 9
41 246 13
41 465 10
41 234 12
42 311 7
42 145 9
42 148 13
42 248 11
43 475 11
43 65 11
43 481 9
43 318 12
43 322 9
43 101 9
44 366 10
44 282 8
44 260 12
44 445 11
44 330 10
44 407 14
44 208 10
45 306 9
45 207 10
45 174 10
45 221 11
46 181 9
46 341 12
46 104 10
47 97 11
47 250 9
47 252 13
47 421 12
47 484 11
47 325 15
48 418 17
48 393 14
48 312 10
48 281 14
49 305 10
49 135 9
49 318 11
49 259 6
49 77 9
50 462 12
50 188 10
50 162 8
50 236 8
51 101 6
51 90 13
51 381 11
51 417 9
51 71 12
51 393 13
52 318 10
52 130 12
52 351 12
52 152 11
52 478 10
0 53 13
13 53 13
53 460 10
53 158 8
11 53 10
53 193 10
54 206 11
54 302 12
54 376 11
54 423 12
54 326 10
54 321 8
55 418 8
55 325 11
55 287 13
55 78 10
55 399 12
56 59 8
56 450 12
56 497 8
56 224 11
56 306 12
56 472 16
57 180 10
57 284 12
57 396 12
57 82 14
58 188 9
58 258 11
58 206 13
58 359 13
59 324 8
42 59 7
59 297 9
18 59 12
59 162 12
60 289 12
60 426 10
60 473 12
60 117 10
60 375 13
61 329 9
61 79 8
61 215 8
61 241 11
61 174 9
62 407 11
62 231 10
62 241 12
62 203 10
62 205 12
63 74 12
63 404 12
63 438 14
63 124 12
63 293 8
63 433 10
63 173 8
64 152 7
64 398 10
23 64 8
64 424 9
64 473 12
64 311 9
65 437 7
65 99 11
65 127 9
65 459 13
65 305 8
65 389 9
54 66 10
66 256 11
66 398 11
51 66 9
66 147 7
67 187 12
67 216 12
67 178 8
67 72 11
67 422 9
68 366 10
68 297 10
68 319 9
68 391 12
2 69 11
69 78 12
69 208 10
69 492 14
69 479 10
70 438 10
70 325 12
26 70 8
70 112 10
71 209 13
71 329 13
3 71 12
71 129 9
67 71 11
71 132 14
71 103 10
72 250 14
72 292 16
72 499 10
72 440 10
72 445 10
72 482 10
73 287 8
73 443 7
73 256 8
73 431 8
73 111 10
73 378 11
73 333 7
74 152 14
74 103 9
74 356 15
67 74 9
74 349 10
75 332 10
75 390 7
75 226 11
75 325 12
75 292 12
76 312 11
76 490 8
65 76 12
77 462 12
77 305 10
6 77 12
30 77 12
77 217 13
77 248 11
78 362 9
78 412 10
78 172 11
78 456 13
79 84 8
79 284 11
79 226 13
79 111 8
16 79 11
80 448 10
60 80 10
80 496 9
23 80 12
80 439 8
80 126 8
81 173 9
81 301 11
81 180 11
81 272 10
81 395 10
82 412 10
82 359 14
82 465 12
82 106 12
82 158 12
26 82 11
79 83 9
83 323 13
83 255 11
83 306 13
84 229 13
84 468 12
84 281 11
84 215 8
85 193 9
85 489 11
85 466 8
85 198 4
85 435 15
86 252 11
86 450 9
86 285 11
86 161 10
20 87 11
87 114 10
87 412 12
24 87 11
64 87 13
42 88 8
88 427 14
56 88 13
89 424 9
89 316 11
89 329 9
89 490 11
56 89 11
2 89 12
32 90 10
90 135 12
90 245 14
91 191 17
91 154 10
91 356 14
91 440 11
91 105 15
92 155 15
92 443 12
92 93 11
92 387 11
75 92 13
92 398 9
92 227 12
77 93 9
93 380 10
93 97 14
93 245 9
93 275 13
93 161 16
94 181 8
94 140 9
94 389 9
94 447 11
94 321 14
94 245 12
95 280 11
95 240 14
19 95 11
95 288 14
96 495 10
96 255 15
96 184 12
96 214 9
97 292 11
97 248 12
97 384 10
97 294 14
97 492 11
97 349 12
98 425 11
98 348 9
98 459 8
98 314 11
98 430 9
99 102 8
63 99 9
99 271 9
99 418 12
100 210 8
100 158 10
100 373 10
12 100 11
101 450 11
101 156 10
101 490 6
102 417 11
102 169 7
103 397 9
29 103 11
103 189 10
103 191 12
104 178 9
104 496 15
101 104 12
104 194 9
104 131 12
105 339 12
49 105 11
105 264 9
58 105 10
106 179 9
106 466 11
53 106 8
106 294 9
106 164 12
94 107 9
107 361 8
107 216 10
35 107 12
107 211 12
107 195 12
107 381 11
108 199 10
108 401 14
108 424 9
108 323 12
109 133 14
109 153 11
109 118 9
109 406 9
109 382 11
110 213 11
110 245 10
110 171 11
110 356 10
110 429 10
110 115 9
110 416 12
111 256 11
111 191 8
18 111 11
111 432 11
111 221 10
111 457 8
112 278 13
112 490 14
112 131 13
87 112 12
11 112 9
46 113 9
38 113 12
113 430 10
113 215 9
113 232 8
100 113 11
47 114 13
41 114 12
114 434 11
115 302 12
108 115 8
115 404 7
116 304 14
116 360 11
116 354 10
116 119 14
28 116 12
62 117 11
117 269 9
117 303 10
117 371 10
117 283 9
117 123 11
118 385 9
118 163 16
118 449 14
118 145 11
118 182 12
119 350 9
119 432 10
119 231 9
119 496 10
53 119 13
119 388 10
119 440 12
120 480 13
15 120 10
120 142 9
120 444 8
121 196 10
82 121 10
121 468 10
121 420 10
121 343 11
122 298 11
122 258 12
122 242 13
122 153 8
4 123 10
123 445 11
123 282 12
123 362 12
123 409 9
124 163 11
124 451 8
124 151 8
124 202 8
125 178 8
125 391 9
125 348 11
125 182 12
126 263 10
67 126 11
126 320 9
126 492 10
50 126 13
126 178 9
127 194 9
127 363 7
67 127 11
127 434 12
127 425 10
127 182 7
128 252 8
128 446 8
128 316 9
128 478 7
129 359 13
129 353 11
129 392 14
129 155 11
27 129 8
130 353 13
130 257 10
130 330 9
130 157 7
130 147 10
131 432 11
83 131 10
131 323 8
131 188 9
131 169 11
132 327 12
8 132 10
132 173 11
98 132 11
132 189 12
80 132 9
133 178 12
133 182 14
133 417 11
17 133 11
133 227 13
122 134 10
134 462 9
134 335 10
134 385 13
134 267 6
135 289 15
135 459 10
16 135 8
135 331 11
47 135 7
135 426 14
69 136 14
19 136 11
136 268 12
103 136 9
90 137 14
137 173 13
137 485 11
137 467 12
137 167 9
137 400 11
138 440 11
138 208 13
138 380 11
27 138 12
22 138 12
139 450 9
89 139 10
132 139 9
139 374 11
52 139 10
139 227 10
140 235 9
48 140 6
140 370 4
137 141 12
141 362 11
141 164 11
90 141 9
102 141 10
116 142 9
142 344 13
139 142 10
142 168 10
142 378 8
143 195 11
17 143 9
143 465 8
143 286 9
143 152 8
144 302 11
144 259 11
144 451 12
144 359 10
144 411 10
144 270 13
71 144 11
145 255 10
26 145 11
145 431 9
119 145 12
145 210 11
47 145 10
133 146 12
146 332 8
82 146 12
65 146 12
146 257 12
146 322 9
147 214 14
147 388 12
147 218 10
124 147 11
147 327 10
147 182 14
148 496 13
148 367 12
148 361 9
148 309 12
148 331 8
41 148 10
107 149 5
149 349 13
18 149 12
149 374 5
35 149 10
60 149 11
150 293 13
26 150 12
100 150 12
51 150 12
42 150 13
108 150 10
150 390 10
151 236 11
151 213 7
44 151 11
151 291 10
151 250 14
152 399 9
152 194 13
125 152 10
81 152 11
152 484 8
24 153 7
153 454 11
153 430 8
153 396 8
153 415 12
153 354 9
154 192 13
115 154 9
127 154 12
154 312 9
154 333 10
154 163 13
154 159 13
105 155 12
104 155 7
62 155 13
155 173 11
155 494 10
155 396 9
100 155 11
156 303 11
156 367 8
155 156 10
156 451 10
139 156 7
156 166 12
4 157 10
157 250 9
157 308 11
95 157 13
137 157 8
158 495 10
158 287 10
140 158 8
158 497 8
159 195 11
45 159 9
159 239 9
159 257 11
160 285 13
90 160 9
160 496 9
160 419 7
42 161 10
161 333 8
161 323 11
153 161 11
162 236 10
162 200 11
47 162 10
162 422 12
144 162 13
149 163 9
163 222 9
2 163 8
163 181 11
163 278 11
125 163 11
164 492 10
150 164 13
164 201 12
164 332 13
164 279 7
164 420 10
165 488 11
165 446 12
165 185 9
165 328 12
165 281 11
64 166 13
166 316 10
166 305 8
167 362 12
167 343 8
167 360 12
30 167 11
167 447 9
168 475 11
168 272 11
168 206 12
6 168 12
156 168 10
169 318 11
169 243 9
169 226 10
169 201 12
169 292 14
94 170 7
148 170 10
170 464 10
16 170 9
9 171 9
171 217 14
171 209 9
20 171 12
172 285 8
95 172 10
172 224 11
144 172 10
172 342 11
172 290 13
172 439 11
131 173 9
173 322 11
173 374 12
173 300 12
173 406 8
174 210 10
174 177 11
97 174 8
17 174 10
175 235 8
175 482 13
175 430 10
175 303 11
128 175 9
176 362 10
176 308 10
169 176 13
30 176 14
177 272 8
177 210 13
81 177 10
69 177 10
177 428 10
73 178 12
178 381 10
178 484 7
179 328 11
179 313 12
140 179 10
179 385 12
179 401 8
180 221 13
18 180 7
180 442 11
180 274 9
180 228 9
33 180 9
152 180 13
181 239 7
124 181 9
181 443 13
181 455 7
43 181 10
30 181 8
182 286 10
182 236 12
182 422 8
182 289 11
58 182 14
171 183 9
183 338 12
183 389 10
97 183 8
183 238 7
59 183 10
177 183 9
163 183 11
156 184 11
184 262 9
57 184 11
184 212 10
184 431 10
184 407 17
184 209 9
184 236 8
185 472 10
185 320 13
7 185 14
185 296 10
157 186 6
179 186 15
186 255 10
75 186 9
5 187 8
187 277 13
187 205 12
152 187 11
187 315 9
188 407 10
188 227 10
83 188 7
188 363 12
188 448 11
189 264 11
104 189 9
189 290 13
189 217 11
92 189 13
189 393 16
190 207 11
190 478 12
190 353 11
190 475 10
191 461 12
191 327 9
79 191 12
192 350 8
192 458 10
192 302 11
174 192 10
192 374 14
52 193 10
15 193 11
193 417 14
41 193 13
193 224 11
193 245 12
194 299 9
194 459 11
194 476 8
31 194 11
11 194 9
195 237 8
195 241 14
66 195 13
195 275 10
196 472 8
196 359 10
196 486 12
196 345 13
29 197 10
197 256 14
197 390 10
197 270 9
132 197 12
104 197 11
197 426 9
20 197 14
198 488 11
198 359 13
198 241 7
97 198 14
198 426 13
53 198 11
199 232 11
5 199 10
75 199 12
199 230 15
177 199 10
200 226 9
51 200 12
38 200 8
200 248 11
200 313 7
201 342 6
201 318 9
16 201 10
201 484 9
201 203 9
202 425 7
202 214 9
202 279 12
161 202 10
94 203 8
203 433 12
203 422 11
203 383 10
203 434 9
204 319 14
204 361 11
204 211 9
204 210 9
205 321 11
176 205 10
205 434 11
205 211 10
205 389 13
104 206 10
206 322 11
206 258 12
206 422 10
161 206 12
207 396 10
207 497 10
184 207 17
179 207 7
75 208 13
208 268 14
208 416 5
208 261 10
209 304 12
209 296 12
209 374 8
209 215 11
210 388 9
102 210 8
96 211 9
211 285 9
211 483 8
147 211 12
212 291 11
203 212 14
212 347 10
151 212 13
207 212 12
212 343 12
189 213 9
203 213 7
144 213 10
213 304 14
213 461 10
172 214 9
214 363 9
214 423 11
214 398 11
214 388 11
40 215 7
215 246 9
163 215 7
215 220 8
215 479 12
215 475 8
68 215 8
6 216 13
216 308 10
216 408 12
68 216 13
165 216 9
126 217 9
22 217 13
133 217 10
217 437 11
83 217 14
218 438 11
218 313 8
218 352 10
91 218 14
97 219 10
64 219 11
25 219 15
78 219 6
196 220 7
14 220 6
220 435 6
112 220 8
220 414 10
197 221 9
125 221 17
184 221 7
54 221 10
221 309 11
222 402 11
222 224 10
222 457 11
220 223 11
223 242 9
223 234 10
34 223 10
223 265 13
223 477 7
117 224 10
17 224 10
224 294 11
224 448 10
155 224 9
213 224 11
225 323 10
225 396 11
225 231 15
225 252 10
225 359 8
226 448 9
135 226 11
226 470 10
20 226 12
226 243 7
54 227 12
227 325 9
71 227 12
174 227 10
227 272 12
160 227 8
228 322 10
68 228 9
133 228 11
7 228 11
228 448 13
97 229 10
229 471 13
229 339 10
197 229 8
115 229 10
229 401 9
230 235 9
45 230 11
230 363 13
92 230 12
231 333 14
133 231 12
231 322 8
231 477 8
232 389 8
232 486 14
12 232 16
232 321 11
186 232 10
36 232 11
163 233 10
174 233 11
199 233 9
233 369 12
60 233 9
234 458 11
190 234 11
123 234 11
90 234 10
234 259 10
184 235 20
168 235 10
142 235 10
235 452 15
156 235 11
236 386 10
236 447 11
236 335 8
236 464 10
155 236 9
71 236 10
79 237 8
222 237 14
6 237 10
159 237 9
238 392 9
43 238 6
238 442 12
220 238 12
238 428 7
239 279 8
239 470 9
98 239 13
239 287 11
66 239 10
240 421 11
240 271 8
233 240 11
182 240 9
241 298 9
19 241 9
39 241 11
241 361 7
146 241 8
220 242 11
29 242 11
155 242 11
38 242 8
207 243 13
243 268 9
176 243 9
103 243 7
244 435 9
56 244 8
140 244 13
49 245 8
245 433 10
186 245 9
235 245 8
210 245 13
68 246 9
230 246 9
246 326 11
246 276 10
246 378 10
246 287 8
247 273 10
193 247 7
220 247 9
247 497 10
242 247 13
216 248 11
248 436 12
186 248 12
102 248 7
249 468 14
249 336 12
125 249 10
2 249 11
21 249 12
202 249 13
104 250 11
250 398 11
250 431 7
250 276 11
178 250 9
251 279 9
251 426 11
40 251 10
245 251 10
251 364 14
228 252 9
252 400 12
252 426 10
46 252 11
253 316 10
230 253 14
224 253 7
253 460 11
253 400 13
254 262 14
125 254 10
121 254 15
254 422 13
105 254 12
72 255 11
255 381 9
112 255 11
255 330 11
4 255 10
256 406 10
256 303 8
256 414 13
256 294 11
99 256 9
257 347 9
257 491 10
257 342 13
48 257 11
257 307 11
221 258 14
258 306 10
258 378 11
258 283 9
258 475 11
258 407 13
259 495 11
259 396 9
131 259 12
259 465 13
259 264 12
44 259 14
91 259 9
29 260 9
241 260 11
82 260 8
113 260 9
159 261 9
261 402 10
230 261 8
261 391 6
138 261 8
236 261 9
241 261 11
262 286 10
262 283 10
128 262 11
262 462 10
199 262 12
263 298 6
94 263 12
180 263 12
263 282 9
38 263 13
130 264 11
264 304 10
264 475 12
264 318 11
264 463 8
265 416 11
265 344 8
141 265 15
265 343 9
231 265 12
265 487 10
263 266 9
29 266 9
266 272 9
267 420 12
267 446 10
236 267 11
79 267 10
195 267 12
267 307 10
105 268 9
171 268 12
35 268 14
73 268 8
251 268 10
268 376 9
177 269 12
215 269 8
78 269 11
186 269 9
128 269 11
269 489 8
100 270 11
270 317 10
270 426 11
227 270 12
270 499 6
271 371 10
271 368 8
50 271 12
219 271 6
225 271 12
75 271 10
272 317 7
272 351 11
272 393 12
78 272 13
273 295 8
22 273 14
117 273 9
273 347 10
237 273 8
118 274 10
274 300 14
274 461 9
206 274 8
274 380 11
275 323 12
54 275 11
275 412 12
100 275 6
275 324 10
276 461 11
128 276 11
276 349 10
277 292 10
100 277 12
277 490 8
92 277 13
277 372 10
278 344 11
278 437 8
43 278 8
278 389 12
278 474 8
213 279 8
111 279 15
223 279 6
279 287 6
279 426 14
280 397 11
280 303 11
280 353 15
280 466 9
45 280 11
280 405 9
281 482 11
133 281 11
75 281 15
55 282 12
282 490 11
1 282 12
282 471 14
283 288 13
148 283 10
238 283 14
116 283 9
246 283 10
283 438 12
284 302 6
284 408 13
178 284 11
171 284 13
135 284 8
251 284 10
284 450 11
267 285 13
285 395 6
285 494 15
143 285 11
162 285 14
286 392 10
121 286 9
204 286 10
286 307 9
39 286 7
286 313 11
160 287 9
238 287 11
120 287 11
174 287 9
56 287 10
184 287 9
287 335 13
251 288 7
288 294 9
2 288 12
136 288 13
288 341 11
211 289 11
102 289 13
23 289 7
59 289 8
289 299 12
2 290 11
43 290 12
268 290 8
231 290 9
290 454 12
291 471 10
291 299 11
291 476 14
11 291 11
244 291 12
206 292 15
292 471 11
292 441 12
178 292 12
131 292 11
232 292 10
50 293 8
219 293 12
276 293 9
293 335 8
293 367 9
180 294 12
272 294 6
294 320 12
294 376 12
164 295 9
287 295 12
85 295 10
295 354 11
78 295 8
295 337 7
296 382 11
296 440 14
24 296 10
296 484 10
297 443 13
297 411 11
57 297 9
297 352 8
297 320 12
41 298 10
298 437 12
200 298 14
61 298 10
206 299 9
174 299 11
299 307 12
286 299 11
69 300 9
109 300 10
243 300 9
97 300 9
95 300 11
78 300 11
97 301 10
260 301 13
226 301 11
301 365 10
26 301 10
29 301 9
80 302 8
270 302 11
145 302 12
159 303 7
143 303 13
303 347 6
203 303 10
35 304 12
178 304 11
149 304 9
305 419 11
124 305 7
211 305 11
113 305 12
305 457 9
157 306 10
306 334 10
306 450 12
306 358 11
198 306 12
307 495 6
108 307 12
265 307 10
191 307 12
126 307 9
60 307 12
308 348 12
308 376 10
308 407 8
79 308 12
108 309 9
51 309 11
309 331 11
42 309 10
309 353 13
247 309 14
310 456 9
310 340 14
285 310 9
236 310 8
311 345 11
147 311 11
228 311 9
246 311 13
199 311 11
275 312 10
59 312 13
126 312 6
13 312 10
313 454 8
156 313 13
274 313 11
264 313 14
81 313 9
282 314 11
95 314 14
314 450 10
299 314 15
315 371 11
20 315 9
65 315 11
72 316 8
265 316 12
308 316 11
316 326 9
316 497 11
110 317 11
23 317 12
317 421 7
42 317 9
98 317 13
129 317 9
298 318 8
122 318 11
318 480 10
318 450 11
40 318 14
237 319 14
184 319 12
216 319 11
147 319 11
293 320 10
320 412 9
281 320 12
320 408 13
320 448 12
285 320 12
80 320 7
243 321 11
9 321 11
321 383 13
321 477 9
2 321 9
74 322 15
322 395 11
320 322 9
322 433 11
322 410 10
185 322 11
181 323 10
323 354 12
323 395 10
154 324 12
324 440 11
89 324 16
141 324 13
324 459 7
286 325 10
158 325 7
247 325 11
20 325 10
152 325 12
325 345 9
326 452 12
287 326 11
326 345 9
273 327 9
255 327 10
306 327 10
327 463 12
328 470 9
328 402 9
175 328 11
328 468 10
329 373 9
164 329 11
329 446 14
329 421 9
330 338 9
1 330 13
61 330 13
330 341 11
306 330 13
25 330 9
331 408 8
7 331 10
307 331 14
270 331 14
91 332 13
108 332 9
184 332 10
163 332 10
304 332 12
222 332 7
251 333 12
333 393 11
120 333 12
112 333 9
334 439 8
47 334 8
254 334 13
164 334 9
330 334 9
199 335 12
335 469 8
297 335 9
183 335 15
335 342 10
336 389 9
243 336 13
69 336 10
336 474 11
217 336 13
64 336 13
78 337 11
337 436 8
337 386 11
290 337 7
72 338 10
293 338 11
15 338 16
56 338 10
298 338 12
85 339 10
339 453 13
103 339 10
271 339 10
110 339 13
123 340 10
206 340 14
148 340 8
29 340 13
340 487 9
74 341 8
341 453 12
341 387 9
341 350 14
68 341 15
105 341 12
341 498 8
342 423 8
82 342 12
342 416 11
28 342 10
324 342 7
343 443 9
230 343 8
343 494 10
343 442 11
164 343 10
325 344 13
344 411 13
170 344 11
344 376 11
345 471 10
317 345 14
340 345 13
4 345 12
306 346 9
346 365 12
156 346 11
49 347 12
61 347 12
283 347 12
220 348 10
277 348 7
348 478 12
153 349 13
82 349 15
114 349 10
307 349 10
93 349 8
349 482 11
239 350 9
350 355 11
350 373 6
350 453 8
132 351 9
305 351 9
351 479 9
39 351 10
295 351 11
299 352 9
184 352 11
180 352 11
137 352 10
353 444 11
353 487 8
85 353 8
17 353 11
353 427 8
354 441 12
272 354 7
311 354 13
47 354 11
146 354 12
20 355 11
186 355 13
304 355 9
260 355 11
100 355 7
82 356 9
356 390 11
355 356 13
233 356 11
81 357 11
74 357 11
357 387 9
92 357 11
274 358 12
322 358 10
358 369 9
166 358 11
358 465 11
134 358 8
234 359 5
78 359 13
236 359 14
359 442 12
338 359 9
360 439 8
360 374 10
360 380 12
194 360 9
46 360 11
213 360 10
295 361 9
312 361 9
361 363 11
162 361 10
362 368 18
280 362 7
130 362 11
172 362 9
117 362 6
362 427 11
16 362 10
59 363 11
363 473 11
339 363 12
309 363 14
208 363 11
364 437 11
250 364 6
153 364 8
349 364 13
293 364 10
283 365 13
189 365 10
249 365 11
362 365 8
197 365 11
365 469 12
230 366 11
112 366 10
366 396 12
367 419 11
367 458 6
88 367 12
364 367 12
58 367 8
17 368 9
68 368 9
102 368 12
368 405 10
218 369 9
369 408 11
364 369 9
145 369 11
369 418 5
84 369 8
370 459 12
79 370 10
370 419 11
201 370 8
20 370 10
370 378 10
11 371 9
41 371 12
123 371 13
157 371 11
132 371 8
213 371 11
11 372 13
120 372 13
204 372 11
325 372 10
6 373 15
140 373 9
20 373 10
162 373 11
326 374 7
331 374 10
211 374 7
315 374 15
374 473 12
374 420 7
289 374 12
166 375 12
90 375 11
252 375 10
245 375 11
375 406 12
272 375 10
267 376 13
309 376 11
299 376 10
376 387 12
377 418 11
116 377 13
139 377 10
37 377 10
89 378 14
267 378 11
195 378 9
248 378 12
304 378 10
293 378 8
360 378 9
269 379 10
3 379 12
287 379 14
78 379 11
136 379 8
337 380 13
239 380 11
380 476 10
169 380 11
246 381 11
55 381 9
241 381 11
68 381 10
381 388 14
73 381 12
40 382 11
193 382 11
266 382 8
122 382 9
382 427 13
84 383 10
383 487 11
270 383 10
383 414 9
384 454 8
384 478 13
79 384 11
384 430 9
384 481 8
385 457 10
322 385 10
189 385 11
103 385 7
385 486 11
234 386 9
101 386 12
292 386 8
386 485 9
387 416 9
7 387 8
45 387 14
377 387 7
129 388 10
301 388 11
97 388 12
388 436 10
40 389 12
389 406 8
197 389 11
323 389 12
310 389 8
319 389 14
269 390 11
351 390 11
109 390 10
9 390 10
167 390 13
390 424 12
15 391 13
27 391 8
67 391 12
297 391 12
387 391 11
392 439 10
194 392 7
230 392 12
392 427 9
393 458 12
393 491 13
393 424 12
80 393 10
43 393 12
52 393 14
239 394 9
394 435 11
59 394 9
74 394 8
58 394 15
119 394 10
368 395 10
37 395 11
43 395 8
72 395 8
316 395 14
253 396 8
185 396 11
25 396 13
198 396 10
285 396 5
42 397 14
54 397 11
244 397 10
304 397 7
211 398 13
371 398 10
367 398 10
299 398 12
316 398 10
27 399 11
288 399 12
399 402 11
226 399 10
161 399 10
383 399 10
153 400 8
41 400 14
237 400 10
323 400 11
241 401 10
401 487 8
165 401 15
155 401 12
180 401 6
293 402 12
209 402 12
402 446 11
348 402 12
9 402 13
102 402 11
71 403 11
262 403 10
306 403 11
379 403 11
161 404 9
121 404 14
315 404 10
197 404 9
300 405 12
56 405 10
52 405 12
344 405 12
1 405 10
405 469 10
226 406 15
14 406 10
406 499 13
209 406 13
141 406 9
114 406 8
407 492 10
130 407 10
7 407 10
169 407 8
170 408 12
104 408 8
408 489 11
408 421 10
15 408 10
8 408 10
162 409 12
172 409 11
214 409 11
115 409 11
259 409 9
346 410 8
67 410 15
343 410 7
202 410 11
199 410 12
296 410 11
281 411 10
220 411 13
231 411 9
177 411 4
412 495 9
11 412 5
290 412 11
110 412 13
269 412 14
413 448 15
156 413 15
226 413 12
343 413 8
397 413 11
33 414 10
229 414 7
312 414 12
230 414 9
414 417 10
262 415 10
177 415 8
62 415 13
191 415 8
297 416 16
416 466 14
107 416 12
331 416 14
190 417 16
184 417 13
272 417 12
92 417 7
309 417 10
417 421 9
88 418 9
408 418 8
176 418 11
376 418 10
26 418 11
105 419 12
207 419 12
24 419 13
419 494 9
159 419 11
165 420 12
230 420 10
420 446 10
78 421 11
421 445 10
351 421 9
217 421 11
141 421 12
422 441 11
126 422 10
382 422 11
239 422 12
422 492 8
316 423 16
172 423 13
44 423 13
111 423 11
363 424 10
331 424 11
9 424 10
307 424 11
80 425 9
307 425 13
169 425 11
396 426 9
329 426 9
426 483 12
382 426 10
295 426 10
268 427 9
291 427 13
427 438 12
129 427 10
226 428 8
415 428 9
354 428 9
255 428 9
326 428 12
276 429 14
58 429 10
324 429 9
243 429 10
105 429 12
430 483 9
221 430 8
82 430 9
431 465 11
291 431 8
208 431 10
317 431 12
103 431 9
207 432 8
432 454 9
205 432 9
81 432 11
356 432 12
226 432 8
28 433 10
428 433 15
42 433 11
26 433 12
122 433 11
153 433 7
55 434 15
219 434 7
57 434 10
21 434 11
178 434 10
75 434 9
435 473 9
307 435 10
123 435 11
202 435 14
10 435 12
23 435 10
31 436 9
44 436 11
402 436 11
302 436 8
15 437 13
110 437 11
321 437 11
270 437 13
310 437 11
122 438 9
94 438 8
104 438 6
116 438 11
434 438 11
368 439 11
352 439 10
305 439 11
232 439 10
187 439 13
285 440 11
156 440 11
40 440 11
79 440 10
310 440 11
30 441 11
34 441 13
76 441 12
155 441 5
441 484 8
54 441 8
219 442 10
442 464 11
115 442 8
6 442 12
227 442 11
306 443 12
27 443 13
274 443 8
364 443 13
86 443 13
189 444 12
181 444 11
356 444 11
265 444 12
401 444 12
280 444 8
68 444 11
445 450 10
67 445 9
445 448 10
445 455 8
428 445 11
389 445 13
446 450 10
248 446 10
133 446 11
387 446 12
45 446 8
360 447 9
193 447 10
269 447 10
72 447 10
152 447 14
58 447 12
84 448 10
183 448 10
167 448 13
25 448 8
47 448 9
154 449 12
17 449 10
21 449 13
305 449 10
334 450 8
97 450 10
375 450 15
259 450 11
48 450 14
451 466 11
451 486 13
220 451 10
11 451 11
72 451 12
417 452 10
322 452 10
207 452 14
411 452 8
23 452 7
167 452 10
291 453 13
182 453 11
109 453 12
453 498 11
69 453 8
193 454 10
352 454 7
17 454 10
338 454 10
410 454 10
115 454 12
205 455 13
407 455 9
165 455 15
17 455 11
200 455 9
391 455 9
10 456 12
456 497 10
227 456 9
401 456 11
456 488 14
246 456 11
293 457 10
96 457 11
51 457 12
408 457 12
76 457 12
216 458 10
122 458 13
352 458 12
46 458 8
458 489 11
257 459 12
314 459 10
170 459 10
291 459 9
205 459 11
140 459 10
203 460 11
362 460 10
207 460 10
433 460 13
146 460 10
88 461 10
18 461 10
166 461 8
446 461 10
199 461 10
416 461 12
202 462 9
80 462 8
196 462 9
393 462 12
20 463 10
380 463 13
83 463 8
28 463 12
251 463 12
464 480 7
119 464 9
146 464 14
299 464 14
47 464 11
81 465 12
419 465 10
465 495 11
414 465 10
111 465 12
42 465 9
32 466 8
46 466 12
74 466 9
63 466 15
66 467 8
30 467 11
332 467 8
399 467 12
156 467 9
62 468 13
314 468 9
382 468 10
69 468 11
60 469 7
237 469 14
324 469 8
342 469 15
120 469 7
156 469 10
450 470 7
423 470 10
4 470 10
470 480 11
275 471 8
398 471 11
323 471 12
471 497 15
9 472 13
472 477 7
61 472 11
214 472 9
70 473 8
264 473 12
109 473 11
41 473 8
394 473 12
32 474 11
249 474 9
103 474 13
388 474 13
462 475 14
137 475 11
308 475 11
33 475 13
281 475 8
303 476 11
357 476 11
360 476 13
455 477 10
456 477 10
423 477 13
428 477 10
405 477 9
369 477 11
427 478 13
260 478 14
375 478 12
344 478 9
478 481 12
392 478 11
462 479 15
181 479 7
126 479 9
117 479 11
276 479 9
19 480 16
280 480 12
82 480 9
401 480 12
458 480 11
451 481 12
423 481 12
2 481 10
421 481 12
259 481 11
174 482 11
439 482 15
182 482 12
60 482 8
412 482 12
21 482 10
188 483 9
427 483 10
201 483 9
316 483 9
62 484 10
196 484 13
355 484 8
427 484 13
94 485 10
147 485 11
103 485 12
307 485 11
252 485 12
428 486 8
233 486 11
422 486 11
28 486 11
9 487 15
411 487 10
263 487 9
319 487 12
259 488 10
203 488 13
213 488 8
343 488 11
359 488 13
333 489 12
169 489 11
102 489 10
329 489 11
404 489 11
380 489 8
203 490 9
365 490 9
446 490 13
394 490 15
55 490 8
92 491 11
217 491 13
235 491 11
303 491 11
142 491 10
483 491 12
492 495 13
18 492 10
492 497 9
399 492 10
245 492 13
277 493 10
4 493 11
405 493 11
76 493 10
493 495 8
1 493 12
258 493 8
443 493 13
140 494 11
36 494 6
263 494 14
262 494 12
80 494 8
244 494 10
161 494 9
95 495 10
324 495 10
154 495 12
477 495 10
248 495 9
428 495 11
18 496 9
137 496 12
129 496 10
324 496 12
307 496 8
379 496 11
476 497 6
490 497 13
109 497 8
115 497 11
60 497 9
386 498 12
251 498 10
69 498 8
424 498 13
297 498 11
473 499 14
160 499 9
7 499 13
321 499 12
