500
0
9
7
4
7
3
3
1
2
8
3
5
9
3
3
6
5
8
5
7
7
8
9
4
6
2
9
9
8
6
2
8
3
4
9
7
10
6
4
10
9
1
10
8
3
4
1
1
10
7
4
7
5
3
3
2
6
2
7
5
3
5
9
3
8
6
8
6
3
1
10
3
9
4
7
7
4
2
4
2
2
10
10
3
5
8
9
9
8
2
6
8
2
5
1
10
3
6
7
8
9
9
4
2
2
9
4
3
6
9
7
1
1
9
3
3
7
1
7
8
4
2
4
3
3
2
8
8
4
3
2
2
3
6
7
6
8
2
2
3
3
8
3
1
5
8
5
8
4
8
7
9
2
7
8
9
8
9
9
5
7
4
6
7
2
9
6
5
2
7
10
2
9
8
9
6
8
9
8
7
6
6
9
2
3
9
8
9
6
4
6
6
10
2
7
2
2
8
9
3
3
1
7
3
5
8
4
5
4
1
6
5
2
4
3
4
6
9
2
7
10
5
5
4
10
6
4
9
3
4
7
5
6
5
6
7
7
9
1
10
4
4
8
6
2
3
3
6
7
2
2
3
5
6
6
5
2
2
8
9
2
4
9
4
3
7
6
2
4
7
9
5
5
6
3
8
8
4
4
9
2
10
9
5
8
6
7
2
4
4
9
9
6
3
3
3
6
7
3
6
10
8
3
7
2
9
5
7
5
2
10
3
8
8
10
8
9
8
6
8
5
7
9
3
5
8
6
3
7
5
7
1
2
5
9
9
5
7
7
10
8
4
5
5
2
9
4
5
2
9
2
7
9
6
9
6
5
6
6
7
1
7
3
3
9
4
9
1
6
7
7
6
2
7
8
4
10
1
3
6
3
6
7
5
3
1
4
9
9
6
5
9
1
6
6
8
8
5
4
7
2
1
1
4
10
4
5
7
6
7
4
6
9
7
4
8
6
4
1
5
6
5
3
9
2
3
2
8
7
1
7
10
8
7
3
7
5
9
3
8
7
2
9
5
2
5
2
9
3
3
2
4
4
3
4
8
9
7
1
6
3
9
6
7
9
6
1
3
5
5
9
3
3
9
9
5
4
1
5
8
2
3
4
3
3
7
6
3
6
4
7
7
8
5
3
4
4
3
2
7
0 489 11
0 419 12
0 160 10
0 494 12
1 494 10
1 29 10
1 212 16
1 168 10
1 54 12
1 475 15
2 416 11
2 488 9
2 327 11
2 459 10
2 493 11
3 140 13
3 340 12
3 332 11
3 313 9
3 299 13
4 31 12
4 467 11
4 104 9
4 463 12
4 459 9
4 142 11
5 412 13
5 319 10
5 140 11
5 59 7
5 183 12
5 317 12
5 75 7
6 70 8
6 193 12
6 337 12
6 198 11
6 10 11
6 66 12
7 375 8
7 167 10
7 408 8
7 458 10
7 287 12
8 484 13
8 147 9
8 119 14
8 11 11
8 315 11
8 238 11
9 104 7
9 150 10
9 381 10
9 457 13
9 128 12
10 447 10
10 123 10
10 374 11
10 27 9
10 242 13
11 460 9
11 221 10
11 279 8
11 204 12
11 327 10
12 372 9
12 379 11
12 312 10
12 333 13
12 303 11
13 102 11
13 79 10
13 321 10
13 308 10
13 220 12
13 82 15
14 152 12
14 240 10
14 385 7
14 373 9
14 265 9
15 271 11
15 122 9
15 335 8
16 250 8
16 348 12
16 157 15
16 373 7
17 140 10
17 465 14
17 361 9
17 170 10
18 50 13
18 319 10
18 408 11
18 164 12
19 191 11
19 409 11
11 19 9
19 317 13
19 43 14
19 326 7
20 76 11
20 295 10
20 301 11
20 348 10
20 275 9
20 105 10
21 63 11
21 388 13
21 157 12
21 71 10
21 280 11
22 65 12
22 157 9
22 201 8
22 376 12
22 229 15
23 347 12
23 483 9
23 392 8
23 168 10
23 391 10
23 92 9
24 242 10
24 184 12
24 250 14
10 24 9
24 382 9
1 24 11
25 249 10
25 247 7
25 35 15
25 498 10
26 77 8
26 296 11
26 157 10
26 476 10
26 330 13
26 369 11
27 339 10
16 27 8
27 222 11
27 279 13
27 225 6
22 28 14
28 191 14
28 327 11
28 430 12
28 455 12
28 144 11
29 91 12
8 29 10
29 258 8
14 29 12
29 51 8
30 259 12
30 296 12
30 154 14
30 260 8
30 161 8
31 421 12
31 359 9
31 35 8
31 404 13
32 104 9
32 486 11
32 169 11
32 343 13
32 176 10
33 278 7
33 422 13
33 248 10
33 146 11
33 206 11
34 341 12
19 34 9
34 305 9
29 34 9
34 465 12
35 314 15
35 284 10
35 475 10
35 287 10
19 35 13
36 292 9
36 298 11
36 267 10
36 332 12
36 37 7
36 386 9
37 79 9
37 294 12
37 359 10
37 441 14
37 379 13
38 363 13
38 220 12
38 368 12
38 138 8
38 387 10
39 296 11
39 102 11
39 222 9
39 217 9
40 238 12
40 53 11
40 135 10
40 112 13
40 475 11
41 242 11
41 172 11
41 335 7
31 41 5
41 78 11
42 275 10
42 172 10
42 167 9
42 58 11
43 235 12
43 436 8
43 78 14
43 403 11
43 60 8
44 441 8
44 177 14
44 497 10
44 74 12
44 238 9
44 496 11
45 273 6
45 262 11
41 45 8
45 123 11
45 430 12
25 46 13
46 94 9
46 183 11
46 346 12
47 200 11
47 441 9
47 371 10
47 126 12
47 237 13
48 232 10
41 48 8
48 176 9
48 60 11
49 107 10
49 272 13
49 495 9
49 105 12
49 439 7
49 499 11
50 214 13
50 390 12
50 319 13
50 321 11
17 50 10
51 341 10
51 359 11
51 204 11
51 222 7
51 328 13
52 234 9
52 349 10
52 414 12
52 324 6
52 300 10
53 204 13
53 170 9
53 213 10
53 405 9
53 330 10
54 494 11
54 493 8
54 170 9
13 54 8
54 432 9
54 447 4
55 133 6
55 218 9
30 55 12
55 202 16
55 257 13
56 420 10
56 271 10
56 306 12
56 469 11
56 84 10
57 230 11
57 205 14
57 376 12
57 394 9
58 222 10
58 298 12
58 302 12
58 384 11
58 303 10
58 330 15
59 427 13
59 373 9
59 82 9
59 332 9
59 291 11
60 304 9
60 480 12
60 247 7
60 258 12
60 143 9
61 236 9
52 61 10
61 186 9
48 61 8
62 77 11
62 157 9
62 331 14
62 395 11
62 481 9
63 428 11
63 197 11
63 365 13
63 212 10
64 181 12
58 64 9
64 250 13
64 391 9
64 208 12
64 218 8
64 111 8
65 112 6
65 239 13
65 339 11
65 234 10
65 193 12
66 354 12
66 496 12
21 66 12
66 146 14
34 66 10
66 419 8
66 427 11
67 76 7
67 78 11
67 450 12
67 310 10
68 311 14
68 352 9
68 421 7
68 230 13
69 242 9
69 380 12
21 69 9
69 117 10
69 336 12
70 387 9
70 351 11
70 295 8
1 70 12
2 70 9
71 435 11
43 71 12
71 356 11
60 71 11
71 349 12
72 467 11
72 454 11
72 341 7
72 462 9
0 72 13
63 73 9
73 259 8
73 406 10
9 73 13
55 73 8
74 75 15
74 198 10
74 442 11
62 74 8
75 308 9
75 265 9
75 415 10
75 390 11
75 429 11
75 240 9
76 333 13
76 295 13
76 87 8
76 262 12
25 76 9
77 476 9
77 417 11
77 348 10
77 103 12
77 227 14
77 281 12
78 424 13
78 105 10
78 331 7
78 399 11
78 333 11
79 286 9
79 369 14
79 92 12
79 422 12
79 285 9
79 411 10
80 314 8
80 390 14
55 80 10
80 231 11
3 80 10
3 81 13
81 172 14
81 201 12
82 99 11
82 122 11
82 256 12
82 245 13
82 285 11
82 393 12
83 487 11
83 338 10
83 427 12
83 215 10
83 281 9
83 245 7
83 394 9
63 84 10
84 314 11
84 87 8
84 221 9
85 200 7
25 85 9
54 85 14
85 434 8
37 85 9
41 85 11
85 202 13
86 263 8
86 309 13
86 156 11
86 390 8
86 155 13
62 87 9
87 105 11
87 366 10
29 88 7
88 357 10
88 264 8
88 164 11
88 441 12
89 320 15
89 482 8
89 327 12
89 440 10
90 93 11
90 459 8
90 96 3
17 90 10
90 109 9
90 277 9
26 91 11
91 128 7
91 320 11
4 91 8
91 177 10
92 258 10
92 192 10
92 158 12
11 92 10
7 92 11
92 218 13
93 103 10
93 446 10
93 330 9
93 481 11
44 93 12
93 480 14
93 231 8
94 296 12
51 94 11
94 333 13
94 233 12
94 230 15
94 309 7
95 329 8
84 95 10
95 186 10
95 255 11
95 97 9
75 96 14
96 266 9
96 99 10
97 152 8
33 97 9
67 97 10
97 185 11
38 98 10
98 429 10
98 332 11
98 183 10
98 150 11
26 99 9
88 99 10
99 252 10
99 245 8
99 342 10
99 467 8
100 355 9
100 372 11
11 100 12
100 139 15
100 211 10
100 396 10
100 246 11
101 197 7
101 448 9
101 436 11
101 352 11
52 101 7
101 378 10
102 136 8
102 170 9
102 460 14
102 203 10
65 102 11
103 345 10
49 103 8
103 282 13
57 103 9
104 389 11
104 184 13
52 104 12
104 443 10
105 461 10
105 117 13
86 105 11
7 105 11
106 133 12
89 106 11
106 314 8
56 106 14
106 346 12
107 385 14
107 358 13
107 187 9
107 446 11
107 367 8
108 307 9
108 304 8
108 246 10
89 108 11
12 108 11
109 385 11
109 225 12
109 235 11
42 109 15
97 109 13
110 261 12
65 110 7
110 164 11
106 110 12
11 111 14
111 495 10
91 111 14
111 115 7
111 338 12
111 371 12
112 396 8
112 150 8
28 112 10
110 112 14
112 476 7
113 203 12
113 239 9
113 135 10
113 262 12
113 344 9
114 239 11
8 114 9
114 303 14
114 388 10
114 201 9
115 176 10
82 115 13
115 283 8
115 199 12
98 116 10
116 399 13
116 307 7
116 292 9
116 283 12
117 245 11
117 171 14
117 387 10
115 117 9
82 117 11
117 246 9
118 379 11
118 389 13
118 128 11
81 118 8
119 499 10
119 425 9
119 373 10
26 119 13
120 189 11
120 151 11
121 124 10
121 200 9
121 257 10
121 370 15
121 279 8
92 122 6
122 434 10
122 402 12
14 122 11
122 216 9
122 440 10
123 311 14
123 176 16
123 371 14
123 271 8
89 123 11
123 255 11
124 142 11
124 198 10
124 402 9
124 153 9
124 252 8
28 124 7
124 320 13
125 294 11
55 125 12
125 495 12
125 323 11
125 259 11
125 484 11
79 126 12
31 126 11
115 126 9
5 127 7
127 305 11
127 262 14
120 127 14
127 320 10
127 175 7
128 201 12
128 384 8
128 484 11
128 288 6
129 203 10
129 263 11
45 129 11
129 198 8
59 129 11
130 468 8
130 254 12
55 130 13
130 433 14
111 131 7
58 131 11
131 250 13
132 430 10
26 132 11
132 423 9
13 132 11
132 196 10
29 133 13
133 244 14
133 164 11
133 359 13
133 485 10
133 441 14
134 415 12
134 233 12
134 407 7
116 134 8
44 134 11
135 209 5
135 349 10
135 289 12
136 268 7
136 322 11
136 271 8
136 343 15
136 330 11
137 178 11
137 481 8
138 448 11
126 138 13
125 138 13
138 229 15
138 349 11
89 139 11
139 246 15
139 390 10
139 261 11
140 421 12
140 461 8
140 210 12
141 331 10
141 157 13
80 141 10
141 307 10
0 141 14
141 415 8
142 170 5
99 142 11
86 142 9
142 248 9
142 231 11
91 142 11
10 143 11
143 448 11
143 201 8
143 263 8
143 268 12
143 154 8
143 271 10
78 144 10
144 435 10
144 160 9
144 172 12
144 368 11
144 343 11
145 312 9
145 231 9
145 195 11
145 497 11
62 146 13
146 315 9
146 286 8
146 353 14
146 446 12
147 430 10
147 419 10
147 209 12
148 406 11
148 245 10
148 405 10
50 149 14
149 243 12
30 149 13
149 376 12
144 149 10
106 150 12
134 150 14
81 150 9
150 226 12
151 402 11
151 294 8
151 168 10
86 151 10
151 470 8
151 290 9
152 472 9
152 173 11
152 290 13
152 469 10
152 341 12
64 152 9
85 153 11
153 311 7
153 428 12
153 203 11
153 321 12
103 154 8
24 154 10
154 452 11
91 154 13
154 208 9
154 168 9
130 155 12
151 155 10
155 306 8
15 155 11
155 336 12
155 401 8
155 331 10
156 301 10
106 156 10
61 156 10
156 438 11
78 156 12
156 498 11
38 157 13
157 414 15
157 376 11
1 157 13
157 465 11
124 157 9
57 157 15
158 495 12
78 158 12
158 444 11
143 158 9
51 158 10
56 158 12
159 233 10
18 159 12
159 369 14
47 159 9
160 369 9
29 160 10
160 299 7
160 221 11
61 160 11
161 251 8
44 161 10
161 492 12
43 161 10
161 487 14
161 372 11
162 217 14
162 370 8
25 162 12
162 374 12
147 162 8
163 381 7
163 428 12
48 163 11
163 285 9
133 163 12
163 289 14
69 164 10
20 164 11
164 289 12
164 357 14
81 165 9
165 254 7
165 168 9
87 165 12
165 200 14
166 329 12
166 391 14
166 480 11
154 166 9
166 184 9
68 167 11
167 387 12
167 208 11
167 317 9
167 423 9
167 386 8
167 230 9
168 235 10
168 493 13
125 168 6
49 168 12
168 347 13
169 313 12
81 169 10
113 169 11
110 169 10
169 488 13
170 304 12
170 450 11
170 383 9
98 170 11
170 330 11
170 341 6
170 472 6
171 205 10
171 349 9
168 171 11
171 319 8
171 251 11
171 261 13
172 380 11
172 314 13
73 172 11
29 172 10
172 316 7
172 499 11
90 173 10
173 210 10
42 173 9
173 188 12
173 406 12
116 173 8
174 342 7
174 222 8
174 376 8
175 333 11
175 359 8
87 175 10
31 175 15
175 445 8
176 454 13
176 229 11
82 176 14
176 480 13
92 176 5
177 325 8
177 179 9
82 177 11
177 215 9
177 398 7
63 178 13
94 178 8
119 178 9
167 178 10
178 247 10
178 493 9
178 253 9
179 212 10
179 276 9
43 179 13
179 449 7
179 327 8
11 180 11
180 453 10
68 180 12
180 369 8
180 317 6
101 181 12
65 181 9
181 254 6
181 361 11
181 480 9
181 315 9
182 419 12
182 277 6
1 182 10
182 480 10
183 311 12
42 183 6
183 247 9
183 475 14
183 385 9
136 184 10
184 210 7
51 184 7
134 184 10
184 306 7
184 200 10
179 185 10
185 488 9
185 341 10
185 344 9
186 468 13
186 469 10
186 267 11
186 226 9
187 464 11
187 215 12
133 187 8
175 187 11
187 310 14
147 188 12
188 259 9
188 428 10
188 470 8
188 476 10
92 189 9
177 189 14
189 340 7
189 468 9
109 189 9
190 262 10
190 384 9
190 419 10
191 492 10
191 396 9
35 191 11
191 468 10
191 292 12
192 436 12
192 217 7
190 192 9
192 304 11
110 192 12
193 211 8
193 317 9
92 193 11
193 426 9
158 193 10
187 193 9
102 194 9
194 338 10
194 423 9
115 194 9
194 307 11
194 266 15
167 195 8
195 350 12
195 201 13
195 233 9
195 382 8
110 195 12
196 482 9
192 196 12
196 212 11
72 196 11
196 455 10
111 196 15
197 376 13
113 197 11
174 197 9
197 420 10
41 197 13
58 197 13
3 198 11
198 295 12
141 198 15
59 199 9
199 414 11
199 202 7
199 296 13
88 199 9
200 437 8
200 273 14
200 207 12
157 200 12
16 200 12
58 200 14
2 201 13
162 201 14
134 201 8
201 424 10
187 201 12
201 417 11
40 201 11
202 314 8
202 291 11
203 423 8
29 203 14
203 252 9
186 203 8
204 252 11
204 367 8
204 479 12
204 485 12
191 204 10
61 205 9
205 287 9
205 485 13
205 393 11
205 249 12
50 205 13
206 294 9
10 206 9
179 206 7
3 206 9
206 295 11
207 309 8
173 207 9
152 207 10
207 408 11
122 208 13
208 422 12
208 423 9
208 347 15
208 224 10
209 465 8
209 335 11
209 344 12
210 408 9
210 284 9
210 440 9
210 322 10
94 211 9
211 415 8
211 285 11
149 212 7
212 230 14
212 380 12
212 218 11
191 212 10
213 257 12
213 307 9
213 495 10
213 498 13
213 316 9
213 477 11
214 492 12
90 214 12
214 389 14
88 214 12
215 260 8
54 215 9
215 326 11
215 472 8
215 481 12
111 215 12
88 216 10
50 216 8
216 472 9
216 296 11
59 216 12
2 217 9
86 217 11
217 375 10
67 217 9
217 353 9
189 218 11
218 391 10
218 405 9
32 218 12
218 310 11
218 236 12
219 460 8
219 483 11
203 219 14
219 250 9
219 265 11
12 220 9
220 286 11
220 261 6
220 409 10
125 220 7
221 375 13
177 221 12
221 456 11
221 460 11
221 379 8
222 325 6
218 222 12
61 222 12
165 222 8
222 275 8
114 222 13
222 378 11
223 362 8
8 223 12
223 241 14
55 224 13
120 224 7
224 486 7
224 343 13
224 334 13
225 426 11
225 473 7
225 448 12
200 225 10
49 225 10
225 398 11
225 280 9
226 229 9
226 454 13
63 226 8
101 226 12
13 226 10
227 351 10
227 444 9
166 227 8
81 227 9
227 468 8
227 380 9
228 435 7
101 228 11
86 228 14
228 380 9
156 228 7
199 229 8
153 229 10
90 229 11
108 229 11
206 229 11
229 350 10
62 230 10
230 313 13
160 230 10
230 479 8
230 469 6
230 297 10
231 357 9
141 231 12
231 319 14
231 287 9
232 414 13
232 309 8
232 453 13
128 233 11
42 233 10
204 233 13
233 371 9
17 234 11
234 379 10
234 323 10
186 234 11
134 235 16
235 378 9
235 495 13
202 235 11
40 235 9
235 425 11
235 348 11
236 408 8
133 236 14
46 236 7
49 236 11
236 350 10
176 237 9
199 237 10
237 306 15
237 293 14
89 238 10
238 297 11
32 238 8
238 251 14
239 306 9
239 317 8
50 239 11
239 243 11
239 497 11
118 239 13
240 497 9
55 240 10
62 240 12
52 240 9
48 240 12
180 241 11
241 443 7
241 368 14
35 241 11
209 241 10
154 241 10
210 242 10
202 242 10
181 242 8
34 242 11
242 385 9
243 249 11
243 290 6
243 369 12
243 445 16
41 244 9
30 244 10
74 244 8
244 425 13
69 244 9
245 469 10
245 278 12
245 409 11
134 245 8
74 245 10
97 245 11
144 246 10
246 300 10
55 246 10
246 457 11
21 246 9
32 247 11
247 296 11
247 379 10
247 356 7
86 247 12
247 360 11
115 248 13
100 248 9
216 248 9
248 499 13
125 248 12
248 409 12
249 253 13
249 363 7
19 249 8
203 249 9
210 249 12
249 352 9
250 464 14
125 250 10
239 250 11
250 266 12
42 250 11
50 250 11
251 298 9
251 373 9
251 408 9
183 251 13
251 324 14
252 469 6
154 252 11
125 252 9
191 252 10
253 477 13
253 364 14
113 253 10
253 389 11
253 275 8
254 330 14
254 398 10
254 438 13
172 254 12
254 406 8
254 332 9
254 360 10
63 255 7
83 255 9
13 255 9
255 406 12
255 411 8
176 256 14
256 417 7
193 256 13
144 256 7
173 256 10
257 285 11
257 483 10
150 257 11
257 480 10
207 257 9
212 257 13
124 257 13
258 496 9
225 258 8
258 409 10
253 259 7
259 407 11
85 259 13
259 459 8
134 259 12
260 377 11
260 416 14
260 418 10
254 260 9
260 410 12
261 313 7
261 439 12
261 407 10
261 391 13
126 261 11
201 262 12
262 447 11
262 481 10
262 456 9
220 263 13
263 290 9
263 368 6
119 263 7
137 263 9
263 470 14
264 437 9
28 264 15
15 264 9
94 264 12
264 470 13
265 434 11
265 289 11
265 308 12
265 271 11
78 265 10
266 418 13
266 281 7
266 414 8
60 266 12
261 266 12
54 266 7
5 267 11
175 267 13
31 267 15
267 392 13
12 268 12
268 430 11
130 268 10
268 487 11
53 268 9
250 269 7
189 269 7
269 471 9
269 390 10
151 269 8
47 269 11
270 454 11
270 360 7
177 270 12
68 270 12
271 400 14
271 324 13
271 468 12
271 439 12
271 475 6
121 271 14
96 272 12
146 272 11
226 272 11
272 322 13
272 446 12
273 439 12
253 273 12
273 472 13
254 273 11
273 363 10
274 395 7
125 274 10
63 274 12
100 274 15
274 308 8
62 275 8
275 326 10
260 275 15
157 275 9
239 275 10
276 404 7
276 310 11
193 276 11
192 276 7
108 276 7
277 387 11
262 277 10
170 277 9
265 277 11
277 278 6
25 278 10
278 305 7
278 499 15
28 278 10
245 279 10
7 279 12
175 279 10
50 279 9
127 279 9
279 337 10
65 280 10
50 280 10
3 280 9
249 280 13
58 280 10
120 281 10
179 281 9
119 281 13
281 478 9
35 281 8
282 418 13
63 282 11
91 282 9
105 282 13
119 282 14
111 282 11
133 283 10
208 283 7
283 433 11
238 284 10
284 332 11
284 414 8
207 284 11
64 284 9
285 423 7
285 374 11
264 285 11
269 285 12
254 285 10
263 285 9
286 415 8
286 465 10
286 336 6
286 331 13
286 467 9
286 303 11
287 357 14
108 287 8
140 287 12
287 390 9
287 495 9
288 368 9
288 465 8
288 367 13
288 404 11
255 288 8
63 289 13
7 289 11
144 289 8
251 290 12
290 368 12
290 457 12
169 290 13
256 290 11
182 290 10
229 291 7
291 383 9
291 473 13
173 291 8
291 496 11
224 291 8
292 402 9
72 292 11
292 412 9
261 292 13
259 292 10
227 293 10
185 293 6
224 293 7
262 293 10
248 293 12
147 294 11
294 435 12
80 294 9
177 294 12
1 294 12
294 447 10
27 295 8
31 295 10
194 295 10
295 355 14
295 296 11
296 359 12
126 296 10
296 353 13
16 296 9
202 296 13
41 297 10
192 297 10
6 297 13
297 352 12
237 298 10
31 298 7
14 298 9
13 298 10
278 298 15
274 298 10
282 299 11
299 418 9
293 299 7
52 299 9
299 348 11
300 439 12
118 300 11
290 300 10
41 300 9
300 495 10
300 413 11
301 439 9
301 352 7
301 413 11
74 302 10
228 302 9
243 302 10
302 340 13
247 302 11
19 302 9
221 303 8
38 303 10
223 303 8
304 346 11
278 304 10
85 304 10
115 304 10
136 304 13
48 304 13
251 305 6
305 307 14
90 305 8
305 392 15
5 305 11
306 471 6
306 327 10
306 376 12
306 386 11
17 307 13
307 492 11
292 307 12
305 308 10
258 308 12
308 454 11
308 466 12
309 467 12
309 475 10
33 309 11
242 309 13
128 309 12
47 310 11
257 310 10
244 310 8
310 482 9
186 310 9
310 351 11
29 311 12
311 436 12
37 311 10
246 311 11
311 415 10
249 311 12
312 443 11
312 393 7
142 312 6
159 312 13
312 367 9
139 313 14
16 313 8
175 313 8
313 421 12
100 313 10
314 352 10
72 314 12
314 431 8
140 314 10
262 315 11
315 387 8
315 460 11
315 322 12
273 315 11
113 316 11
316 462 10
143 316 9
57 316 10
219 316 10
86 317 9
250 317 15
69 317 8
317 407 10
243 317 10
317 389 9
187 318 14
318 399 11
255 318 8
124 318 9
319 385 13
319 324 11
37 319 5
319 340 13
155 320 8
134 320 11
186 320 11
320 478 12
4 321 11
300 321 11
229 321 13
321 364 11
321 357 13
114 322 13
79 322 10
274 322 12
296 322 11
322 376 12
157 323 15
323 481 5
137 323 10
323 344 9
16 324 9
211 324 12
188 324 10
230 324 11
325 489 11
205 325 13
325 437 15
325 326 10
295 325 14
170 325 12
150 326 10
273 326 10
156 326 11
58 326 11
327 373 8
327 331 14
80 327 14
65 327 11
283 327 7
264 327 10
98 327 10
10 328 9
26 328 11
220 328 11
130 328 14
83 328 11
313 329 10
329 483 11
227 329 6
161 329 12
260 330 8
171 330 10
330 365 6
330 419 10
331 340 10
282 331 9
331 457 12
147 332 10
67 332 9
332 438 12
306 332 14
263 332 10
225 332 9
18 332 11
0 333 12
264 333 11
307 333 9
333 406 8
333 372 7
278 333 11
145 333 12
89 334 13
245 334 8
313 334 9
107 334 12
235 334 7
67 335 8
335 433 13
231 335 11
89 335 13
335 354 9
50 335 13
335 473 11
4 336 12
336 395 12
336 351 10
139 336 11
336 440 9
337 453 15
61 337 8
337 348 9
137 337 13
154 337 11
253 337 8
338 413 9
145 338 9
248 338 9
262 338 11
339 418 10
339 494 11
339 383 9
13 339 11
135 340 13
179 340 9
60 340 11
293 340 11
219 340 11
341 385 11
341 405 10
54 341 12
292 341 8
341 437 11
268 342 11
11 342 8
342 350 9
20 343 7
8 343 12
325 343 8
41 343 9
101 343 11
226 344 8
207 344 10
203 344 11
122 344 11
72 344 7
344 353 9
121 344 9
33 345 9
345 437 10
83 345 14
178 345 11
287 345 13
72 346 13
346 494 10
317 346 11
346 484 11
346 447 7
282 347 11
274 347 8
271 347 9
305 347 9
191 347 8
348 379 11
218 348 9
121 348 9
348 467 8
196 348 11
348 439 7
112 349 11
317 349 13
116 349 16
349 417 13
227 350 8
350 403 12
47 350 9
10 350 11
351 440 10
186 351 12
217 351 9
351 462 12
351 494 9
352 383 7
273 352 8
100 352 9
73 352 11
352 375 13
353 428 10
241 353 12
346 353 11
187 353 12
29 353 10
255 353 14
256 354 9
324 354 8
147 354 12
120 354 11
296 354 8
115 354 10
78 355 10
126 355 11
43 355 11
214 355 10
355 412 11
292 356 13
296 356 11
356 489 10
11 356 11
356 409 10
39 357 10
112 357 9
344 357 9
357 433 11
357 387 8
358 449 8
290 358 11
358 439 12
358 432 14
0 359 11
23 359 11
359 443 10
235 359 12
360 464 8
182 360 14
90 360 10
243 360 12
361 460 7
46 361 11
236 361 13
305 361 10
226 361 11
362 400 12
222 362 10
275 362 10
362 397 6
213 362 11
109 362 13
104 363 11
213 363 10
207 363 10
251 363 8
74 364 10
81 364 11
364 393 10
275 364 10
364 370 10
16 364 9
365 447 11
365 462 10
271 365 10
114 365 10
218 365 11
366 380 11
21 366 11
315 366 8
277 366 9
246 366 9
7 366 14
50 366 8
193 367 10
347 367 7
203 367 9
73 367 10
365 368 15
186 368 11
368 487 13
158 368 10
246 368 11
369 387 12
108 369 11
345 369 12
270 369 11
370 490 12
370 405 11
370 427 8
258 370 12
78 370 14
371 402 13
257 371 12
270 371 10
371 422 8
371 372 9
172 372 13
262 372 12
272 372 11
82 372 11
372 452 8
178 373 10
227 373 14
268 373 12
373 404 12
161 373 10
110 374 10
296 374 14
308 374 11
156 375 8
244 375 7
75 375 10
295 375 12
180 375 11
141 376 9
376 415 8
251 376 11
137 376 11
324 376 12
270 376 15
48 377 12
133 377 11
319 377 14
174 377 10
324 377 12
278 378 10
0 378 16
215 378 13
212 379 9
379 482 8
70 379 11
379 429 12
119 379 12
141 380 9
380 408 12
287 380 11
324 380 11
109 380 7
381 464 11
381 474 14
381 458 11
323 381 9
39 381 6
129 381 10
382 493 14
382 434 12
353 382 13
18 382 8
281 382 10
283 383 10
263 383 11
204 383 11
383 435 9
88 384 12
178 384 7
384 498 9
227 384 10
107 384 12
385 499 9
385 438 9
385 437 9
221 385 14
50 385 9
385 448 15
313 386 10
234 386 9
269 386 9
237 386 9
8 386 9
79 387 12
84 387 6
261 387 12
120 387 14
44 387 12
2 387 12
241 388 11
55 388 11
260 388 11
179 388 13
234 388 10
247 388 8
234 389 8
125 389 10
358 389 10
38 389 13
39 389 12
389 486 9
353 390 11
18 390 12
390 391 13
390 426 11
137 390 10
307 391 12
391 444 10
138 391 11
391 419 12
270 392 6
392 431 11
146 392 9
344 392 10
341 393 12
391 393 13
334 393 12
394 436 11
394 488 12
276 394 12
117 394 12
199 394 12
265 394 10
281 394 9
292 395 11
364 395 9
395 482 14
213 395 7
395 429 7
131 395 10
218 395 12
130 395 10
375 396 13
72 396 11
149 396 13
142 396 16
313 396 11
396 420 14
282 397 10
47 397 11
225 397 8
188 397 11
134 397 15
398 495 8
65 398 11
127 399 8
29 399 9
270 399 11
185 399 14
281 399 14
51 399 10
129 400 14
42 400 11
176 400 13
400 464 9
400 458 12
401 494 10
392 401 10
182 401 9
377 401 12
158 402 12
321 402 10
41 402 14
225 402 13
36 402 8
2 403 7
399 403 11
403 447 10
193 403 7
387 403 10
363 404 11
192 404 13
399 404 13
404 464 11
368 404 10
129 405 11
217 405 7
3 405 12
405 495 5
302 405 13
92 406 10
406 448 11
237 406 15
404 406 11
406 477 9
33 406 12
368 407 14
353 407 12
157 407 9
407 498 16
225 408 13
386 408 10
127 408 10
273 408 11
277 409 12
2 409 11
194 409 13
409 492 5
338 409 10
3 409 9
34 410 15
193 410 11
160 410 11
9 411 9
385 411 11
0 411 9
47 411 10
323 411 8
303 411 12
373 412 10
412 424 11
200 412 10
86 412 13
260 412 11
126 412 10
413 481 12
57 413 11
343 413 9
329 413 9
124 413 9
37 413 9
89 414 8
121 414 11
207 414 12
44 414 13
372 414 10
265 415 15
353 415 14
313 415 8
60 415 10
27 415 9
416 444 11
266 416 13
416 458 11
164 416 12
163 416 10
267 417 11
186 417 10
159 417 12
404 417 8
275 417 14
367 417 8
301 418 13
249 418 10
418 482 10
27 418 9
121 418 9
54 419 9
364 419 8
275 419 14
66 420 9
0 420 14
233 420 12
420 469 9
8 420 11
281 420 11
337 421 12
390 421 10
421 467 10
385 421 14
220 421 11
198 421 11
422 471 13
230 422 14
383 422 11
354 422 9
376 422 7
87 423 11
41 423 7
295 423 10
240 423 10
114 423 9
424 478 11
152 424 10
3 424 11
140 424 12
425 440 9
243 425 11
336 425 9
425 496 11
425 437 13
152 426 10
218 426 9
321 426 8
199 426 12
306 426 12
427 447 14
389 427 8
276 427 12
77 427 10
179 427 13
396 428 10
390 428 9
220 428 11
136 428 8
70 429 9
176 429 11
160 429 10
289 429 10
385 429 12
363 430 16
203 430 10
117 430 9
174 430 9
27 430 10
57 430 11
425 431 6
142 431 10
239 431 7
168 431 11
380 431 11
329 432 12
261 432 11
308 432 9
163 432 13
221 432 14
126 433 9
143 433 11
368 433 14
191 433 9
433 440 11
319 433 14
434 443 12
434 471 14
83 434 11
261 434 9
434 448 9
93 435 8
356 435 10
435 497 8
68 435 12
76 436 12
39 436 11
209 436 10
127 436 9
392 436 12
91 437 12
88 437 8
408 437 6
215 437 9
208 437 10
287 438 9
438 487 10
416 438 12
390 438 12
438 473 7
308 438 12
282 438 11
439 495 8
439 446 11
401 439 10
439 485 12
204 439 14
211 440 11
225 440 8
239 440 11
5 440 10
412 440 10
41 440 13
198 441 9
311 441 11
214 441 13
105 441 8
27 441 13
133 442 14
381 442 11
238 442 8
164 442 10
98 442 7
442 482 10
443 476 10
70 443 11
443 474 12
54 443 11
302 444 10
444 475 7
381 444 8
253 444 10
39 445 14
42 445 10
375 445 13
149 445 11
25 445 8
312 445 11
279 446 8
163 446 8
295 446 10
409 446 6
5 446 13
188 447 12
308 447 9
420 447 12
448 452 13
438 448 10
10 448 9
284 448 9
61 448 11
14 449 13
387 449 10
414 449 8
36 449 16
187 449 9
389 449 12
449 450 11
65 450 9
30 450 10
98 450 14
199 450 11
62 451 10
348 451 11
174 451 10
88 451 10
447 452 9
90 452 12
184 452 12
45 452 13
406 452 11
453 481 8
453 473 8
47 453 11
453 466 11
156 453 11
371 454 8
187 454 12
258 454 12
138 454 11
452 454 9
335 454 7
354 454 13
455 479 13
436 455 10
370 455 11
243 455 11
77 455 11
455 474 8
85 456 10
381 456 14
257 456 13
138 456 9
374 457 11
388 457 9
349 457 12
329 457 12
447 458 11
73 458 12
251 458 10
376 459 11
174 459 10
257 459 13
449 459 8
204 459 7
77 460 13
199 460 13
178 460 12
460 479 9
145 460 12
78 461 13
417 461 9
461 484 12
206 461 11
380 461 11
312 462 10
104 462 13
449 462 7
293 462 11
294 463 11
410 463 8
132 463 14
89 463 7
425 464 10
79 464 12
178 464 9
156 464 8
176 464 7
173 465 12
107 465 10
348 465 13
465 487 10
85 465 11
429 466 11
15 466 8
439 466 11
252 467 10
21 467 12
340 467 8
246 467 12
442 467 12
286 468 7
28 468 10
103 468 9
468 486 7
200 468 10
116 469 9
145 469 8
373 469 12
172 469 12
31 469 12
25 470 8
461 470 10
169 470 8
13 471 16
153 471 9
233 471 7
127 471 11
415 471 10
442 471 7
374 472 10
101 472 8
263 472 11
324 472 12
340 472 11
175 472 11
255 472 11
216 473 12
162 473 12
396 473 11
341 473 9
258 473 6
156 474 12
74 474 13
422 474 12
219 474 11
67 474 9
364 475 11
368 475 9
405 475 12
365 475 11
79 475 9
189 475 10
441 476 12
381 476 9
221 476 10
390 476 8
53 476 11
348 477 14
398 477 13
477 487 8
472 477 9
349 478 12
463 478 15
447 478 11
210 478 14
298 478 10
469 479 13
427 479 12
384 479 12
263 479 10
293 479 14
480 485 10
58 480 9
390 480 12
299 480 10
158 481 10
121 481 11
330 481 7
454 481 12
301 481 12
247 481 11
373 481 12
146 482 10
302 482 10
34 482 10
268 482 12
179 483 7
73 483 9
349 483 10
291 483 11
13 483 12
183 483 12
399 484 11
467 484 8
318 484 11
328 485 13
292 485 9
403 485 12
44 485 10
89 485 12
181 486 9
339 486 15
287 486 11
451 486 12
323 487 10
482 487 10
36 487 9
65 487 9
128 488 12
23 488 9
132 488 14
49 488 12
257 488 15
404 488 9
369 489 12
70 489 10
392 489 8
85 489 13
220 489 8
280 489 12
209 490 14
171 490 11
393 490 10
342 490 7
129 491 16
210 491 12
162 491 10
332 491 14
341 492 7
94 492 6
404 492 8
192 492 8
253 492 14
139 493 9
289 493 12
146 493 7
234 494 11
10 494 14
38 494 12
484 494 9
456 494 9
37 494 7
92 495 10
432 495 7
170 495 7
126 495 5
187 495 10
6 496 11
97 496 9
341 496 9
304 496 13
233 496 10
445 497 12
234 497 10
387 497 10
326 497 10
31 497 9
103 497 10
478 498 11
276 498 10
445 498 10
378 498 11
283 498 7
33 499 10
327 499 10
0 499 15
134 499 11
179 499 10
