500
0
3
7
8
9
8
8
8
1
2
6
8
6
9
7
1
8
1
5
4
9
6
6
6
5
5
9
2
7
5
6
6
7
6
8
9
9
8
2
5
5
2
2
6
8
7
8
7
3
10
8
6
2
5
9
4
7
6
1
2
1
3
5
9
3
5
4
6
3
1
9
1
1
2
6
8
9
2
9
5
4
3
8
8
10
5
9
9
6
3
7
5
8
8
4
9
7
9
9
3
3
10
8
2
2
3
6
2
1
2
3
10
3
3
3
8
8
8
9
4
10
4
7
3
2
5
9
4
6
6
2
6
4
4
4
4
3
7
5
10
2
8
8
8
6
5
2
3
8
4
5
2
5
7
2
9
6
10
6
6
4
9
6
1
9
8
3
8
1
6
7
8
1
2
8
3
3
5
8
4
9
3
8
8
5
9
1
3
6
9
1
10
1
5
1
8
5
2
7
7
6
5
8
5
5
2
6
2
3
3
2
2
7
4
1
9
3
10
8
6
7
1
4
7
6
2
8
4
8
3
6
7
4
4
4
2
2
3
2
6
7
4
2
7
6
4
9
9
2
5
2
5
3
9
8
4
8
7
4
6
8
6
6
6
9
10
4
3
6
5
7
6
6
7
9
8
8
2
5
7
6
2
6
3
5
9
3
1
9
8
7
3
1
1
8
2
5
8
4
5
6
6
5
7
4
7
1
8
8
5
9
7
4
5
10
4
2
1
1
6
9
2
8
5
9
7
5
7
9
1
6
7
6
5
6
2
2
7
4
3
2
3
7
4
7
4
2
6
7
8
10
8
8
4
6
7
4
4
6
10
9
6
2
7
6
7
7
10
2
3
2
3
6
5
3
10
8
3
3
8
3
9
8
8
9
10
10
9
6
2
2
6
3
1
2
8
8
4
6
1
4
2
4
9
1
9
5
5
9
8
2
2
6
8
3
2
6
2
2
1
8
5
7
9
9
8
4
4
10
1
2
8
2
2
7
8
6
8
8
7
5
3
5
9
7
9
5
8
5
9
6
1
8
7
4
10
8
1
1
1
3
6
2
8
8
8
8
3
6
4
9
6
2
6
4
7
6
3
6
3
8
8
5
2
6
5
4
2
3
7
6
9
4
10
3
2
7
2
9
8
0 359 15
0 425 11
0 133 12
0 175 12
0 105 16
1 180 10
1 141 8
1 263 11
1 198 11
2 97 9
2 409 11
2 391 9
3 450 11
3 128 13
4 39 11
5 373 14
5 417 7
5 463 13
6 214 14
6 468 13
6 292 10
6 305 10
7 238 10
7 407 12
7 424 13
8 498 10
8 9 11
8 109 6
8 40 9
8 477 9
9 277 9
9 239 12
10 207 12
11 155 8
11 327 12
12 420 9
12 393 11
13 46 12
13 216 13
14 84 9
14 252 9
14 345 11
15 92 10
15 483 10
16 262 7
16 191 8
17 237 8
17 221 10
17 453 11
17 475 6
18 382 10
18 227 13
18 416 8
19 488 12
19 264 11
20 418 9
20 130 13
20 269 11
20 455 11
21 393 8
21 425 10
22 234 13
22 392 9
22 323 8
23 385 12
23 298 13
24 436 14
24 133 11
24 387 9
25 430 14
25 44 11
26 259 9
26 38 13
26 409 9
11 26 8
27 282 11
27 370 13
27 226 10
27 404 13
27 221 8
28 78 13
28 299 11
28 247 13
25 28 8
28 493 10
29 97 10
29 267 10
12 30 11
30 235 10
31 144 11
31 296 11
31 458 15
32 142 9
32 454 10
32 178 10
33 72 8
33 421 8
33 210 11
34 98 10
3 34 9
34 238 9
34 200 9
35 182 8
35 173 11
36 459 10
36 321 12
36 238 12
37 155 11
37 300 11
24 37 10
37 259 11
38 376 11
38 411 10
38 172 12
38 401 8
39 94 10
39 438 13
39 342 11
39 351 11
40 334 10
40 406 10
40 261 13
40 157 7
41 218 8
41 335 8
41 182 14
41 450 10
42 443 10
42 380 12
43 486 12
43 443 11
43 406 11
44 233 8
44 241 8
19 44 10
45 484 10
45 172 9
46 173 12
46 419 8
19 46 7
46 54 9
47 457 12
47 380 11
25 47 10
48 204 9
48 491 12
48 176 9
48 331 11
49 194 9
49 314 10
49 203 11
49 97 9
49 243 11
50 69 9
50 206 11
50 449 11
50 306 9
51 68 13
51 389 12
52 102 11
52 165 11
53 161 10
53 137 6
54 88 8
28 55 10
56 426 12
56 332 11
34 56 12
57 444 13
57 166 14
57 481 12
57 326 16
58 233 8
58 403 14
59 76 7
59 223 9
59 221 10
59 304 9
60 344 11
60 430 10
60 448 9
60 320 13
61 247 12
61 313 10
61 135 10
61 228 12
62 211 13
62 115 11
63 100 12
63 325 10
34 63 9
64 493 10
64 318 10
65 136 11
65 356 10
65 207 14
66 106 9
66 141 10
56 66 8
66 313 10
66 100 12
67 326 11
67 177 8
67 217 11
67 323 10
68 450 10
68 119 11
68 158 8
68 69 10
69 381 8
10 69 10
69 139 9
70 226 14
70 406 8
71 491 13
71 158 9
15 71 12
71 497 8
72 393 10
72 379 11
72 275 15
73 454 12
74 159 12
74 387 12
75 427 11
75 469 11
75 193 13
76 339 14
76 121 8
36 76 10
77 217 7
77 491 9
78 133 10
11 78 10
78 229 10
78 223 12
79 112 12
79 150 10
74 80 9
80 332 7
81 299 9
81 110 10
81 384 11
82 334 13
82 480 10
82 445 11
83 291 9
83 149 7
78 83 11
83 457 13
83 156 9
84 194 10
84 191 10
85 331 8
85 314 12
35 85 13
86 485 13
86 391 10
87 486 14
88 377 10
88 256 10
56 88 10
88 238 12
89 258 8
89 170 9
80 89 11
90 283 10
90 253 10
90 324 7
82 91 11
91 99 12
91 299 10
91 393 9
91 111 9
92 364 7
92 165 11
9 92 12
14 92 11
93 309 10
93 426 9
93 160 7
94 328 12
42 94 11
94 459 11
95 107 10
66 95 7
96 237 10
97 255 12
37 97 10
84 97 9
98 471 9
98 119 11
98 485 8
99 134 12
99 344 10
99 428 11
99 147 11
99 155 13
15 100 13
100 288 13
101 170 11
101 128 13
102 289 13
0 102 15
103 491 7
103 285 10
103 245 8
103 493 13
104 255 13
64 104 14
104 417 10
105 128 8
105 197 10
105 183 10
105 409 11
59 106 10
106 198 9
106 228 6
107 494 9
108 277 10
77 108 9
109 317 12
109 217 9
109 133 13
110 265 11
110 328 7
71 110 12
111 244 11
111 384 6
107 111 14
111 374 9
80 112 10
112 349 9
113 190 7
112 113 11
113 137 9
113 294 10
50 114 8
114 349 11
114 371 10
115 436 11
115 389 10
116 198 11
116 306 9
117 439 8
117 216 12
118 139 8
118 233 12
118 458 12
119 322 11
119 323 13
119 317 8
120 229 12
91 120 10
120 483 13
121 190 10
30 121 11
121 319 9
122 486 9
78 122 10
122 124 13
63 123 9
124 301 14
124 258 9
124 204 13
125 355 12
125 220 10
125 417 11
125 354 6
71 125 6
126 357 13
73 126 8
127 336 15
127 453 10
127 224 12
127 195 11
128 479 14
129 247 11
58 129 10
129 404 8
130 272 14
130 458 7
12 131 10
100 131 9
131 247 6
131 329 10
132 162 10
133 289 13
133 442 14
57 133 11
86 134 9
134 154 12
34 135 11
135 355 11
131 135 13
135 459 13
136 171 13
137 425 13
137 234 9
138 171 14
139 353 9
140 430 11
101 140 12
140 200 12
140 318 9
141 316 11
141 200 10
119 141 7
141 477 12
141 331 15
142 319 10
142 150 10
142 144 12
142 360 12
143 258 10
48 143 7
36 143 14
144 149 13
144 369 9
144 372 12
144 145 10
145 405 11
145 252 11
145 323 14
146 443 9
147 211 12
137 147 16
147 371 11
148 288 9
15 148 12
148 335 12
148 320 10
32 149 11
149 200 8
102 149 12
149 251 10
150 213 6
150 428 8
85 151 11
67 151 13
151 300 8
151 316 8
151 311 10
18 151 13
152 317 15
152 372 13
152 232 10
152 273 5
153 266 10
153 257 12
153 404 10
73 154 10
155 286 6
108 155 11
2 155 13
137 156 12
70 156 10
92 157 11
157 396 15
7 157 12
157 173 16
11 158 10
158 203 11
96 158 10
157 159 10
159 349 11
159 299 9
159 182 11
3 160 8
160 397 11
139 160 9
160 267 6
161 300 11
161 388 13
148 162 11
30 162 9
162 232 9
162 491 14
162 396 10
14 163 14
41 163 10
88 163 13
0 164 12
164 283 10
165 194 10
165 304 13
166 463 11
89 166 11
166 444 14
166 170 12
167 412 8
167 314 9
115 167 10
167 448 11
167 420 11
168 266 12
168 207 11
168 395 9
168 433 9
168 281 9
169 185 12
108 169 10
115 169 12
169 326 11
44 170 13
170 465 9
151 170 12
132 170 11
170 207 14
171 333 12
171 184 12
171 286 9
172 251 11
172 470 10
140 172 12
173 222 11
173 321 16
109 173 10
173 427 11
174 353 14
130 174 12
174 498 10
174 373 10
175 322 8
175 498 8
117 175 9
175 345 11
72 176 11
176 402 10
104 176 7
177 342 12
177 187 11
177 498 12
178 192 15
179 387 8
179 305 13
179 455 7
157 180 9
180 295 14
158 180 11
180 479 10
181 320 14
181 492 9
36 182 10
182 320 14
182 434 10
183 321 13
3 183 10
183 324 10
184 361 10
184 301 12
75 184 9
185 221 9
185 315 14
186 329 11
159 186 13
186 340 10
125 187 11
50 187 9
188 496 9
94 188 14
185 188 9
189 337 9
189 405 10
189 413 9
190 364 12
140 190 13
190 309 6
101 190 13
175 190 8
191 424 8
191 272 11
0 191 10
177 192 11
192 328 12
23 192 12
192 445 14
192 364 9
193 473 11
193 236 11
139 193 10
69 194 10
194 343 13
195 420 9
195 338 12
11 195 11
36 195 12
196 320 11
196 423 12
81 196 15
197 327 10
168 197 12
142 197 13
198 225 9
199 444 11
199 376 11
158 199 10
199 282 9
199 221 10
10 200 11
76 200 11
200 446 11
200 359 10
78 201 11
201 212 10
144 201 14
202 312 12
81 202 11
202 442 10
202 385 11
203 443 8
131 203 10
1 204 7
204 324 9
204 429 12
205 209 12
205 390 9
206 466 6
86 206 13
206 327 7
206 365 14
127 206 12
207 240 12
207 234 11
4 208 10
52 208 9
208 281 11
209 311 10
46 209 10
209 281 13
210 323 11
210 242 8
24 210 12
210 398 13
71 210 7
211 229 14
68 211 13
211 499 13
212 216 11
212 310 11
212 417 10
212 322 11
213 451 10
96 213 12
115 214 12
24 214 12
215 261 13
179 215 11
211 216 9
216 269 11
216 298 11
217 285 10
105 217 13
6 218 14
218 261 9
192 218 9
85 218 11
219 385 7
219 288 9
220 241 11
30 220 9
122 221 11
221 338 13
150 221 13
222 455 10
217 222 12
223 403 10
223 425 11
223 441 10
224 237 13
58 224 9
224 256 11
211 225 10
68 225 10
173 226 9
226 382 10
131 226 6
47 226 12
226 272 12
227 491 13
227 453 9
123 228 12
228 232 10
84 228 12
229 432 10
55 229 13
229 404 16
229 479 13
103 230 9
230 270 11
230 409 12
198 230 8
231 431 9
231 348 10
115 231 5
231 343 9
14 231 10
146 232 10
232 478 14
232 451 7
233 265 11
233 246 11
233 299 10
234 414 8
205 234 10
234 466 12
38 234 12
234 296 11
235 302 8
115 235 12
80 236 11
26 236 9
236 280 11
92 237 8
1 237 8
18 237 14
114 237 10
136 238 10
239 344 10
239 240 9
239 393 13
42 239 8
240 304 10
240 302 9
240 392 12
115 240 9
85 241 10
75 241 8
241 397 10
241 287 11
131 242 11
242 285 7
160 243 10
45 244 11
153 244 8
244 475 14
245 472 8
245 379 14
45 245 10
146 246 9
246 492 10
116 247 9
114 247 11
54 247 8
248 283 9
29 248 10
249 398 8
79 249 12
249 358 11
124 250 11
72 250 11
250 285 10
77 250 10
251 446 12
251 269 8
251 372 9
251 258 8
252 261 7
52 252 11
144 252 7
253 309 10
253 313 11
37 253 12
192 254 5
42 254 8
167 254 10
254 403 9
255 344 10
73 255 13
255 494 13
128 256 15
114 256 9
166 256 10
150 257 9
257 303 9
257 347 8
88 258 11
258 449 10
259 271 9
142 259 9
260 478 7
260 375 11
260 288 13
261 311 9
261 493 11
55 261 14
133 262 10
102 262 12
173 262 8
262 471 10
263 403 11
129 263 8
184 264 10
264 292 9
264 343 8
211 265 10
265 320 13
266 360 12
262 266 13
266 302 9
228 266 10
112 267 9
150 267 11
268 421 11
268 458 12
146 268 12
268 463 9
269 464 14
269 368 10
25 270 14
270 284 11
205 271 12
271 354 10
76 271 8
148 272 8
272 403 9
273 355 11
62 273 12
274 329 10
274 314 16
165 274 11
275 380 8
275 466 13
4 276 8
276 395 8
276 305 11
277 366 10
102 277 15
277 490 8
277 367 13
269 278 14
152 278 8
278 423 13
278 488 8
83 278 10
118 279 9
47 279 13
279 483 14
280 446 7
280 326 10
194 280 13
281 324 12
81 282 13
282 412 11
282 475 10
59 282 7
144 283 10
176 283 14
224 284 10
284 355 12
284 467 10
284 320 14
29 284 11
142 285 12
285 486 11
129 285 11
267 285 8
286 320 12
31 286 13
286 489 9
28 286 10
186 287 7
96 287 9
287 341 14
143 287 10
288 434 12
285 288 10
288 294 12
233 288 12
279 289 9
289 412 11
289 371 11
21 289 12
231 290 13
179 290 13
251 290 9
291 463 17
291 315 11
247 291 11
292 295 10
184 292 13
292 345 6
69 292 9
70 292 11
293 332 8
293 367 12
68 294 10
294 441 12
104 294 8
295 393 13
295 365 10
38 295 12
56 295 9
82 296 9
295 296 10
39 296 9
37 297 12
297 422 10
297 323 10
156 298 9
44 298 10
298 454 11
298 405 13
42 299 12
299 321 8
299 412 14
48 299 10
300 487 13
223 300 10
300 320 11
300 380 9
301 384 8
301 460 7
57 301 13
302 414 11
302 499 11
303 372 12
303 334 11
64 303 10
116 304 10
93 304 11
305 346 11
25 305 9
115 305 12
245 305 7
209 306 12
164 306 11
306 366 9
8 307 8
97 307 10
10 307 10
307 382 11
308 405 9
308 332 7
232 308 14
262 309 12
309 439 9
8 309 11
150 310 13
105 310 8
251 310 13
311 451 6
311 352 10
312 385 7
286 312 9
313 458 9
313 393 13
290 313 6
200 314 10
128 314 14
224 314 11
314 359 9
259 315 11
13 315 12
205 315 11
137 316 13
211 316 9
316 380 10
123 317 11
317 328 12
175 317 8
77 317 9
284 317 12
23 318 10
297 318 12
269 318 8
319 341 8
129 319 10
319 367 11
290 320 6
320 394 7
320 418 11
321 388 11
193 321 10
321 497 8
261 322 11
304 323 11
163 323 9
230 324 12
324 348 11
195 324 8
266 324 12
258 325 11
326 360 6
326 389 8
292 326 5
183 326 9
100 327 10
327 338 10
290 327 10
277 328 8
312 328 15
309 328 11
12 328 10
82 328 11
200 328 10
265 329 8
329 390 10
171 330 6
47 330 9
330 445 11
319 330 12
331 385 13
64 331 11
181 331 9
331 342 12
1 332 12
277 332 10
146 332 10
200 332 11
300 333 14
111 333 14
137 333 10
172 333 10
255 334 9
192 334 10
214 334 12
334 474 7
191 334 12
335 438 11
301 335 10
335 346 11
336 423 12
336 461 9
277 336 4
60 337 9
288 337 13
17 337 8
337 383 14
19 337 9
138 338 9
73 338 11
114 338 12
338 367 8
339 484 12
104 339 6
297 339 11
246 339 10
237 340 10
231 340 10
341 355 13
258 341 12
341 472 9
116 341 9
40 342 13
150 342 10
245 342 11
343 396 12
18 343 9
52 343 15
274 343 13
148 343 10
344 388 11
344 472 10
333 344 9
12 345 13
345 431 10
185 345 7
114 346 10
346 485 13
234 347 7
347 396 13
347 416 10
348 392 13
348 498 11
349 474 11
18 349 13
78 349 15
349 423 9
77 349 12
350 458 9
350 498 11
162 351 11
313 351 13
345 351 11
49 352 10
352 434 12
352 419 8
217 352 11
352 443 10
111 353 13
63 354 7
315 354 11
155 354 8
350 354 10
71 355 12
239 355 7
325 356 10
356 416 10
228 356 10
159 356 10
75 357 12
341 357 12
78 357 9
125 357 9
344 358 9
98 358 9
275 359 11
359 427 6
306 360 9
115 360 8
360 486 10
254 361 12
361 409 12
361 461 12
362 392 9
362 486 12
259 362 9
363 484 10
363 375 7
259 363 11
363 370 13
364 384 12
84 364 7
364 453 14
141 364 9
364 438 7
40 365 8
150 365 13
365 442 12
163 365 9
259 365 9
353 365 11
344 366 10
366 488 14
185 366 15
278 366 8
366 489 9
172 367 10
367 443 11
162 367 11
328 368 9
341 368 11
196 369 9
317 369 10
6 369 12
215 369 12
361 370 9
370 469 10
103 370 9
274 371 9
23 371 9
12 371 8
306 371 9
259 371 11
351 372 10
168 372 9
10 372 10
337 373 13
288 373 13
124 374 11
113 374 11
375 458 10
344 375 10
106 375 12
324 376 9
78 376 7
365 377 11
152 377 7
24 377 9
347 377 9
377 489 11
181 378 13
364 378 11
353 379 9
362 379 10
380 465 6
38 380 15
216 380 11
265 381 9
140 381 10
214 381 12
105 381 10
381 382 10
383 395 15
161 384 9
27 384 11
235 384 11
385 397 11
161 385 12
69 385 12
277 386 10
386 406 10
369 387 12
11 387 14
62 387 11
91 388 8
10 388 12
388 485 9
167 389 10
278 389 11
248 389 13
389 477 10
67 390 11
390 440 11
264 390 8
337 391 8
151 391 13
74 391 12
359 392 11
112 393 10
393 489 8
186 393 12
191 393 11
287 394 11
76 394 10
304 394 10
371 395 11
118 395 11
395 487 9
382 395 11
119 396 11
154 396 11
301 396 7
397 485 8
89 397 10
194 397 7
343 398 12
398 402 12
24 398 12
352 398 11
399 488 9
364 399 10
125 399 9
300 400 9
137 400 8
320 400 11
401 469 12
177 402 9
402 452 10
97 403 10
190 403 13
286 403 9
165 404 10
385 404 10
47 405 8
228 405 11
123 405 13
45 406 11
373 406 12
248 406 9
152 406 8
256 407 11
347 407 7
128 407 11
19 407 12
102 408 11
307 408 12
52 408 13
191 409 8
217 409 12
28 409 13
53 409 11
410 451 10
244 410 15
100 410 8
404 411 11
182 411 11
222 411 11
378 411 11
305 412 12
151 412 10
412 478 7
64 412 10
327 413 8
256 413 14
232 414 11
27 414 9
362 415 9
408 415 12
406 415 12
229 415 12
415 449 11
230 416 11
25 416 8
330 416 9
185 416 14
374 417 10
256 417 13
417 420 8
128 417 13
361 418 11
182 418 10
418 441 9
419 468 13
297 419 15
336 420 9
371 420 11
46 420 8
292 420 14
402 421 10
421 445 13
417 422 12
278 422 9
422 479 9
422 478 12
423 449 13
400 423 9
119 423 10
119 424 12
319 424 13
250 424 10
259 425 13
250 425 11
61 425 7
228 426 9
31 426 10
25 427 14
427 438 11
361 427 11
80 428 10
428 444 8
93 428 7
428 476 11
428 449 13
92 429 10
220 429 13
267 429 9
187 429 9
310 430 11
169 430 12
70 430 10
109 431 9
176 431 13
26 431 13
398 431 11
403 432 13
246 432 14
137 432 13
419 433 12
32 433 11
118 433 11
289 433 10
433 494 10
184 434 8
324 434 6
434 460 9
282 435 13
32 435 9
113 436 9
436 466 9
437 487 13
122 437 10
130 437 9
431 438 13
191 438 12
230 438 11
180 439 11
299 439 14
254 439 8
202 440 11
80 440 14
163 440 11
352 441 10
441 445 10
179 441 11
261 441 11
98 442 12
427 442 11
263 442 10
372 443 10
443 498 11
324 444 9
272 444 10
275 444 10
122 444 8
68 445 9
374 445 9
445 458 8
308 446 11
216 446 10
260 446 8
369 446 14
71 446 12
193 447 10
43 448 11
249 448 10
11 449 8
449 467 7
370 449 13
107 450 10
164 450 10
153 450 11
450 480 9
85 450 6
57 450 11
195 451 10
451 480 11
412 451 8
342 452 10
264 452 10
147 453 12
391 453 10
113 453 14
350 454 11
218 454 11
140 455 10
35 455 12
118 456 8
395 456 12
277 456 12
288 456 11
4 457 8
214 457 10
26 457 14
201 457 9
65 458 13
67 458 11
81 458 14
318 459 11
160 460 10
156 460 10
25 460 11
35 461 9
76 461 8
260 461 11
273 462 12
161 462 14
450 463 10
191 463 6
13 463 7
215 463 9
430 464 9
383 464 18
105 464 12
433 464 13
141 465 10
350 465 11
212 465 10
133 466 13
255 466 12
466 467 12
85 466 12
393 467 8
467 496 8
467 491 10
226 467 12
27 468 9
75 468 11
223 468 8
468 475 9
313 468 9
93 469 10
245 469 9
322 469 11
458 470 8
439 470 10
470 486 10
359 470 12
471 491 11
471 484 8
92 471 11
369 472 12
213 472 10
222 473 11
337 473 6
134 473 10
4 474 12
474 486 12
17 474 11
475 477 9
65 476 15
265 477 12
457 477 10
13 477 7
423 478 14
290 478 12
374 479 11
287 479 9
272 480 11
68 480 10
433 481 10
376 481 13
220 481 9
446 482 10
428 483 10
251 483 10
172 484 10
161 484 14
20 484 8
53 485 6
402 486 9
484 486 12
202 486 10
399 487 10
13 487 13
294 487 9
285 487 13
103 488 13
191 488 9
159 488 9
334 489 11
0 489 7
115 490 11
429 490 8
434 490 6
453 491 17
389 491 13
354 492 7
58 492 11
330 492 11
412 493 9
481 494 8
461 494 16
95 494 12
50 495 9
208 495 10
411 495 13
249 496 8
302 496 9
441 496 12
169 496 10
270 496 10
384 497 8
107 498 10
153 498 11
95 498 8
409 498 11
342 499 10
475 499 7
