500
0
4
3
10
3
6
5
5
10
5
7
3
5
8
7
8
1
6
3
2
8
5
5
8
8
2
3
4
4
9
10
2
9
5
6
6
8
5
3
1
2
2
6
7
7
5
7
8
4
10
9
9
7
6
10
9
7
3
3
6
7
10
2
9
9
10
8
8
9
3
7
9
7
6
9
5
3
7
2
4
9
9
5
8
4
6
7
9
9
9
10
8
10
6
8
2
7
3
5
7
3
9
1
3
8
6
7
6
5
9
6
7
8
9
1
7
5
2
8
7
7
1
9
10
2
2
8
9
9
6
6
9
3
7
8
4
10
4
4
9
5
9
5
4
3
2
6
4
6
9
6
8
3
9
9
4
6
5
6
10
6
7
7
5
10
7
5
5
5
1
7
4
8
8
1
9
6
3
9
7
7
3
9
7
8
6
3
6
6
8
8
8
6
4
6
3
9
2
7
6
7
5
5
9
2
3
9
1
3
6
5
5
6
8
3
8
6
2
10
4
2
3
3
8
5
4
6
9
2
6
8
4
8
4
10
3
10
10
4
10
8
6
4
1
1
8
6
3
6
2
7
7
10
2
2
9
7
4
9
4
3
4
6
3
3
8
4
8
2
2
7
7
2
2
8
7
6
10
5
4
5
6
6
3
1
2
4
9
3
5
1
5
2
6
2
1
5
10
7
4
4
5
1
3
3
6
9
9
3
8
10
10
7
9
5
4
3
8
8
5
3
6
8
9
7
7
5
7
5
7
7
8
9
3
9
4
7
5
9
8
5
3
3
9
6
7
6
6
7
9
4
1
5
10
7
9
5
6
2
7
3
6
3
4
9
10
5
8
3
8
6
5
2
5
2
7
4
8
3
8
8
6
6
5
7
7
5
3
4
7
3
4
9
5
3
5
2
5
8
5
6
10
5
9
8
4
9
6
4
5
7
5
7
7
2
6
4
7
5
5
3
8
8
6
2
6
8
1
10
1
9
6
9
9
7
1
10
3
2
5
7
3
6
8
5
3
7
7
8
4
4
5
2
8
9
6
1
5
2
8
9
8
8
3
9
10
9
6
9
3
3
9
7
8
6
5
5
6
7
3
3
6
10
8
1
6
10
5
9
5
8
8
5
9
9
8
9
9
9
2
0 410 12
0 318 11
0 227 13
0 145 9
1 204 9
1 304 10
2 174 10
2 348 12
2 418 11
3 250 9
3 211 12
3 419 10
4 94 9
4 328 10
4 465 10
5 332 12
5 436 6
5 459 13
5 305 10
5 482 9
6 147 8
6 195 5
6 447 14
7 22 9
7 370 11
7 294 10
7 442 9
8 48 11
8 285 11
8 227 11
9 323 9
9 206 10
9 390 11
10 114 11
10 309 11
10 236 12
10 360 7
11 69 11
11 151 11
11 432 8
12 234 9
12 412 11
12 61 10
13 495 10
13 165 12
13 399 10
14 176 9
14 317 11
14 105 12
14 24 16
14 421 10
15 129 8
16 385 9
17 292 10
17 218 13
17 240 11
17 457 9
18 135 10
18 430 8
18 85 11
19 251 9
19 217 12
20 223 12
1 20 7
20 289 10
21 38 11
13 21 11
21 130 9
22 154 12
22 202 10
22 92 9
22 163 9
23 213 15
23 235 11
24 302 9
24 199 10
24 488 10
25 89 14
25 201 9
25 289 10
26 165 14
26 61 13
26 182 13
27 342 13
27 270 10
27 36 10
27 38 10
28 229 9
28 220 13
23 28 10
28 252 15
28 244 14
28 37 9
29 237 11
29 440 10
29 430 14
29 497 12
29 346 11
30 300 8
8 31 12
31 148 12
32 380 14
32 220 10
32 187 9
33 417 9
33 379 10
33 134 8
6 33 10
34 56 10
35 76 14
35 370 10
35 463 11
35 492 15
36 274 14
36 226 13
36 120 5
37 165 12
37 385 9
37 145 11
38 121 10
38 470 16
38 242 10
38 56 11
39 381 13
39 318 7
39 320 8
40 358 13
40 139 9
40 369 12
40 103 9
41 432 12
41 230 7
36 41 11
41 455 11
42 74 9
29 42 12
42 378 9
43 334 11
5 43 10
43 278 10
44 265 9
44 232 11
43 44 8
44 92 14
45 386 10
45 295 13
45 434 11
45 75 8
14 46 8
46 408 12
46 181 11
47 371 11
47 434 7
48 180 13
43 48 13
48 286 10
49 182 11
49 461 9
49 399 13
50 453 12
50 291 15
51 81 12
51 366 10
51 105 10
41 52 13
52 228 12
52 88 8
40 52 8
52 352 7
53 269 7
53 289 9
53 71 12
53 220 11
53 98 11
53 253 9
54 474 8
54 198 11
54 475 12
8 55 12
55 165 9
54 56 10
29 56 12
56 109 10
57 115 10
17 57 12
57 222 15
58 84 12
58 443 12
58 221 9
58 222 12
59 283 10
59 261 8
59 330 12
59 268 10
60 279 14
60 120 12
60 456 7
61 236 8
61 295 11
61 298 11
61 181 7
62 100 14
62 349 10
63 377 7
63 437 9
64 177 8
18 64 13
8 64 10
65 458 11
35 65 12
66 110 7
66 306 12
66 454 9
67 449 15
67 424 14
8 67 10
68 334 14
68 498 7
68 382 11
33 68 10
69 166 7
69 425 10
69 465 12
69 356 9
70 357 10
70 401 10
71 499 10
71 363 10
71 457 12
22 71 12
71 152 8
72 449 13
72 307 7
47 72 14
72 359 12
72 105 8
73 127 14
73 149 6
73 161 11
24 73 8
74 246 13
74 407 10
74 92 6
74 329 9
7 75 10
53 75 11
75 374 9
75 88 10
76 219 9
59 76 13
76 207 9
9 76 7
77 93 12
77 82 7
77 179 11
41 78 10
78 191 14
78 217 10
79 263 10
80 333 16
80 219 10
80 486 8
81 119 11
81 305 12
60 81 9
81 173 12
82 136 12
82 205 13
83 204 12
83 266 11
84 191 13
85 469 10
0 85 12
86 96 8
86 409 15
87 112 11
87 405 14
88 303 11
88 351 11
89 290 13
89 207 8
89 197 9
90 376 12
90 479 7
91 443 12
91 450 10
35 91 13
92 476 12
92 264 11
92 475 11
92 205 9
93 463 11
93 154 11
94 345 14
94 314 11
95 187 9
95 365 9
95 433 11
95 409 10
96 367 11
96 128 10
97 228 10
97 293 8
98 207 9
98 482 9
98 199 6
99 408 9
99 349 10
88 100 9
100 447 10
100 394 10
100 347 7
100 180 12
101 225 11
84 101 10
53 101 11
4 102 12
102 414 9
102 194 11
103 123 12
103 178 11
104 315 13
104 182 12
104 470 11
48 104 9
105 209 10
105 410 11
105 368 11
6 105 14
106 429 10
106 422 11
23 107 8
107 159 13
108 317 11
108 226 12
99 108 10
108 408 9
72 109 9
109 486 8
110 157 8
110 338 10
84 111 8
111 249 14
111 179 11
42 111 9
97 112 11
112 239 7
35 113 11
65 113 12
114 137 8
41 114 8
114 373 12
115 432 10
115 294 8
22 115 5
115 456 7
116 405 11
116 457 10
116 338 9
3 117 12
117 466 10
117 394 11
37 118 9
118 354 7
119 328 10
119 250 11
119 411 11
37 120 6
120 245 11
28 120 9
120 133 10
121 245 10
121 180 10
122 281 9
122 346 11
123 173 9
37 123 11
123 414 8
124 202 8
124 446 7
124 159 11
124 246 9
125 259 12
125 309 9
125 330 11
125 257 10
126 400 12
126 133 8
127 480 12
121 127 12
105 127 10
128 423 13
29 128 9
128 348 14
128 316 10
129 233 11
129 242 11
129 204 9
127 130 9
130 460 8
130 221 11
131 292 8
131 235 10
132 447 12
132 225 11
132 367 11
132 278 10
23 133 11
9 133 12
133 373 10
134 499 12
134 377 8
134 201 9
130 135 9
135 159 13
135 175 14
136 337 9
136 482 10
136 302 7
56 137 11
137 221 14
138 275 11
138 408 13
138 326 10
138 364 13
100 139 14
139 260 11
139 226 12
67 139 11
140 235 8
24 140 12
140 359 9
58 140 12
17 141 6
141 166 12
82 141 9
142 242 9
142 396 12
140 142 15
143 239 13
143 163 12
20 143 12
144 394 11
144 427 8
144 169 7
144 231 10
145 273 12
145 318 7
146 170 9
125 146 13
147 165 11
147 211 12
73 147 13
148 176 12
148 203 9
148 231 9
148 424 10
40 149 10
149 499 7
150 442 12
150 357 12
150 296 14
85 150 14
151 432 13
34 151 10
151 382 8
151 162 7
152 347 10
76 152 9
100 152 15
152 450 13
130 153 13
153 489 8
153 274 15
153 189 11
153 177 11
154 254 11
38 154 12
117 154 12
155 315 12
143 155 8
156 298 11
156 313 12
148 156 12
156 485 6
156 413 14
157 330 9
14 157 13
158 397 10
54 158 12
45 158 9
159 262 11
159 405 9
159 453 12
14 159 12
160 468 12
45 160 12
80 161 14
161 185 12
161 372 10
119 162 10
162 396 8
163 299 11
163 183 13
163 443 14
164 451 11
83 164 10
164 429 7
165 170 7
136 165 10
52 166 8
166 208 10
106 166 12
51 167 12
167 260 11
137 168 11
168 238 9
168 309 12
168 432 13
24 168 10
169 291 8
13 169 12
169 437 12
170 362 7
80 170 11
81 170 10
47 171 11
171 457 5
142 171 11
172 317 11
172 297 11
172 440 10
172 198 9
173 299 7
174 205 10
63 174 8
174 370 9
174 289 8
175 369 8
176 402 10
176 294 9
176 453 8
176 229 12
177 365 11
177 351 15
1 177 11
177 492 11
178 198 11
178 341 8
61 178 10
179 190 10
91 179 9
180 279 10
180 401 9
180 218 10
180 272 5
180 332 14
180 254 9
181 451 10
181 471 9
148 182 13
182 393 10
182 254 11
183 334 8
90 183 10
183 203 14
183 462 10
152 184 11
184 305 10
184 250 10
132 185 10
117 185 10
154 185 7
82 185 10
186 216 10
66 186 11
187 441 11
187 317 10
187 476 11
187 411 15
187 414 12
121 188 7
188 296 10
188 354 11
189 269 8
19 189 11
189 203 12
190 393 11
190 311 9
93 190 13
191 459 10
191 444 10
118 191 12
116 192 13
192 345 7
21 192 11
148 193 14
42 193 13
99 193 13
194 392 10
34 194 11
194 372 10
158 194 6
195 403 8
195 376 12
91 195 9
196 201 13
107 196 11
196 370 10
197 385 10
90 197 8
26 197 13
197 460 11
44 197 9
198 433 11
198 485 12
44 198 10
193 198 14
199 413 11
199 495 11
186 199 10
199 236 14
153 200 8
200 462 13
88 200 13
200 265 10
201 248 13
201 331 12
202 212 13
131 202 12
30 202 8
202 423 14
203 381 11
203 429 12
172 203 10
204 326 12
204 489 11
130 204 12
205 449 12
205 256 11
18 205 9
205 436 11
170 206 10
206 259 10
206 383 9
206 275 9
109 207 10
42 207 11
208 405 6
14 208 13
208 467 12
71 208 9
162 209 11
7 209 13
210 406 10
210 452 12
211 377 9
58 211 12
77 211 13
162 211 12
163 212 12
212 379 10
212 368 10
110 213 12
213 399 10
213 339 11
159 214 9
214 266 10
215 309 7
15 215 10
31 215 12
171 215 10
216 351 11
216 495 11
185 216 11
107 216 9
217 312 11
217 218 9
107 217 12
218 409 13
218 407 11
219 425 8
176 219 12
186 219 9
26 220 11
8 220 14
186 220 11
220 254 10
214 221 11
61 221 14
221 314 10
30 222 8
222 432 9
201 222 10
222 352 10
223 413 9
80 223 10
223 410 13
23 224 11
173 224 11
156 224 12
224 487 6
224 492 10
225 306 9
225 490 10
118 225 8
225 276 11
189 226 13
226 406 8
226 498 10
226 276 16
76 227 12
227 426 13
227 335 13
228 351 10
117 228 10
228 242 8
228 415 7
229 482 7
137 229 9
229 280 9
3 229 11
111 230 11
230 431 10
107 230 8
230 270 9
231 491 11
204 231 9
231 352 11
5 232 12
232 331 12
19 233 13
233 393 15
233 278 10
15 234 12
234 460 8
234 397 12
234 434 8
235 351 9
103 235 12
223 235 11
236 425 13
236 462 11
236 256 10
236 264 10
137 237 9
228 237 11
152 237 9
238 276 9
238 388 8
192 238 13
239 305 9
93 239 9
240 419 12
183 240 9
240 303 8
240 351 11
20 241 12
241 323 9
241 420 12
242 374 12
71 242 12
232 242 11
101 242 13
243 452 10
125 243 11
154 243 16
244 470 14
245 284 9
245 343 14
48 245 11
135 246 11
214 246 10
186 246 13
126 246 10
246 412 8
247 453 7
134 247 10
248 302 6
55 248 8
249 328 10
59 249 13
249 371 11
245 250 10
250 359 12
130 250 13
232 251 10
73 251 12
19 252 12
62 252 12
125 252 9
171 253 13
253 405 10
253 267 9
77 254 9
254 394 11
255 388 12
255 481 13
255 267 12
255 430 10
213 256 11
43 256 10
32 256 11
50 256 12
116 256 7
130 257 8
79 257 11
167 257 10
185 257 12
258 484 9
23 258 10
258 315 11
258 368 9
13 258 9
40 259 11
18 259 9
251 259 12
20 259 10
3 259 13
190 260 10
260 352 11
261 364 12
84 261 9
261 382 11
68 261 16
262 467 11
233 262 9
263 432 16
189 263 14
263 345 9
202 263 12
33 264 14
264 414 13
41 264 12
265 427 14
266 372 11
229 266 10
80 267 9
267 332 10
169 267 7
268 320 11
238 269 9
116 269 12
269 412 12
86 269 6
270 465 13
93 271 10
271 364 8
271 302 10
122 272 9
162 272 12
272 287 16
273 361 8
250 273 12
255 274 10
64 274 11
13 274 13
14 275 11
275 486 12
275 489 11
127 276 10
276 372 10
277 340 10
277 471 5
277 298 9
271 277 11
22 278 10
278 316 10
278 303 12
190 279 12
218 279 8
142 279 9
195 280 13
281 412 11
152 281 9
196 281 10
282 337 9
75 282 9
196 282 12
283 399 11
283 307 11
240 283 12
221 284 8
153 284 8
284 292 8
104 285 11
54 285 11
285 442 13
286 474 9
286 336 10
101 286 12
287 361 11
287 339 10
168 287 10
288 381 9
288 314 8
288 488 8
270 288 10
256 289 8
201 289 11
289 311 9
10 290 11
290 298 10
4 290 11
291 347 12
225 292 9
292 425 9
143 292 9
93 293 11
293 488 10
208 294 11
92 294 11
37 294 15
294 345 10
295 398 12
57 295 12
6 295 10
114 296 14
179 296 14
156 297 11
297 395 14
109 298 11
80 298 9
290 299 8
299 446 9
160 299 13
299 480 11
300 440 15
60 300 8
224 300 11
271 301 8
35 301 13
301 434 10
102 301 11
302 344 10
130 302 9
303 427 9
250 303 12
220 303 11
75 303 10
261 304 9
84 304 12
108 304 13
106 304 11
305 443 9
117 305 15
305 463 9
118 305 10
306 381 10
161 306 8
59 306 10
231 306 9
307 449 11
41 307 10
145 308 11
171 308 13
308 316 10
309 434 14
309 470 10
310 405 9
52 310 14
181 311 10
311 487 11
311 405 12
311 316 12
312 342 12
312 415 10
313 455 9
314 469 7
121 315 7
255 315 13
315 474 10
224 315 12
316 365 11
272 317 9
126 317 11
107 317 14
317 349 10
75 317 10
132 318 10
318 341 11
318 438 10
319 475 10
319 369 13
319 357 7
264 319 13
320 474 12
65 320 9
153 320 11
321 401 9
33 321 10
133 321 10
321 370 12
45 322 9
180 322 9
83 322 8
292 323 11
26 323 15
254 323 10
231 323 14
230 323 9
324 393 7
324 417 9
114 325 11
247 325 10
274 326 9
225 326 10
326 338 12
326 330 11
12 327 13
84 327 12
199 327 14
45 327 14
327 381 11
328 411 9
114 328 10
18 328 10
328 492 13
116 328 9
328 329 9
329 339 9
329 482 15
330 411 10
166 330 8
330 356 9
330 499 10
331 369 10
241 331 14
50 331 10
206 331 9
331 356 8
332 406 10
39 332 9
202 332 14
159 333 11
112 333 11
88 333 11
334 442 12
310 334 9
108 334 9
335 391 14
188 335 9
336 486 6
88 336 12
185 336 8
34 336 12
169 337 6
85 337 9
143 337 6
338 375 9
183 338 13
338 359 10
268 339 13
170 339 9
271 339 11
340 396 10
291 340 10
340 488 11
341 432 6
198 341 9
1 341 11
197 341 12
342 399 12
56 342 11
342 353 7
163 343 9
170 343 12
321 343 10
343 378 13
16 344 12
97 344 12
276 344 9
0 345 10
308 345 9
273 345 8
333 346 11
346 487 9
288 346 8
347 467 13
114 347 14
347 476 16
347 449 11
185 348 12
348 444 10
348 352 8
349 381 13
272 349 8
203 349 9
73 349 14
332 350 10
296 350 10
120 350 12
112 350 11
45 351 11
257 351 7
34 351 13
352 441 12
352 383 8
352 391 9
325 352 14
328 353 8
347 353 12
47 353 12
162 353 11
354 407 8
354 423 8
276 354 10
354 468 17
199 355 9
355 414 9
355 440 13
156 355 10
187 356 12
150 356 11
356 475 12
60 356 12
357 416 10
203 357 9
127 358 10
39 359 13
359 460 11
359 401 14
360 371 8
97 360 13
230 360 12
114 360 12
292 361 14
193 361 10
358 361 9
11 362 9
297 362 12
362 457 9
72 362 10
363 418 10
144 363 12
91 363 11
284 363 11
364 485 8
273 364 10
51 364 12
302 364 12
85 365 8
343 365 7
128 365 11
290 366 9
366 464 11
366 396 10
17 367 10
284 367 8
79 367 8
306 367 6
193 368 12
368 474 13
47 368 13
333 368 11
106 369 9
217 369 14
220 370 15
60 370 9
364 370 9
360 370 11
370 428 12
133 371 14
143 371 12
59 372 13
177 372 9
146 372 10
47 372 11
296 373 11
372 373 10
364 374 11
128 374 10
199 375 12
196 376 14
376 446 10
284 376 8
210 376 13
65 376 12
193 377 7
331 377 12
291 377 12
281 378 10
129 378 11
378 474 11
379 431 10
311 379 11
379 441 13
69 379 10
172 380 7
33 380 10
176 380 9
381 433 11
113 381 8
195 381 8
376 381 10
377 381 11
50 382 13
273 382 7
190 382 10
343 383 11
358 383 14
383 403 6
208 383 8
383 461 9
384 497 11
384 479 10
222 384 11
214 385 13
385 408 13
386 461 10
109 386 12
87 386 11
149 386 12
287 387 10
377 387 12
192 387 9
181 387 12
193 387 12
68 388 13
388 442 5
387 388 11
186 388 8
389 438 9
46 389 10
390 477 10
79 390 12
150 390 8
69 391 9
18 391 11
23 391 5
20 392 11
392 418 7
211 392 9
6 392 5
393 494 13
202 393 7
305 393 8
394 490 11
394 424 14
41 394 8
394 400 12
332 395 9
266 395 9
237 395 12
183 396 7
396 421 10
112 396 14
80 397 9
190 397 8
397 412 15
170 398 10
36 398 10
398 462 12
202 398 11
207 399 8
66 399 8
26 399 10
400 418 11
90 400 13
384 401 11
401 405 11
401 436 14
53 401 9
326 402 8
77 402 10
111 402 9
246 403 7
403 447 11
233 404 9
199 404 10
404 463 11
58 404 10
276 404 11
235 405 12
405 460 10
326 406 11
268 407 12
284 407 12
96 407 9
335 408 13
334 408 11
253 409 13
382 410 11
235 411 10
411 424 10
35 412 15
123 412 8
412 445 11
412 433 10
207 413 7
161 413 12
362 413 17
242 414 14
266 414 11
415 493 10
19 415 12
284 416 9
399 416 10
32 416 9
40 416 11
227 417 10
14 417 12
376 418 11
292 418 10
419 465 11
155 419 8
327 419 8
419 490 11
17 420 10
216 420 13
421 497 13
133 421 10
422 423 9
58 422 11
269 422 11
112 422 9
93 422 10
198 423 9
253 423 11
423 448 12
151 424 10
229 424 9
410 424 8
77 425 9
177 425 13
313 425 13
322 425 12
174 425 8
70 426 10
180 426 14
257 426 10
426 492 12
83 426 9
1 427 14
67 427 11
231 427 10
110 428 7
301 428 13
428 448 9
108 428 9
124 429 13
429 432 12
419 429 10
212 430 11
183 430 12
373 430 11
230 430 13
430 496 8
35 431 13
72 431 10
77 431 13
306 432 13
319 432 9
409 433 12
91 433 14
337 433 10
182 433 9
64 433 9
278 433 12
66 434 10
362 434 10
274 435 12
293 435 11
435 440 8
256 435 15
337 436 11
119 436 10
27 437 10
128 437 14
243 438 9
234 438 8
36 439 11
257 439 10
127 439 10
257 440 7
133 440 8
440 482 14
212 441 8
404 441 10
133 441 11
381 442 11
0 442 11
368 442 9
334 443 12
173 444 10
426 444 8
340 444 12
310 445 10
308 445 11
226 445 13
52 446 9
284 446 11
63 446 13
182 446 6
297 447 10
353 447 13
156 448 10
168 448 10
433 448 11
48 449 13
402 449 11
449 478 11
113 450 14
395 450 12
399 451 10
451 459 9
199 451 11
452 477 10
441 452 9
430 453 13
443 453 10
390 453 9
227 453 11
454 492 10
124 454 12
401 454 11
289 454 9
5 454 11
289 455 12
455 483 11
367 455 10
311 455 11
452 456 7
394 456 15
456 480 10
44 456 7
265 457 10
433 457 9
293 457 7
403 458 10
419 458 9
113 458 11
226 459 12
130 459 10
453 459 7
459 472 7
194 460 10
214 460 9
308 460 12
143 460 10
363 461 12
461 474 11
239 461 10
403 461 12
249 462 8
248 462 12
463 494 11
205 463 12
344 463 12
174 464 9
464 493 12
464 475 8
204 465 11
305 465 7
399 465 8
200 466 12
252 466 10
102 466 12
437 466 11
373 466 11
141 467 12
467 487 12
201 467 13
245 468 7
191 468 13
89 469 13
419 469 12
469 477 9
469 496 13
62 470 11
91 470 9
417 471 8
318 471 8
194 472 13
168 472 10
206 472 11
107 472 12
287 472 13
468 473 6
145 473 10
141 473 12
436 473 15
226 473 8
156 474 11
443 474 10
219 475 10
245 475 13
139 475 11
405 475 8
33 476 10
365 476 11
115 476 4
224 477 8
67 477 8
169 477 13
388 477 11
326 478 13
89 478 9
280 478 11
137 478 13
276 479 9
52 480 10
98 480 11
296 481 11
130 481 14
29 482 5
217 482 9
298 482 9
386 483 11
162 483 10
82 483 9
113 484 8
3 484 14
117 484 8
287 484 9
74 485 13
91 485 17
295 485 8
36 486 11
66 486 11
167 486 11
43 486 12
252 486 10
324 487 9
68 487 9
87 487 9
27 488 10
85 488 11
72 488 13
197 489 9
116 489 10
449 489 10
467 490 13
343 490 14
61 490 9
198 491 11
480 491 11
377 491 12
427 492 10
226 493 10
202 493 6
14 493 10
178 493 12
252 494 13
424 494 10
12 494 12
365 494 10
317 495 9
287 495 9
146 495 14
93 496 13
176 497 11
233 497 8
385 497 10
419 498 8
155 498 10
74 498 13
47 499 9
