500
0
5
6
3
9
7
10
10
9
8
9
1
8
2
9
2
9
5
5
9
8
8
4
5
5
6
3
4
7
6
3
10
4
3
9
3
6
8
10
5
7
4
5
6
3
3
6
7
5
3
1
5
3
10
7
5
4
9
3
6
7
1
4
7
4
10
7
2
5
6
5
2
3
1
6
2
7
7
5
9
2
7
9
7
5
6
3
9
8
2
7
2
2
6
4
3
5
4
2
6
8
5
8
9
4
4
3
6
4
4
6
2
5
6
3
3
10
3
3
7
8
7
4
8
7
4
5
5
10
4
1
4
3
2
6
5
9
10
5
7
4
4
9
9
3
8
8
2
9
8
2
9
9
7
5
7
7
5
1
8
6
4
4
7
7
3
3
3
4
7
6
4
6
2
5
4
2
1
1
8
5
3
3
4
9
6
3
3
10
7
7
6
9
6
7
3
2
3
10
4
6
6
6
8
5
4
6
8
4
9
4
4
2
3
2
9
5
1
3
3
8
8
9
8
4
4
6
2
1
5
5
8
9
2
2
7
4
10
9
4
5
6
7
2
7
2
2
4
9
10
4
8
6
3
2
9
6
9
10
1
2
5
10
9
9
8
5
4
1
10
6
5
9
4
9
2
4
5
7
2
6
3
7
3
6
3
4
2
1
7
10
5
5
4
2
2
7
6
2
1
6
3
3
4
5
4
7
8
8
7
2
6
5
6
3
9
7
3
2
2
9
5
9
2
5
9
8
3
9
9
8
5
8
3
6
10
5
6
2
4
6
2
2
2
7
4
7
6
2
4
5
3
4
6
7
3
8
6
5
4
6
6
6
9
7
7
4
9
5
9
8
8
8
8
6
1
2
6
4
4
6
7
9
2
5
6
2
8
3
9
6
5
9
4
10
3
6
1
5
4
10
10
8
7
6
10
8
8
4
3
3
4
3
8
7
8
2
9
10
5
6
6
3
6
4
8
3
3
8
4
5
9
4
5
4
9
7
10
3
10
4
4
2
7
5
3
5
9
7
2
3
3
2
2
1
8
10
6
6
6
7
10
10
6
7
9
6
10
9
6
9
5
4
2
2
3
5
4
8
6
2
5
8
5
1
7
1
2
8
5
6
9
4
5
4
5
5
6
2
4
0 495 12
0 311 10
0 61 9
0 477 12
1 337 12
1 445 12
1 50 12
2 219 10
2 427 14
3 306 11
3 375 12
3 144 8
4 246 13
4 263 14
5 206 8
5 27 12
5 81 12
5 306 12
6 193 13
6 131 13
6 203 7
7 198 13
7 64 12
7 243 13
8 249 13
8 109 10
9 337 10
10 202 8
10 424 13
10 68 10
11 303 10
11 491 11
12 435 6
12 497 12
12 250 9
13 297 9
13 233 8
13 213 12
13 42 12
14 44 11
14 101 11
15 17 11
15 415 12
15 179 9
15 258 10
15 264 8
16 439 13
16 187 12
16 371 11
16 293 9
17 295 9
17 327 12
17 169 8
14 18 9
18 104 12
18 45 10
18 50 10
19 436 13
8 19 10
19 53 9
20 280 10
20 244 13
20 486 9
21 218 13
21 325 10
6 21 9
21 443 9
21 451 11
22 360 8
22 74 10
23 403 14
23 24 12
23 184 7
24 196 9
24 220 12
24 41 10
24 195 9
25 328 11
15 25 11
25 380 11
26 195 11
27 334 9
27 361 13
27 430 7
28 318 12
28 483 10
29 193 12
29 499 10
30 154 9
30 122 10
30 490 6
30 37 13
31 296 10
31 44 11
31 197 13
32 188 12
32 320 7
32 356 12
33 480 10
33 390 11
34 90 12
34 211 11
34 76 11
35 229 16
35 82 12
36 270 12
36 246 8
37 158 12
37 179 13
37 464 12
37 361 9
38 135 9
38 493 12
38 82 9
38 95 11
39 440 13
39 428 12
5 39 10
40 139 11
40 247 10
40 349 13
41 66 13
41 55 12
41 172 16
42 329 10
42 72 12
42 468 9
43 372 10
8 43 11
44 89 8
44 339 13
44 318 13
45 301 9
45 374 6
20 45 14
45 391 11
45 485 11
35 46 11
46 278 9
46 271 11
47 104 9
47 411 9
47 362 9
48 483 10
48 148 9
48 423 12
49 87 11
49 94 7
50 402 11
50 76 14
50 465 10
50 61 12
51 430 11
52 281 11
52 429 10
52 470 12
53 258 12
54 101 11
54 416 12
54 366 12
55 136 12
55 99 8
56 325 11
56 171 13
57 433 10
57 100 8
6 57 10
58 236 12
58 89 12
36 58 12
58 102 11
58 384 8
59 154 12
59 213 13
59 265 14
60 86 11
60 429 9
60 230 10
61 177 13
61 211 14
25 61 14
61 144 10
62 488 9
62 406 9
63 210 7
63 127 12
64 273 11
64 480 14
64 479 13
65 427 8
65 268 11
65 390 10
66 243 10
66 106 13
66 251 12
66 409 7
67 467 10
67 362 12
67 360 13
21 68 8
68 233 8
68 344 14
68 156 12
69 257 6
2 69 11
69 371 10
70 146 7
70 248 11
70 451 13
67 70 10
30 71 9
71 342 13
72 404 8
72 464 7
72 443 7
72 106 11
73 440 10
73 356 11
73 272 7
74 260 13
74 478 12
59 74 14
68 75 11
75 162 7
76 127 4
76 314 8
76 241 10
77 159 9
77 196 13
58 77 11
40 78 11
78 218 9
78 143 7
78 296 6
79 108 7
51 79 10
77 80 9
28 80 8
80 186 12
80 148 11
80 237 10
81 429 15
81 127 12
81 295 11
7 81 9
23 82 9
82 307 11
82 120 13
82 319 11
83 448 15
57 83 9
83 482 9
26 83 8
84 320 12
84 363 8
84 344 8
84 411 10
85 138 13
85 413 10
86 397 8
86 189 11
87 467 13
87 352 10
30 87 14
88 455 8
88 434 9
88 121 12
88 401 12
89 457 8
89 415 7
89 293 9
89 153 6
39 90 10
90 125 9
91 315 10
91 298 12
25 92 15
62 92 8
18 92 7
92 146 12
93 429 10
93 460 9
94 372 9
95 389 9
95 168 9
95 142 11
95 343 11
96 484 10
96 468 15
96 382 11
96 473 14
97 370 11
75 97 12
23 97 9
98 218 12
98 221 12
98 352 11
99 431 10
99 168 9
100 304 13
100 379 9
33 100 10
11 100 9
71 101 6
102 180 10
102 327 9
33 102 14
46 103 10
103 476 11
104 156 12
20 104 10
104 312 11
82 104 10
105 169 7
105 166 9
105 236 8
11 106 9
4 106 14
12 106 10
106 275 12
80 106 8
107 285 8
94 107 11
107 498 11
50 107 12
108 319 12
108 111 6
103 108 12
109 378 10
109 238 12
109 264 8
100 110 13
64 110 7
110 230 8
111 293 9
111 131 10
111 162 16
111 286 9
111 314 11
112 279 9
112 292 8
112 238 11
62 112 7
17 112 9
41 113 6
113 206 12
114 141 9
114 168 9
114 241 12
114 382 10
115 341 10
115 320 11
104 115 12
115 277 12
116 341 10
2 116 8
117 488 11
97 117 11
117 222 7
117 443 11
118 256 13
25 118 11
60 119 9
28 119 8
119 160 10
120 205 13
120 192 10
121 408 10
50 121 7
121 334 12
122 484 14
122 272 14
122 412 13
123 134 8
18 123 13
25 123 14
37 123 8
124 247 12
22 124 11
125 315 11
125 441 10
126 292 10
126 424 10
126 391 14
126 175 13
127 411 7
54 127 7
127 214 14
2 128 9
128 165 12
129 398 10
38 129 11
83 129 12
130 320 11
130 376 8
42 131 12
35 131 11
131 380 11
132 349 9
132 482 11
96 133 10
133 251 10
35 133 10
133 330 9
6 134 12
134 201 9
134 429 15
134 343 9
135 398 12
87 135 8
136 440 10
11 136 13
137 141 11
137 369 11
95 138 10
138 273 11
139 154 14
139 396 9
139 353 7
140 419 16
96 140 11
141 194 9
141 429 9
141 474 10
141 469 12
142 420 6
142 250 10
143 250 13
143 222 11
17 143 9
141 143 10
6 144 9
144 182 7
49 144 11
47 145 13
145 268 8
146 282 10
146 420 10
117 146 9
76 146 10
147 300 9
89 147 11
147 264 14
148 224 14
19 148 12
148 163 12
21 148 12
149 274 9
149 382 9
86 149 7
149 259 12
85 149 12
149 498 11
150 314 15
107 150 12
150 206 12
118 151 8
151 476 11
151 343 12
129 152 12
152 209 9
152 269 14
153 404 12
153 304 9
153 351 10
16 153 9
153 268 11
99 153 10
153 154 12
154 183 11
155 246 9
91 155 11
155 393 12
115 156 10
156 416 13
156 320 9
156 263 10
157 361 9
157 293 11
72 157 12
68 158 13
155 158 6
44 158 9
158 213 12
27 159 13
159 375 10
159 456 12
159 186 10
160 299 15
161 348 9
161 407 12
149 161 13
162 449 12
162 301 12
162 426 13
162 203 12
80 163 9
163 185 8
163 439 9
164 343 8
164 477 10
164 175 12
156 164 14
165 200 8
142 166 14
31 166 13
166 288 8
77 166 11
91 167 12
22 167 13
116 167 8
167 283 9
168 276 7
59 168 8
102 168 10
169 204 9
169 439 10
169 253 9
169 484 11
169 203 7
170 202 14
103 170 16
170 237 12
170 304 14
170 205 10
171 247 10
164 171 11
172 179 11
172 351 10
14 173 13
108 173 9
173 488 11
173 332 13
174 498 10
174 223 9
175 183 8
175 388 14
175 313 9
175 449 10
176 244 9
176 433 8
171 176 10
13 177 12
156 177 7
177 459 11
178 350 11
178 371 11
179 405 11
42 179 8
157 180 8
180 448 10
180 191 9
181 433 12
181 329 8
121 181 11
182 351 12
119 182 10
182 406 10
183 406 10
90 184 11
184 215 11
160 184 11
143 184 9
185 320 9
185 389 14
185 410 10
185 350 10
186 477 9
37 186 8
186 353 13
187 425 14
187 368 11
188 435 11
188 375 13
189 345 9
189 240 13
142 189 8
177 189 12
189 426 12
38 190 9
143 191 12
171 191 14
55 191 9
191 306 12
4 192 10
192 470 12
192 328 8
193 349 11
3 193 10
75 193 11
96 194 10
194 387 7
194 332 9
157 195 10
195 223 9
2 195 9
90 195 14
92 196 13
168 196 6
186 196 8
196 385 11
69 197 12
197 424 11
197 404 13
32 198 12
198 298 12
198 286 13
199 359 7
50 200 9
1 200 8
124 200 11
201 317 8
187 201 10
160 201 11
202 368 8
202 279 10
202 370 9
203 293 10
42 203 9
170 203 10
203 252 12
78 204 9
204 228 9
48 204 11
204 369 13
205 318 12
205 462 13
119 205 10
140 206 3
206 314 11
206 334 10
207 460 11
25 207 11
207 342 14
140 207 11
208 284 9
208 488 13
208 277 12
209 342 10
209 235 15
209 350 14
209 480 11
210 323 10
210 406 11
80 210 8
91 210 6
130 210 10
180 211 11
211 428 11
211 322 11
211 416 8
212 423 9
212 262 12
213 271 12
214 394 10
214 432 14
214 373 14
175 215 9
215 345 7
215 239 9
215 471 11
94 216 12
216 434 11
13 216 10
216 406 7
56 216 9
172 217 11
217 487 11
218 400 10
218 257 12
218 383 8
219 269 10
219 344 10
219 487 8
220 258 13
220 331 11
220 256 14
221 274 11
221 424 11
205 221 9
222 321 9
14 222 8
223 386 10
151 223 7
12 224 12
60 225 6
225 418 8
8 226 13
86 226 12
226 305 11
107 227 12
227 330 8
227 382 8
10 227 8
228 274 12
202 228 7
228 430 10
229 292 7
229 348 12
135 229 8
230 293 11
230 286 9
169 230 9
231 241 11
41 232 11
101 232 11
155 232 11
13 232 6
233 259 10
233 300 10
75 233 6
206 234 9
234 404 14
234 403 8
130 235 10
103 235 7
232 236 9
236 256 11
236 468 10
28 236 9
237 494 7
188 237 13
238 368 10
172 238 12
238 439 14
239 388 12
200 239 11
154 239 14
12 240 9
207 240 11
115 240 15
83 240 11
241 409 10
120 241 10
71 241 7
242 259 10
242 460 9
242 253 10
243 456 12
11 244 10
244 415 11
244 275 10
244 472 13
245 416 9
246 425 13
96 246 11
246 451 11
76 246 11
169 247 6
207 247 12
189 247 7
239 248 12
134 248 10
248 262 11
167 248 13
188 249 12
159 249 7
249 450 7
167 249 9
34 250 12
169 250 11
251 374 9
251 308 13
4 251 11
160 252 8
145 252 7
182 252 11
252 264 9
253 419 9
77 253 8
253 459 12
64 253 8
253 489 7
62 254 11
254 469 11
255 485 7
87 255 12
255 400 8
255 368 9
256 274 10
256 385 12
14 256 10
257 492 10
257 354 14
23 258 11
258 353 10
17 259 7
178 259 7
259 449 8
41 259 11
260 364 14
167 260 11
260 390 10
85 261 12
171 261 11
261 464 12
262 492 7
262 343 8
263 307 8
263 439 9
263 466 10
48 264 8
264 486 13
149 264 9
144 264 12
201 265 11
265 324 12
133 265 12
265 487 7
266 493 11
127 266 12
267 348 11
134 267 11
102 268 9
268 281 8
268 272 9
269 276 10
269 343 8
146 270 12
151 270 14
270 279 10
271 389 8
271 420 10
272 466 13
272 490 10
227 272 10
262 272 12
54 273 10
273 366 12
273 412 9
273 376 10
44 274 8
49 274 12
273 274 14
275 470 10
275 497 9
275 284 12
92 276 10
276 410 11
276 307 13
223 277 9
278 471 11
278 482 6
278 305 7
279 459 8
233 279 12
279 420 11
172 280 11
280 386 12
280 308 8
192 280 6
47 281 8
281 398 10
93 282 11
282 333 10
283 394 11
123 283 15
203 283 7
284 478 10
284 493 10
284 399 13
28 285 8
185 285 12
285 312 13
286 336 11
286 343 10
170 286 9
273 287 11
141 287 11
288 289 10
244 288 11
160 289 9
14 289 13
55 289 10
134 290 12
290 327 12
163 290 9
291 479 9
291 383 11
150 291 11
292 305 12
292 490 11
292 424 15
237 292 10
113 293 10
194 293 11
4 294 10
294 432 13
164 294 9
24 294 11
184 295 10
295 392 12
73 295 15
296 422 9
122 296 12
113 297 7
297 318 12
165 298 9
285 298 12
155 298 13
299 362 12
299 454 10
299 371 10
261 300 10
240 301 10
186 301 7
49 301 10
302 324 11
52 303 7
262 303 12
127 303 9
136 304 13
305 345 8
305 494 14
208 305 11
305 446 12
237 306 11
127 306 11
306 327 11
307 404 10
256 307 10
308 445 10
308 318 11
151 308 14
259 308 10
28 309 10
83 309 11
238 309 11
310 434 11
40 310 7
281 310 13
311 325 11
105 311 12
221 311 9
312 445 8
226 312 14
185 312 10
91 313 14
223 313 11
57 314 9
112 314 12
246 314 10
314 409 8
314 345 12
225 314 8
32 315 12
246 316 7
2 316 9
34 316 14
309 316 13
310 316 11
317 345 14
147 317 9
249 317 11
58 318 9
72 318 10
319 448 6
279 319 10
260 319 8
319 346 9
320 477 12
42 320 13
320 435 11
157 321 10
126 321 11
321 424 9
192 322 13
194 322 10
319 322 11
237 322 13
322 387 13
201 323 10
91 323 8
323 485 8
255 324 10
324 423 12
324 398 9
324 395 10
176 325 11
325 387 8
227 326 14
326 418 5
66 326 6
294 327 9
217 327 10
328 465 8
328 452 13
151 328 8
22 329 14
329 482 11
329 405 9
211 329 12
70 329 11
329 402 11
68 330 11
193 330 12
330 392 8
154 331 11
331 342 10
327 331 11
331 423 8
332 350 11
95 333 12
27 333 7
334 343 10
151 334 8
219 334 10
2 335 8
221 335 8
155 336 10
336 422 12
203 337 9
46 337 8
170 337 9
338 342 10
338 412 13
338 480 12
106 339 7
339 492 9
75 339 9
62 340 10
80 340 6
12 341 11
95 341 8
228 342 14
70 342 10
111 342 10
342 380 10
129 343 9
343 396 9
282 344 13
345 493 9
176 345 12
345 494 9
99 346 8
34 346 15
9 346 12
274 347 7
347 378 9
248 347 12
147 348 9
128 348 12
348 495 8
280 349 12
275 349 13
350 402 12
276 350 10
5 350 10
136 351 11
351 442 12
108 351 10
295 352 12
326 352 11
352 363 11
247 352 8
9 352 10
98 353 11
126 353 11
354 481 8
317 354 13
132 354 12
354 374 12
157 355 11
355 445 8
181 355 12
138 355 12
356 466 10
79 356 9
34 356 14
14 357 8
269 357 12
300 357 11
358 385 12
229 358 11
292 359 11
96 359 11
193 359 12
359 394 7
359 399 10
56 360 10
360 451 12
126 360 16
137 361 10
234 361 12
121 361 9
361 477 8
251 361 11
34 362 12
261 362 12
172 362 11
301 363 10
280 364 9
77 364 10
23 364 8
125 365 12
222 365 12
365 469 10
365 408 10
366 415 9
351 366 10
87 366 12
344 367 14
220 367 10
36 368 8
212 369 12
223 369 11
369 381 10
118 369 7
370 405 13
306 370 8
109 370 12
115 370 8
307 371 10
371 477 11
180 371 9
220 371 10
8 372 11
157 372 13
206 372 11
38 372 10
245 373 10
89 373 12
373 458 12
362 374 13
374 399 10
42 374 8
296 374 12
285 375 9
301 375 8
106 375 10
19 375 11
376 379 11
361 376 11
218 376 10
219 377 13
44 377 11
45 377 14
378 414 11
154 378 10
171 378 9
249 378 8
378 437 9
298 379 11
155 379 10
186 379 11
150 379 11
74 380 14
91 380 14
220 381 10
98 381 7
222 381 12
162 382 8
56 382 9
26 382 11
243 382 12
137 383 10
24 383 12
384 416 11
254 384 10
376 384 9
56 385 9
181 386 14
20 386 8
295 386 11
386 400 6
12 387 10
52 387 10
310 387 8
132 387 13
230 387 9
17 388 8
388 392 14
13 388 9
0 389 12
389 395 13
390 453 8
96 390 12
361 390 13
391 432 13
386 391 9
356 391 16
258 392 8
347 392 11
392 408 13
214 393 12
266 394 11
205 394 11
156 394 14
357 395 8
138 395 10
255 396 11
213 396 10
118 396 12
397 499 11
368 397 11
335 397 10
398 434 14
119 398 14
226 398 10
92 399 12
28 399 14
294 399 9
9 400 10
14 400 11
260 400 14
401 452 11
8 401 12
401 449 12
150 401 10
215 402 11
198 402 11
269 402 12
64 402 7
247 403 12
232 403 12
71 403 13
287 403 11
96 404 11
101 404 13
279 404 11
260 404 7
405 416 8
221 405 11
263 405 10
282 406 8
180 406 8
26 406 11
374 406 10
57 407 12
93 408 12
60 408 10
278 408 11
226 409 8
359 409 10
409 429 15
127 410 9
302 411 10
125 411 11
411 476 11
295 412 14
264 412 7
349 412 12
145 412 12
68 413 10
378 413 7
413 423 10
165 414 10
414 454 13
361 414 9
314 414 12
359 414 12
398 415 9
415 465 8
73 415 8
1 416 7
109 416 10
416 419 6
300 416 13
153 416 13
270 417 15
351 417 9
236 417 6
418 435 11
368 418 11
418 469 8
206 419 11
262 420 8
155 420 13
420 435 11
421 441 11
403 421 12
421 481 9
422 496 8
284 422 10
171 423 10
366 423 9
121 423 14
424 496 13
150 424 15
68 425 10
184 426 11
414 426 11
426 430 9
48 426 8
168 427 9
427 440 9
169 427 9
76 428 10
343 428 11
178 429 10
265 429 10
281 430 10
115 430 12
335 430 10
431 453 8
343 431 11
383 431 14
187 432 10
9 432 11
202 433 9
342 433 11
278 434 8
434 497 13
434 435 8
95 435 10
297 435 9
435 498 7
432 436 7
55 436 11
376 436 10
373 437 11
437 487 9
335 437 12
193 438 10
164 438 7
304 438 14
401 439 8
439 493 14
148 439 10
335 439 12
202 440 11
112 440 8
431 440 11
113 441 10
419 441 11
90 441 10
184 441 11
233 442 10
185 442 11
61 443 10
147 444 11
313 444 11
92 444 12
153 445 12
366 445 11
347 445 11
294 445 10
18 446 10
352 446 8
194 447 9
358 447 10
390 447 8
109 447 12
448 455 11
353 448 13
114 448 9
310 448 7
266 449 10
264 449 12
11 449 12
448 449 12
212 450 9
221 450 11
118 451 7
402 451 11
299 451 8
451 472 10
37 452 11
291 452 9
101 452 11
78 452 8
121 453 12
171 453 11
114 453 11
317 453 15
386 454 7
314 454 7
252 454 8
337 455 10
416 455 14
74 455 10
93 455 9
363 456 10
380 456 10
442 456 12
129 456 12
112 457 12
319 457 11
351 458 12
204 458 9
458 459 12
358 459 13
388 459 13
374 459 11
167 460 11
146 460 12
110 460 13
106 461 13
402 461 8
271 461 10
264 461 9
142 462 10
243 462 9
302 462 11
44 463 15
248 463 10
176 463 10
214 464 9
58 464 12
159 464 12
44 465 12
256 465 11
423 465 10
295 465 11
454 466 13
382 466 10
130 466 11
281 466 13
298 467 12
173 467 10
282 468 9
103 468 11
219 468 10
219 469 9
270 469 9
380 469 9
190 470 9
311 470 7
231 470 14
88 471 10
471 482 11
144 472 10
271 472 11
191 472 10
403 473 7
229 473 11
139 474 9
376 475 13
287 475 12
94 475 11
118 476 10
215 476 5
140 476 13
383 476 15
50 477 12
279 477 13
138 477 9
292 477 11
189 477 9
348 478 10
152 478 13
203 478 7
357 479 9
474 479 9
323 480 7
68 480 11
55 480 13
468 480 10
6 481 10
377 481 10
80 482 12
445 482 7
435 482 8
380 482 8
256 483 8
280 483 10
40 483 12
460 484 12
31 484 9
41 485 13
96 485 11
443 485 9
406 485 10
5 486 6
37 486 10
486 489 12
444 487 12
464 487 10
164 488 12
3 488 10
396 488 10
93 489 11
117 489 11
470 489 10
148 490 10
370 490 10
118 490 13
21 490 9
418 490 13
245 491 14
364 491 11
487 491 7
121 492 12
33 492 10
274 493 7
154 493 9
390 493 13
214 494 10
44 494 12
1 494 9
105 495 12
108 495 9
237 495 9
192 496 11
412 496 11
302 496 9
74 497 14
416 497 8
304 497 10
156 497 9
385 498 10
466 499 8
263 499 9
354 499 8
