500
0
6
4
1
3
7
4
9
5
3
5
2
3
2
9
4
5
4
8
2
6
2
6
9
3
7
2
5
9
3
3
2
7
8
10
3
2
3
3
9
5
9
1
8
9
7
6
8
10
4
7
7
10
4
8
4
6
2
3
5
9
2
10
5
8
3
1
9
3
6
4
3
5
1
6
7
5
5
9
9
3
3
1
10
4
6
7
7
4
7
9
10
10
5
7
3
5
5
3
6
7
3
7
8
3
7
8
6
9
2
6
7
8
2
1
2
5
7
6
7
9
2
3
2
2
1
4
7
9
2
9
2
8
3
8
9
7
8
5
2
3
9
9
5
9
2
9
3
3
3
8
8
2
6
6
8
5
3
8
7
8
8
2
1
7
6
1
3
4
6
6
6
10
6
6
9
5
7
9
4
4
5
6
1
5
4
2
10
2
5
3
6
3
9
7
8
10
8
1
9
10
2
2
4
4
4
7
8
5
3
2
5
5
7
3
3
6
4
7
8
3
3
8
9
8
9
5
3
4
2
9
8
8
4
10
7
4
2
6
4
7
7
1
3
4
4
6
5
2
6
6
1
3
5
3
1
9
2
10
10
2
8
8
8
2
8
2
7
3
9
5
4
8
9
10
6
8
9
2
6
9
1
5
7
9
3
7
6
2
5
2
3
3
9
8
4
3
5
2
6
3
5
4
6
6
7
8
9
8
2
8
6
7
3
6
7
5
8
2
2
10
7
3
1
3
5
3
1
9
3
3
9
6
6
3
7
5
2
8
5
4
3
9
8
1
6
9
8
8
8
8
2
10
3
2
1
9
3
4
3
6
9
5
6
6
9
7
2
10
5
3
5
2
5
8
2
2
6
8
9
5
7
3
5
8
5
4
4
6
8
9
9
1
9
5
8
1
10
8
9
10
7
8
8
5
6
2
3
5
8
9
8
2
2
1
1
6
5
7
5
10
9
8
7
8
5
5
4
5
10
5
4
3
9
3
2
4
9
9
7
8
9
2
7
9
6
5
6
9
7
10
3
5
3
5
9
3
9
3
7
1
8
8
10
3
9
2
4
6
2
3
7
9
7
2
7
2
6
5
2
2
6
3
2
10
1
6
2
4
3
6
8
1
6
7
8
10
9
4
9
0 162 10
0 284 11
0 343 13
0 217 13
0 65 12
0 337 9
1 79 4
1 85 10
1 310 8
1 186 15
2 78 12
2 66 13
2 437 11
2 353 7
3 100 9
3 162 12
3 421 10
3 99 12
3 66 10
4 328 9
4 421 15
4 408 10
5 487 11
5 126 7
5 309 10
5 19 6
5 18 13
6 359 12
6 259 5
6 408 12
6 288 10
6 135 14
7 440 7
7 456 11
7 462 8
7 348 8
7 166 9
7 434 10
8 392 14
8 26 11
8 254 12
8 255 13
8 207 11
9 340 6
9 102 11
9 353 13
9 122 11
9 221 7
10 216 8
10 470 6
10 466 11
10 36 9
10 166 8
10 144 14
11 433 16
11 89 13
11 252 10
11 418 15
11 360 9
12 80 9
12 25 10
12 383 12
12 414 11
12 44 12
12 373 6
13 487 9
13 374 8
13 408 12
13 234 11
13 109 10
13 155 11
14 464 10
14 498 10
14 340 11
14 370 9
14 208 10
15 224 11
15 478 13
15 94 10
15 330 10
16 162 11
16 263 11
16 248 12
8 17 10
17 56 13
17 322 13
17 348 8
12 17 12
17 465 12
18 19 10
18 235 9
18 36 7
18 100 10
19 393 8
19 287 12
19 296 11
19 279 10
19 373 13
20 289 10
20 210 8
20 269 9
20 90 9
20 332 10
21 439 12
11 21 12
21 373 8
21 165 13
21 395 13
22 340 11
22 57 12
22 487 9
22 227 10
22 220 10
22 211 11
23 403 9
23 474 11
23 337 5
23 29 10
23 356 8
24 97 10
24 142 9
24 463 8
24 496 14
24 454 10
25 398 12
25 49 12
25 281 11
16 25 8
25 303 9
25 272 11
26 175 8
26 49 11
26 55 15
26 152 14
26 181 9
27 330 12
27 368 11
27 491 12
25 27 6
27 383 11
27 176 8
28 201 12
28 130 8
28 131 13
28 164 11
28 203 13
29 395 10
29 422 11
29 129 8
30 189 10
30 64 10
30 366 10
30 233 12
30 219 11
31 466 10
31 59 8
31 199 9
32 157 11
32 247 10
32 455 10
32 441 8
32 253 9
7 33 9
33 299 8
33 448 10
33 367 9
33 68 10
34 312 12
34 143 7
34 81 12
34 205 10
34 363 10
34 164 11
35 84 12
35 73 12
35 304 13
35 259 7
35 44 8
35 60 10
35 276 11
35 455 11
36 45 13
36 174 11
36 90 14
30 36 8
36 147 9
0 36 10
37 293 9
37 242 9
37 498 13
37 138 12
37 316 8
38 481 13
38 388 10
38 434 12
38 306 13
38 109 7
39 47 8
39 390 10
39 160 11
40 163 12
40 416 6
40 498 15
40 330 10
41 218 12
41 311 10
31 41 13
41 451 10
41 322 10
27 42 9
42 267 8
42 381 8
42 148 8
38 42 8
42 419 11
42 43 11
43 304 13
43 437 12
43 234 12
44 90 8
44 382 13
44 292 10
44 213 10
44 283 8
18 45 9
45 228 9
45 387 12
45 92 12
46 372 10
46 308 8
46 389 9
47 115 8
47 464 11
47 417 14
47 397 15
47 342 8
48 143 7
48 439 14
48 332 10
48 310 9
48 461 8
49 445 11
49 363 13
49 216 11
49 341 13
20 49 10
49 191 10
50 201 12
50 470 15
3 50 12
50 328 12
33 50 12
11 50 12
50 304 7
51 305 13
51 110 13
51 290 15
51 253 9
51 215 13
51 164 9
52 403 9
52 205 7
49 52 9
52 432 15
44 52 8
53 464 11
53 227 9
53 323 9
53 265 12
53 307 9
53 85 10
53 121 8
54 72 8
54 378 11
54 139 7
54 444 15
54 280 14
54 421 12
40 55 9
55 233 13
55 168 13
55 376 11
55 198 9
56 495 9
56 217 14
56 204 7
57 367 7
57 400 10
57 196 12
57 401 12
57 154 9
58 352 10
58 391 11
58 295 10
58 403 9
58 80 9
59 329 13
59 412 10
59 92 11
59 409 11
59 131 8
60 457 8
60 61 11
60 432 10
60 276 10
60 192 11
61 295 11
61 363 12
61 429 7
61 458 11
7 61 8
62 291 12
62 117 9
56 62 12
62 177 12
62 256 11
63 135 11
60 63 12
63 467 13
63 473 13
63 285 12
64 461 11
64 113 11
0 64 11
64 335 10
64 310 12
64 152 11
64 239 11
46 65 15
65 326 10
65 267 12
65 271 14
65 119 12
66 87 11
66 292 12
66 458 9
66 204 10
66 191 12
66 112 11
67 462 7
67 90 13
67 432 10
67 454 11
68 340 11
68 178 10
68 232 8
68 302 8
68 135 9
45 68 10
69 213 13
69 91 7
69 461 11
69 318 12
69 367 9
70 210 13
70 191 12
70 241 10
70 439 11
70 81 11
70 446 10
71 307 11
55 71 7
71 391 6
71 84 12
71 196 13
14 72 9
72 311 11
72 432 13
72 409 13
72 359 13
73 238 12
73 318 11
73 337 8
74 396 9
74 482 10
74 86 8
62 75 12
75 125 12
75 395 9
75 159 9
76 236 9
47 76 8
76 200 10
76 188 10
22 76 11
77 425 10
77 268 10
77 454 12
77 311 11
77 87 14
39 77 13
77 389 13
78 421 9
78 220 9
78 419 9
78 267 11
78 407 12
78 413 9
79 417 13
79 487 13
79 96 13
79 363 7
80 284 10
80 372 10
80 461 7
80 380 14
81 359 11
81 450 10
81 458 9
81 465 13
82 118 10
82 371 8
82 253 7
82 112 9
19 82 11
83 226 12
83 309 11
84 419 14
84 170 8
84 143 12
84 244 9
84 98 13
85 176 11
85 229 14
47 85 13
54 85 11
85 316 7
86 237 11
86 463 9
86 136 8
86 171 10
86 170 10
67 86 8
86 123 11
87 418 12
74 87 8
87 377 9
87 301 11
87 436 8
88 243 13
88 342 10
88 356 10
88 400 12
89 221 12
89 319 10
78 89 10
89 330 10
90 232 6
90 243 11
90 157 9
90 456 8
90 461 8
90 305 9
90 165 10
57 91 8
80 91 13
51 91 12
91 253 14
91 364 10
31 91 9
48 92 12
19 92 12
92 459 10
92 208 11
92 448 10
92 114 12
93 301 8
93 110 8
93 328 9
93 227 9
93 270 14
94 361 10
94 254 12
21 94 12
39 94 8
94 198 11
31 95 9
69 95 8
95 106 9
45 95 10
3 95 11
95 228 11
96 163 8
96 259 10
96 417 7
96 151 11
96 107 13
62 97 12
97 229 9
97 381 8
97 355 11
78 97 7
98 266 9
98 333 12
89 98 12
99 186 10
99 281 11
99 481 9
99 310 11
99 432 11
99 114 11
99 190 10
99 367 13
100 433 11
100 413 9
100 205 7
4 100 10
100 134 12
59 100 12
101 197 17
37 101 12
101 271 11
101 139 9
68 101 12
101 192 10
102 430 10
102 372 12
102 362 9
74 102 10
102 482 13
102 324 11
20 103 10
103 143 8
103 395 11
103 179 9
103 185 13
103 408 15
103 301 13
104 326 10
104 286 11
104 133 10
12 104 13
104 346 9
105 305 10
105 469 12
105 498 13
105 352 7
105 120 7
105 394 9
106 374 12
40 106 13
58 106 8
106 237 10
106 150 9
107 356 10
107 143 9
47 107 12
107 132 11
107 197 10
107 203 11
108 416 7
108 243 13
108 471 12
108 241 11
108 351 11
108 484 10
99 109 8
60 109 12
83 109 15
109 472 10
1 109 7
110 255 13
110 201 9
110 283 13
67 110 10
111 377 9
111 174 11
111 275 13
111 152 10
111 241 10
112 253 7
104 112 9
112 274 9
112 354 12
112 273 10
10 112 11
113 220 9
113 423 9
113 355 9
113 130 9
113 176 13
113 399 11
113 289 15
114 416 13
107 114 13
114 241 9
114 188 11
113 115 13
115 369 11
115 132 8
13 116 11
30 116 8
116 410 9
116 359 10
116 201 6
117 405 12
117 200 11
117 432 11
117 288 14
117 168 9
98 118 13
105 118 14
118 364 10
118 406 11
119 395 11
68 119 9
43 119 10
119 126 10
104 119 12
119 133 12
119 399 11
120 130 8
120 194 14
108 120 10
120 361 10
121 124 10
121 189 12
121 435 7
62 121 12
61 121 9
122 175 10
122 178 10
122 311 9
122 475 10
38 122 11
22 123 16
123 477 11
10 123 10
123 183 13
124 139 12
124 467 11
124 254 13
124 125 8
124 143 15
124 311 12
125 181 13
125 341 10
125 399 12
106 126 13
126 450 13
126 371 11
126 161 11
75 126 13
127 256 13
127 467 9
77 127 9
127 137 14
128 277 11
128 189 8
128 294 15
128 139 10
128 418 13
128 156 13
129 276 10
96 129 10
129 153 10
129 181 10
7 130 10
130 424 12
130 471 11
130 285 9
130 318 10
130 185 10
131 469 11
73 131 7
131 283 8
131 429 10
131 258 7
122 132 10
66 132 7
26 132 16
132 258 9
132 135 13
52 133 9
133 448 9
133 450 9
133 494 10
134 202 10
134 425 11
134 210 10
16 134 13
134 490 9
134 295 7
133 135 11
135 299 9
135 324 9
135 471 9
136 486 11
136 225 10
136 420 11
136 198 14
137 215 8
137 423 7
137 444 10
137 188 9
138 226 11
138 403 9
138 179 8
138 469 9
138 281 8
138 142 10
13 138 11
112 139 12
139 312 14
113 139 6
139 165 10
139 424 11
140 297 9
140 484 14
140 347 12
140 251 12
34 140 13
57 140 12
141 420 10
141 205 9
141 229 11
141 392 9
141 193 12
142 331 13
142 356 6
142 275 8
142 152 12
30 142 9
143 214 11
143 373 7
143 349 13
134 143 12
76 143 8
143 334 14
105 144 9
35 144 10
144 163 11
144 202 11
145 405 12
32 145 11
102 145 12
145 404 10
146 361 13
146 353 11
146 298 12
146 171 10
56 147 7
147 326 11
147 392 8
50 147 11
28 148 10
148 246 10
148 446 5
148 466 11
32 148 11
21 149 8
149 466 12
149 310 12
149 464 13
149 469 12
149 426 9
150 284 11
100 150 9
150 342 11
150 378 11
150 379 7
36 150 9
18 151 12
151 167 12
91 151 12
151 158 12
151 270 11
152 421 9
152 476 10
152 219 12
11 152 12
152 480 11
32 153 11
153 417 13
153 279 8
153 359 10
153 304 10
154 363 10
154 410 10
154 247 8
154 288 11
110 154 15
154 385 10
62 155 10
155 213 8
91 155 10
155 496 9
156 219 10
121 156 10
11 156 12
151 156 11
156 209 8
156 420 8
157 423 11
156 157 11
157 409 10
150 157 8
157 274 10
106 157 11
67 158 10
158 449 12
158 254 15
158 364 10
158 467 13
158 187 11
37 159 8
159 176 8
159 394 9
146 159 9
159 428 10
132 159 10
160 266 8
160 406 8
2 160 9
160 348 12
160 201 8
160 365 14
161 234 8
161 448 10
111 161 12
161 291 10
162 367 13
162 223 9
162 388 14
162 392 12
162 397 11
162 247 10
162 349 12
163 413 7
163 227 9
163 237 10
163 444 14
164 210 11
164 335 9
11 164 8
164 487 10
164 167 11
78 164 9
40 164 14
119 165 7
103 165 8
165 250 14
165 315 11
13 166 10
166 346 12
166 193 9
166 395 8
166 297 8
167 352 9
167 323 13
96 167 11
167 206 7
31 167 10
122 167 8
168 282 8
168 330 11
28 168 12
168 414 12
169 370 10
94 169 13
169 430 11
169 434 14
169 454 12
170 422 9
170 284 11
170 323 6
170 191 13
171 272 11
28 171 12
171 323 10
172 204 11
172 179 8
172 196 10
172 424 9
151 172 10
173 398 9
173 314 13
173 324 12
110 173 12
173 432 11
174 344 11
174 352 11
174 203 9
174 346 10
130 174 10
175 488 9
175 437 10
80 175 12
116 175 9
175 449 9
175 227 9
176 427 10
176 203 6
176 393 11
176 225 11
174 176 11
177 445 9
177 348 13
67 177 10
177 301 7
91 178 11
178 213 11
178 350 10
179 256 10
179 262 11
104 179 11
130 179 12
179 466 8
28 179 9
10 180 8
151 180 8
180 442 8
180 478 16
22 180 8
160 180 11
181 334 11
181 266 13
181 289 8
181 224 12
181 456 13
182 265 11
58 182 9
182 279 11
1 182 14
140 182 9
182 193 9
182 330 12
183 307 13
183 453 11
183 218 14
26 183 13
34 183 5
142 184 9
184 257 11
184 306 13
185 187 11
185 298 11
185 307 12
185 278 12
185 423 10
186 312 11
104 186 12
133 186 10
186 322 11
4 186 15
157 187 13
61 187 12
187 215 12
187 395 10
187 328 6
40 187 9
168 188 9
188 457 10
188 454 10
36 188 13
188 474 15
109 189 5
189 427 8
69 189 11
189 360 11
189 441 16
190 208 11
4 190 11
51 190 10
122 190 11
190 458 12
190 253 12
191 213 9
164 191 12
125 191 12
75 191 9
191 429 8
192 336 12
192 437 10
8 192 14
192 475 9
192 215 14
193 490 10
75 193 10
138 193 10
6 193 11
193 299 10
194 360 8
194 204 11
193 194 13
13 194 10
43 194 12
194 296 9
195 202 10
166 195 11
56 195 13
195 469 11
167 195 12
196 467 12
196 254 12
44 196 14
194 196 7
197 200 7
197 218 8
197 468 10
128 197 12
55 197 14
197 399 11
173 198 9
70 198 10
198 399 10
93 198 9
198 331 14
199 296 13
199 219 11
160 199 11
199 375 7
180 199 9
200 337 8
200 362 8
195 200 9
200 269 10
133 200 12
87 200 6
200 324 7
8 201 12
201 411 13
201 425 12
201 329 8
202 255 12
52 202 12
23 202 8
166 202 14
202 468 7
203 424 9
163 203 8
203 363 11
203 351 9
203 318 13
204 364 13
204 230 10
81 204 11
204 420 12
198 204 11
205 224 13
95 205 13
205 441 10
89 205 13
205 418 15
130 206 11
82 206 9
15 206 10
190 206 13
1 206 8
37 206 10
207 434 11
207 413 12
207 263 10
143 207 11
160 207 10
129 208 12
2 208 12
197 208 13
208 499 7
196 208 12
208 418 13
209 450 10
209 379 14
209 212 15
152 209 12
162 209 13
210 352 15
210 485 9
192 210 10
146 210 10
210 392 15
211 390 7
116 211 10
43 211 15
73 211 11
52 211 10
200 212 7
212 279 13
212 271 12
212 388 9
212 396 12
187 212 7
212 329 12
213 404 10
180 213 11
208 213 6
213 377 7
214 276 13
214 231 6
214 219 8
214 333 13
215 349 8
8 215 11
215 378 12
215 422 12
43 215 13
138 215 11
215 250 14
216 451 8
216 437 10
216 400 11
168 216 9
216 355 8
216 310 11
204 217 11
217 345 7
217 243 8
141 217 8
217 248 12
218 411 7
218 472 10
87 218 5
218 493 10
219 284 11
117 219 10
219 281 10
11 219 6
101 219 9
95 219 10
21 220 9
220 280 13
106 220 10
220 292 8
220 380 8
221 297 9
221 459 11
221 231 7
221 334 13
221 310 14
161 222 10
222 262 10
78 222 9
156 222 15
80 222 12
223 418 12
107 223 13
223 328 11
223 374 11
157 223 9
224 433 12
173 224 13
87 224 9
225 306 10
225 273 10
34 225 11
149 225 9
225 343 11
161 226 7
226 392 10
164 226 8
50 227 10
227 344 13
227 395 11
44 227 11
227 374 9
227 403 7
228 310 12
228 377 9
113 228 10
228 417 11
65 228 13
54 229 10
229 420 10
149 229 12
229 444 7
24 230 12
230 246 12
49 230 9
37 230 10
230 452 8
231 238 9
113 231 14
27 231 10
80 231 11
231 380 11
231 408 10
232 442 11
232 287 13
169 232 14
232 455 13
232 242 13
233 381 14
184 233 11
233 239 11
29 233 7
233 321 8
168 234 10
157 234 14
234 336 13
149 234 8
191 235 11
66 235 8
235 400 10
235 445 13
144 235 12
182 236 12
64 236 11
117 236 14
131 236 7
237 295 15
237 334 11
10 237 10
165 237 13
238 415 12
238 329 10
238 423 13
238 250 9
238 447 12
239 368 11
202 239 8
139 239 9
123 239 8
239 355 12
147 240 13
240 387 9
240 417 13
137 241 12
241 482 11
241 280 9
241 270 7
241 428 10
241 394 8
236 242 13
242 309 9
242 392 9
35 242 9
242 367 12
243 419 10
137 243 9
194 243 10
159 243 9
244 307 11
244 480 11
222 244 10
244 245 10
244 392 10
244 499 13
244 349 9
43 245 15
47 245 9
16 245 10
245 329 7
185 245 10
245 307 8
154 246 13
138 246 14
246 254 8
246 488 11
155 247 11
247 276 7
247 310 9
68 247 11
36 248 12
248 482 5
10 248 11
52 248 11
249 257 13
249 362 12
249 481 8
249 397 12
249 250 9
250 325 8
175 250 8
221 251 12
13 251 11
251 490 8
251 456 13
113 251 12
76 252 11
252 434 8
252 401 9
102 252 11
13 252 11
252 259 10
253 450 11
253 384 13
74 253 12
54 253 9
253 364 14
224 254 9
254 332 13
23 254 9
159 254 11
139 254 10
66 255 9
18 255 10
239 255 10
62 255 8
256 271 11
256 479 13
256 288 10
204 256 9
128 257 8
36 257 8
93 257 6
257 295 9
103 257 10
258 409 10
258 484 13
213 258 8
258 337 11
258 308 10
259 363 12
66 259 11
259 286 10
161 259 6
259 385 12
210 260 10
260 283 8
24 260 10
260 456 9
260 407 9
82 261 8
190 261 9
226 261 9
228 261 9
150 261 12
100 261 12
1 261 9
262 365 10
262 282 11
262 391 13
0 262 11
77 263 6
263 339 11
263 485 12
135 263 9
112 263 9
66 264 11
55 264 11
264 393 11
264 403 9
264 478 10
264 485 10
265 286 8
55 265 11
36 265 6
265 369 12
184 265 7
265 281 12
140 266 11
208 266 13
266 475 10
191 266 8
215 267 9
267 269 14
267 469 8
267 446 8
133 267 9
164 268 10
268 478 10
268 368 11
51 268 8
76 268 11
213 268 14
121 269 12
115 269 7
269 286 14
213 269 13
229 269 11
209 270 12
203 270 9
251 270 14
243 270 12
270 407 8
270 313 9
130 271 10
271 302 9
209 271 9
15 272 12
272 442 8
272 293 10
272 323 11
144 273 11
1 273 14
194 273 10
41 273 11
274 309 10
274 373 10
94 274 10
274 411 12
123 274 11
275 337 11
261 275 10
275 408 11
275 456 10
275 396 14
275 370 10
38 276 12
276 361 11
276 488 12
276 322 10
234 277 16
80 277 10
102 277 12
41 277 10
196 278 10
59 278 11
126 278 12
73 278 10
237 278 9
279 307 10
67 279 9
69 279 12
279 372 8
280 439 12
0 280 10
280 483 8
280 328 12
162 280 15
34 280 10
281 291 8
73 281 11
89 281 10
281 328 10
120 282 9
231 282 12
282 498 14
282 353 12
6 282 9
283 325 12
283 419 9
283 323 12
283 486 10
248 283 10
3 283 8
284 493 12
236 284 13
198 284 10
284 441 10
191 284 12
285 336 8
285 375 7
180 285 7
269 285 9
49 286 14
211 286 9
286 485 10
286 291 9
287 440 8
287 334 10
10 287 14
56 287 10
287 454 9
80 288 9
288 304 12
288 293 10
98 288 11
46 288 10
262 289 13
289 446 9
289 391 13
16 289 10
289 353 10
290 401 11
290 433 11
287 290 9
187 290 10
291 328 12
246 291 9
268 291 11
167 291 10
266 292 11
292 364 12
289 292 11
292 411 14
292 313 11
183 292 13
293 401 9
26 293 13
293 367 12
294 412 13
59 294 10
42 294 6
198 294 7
294 492 12
127 295 11
102 295 15
258 295 13
274 295 10
129 295 10
296 333 14
102 296 8
296 451 11
79 296 11
296 325 9
26 297 10
297 457 12
167 297 10
121 297 10
225 298 9
59 298 9
31 298 10
93 298 8
89 299 7
282 299 12
85 299 11
299 331 10
299 420 11
182 300 16
300 495 10
300 380 8
300 347 12
300 473 11
239 301 10
191 301 9
111 301 8
301 481 9
302 428 8
205 302 12
250 302 11
283 302 9
191 303 11
289 303 11
102 303 14
298 303 13
117 303 9
304 385 5
304 322 8
252 304 9
304 496 10
305 402 13
242 305 10
305 330 11
209 305 12
305 368 10
129 306 16
288 306 12
306 407 9
263 306 10
215 306 11
307 350 12
21 307 14
267 307 12
307 421 10
114 307 6
109 308 16
308 357 9
308 388 8
308 389 12
69 308 11
309 405 12
57 309 12
309 422 12
309 327 8
309 328 10
156 310 13
310 422 10
310 345 10
41 310 14
311 318 11
84 311 9
146 311 4
90 311 16
311 412 13
230 312 13
312 348 13
312 414 12
312 432 7
135 312 9
312 412 12
313 410 9
143 313 11
313 376 9
313 361 10
285 313 13
240 314 9
160 314 12
314 460 12
246 314 5
314 407 13
6 315 6
168 315 10
51 315 11
114 315 9
315 394 5
124 316 7
297 316 10
316 388 10
62 316 11
25 316 9
231 317 10
317 319 8
110 317 11
317 385 10
227 318 14
76 318 10
197 318 11
283 318 13
318 455 12
179 319 9
319 402 10
255 319 10
176 319 10
39 319 7
298 319 6
320 491 6
320 368 11
212 320 10
10 320 11
320 451 9
321 459 10
321 455 11
177 321 11
321 414 9
236 321 8
187 322 7
215 322 9
322 441 11
43 322 14
122 323 11
323 395 12
323 370 11
152 323 11
134 323 8
324 499 9
282 324 9
227 324 13
319 324 7
47 324 10
324 405 10
325 495 11
67 325 10
153 325 13
307 325 12
192 326 12
326 386 8
188 326 12
326 441 12
80 327 14
216 327 8
36 327 12
86 327 11
241 327 13
263 328 9
144 328 11
328 436 12
157 328 9
166 328 11
328 491 12
329 459 11
329 422 11
329 443 9
200 329 14
329 439 12
296 329 15
300 329 13
330 338 11
149 330 9
260 330 11
49 330 11
330 359 13
331 498 13
25 331 12
310 331 11
85 331 12
73 331 9
232 332 11
332 464 13
262 332 10
138 332 14
332 431 9
204 332 10
228 332 10
137 333 10
333 427 8
10 333 12
76 333 7
333 492 12
125 333 10
256 333 12
226 334 12
334 496 11
125 334 6
263 334 9
112 335 7
335 366 11
46 335 12
335 443 8
335 490 11
336 490 13
38 336 11
193 336 9
92 336 14
126 337 12
277 337 10
83 337 10
163 337 9
337 433 9
35 337 8
143 338 10
171 338 9
338 409 8
339 362 9
339 478 7
188 339 9
189 339 10
81 340 12
28 340 13
340 399 13
340 470 7
298 340 10
340 478 10
86 340 10
341 403 10
262 341 9
2 341 9
341 419 8
42 341 12
153 341 10
313 342 9
157 342 14
342 399 6
342 385 10
343 487 10
343 428 5
67 343 10
202 343 9
343 407 7
181 344 10
338 344 8
344 374 8
230 344 11
271 344 8
20 345 9
22 345 9
129 345 8
180 345 14
345 358 12
345 356 13
286 346 12
323 346 14
98 346 12
179 346 10
346 347 8
18 347 15
167 347 12
32 347 9
347 451 12
347 449 10
147 348 6
348 404 10
258 348 12
225 348 11
172 348 9
76 349 13
310 349 11
86 349 11
55 349 11
297 349 8
182 349 6
350 435 11
140 350 10
324 350 7
206 350 12
314 350 11
112 350 11
84 351 11
351 353 12
351 380 8
351 476 10
167 351 13
351 482 9
113 352 13
94 352 11
244 352 15
314 352 11
67 352 8
352 404 10
352 354 6
353 496 12
57 353 11
353 401 11
353 481 10
134 354 12
347 354 10
132 354 14
354 481 16
189 354 12
102 355 12
355 371 10
139 355 9
355 442 12
339 356 9
295 356 12
356 476 11
204 356 10
156 356 11
29 357 11
357 406 12
57 357 11
357 449 9
114 357 12
101 357 10
203 358 12
358 443 9
192 358 9
358 406 9
170 358 10
152 358 7
70 358 9
51 359 8
355 359 7
32 359 9
161 359 10
359 499 13
360 455 10
265 360 10
360 430 10
249 360 11
199 360 9
275 360 11
118 360 10
130 361 12
163 361 13
60 361 9
361 429 13
11 361 8
177 362 12
296 362 8
362 467 7
173 362 14
63 362 13
227 363 9
132 363 9
270 363 8
25 363 12
347 364 14
364 484 10
28 364 10
364 498 14
352 364 13
364 492 12
365 446 14
56 365 9
192 365 11
4 365 11
198 365 9
267 365 11
366 385 11
279 366 10
366 412 10
184 366 12
366 435 11
14 367 5
213 367 12
98 367 12
35 367 11
317 368 8
115 368 8
22 368 9
331 368 5
368 408 10
299 369 11
326 369 11
105 369 11
70 369 13
369 457 6
218 370 14
9 370 9
223 370 13
370 412 14
251 370 10
200 370 12
278 371 11
41 371 12
371 465 11
364 371 10
174 371 14
365 371 11
156 372 13
214 372 9
207 372 11
372 435 12
372 453 12
192 373 12
290 373 10
253 373 11
288 374 9
230 374 12
105 374 16
202 374 10
216 374 12
192 375 14
137 375 13
359 375 11
55 375 11
172 375 9
49 375 7
286 376 10
376 422 12
103 376 12
376 380 8
322 376 13
160 376 11
359 377 10
377 387 17
331 377 11
164 377 7
193 377 10
204 377 12
358 378 11
277 378 12
193 378 8
64 378 12
157 378 12
211 378 8
103 379 13
379 464 7
194 379 8
175 379 13
379 393 10
134 380 11
184 380 11
17 380 9
379 380 11
380 485 12
259 381 10
381 436 13
320 381 8
134 381 7
374 381 8
369 381 9
82 382 13
94 382 7
27 382 11
334 382 9
126 382 7
145 382 8
275 383 11
383 403 7
157 383 12
375 383 11
202 384 11
347 384 8
119 384 9
260 384 11
97 385 14
370 385 11
227 385 11
355 385 9
385 499 12
166 386 10
305 386 9
147 386 14
225 386 12
20 386 13
147 387 9
197 387 9
387 462 12
387 465 11
366 387 12
120 387 11
376 388 10
388 442 13
388 466 10
351 388 7
245 389 9
209 389 8
224 389 10
389 481 12
268 389 10
33 390 12
390 407 9
390 439 9
356 390 9
150 390 11
270 391 12
339 391 9
300 391 9
391 458 11
391 426 13
154 392 11
259 392 8
392 441 14
296 392 12
240 392 10
45 392 12
157 393 8
302 393 11
279 393 11
252 393 9
22 393 9
168 394 8
166 394 11
245 394 9
242 394 11
395 396 12
395 422 8
395 414 10
347 395 10
86 395 12
395 456 10
166 396 13
370 396 12
236 396 11
316 396 12
240 397 8
129 397 9
53 397 10
398 417 13
33 398 9
72 398 10
197 398 11
398 403 10
228 399 14
298 399 11
92 399 11
15 399 13
62 399 11
76 400 8
53 400 11
285 400 10
38 400 11
138 400 10
375 400 13
258 401 10
243 401 12
401 406 13
95 401 11
159 401 15
396 402 12
402 414 7
227 402 12
2 402 7
122 402 13
179 402 8
400 403 9
1 403 12
403 466 9
403 417 9
27 403 7
157 403 11
59 403 10
122 404 11
306 404 7
344 404 11
129 404 12
283 404 12
321 404 7
146 405 11
107 405 9
108 405 11
315 405 12
275 405 12
405 497 11
406 408 11
406 487 13
390 406 8
25 406 13
217 406 10
276 406 9
44 407 11
213 407 11
374 407 10
407 414 11
266 407 9
408 480 9
323 408 15
407 408 11
337 408 8
386 409 10
300 409 12
390 409 11
378 409 11
331 409 11
410 470 12
306 410 16
45 410 11
353 410 12
234 410 9
410 422 9
411 481 8
211 411 6
343 411 10
58 411 9
85 411 11
120 412 13
71 412 13
21 412 13
381 412 9
234 412 12
220 413 5
413 435 13
373 413 13
164 413 14
414 434 13
181 414 11
323 414 13
337 414 13
291 414 6
66 414 11
363 415 13
118 415 11
62 415 11
365 415 11
43 415 10
128 416 10
416 453 11
399 416 6
416 420 12
293 417 11
417 493 10
14 417 9
262 417 13
354 417 13
63 418 12
56 418 8
232 418 6
418 447 12
54 418 8
120 419 11
214 419 7
27 419 7
419 452 10
74 420 13
75 420 10
390 420 10
182 420 8
143 420 13
220 421 9
334 421 15
24 421 11
244 421 11
147 422 10
254 422 10
150 422 9
423 496 9
326 423 12
118 423 9
351 423 12
423 458 13
332 423 7
348 423 11
12 424 9
2 424 12
173 424 14
24 425 11
307 425 12
44 425 10
46 425 8
109 425 9
426 438 8
426 471 12
305 426 9
261 426 9
210 426 12
210 427 9
258 427 12
244 427 13
402 427 9
159 427 11
390 427 12
214 428 9
409 428 12
277 428 9
78 428 8
321 428 9
13 429 12
84 429 9
313 429 12
429 479 10
429 482 8
430 483 11
168 430 12
226 430 9
42 430 9
332 430 11
172 431 11
278 431 8
74 431 10
90 431 7
354 431 11
297 432 13
322 432 11
128 432 12
279 432 12
228 432 13
433 451 9
236 433 9
365 433 9
144 433 6
239 433 13
234 434 11
214 434 10
405 434 15
60 434 10
404 434 9
219 434 12
435 441 12
291 435 10
283 435 11
181 435 12
376 435 9
84 435 11
310 436 13
216 436 11
346 436 13
408 436 9
436 453 7
164 437 8
219 437 11
283 437 11
438 451 10
209 438 12
274 438 8
76 438 11
341 438 9
19 438 11
88 438 7
439 497 13
312 439 12
216 439 9
5 439 10
107 439 10
348 439 11
173 440 10
440 450 10
388 440 10
282 440 8
322 440 11
399 441 13
71 441 12
417 441 12
114 441 10
77 442 8
36 442 9
322 442 8
63 442 7
225 442 13
374 442 11
344 443 13
443 455 13
73 443 11
302 443 8
116 443 10
443 485 10
26 444 10
405 444 11
48 444 13
379 444 11
197 444 14
58 444 11
445 489 11
201 445 11
77 445 7
90 445 14
68 446 10
353 446 9
281 446 12
278 446 15
447 452 11
230 447 11
176 447 13
262 447 9
142 447 10
105 448 6
193 448 6
120 448 12
300 448 8
168 448 11
415 449 12
146 449 11
211 449 14
323 449 9
34 449 10
230 449 8
368 450 11
450 456 12
69 450 10
162 450 8
140 450 10
450 460 9
121 451 10
230 451 7
275 451 11
238 451 10
451 496 6
237 451 11
277 452 13
125 452 11
183 452 10
109 452 12
173 452 10
236 452 10
12 453 8
453 479 11
453 462 10
356 453 12
111 454 15
37 454 10
293 454 11
256 454 13
415 454 10
440 455 11
455 459 9
272 455 11
65 455 10
296 455 13
344 455 11
456 495 10
283 456 10
212 456 8
282 456 10
134 456 14
139 457 9
72 457 10
13 457 9
163 457 12
341 457 8
281 457 7
163 458 11
199 458 11
123 458 10
269 458 10
175 458 8
402 458 10
459 463 10
383 459 12
159 459 14
102 459 8
459 460 11
288 459 6
226 460 12
75 460 4
199 460 8
191 460 7
404 460 10
373 460 11
183 460 9
461 483 11
350 461 11
217 461 13
119 461 13
340 461 12
168 461 9
413 462 9
277 462 8
0 462 12
177 462 10
26 462 8
361 462 9
27 463 7
239 463 12
397 463 9
96 463 10
333 463 12
339 464 10
44 464 9
206 464 9
126 464 9
151 465 12
35 465 13
39 465 10
91 465 8
206 465 16
88 466 13
174 466 7
355 466 12
178 466 10
333 466 13
467 494 10
11 467 8
148 467 12
210 467 10
35 467 10
408 468 8
184 468 9
468 475 9
468 481 11
237 468 13
55 469 12
282 469 8
11 469 10
185 469 13
394 469 10
15 469 10
23 470 9
411 470 12
245 470 15
374 470 11
79 470 7
148 471 12
259 471 10
241 471 14
63 471 9
184 472 10
94 472 14
378 472 11
29 472 9
146 472 8
126 473 10
74 473 14
430 473 10
33 473 10
16 474 11
48 474 10
64 474 14
208 474 10
3 474 10
223 474 9
293 475 10
413 475 14
157 475 11
136 475 10
475 478 9
456 476 9
279 476 8
116 476 10
25 476 12
443 476 10
109 477 9
10 477 11
177 477 14
105 477 7
435 477 9
229 478 11
19 478 9
469 478 10
406 478 10
113 479 8
230 479 10
166 479 7
206 479 12
101 479 12
266 480 13
191 480 13
348 480 9
394 480 10
217 480 10
122 481 10
404 481 8
196 481 10
368 481 9
173 482 12
9 482 11
382 482 12
114 482 10
482 496 13
371 482 10
482 483 10
483 487 9
171 483 7
443 483 8
395 483 11
246 483 9
277 484 9
484 485 13
189 484 10
484 497 10
166 484 13
42 485 9
485 492 10
260 485 13
15 485 12
150 485 8
452 485 8
408 485 12
422 486 10
188 486 11
211 486 8
467 486 9
434 487 12
427 487 10
408 487 12
27 487 10
482 487 11
403 488 12
255 488 12
273 488 11
16 488 16
171 488 9
479 488 12
430 488 13
120 489 13
465 489 11
200 489 9
363 489 9
333 489 14
265 489 9
209 490 13
299 490 9
376 490 11
203 490 11
448 491 11
486 491 9
332 491 7
399 492 12
106 492 11
439 492 11
151 492 8
150 492 10
146 492 12
274 493 14
320 493 9
447 493 14
151 493 14
201 493 10
285 493 12
9 494 12
444 494 12
7 494 11
101 494 10
257 494 11
307 494 10
65 495 14
399 495 12
38 495 10
243 495 8
23 495 9
257 496 8
299 496 13
359 496 10
473 496 10
113 496 12
496 499 13
383 496 12
121 497 11
261 497 9
417 497 11
84 497 10
303 497 11
79 497 9
120 498 9
151 498 10
310 498 10
431 498 10
491 498 12
187 498 11
199 498 12
65 498 13
218 499 11
230 499 14
206 499 10
32 499 13
110 499 6
276 499 9
