500
0
6
3
9
2
7
7
9
7
2
3
9
2
8
8
10
5
10
4
3
5
9
2
3
5
7
2
6
9
2
9
4
8
5
3
3
8
9
9
8
4
1
9
8
9
10
9
10
6
6
8
7
3
2
6
8
4
9
1
6
9
5
6
2
3
4
1
8
4
8
5
1
9
2
4
8
10
3
6
9
1
9
6
6
6
2
8
2
5
4
4
3
4
5
3
2
9
2
5
6
3
4
9
8
2
8
10
5
3
6
1
2
2
2
8
1
10
8
8
8
10
3
3
5
8
5
8
6
3
6
3
7
5
5
3
5
5
9
5
8
6
8
3
7
3
2
3
4
4
7
2
9
7
5
6
8
3
2
6
7
7
8
5
5
4
9
4
6
9
3
6
8
5
3
4
9
4
1
5
4
9
7
7
8
1
9
8
5
4
4
7
6
8
4
7
4
7
8
8
5
10
6
6
2
10
6
8
6
4
6
1
4
1
3
10
7
9
9
3
3
10
9
9
4
3
9
8
8
3
4
8
6
6
7
7
4
2
5
7
6
9
10
4
4
3
5
6
7
8
6
5
7
3
8
3
1
2
5
8
7
5
5
6
8
6
3
7
1
2
2
4
6
6
8
7
1
6
7
2
3
8
5
5
2
2
8
6
6
3
5
9
5
8
8
4
4
7
4
10
7
9
6
6
6
2
6
1
3
4
8
6
9
5
3
10
2
6
5
7
8
8
5
2
2
3
2
8
1
6
9
8
8
4
6
4
4
7
7
5
6
8
9
6
3
1
8
2
8
10
6
5
8
3
4
4
10
7
10
4
8
2
10
6
7
5
3
5
2
4
3
6
6
7
8
10
4
4
7
3
6
10
10
8
2
9
1
6
1
8
6
2
3
9
5
8
4
1
10
2
2
6
4
10
1
9
9
3
1
2
2
6
3
2
4
7
9
7
10
2
7
9
3
4
8
7
1
2
4
6
1
6
2
9
6
4
1
9
8
2
2
5
6
9
4
7
10
9
7
2
4
10
2
10
2
3
9
3
2
2
10
7
5
4
3
9
5
7
4
6
3
1
4
7
7
2
9
9
2
2
4
4
1
10
2
2
5
10
2
9
8
7
7
7
10
4
4
1
8
8
4
0 233 9
0 48 9
0 448 8
0 335 9
0 474 12
1 384 9
1 409 16
1 50 11
2 297 11
2 231 12
2 230 12
2 214 12
2 205 10
3 163 13
3 61 11
3 154 10
3 84 10
4 175 9
4 82 14
1 4 7
4 216 13
4 24 12
4 300 7
5 112 11
5 35 9
5 27 11
5 136 10
5 357 8
5 194 9
5 230 10
6 393 9
6 119 9
6 107 16
6 25 10
7 311 9
7 248 7
7 341 12
7 431 8
8 470 10
8 169 12
8 15 10
8 33 14
8 364 7
8 303 16
9 112 12
9 370 12
9 156 12
9 462 12
9 74 10
10 183 11
10 351 7
10 385 8
10 353 16
10 391 14
11 208 14
11 172 5
11 207 10
11 13 12
11 360 11
12 451 10
12 401 8
12 172 10
12 31 11
5 12 15
12 424 11
13 119 11
13 496 9
13 450 11
13 471 12
14 426 10
14 477 6
14 491 11
15 101 10
15 350 10
15 410 11
12 15 13
15 247 11
15 238 11
15 53 9
16 437 10
16 185 11
16 287 12
16 178 13
16 465 9
16 227 12
17 37 10
17 321 11
17 410 11
17 297 11
18 77 11
18 462 11
18 267 9
18 142 9
18 93 11
18 101 14
18 37 5
19 209 12
19 434 10
19 278 10
19 164 10
19 453 12
20 352 8
20 67 12
20 253 13
20 321 8
20 198 8
21 265 9
21 58 13
21 86 13
22 110 10
22 194 11
22 349 10
22 481 11
22 107 12
23 36 11
23 226 13
23 247 11
23 69 9
24 212 9
24 319 13
24 300 8
24 416 9
24 190 11
25 187 12
25 157 10
25 219 9
25 175 10
25 447 12
25 261 10
26 190 9
26 213 11
26 346 13
26 72 8
26 85 9
26 166 12
27 472 11
27 85 11
27 331 11
27 339 13
12 27 12
28 290 11
28 133 10
28 216 12
28 140 11
8 28 7
29 414 10
29 77 6
29 323 10
30 460 10
30 49 8
30 452 6
5 30 11
31 78 11
31 269 12
31 441 8
32 174 10
32 496 10
32 293 11
32 417 11
0 32 14
32 423 12
33 304 9
33 374 15
33 339 13
33 195 10
33 293 8
34 380 11
34 194 11
34 392 10
34 169 10
35 393 9
26 35 9
35 36 10
35 299 9
35 104 10
36 414 11
36 363 10
36 454 13
36 293 12
36 462 8
37 422 13
37 405 9
37 266 11
37 198 15
38 214 9
38 415 8
17 38 14
38 225 13
38 63 10
39 277 14
39 144 9
39 407 9
39 394 11
3 39 12
40 374 6
40 219 11
40 193 7
40 436 12
40 140 7
41 498 12
41 389 9
41 92 14
41 481 9
20 41 9
42 230 12
42 440 12
42 117 11
42 114 11
43 249 7
43 363 15
43 330 11
9 43 12
43 63 10
17 44 10
44 199 9
44 456 9
44 249 11
45 137 11
15 45 12
45 482 9
45 414 9
45 274 10
46 319 13
46 368 9
46 111 11
46 311 12
42 47 10
47 101 11
47 335 12
47 143 11
47 458 8
48 189 9
48 318 12
48 443 13
48 335 9
48 343 9
49 472 12
46 49 13
49 442 10
49 95 16
49 471 8
5 49 7
50 404 11
50 252 8
50 77 13
33 50 9
50 483 10
51 223 10
51 150 11
51 473 9
51 346 9
51 493 13
52 333 11
4 52 10
52 88 13
52 245 11
43 52 11
52 221 12
53 456 8
53 314 11
53 380 7
53 429 11
54 455 9
54 69 9
54 332 9
54 395 14
13 55 12
55 349 9
55 339 14
55 80 5
56 343 9
56 180 7
56 302 9
56 287 6
56 383 13
57 325 10
57 79 10
21 57 11
39 57 7
57 314 11
58 365 8
58 418 14
58 72 10
58 259 13
58 452 9
59 114 10
59 183 13
59 475 11
59 211 11
59 79 9
60 410 12
60 252 14
60 350 12
60 481 10
60 240 7
61 378 12
61 344 13
61 67 10
61 120 9
62 408 9
25 62 8
62 244 10
62 428 14
62 180 11
63 277 9
63 85 10
63 309 8
63 190 11
64 237 12
64 443 12
64 135 12
64 388 10
65 188 13
65 465 10
65 170 8
65 326 10
66 316 8
66 459 13
6 66 10
66 116 9
66 224 9
66 400 11
67 299 7
67 220 9
67 251 13
67 85 10
68 135 9
68 466 11
68 153 13
68 225 11
20 68 12
69 372 10
69 482 8
69 376 11
69 254 9
69 208 10
69 191 7
70 355 10
70 441 12
30 70 14
70 402 10
70 310 9
70 162 7
23 71 12
41 71 10
71 74 10
71 306 12
71 73 12
72 480 11
72 106 14
72 300 14
72 492 10
34 73 10
73 247 8
73 196 8
73 175 9
73 153 10
73 277 14
73 362 8
74 89 14
74 254 13
74 101 9
74 419 13
74 172 9
11 74 11
75 308 13
75 262 9
75 451 9
23 75 11
75 208 8
75 322 12
76 404 8
75 76 12
76 152 8
54 76 9
76 457 12
77 409 14
77 299 11
77 362 12
51 78 10
65 78 10
78 272 7
78 417 12
78 439 9
79 392 11
79 274 12
79 127 10
79 161 10
72 79 12
80 90 8
71 80 9
80 336 15
80 326 12
80 243 12
81 265 12
81 401 9
81 221 14
81 239 11
81 358 8
82 490 8
82 358 11
82 188 13
82 464 13
82 215 11
83 325 9
83 384 10
83 275 8
83 182 10
83 118 9
83 360 10
83 266 13
84 354 11
84 173 10
31 84 10
84 483 11
84 477 15
84 120 9
84 289 12
85 188 12
85 317 10
13 85 10
85 480 10
85 465 11
85 440 12
86 138 13
86 330 11
58 86 10
86 166 14
69 87 7
87 398 13
87 322 12
87 459 10
88 93 12
88 462 8
88 199 9
88 166 11
88 291 8
89 210 10
89 254 14
89 226 10
89 103 10
89 182 12
90 343 10
90 223 12
90 269 12
90 476 12
68 90 11
90 202 10
91 290 11
53 91 11
91 230 9
91 205 11
92 146 10
92 389 11
92 279 9
92 461 11
72 92 10
93 246 10
93 98 12
93 165 13
93 106 13
93 134 8
94 325 10
77 94 7
94 156 12
94 275 12
94 415 9
95 283 12
86 95 10
95 192 10
95 168 12
95 269 15
96 424 12
96 446 9
96 449 8
96 383 12
96 127 11
97 300 11
97 102 4
97 355 9
82 97 15
97 460 10
98 366 10
98 394 10
98 401 11
14 98 11
99 137 13
99 203 10
99 141 13
99 336 12
35 99 11
1 100 10
100 102 8
100 431 12
100 144 13
100 154 7
101 221 12
101 268 10
101 155 11
101 416 10
101 415 6
93 101 12
102 479 7
16 102 12
102 215 8
0 102 13
94 102 11
63 103 11
103 172 10
103 357 12
103 363 12
103 157 13
103 189 10
104 189 9
104 243 8
104 394 9
60 104 9
66 104 8
105 199 10
105 314 11
105 368 10
105 205 10
105 313 14
105 178 8
106 339 11
106 357 13
81 106 11
106 172 9
107 483 10
107 193 9
107 213 10
108 456 11
47 108 11
108 134 7
108 496 11
108 112 13
108 146 12
109 402 13
109 218 13
109 169 12
82 109 10
109 376 11
109 273 9
12 110 13
110 210 8
110 395 13
110 405 14
110 345 11
111 344 11
111 343 11
111 442 11
111 492 8
23 111 11
112 127 11
112 446 10
85 112 11
112 387 9
112 368 10
112 338 8
27 112 13
113 155 9
83 113 11
113 318 12
25 113 11
54 114 11
114 363 11
114 449 12
114 348 11
114 319 10
115 169 11
115 130 11
115 145 10
115 390 10
116 418 11
54 116 11
116 366 10
116 152 9
29 117 9
117 424 14
117 318 13
117 128 10
118 121 8
109 118 11
118 493 9
118 431 11
119 225 11
119 446 12
119 405 13
119 395 11
119 385 9
81 120 15
77 120 12
120 400 7
14 120 12
121 223 12
14 121 10
121 408 13
122 441 7
122 144 9
76 122 15
64 122 11
53 122 12
8 123 13
123 445 7
123 207 13
123 450 12
123 285 11
124 405 12
124 172 9
54 124 8
124 198 11
83 124 10
125 195 11
125 443 10
125 368 13
0 125 10
125 393 10
125 342 12
19 125 9
126 286 10
126 335 15
126 204 7
126 240 9
126 370 8
127 421 11
39 127 13
80 127 8
92 127 11
128 446 12
39 128 10
128 156 10
128 436 11
128 288 10
128 180 12
17 128 7
28 129 10
129 151 9
129 279 10
129 220 7
129 346 9
130 447 8
130 430 10
130 173 11
130 283 7
131 372 10
131 382 13
56 131 9
94 131 11
131 163 8
132 227 9
48 132 9
132 444 11
91 132 8
133 430 10
133 285 9
133 477 10
133 282 11
134 458 8
134 388 12
109 134 12
134 204 9
134 280 12
67 135 11
135 301 12
135 233 9
135 416 9
11 135 10
136 174 7
136 270 10
106 136 14
136 325 11
136 388 8
97 136 8
77 137 12
93 137 13
137 293 11
137 364 12
137 268 8
138 466 9
138 486 11
138 303 12
138 163 10
26 138 11
139 288 7
139 315 10
139 244 11
20 140 7
38 140 11
140 419 13
140 429 9
141 457 10
141 231 11
141 326 10
141 227 10
141 356 9
141 177 12
141 416 9
142 236 9
142 485 9
94 142 8
142 148 14
142 323 10
142 378 9
142 288 11
31 143 11
143 203 13
143 285 8
143 421 9
143 371 14
104 144 10
144 425 11
90 144 12
144 199 9
144 432 10
145 451 7
145 426 10
145 229 9
145 266 10
146 480 10
146 496 10
146 267 10
147 194 9
147 265 12
147 201 11
147 241 9
147 488 10
21 148 11
148 343 13
148 462 12
148 492 15
149 250 14
69 149 13
149 228 10
149 446 9
149 282 7
150 218 10
150 439 12
150 343 12
112 151 11
1 151 10
151 387 10
150 151 11
152 477 12
30 152 8
152 413 7
152 449 13
152 269 9
59 152 14
153 295 11
153 433 11
153 159 8
85 153 10
154 459 11
17 154 10
154 238 10
154 189 9
154 453 13
154 327 9
155 381 12
155 282 10
155 157 10
3 155 12
155 177 13
156 475 11
156 493 13
156 394 8
157 435 11
157 415 12
157 215 11
39 157 10
157 494 10
158 299 6
158 188 9
144 158 11
19 158 9
158 399 12
158 343 10
159 220 9
95 159 11
84 159 14
159 410 11
160 270 10
160 455 9
160 340 9
36 160 10
160 439 10
157 161 9
161 381 10
64 161 12
161 228 13
161 317 9
161 247 12
162 256 9
138 162 10
162 221 13
162 324 8
134 162 11
162 351 10
163 305 13
163 403 10
163 232 12
163 444 14
162 163 10
164 175 12
164 384 13
164 450 9
164 253 11
164 222 9
164 489 14
40 165 11
165 370 7
125 165 11
165 391 9
165 276 14
166 424 9
166 468 10
166 291 10
136 166 9
167 309 9
167 211 11
167 460 9
0 167 11
167 316 10
167 191 10
149 168 11
144 168 12
168 381 12
51 168 11
168 216 9
168 309 11
168 235 9
168 333 12
169 410 9
169 400 11
169 239 11
169 359 11
169 330 12
47 169 13
147 170 15
98 170 11
170 324 7
79 170 14
30 170 12
171 361 10
171 457 10
171 488 11
170 171 12
109 171 9
171 483 14
20 172 12
172 320 7
172 246 12
172 422 6
76 173 14
134 173 9
173 262 9
173 367 7
173 431 11
50 174 11
174 296 9
21 174 9
174 463 10
174 265 12
23 175 9
175 295 11
175 489 13
35 175 10
139 175 12
175 451 11
110 176 10
176 381 12
70 176 11
176 412 11
75 176 11
177 447 11
84 177 12
51 177 13
34 177 11
177 304 8
178 368 12
178 425 10
109 178 13
36 178 8
178 278 9
178 410 10
179 479 10
15 179 9
122 179 9
180 405 9
180 187 8
179 180 11
180 269 11
80 180 12
181 264 12
181 335 12
181 221 11
181 493 11
181 194 5
172 182 11
182 261 12
182 336 8
182 447 13
183 274 12
182 183 9
140 183 9
58 183 9
184 311 8
184 217 8
110 184 15
184 351 12
26 184 8
185 349 12
185 424 10
185 290 12
185 308 11
185 459 7
177 186 9
186 398 13
47 186 11
186 488 10
186 235 10
187 251 12
127 187 13
187 453 10
187 431 9
47 188 10
188 353 10
188 241 11
22 188 12
189 427 13
189 258 12
80 189 10
189 402 10
190 305 14
190 331 12
190 333 12
190 242 14
190 252 11
190 198 13
190 462 11
191 421 8
191 370 3
136 191 12
191 403 10
157 192 9
90 192 10
192 295 12
192 208 12
193 400 13
193 341 6
193 428 10
193 214 10
194 237 9
194 315 8
58 194 5
194 461 12
194 399 12
195 358 12
195 272 15
126 195 16
195 367 5
196 318 12
84 196 14
196 314 11
196 372 11
196 481 14
196 456 10
197 489 12
197 296 12
129 197 9
19 197 14
197 477 10
198 214 9
198 476 8
198 400 11
198 357 10
157 198 10
198 470 9
135 199 10
184 199 13
199 290 10
199 468 11
200 208 14
200 383 12
3 200 9
51 200 11
200 317 13
201 251 10
152 201 12
116 201 13
201 356 8
202 386 13
202 479 12
118 202 8
202 445 13
203 278 12
200 203 12
78 203 10
204 225 8
158 204 11
204 262 11
204 333 11
94 204 12
204 484 11
205 459 9
20 205 8
48 205 9
205 330 12
67 205 13
206 378 12
206 309 7
206 482 9
135 206 10
206 458 12
204 206 12
207 467 11
137 207 8
207 446 12
207 414 9
207 294 8
208 367 6
141 208 11
208 211 9
209 385 10
209 225 15
209 384 14
3 209 8
119 209 8
26 209 10
210 354 10
61 210 10
210 356 9
210 331 13
210 304 9
210 385 10
211 473 13
211 440 9
211 262 9
200 211 10
181 211 8
140 212 13
212 309 8
212 302 10
212 460 9
213 223 12
213 453 12
213 463 12
213 411 10
211 213 11
214 453 10
214 439 12
133 214 9
214 282 12
214 381 6
197 215 11
215 408 10
215 352 10
215 260 14
215 380 13
36 215 11
216 483 13
170 216 12
216 272 10
216 292 7
217 311 8
215 217 13
43 217 12
49 217 14
217 262 12
217 319 9
18 217 11
152 218 8
218 314 13
218 387 9
219 223 9
219 327 12
219 483 7
156 219 13
14 220 9
220 393 11
220 375 10
111 220 8
220 223 12
133 220 11
144 221 12
76 221 8
3 221 10
59 221 10
222 472 11
50 222 9
222 439 12
79 222 15
222 461 9
222 442 11
223 345 9
223 370 11
180 223 12
39 224 9
224 290 11
224 362 11
17 224 6
224 405 10
164 224 14
225 492 13
97 225 13
225 255 7
42 225 10
225 226 8
226 330 10
226 495 12
168 226 11
226 472 9
226 236 12
150 227 13
227 488 10
227 422 10
227 443 12
228 390 12
228 326 8
228 401 8
51 229 11
36 229 9
54 229 11
229 352 12
230 272 10
92 230 12
230 443 12
213 230 11
99 230 10
230 498 11
191 231 11
230 231 15
231 285 11
231 319 9
231 295 10
216 231 10
92 232 11
232 333 8
75 232 10
126 232 11
232 336 12
233 435 9
233 445 7
69 233 11
233 421 9
24 234 9
234 328 9
234 356 13
234 399 9
234 469 10
159 234 12
89 235 10
10 235 12
235 263 10
39 235 8
211 236 11
59 236 9
106 236 12
236 281 10
236 383 11
182 236 11
237 330 12
237 345 7
135 237 11
237 351 13
237 262 11
238 487 13
106 238 12
199 238 10
238 405 12
238 420 8
239 413 7
164 239 14
152 239 11
239 248 12
239 404 14
239 274 10
177 240 9
215 240 11
240 309 9
240 301 13
240 297 12
38 241 11
241 275 9
192 241 9
241 421 8
239 241 12
217 242 8
201 242 10
96 242 10
130 242 8
243 404 10
20 243 16
182 243 9
243 319 12
243 425 13
119 244 12
230 244 10
206 244 10
244 291 6
244 366 10
221 245 6
160 245 10
201 245 10
245 386 13
138 245 9
111 246 13
246 416 11
72 246 13
214 246 13
148 246 8
125 246 11
247 351 10
87 247 9
247 263 11
247 463 13
205 247 11
148 248 12
248 373 11
248 387 10
169 248 9
248 425 8
249 259 8
249 419 14
249 297 9
114 249 8
70 250 12
219 250 6
44 250 6
250 453 12
177 251 10
185 251 11
251 256 10
231 251 15
251 395 8
252 474 10
252 331 8
227 252 8
143 252 10
252 489 13
253 488 5
198 253 13
253 377 8
253 265 10
253 478 10
70 254 9
254 371 10
254 269 13
254 421 13
66 254 10
250 255 7
237 255 8
89 255 7
120 255 9
256 482 11
256 270 12
256 410 12
154 256 13
256 262 8
256 272 12
257 403 10
257 294 12
14 257 9
123 257 8
258 497 10
139 258 11
31 258 11
258 411 9
130 258 11
259 291 10
259 315 13
259 425 9
63 259 9
260 343 12
191 260 10
133 260 16
223 260 10
79 260 12
260 324 11
260 441 12
261 411 9
261 286 12
261 474 10
261 268 10
262 477 10
262 316 9
262 488 11
80 262 12
219 262 11
203 262 13
38 263 12
263 485 9
82 263 13
263 463 12
263 477 13
263 322 12
264 356 10
264 461 15
84 264 10
265 314 9
258 265 8
160 265 10
265 466 12
256 265 11
62 265 9
266 287 9
186 266 12
266 399 10
29 266 10
266 429 11
116 267 13
100 267 11
267 273 12
267 338 10
267 276 11
268 302 5
268 455 12
85 268 10
249 268 14
152 268 10
16 268 11
269 329 10
59 269 9
25 269 13
32 269 10
269 464 10
270 289 11
107 270 12
270 355 10
103 270 12
29 270 13
271 359 10
271 423 9
182 271 9
30 271 9
191 272 13
272 454 11
238 272 11
272 414 10
187 272 10
223 272 9
272 485 10
273 429 10
115 273 15
274 362 8
68 274 8
46 274 10
274 457 10
274 484 13
168 274 8
275 306 7
73 275 7
114 275 10
275 357 9
52 275 9
276 346 11
276 415 15
191 276 10
276 365 16
276 428 9
164 277 10
79 277 8
277 413 13
0 277 9
278 296 10
112 278 8
278 321 10
278 369 8
224 279 10
166 279 12
23 279 13
96 279 10
279 285 9
168 280 11
280 477 13
184 280 9
43 280 8
223 280 9
280 494 9
280 416 10
162 281 11
281 356 10
281 371 10
281 338 13
281 387 12
181 282 11
257 282 11
282 486 9
282 449 9
66 283 8
283 470 9
283 436 11
51 283 11
262 283 12
283 284 11
245 284 7
5 284 10
204 284 9
284 411 13
205 285 11
224 285 6
285 445 11
253 285 12
110 285 8
12 285 9
286 473 12
286 427 12
286 361 8
286 407 9
204 286 8
287 488 12
30 287 9
287 302 9
203 287 10
216 287 13
154 288 11
182 288 10
199 288 11
288 346 10
91 288 5
289 385 11
24 289 10
125 289 11
45 289 7
289 316 9
277 289 7
27 290 11
290 363 12
56 290 11
290 400 13
290 436 10
76 291 10
58 291 12
201 291 13
291 348 11
158 291 12
57 292 12
89 292 10
292 477 10
175 292 12
234 292 9
75 293 11
14 293 11
293 408 10
53 293 10
293 448 12
293 367 7
10 294 8
288 294 13
283 294 11
294 410 11
99 295 13
295 461 10
48 295 11
97 295 12
169 296 8
296 455 15
18 296 12
271 296 10
145 297 7
276 297 7
213 297 8
52 297 7
140 298 8
88 298 10
278 298 16
283 298 10
298 304 12
158 298 10
299 336 11
299 460 16
299 388 12
259 299 12
300 355 7
300 438 15
300 362 12
300 468 10
232 301 14
187 301 10
70 301 10
125 301 9
124 302 11
118 302 11
302 400 12
302 428 12
302 430 13
228 302 9
186 303 12
208 303 11
303 324 7
185 303 8
248 303 10
118 304 9
304 478 8
23 304 10
304 419 11
264 304 10
305 393 9
176 305 11
278 305 11
168 305 10
306 382 15
306 369 9
306 326 10
306 345 11
289 306 9
306 461 13
196 307 6
164 307 10
8 307 9
145 307 15
178 307 10
307 432 9
308 414 10
302 308 11
130 308 6
308 444 9
201 308 9
17 309 11
309 483 11
309 412 10
217 309 10
309 403 9
239 310 11
280 310 11
3 310 8
310 420 13
22 310 10
257 311 11
271 311 13
40 311 10
311 449 8
231 311 10
312 495 11
312 319 8
281 312 11
305 312 11
312 368 11
203 312 9
79 313 12
313 403 11
313 488 13
314 345 8
314 470 7
156 314 13
20 314 9
86 314 17
315 483 11
197 315 12
315 467 10
99 315 11
316 354 13
181 316 14
0 316 11
65 316 15
222 317 7
317 455 11
22 317 12
317 388 6
260 317 10
205 317 11
318 420 13
318 378 8
83 318 8
70 318 11
183 318 12
263 318 11
92 319 11
41 319 10
207 319 10
319 451 11
320 337 9
86 320 10
320 415 11
320 345 12
320 359 13
320 448 11
321 444 12
321 413 11
154 321 11
136 321 7
309 321 15
321 477 10
99 322 6
217 322 8
225 322 9
322 462 14
12 322 13
13 322 5
323 338 12
307 323 10
323 485 11
297 323 10
181 323 8
306 324 9
86 324 9
191 324 12
307 324 10
25 325 12
72 325 11
135 325 9
325 398 10
36 326 13
272 326 6
326 337 13
326 409 9
54 326 10
188 327 9
327 334 10
229 327 10
207 327 11
199 327 13
327 416 10
328 387 10
203 328 8
324 328 10
255 328 12
328 482 14
47 329 10
308 329 11
141 329 10
113 329 10
275 330 12
330 336 9
14 330 8
5 330 8
53 331 7
40 331 13
331 397 7
302 331 6
150 332 10
332 442 9
332 496 8
332 477 13
333 418 11
333 434 12
106 333 9
40 333 13
224 333 14
138 334 11
229 334 10
163 334 10
289 334 8
334 444 10
253 335 11
20 335 12
335 392 10
103 336 11
224 336 10
25 336 13
122 336 10
336 375 6
336 493 13
337 345 11
337 448 13
220 337 7
331 337 13
103 337 10
85 337 11
338 348 14
76 338 9
80 338 10
338 365 14
338 386 12
88 338 10
277 339 14
209 339 11
39 339 8
179 339 13
339 468 11
20 340 9
340 349 9
340 403 11
35 340 12
3 341 10
88 341 10
209 341 11
224 341 11
337 341 9
151 342 11
58 342 7
280 342 6
342 457 9
73 342 13
342 433 11
68 343 14
104 343 9
54 343 7
285 343 11
193 343 13
322 343 10
206 344 10
152 344 9
341 344 12
9 344 13
70 344 8
344 426 12
161 345 13
225 345 10
345 433 10
37 345 10
109 345 13
346 370 12
224 346 7
147 346 9
91 346 8
83 346 12
346 433 10
346 347 10
71 347 14
239 347 10
149 347 13
347 355 14
295 347 7
213 347 9
348 467 8
309 348 8
191 348 12
348 401 10
79 348 10
178 349 10
273 349 13
349 385 8
74 349 12
349 450 9
350 402 14
208 350 11
349 350 7
102 350 13
131 350 8
203 351 14
312 351 11
351 448 9
149 351 9
25 351 7
23 351 8
166 352 10
150 352 8
352 476 11
101 352 8
179 352 10
332 352 8
166 353 11
230 353 9
353 366 10
98 353 10
331 353 10
64 354 10
209 354 6
354 499 15
259 354 13
99 354 14
34 355 12
308 355 11
355 463 15
355 441 12
335 355 10
355 433 7
30 355 10
106 356 9
163 356 9
248 356 13
295 356 11
253 357 9
109 357 8
353 357 13
357 402 9
357 439 11
129 357 9
294 358 10
351 358 11
124 358 11
36 358 11
358 466 12
359 438 9
359 443 12
303 359 10
359 388 9
180 360 8
14 360 10
360 402 9
360 416 10
282 360 13
361 376 10
188 361 13
212 361 13
326 361 11
344 361 9
361 413 8
362 467 10
100 362 11
362 389 9
362 396 13
147 363 12
132 363 12
256 363 9
363 473 11
17 364 10
152 364 12
364 458 6
364 381 9
186 364 12
306 365 10
273 365 14
127 365 10
22 365 11
238 365 11
365 366 12
183 366 14
366 437 11
193 366 11
67 366 12
165 367 6
123 367 11
89 367 9
87 367 10
139 368 11
95 368 11
269 368 9
368 459 11
368 390 9
281 368 11
18 368 9
333 369 9
205 369 8
68 369 11
10 369 10
346 369 9
250 370 11
116 370 11
261 370 11
308 370 11
317 370 12
272 371 10
294 371 10
142 371 10
371 471 11
249 372 9
312 372 13
142 372 6
231 372 10
315 372 8
373 482 7
95 373 11
308 373 11
373 424 12
313 374 8
86 374 8
142 374 12
29 374 13
74 375 9
305 375 12
375 483 15
221 375 10
375 447 12
375 453 12
256 376 8
184 376 9
21 376 9
376 485 10
199 376 10
156 377 12
228 377 13
306 377 13
2 377 10
274 377 12
367 377 11
378 441 10
146 378 11
378 452 10
183 378 10
95 378 10
95 379 12
379 479 10
379 413 10
57 380 10
275 380 10
188 380 11
170 380 10
380 432 10
36 381 9
135 381 11
381 488 11
157 381 13
152 381 7
300 381 11
45 382 12
268 382 13
111 382 13
382 441 10
168 382 11
383 462 11
64 383 8
346 383 10
47 383 10
383 410 11
36 383 11
384 385 11
384 488 9
306 384 14
384 433 14
162 384 9
254 384 8
16 385 9
55 385 12
278 385 13
39 385 11
243 385 12
122 386 9
4 386 13
309 386 9
345 386 13
269 386 13
186 386 8
184 387 13
367 387 12
232 387 8
187 387 13
387 402 14
9 388 9
240 388 9
277 388 10
388 467 12
389 455 8
389 399 9
81 389 12
36 389 11
389 414 9
390 414 11
390 461 9
251 390 8
38 390 13
391 398 12
53 391 16
376 391 12
98 391 12
259 391 12
85 391 10
235 391 9
392 432 12
392 403 6
382 392 8
247 392 9
3 392 12
22 392 12
371 393 14
393 433 7
393 456 9
393 398 10
64 393 14
202 394 8
60 394 11
297 394 8
394 463 4
103 394 11
288 395 10
395 446 10
301 395 10
166 396 13
279 396 10
223 396 10
360 396 12
250 396 11
324 397 11
70 397 10
397 498 6
362 397 14
8 397 13
398 486 11
194 398 11
184 398 7
21 398 13
2 398 12
309 398 11
241 399 8
160 399 8
33 399 10
94 399 11
182 399 12
115 400 11
94 400 10
142 400 13
236 400 9
274 400 11
154 401 9
401 475 11
401 439 14
332 401 9
10 401 11
247 401 11
248 402 12
219 402 10
37 402 13
84 402 10
174 402 11
403 455 11
403 421 10
29 403 7
403 418 8
36 404 10
404 439 11
307 404 9
73 404 8
404 460 8
376 404 9
387 404 13
203 405 9
372 405 11
405 434 9
112 405 10
405 428 6
27 406 9
406 427 11
308 406 12
147 406 14
291 407 12
86 407 11
407 455 8
342 407 10
57 408 8
167 408 13
76 408 13
408 490 10
103 408 9
13 408 7
82 409 10
234 409 11
409 420 11
112 409 10
338 410 11
71 410 7
410 491 11
167 410 9
387 410 13
225 411 13
411 451 7
81 411 9
193 411 11
300 411 7
94 411 12
257 412 9
265 412 9
58 412 10
82 412 10
173 413 10
413 433 13
238 413 13
287 413 8
192 413 10
414 430 12
376 414 10
414 490 10
351 414 10
84 414 9
288 414 12
394 415 9
113 415 11
224 415 9
59 415 11
82 415 13
211 415 12
263 415 11
374 416 12
349 416 13
131 416 12
416 422 12
268 416 9
416 427 11
204 416 10
292 416 14
47 417 11
230 417 11
71 417 10
122 417 8
97 417 12
404 417 9
244 418 8
71 418 11
161 418 13
139 418 13
132 418 11
418 457 13
297 419 11
419 498 11
8 419 11
368 419 10
419 440 10
419 461 12
54 419 12
73 420 12
332 420 15
352 420 12
420 432 12
335 420 7
137 420 12
63 421 10
349 421 8
69 421 10
421 474 10
263 421 9
19 422 8
205 422 12
34 422 10
95 422 10
345 422 10
97 423 11
423 476 10
254 423 10
423 443 12
366 424 12
128 424 8
397 424 11
346 424 11
317 424 9
318 425 11
425 462 16
393 425 11
10 425 9
118 425 11
58 426 9
123 426 10
24 426 11
334 426 13
427 452 8
270 427 11
248 427 10
291 427 9
14 427 7
427 492 13
221 428 8
181 428 12
275 428 9
136 428 9
224 428 8
260 429 12
63 429 11
208 429 8
244 429 12
168 429 13
287 430 11
185 430 13
134 430 7
24 430 12
304 430 10
143 431 10
431 480 12
72 431 12
297 431 12
162 432 11
404 432 11
386 432 7
134 432 11
392 433 11
150 433 10
162 433 9
77 433 8
434 436 12
249 434 10
184 434 12
82 434 11
154 434 12
18 435 12
359 435 11
435 477 11
33 435 12
436 448 11
257 436 12
85 436 9
98 436 12
32 436 10
67 436 11
324 437 11
425 437 10
164 437 13
94 437 11
188 437 11
272 438 10
113 438 11
294 438 9
270 438 11
361 438 10
42 439 10
196 439 10
377 439 9
438 439 12
25 439 12
69 440 11
429 440 11
9 440 12
196 440 7
293 440 9
233 440 11
323 440 8
441 479 11
40 441 10
433 441 12
329 441 12
267 441 11
442 463 14
5 442 9
94 442 10
346 442 12
378 443 11
350 443 11
35 443 14
76 443 12
107 443 11
298 443 13
75 444 12
191 444 11
2 444 11
326 444 10
340 445 11
107 445 9
437 445 8
192 445 12
24 445 15
248 446 12
250 446 8
134 446 10
76 446 9
43 446 8
390 447 7
76 447 12
191 447 8
361 447 8
127 447 13
167 447 12
448 470 13
216 448 9
189 448 11
120 448 9
247 448 9
424 448 11
400 448 10
228 449 10
293 449 10
400 449 9
151 449 8
245 450 11
290 450 9
450 462 10
177 450 9
321 450 6
148 450 9
382 451 12
14 451 11
316 451 10
134 451 10
424 451 10
159 451 10
84 451 10
201 452 11
170 452 10
316 452 12
452 487 9
452 454 8
451 453 11
196 453 11
206 453 9
371 453 13
18 454 12
150 454 16
99 454 11
343 454 11
454 496 10
220 455 15
369 455 7
253 455 10
85 455 10
456 486 10
391 456 10
96 456 8
75 456 11
457 460 9
26 457 13
7 457 9
77 457 10
145 457 13
274 458 10
203 458 7
81 458 9
41 458 9
458 499 12
409 459 14
459 470 10
188 459 8
455 459 10
290 459 9
215 459 9
460 478 11
236 460 12
241 460 9
109 460 9
246 460 9
215 460 10
431 461 14
461 468 12
370 461 14
64 461 12
144 461 11
160 461 9
297 461 12
81 461 10
344 462 11
427 462 12
2 462 12
200 462 9
240 462 13
17 462 7
221 463 10
463 476 11
403 463 9
427 463 14
151 463 10
20 464 11
262 464 12
140 464 8
263 464 8
381 464 9
57 464 13
157 465 10
459 465 9
262 465 11
31 465 11
21 466 11
22 466 8
417 466 10
342 466 11
105 466 9
23 466 8
73 467 10
436 467 6
131 467 12
65 467 11
359 467 10
311 468 8
258 468 11
30 468 9
257 468 9
321 468 10
116 469 13
135 469 13
199 469 9
149 469 10
144 470 10
194 470 13
192 470 11
470 499 9
470 490 8
275 470 8
380 471 13
398 471 10
352 471 12
74 471 14
424 471 14
345 472 12
168 472 11
6 472 12
64 473 12
277 473 14
473 493 7
435 473 8
240 473 11
26 473 14
302 474 10
21 474 10
192 474 8
474 492 10
225 474 13
395 474 12
133 475 8
312 475 10
299 475 6
90 475 10
152 475 8
422 476 10
473 476 13
155 476 11
433 476 14
294 477 9
134 477 11
233 477 15
369 477 11
93 477 11
231 478 12
182 478 9
471 478 12
70 478 9
49 478 14
457 478 11
201 479 10
460 479 11
466 479 11
355 479 10
56 479 11
321 480 8
339 480 9
7 480 12
361 480 9
447 481 10
478 481 9
372 481 7
21 481 11
134 481 8
352 482 10
397 482 13
252 482 7
109 482 10
39 482 12
466 482 13
483 493 10
194 483 10
151 483 8
409 483 12
392 483 10
117 483 12
419 484 12
478 484 11
370 484 10
202 484 8
363 484 12
270 485 13
72 485 7
41 485 7
25 485 9
234 485 8
469 485 11
58 486 7
114 486 9
348 486 10
30 486 11
337 486 13
367 487 4
130 487 11
396 487 9
23 487 10
394 488 11
0 488 8
336 488 8
232 488 11
449 489 4
93 489 12
3 489 5
344 489 9
221 490 12
153 490 10
416 490 11
279 490 9
14 490 11
100 490 14
390 491 11
224 491 9
284 491 12
323 491 9
170 491 9
381 492 11
421 492 11
327 492 10
382 492 9
39 492 9
62 493 11
395 493 11
349 493 10
325 493 13
358 493 12
116 494 13
7 494 10
9 494 9
490 494 12
460 494 8
125 495 11
59 495 10
11 495 11
54 495 12
234 495 10
430 496 12
472 496 10
432 496 13
422 496 11
271 496 15
119 496 8
250 496 15
197 497 9
132 497 9
5 497 12
120 497 11
311 497 12
153 497 10
273 497 11
346 498 10
17 498 11
31 498 11
78 498 14
238 498 11
227 498 13
376 499 9
278 499 11
84 499 11
171 499 11
251 499 12
303 499 13
