500
0
1
1
8
3
9
3
6
9
9
8
8
1
8
8
10
9
3
4
5
2
8
10
7
1
8
3
5
6
8
5
8
4
1
10
5
7
1
10
6
2
6
4
9
3
6
1
6
8
6
7
6
6
9
8
7
7
4
5
10
5
4
1
9
8
7
3
5
7
5
9
6
7
7
3
7
9
6
2
9
2
6
7
2
7
10
8
6
7
10
6
3
2
3
5
10
4
4
8
5
2
4
2
6
7
5
2
6
3
9
5
6
3
6
8
10
8
1
3
1
9
8
5
3
7
10
7
6
3
9
6
7
10
4
7
6
8
4
10
4
2
10
5
1
5
3
5
2
4
9
6
3
3
3
3
5
9
10
1
2
7
2
10
8
9
2
6
6
8
8
4
3
4
9
2
6
4
2
9
8
3
5
8
3
9
6
10
6
9
2
3
2
4
5
2
7
8
8
4
5
2
4
1
3
8
4
2
7
8
10
2
8
3
2
1
5
9
10
8
7
7
6
6
8
2
5
2
6
4
7
9
4
2
10
1
6
8
7
9
3
10
3
9
4
5
2
6
2
9
8
10
5
5
3
4
3
7
8
2
2
1
3
8
2
4
2
4
3
10
7
5
7
5
8
7
7
10
7
2
3
4
8
8
5
2
9
3
7
1
4
8
2
6
7
8
1
9
4
6
2
5
6
5
5
3
2
4
9
3
7
7
6
5
4
3
2
4
8
5
3
2
9
1
2
2
5
3
3
2
7
8
4
4
5
1
4
3
2
9
9
9
8
6
7
8
3
4
6
8
8
3
7
4
2
7
5
8
7
2
7
3
4
8
10
8
8
3
2
5
1
7
6
10
3
8
3
1
3
9
8
9
6
4
1
5
7
4
3
2
8
9
2
8
6
1
8
8
7
5
1
9
7
3
3
1
6
7
3
7
8
4
2
1
5
4
3
8
7
2
5
3
9
3
9
7
5
9
9
6
6
5
7
6
9
6
7
8
5
7
7
7
4
5
7
9
10
10
8
5
5
1
7
1
5
10
6
8
2
8
6
5
10
3
8
3
8
6
2
9
1
6
2
10
9
9
2
4
9
2
2
2
9
3
4
2
8
7
2
5
4
2
2
5
8
2
5
3
8
8
6
0 213 10
0 281 12
0 387 13
1 428 8
2 409 6
2 485 11
3 402 9
3 387 13
3 288 6
3 375 12
4 404 10
4 52 15
4 137 11
4 260 10
5 499 14
5 414 10
5 157 10
5 219 8
6 158 7
7 255 9
7 260 10
7 372 13
8 222 8
8 401 10
8 107 8
9 98 14
9 169 13
9 245 9
9 422 11
10 268 11
10 253 9
11 377 7
11 35 9
12 378 12
12 314 10
12 254 11
12 375 8
13 352 8
14 235 11
14 307 11
14 473 12
15 294 11
15 66 7
16 468 9
16 202 11
16 266 12
16 484 13
17 77 7
15 17 5
17 261 6
18 462 12
18 101 9
18 354 10
19 113 11
19 69 14
19 471 13
20 367 10
20 136 11
20 147 10
21 158 9
21 398 11
21 56 11
21 195 14
22 397 10
22 32 11
22 140 11
22 431 8
23 110 13
23 352 14
23 25 13
23 360 12
24 215 10
25 219 10
25 391 11
25 257 10
26 454 9
27 341 10
22 27 13
27 483 13
10 27 13
28 112 11
29 372 7
12 29 10
29 36 12
29 378 12
30 310 12
30 176 10
30 205 10
30 240 10
31 82 12
31 126 8
31 459 12
31 73 7
32 438 12
32 456 12
32 46 11
32 192 12
32 130 10
32 327 13
33 401 8
33 400 6
33 99 13
34 85 11
34 493 11
34 37 12
35 188 11
36 62 10
36 233 10
36 85 10
37 370 10
37 480 6
37 252 10
38 256 11
7 38 8
38 49 10
39 478 11
39 488 10
39 476 9
40 487 10
40 450 12
41 150 12
41 195 12
42 318 8
42 395 11
42 160 11
43 378 9
8 43 12
43 461 15
43 432 8
44 148 9
44 282 12
44 85 9
44 400 7
44 437 7
45 206 10
38 45 7
45 387 12
45 258 11
45 281 10
46 277 10
46 352 6
47 130 12
33 47 13
29 47 14
47 450 9
41 48 8
48 224 9
49 179 16
49 195 12
49 143 9
50 462 10
1 50 14
51 445 10
51 369 9
51 258 16
52 310 9
20 52 8
53 440 9
54 462 11
54 125 9
54 494 12
54 499 10
55 178 15
55 98 9
55 308 11
56 120 9
22 56 8
56 489 12
56 349 12
57 483 10
41 57 10
57 224 10
57 322 6
58 152 13
58 315 12
17 59 8
59 334 8
59 144 12
60 218 9
61 375 9
61 305 13
21 61 10
61 413 10
61 373 8
56 62 13
62 141 11
62 336 10
1 63 8
63 147 8
63 164 12
64 234 6
64 241 9
65 78 12
38 65 8
65 80 10
66 84 9
66 210 9
66 160 10
66 317 10
67 474 8
67 329 14
67 236 11
68 413 12
68 379 9
69 497 9
69 215 11
16 69 7
18 69 14
70 252 8
70 350 5
70 280 9
70 115 11
70 73 12
66 71 12
71 324 9
72 434 6
72 238 10
72 415 8
22 73 11
34 73 10
73 245 11
73 320 8
74 323 13
74 413 11
74 455 16
74 420 11
74 118 11
75 455 9
75 123 13
75 292 11
75 233 11
76 369 11
76 255 12
72 76 15
77 403 14
77 173 4
77 175 14
77 132 12
8 78 12
78 308 12
78 91 8
78 179 10
79 391 11
79 179 13
79 159 14
80 476 12
80 195 9
80 414 11
81 287 11
61 81 10
81 486 11
82 140 10
83 250 8
27 83 8
83 264 13
84 87 12
84 254 11
85 151 11
85 208 10
86 359 10
86 191 12
86 170 10
86 411 10
87 300 12
87 396 7
87 391 8
87 339 14
88 113 9
88 302 12
88 206 15
7 88 8
88 189 10
89 193 13
89 140 9
90 280 12
90 492 7
90 172 8
91 336 10
91 141 9
91 353 8
92 292 8
92 138 10
92 158 11
93 375 12
93 271 10
93 199 12
94 391 12
94 361 11
94 314 11
83 95 10
95 376 8
95 113 14
95 347 11
96 97 12
96 233 8
96 105 9
96 447 11
96 155 12
28 97 10
97 331 9
97 215 8
97 286 10
98 230 10
98 481 13
70 98 10
99 292 11
99 318 11
38 99 9
100 454 9
100 262 8
100 356 8
101 401 9
101 257 9
93 102 7
102 212 10
103 284 11
103 315 14
103 280 9
103 410 9
103 329 9
104 316 8
59 104 12
104 159 10
104 272 9
105 401 13
105 420 8
105 137 10
14 105 12
106 242 11
106 259 8
106 422 5
107 456 10
52 107 11
108 363 10
108 446 12
108 305 10
108 406 11
109 462 11
109 237 12
54 110 12
110 166 9
110 345 12
110 155 13
111 422 10
111 322 10
112 142 14
112 296 8
103 112 10
112 429 12
113 301 7
113 117 8
113 185 9
114 317 12
114 450 7
103 115 11
115 163 11
56 116 9
116 126 11
45 116 10
47 116 13
117 455 10
117 176 14
117 456 8
118 143 10
118 231 15
102 118 9
16 119 13
119 310 9
119 306 7
120 395 9
121 174 11
109 121 10
5 122 7
122 242 10
122 267 9
123 217 15
123 251 13
123 192 11
114 123 10
104 124 13
124 254 13
124 339 9
124 481 11
125 219 11
125 352 10
125 174 12
125 163 10
125 241 10
71 126 12
126 479 11
126 274 10
57 126 6
66 127 11
48 127 10
29 127 9
128 386 13
128 443 13
128 334 10
129 452 9
129 226 10
125 129 12
4 129 13
129 301 10
130 150 9
130 166 11
130 206 6
130 281 11
130 415 10
123 131 11
131 396 6
132 409 14
132 159 12
132 174 10
133 489 10
12 133 7
133 143 9
90 134 13
134 389 5
134 349 9
135 367 8
135 291 12
135 183 9
102 136 10
37 136 17
137 207 6
137 459 12
137 487 10
138 305 13
138 462 10
138 454 7
139 186 11
139 384 10
139 356 12
80 140 8
140 146 8
140 466 12
141 486 9
141 421 13
139 142 10
142 310 6
143 151 10
143 321 9
143 241 14
43 144 15
144 404 10
144 240 6
109 144 11
87 145 12
145 345 13
145 432 12
116 146 9
92 146 11
146 227 15
146 461 12
4 147 10
147 340 9
21 148 11
148 288 8
118 148 11
148 418 10
149 150 11
149 195 12
41 149 11
64 149 11
10 150 9
150 216 8
150 364 11
151 326 10
151 341 15
52 151 7
152 393 11
2 152 11
152 257 12
153 158 10
153 232 12
153 191 12
153 420 7
83 154 13
154 431 9
154 460 8
154 288 13
97 154 10
155 427 10
155 381 13
40 155 11
155 446 12
54 155 13
156 356 8
156 201 14
156 461 15
6 157 8
157 267 8
49 157 13
157 395 9
158 370 10
158 280 11
64 158 13
71 159 12
159 494 8
159 241 10
54 160 11
160 268 9
103 160 12
161 416 10
160 161 5
161 319 11
162 372 11
162 283 11
146 163 10
163 341 9
164 430 9
164 336 14
47 164 11
165 172 8
53 165 9
165 356 12
128 166 11
166 287 9
166 176 8
167 475 10
167 314 7
167 222 8
40 168 14
168 247 12
168 267 11
83 169 11
169 261 13
138 169 10
169 192 16
170 440 10
170 254 9
170 401 11
16 171 10
105 171 12
86 172 12
172 405 14
172 310 10
154 172 9
173 389 10
173 301 9
173 286 11
174 355 12
174 458 13
174 279 10
55 174 13
157 175 12
175 277 10
64 175 7
176 498 10
116 176 9
176 231 9
11 176 14
30 177 10
177 229 11
177 270 7
178 456 12
178 265 12
110 179 10
179 345 9
179 474 13
134 180 12
138 180 5
180 300 10
181 485 9
5 181 14
165 182 10
182 462 12
182 480 6
182 417 9
182 497 8
183 424 13
152 183 5
183 326 8
53 183 12
30 184 13
83 184 12
184 388 11
0 185 10
185 423 8
185 481 11
186 494 8
57 186 11
186 345 12
187 221 10
166 187 10
187 395 10
188 212 10
188 496 14
77 188 8
189 287 5
189 297 7
190 241 10
190 305 9
190 484 13
190 270 10
191 337 11
191 435 9
127 191 12
191 424 10
192 495 9
34 192 10
55 192 10
193 395 7
194 480 13
194 243 10
194 358 13
18 194 10
195 374 10
195 330 12
134 195 10
196 399 12
196 480 12
196 221 13
152 196 8
37 197 8
197 339 8
29 198 10
21 198 9
59 198 10
199 269 11
138 199 11
199 444 8
25 199 10
51 199 10
5 200 6
200 293 14
187 200 11
3 200 10
120 201 10
201 312 11
201 449 11
202 412 8
71 202 13
2 202 14
203 268 7
203 351 10
203 339 15
103 203 10
204 212 7
204 405 13
204 345 12
204 430 10
205 310 12
181 205 8
206 331 12
206 393 15
11 207 10
44 207 6
142 207 11
207 447 11
207 309 11
145 208 10
194 208 13
209 487 12
209 434 9
96 209 8
21 210 10
106 210 6
83 210 11
47 210 14
211 258 10
113 211 10
212 303 8
110 212 10
95 212 11
14 213 13
123 213 8
213 495 13
169 214 12
214 421 12
214 290 8
215 475 10
215 418 12
215 238 13
215 410 12
185 216 11
216 340 11
216 271 10
9 216 11
158 217 12
53 217 10
217 251 14
109 218 10
218 462 13
218 300 12
211 219 12
219 404 12
182 219 10
219 263 11
220 419 13
220 280 12
220 394 9
173 221 11
221 222 13
221 224 10
221 418 11
222 277 7
119 222 9
222 312 13
222 493 9
155 223 10
224 420 9
107 224 11
224 414 11
225 377 10
225 395 14
225 478 10
226 243 8
54 226 14
226 423 12
226 455 10
227 307 6
16 227 8
169 228 9
52 228 13
205 228 7
104 229 12
26 229 10
229 491 10
216 230 13
230 308 13
147 231 9
231 445 9
201 231 10
177 231 5
231 274 10
35 232 11
232 366 9
232 453 13
198 232 12
79 233 11
54 233 10
233 401 12
234 359 8
234 298 11
185 235 10
75 235 10
168 236 9
212 236 6
85 237 15
169 237 13
237 479 9
229 238 10
238 311 8
109 238 16
60 238 12
238 446 9
160 239 10
239 438 7
239 312 10
240 335 12
14 240 8
104 240 7
128 241 11
241 343 9
242 309 14
242 371 10
242 333 10
230 242 13
107 242 10
215 243 8
243 355 11
110 243 11
244 281 11
138 244 10
245 467 10
245 269 15
245 439 9
246 416 11
171 246 12
247 355 11
139 247 12
247 354 10
158 248 13
248 297 11
249 487 12
249 339 13
249 288 12
223 250 11
250 373 11
250 299 8
247 251 12
74 251 14
42 251 11
252 257 13
128 252 13
252 440 12
252 253 12
95 253 11
165 254 10
254 427 10
202 254 12
254 340 10
109 255 12
232 255 14
220 255 11
237 255 8
26 256 9
202 256 11
257 306 12
177 257 11
236 257 10
39 258 12
258 338 13
143 258 12
21 259 11
259 487 11
259 383 13
260 436 12
218 260 8
260 277 14
209 261 10
157 262 10
2 262 9
243 262 8
98 262 9
253 263 8
263 386 10
264 435 10
264 388 9
30 264 12
68 265 12
265 395 8
162 266 8
266 267 12
101 266 8
256 267 11
267 321 17
267 412 10
140 267 8
267 319 10
60 268 12
268 335 12
256 268 10
170 269 7
179 269 12
269 429 13
270 442 9
46 270 12
270 299 12
149 270 9
271 312 12
35 271 11
111 272 10
272 375 10
127 272 14
272 350 11
273 354 7
273 383 12
103 274 10
274 491 11
274 292 7
262 275 12
275 427 10
164 275 9
276 302 9
99 276 13
104 277 12
275 277 13
271 277 10
195 277 8
278 386 13
278 346 11
278 458 9
279 497 12
279 302 11
147 279 8
254 280 11
113 280 12
210 281 13
39 281 8
218 281 11
282 493 14
282 465 11
56 282 12
282 381 10
63 283 12
188 283 11
283 441 7
284 468 9
81 284 13
285 379 15
285 499 11
280 286 9
286 365 10
286 420 14
247 287 10
287 404 11
288 314 10
288 304 12
182 288 7
54 288 8
289 356 11
289 293 11
204 289 15
290 492 11
180 290 10
9 291 9
167 291 10
35 291 8
292 363 11
292 362 9
292 416 12
292 375 10
164 293 7
293 296 9
213 293 8
165 293 10
78 294 14
204 294 10
294 385 9
148 295 9
295 438 10
212 295 10
296 307 13
105 296 9
205 296 11
262 296 9
297 377 10
297 391 10
279 297 6
298 433 9
231 298 13
52 298 8
299 403 11
233 299 11
299 475 11
300 400 11
93 300 13
301 443 10
214 301 13
205 302 12
53 302 11
1 302 9
303 336 5
303 385 7
170 304 15
304 483 9
6 304 10
280 305 15
305 463 11
200 305 10
306 313 12
292 306 11
306 401 10
240 307 11
307 475 9
307 367 7
308 316 10
134 308 10
308 339 12
135 308 9
278 309 7
309 363 10
177 310 13
173 310 9
310 410 8
232 311 11
311 360 14
54 311 8
311 497 10
21 312 12
257 313 9
230 313 9
227 313 12
314 480 9
17 314 9
147 315 12
202 315 13
203 316 14
80 316 11
209 316 9
317 433 11
105 317 8
68 317 8
166 318 10
319 464 10
292 319 13
319 431 13
156 319 16
319 397 14
320 376 12
56 320 8
191 321 12
321 436 12
155 321 11
93 321 12
145 322 11
285 322 10
322 419 11
105 322 9
322 498 13
323 337 12
25 323 9
108 323 7
323 374 10
182 324 9
325 476 13
67 325 10
36 325 12
325 341 11
114 326 11
306 326 11
327 479 11
327 419 8
108 327 10
328 489 10
289 328 13
328 357 8
240 328 7
32 329 9
284 329 9
211 329 9
329 415 11
330 419 12
330 345 7
131 330 13
226 331 11
60 331 7
332 334 10
332 451 11
293 332 9
332 471 8
130 333 10
333 402 10
10 333 11
191 333 11
145 334 11
38 334 10
334 396 10
197 334 10
200 335 9
150 335 9
166 336 13
11 336 9
336 377 9
15 337 7
290 337 9
337 483 10
337 460 11
151 338 13
338 404 10
29 338 12
339 470 7
339 458 9
94 339 11
340 479 13
19 340 13
341 484 8
71 341 11
342 465 11
342 384 9
281 342 10
343 493 10
343 427 11
330 344 8
344 442 12
333 345 11
120 345 11
95 345 9
98 346 13
81 346 13
154 346 10
116 347 10
347 465 12
347 360 11
237 348 9
223 348 9
57 348 11
276 349 6
349 376 15
52 349 14
5 350 9
227 350 9
350 381 10
286 350 10
1 351 10
73 351 12
272 351 5
54 352 8
352 457 11
352 485 9
352 384 8
353 491 5
353 377 14
200 353 8
353 388 12
354 366 13
354 370 12
234 354 9
82 355 13
355 403 10
16 355 8
355 457 7
285 356 6
228 357 9
357 475 11
119 357 11
106 357 14
141 357 12
28 358 9
321 358 11
358 478 9
111 358 9
110 359 9
214 359 16
186 360 9
354 360 7
360 450 13
360 491 14
361 448 9
214 361 13
25 362 8
179 363 11
333 363 9
193 363 10
168 363 10
86 364 12
87 364 15
253 365 8
348 365 10
92 365 10
294 366 12
106 366 7
19 366 13
366 492 12
242 366 9
156 367 11
367 455 9
315 367 10
368 434 9
358 368 8
160 368 13
119 369 7
299 369 11
224 369 13
150 370 13
262 370 12
178 370 7
226 370 11
352 371 10
371 447 13
313 371 11
188 372 11
274 372 14
372 484 8
356 373 11
107 373 10
373 443 9
48 374 10
139 374 10
375 438 13
258 375 9
19 375 10
212 375 15
342 376 10
307 376 9
210 376 11
155 376 16
60 376 10
215 377 10
162 377 7
47 378 9
35 378 10
224 379 12
119 379 14
261 379 10
92 380 10
341 380 11
280 380 11
194 381 10
381 402 12
279 382 9
272 382 13
94 382 8
382 426 13
374 382 10
383 411 13
87 383 11
202 384 10
127 384 10
20 384 11
159 385 12
371 385 12
347 385 11
206 385 9
379 385 10
385 415 12
373 386 9
48 386 9
195 386 11
271 387 13
387 497 10
330 387 9
329 388 10
388 466 10
46 388 9
387 389 9
277 389 9
107 389 12
262 389 11
335 389 6
69 390 7
281 390 8
377 390 12
390 443 7
228 391 9
6 391 10
391 475 15
219 391 7
392 393 8
392 423 12
204 393 6
336 393 14
174 394 12
26 395 10
95 395 14
317 395 10
328 396 11
129 396 11
82 396 10
37 397 13
9 397 8
173 397 9
310 398 10
398 482 14
226 398 13
345 398 12
14 399 10
12 399 11
94 399 11
11 400 11
400 495 9
278 400 11
400 470 8
16 401 9
401 491 16
401 460 13
284 401 14
92 402 13
403 487 9
140 403 9
188 403 8
181 404 13
54 404 10
397 404 8
171 405 8
405 409 10
145 406 12
110 406 10
15 406 8
260 406 12
313 407 12
126 407 8
8 407 10
60 407 8
376 407 12
407 489 11
255 408 14
317 408 9
107 408 13
401 409 11
409 419 14
346 409 15
127 409 10
410 425 11
396 410 14
163 410 15
199 410 10
34 411 10
411 498 11
395 411 10
389 411 12
322 412 12
412 432 11
239 412 13
370 412 6
54 413 12
307 413 13
413 478 9
255 413 8
281 414 10
43 414 12
168 414 13
145 414 11
267 415 15
121 415 10
254 415 7
90 415 12
124 416 10
225 416 8
205 416 10
290 416 12
83 417 8
277 417 13
108 417 9
363 417 9
357 418 12
418 434 8
301 418 14
239 419 11
272 419 10
419 486 9
264 420 9
392 421 7
72 421 10
54 421 12
386 421 12
339 422 10
215 422 16
169 423 12
423 444 11
354 423 12
330 423 13
66 424 10
317 424 9
190 424 9
225 424 12
327 425 9
103 425 9
425 458 11
26 426 8
384 426 7
386 426 11
397 426 12
109 426 10
11 427 11
2 428 13
275 428 13
428 466 11
398 428 13
429 463 9
397 429 8
108 429 11
53 429 6
422 430 9
103 430 13
239 431 13
430 431 10
249 432 9
217 432 10
419 432 10
381 432 9
252 433 10
11 433 11
271 433 8
433 450 10
434 438 9
44 435 9
435 497 12
435 485 10
254 436 12
129 436 13
436 446 12
91 437 10
176 437 12
234 437 11
437 441 11
283 438 12
70 439 15
121 439 11
351 440 8
413 440 11
373 441 11
220 441 7
170 442 10
81 442 7
343 442 11
442 469 9
311 443 11
144 443 13
4 443 16
442 444 10
165 444 10
333 445 11
19 445 9
446 498 9
227 446 9
322 446 10
151 446 9
298 447 14
220 447 8
248 448 12
383 448 9
185 448 16
212 448 13
420 449 9
310 449 15
364 450 8
105 450 7
5 450 9
450 464 7
242 451 9
20 451 9
354 451 9
55 452 11
452 495 11
184 452 11
360 453 14
303 453 12
189 453 14
274 454 15
245 454 11
426 455 8
172 455 12
157 455 7
22 456 10
274 456 10
79 457 12
274 457 13
7 457 8
318 458 9
175 459 9
114 459 12
38 459 11
102 460 11
162 460 8
342 461 11
461 492 12
169 461 15
318 462 13
313 462 12
463 479 10
254 463 10
124 464 12
106 464 10
276 465 12
391 466 9
138 466 10
85 466 11
22 466 11
167 467 12
452 467 13
39 468 12
3 468 12
448 468 12
7 469 11
353 469 10
82 470 8
9 470 14
34 470 13
173 470 10
404 471 11
68 471 12
71 471 12
399 471 7
3 472 10
244 472 8
341 472 12
261 473 8
474 488 13
119 474 16
240 474 9
243 475 5
265 476 10
402 476 13
325 477 8
275 477 10
96 477 10
344 477 11
37 478 11
65 478 10
354 479 8
152 479 11
0 480 9
411 480 11
435 480 14
402 480 13
390 481 12
275 481 12
139 481 12
259 482 12
241 483 12
146 483 13
444 484 11
239 484 8
402 484 11
271 484 10
428 484 11
132 485 10
351 485 10
485 495 9
22 486 11
340 486 11
132 487 7
139 487 11
46 487 10
328 488 11
477 488 8
296 489 9
25 489 10
472 489 11
326 490 12
303 490 8
479 490 10
124 491 12
188 491 9
136 492 7
437 492 14
218 492 10
478 492 10
217 493 11
483 493 14
338 493 7
327 493 7
425 493 12
292 494 8
324 494 11
429 494 12
350 495 13
380 495 14
330 495 8
327 496 10
93 496 10
212 496 13
374 497 12
35 498 10
360 498 12
324 498 10
434 498 11
401 498 12
364 499 11
366 499 13
373 499 10
432 499 10
