500
0
10
8
6
2
4
2
7
9
5
8
4
9
6
3
1
8
3
5
9
5
6
4
10
6
7
6
1
5
9
9
9
8
4
10
7
4
5
9
7
1
7
8
10
4
3
7
9
9
6
9
4
7
6
5
2
7
3
2
5
8
8
5
6
9
2
8
5
4
9
10
5
3
9
4
6
4
8
3
8
1
8
5
5
9
8
2
5
9
8
5
5
7
5
6
6
5
3
1
8
2
9
6
6
5
10
5
10
3
4
4
8
2
3
2
2
3
10
3
9
2
7
4
5
8
10
9
9
10
3
4
6
8
4
7
3
2
2
8
9
3
7
5
7
8
1
4
1
6
9
4
3
2
3
7
9
2
9
7
4
4
8
6
5
2
5
3
1
10
3
5
9
8
3
4
9
2
3
6
6
3
4
1
8
3
3
8
7
5
2
3
5
2
8
8
8
2
9
7
7
3
2
8
2
7
5
5
4
3
5
2
10
6
7
2
4
5
9
8
4
1
7
2
4
3
2
8
1
3
6
2
9
9
1
3
6
8
3
3
9
6
1
6
1
8
7
6
5
6
10
9
4
9
8
1
5
10
7
4
4
2
5
9
10
3
2
1
8
8
5
4
2
10
6
5
4
2
8
8
4
2
5
6
8
3
9
5
2
3
7
8
7
9
10
8
1
8
10
5
8
2
2
9
1
3
4
2
6
6
4
9
3
2
7
2
1
8
5
4
9
9
2
5
7
8
4
7
7
5
1
10
5
2
4
7
1
2
2
10
2
7
7
6
8
4
9
8
2
4
8
5
7
4
9
6
5
6
3
9
7
9
7
9
2
1
1
3
1
5
3
4
9
7
8
8
10
8
2
9
7
7
4
8
8
7
6
2
7
4
3
2
8
9
8
7
6
3
2
7
2
4
4
5
7
9
1
7
2
9
3
2
6
1
5
9
7
5
9
4
5
9
4
7
3
4
4
5
7
3
3
9
8
4
10
1
8
7
5
7
10
4
7
2
9
4
1
9
2
3
3
7
7
9
2
4
5
6
8
8
6
1
3
7
5
5
9
2
5
9
6
5
2
9
5
4
7
1
7
7
4
8
6
6
8
7
9
2
4
7
7
7
5
7
9
4
9
6
5
8
3
0 262 9
0 443 9
0 90 15
1 108 12
1 226 10
1 16 12
2 184 13
2 431 11
2 146 7
2 409 12
3 90 11
3 131 9
3 258 12
4 257 9
4 306 9
4 346 11
4 61 10
5 396 9
5 19 9
5 53 10
5 288 10
6 110 13
6 311 12
7 122 12
7 85 10
7 131 8
8 165 8
8 57 11
8 345 8
9 493 13
9 377 9
10 66 8
10 106 12
11 15 10
11 317 11
11 192 7
12 283 13
12 94 8
12 313 11
12 348 10
13 275 13
13 44 12
14 337 9
14 389 9
15 392 9
15 372 10
15 375 9
16 269 12
17 408 7
17 179 8
18 467 11
18 328 12
18 37 10
19 73 14
19 94 10
19 187 9
20 427 7
20 189 14
20 364 10
20 67 9
21 486 14
21 476 13
21 240 13
22 356 9
22 495 10
22 319 10
22 488 11
23 114 8
23 152 12
23 248 10
23 432 5
24 355 10
24 337 10
24 119 11
25 385 10
25 149 9
25 64 12
25 135 11
2 26 13
26 400 9
27 385 13
27 289 10
27 182 12
28 245 8
28 158 9
28 81 10
28 148 12
29 310 8
29 70 12
29 472 8
30 494 6
30 119 12
30 424 13
30 425 9
31 271 11
24 31 12
31 281 8
31 203 7
32 410 11
32 88 13
32 474 9
32 364 14
33 339 9
34 355 12
34 430 12
34 280 9
34 404 10
35 147 9
35 426 10
31 35 12
35 369 11
36 327 11
36 496 12
3 36 9
37 146 13
26 37 11
37 129 9
38 300 12
38 252 10
38 279 12
39 199 11
39 122 9
39 378 13
40 296 12
40 354 13
40 383 11
41 481 9
41 76 14
41 316 8
41 453 8
42 294 15
42 497 11
42 281 11
43 407 9
43 258 13
44 281 10
44 306 9
44 121 8
45 159 12
46 487 9
46 333 5
47 171 13
47 432 8
47 327 11
48 407 12
48 393 8
49 192 8
49 447 6
49 497 6
49 355 11
50 477 11
50 164 12
50 483 12
51 262 11
52 264 10
52 150 15
4 52 5
52 460 13
53 329 11
29 53 10
54 60 11
54 434 13
54 426 11
54 342 7
55 491 9
39 55 7
0 55 10
56 138 12
56 182 13
56 73 13
56 164 9
57 109 12
57 290 10
57 174 8
57 428 11
58 399 13
58 149 7
58 258 13
59 238 9
59 79 8
59 458 9
59 358 7
60 313 11
60 436 10
61 150 9
20 61 13
61 373 10
61 309 13
62 376 13
62 136 10
62 264 11
63 335 12
5 63 11
64 438 11
64 324 10
64 246 9
65 178 8
65 164 12
66 266 13
66 103 7
66 425 8
67 405 11
67 441 12
54 67 11
68 397 9
68 329 15
69 278 10
69 277 8
69 234 9
60 69 10
70 177 9
71 499 11
71 379 9
3 71 7
71 438 9
72 322 8
72 416 10
72 374 10
72 368 13
73 112 11
73 273 5
73 260 9
74 354 12
74 274 7
74 197 16
28 74 10
74 388 13
75 327 8
75 350 10
75 206 10
76 145 12
76 159 13
76 157 10
76 88 8
59 76 10
77 101 14
77 275 12
77 128 11
78 466 8
78 137 7
12 79 7
79 214 9
79 431 11
30 80 9
80 458 11
80 415 10
81 229 9
81 483 9
82 140 13
82 372 8
82 177 13
82 444 7
82 436 8
18 83 9
83 114 11
84 350 5
66 85 10
85 483 8
86 427 9
86 324 10
70 86 11
82 87 10
87 387 7
87 123 11
88 222 9
88 385 9
75 88 9
89 375 14
33 90 5
90 123 9
91 274 10
91 335 11
42 91 10
92 217 9
92 331 9
93 102 8
93 95 9
42 94 11
64 94 7
15 95 11
95 281 12
73 96 14
96 317 8
96 461 9
96 354 10
97 325 11
97 298 8
97 171 11
98 472 9
98 442 8
44 98 14
99 112 12
99 235 13
81 99 11
100 474 8
100 143 8
91 100 10
4 101 11
101 143 9
101 349 12
102 264 10
102 156 11
102 112 12
102 133 13
102 304 10
103 493 14
25 103 10
84 104 12
66 104 7
104 312 13
104 346 6
105 269 10
106 281 12
106 213 15
105 106 13
107 331 11
107 375 9
107 236 11
108 483 12
10 108 11
108 172 11
108 285 9
109 348 12
88 109 10
109 470 9
110 498 13
18 110 13
110 137 8
111 205 9
111 299 12
23 111 9
83 112 12
112 251 14
112 380 10
113 216 13
16 113 9
113 493 12
114 385 8
60 114 12
110 114 11
114 199 11
115 242 7
115 359 7
116 494 13
116 398 9
24 117 13
118 120 9
118 455 8
118 233 14
119 361 9
119 190 9
120 298 11
120 329 11
98 120 9
120 167 9
121 242 10
49 121 15
7 121 9
121 477 10
122 182 10
86 122 12
122 343 10
53 123 10
106 123 11
123 128 6
73 123 7
60 124 13
124 454 10
124 194 8
125 421 12
125 362 11
126 225 8
126 173 7
86 126 12
127 378 12
61 127 11
127 492 8
128 271 9
27 128 11
129 225 8
129 132 9
111 129 10
130 222 10
130 219 10
130 203 14
130 343 12
131 419 12
110 131 8
131 414 9
131 176 10
132 208 14
132 369 8
132 325 11
133 394 7
126 133 12
133 148 8
124 134 11
130 134 11
134 138 9
127 134 10
135 454 11
135 231 11
135 410 13
135 481 8
136 492 11
42 136 15
136 214 10
136 259 11
137 297 9
137 395 11
138 372 9
64 138 10
138 414 8
139 180 11
102 139 9
139 336 10
140 176 7
140 337 10
140 499 11
141 159 10
16 142 7
123 142 9
142 454 12
143 493 12
143 172 13
143 263 11
143 468 10
144 316 7
118 144 11
145 297 9
146 258 11
146 264 6
147 412 11
147 365 7
20 147 10
148 264 12
148 175 11
148 331 11
148 395 13
149 180 12
149 411 11
122 150 7
150 466 12
151 477 9
150 151 12
11 151 12
151 165 12
152 480 14
152 242 11
65 153 9
153 496 12
118 153 12
154 450 12
154 414 13
154 472 11
34 154 8
154 495 5
123 155 9
155 247 12
84 155 11
156 259 11
156 380 11
40 157 13
59 157 11
157 176 8
158 325 10
159 480 9
9 159 11
160 261 12
160 491 12
160 477 7
161 482 11
161 478 11
161 313 9
162 356 10
162 436 12
162 305 10
131 162 13
154 162 8
163 225 8
163 208 11
28 164 9
164 363 12
164 403 11
164 176 15
165 239 7
165 415 14
166 346 12
166 363 8
122 166 8
107 167 10
162 167 9
116 168 11
168 398 11
90 168 10
169 200 11
114 169 12
126 169 14
10 170 10
170 409 10
170 385 14
41 171 8
45 171 8
171 443 10
150 171 10
64 172 12
172 176 12
25 172 11
172 335 11
172 306 10
14 173 9
60 173 10
123 173 9
174 307 7
127 174 9
106 174 13
84 175 7
176 239 11
176 256 11
177 428 10
177 437 8
14 177 12
178 233 8
178 330 14
102 178 11
179 485 10
173 179 11
179 239 9
20 180 7
180 281 10
180 287 11
180 225 10
181 310 14
181 300 8
172 182 10
182 389 9
120 182 7
183 302 11
183 401 12
183 498 11
184 462 11
184 447 8
51 184 9
95 184 10
91 184 13
73 185 11
185 230 8
182 186 7
186 293 8
39 186 14
64 186 13
186 209 12
187 451 13
187 231 12
2 187 13
119 187 11
188 337 9
188 248 11
17 188 6
188 345 7
188 244 7
188 307 10
45 189 12
93 189 8
189 204 11
189 411 11
104 190 9
190 451 11
190 269 12
69 190 11
191 308 8
37 191 11
129 192 14
192 206 8
166 193 11
36 193 11
193 412 8
193 410 11
194 301 9
48 194 12
194 406 12
195 473 12
20 195 9
131 196 8
196 216 9
69 196 13
197 304 9
197 468 10
197 380 11
198 477 9
198 325 9
198 419 13
198 248 12
198 488 10
189 199 12
199 330 14
199 288 11
199 225 10
199 419 10
79 200 10
193 201 13
97 201 9
43 202 9
145 202 9
202 428 12
98 203 11
203 228 12
121 203 12
138 204 8
178 204 8
205 246 11
61 206 12
47 206 13
206 271 10
206 338 15
207 403 12
207 458 7
207 441 11
9 208 10
188 208 6
42 208 13
59 208 12
209 245 12
209 330 11
179 209 9
210 368 12
210 421 10
210 323 9
210 488 12
155 211 11
145 211 13
95 212 10
25 212 12
189 213 12
161 213 9
102 213 14
178 214 13
16 214 7
86 214 14
215 375 10
215 341 11
216 467 11
129 216 11
2 217 15
61 217 13
103 217 7
107 217 8
218 258 8
218 357 11
219 365 12
219 254 12
135 219 11
220 248 11
220 489 9
16 220 10
221 481 7
91 221 11
222 259 13
222 429 10
67 222 8
48 223 11
224 450 15
224 305 11
187 225 14
226 255 12
226 231 11
56 227 10
137 227 10
8 227 9
46 227 10
210 228 8
228 496 8
130 228 13
228 471 12
229 424 8
149 229 11
164 229 12
84 229 9
107 230 11
143 230 12
126 230 10
226 230 11
231 245 14
143 231 12
231 440 12
232 326 10
210 232 13
92 232 11
162 232 7
36 233 12
233 298 8
233 355 11
234 422 11
41 235 8
235 425 11
219 235 9
201 236 14
236 279 11
237 273 9
237 477 11
237 476 8
238 273 9
158 239 8
239 384 10
64 239 10
24 240 10
173 240 11
61 240 8
207 241 11
131 241 11
241 319 7
85 241 11
217 242 11
108 243 10
243 398 12
243 266 11
244 374 13
73 244 9
199 244 11
3 244 10
244 446 9
91 245 10
245 271 11
171 246 10
176 246 7
177 247 10
247 350 7
247 466 7
247 297 10
248 343 11
248 404 12
190 248 10
249 491 10
223 249 9
106 249 11
130 249 11
250 312 13
175 250 10
35 251 11
106 252 10
253 330 11
229 253 7
84 253 8
253 333 15
254 479 12
254 485 10
255 400 9
180 255 12
255 456 9
255 384 10
256 314 8
236 256 14
144 256 8
192 257 9
257 375 10
152 257 14
183 258 10
76 258 12
258 425 16
258 427 10
259 422 8
260 273 11
15 260 11
179 260 11
258 260 13
260 290 9
97 261 8
262 462 10
109 263 9
263 388 13
101 263 12
264 426 12
264 487 9
136 265 14
265 305 11
212 265 9
131 266 9
244 266 11
266 333 10
6 267 10
152 267 9
268 428 10
161 268 11
150 269 9
132 269 11
8 269 11
270 294 12
270 407 9
243 270 13
232 270 9
11 270 11
252 270 13
271 371 13
27 271 9
86 272 10
29 272 8
76 272 11
273 464 8
273 294 10
45 273 11
10 273 8
136 274 9
188 274 8
274 417 8
141 275 9
275 373 9
275 398 10
112 275 10
191 276 8
227 276 6
142 276 11
277 425 10
234 277 12
50 277 12
48 277 12
275 278 8
57 278 11
170 279 10
56 279 10
279 368 14
279 418 11
280 475 11
153 280 12
280 318 12
254 280 8
111 281 10
209 281 8
281 437 10
54 282 14
195 282 11
282 304 8
282 330 11
206 283 12
283 398 7
218 283 14
33 284 9
284 310 12
284 436 10
284 363 11
217 284 10
285 357 10
176 285 14
21 285 15
231 286 8
286 448 10
286 405 11
282 286 13
187 286 9
104 287 5
287 446 11
287 496 14
38 288 12
165 288 9
188 288 9
289 370 10
100 289 14
119 289 7
290 413 10
99 290 12
290 426 10
240 290 11
291 492 12
291 445 10
136 291 7
75 291 10
7 291 9
71 292 12
69 292 9
285 292 10
241 293 11
293 448 11
70 293 9
284 293 11
294 423 11
294 415 11
216 294 11
258 295 10
172 295 13
133 295 11
233 295 12
211 296 9
285 296 12
248 296 9
191 297 9
141 297 10
6 298 9
239 298 7
140 298 8
254 298 13
44 299 11
286 299 10
18 299 9
47 300 9
300 414 9
59 300 12
250 300 10
301 354 10
301 364 13
301 441 9
216 302 12
237 302 10
246 303 12
2 303 10
198 304 13
304 477 9
14 304 10
304 434 10
305 346 11
154 305 10
32 305 11
35 306 9
54 306 7
306 317 11
101 306 10
307 348 9
140 307 11
127 308 9
308 485 9
198 308 13
309 444 13
309 475 13
28 310 12
310 488 10
27 311 10
259 311 9
241 311 10
195 312 8
157 312 8
312 447 13
312 348 12
313 453 11
313 396 9
214 313 9
260 313 14
46 314 12
315 374 11
315 414 9
169 315 10
316 320 9
46 316 14
317 432 10
299 317 9
317 418 13
14 318 8
318 389 10
319 384 14
319 345 12
224 319 8
319 419 10
239 319 8
320 333 10
11 320 11
311 320 16
321 411 9
321 401 12
321 452 12
6 321 8
148 321 10
287 322 12
266 323 10
323 357 9
98 323 10
38 323 9
324 335 8
324 378 8
240 324 11
325 340 10
78 325 8
325 328 9
325 476 11
325 495 10
161 326 11
326 358 9
326 373 8
327 459 11
327 439 11
327 468 8
328 354 10
234 328 11
329 349 11
131 329 9
329 369 11
207 330 12
325 330 10
67 330 11
107 330 10
234 331 9
86 331 10
331 488 12
332 361 9
332 407 11
305 332 9
332 358 13
94 333 10
59 333 9
287 334 13
334 337 11
11 335 11
335 476 9
65 335 18
336 433 9
336 398 12
60 336 11
271 336 8
337 399 9
143 337 10
157 337 11
322 338 13
338 354 8
338 436 11
306 339 9
91 339 13
314 340 11
337 340 8
290 341 7
341 472 11
66 342 5
338 342 10
178 342 7
160 343 6
271 343 11
20 343 11
343 398 11
117 344 12
197 344 13
345 474 11
345 489 9
345 364 12
9 345 11
204 346 12
346 411 11
346 462 10
347 445 14
347 400 15
95 348 9
348 445 5
140 348 10
239 349 11
235 349 11
349 387 12
349 359 13
214 350 11
350 378 11
295 350 12
125 351 11
351 472 9
352 473 15
222 352 13
352 477 10
313 352 12
76 353 11
353 382 9
300 353 11
323 354 14
354 468 15
236 354 13
27 354 10
291 354 12
331 355 9
355 462 13
266 356 9
62 356 12
260 356 14
171 356 11
44 357 10
47 357 11
328 358 14
75 358 10
118 358 9
118 359 8
359 432 15
27 359 9
360 372 8
170 360 12
192 360 11
360 457 10
192 361 12
208 361 8
361 393 13
135 362 10
1 363 8
131 363 8
339 363 9
7 364 11
364 463 10
214 364 11
253 365 12
207 365 12
365 385 11
100 366 12
63 366 10
105 366 13
367 377 13
75 367 10
270 367 13
367 459 12
171 367 14
274 368 13
322 368 9
241 368 11
217 369 14
289 369 6
369 444 9
370 399 11
309 370 13
358 370 13
238 371 8
210 371 11
14 371 10
221 372 9
206 372 10
141 372 10
262 373 11
216 373 6
110 373 12
1 373 10
371 374 6
264 374 13
26 374 13
161 374 14
371 375 11
263 375 12
289 375 10
218 375 8
375 483 10
148 376 12
290 376 11
280 377 8
377 426 9
286 377 8
119 378 9
378 406 12
113 379 12
379 468 11
210 379 11
337 379 8
132 380 10
380 461 12
57 380 10
380 398 10
356 381 14
381 447 9
370 381 13
325 382 10
75 382 11
171 383 10
383 397 9
384 451 8
306 384 10
384 461 10
11 384 10
69 385 14
385 410 12
386 484 15
378 386 10
386 407 9
386 421 14
159 387 7
345 387 12
388 492 12
246 388 13
237 388 8
210 388 11
174 388 11
256 389 11
389 417 10
389 426 9
346 390 11
254 390 11
91 390 10
174 391 13
16 391 11
281 391 6
392 494 14
69 392 13
28 392 10
309 392 12
157 393 12
393 474 10
337 393 12
254 394 10
159 394 9
395 400 11
395 422 13
395 488 9
396 452 12
220 396 10
150 396 13
50 396 12
171 396 15
183 397 11
42 398 7
398 451 8
144 398 13
374 399 12
80 399 11
71 400 9
286 400 9
331 400 12
400 411 10
47 401 12
289 401 9
341 401 12
401 487 14
185 402 12
402 470 9
285 402 12
324 403 10
170 403 9
230 403 11
400 403 7
13 403 8
2 404 13
218 404 7
41 405 10
184 405 9
406 492 12
322 406 11
83 406 10
406 440 13
336 407 10
22 407 6
50 407 11
352 407 10
186 408 10
40 409 13
339 409 12
402 409 13
409 482 16
208 409 11
75 410 12
200 410 8
12 410 9
209 411 8
374 411 6
411 479 12
164 412 10
5 412 11
243 412 12
386 413 14
72 413 9
250 413 8
269 414 10
140 415 9
110 415 9
278 415 8
415 444 13
117 416 11
182 416 13
153 416 10
97 417 10
99 417 10
155 418 7
124 418 9
416 419 9
72 419 11
89 419 13
356 420 9
179 420 12
420 466 10
44 421 12
132 421 12
6 422 9
383 422 10
344 422 10
165 423 11
8 423 11
59 423 10
104 424 9
380 424 8
199 424 10
210 424 10
379 425 9
244 425 8
425 479 10
318 426 12
400 426 12
417 426 13
193 427 12
341 427 9
90 427 13
116 428 9
359 428 11
212 428 12
198 428 12
286 428 7
360 429 10
65 429 13
283 429 8
288 430 8
221 430 11
144 430 9
100 431 12
329 431 8
108 431 11
305 432 13
82 432 10
107 432 9
432 470 14
335 433 11
359 433 9
313 434 13
387 434 12
7 434 13
209 434 12
286 435 6
323 435 10
260 435 10
166 436 10
437 461 12
75 438 12
206 438 12
210 438 8
124 439 13
219 439 13
438 439 9
41 439 12
39 440 8
81 440 12
198 441 9
66 441 7
399 442 9
378 443 11
219 443 11
311 444 10
109 444 11
246 444 9
444 489 9
16 445 8
244 445 12
445 495 10
5 445 7
259 446 12
446 484 11
110 447 11
125 447 10
215 447 11
448 472 9
92 449 13
17 449 8
450 482 12
251 450 15
216 450 8
207 450 9
68 451 11
318 451 9
154 451 10
451 480 11
273 452 8
334 452 11
353 452 11
270 452 12
262 453 10
57 453 14
212 453 9
159 453 13
111 454 11
23 454 9
75 454 11
80 455 11
215 455 13
381 455 10
73 456 10
204 456 11
318 456 11
358 456 11
11 457 8
22 457 11
5 457 9
47 457 10
278 458 12
67 458 13
459 473 8
328 459 10
179 459 11
96 460 10
349 460 12
49 460 14
285 461 8
121 461 12
223 461 11
443 461 12
114 462 9
441 462 11
22 462 9
252 462 11
80 463 11
408 463 10
464 485 10
64 464 11
426 465 7
348 465 11
285 465 11
160 465 11
245 466 11
340 466 8
200 466 11
65 466 10
285 467 10
206 467 12
297 468 7
16 469 10
467 469 9
268 469 10
259 470 7
175 470 8
353 471 13
288 471 9
440 471 9
366 472 6
177 472 9
131 472 10
339 472 10
89 473 11
253 473 9
209 473 11
165 473 12
425 473 9
139 474 9
319 474 9
474 492 11
465 474 9
408 474 9
475 492 11
156 475 10
392 476 10
116 477 12
266 477 12
454 478 11
215 478 11
196 478 9
226 478 13
100 479 13
337 479 10
120 479 7
266 480 10
257 480 9
441 480 12
97 481 12
100 481 15
298 481 10
192 482 10
217 483 13
341 483 10
331 484 10
22 484 8
250 484 11
213 484 12
284 484 10
455 485 11
221 485 10
447 485 13
431 485 9
404 485 10
240 486 12
310 486 11
247 486 11
436 486 7
408 487 8
26 487 10
73 487 12
152 488 11
327 489 8
418 489 9
118 489 8
64 490 8
356 490 12
128 491 11
169 491 7
189 491 7
118 491 9
199 492 8
85 492 13
139 493 8
324 493 9
71 493 7
78 493 14
303 494 12
107 494 11
88 495 10
380 495 11
235 495 14
461 495 12
67 496 12
324 496 9
412 496 11
481 497 10
259 498 12
288 498 13
43 499 13
360 499 11
15 499 10
19 499 14
