500
0
9
1
5
4
4
6
5
3
7
8
6
2
6
9
5
7
6
1
1
7
7
7
5
1
1
7
6
6
2
4
8
9
8
3
5
6
5
5
1
6
4
4
4
5
6
4
9
9
7
7
5
3
8
2
2
9
4
8
6
4
5
4
8
4
8
2
9
9
5
3
10
2
8
6
9
2
1
6
8
4
9
3
9
10
5
10
2
8
2
6
8
7
8
10
4
2
5
2
4
8
3
10
3
9
8
3
6
1
3
5
8
6
5
7
7
4
7
7
5
4
8
8
4
4
4
9
10
8
4
7
6
1
7
9
2
6
5
3
2
6
6
2
4
6
6
8
7
9
6
1
10
10
8
2
6
2
1
7
5
3
2
9
10
1
1
5
4
5
5
8
5
9
10
7
7
10
8
3
2
6
6
9
2
5
9
10
3
7
3
8
5
1
4
10
3
6
3
5
4
3
5
3
3
7
9
3
5
8
7
2
4
1
6
2
6
7
10
8
9
10
3
4
9
2
5
4
7
9
8
8
4
6
7
6
5
6
7
4
5
9
6
9
2
4
5
2
6
4
1
10
4
4
6
7
2
6
3
7
10
6
2
10
6
10
7
3
5
9
2
9
6
3
1
2
3
2
7
9
5
4
2
2
9
2
3
7
4
8
1
8
6
3
9
7
9
2
7
10
9
7
8
3
3
1
8
4
10
6
7
1
6
2
2
5
2
5
10
1
3
6
2
4
8
5
10
1
4
7
8
5
5
3
7
9
2
6
8
2
5
10
2
3
3
7
6
6
1
7
7
2
7
4
8
2
3
10
8
6
3
3
7
5
3
4
3
7
4
7
4
3
3
6
4
2
8
6
8
3
5
9
2
4
2
1
4
7
7
1
1
5
9
5
4
8
8
8
7
8
9
6
7
3
7
8
7
3
3
6
6
10
4
1
3
8
9
5
9
6
8
2
6
6
5
3
9
9
3
7
4
1
2
9
6
8
5
6
2
7
7
5
4
4
9
5
5
5
2
3
8
1
5
5
5
3
6
1
4
2
8
3
5
4
10
9
7
4
7
7
4
3
9
9
5
8
6
8
3
9
6
2
4
2
2
1
3
6
9
10
5
9
9
7
3
10
8
3
1
3
7
0 75 12
0 495 11
0 259 13
0 49 7
0 61 13
0 478 13
0 207 9
0 322 11
0 280 11
1 321 12
1 55 12
1 471 12
1 51 6
1 12 9
1 109 12
1 238 10
2 277 12
2 130 14
2 22 8
2 126 12
2 270 8
2 469 12
2 55 13
2 207 12
2 150 8
2 81 14
2 194 12
3 385 9
3 169 10
2 3 14
3 264 13
3 490 12
3 9 9
3 138 11
3 134 10
3 245 12
4 417 10
4 445 10
4 92 10
4 380 7
4 388 10
4 441 12
4 14 8
4 231 12
4 364 11
4 206 10
5 144 12
5 176 13
5 480 7
5 456 14
5 404 11
5 474 7
5 63 9
5 270 10
5 276 9
6 455 13
6 362 7
6 206 9
6 294 9
6 359 9
6 229 10
6 376 8
6 17 11
6 396 12
7 233 6
7 46 12
7 362 12
7 498 8
7 348 11
7 138 6
7 473 8
7 414 15
7 370 10
7 335 12
7 406 11
8 203 9
8 33 12
8 418 10
8 351 12
8 286 10
8 432 8
8 58 11
8 89 11
8 102 8
9 370 11
9 487 12
9 26 12
9 376 9
9 426 11
9 62 10
9 274 11
9 280 11
9 248 13
9 42 9
9 111 11
10 294 11
10 163 9
10 472 10
10 347 8
10 341 15
10 112 14
10 351 8
10 61 12
10 433 9
10 480 11
11 395 13
11 145 11
11 330 13
11 315 10
11 351 10
11 206 13
11 296 8
11 70 13
11 388 9
11 264 11
12 185 6
12 370 13
12 340 10
12 275 9
12 29 14
12 482 9
12 469 13
12 172 8
12 44 10
13 232 12
13 179 8
13 492 13
13 96 10
13 352 7
13 425 11
13 159 9
13 154 13
13 379 12
13 133 11
13 37 9
14 398 11
14 143 11
14 99 9
14 336 9
14 413 8
14 357 9
14 313 8
14 213 10
14 401 13
14 356 10
14 489 12
14 444 8
15 267 10
15 59 12
15 189 8
15 254 8
15 336 10
15 262 9
15 179 9
15 302 11
15 490 9
15 199 14
15 404 9
15 169 10
16 327 12
16 349 9
16 46 11
16 230 9
16 213 10
16 256 9
16 270 9
16 314 9
16 235 12
16 272 10
16 133 11
17 59 11
17 60 10
17 314 10
17 274 10
17 495 10
17 94 11
17 346 14
17 252 16
18 486 9
3 18 9
18 127 11
18 320 10
18 116 13
18 385 12
18 135 12
18 200 11
18 345 13
18 274 13
18 66 9
19 115 11
19 213 12
19 255 10
19 157 9
19 224 12
19 138 14
19 327 10
19 429 12
19 168 12
19 47 12
20 142 14
20 458 10
20 277 12
3 20 8
20 384 11
20 74 10
20 359 12
20 89 11
20 152 10
21 496 11
21 245 6
21 266 10
21 79 10
21 319 9
21 456 11
21 444 8
21 483 10
22 454 11
22 430 5
22 403 10
22 161 11
22 45 12
22 372 10
22 216 13
22 301 12
22 322 14
21 22 8
23 358 16
23 421 13
23 173 13
23 226 10
23 375 12
23 306 10
23 363 12
24 356 10
24 83 12
24 43 12
24 380 10
24 98 10
24 31 9
3 24 10
24 326 11
24 404 11
24 151 11
25 446 10
25 443 15
25 244 10
25 498 8
15 25 11
25 330 9
25 57 13
25 473 13
25 35 14
26 44 11
26 458 10
26 255 12
26 94 12
26 293 13
26 461 12
2 26 10
26 218 11
26 332 11
23 27 11
27 181 9
27 211 7
27 364 8
27 250 14
27 456 9
9 27 12
27 427 9
27 362 9
27 296 13
27 225 10
27 125 8
28 370 8
28 74 10
28 181 7
28 192 12
28 83 12
28 265 11
28 475 10
28 334 6
28 444 4
29 260 14
29 371 12
29 447 12
29 125 13
29 350 10
29 268 15
29 317 7
29 244 12
29 481 10
30 193 11
30 287 14
30 118 9
30 259 11
30 132 9
30 147 10
30 184 13
30 444 12
30 261 8
30 177 12
21 31 10
31 166 12
31 355 12
31 416 9
31 346 10
31 382 13
31 132 10
31 360 9
31 359 13
31 392 12
32 412 12
32 123 10
32 229 11
32 368 11
32 310 8
32 440 8
32 359 10
32 456 5
32 376 8
32 49 12
32 301 10
32 60 9
33 136 11
33 192 9
33 433 12
33 482 11
33 478 9
33 343 11
33 320 11
33 407 11
33 491 8
33 363 14
34 185 11
34 458 7
18 34 9
34 312 8
34 281 7
34 341 10
34 427 9
34 490 9
35 451 11
35 169 10
35 37 12
35 459 6
35 157 13
35 413 11
35 349 10
35 447 13
35 364 12
36 195 10
36 424 9
34 36 8
36 265 10
36 325 8
36 298 13
14 36 8
36 278 11
36 283 10
37 495 10
37 335 10
37 350 11
37 480 11
37 201 13
37 392 10
37 159 13
37 145 9
37 54 9
37 285 12
38 146 11
38 170 14
38 271 10
38 292 12
38 473 13
38 428 10
38 136 8
38 201 9
38 40 12
2 38 7
39 112 13
39 350 9
35 39 9
39 43 12
39 154 11
39 82 10
39 71 10
39 194 13
39 324 9
40 347 11
40 205 13
34 40 11
40 354 13
40 69 10
40 415 12
40 409 9
40 85 12
40 306 10
40 187 12
40 110 9
41 414 10
41 457 12
41 321 13
41 147 11
41 125 10
37 41 14
41 137 11
41 467 12
41 424 9
41 308 8
41 334 10
42 245 6
42 110 11
42 383 10
42 270 8
42 369 10
42 232 8
42 142 9
42 323 11
42 284 7
42 433 13
42 241 8
43 378 8
43 308 16
43 103 8
43 255 13
42 43 9
43 422 12
43 399 12
43 471 12
43 272 10
43 352 11
44 123 13
44 328 10
44 280 15
44 474 13
44 494 8
44 294 8
44 341 8
44 182 11
44 48 10
44 183 12
44 89 11
45 111 9
45 190 9
45 206 12
45 227 12
45 488 6
45 129 12
45 241 8
45 295 10
45 114 9
45 301 10
46 352 13
46 104 14
30 46 11
46 221 13
46 119 13
46 302 11
46 107 8
15 46 10
46 124 7
46 278 9
47 477 9
47 226 12
47 141 11
22 47 11
47 475 9
25 47 9
47 271 14
47 254 11
47 394 11
48 200 12
48 154 8
48 76 7
48 201 12
48 432 11
48 96 8
48 140 9
48 328 9
48 143 13
48 470 9
29 49 11
49 310 13
49 59 9
49 361 10
49 56 8
49 343 11
20 49 9
49 441 10
49 443 9
50 138 10
50 108 11
50 339 8
50 394 11
50 388 10
50 273 10
50 141 10
50 377 12
50 78 6
50 228 7
50 369 13
51 309 10
51 120 8
51 101 12
51 470 11
51 133 10
51 341 14
19 51 11
42 51 8
26 51 9
52 223 14
52 471 12
52 433 10
36 52 9
52 170 9
52 346 10
52 337 10
52 349 10
52 258 12
52 347 10
52 140 13
53 285 13
53 264 12
18 53 9
53 158 11
53 368 8
53 87 11
53 496 12
14 53 9
53 138 11
54 493 14
54 309 13
54 397 9
54 375 10
54 336 10
54 478 12
54 491 13
54 174 13
54 80 16
54 355 13
55 216 11
55 427 8
55 91 8
55 112 13
55 73 10
55 338 11
55 386 9
55 76 11
55 183 13
56 432 9
56 202 7
56 365 9
56 314 11
56 449 12
56 313 10
56 135 13
56 102 11
56 224 11
56 342 8
57 384 10
57 369 8
57 481 7
57 379 10
57 150 11
57 300 9
57 498 10
57 357 11
57 167 12
58 204 10
58 357 12
58 369 8
4 58 14
35 58 13
58 333 11
58 262 12
58 114 16
58 171 10
58 412 7
59 213 13
59 220 12
59 493 11
59 67 10
59 206 12
59 159 14
59 358 11
59 120 7
59 190 11
59 127 13
60 147 8
60 76 9
60 396 13
60 247 9
60 433 7
60 298 9
60 466 10
60 122 10
60 166 9
60 359 9
60 408 8
60 100 10
60 232 11
61 432 9
61 270 12
1 61 12
61 470 10
61 434 10
61 419 12
61 474 11
45 61 11
61 299 11
61 64 12
62 358 11
62 392 9
62 376 12
62 183 10
62 422 10
62 487 10
62 446 10
52 62 14
19 62 8
62 154 9
63 91 11
63 139 14
51 63 8
63 165 12
63 355 14
49 63 14
63 197 15
63 142 13
63 323 9
63 376 9
64 308 10
64 230 10
54 64 15
64 396 10
63 64 11
64 173 14
64 429 7
64 311 12
64 376 9
64 446 11
65 302 13
65 474 13
65 354 16
65 249 14
65 352 9
65 409 12
65 290 11
65 212 11
55 65 14
65 441 11
65 150 15
6 66 11
66 102 12
8 66 11
66 145 11
66 481 7
66 165 10
66 178 11
66 218 12
66 233 11
66 159 12
49 66 9
28 67 6
67 406 13
67 136 12
67 287 12
67 411 12
67 445 11
67 288 11
67 317 11
61 67 10
67 447 12
68 405 11
68 341 10
68 186 12
68 155 11
68 380 10
68 132 11
68 476 8
68 428 12
68 75 8
30 68 8
68 319 14
69 107 8
69 80 6
19 69 10
69 351 6
69 497 9
69 449 6
69 454 10
27 69 8
13 69 12
54 69 11
70 461 11
70 171 8
36 70 10
70 114 9
70 397 10
70 255 9
70 294 15
70 232 10
56 70 11
71 366 8
8 71 12
71 344 11
71 266 5
71 166 11
71 398 10
71 350 11
71 298 12
71 136 8
71 404 11
72 121 10
38 72 9
72 169 9
72 86 9
72 167 12
72 249 13
7 72 8
72 451 10
72 189 14
72 471 8
72 270 12
72 343 11
43 73 12
73 241 8
73 322 7
73 105 13
61 73 9
73 273 12
73 237 11
73 309 15
73 433 14
73 207 9
74 315 12
74 285 10
6 74 14
74 163 9
74 301 11
74 459 11
74 490 10
74 378 9
74 404 11
74 266 7
75 99 8
34 75 12
75 322 8
75 190 13
75 141 8
3 75 13
75 132 8
75 397 8
75 466 10
75 331 9
75 142 8
76 106 8
76 93 8
76 486 10
66 76 8
76 460 12
76 166 7
76 405 10
76 159 9
17 76 10
76 398 11
76 188 8
77 397 12
68 77 12
77 102 10
77 115 11
77 112 9
77 293 13
77 140 9
77 139 8
77 339 11
77 235 12
78 314 11
78 132 13
78 364 12
78 375 7
78 245 11
78 170 10
78 419 7
78 367 11
78 424 8
79 409 12
79 98 8
79 266 13
51 79 12
79 270 15
79 247 9
79 358 12
79 171 8
79 282 12
79 90 12
80 320 11
80 455 12
80 444 13
80 363 11
80 314 8
80 89 12
80 423 10
80 453 11
80 364 11
80 167 10
80 456 13
81 293 11
81 151 14
81 240 11
81 280 10
81 461 11
81 245 8
81 406 13
9 81 17
81 407 8
81 299 6
82 127 10
82 261 11
82 450 9
82 315 12
82 90 11
21 82 11
82 275 9
82 158 10
82 299 13
83 102 11
83 107 11
83 239 10
83 313 11
83 255 8
83 193 11
83 423 12
83 248 10
60 83 14
83 270 10
84 428 11
84 251 13
84 182 9
84 160 13
84 359 8
84 403 10
84 300 10
84 320 11
84 201 10
84 276 11
82 85 11
85 142 10
85 240 14
85 375 10
85 374 4
14 85 7
85 395 12
85 158 11
85 101 12
70 85 11
85 479 8
86 128 12
86 341 12
86 228 10
26 86 9
86 227 12
86 396 11
86 237 13
86 157 10
86 250 8
86 268 10
86 490 13
87 270 8
87 396 9
87 148 9
87 269 12
87 102 12
87 477 11
87 103 9
87 125 9
83 87 12
87 258 8
88 490 10
58 88 13
88 469 10
88 447 11
88 164 13
88 142 12
88 197 11
88 162 9
88 227 11
45 88 10
89 430 10
45 89 9
89 219 13
71 89 10
89 293 8
89 379 8
89 111 7
89 466 15
89 309 10
89 303 8
90 428 13
88 90 11
90 146 10
90 101 10
90 315 9
90 144 8
90 227 10
90 276 9
90 286 10
91 389 12
91 491 13
91 375 10
91 429 10
91 308 13
91 96 8
91 163 9
91 170 10
91 157 9
91 104 9
91 351 16
67 91 13
92 212 8
92 284 9
92 112 11
92 414 9
92 359 11
28 92 12
92 156 9
92 274 8
92 392 16
93 148 11
93 423 12
93 238 8
93 367 10
93 340 7
38 93 7
93 265 8
93 360 13
78 93 10
93 266 7
94 434 14
94 322 13
94 386 13
94 286 11
94 114 10
94 109 10
94 140 8
94 363 12
58 94 9
94 467 13
95 296 9
95 282 11
90 95 8
95 354 12
95 367 11
95 182 8
45 95 13
95 225 12
95 341 12
95 275 9
96 292 12
96 462 8
96 348 10
96 484 8
96 309 7
96 272 10
96 429 14
96 175 10
96 323 11
97 298 9
97 396 8
97 250 12
97 144 12
97 178 10
97 440 9
97 320 7
97 380 13
97 350 9
97 419 12
97 152 8
98 203 8
98 331 11
98 314 13
98 360 8
98 479 10
98 425 12
60 98 10
19 98 8
23 98 10
99 227 8
47 99 13
99 222 12
99 312 13
99 440 14
65 99 10
99 411 8
99 340 10
99 195 11
100 159 14
100 310 9
100 288 10
100 440 12
100 438 15
100 256 11
72 100 15
100 406 8
100 162 14
13 100 13
96 101 12
101 205 12
76 101 11
101 288 11
101 329 11
101 251 9
101 468 16
101 415 8
102 459 9
102 447 13
102 418 8
102 318 12
102 309 12
102 187 10
102 422 12
102 136 10
102 357 5
102 486 14
102 341 9
102 220 13
103 293 9
103 415 13
103 193 10
103 391 11
103 495 11
103 248 7
103 138 11
103 272 8
103 385 9
103 399 11
76 104 9
104 335 14
104 119 12
104 350 8
5 104 7
104 474 6
104 304 12
61 104 14
104 186 11
104 396 9
7 105 13
36 105 13
105 421 11
105 472 10
105 410 6
105 114 11
105 440 10
105 131 9
105 205 8
48 105 10
106 471 10
106 223 12
106 303 10
106 293 12
106 298 10
7 106 12
106 277 11
106 268 7
36 106 11
106 383 10
28 106 11
106 197 12
107 411 9
107 331 9
107 148 10
107 299 11
75 107 12
107 198 9
107 493 10
107 463 8
93 107 10
107 426 12
108 476 11
108 115 10
108 283 10
108 459 8
108 316 13
108 378 9
108 460 9
74 108 13
44 108 14
108 114 9
109 338 11
109 202 12
109 359 11
109 176 11
109 346 12
109 335 14
6 109 7
109 258 7
109 156 10
109 397 13
99 109 11
110 260 13
110 429 10
110 210 11
110 435 8
110 195 12
110 181 13
110 365 9
110 286 9
78 110 9
111 194 12
111 151 5
111 399 11
111 400 11
111 355 9
111 475 12
111 135 10
111 346 11
111 202 13
112 489 12
112 306 10
112 278 8
112 418 7
112 340 12
112 193 10
112 137 12
112 260 12
112 327 11
70 113 9
113 286 8
85 113 12
34 113 10
113 416 10
113 229 9
113 282 12
113 116 9
113 457 12
113 161 8
114 321 12
114 391 8
114 388 10
5 114 10
114 310 6
0 114 9
114 180 12
114 322 11
114 463 9
23 115 8
12 115 12
115 480 10
105 115 11
115 477 9
24 115 9
115 328 9
89 115 12
115 367 10
115 280 11
29 115 13
115 395 13
36 116 10
116 435 10
42 116 11
116 469 10
116 460 11
116 289 7
116 211 12
33 116 9
116 213 11
116 333 14
117 295 13
117 149 14
25 117 10
111 117 10
117 316 9
78 117 10
45 117 9
117 236 12
117 198 10
72 117 11
117 351 6
118 243 11
118 338 14
118 191 14
34 118 11
118 216 9
107 118 8
104 118 14
118 192 12
110 118 10
119 290 10
119 318 8
119 164 11
119 243 11
119 439 11
119 336 13
119 498 10
119 296 11
97 119 12
119 355 13
119 169 11
120 384 11
120 265 6
100 120 9
120 391 10
120 448 10
120 488 10
65 120 12
120 472 10
120 324 11
87 121 10
121 178 11
121 146 12
115 121 12
121 258 8
121 262 10
121 154 11
121 287 9
121 488 12
3 122 6
40 122 7
122 345 12
104 122 8
87 122 9
122 242 12
122 433 10
122 270 11
122 128 11
122 237 9
123 375 12
51 123 13
123 180 12
101 123 14
123 359 10
123 452 9
116 123 11
123 156 11
123 259 11
124 209 13
124 257 8
89 124 13
102 124 15
124 354 9
33 124 8
124 399 9
124 148 12
125 276 12
124 125 11
111 125 10
125 393 10
125 346 13
100 125 8
125 388 10
125 496 14
82 125 12
125 160 12
126 199 11
126 321 8
41 126 15
126 434 11
38 126 11
126 260 10
62 126 8
126 211 8
126 187 14
126 430 10
127 421 11
127 355 14
127 406 11
127 397 13
40 127 12
127 301 13
63 127 8
127 223 9
127 344 14
127 407 9
128 447 11
109 128 13
128 263 9
128 241 15
64 128 10
128 361 12
128 399 11
128 257 15
128 178 10
128 269 13
129 410 11
129 266 11
16 129 12
129 473 11
129 457 11
129 321 12
129 304 11
129 382 13
129 319 9
129 387 9
130 234 12
130 241 10
130 198 11
130 357 7
130 223 11
130 296 10
81 130 11
130 345 9
130 236 9
131 488 10
131 444 9
131 380 11
131 452 14
12 131 10
131 463 11
65 131 11
131 213 9
131 481 12
8 131 11
29 132 14
132 325 12
132 163 15
70 132 8
132 389 8
132 266 8
132 288 9
132 349 8
132 303 8
133 468 11
133 299 11
133 354 16
133 362 11
133 343 11
85 133 11
133 310 12
133 169 12
133 194 10
52 134 13
91 134 11
134 169 12
134 321 12
134 189 9
134 414 10
134 444 10
99 134 9
134 154 9
134 332 11
134 361 10
132 134 7
135 289 15
135 382 9
134 135 12
135 200 8
45 135 8
135 428 9
135 319 7
135 406 12
135 297 8
117 135 14
135 392 8
135 237 11
136 312 9
136 175 14
136 157 11
34 136 11
136 226 12
136 479 12
136 358 11
115 136 11
136 393 11
136 238 10
137 344 11
137 492 12
137 161 11
134 137 10
137 403 14
137 345 10
137 396 14
137 232 13
138 357 6
0 138 12
138 473 13
138 337 13
69 138 9
60 138 8
29 138 12
138 449 12
138 389 9
139 309 9
72 139 12
139 151 10
80 139 7
139 375 9
139 254 10
139 434 12
139 378 13
139 190 10
74 140 11
132 140 8
140 377 13
140 259 15
140 322 15
93 140 10
140 232 13
103 140 9
140 360 13
141 482 10
141 408 11
141 171 14
25 141 7
141 495 9
141 307 9
107 141 9
141 222 9
30 141 10
13 141 10
142 349 10
78 142 12
142 300 10
142 382 12
70 142 11
74 142 10
6 142 13
142 211 11
24 142 9
142 297 11
142 411 7
143 270 12
143 246 9
143 360 14
143 172 10
143 202 7
143 153 9
143 294 8
143 455 9
143 336 9
143 274 9
143 170 9
144 289 12
144 222 11
144 359 9
144 360 11
144 317 12
144 152 11
144 168 13
22 144 12
144 482 11
41 144 11
15 144 9
145 404 10
145 253 10
145 361 10
145 427 13
135 145 12
56 145 14
40 145 11
72 145 15
145 258 9
146 243 11
146 411 13
146 327 12
146 413 13
146 229 10
5 146 9
146 475 10
47 146 14
115 146 8
146 186 8
147 386 5
147 316 11
147 254 12
147 463 8
114 147 11
147 193 15
147 201 15
147 410 11
147 263 15
147 324 11
148 291 15
148 213 9
148 441 11
148 385 11
148 459 11
148 219 11
148 328 10
148 286 11
149 384 6
31 149 13
149 379 7
149 436 11
149 446 9
149 219 14
149 461 8
149 484 13
149 462 9
149 453 8
150 390 12
124 150 10
90 150 13
47 150 8
150 305 15
87 150 9
150 405 11
146 150 10
150 289 10
101 150 10
78 150 10
151 389 8
151 334 8
151 204 13
151 420 12
151 457 14
151 462 14
116 151 12
151 451 12
151 248 10
152 417 13
152 374 8
152 188 10
152 451 12
152 458 12
126 152 8
152 276 12
152 330 10
121 152 8
152 409 7
19 152 10
152 194 12
125 153 11
153 421 13
153 375 11
153 304 10
153 297 11
153 365 12
153 376 10
40 153 13
62 153 11
91 153 13
61 153 7
47 154 10
42 154 8
154 213 13
154 446 11
8 154 11
154 301 8
154 372 11
154 271 8
128 154 12
154 444 12
154 411 10
154 177 8
155 226 11
155 408 12
63 155 9
155 167 14
155 350 11
155 314 11
124 155 13
118 155 14
156 379 13
156 223 12
86 156 8
156 367 14
156 198 11
128 156 9
156 401 13
96 156 8
156 186 9
156 266 13
157 161 11
157 329 10
157 486 9
58 157 12
157 385 12
78 157 13
22 157 10
157 311 14
157 267 11
157 389 12
99 158 12
158 180 10
158 359 11
158 226 10
158 207 9
158 308 12
158 441 10
158 237 9
158 159 12
159 384 8
159 338 10
159 328 11
159 375 7
159 393 12
84 159 10
35 159 9
101 159 12
159 396 13
159 479 8
160 229 10
113 160 8
160 487 13
160 194 15
137 160 14
160 382 15
160 390 10
160 401 11
160 319 8
160 407 6
156 160 12
161 421 10
7 161 10
19 161 11
118 161 10
66 161 12
161 471 11
161 316 12
161 335 13
161 307 10
161 485 12
161 170 12
161 363 14
161 371 12
161 255 8
162 394 12
54 162 10
162 284 10
89 162 10
109 162 11
162 245 9
162 411 15
162 372 12
55 163 9
163 366 13
163 484 8
20 163 10
30 163 14
163 204 12
163 207 13
163 421 10
163 411 9
62 164 9
136 164 7
155 164 13
164 314 8
164 203 7
54 164 13
66 164 12
164 329 13
164 408 14
164 427 9
164 305 11
116 165 13
165 172 11
157 165 9
165 232 10
137 165 9
26 165 10
165 348 10
165 397 9
165 427 13
165 249 9
165 297 14
166 426 11
166 256 14
166 364 10
166 405 13
166 236 11
166 267 9
74 166 12
166 247 10
167 457 10
46 167 8
167 479 9
167 198 12
167 391 10
167 434 9
39 167 12
167 411 7
167 337 13
167 227 9
167 303 13
168 427 11
136 168 9
168 324 11
168 462 10
168 291 7
168 354 9
161 168 10
41 168 12
168 269 8
169 389 8
169 250 6
169 326 12
169 391 10
169 173 11
169 248 10
2 169 10
67 169 11
7 169 12
169 427 11
170 442 11
170 254 8
170 317 10
170 486 12
95 170 9
170 252 9
170 498 13
170 183 12
170 408 11
170 301 11
171 205 9
171 287 12
147 171 10
8 171 11
116 171 7
171 366 9
171 176 7
171 486 10
168 171 8
171 304 14
172 391 9
158 172 11
172 492 10
153 172 9
172 361 8
172 421 11
172 406 10
172 440 9
163 172 12
172 488 9
104 172 4
99 172 7
173 436 12
173 175 10
173 389 12
164 173 12
32 173 10
173 346 10
173 182 11
173 413 10
173 442 13
29 173 16
173 318 9
66 173 11
174 210 11
174 298 10
62 174 12
174 245 9
174 244 12
174 336 10
174 410 13
174 196 8
174 258 13
175 282 11
175 223 11
175 337 10
175 462 11
175 277 12
39 175 10
175 311 12
175 333 9
136 176 11
176 275 8
176 255 12
176 407 13
176 384 13
176 200 14
176 306 8
169 176 11
158 176 9
6 177 9
177 491 14
69 177 13
82 177 11
3 177 8
177 203 10
177 475 6
177 453 10
177 360 14
177 180 9
178 356 8
8 178 10
178 477 10
65 178 8
178 267 12
178 397 12
178 268 10
75 178 10
76 179 10
179 458 9
179 476 8
179 245 9
179 204 10
179 442 9
106 179 9
22 179 8
140 179 9
179 468 9
179 329 15
179 309 10
180 484 12
180 440 9
29 180 14
180 361 13
94 180 12
180 227 11
180 365 14
11 180 12
180 304 13
181 238 9
181 289 11
84 181 7
181 340 11
181 456 11
181 427 11
181 241 13
181 261 11
34 181 10
182 395 9
8 182 11
182 303 11
182 416 11
182 457 11
182 190 11
182 208 10
182 438 9
182 345 9
183 418 9
183 219 10
82 183 9
183 199 8
183 363 10
183 342 15
183 348 13
158 183 11
146 183 12
127 183 10
149 184 14
39 184 11
184 412 13
184 185 10
184 389 13
123 184 11
52 184 12
115 184 13
184 301 11
184 457 10
184 202 13
185 280 11
13 185 14
60 185 13
99 185 8
185 189 11
40 185 10
185 473 10
185 469 11
185 350 8
79 186 12
186 323 11
186 232 11
186 474 11
186 429 13
186 403 9
186 430 9
27 186 14
186 444 10
186 329 13
109 187 11
187 355 12
54 187 10
187 201 11
187 420 10
139 187 10
187 435 14
162 187 12
187 248 14
2 187 14
188 265 11
154 188 11
188 436 7
114 188 10
188 377 8
6 188 12
168 188 14
188 310 16
39 188 12
138 188 6
156 188 10
188 193 9
189 458 9
85 189 12
0 189 9
189 483 9
189 336 14
189 270 6
97 189 9
189 481 13
189 207 7
190 392 12
73 190 10
190 395 12
190 397 13
190 461 10
190 320 8
190 295 10
190 434 12
190 409 6
39 190 9
28 190 11
191 326 11
191 461 11
191 235 9
49 191 11
191 276 11
191 388 11
191 470 9
59 191 13
164 191 9
26 191 8
43 191 7
67 192 7
192 379 13
192 289 11
87 192 14
192 452 9
176 192 11
192 418 10
192 352 12
192 241 13
104 192 13
169 193 11
93 193 14
193 262 14
26 193 9
193 427 9
138 193 8
170 193 12
146 193 10
193 297 10
193 390 9
194 227 11
194 456 11
106 194 10
194 337 13
129 194 12
194 197 8
194 236 10
137 194 9
155 194 10
114 194 16
195 457 11
183 195 9
195 271 12
17 195 8
68 195 11
106 195 8
195 358 10
195 496 9
195 431 12
195 421 9
196 318 9
196 474 11
196 298 11
4 196 11
12 196 10
138 196 10
142 196 12
64 196 13
10 196 9
196 328 10
73 197 12
197 228 12
197 244 12
159 197 8
197 337 6
197 274 11
197 384 4
197 229 12
197 383 8
197 287 12
83 198 11
198 446 13
198 301 8
198 483 12
198 323 10
198 420 10
33 198 12
121 198 11
199 271 10
199 249 8
199 337 12
199 415 12
199 404 7
199 459 10
84 199 13
199 248 9
73 199 14
200 350 10
200 392 13
196 200 9
200 288 12
88 200 10
200 408 12
77 200 11
200 468 11
200 254 15
200 332 9
201 371 10
201 484 11
201 328 6
201 482 10
201 446 12
201 427 10
201 264 12
201 240 10
201 279 11
202 211 11
202 220 11
1 202 10
202 471 8
189 202 11
202 346 10
202 249 9
202 207 14
202 347 10
203 475 14
101 203 11
195 203 11
203 370 11
171 203 11
144 203 13
203 351 12
203 397 12
203 356 8
203 484 7
203 208 13
204 377 10
23 204 10
191 204 11
204 479 7
204 421 10
94 204 9
134 204 7
204 382 12
205 239 14
201 205 12
205 448 16
5 205 10
205 257 8
177 205 11
138 205 8
205 261 10
205 358 11
95 205 10
205 380 10
206 348 10
206 486 13
130 206 8
206 495 12
206 482 12
206 463 10
17 206 9
206 420 11
206 422 12
206 231 11
62 207 9
207 255 10
207 446 11
207 263 11
207 258 14
170 207 10
207 232 10
207 350 15
207 495 11
207 470 10
61 208 8
208 429 9
174 208 6
205 208 14
69 208 8
208 259 11
208 310 10
183 208 12
8 208 11
133 208 8
128 209 11
209 343 10
209 417 12
109 209 11
97 209 11
209 492 10
209 269 13
209 241 10
31 209 14
68 210 10
210 241 12
129 210 8
210 273 11
101 210 12
179 210 10
175 210 9
135 210 10
210 250 13
210 449 10
210 495 10
211 395 9
211 470 11
141 211 8
211 281 13
211 463 11
146 211 10
211 437 8
211 309 13
211 362 9
211 418 8
211 483 9
212 463 14
212 436 12
27 212 9
108 212 12
107 212 7
212 447 12
212 255 10
151 212 8
101 212 10
212 214 11
213 253 8
105 213 11
62 213 9
53 213 13
23 213 7
213 410 14
213 302 6
213 390 8
213 277 9
214 460 10
214 299 11
181 214 12
214 455 10
214 456 9
11 214 9
214 292 10
170 214 10
214 486 6
214 490 8
106 215 9
215 240 9
39 215 11
157 215 9
215 345 10
215 308 9
215 392 8
71 215 11
215 366 12
216 447 9
21 216 12
107 216 10
216 461 12
216 453 6
144 216 13
216 234 9
61 216 7
91 216 10
216 262 13
35 217 13
217 460 10
217 301 13
217 427 8
217 336 10
112 217 11
180 217 14
63 217 10
217 382 11
75 217 8
218 355 9
68 218 14
59 218 9
31 218 9
198 218 11
218 437 11
218 491 10
137 218 12
218 373 12
218 356 10
21 219 11
134 219 11
219 239 10
59 219 13
219 395 11
91 219 11
219 390 12
219 266 10
147 219 9
219 284 10
219 232 7
206 220 13
66 220 13
36 220 12
213 220 10
220 403 10
220 401 11
4 220 7
43 220 9
154 221 10
168 221 12
217 221 10
221 358 11
221 224 11
221 302 5
221 257 10
221 379 13
221 496 6
187 221 8
208 221 7
222 397 8
222 329 7
166 222 9
222 285 14
110 222 12
222 384 14
222 443 11
210 222 12
222 373 11
222 362 13
177 223 15
223 412 10
223 465 10
223 492 12
147 223 10
223 258 11
223 400 8
149 223 10
202 223 12
223 375 6
224 291 11
224 247 9
224 496 10
224 394 13
224 329 10
224 468 15
224 409 9
224 249 12
59 224 11
107 224 10
225 411 11
187 225 9
225 426 9
219 225 15
106 225 12
225 256 11
225 419 13
128 225 12
225 318 11
225 417 10
225 401 11
226 251 14
226 309 11
26 226 13
226 307 9
226 347 11
145 226 11
226 263 11
226 311 11
226 353 13
227 356 12
227 407 6
227 491 11
38 227 11
132 227 11
4 227 7
227 236 11
227 383 10
227 270 9
227 395 15
192 227 12
7 228 9
228 249 10
35 228 13
228 307 10
218 228 8
228 397 12
1 228 12
228 259 10
228 287 12
194 228 10
165 229 10
229 358 9
153 229 10
229 487 11
229 270 12
229 394 8
229 298 13
159 229 12
229 384 13
229 316 10
230 481 8
90 230 10
161 230 11
230 417 8
230 355 10
230 264 10
230 419 7
168 230 9
7 230 12
231 427 14
231 299 11
231 340 7
106 231 11
231 448 8
231 263 10
231 481 9
220 231 12
6 231 9
169 231 11
232 479 11
217 232 10
232 427 16
100 232 11
232 392 11
232 380 8
232 307 12
71 232 9
40 232 11
101 232 8
143 233 10
55 233 11
233 262 11
8 233 8
233 397 9
153 233 8
233 416 8
27 233 6
184 233 10
233 410 12
61 234 8
94 234 10
70 234 9
234 320 12
118 234 10
234 492 9
234 456 10
234 322 9
42 234 10
139 234 9
234 345 10
235 237 13
235 491 15
235 409 10
235 251 8
95 235 12
235 443 12
235 349 12
235 438 13
124 235 10
20 235 11
90 236 12
100 236 10
36 236 14
14 236 11
236 302 8
236 401 14
193 236 9
236 408 15
236 258 8
236 467 11
156 237 9
237 290 7
85 237 9
57 237 9
61 237 10
237 374 11
84 237 13
237 488 10
119 237 12
237 281 9
148 237 10
40 238 13
44 238 10
238 256 9
238 404 11
238 463 11
191 238 14
176 238 11
238 426 12
138 238 10
238 259 13
16 239 9
71 239 10
115 239 10
239 496 9
239 265 12
239 251 11
239 308 11
239 375 15
67 239 8
239 437 11
49 240 9
240 370 10
240 356 9
240 288 12
240 469 13
190 240 14
172 240 9
240 340 9
240 320 9
240 287 12
240 316 10
139 241 11
241 314 11
241 261 12
119 241 11
241 305 13
241 491 9
241 465 10
241 297 12
241 281 11
239 241 11
102 242 12
231 242 11
71 242 11
242 394 12
242 455 9
239 242 10
242 383 12
156 242 10
192 242 9
58 242 10
31 243 9
243 489 11
243 481 14
34 243 7
243 459 11
243 316 7
243 460 10
154 243 14
80 243 9
22 243 10
244 392 12
244 343 10
53 244 7
189 244 11
244 342 14
150 244 15
134 244 11
244 459 9
244 331 10
245 385 10
245 350 12
39 245 11
245 275 13
245 373 9
231 245 13
245 246 12
245 334 8
245 487 12
245 399 13
156 246 13
133 246 7
61 246 14
246 404 9
193 246 12
246 340 13
246 406 11
246 263 9
126 246 8
247 450 10
247 302 10
247 254 9
26 247 10
247 436 11
247 499 11
247 492 11
247 415 11
211 248 15
132 248 13
248 304 9
248 477 11
129 248 10
248 363 12
84 248 10
248 392 12
248 309 8
248 364 8
248 381 5
249 417 10
249 479 9
249 456 11
249 335 11
249 345 11
102 249 13
249 451 10
249 486 7
38 249 14
249 474 7
139 249 7
99 249 8
250 365 12
201 250 9
124 250 11
246 250 10
217 250 9
68 250 13
250 361 11
239 250 12
139 250 11
128 251 10
28 251 13
251 391 11
251 413 14
42 251 9
251 436 13
251 368 12
251 305 11
202 251 9
252 266 12
22 252 12
217 252 9
51 252 15
252 291 10
252 254 7
195 252 12
185 252 11
115 252 8
252 340 10
253 492 11
104 253 7
185 253 10
47 253 11
184 253 11
230 253 10
169 253 13
253 330 11
151 253 14
253 397 11
254 384 10
185 254 8
254 283 11
164 254 12
189 254 12
254 389 9
61 254 8
254 393 14
255 395 12
166 255 9
150 255 12
229 255 8
255 399 13
107 255 13
114 255 10
34 255 12
53 255 11
256 478 12
122 256 7
98 256 8
256 295 9
256 428 12
115 256 9
102 256 11
256 440 8
256 370 9
256 419 10
257 366 12
257 370 9
257 401 9
216 257 11
257 343 10
158 257 15
98 257 9
121 257 12
57 257 9
67 257 11
199 257 11
258 467 8
6 258 9
131 258 10
258 322 10
168 258 9
92 258 10
226 258 7
258 358 10
258 413 12
24 258 10
259 489 9
158 259 11
259 280 11
259 421 8
259 497 9
127 259 13
259 477 9
259 466 13
259 381 13
12 259 8
256 260 11
260 365 11
0 260 12
260 403 11
163 260 11
260 312 13
260 488 9
39 260 12
21 260 12
261 318 6
171 261 10
52 261 12
261 276 10
222 261 13
261 336 11
261 263 9
47 261 10
261 419 15
259 261 13
208 262 10
262 275 7
262 407 8
35 262 9
77 262 14
191 262 16
262 406 10
254 262 9
74 263 8
192 263 12
1 263 12
181 263 8
263 376 11
263 422 10
256 263 10
141 263 8
167 263 10
48 263 11
113 263 13
99 264 12
169 264 13
264 485 11
46 264 12
264 332 13
158 264 13
243 264 11
29 264 11
264 306 6
218 264 10
100 265 10
265 414 9
252 265 12
265 397 10
2 265 10
34 265 8
265 439 9
114 265 6
118 265 11
265 312 11
266 341 11
211 266 9
254 266 11
266 287 12
266 357 5
266 403 12
180 266 13
266 412 12
105 266 11
51 266 11
266 384 10
267 368 9
267 441 12
91 267 10
151 267 9
79 267 12
267 456 10
267 431 14
254 267 9
179 267 9
94 267 11
20 268 10
2 268 12
230 268 10
268 331 9
268 316 10
268 381 10
268 296 10
84 268 15
169 268 11
245 268 6
269 489 10
269 457 10
123 269 9
236 269 9
269 311 9
269 440 7
80 269 11
32 269 14
119 269 11
269 270 6
270 386 13
270 299 12
270 321 11
125 270 8
270 387 10
270 494 12
270 431 11
270 439 8
221 270 11
175 270 9
139 271 12
271 295 9
271 340 8
271 435 13
271 314 10
271 376 6
271 299 9
271 498 11
272 300 9
36 272 13
272 324 11
188 272 10
230 272 9
98 272 10
272 290 11
219 272 11
65 272 8
165 272 12
273 365 8
86 273 12
273 486 13
17 273 13
273 340 13
273 477 16
138 273 13
273 292 9
233 273 12
8 273 15
139 273 9
89 274 13
34 274 11
132 274 12
274 304 12
201 274 11
103 274 15
129 274 10
155 274 8
160 274 10
274 293 11
275 328 13
157 275 10
105 275 11
174 275 12
275 289 8
275 419 13
275 481 9
275 286 9
275 392 10
275 350 13
204 276 14
43 276 12
276 287 9
276 288 6
19 276 8
230 276 14
276 444 13
276 414 11
9 276 11
276 325 7
7 276 12
277 330 4
55 277 10
221 277 13
277 380 10
277 365 11
234 277 4
147 277 12
277 279 13
104 277 12
278 395 12
91 278 15
278 426 11
278 444 10
132 278 9
278 350 10
278 323 11
278 478 10
278 400 11
279 476 8
180 279 8
279 291 11
156 279 11
279 461 8
263 279 9
71 279 10
28 279 11
116 279 9
88 279 11
138 279 10
19 280 11
280 444 8
280 297 16
182 280 11
280 320 8
181 280 10
59 280 9
280 475 10
280 316 13
280 401 11
281 305 12
132 281 11
281 396 11
281 335 6
281 307 12
281 326 10
281 498 10
249 281 9
189 281 13
281 372 10
210 282 15
57 282 13
282 482 10
282 438 9
275 282 9
51 282 10
282 376 13
22 282 7
243 282 13
282 318 11
282 335 8
84 282 11
283 486 9
60 283 11
262 283 10
283 330 7
139 283 11
283 414 13
169 283 10
283 293 10
283 370 11
61 283 12
283 315 12
283 456 10
105 284 13
49 284 12
284 420 9
284 402 11
284 419 12
155 284 12
284 371 10
284 327 13
218 284 10
284 481 9
285 431 11
285 433 12
10 285 8
285 403 13
118 285 11
31 285 12
11 285 14
276 286 14
286 405 12
106 286 13
215 286 13
231 286 11
286 486 8
45 286 9
107 286 11
286 382 12
286 297 8
286 473 8
94 287 9
41 287 8
43 287 12
287 481 7
170 287 11
287 383 12
287 465 12
56 287 9
51 287 12
123 287 8
194 287 13
283 288 11
288 406 10
288 454 8
109 288 9
51 288 8
288 420 11
288 330 13
88 288 13
255 288 10
288 323 10
273 288 5
289 456 11
95 289 10
289 390 12
289 354 8
289 418 9
244 289 9
6 289 12
289 307 13
289 429 14
289 320 12
250 289 8
290 375 11
290 390 7
290 397 10
157 290 9
66 290 10
116 290 10
290 484 13
203 290 11
290 376 9
201 290 13
98 291 10
43 291 9
16 291 9
0 291 10
291 424 10
291 458 10
291 356 10
2 291 9
31 291 8
291 442 9
291 343 10
175 292 6
292 461 13
61 292 7
292 304 13
292 498 13
292 378 9
81 292 13
292 312 10
210 292 7
292 438 7
141 293 11
293 362 8
178 293 9
91 293 11
293 294 10
293 446 10
173 293 10
160 293 13
271 293 13
28 293 11
285 294 13
294 321 3
123 294 14
219 294 10
48 294 11
274 294 13
85 294 10
184 294 13
112 294 11
206 295 10
295 486 14
295 412 13
38 295 11
161 295 14
295 434 13
15 295 12
40 295 8
39 295 12
240 295 10
295 346 8
296 313 5
131 296 12
103 296 9
296 393 11
241 296 10
70 296 9
144 296 13
296 466 11
296 421 12
109 296 11
297 499 10
98 297 12
123 297 9
249 297 10
237 297 12
250 297 12
178 297 12
127 297 11
297 308 12
218 297 14
298 333 12
298 456 16
203 298 9
233 298 14
298 390 13
161 298 13
95 298 10
69 298 9
137 298 9
144 298 12
298 473 7
158 298 12
299 308 13
181 299 9
299 498 13
201 299 14
180 299 8
299 405 10
299 342 8
10 299 11
119 299 10
300 429 13
127 300 11
300 332 11
79 300 13
114 300 10
300 365 10
260 300 7
126 300 6
33 300 13
42 300 15
43 300 8
271 301 8
301 408 11
144 301 11
101 301 9
79 301 10
301 306 8
8 301 12
301 445 12
301 336 12
302 404 12
211 302 11
49 302 9
302 417 10
302 420 10
162 302 13
302 348 13
240 302 11
3 302 13
221 303 12
36 303 7
303 331 11
206 303 12
84 303 12
164 303 9
303 446 11
292 303 10
26 303 11
303 444 10
85 304 11
304 486 12
82 304 13
237 304 12
175 304 11
304 374 13
304 314 11
244 304 13
304 352 10
304 387 6
304 494 8
217 305 14
158 305 13
305 440 10
305 388 8
7 305 6
305 337 8
93 305 12
9 305 12
305 349 9
306 337 10
13 306 10
31 306 7
306 429 11
306 493 12
223 306 11
52 306 11
306 376 14
307 382 12
307 403 12
89 307 9
302 307 11
307 419 10
307 399 10
307 329 8
109 307 7
144 307 9
308 469 14
190 308 13
196 308 11
222 308 10
191 308 10
193 308 10
308 431 12
308 401 12
84 308 13
253 309 13
189 309 12
309 351 13
107 309 9
309 488 9
309 475 11
210 309 6
309 319 11
204 309 11
285 309 12
227 310 7
85 310 8
310 376 8
310 452 9
228 310 11
192 310 12
41 310 10
301 310 12
197 310 11
99 311 14
227 311 12
290 311 11
93 311 11
286 311 8
311 483 13
232 311 12
311 360 11
180 311 11
311 404 11
119 311 12
312 496 11
29 312 10
312 325 14
312 362 9
249 312 10
272 312 7
25 312 11
12 312 11
312 443 7
312 333 10
312 425 8
312 377 12
248 313 10
313 449 11
95 313 7
283 313 11
313 459 13
90 313 9
313 404 11
70 313 13
313 341 9
313 460 9
313 403 10
158 314 12
314 346 6
41 314 10
314 408 11
259 314 8
34 314 13
314 479 12
168 314 10
314 460 10
23 314 13
184 314 9
315 416 10
315 328 11
315 368 14
315 377 10
315 399 13
315 428 8
33 315 14
53 315 9
26 315 11
80 315 9
40 315 10
316 455 9
316 477 10
179 316 6
316 411 14
236 316 11
238 316 8
271 316 9
218 316 11
316 399 12
273 317 13
317 352 11
166 317 8
132 317 11
9 317 11
317 396 9
68 317 15
317 417 9
317 405 8
109 317 13
62 318 13
72 318 10
318 371 9
318 455 8
95 318 9
318 482 12
153 318 12
229 318 7
318 353 9
150 318 13
191 319 9
6 319 12
139 319 10
319 327 8
104 319 10
277 319 13
95 319 11
319 362 9
40 319 12
320 356 9
287 320 11
232 320 11
320 374 10
41 320 10
320 424 13
320 485 11
214 320 12
320 334 12
76 320 11
59 321 11
321 451 13
215 321 11
321 353 11
185 321 11
298 321 11
220 321 12
321 458 9
212 321 12
303 321 13
166 322 9
182 322 12
322 478 8
306 322 10
57 322 9
274 322 10
316 322 13
168 322 16
231 322 15
322 329 10
323 413 14
323 422 11
323 358 8
254 323 14
323 377 13
4 323 11
132 323 8
144 323 7
141 323 12
170 324 10
324 486 6
324 347 8
62 324 9
314 324 12
88 324 7
324 416 11
324 422 9
4 325 8
152 325 10
325 436 14
325 458 9
183 325 10
264 325 8
325 350 9
325 418 9
325 400 12
326 358 9
307 326 11
114 326 11
306 326 11
286 326 11
326 388 15
326 419 11
199 326 9
17 326 8
238 326 13
327 451 12
327 481 9
203 327 11
228 327 13
191 327 12
327 491 13
245 327 7
327 367 10
327 345 9
208 327 10
328 415 14
277 328 11
321 328 9
169 328 9
328 353 13
40 328 11
328 363 7
93 328 13
234 329 9
329 497 10
125 329 10
329 415 9
189 329 15
329 468 10
210 329 11
244 329 9
263 329 9
107 329 8
214 329 10
330 424 9
330 411 6
306 330 16
305 330 9
236 330 14
48 330 7
278 330 12
179 330 10
330 380 13
331 389 13
305 331 8
167 331 14
249 331 8
0 331 13
194 331 8
331 474 15
122 331 16
72 331 12
193 331 9
331 341 11
240 332 15
332 485 12
122 332 11
332 383 7
220 332 10
332 480 7
60 332 7
25 332 12
7 332 10
245 332 11
327 333 14
270 333 10
211 333 13
23 333 11
91 333 12
67 333 12
225 333 12
243 333 10
134 333 10
319 333 9
46 334 11
334 433 9
334 425 11
281 334 10
143 334 10
334 362 8
60 334 13
334 483 10
334 493 12
36 334 8
264 335 12
229 335 9
6 335 10
66 335 10
285 335 13
231 335 10
335 369 7
99 335 12
64 335 6
22 335 9
311 336 10
61 336 9
147 336 7
336 383 11
200 336 11
42 336 11
52 336 9
336 433 12
157 336 7
160 336 9
143 337 12
45 337 13
229 337 11
337 434 6
337 499 12
337 361 11
288 337 13
140 337 10
130 337 14
335 338 11
171 338 12
173 338 11
235 338 9
333 338 7
316 338 14
205 338 11
122 338 12
71 338 10
338 436 9
298 338 6
339 357 8
157 339 9
63 339 7
295 339 9
333 339 11
173 339 12
339 352 12
339 425 10
191 339 8
339 369 10
339 445 9
255 339 14
189 340 13
173 340 9
340 349 12
340 459 14
306 340 11
340 446 13
340 397 13
290 340 11
168 340 11
201 340 11
341 402 12
277 341 9
96 341 11
158 341 8
114 341 12
32 341 10
305 341 7
54 341 7
75 341 11
254 341 15
47 341 11
222 342 7
104 342 12
210 342 10
136 342 15
342 422 11
109 342 10
342 451 14
192 342 11
227 342 8
238 342 13
203 342 11
226 343 9
343 488 14
316 343 9
343 385 6
177 343 10
91 343 12
202 343 13
343 476 9
32 343 11
135 343 10
252 343 10
49 344 8
314 344 11
112 344 10
185 344 10
344 463 11
176 344 13
36 344 15
130 344 11
344 379 8
341 344 11
344 435 10
345 467 11
39 345 7
143 345 11
189 345 14
288 345 10
87 345 9
149 345 9
221 345 11
345 382 16
345 367 10
346 493 10
141 346 12
299 346 9
303 346 11
220 346 10
346 386 15
261 346 11
346 473 10
158 346 9
339 346 12
246 346 15
346 416 8
347 380 10
341 347 8
347 499 10
128 347 15
347 388 9
333 347 13
60 347 10
48 347 10
347 426 12
327 347 12
5 348 11
348 350 10
203 348 9
69 348 10
85 348 13
54 348 12
347 348 15
327 348 11
348 362 11
279 349 6
200 349 12
30 349 8
137 349 5
349 407 8
339 349 13
349 390 8
221 349 8
303 349 11
292 350 12
127 350 9
350 371 9
55 350 13
256 350 10
350 443 10
6 350 12
63 350 8
208 350 9
351 352 10
133 351 10
346 351 10
162 351 12
351 364 12
287 351 9
259 351 13
145 351 12
118 351 12
194 351 10
351 468 9
312 352 12
352 477 9
352 393 11
81 352 13
352 484 10
182 352 10
170 352 10
62 352 10
323 353 14
353 441 11
106 353 9
258 353 12
88 353 9
93 353 12
24 353 15
239 353 7
233 353 11
199 354 8
195 354 9
6 354 10
42 354 9
120 354 9
354 418 9
354 472 11
108 354 12
69 354 10
226 354 15
355 477 8
220 355 3
181 355 9
355 450 11
355 425 15
294 355 11
332 355 13
338 355 10
80 355 11
177 355 12
199 355 11
348 356 10
356 373 10
276 356 10
342 356 11
2 356 6
80 356 12
356 454 9
329 356 10
149 356 11
61 356 11
356 480 12
357 472 11
178 357 10
208 357 12
83 357 7
122 357 11
323 357 10
68 357 13
357 471 8
67 357 7
357 367 11
357 366 10
358 462 8
266 358 11
269 358 14
329 358 9
320 358 12
358 429 9
232 358 10
39 358 12
191 358 9
106 359 9
324 359 10
161 359 11
240 359 11
104 359 8
263 359 10
326 359 8
187 359 10
360 384 8
360 416 10
360 437 12
354 360 15
18 360 11
77 360 11
360 483 13
109 360 13
188 360 8
50 360 9
140 361 10
316 361 10
139 361 12
238 361 8
346 361 9
96 361 10
153 361 13
210 361 11
361 473 12
361 422 12
362 404 11
346 362 11
234 362 9
132 362 8
362 469 9
144 362 9
362 407 16
17 362 13
208 362 10
306 362 9
363 407 11
363 453 12
175 363 12
138 363 9
267 363 11
259 363 12
313 363 13
363 377 11
345 363 12
338 364 10
238 364 13
261 364 11
146 364 13
39 364 13
224 364 10
187 364 11
165 364 14
282 364 12
186 364 13
219 365 8
21 365 11
272 365 10
71 365 10
365 492 10
365 458 11
10 365 6
39 365 9
151 365 10
182 365 6
3 366 9
294 366 7
359 366 10
366 447 8
41 366 12
366 496 13
191 366 5
97 366 12
30 366 12
367 489 9
367 465 11
367 369 9
295 367 13
315 367 11
367 475 13
306 367 7
71 367 6
219 367 12
108 367 10
368 426 10
192 368 8
353 368 12
351 368 11
0 368 12
60 368 8
331 368 14
272 368 10
163 368 10
81 368 11
98 369 11
253 369 7
17 369 11
259 369 9
369 430 9
140 369 11
247 369 10
7 369 10
260 369 7
272 370 9
370 373 10
334 370 10
135 370 8
116 370 14
189 370 10
345 370 11
98 370 10
280 370 10
211 370 11
192 370 12
317 371 9
207 371 12
159 371 9
136 371 9
165 371 8
21 371 10
371 424 13
82 371 11
288 371 11
282 372 8
93 372 12
372 392 12
27 372 10
101 372 10
241 372 10
4 372 12
191 372 11
372 423 11
112 372 12
373 374 11
373 415 12
373 488 11
334 373 14
200 373 13
3 373 7
64 373 14
252 373 12
373 445 7
374 401 12
127 374 10
165 374 10
0 374 13
75 374 8
374 415 9
352 374 7
132 374 12
61 375 10
246 375 13
375 466 11
375 480 15
375 449 9
33 375 12
344 375 7
124 375 14
175 375 10
375 397 13
204 375 9
376 464 13
364 376 11
106 376 14
284 376 10
354 376 10
160 376 14
167 376 13
159 376 13
21 377 12
67 377 12
194 377 14
9 377 10
0 377 13
377 409 17
377 420 9
160 377 14
328 377 10
75 377 8
32 377 10
116 378 10
61 378 11
245 378 15
378 456 12
51 378 10
378 422 9
191 378 8
378 494 11
355 378 13
378 399 9
129 378 7
346 379 8
20 379 14
307 379 12
271 379 12
268 379 10
366 379 10
4 379 10
22 379 10
31 380 9
191 380 10
380 405 10
120 380 11
37 380 7
62 380 14
195 380 10
74 380 12
101 380 11
380 468 13
380 454 10
381 494 14
296 381 10
298 381 8
261 381 11
381 433 11
38 381 9
381 436 11
381 497 7
207 381 12
187 381 11
241 381 9
382 445 13
292 382 9
382 475 12
168 382 14
98 382 8
293 382 11
319 382 7
48 382 10
382 390 10
64 383 12
353 383 12
61 383 11
158 383 10
278 383 11
5 383 7
383 493 12
383 424 11
94 383 11
384 433 14
272 384 10
312 384 10
283 384 10
231 384 13
293 384 12
78 384 15
147 384 10
102 384 13
249 385 11
385 468 6
374 385 14
385 391 9
285 385 8
385 460 10
131 385 9
385 415 7
385 450 7
385 394 10
349 386 10
386 423 9
386 427 9
195 386 9
3 386 16
386 460 12
161 386 11
218 386 7
89 386 11
253 387 11
149 387 7
358 387 13
387 411 9
60 387 11
336 387 14
269 387 9
12 387 10
122 387 7
98 388 8
169 388 12
203 388 11
339 388 11
133 388 12
42 388 12
130 388 8
9 388 15
166 388 12
182 388 8
389 405 11
32 389 10
102 389 15
389 472 12
192 389 9
45 389 13
179 389 13
389 486 10
122 389 10
317 389 12
389 421 13
275 390 10
390 408 3
239 390 13
247 390 13
185 390 9
183 390 14
119 390 7
208 390 11
390 438 7
227 390 12
256 390 11
314 391 9
45 391 13
274 391 11
100 391 9
63 391 9
97 391 12
380 391 10
391 470 13
295 391 10
287 392 12
344 392 14
139 392 13
165 392 10
174 392 12
392 396 14
12 392 9
237 392 10
283 393 10
365 393 13
240 393 15
336 393 9
19 393 12
66 393 12
218 393 8
10 393 10
393 489 7
261 394 13
381 394 9
307 394 10
104 394 11
219 394 11
280 394 7
245 394 7
358 394 12
84 394 10
154 394 8
344 394 13
237 394 7
130 395 13
395 454 10
299 395 9
257 395 13
146 395 9
270 395 11
326 395 8
394 395 7
338 395 10
25 395 10
119 396 12
228 396 12
36 396 11
69 396 11
133 396 11
396 427 10
326 396 10
330 396 10
172 396 11
396 445 12
243 397 10
397 499 11
397 474 10
67 397 13
235 397 15
397 494 11
197 397 12
146 397 11
63 397 12
306 397 12
164 397 13
120 397 10
16 398 8
185 398 7
238 398 8
158 398 13
103 398 14
363 398 10
398 421 12
395 398 11
305 398 11
64 398 15
117 398 10
206 399 12
104 399 7
95 399 11
5 399 11
283 399 11
399 449 13
115 399 8
399 479 12
207 399 14
342 399 12
301 400 10
219 400 10
60 400 12
282 400 12
400 427 13
400 493 10
155 400 12
400 466 9
370 401 11
400 401 10
283 401 12
52 401 12
66 401 11
399 401 8
202 401 9
244 401 10
371 401 13
79 401 10
401 478 11
239 401 10
262 401 10
176 402 12
369 402 10
389 402 12
56 402 9
382 402 9
144 402 11
189 402 12
75 402 10
403 494 4
31 403 9
336 403 10
38 403 15
121 403 10
67 403 7
118 404 10
395 404 11
287 404 12
404 484 13
404 426 10
325 404 8
404 486 13
132 404 10
198 404 13
169 404 11
42 405 9
405 499 14
29 405 11
170 405 10
223 405 10
65 405 11
172 405 7
327 405 13
87 405 8
405 469 8
223 406 9
55 406 12
161 406 8
300 406 12
362 406 8
406 414 13
47 406 11
254 406 11
198 406 10
385 406 8
406 466 12
239 407 14
50 407 13
407 495 12
325 407 9
39 407 13
190 407 8
309 407 10
315 407 11
52 408 8
191 408 11
211 408 10
404 408 12
37 408 12
241 408 10
151 408 12
207 408 10
408 415 10
126 408 14
155 409 14
180 409 9
397 409 12
73 409 12
85 409 11
215 409 10
409 440 9
279 409 11
409 497 15
409 425 12
215 410 12
368 410 10
393 410 9
410 427 14
178 410 9
369 410 13
274 410 10
323 410 16
154 410 11
160 410 11
410 462 13
411 431 7
39 411 9
411 413 12
111 411 13
207 411 9
193 411 11
329 411 12
81 411 13
120 411 13
411 452 9
241 411 10
262 412 11
306 412 13
409 412 9
269 412 7
0 412 9
71 412 10
329 412 8
317 412 8
231 412 13
124 412 8
413 452 12
140 413 13
64 413 12
394 413 11
413 429 11
192 413 10
331 413 13
342 413 8
250 413 13
32 413 12
414 441 11
137 414 12
355 414 13
414 482 13
223 414 9
414 426 10
187 414 9
155 414 12
377 414 12
272 414 9
287 415 12
230 415 9
136 415 12
308 415 8
295 415 14
327 415 9
179 415 8
205 415 12
407 415 11
416 483 6
322 416 12
242 416 8
305 416 9
133 416 11
416 494 10
101 416 16
88 416 8
416 431 14
355 416 11
260 416 8
120 417 14
178 417 13
101 417 9
417 485 15
137 417 14
23 417 11
327 417 10
417 483 4
59 417 10
85 417 11
9 418 9
162 418 16
173 418 12
414 418 11
110 418 16
15 418 10
418 480 12
418 451 11
114 418 9
246 418 9
378 419 8
79 419 6
314 419 14
215 419 10
373 419 16
360 419 9
46 419 9
81 419 13
420 499 10
109 420 7
55 420 14
217 420 12
333 420 9
133 420 12
137 420 9
261 420 9
420 496 10
115 420 11
69 420 8
213 421 12
34 421 11
201 421 12
107 421 11
247 421 11
421 483 10
114 421 5
47 421 8
228 421 10
183 422 11
45 422 12
131 422 8
143 422 12
124 422 11
339 422 9
373 422 8
336 422 8
161 422 10
199 423 10
76 423 10
203 423 9
101 423 11
39 423 11
391 423 12
159 423 10
390 423 8
241 423 13
149 423 7
424 433 10
424 474 11
103 424 11
51 424 11
185 424 11
167 424 13
286 424 11
47 424 12
213 424 11
366 424 11
424 478 10
61 425 11
407 425 11
239 425 13
425 487 9
159 425 8
38 425 11
46 425 8
138 425 7
425 442 11
42 425 10
255 425 14
113 426 11
165 426 10
122 426 10
369 426 15
426 446 13
200 426 13
90 426 12
426 450 11
241 426 13
314 426 11
212 426 7
111 426 8
209 427 6
247 427 11
156 427 16
172 427 9
235 427 8
427 493 10
262 427 11
427 475 8
238 427 14
332 427 12
409 428 9
137 428 14
274 428 8
385 428 13
407 428 11
389 428 9
428 494 9
399 428 9
99 428 11
203 428 10
423 428 10
250 429 9
303 429 11
179 429 10
429 473 11
130 429 12
428 429 7
214 429 12
75 429 11
29 429 11
322 430 12
58 430 10
346 430 9
250 430 10
161 430 12
78 430 7
410 430 8
164 430 15
159 430 12
44 431 11
384 431 13
277 431 13
358 431 14
201 431 11
288 431 12
260 431 12
184 431 11
188 432 8
280 432 14
310 432 8
125 432 7
84 432 12
149 432 11
432 448 11
214 432 12
196 432 7
433 466 12
26 433 12
372 433 9
278 433 10
328 433 9
184 433 9
150 433 13
247 433 10
380 433 12
323 433 10
411 433 10
434 456 9
35 434 11
121 434 9
141 434 9
17 434 11
266 434 9
10 434 10
271 434 10
420 434 11
339 434 11
100 435 12
120 435 6
435 444 9
45 435 15
411 435 7
315 435 10
325 435 16
46 435 11
152 435 11
261 435 15
436 440 11
409 436 7
65 436 12
355 436 13
255 436 13
436 450 10
420 436 11
369 436 10
178 436 10
81 436 8
326 436 13
322 437 12
126 437 11
1 437 10
373 437 11
289 437 10
222 437 12
70 437 13
413 437 10
299 437 7
369 438 10
137 438 11
147 438 10
298 438 9
205 438 10
219 438 11
339 438 10
102 438 10
18 438 11
288 438 13
151 439 10
70 439 12
11 439 10
379 439 9
9 439 13
114 439 15
377 439 6
416 439 12
234 439 10
203 440 11
190 440 11
425 440 10
80 440 7
61 440 14
437 440 10
182 440 9
211 440 8
440 445 11
421 440 12
91 441 9
248 441 11
266 441 9
317 441 10
81 441 10
17 441 12
441 469 9
24 441 13
77 441 12
441 479 14
170 441 12
161 441 12
103 442 10
302 442 9
236 442 8
48 442 8
288 442 13
57 442 9
250 442 7
164 442 10
403 443 7
53 443 16
443 466 9
232 443 14
6 443 12
52 443 6
443 479 9
103 443 9
361 443 12
404 443 13
258 444 8
261 444 11
143 444 10
331 444 10
338 444 12
381 444 12
374 444 9
128 444 14
101 444 10
240 444 11
419 445 10
234 445 17
8 445 11
445 474 8
108 445 9
124 445 7
334 445 11
394 445 10
445 476 7
391 445 13
292 446 9
134 446 13
242 446 12
185 446 13
350 446 12
29 446 9
99 446 10
275 446 8
447 499 10
200 447 13
213 447 6
423 447 10
141 447 11
227 447 9
129 447 11
396 447 8
443 447 11
448 454 11
89 448 10
58 448 8
169 448 10
386 448 4
445 448 11
76 448 10
355 449 10
412 449 7
172 449 8
420 449 9
449 491 7
408 449 14
449 474 9
368 449 9
159 449 11
44 449 11
354 449 13
365 450 12
71 450 14
263 450 15
60 450 12
0 450 9
312 450 12
374 450 10
403 450 12
9 450 11
450 498 12
216 450 8
284 451 11
275 451 11
128 451 12
243 451 10
320 451 9
402 451 10
451 464 16
7 451 8
451 455 11
118 451 14
250 451 10
36 452 10
148 452 11
210 452 9
386 452 11
334 452 10
439 452 9
341 452 11
269 452 13
247 452 10
111 453 11
453 494 15
359 453 7
346 453 12
371 453 12
453 462 13
427 453 9
453 480 9
139 453 12
60 453 10
171 453 11
196 454 10
412 454 9
40 454 12
429 454 10
234 454 12
454 458 11
39 454 12
168 454 11
352 455 9
455 474 8
439 455 12
2 455 12
203 455 7
455 458 11
326 455 10
412 455 10
153 455 9
415 455 10
76 455 12
134 456 12
300 456 12
230 456 8
96 456 11
18 456 8
456 472 9
323 456 13
54 456 10
439 456 13
74 456 12
406 456 9
457 487 10
399 457 14
118 457 10
73 457 9
457 481 7
91 457 11
153 457 9
457 483 12
221 457 9
386 458 7
284 458 9
452 458 10
298 458 13
206 458 10
13 458 11
403 458 14
146 458 11
333 458 10
81 458 12
75 459 11
303 459 11
459 491 12
73 459 11
417 459 13
246 459 12
34 459 11
342 459 13
459 487 9
388 459 10
459 486 11
369 460 10
190 460 9
269 460 13
460 464 9
379 460 10
80 460 12
129 460 10
118 460 9
131 460 9
34 460 9
110 461 9
377 461 12
164 461 8
172 461 13
49 461 9
271 461 7
376 461 10
217 461 7
242 461 12
12 461 8
244 462 16
431 462 8
381 462 12
208 462 11
250 462 8
274 462 14
462 493 9
269 462 6
68 462 11
219 462 11
33 462 11
162 463 9
458 463 9
286 463 9
288 463 9
166 463 11
158 463 12
54 463 11
233 463 11
450 463 10
127 464 13
386 464 9
112 464 10
44 464 10
297 464 12
116 464 14
433 464 11
15 464 9
350 464 9
443 464 12
174 465 9
31 465 15
465 471 11
126 465 10
373 465 10
269 465 7
465 467 10
390 465 12
362 465 12
256 465 12
63 466 13
130 466 10
257 466 10
105 466 11
448 466 8
55 466 11
227 466 14
357 466 11
281 466 10
311 466 9
227 467 10
43 467 8
408 467 8
23 467 11
393 467 12
26 467 14
305 467 10
83 467 9
47 467 12
417 467 10
243 467 10
214 468 8
468 469 13
328 468 12
122 468 9
312 468 8
345 468 11
36 468 11
97 468 7
192 468 8
66 469 11
318 469 7
37 469 9
161 469 9
216 469 10
436 469 9
145 469 13
65 469 12
171 469 13
6 469 11
242 470 12
251 470 14
141 470 13
95 470 8
377 470 10
143 470 11
307 470 13
40 470 12
366 470 12
417 470 9
107 470 9
304 471 12
263 471 15
319 471 11
250 471 9
471 498 12
112 471 7
38 471 7
80 471 12
13 471 10
297 471 10
56 471 12
465 472 12
450 472 12
407 472 11
308 472 12
21 472 7
201 472 11
133 472 11
200 472 10
303 472 8
367 472 13
233 473 7
57 473 11
277 473 12
78 473 12
184 473 10
248 473 5
375 473 12
327 473 12
356 473 12
450 473 10
108 474 13
151 474 10
302 474 11
256 474 10
379 474 12
312 474 10
340 474 11
265 474 10
354 474 8
275 474 8
283 475 16
364 475 14
429 475 10
29 475 12
454 475 9
4 475 14
391 475 10
475 490 8
336 475 10
313 475 11
101 476 9
218 476 13
6 476 7
229 476 10
197 476 10
187 476 8
468 476 8
340 476 9
252 476 10
144 476 7
326 477 10
427 477 12
71 477 10
461 477 9
276 477 9
124 477 9
3 477 13
470 477 8
207 477 12
195 477 10
154 478 11
179 478 9
275 478 11
143 478 9
324 478 13
62 478 12
138 478 9
58 478 11
132 478 10
64 479 12
48 479 8
177 479 13
181 479 11
106 479 12
305 479 12
25 479 12
241 479 10
217 479 8
109 479 10
92 480 11
346 480 9
300 480 12
359 480 11
361 480 12
253 480 12
407 480 7
357 480 9
469 480 10
33 480 9
358 481 11
481 491 11
34 481 10
177 481 11
111 481 13
150 481 11
246 481 6
288 481 12
286 481 10
315 482 10
446 482 14
337 482 15
256 482 9
332 482 6
279 482 12
350 482 9
182 482 7
23 482 11
294 483 6
28 483 8
114 483 9
187 483 10
313 483 11
121 483 9
316 483 13
138 483 10
163 483 8
153 483 12
379 484 10
464 484 10
349 484 11
247 484 10
249 484 10
457 484 11
220 484 15
471 484 10
321 484 14
209 484 10
416 484 12
29 484 16
269 485 11
2 485 12
249 485 14
362 485 10
92 485 11
403 485 10
146 485 13
36 485 13
280 485 9
426 485 13
49 486 12
115 486 9
48 486 9
118 486 8
258 486 9
238 486 12
218 486 12
468 486 14
172 486 11
199 486 11
408 487 13
156 487 9
71 487 12
432 487 11
182 487 11
418 487 10
33 487 15
383 487 11
88 487 10
53 487 7
99 488 14
102 488 13
6 488 11
483 488 15
454 488 10
297 488 11
272 488 8
375 488 10
159 488 7
306 488 9
451 489 13
250 489 8
403 489 8
419 489 12
213 489 11
157 489 9
32 489 9
391 489 9
370 489 15
1 490 14
448 490 11
91 490 9
43 490 11
284 490 9
350 490 9
145 490 8
240 490 14
132 490 12
485 491 9
144 491 11
16 491 12
370 491 10
124 491 9
84 491 7
128 491 9
147 491 11
456 491 11
306 491 11
120 492 11
112 492 10
403 492 14
434 492 9
332 492 12
79 492 12
427 492 11
460 492 7
444 492 7
435 492 13
72 492 12
423 493 8
320 493 15
238 493 13
83 493 10
64 493 12
160 493 11
392 493 10
273 493 9
286 493 10
181 493 14
491 494 12
65 494 10
111 494 8
354 494 13
89 494 10
19 494 14
299 494 11
462 494 8
160 494 11
368 495 9
66 495 8
223 495 12
237 495 10
392 495 8
220 495 12
225 495 9
310 495 12
490 495 11
240 495 13
119 496 8
87 496 12
112 496 9
95 496 11
58 496 6
219 496 9
262 496 10
450 496 11
82 496 7
489 497 13
320 497 8
74 497 11
335 497 11
458 497 8
396 497 12
217 497 11
286 497 8
224 497 14
455 498 10
6 498 12
109 498 15
338 498 10
348 498 11
268 498 12
30 498 8
118 498 9
424 498 9
307 498 11
132 498 10
468 499 11
124 499 7
105 499 13
488 499 11
319 499 12
491 499 9
130 499 11
217 499 12
256 499 11
362 499 11
349 499 13
