500
0
8
4
3
9
9
4
7
7
4
7
7
9
7
6
6
10
2
6
3
4
2
8
9
2
10
3
3
7
4
4
3
9
9
8
3
5
4
10
7
3
5
9
5
3
2
4
3
7
8
7
7
2
10
5
9
3
3
2
5
9
4
4
6
3
7
9
1
4
2
6
6
4
2
9
5
7
2
7
5
5
8
9
6
9
3
5
7
9
10
4
8
4
6
10
6
5
7
4
5
9
2
7
2
9
6
4
7
8
7
10
9
6
5
2
8
9
4
4
8
4
5
3
7
3
2
8
7
8
10
5
10
8
3
4
3
7
6
4
9
7
4
3
9
3
5
7
8
3
3
3
5
9
2
3
5
9
6
8
9
2
6
8
7
8
7
7
3
3
2
4
5
6
5
6
8
7
10
3
3
3
5
4
3
8
8
5
3
8
7
9
8
5
3
8
1
6
4
10
8
2
5
2
5
4
8
6
5
9
6
6
1
7
1
5
5
4
2
6
3
9
7
8
7
7
3
2
8
6
1
2
4
6
4
1
7
10
4
4
8
5
4
4
8
8
5
7
8
3
8
7
8
5
7
6
9
6
7
1
8
5
5
10
7
7
5
3
4
4
9
7
3
8
5
2
7
4
10
3
5
2
6
3
2
9
2
4
3
10
4
9
7
6
6
8
4
7
9
4
9
9
3
5
5
6
1
4
3
8
1
7
6
9
1
2
5
8
10
5
1
3
8
3
9
6
5
5
5
4
8
6
10
4
7
7
8
3
8
9
8
1
9
5
10
4
5
8
4
4
4
7
9
7
3
9
7
5
6
8
5
9
5
2
7
3
8
7
9
6
3
4
8
3
9
9
3
5
4
6
6
3
3
1
3
5
4
9
1
5
3
9
9
2
2
10
5
8
8
7
5
8
3
4
3
5
3
10
2
5
9
9
5
9
3
6
2
8
2
2
4
7
3
8
6
2
6
1
3
9
8
5
2
1
2
3
10
6
10
8
2
2
2
7
6
9
5
7
9
7
2
9
6
2
6
2
6
4
6
6
7
7
10
9
7
2
3
5
8
8
2
2
5
9
5
5
10
4
5
4
5
10
9
1
4
6
6
3
5
2
10
7
2
9
2
5
4
8
6
8
7
0 343 12
0 337 11
0 73 14
0 428 8
0 311 8
0 236 12
1 296 13
1 99 14
1 131 10
1 428 13
1 262 8
2 310 11
2 9 12
2 305 13
2 120 9
2 387 10
3 490 14
3 158 11
3 12 10
3 131 9
4 197 9
4 109 9
4 438 11
4 103 11
4 69 11
4 190 8
5 173 12
5 497 10
5 285 12
5 379 13
5 270 12
5 72 11
6 266 9
6 201 9
6 446 10
6 167 8
6 479 11
7 48 12
7 195 10
7 77 10
7 131 12
7 290 10
7 402 11
8 151 8
8 217 12
8 355 9
9 102 8
9 336 12
9 190 7
9 448 11
10 310 10
10 422 11
10 139 10
10 497 12
10 185 7
11 321 11
11 356 8
11 216 11
11 180 9
12 320 11
12 169 11
12 178 11
1 12 13
12 494 12
12 457 11
12 376 8
13 32 10
13 45 10
13 193 14
13 52 9
14 465 7
14 188 14
14 23 8
14 197 12
14 151 9
12 15 8
15 443 10
15 43 9
15 405 11
16 252 10
16 356 9
16 52 9
16 310 10
16 305 9
17 435 11
17 330 10
17 228 8
17 303 10
17 189 11
17 290 8
18 472 11
18 324 11
18 120 7
18 479 10
18 441 10
19 301 11
19 82 11
19 197 9
19 194 9
19 146 7
19 105 9
20 288 5
20 469 10
20 290 12
20 87 7
20 159 7
21 447 11
21 391 11
21 410 13
21 272 13
21 186 16
22 152 8
22 394 13
22 343 10
22 399 11
23 36 10
23 139 9
23 361 13
23 308 12
23 83 8
24 75 11
24 337 8
17 24 11
24 339 8
24 95 11
25 118 10
25 165 13
25 28 13
25 59 11
25 433 7
26 379 8
26 111 13
26 36 7
26 109 12
26 486 12
26 298 13
26 148 13
27 60 8
27 484 11
27 345 8
27 499 10
28 410 12
28 263 10
28 210 7
28 435 7
28 458 6
29 96 10
29 169 5
29 427 9
29 319 8
29 417 8
30 247 9
30 409 12
30 471 11
30 351 15
31 153 10
31 210 9
31 413 11
31 398 11
32 448 9
32 151 9
32 443 8
32 142 10
32 125 10
32 363 11
33 349 9
33 132 10
33 458 10
33 428 13
33 378 8
33 159 10
34 410 14
34 182 13
34 287 10
34 141 7
34 143 7
10 35 15
35 319 13
35 184 10
35 155 12
35 217 11
35 197 11
36 397 14
36 217 10
36 102 7
37 126 11
37 139 10
37 68 12
37 45 12
37 394 10
38 60 11
38 410 12
38 400 14
30 38 11
38 298 10
39 107 11
39 247 9
39 471 10
23 39 11
39 483 11
40 74 10
40 300 14
41 260 11
41 176 16
41 156 12
23 41 11
41 434 9
42 125 11
16 42 10
21 42 8
42 391 13
42 360 12
18 43 10
43 383 12
43 283 10
38 43 11
43 478 10
30 43 12
44 224 9
44 154 12
44 445 9
44 455 10
45 173 10
45 166 9
45 299 14
45 262 13
45 407 10
46 152 10
46 331 12
46 261 13
46 449 14
46 65 10
47 371 7
47 282 11
47 324 10
47 460 11
21 48 14
48 369 11
48 270 9
48 342 8
48 457 12
49 409 8
49 269 9
49 397 9
49 243 14
50 107 7
50 215 13
50 375 12
50 230 13
51 308 12
51 267 13
39 51 9
51 189 10
51 216 11
51 176 14
52 377 13
52 300 11
52 479 9
52 411 9
53 237 14
53 407 12
53 111 11
53 410 9
53 307 13
54 156 8
54 309 11
54 450 11
54 479 11
29 54 11
55 408 9
55 337 12
55 376 12
55 193 11
56 404 13
56 419 10
30 56 11
56 377 11
56 387 9
57 404 9
57 291 10
57 338 12
57 124 12
57 145 8
58 198 7
58 125 7
58 406 7
58 330 14
10 58 14
58 288 8
59 133 11
59 352 11
59 115 10
59 185 9
38 59 13
59 196 12
59 471 11
60 124 12
60 185 11
52 60 9
60 382 8
60 334 8
60 265 13
61 366 11
61 104 9
61 307 14
61 390 12
62 437 15
14 62 12
62 122 14
62 321 10
6 62 13
62 222 14
62 446 11
63 177 12
63 261 13
63 321 12
63 496 11
63 407 12
63 112 11
64 92 12
64 232 12
64 274 10
64 203 10
64 235 11
65 490 13
65 226 10
65 243 10
65 442 13
65 460 12
18 65 10
66 332 9
53 66 9
66 189 8
13 66 11
66 495 9
66 422 10
67 178 11
67 298 14
12 67 13
67 284 11
68 87 6
68 158 11
68 92 10
33 68 9
68 233 11
68 448 12
12 69 5
69 175 8
69 278 8
69 335 14
33 69 11
69 93 10
70 404 11
70 256 8
70 374 10
70 321 13
70 224 10
71 295 11
71 149 13
71 224 11
71 254 11
71 348 12
71 354 17
71 341 8
72 118 13
72 250 13
72 210 10
72 224 10
47 72 11
72 388 11
73 121 13
73 386 11
6 73 11
13 73 11
74 156 11
74 337 11
74 436 13
74 243 9
74 333 14
74 228 10
38 75 10
75 78 13
75 343 9
75 327 12
76 395 9
76 269 12
76 296 10
76 425 11
76 487 12
47 77 7
77 432 10
77 157 12
45 77 12
78 476 10
78 303 9
78 185 10
77 78 12
78 164 13
79 215 11
27 79 11
79 335 14
79 499 6
80 183 11
80 312 12
49 80 11
80 329 8
80 469 11
80 81 9
81 300 11
81 211 10
81 314 12
81 396 11
82 244 8
69 82 9
72 82 9
82 219 13
82 154 9
82 401 12
83 105 10
83 114 13
83 490 13
83 290 8
84 395 9
84 157 11
84 416 7
84 123 13
85 189 14
85 192 8
85 162 9
53 85 10
86 366 12
86 173 10
86 305 11
86 369 14
86 273 8
87 99 14
58 87 9
87 113 10
49 87 4
87 481 9
88 452 10
88 393 12
88 277 10
88 333 10
69 88 11
88 438 14
76 89 12
89 220 13
11 89 11
89 120 10
89 312 8
75 89 12
89 456 6
57 90 11
90 362 14
90 427 10
90 262 8
90 210 8
91 319 6
56 91 9
91 210 11
91 363 9
92 389 10
92 448 11
63 92 10
92 453 13
85 92 11
93 233 8
93 405 13
93 364 13
93 156 12
44 93 11
1 94 15
94 264 8
94 485 12
94 305 13
94 419 10
94 181 10
95 361 12
95 472 8
95 347 13
72 95 12
96 443 10
96 132 10
96 115 7
43 96 11
10 97 8
97 478 9
97 123 9
97 341 11
98 382 9
98 398 9
98 186 11
98 258 13
98 175 11
99 377 12
82 99 11
99 217 11
99 232 11
99 353 7
100 287 12
100 306 13
100 382 7
101 177 11
101 340 14
101 271 11
101 484 12
102 252 12
102 224 13
3 102 14
103 212 15
103 322 13
103 325 11
103 120 7
103 333 9
104 114 10
104 376 11
104 176 14
104 375 11
88 104 11
105 165 12
105 246 11
36 105 11
105 176 13
105 436 10
106 115 11
106 263 8
106 405 12
58 107 8
4 107 8
107 206 12
107 411 12
68 108 12
91 108 9
108 394 10
108 180 9
24 108 12
108 312 9
109 458 11
109 460 11
109 474 11
109 155 10
109 399 14
103 109 8
109 373 10
110 495 15
110 245 14
110 317 12
110 238 11
110 335 16
111 444 8
111 319 12
111 224 11
111 390 14
112 456 10
112 355 10
112 432 8
75 112 12
113 429 10
113 363 11
113 352 9
113 480 10
113 291 11
114 404 11
114 325 7
3 114 12
114 151 9
90 114 8
115 157 15
115 298 12
115 359 12
115 481 9
30 115 11
116 420 9
116 378 11
116 117 13
61 116 9
116 198 8
117 361 8
95 117 13
117 128 10
117 142 9
20 117 12
89 117 12
118 474 10
118 199 11
118 259 12
82 118 10
118 429 10
88 119 11
119 177 9
119 384 10
119 260 10
120 189 11
120 143 10
27 120 12
120 346 10
59 121 6
121 379 7
121 248 14
121 308 12
121 151 12
122 358 10
122 443 13
122 349 9
114 122 7
122 368 7
122 181 10
123 340 14
123 433 13
123 372 11
123 339 8
99 124 9
124 456 9
19 124 10
124 150 8
124 391 10
50 124 10
125 254 11
55 125 11
125 462 13
125 309 13
125 143 9
116 125 6
126 305 8
126 295 10
126 395 9
99 126 10
127 183 10
65 127 8
127 220 11
128 187 11
128 180 9
12 128 10
85 128 7
128 467 9
129 482 10
129 135 12
75 129 10
129 338 9
130 196 10
130 255 9
130 347 11
130 144 12
131 432 11
131 297 12
131 493 7
131 183 11
78 131 11
131 474 5
23 131 10
132 310 12
132 409 10
132 365 9
132 245 11
132 486 14
132 326 10
133 313 10
133 173 10
133 215 10
133 164 9
133 295 9
112 133 12
134 162 15
134 208 10
134 465 15
134 404 14
134 398 12
134 338 8
36 134 12
135 390 9
135 497 10
135 392 10
51 135 14
49 136 9
136 176 13
136 383 12
136 329 10
80 136 9
137 316 9
137 431 6
137 362 11
137 419 14
138 165 12
36 138 9
138 478 11
138 433 7
132 138 8
98 139 10
28 139 12
16 139 11
92 139 13
139 163 11
140 262 9
140 417 8
140 315 8
94 140 9
140 159 10
26 140 10
141 164 12
141 209 11
141 354 9
141 218 12
141 486 12
142 462 10
68 142 11
142 453 16
142 302 8
142 413 12
143 218 11
143 380 8
143 201 14
135 143 13
98 143 11
143 322 10
21 143 10
144 175 6
144 274 9
144 464 9
144 264 9
79 145 9
112 145 10
145 287 11
145 498 10
146 253 11
146 381 9
146 211 14
131 147 11
63 147 11
39 147 11
147 441 12
147 470 8
52 147 10
147 416 9
148 168 13
147 148 12
148 446 11
148 176 10
149 413 11
149 446 6
81 149 13
150 321 11
150 414 10
150 285 12
150 151 13
151 476 8
102 151 12
31 151 11
151 495 13
151 282 11
151 266 8
152 273 14
152 369 11
121 152 8
152 468 9
152 197 11
153 335 12
153 409 11
153 498 14
72 153 10
153 221 11
68 153 11
154 469 11
154 499 9
75 154 12
154 385 9
154 432 11
155 483 10
152 155 13
155 388 10
155 421 12
156 212 13
156 378 9
156 474 14
156 470 10
18 156 7
57 156 8
157 361 12
157 220 6
108 157 13
157 486 9
157 350 6
156 158 10
93 158 9
44 158 8
158 482 10
158 360 12
22 158 9
158 273 9
159 395 11
121 159 12
159 186 5
159 181 11
159 346 10
159 439 10
44 160 14
155 160 11
113 160 9
160 367 12
160 304 10
161 288 11
123 161 7
161 268 15
161 260 8
161 401 11
162 165 12
162 356 10
162 494 7
162 265 9
162 413 14
162 249 12
162 226 11
163 263 12
163 492 11
163 201 11
163 460 10
27 163 12
163 254 6
164 376 8
164 228 8
58 164 10
164 252 10
164 446 11
165 364 12
165 469 14
165 439 12
165 236 10
44 165 6
165 394 10
166 168 10
52 166 12
166 393 11
102 166 15
166 362 12
166 218 13
167 389 14
167 486 11
118 167 10
16 167 7
109 167 10
167 320 11
168 243 8
59 168 13
168 344 8
168 356 11
168 339 12
169 418 10
150 169 10
169 211 7
169 296 5
169 257 12
169 443 10
165 170 9
170 424 10
170 257 8
15 170 9
171 254 8
144 171 9
171 300 9
171 274 14
171 176 9
171 450 9
172 252 11
172 235 13
85 172 10
159 172 11
172 396 11
172 207 10
172 287 12
173 385 11
14 173 9
62 173 9
173 354 14
173 380 8
174 438 13
174 352 7
174 319 8
23 174 11
58 174 10
175 262 9
175 403 10
32 175 12
175 300 8
175 193 11
176 390 9
176 440 11
176 196 6
176 296 10
176 245 9
150 177 8
177 383 10
70 177 12
178 197 8
110 178 13
178 398 10
164 178 10
178 390 12
179 379 10
81 179 11
179 396 11
179 226 10
180 403 9
180 451 10
16 180 10
46 180 16
180 254 13
112 181 11
64 181 8
181 377 14
181 212 10
182 383 11
182 376 11
81 182 10
182 320 10
140 182 13
182 426 12
182 464 8
126 183 12
183 421 8
183 248 10
183 491 11
183 453 9
184 473 14
184 465 13
184 418 6
184 277 12
130 184 7
185 296 11
185 379 13
185 243 11
186 265 10
186 349 13
186 263 11
131 186 8
19 186 14
187 367 14
183 187 10
187 188 13
187 422 11
187 399 12
2 188 11
188 340 10
188 497 9
188 211 13
188 375 14
127 189 10
68 189 11
189 450 8
108 189 11
83 190 15
44 190 10
190 431 13
17 190 7
190 304 10
191 396 10
191 351 11
12 191 9
191 482 11
192 310 11
131 192 12
192 240 10
192 382 9
27 192 11
192 327 11
193 438 13
193 257 10
136 193 12
107 194 9
194 214 12
43 194 10
194 266 12
6 194 11
195 354 8
195 277 11
117 195 12
195 255 10
195 256 12
196 230 10
164 196 11
119 196 9
171 196 11
196 402 10
196 459 5
49 197 12
197 376 12
197 215 11
198 244 10
35 198 11
198 228 12
12 198 11
199 333 14
135 199 13
199 232 10
155 199 12
160 200 10
200 342 14
200 223 9
87 200 9
200 414 12
201 424 9
104 201 12
201 423 10
201 278 12
111 202 10
202 335 13
127 202 11
202 215 11
91 203 10
203 400 12
11 203 9
199 203 11
203 480 11
204 473 12
204 372 12
204 241 11
204 422 11
205 243 10
205 277 12
37 205 12
79 205 15
205 255 8
92 205 9
51 206 10
119 206 12
206 419 14
6 206 14
206 385 10
207 491 12
7 207 12
151 207 7
207 341 9
61 207 10
192 207 12
61 208 10
208 277 13
132 208 9
67 208 10
209 487 11
209 377 11
15 209 12
209 380 12
209 489 10
175 210 8
134 210 9
210 493 11
210 380 14
18 211 10
211 389 14
211 410 12
211 459 12
211 304 8
212 356 7
38 212 10
212 474 10
212 339 10
212 387 10
213 442 8
213 402 10
213 430 13
213 249 10
153 213 11
213 374 13
214 481 7
214 216 15
135 214 11
159 214 9
214 356 11
214 236 12
56 214 10
196 215 8
168 215 12
215 487 10
185 215 10
216 249 11
216 242 10
181 216 8
167 216 13
136 216 9
217 279 13
217 459 6
217 469 11
61 217 8
218 394 11
210 218 13
109 218 15
219 487 10
219 460 6
219 243 11
176 219 6
219 354 13
219 454 13
220 449 11
4 220 13
220 241 10
215 220 9
138 220 12
4 221 9
209 221 13
92 221 8
191 221 10
149 221 10
222 339 11
222 435 11
222 424 13
38 222 11
156 223 10
223 470 11
65 223 8
223 342 9
223 392 7
223 225 10
224 456 11
187 224 16
224 438 8
225 269 11
225 449 9
11 225 9
91 226 11
226 274 9
226 287 10
165 226 12
105 227 12
157 227 10
227 418 11
228 447 12
228 357 13
228 247 11
19 228 7
104 228 12
228 287 12
40 229 12
190 229 10
229 478 11
229 477 11
92 230 11
230 250 13
60 230 10
45 230 14
230 358 10
96 231 13
103 231 10
231 310 8
203 231 9
34 231 8
231 407 8
232 284 13
71 232 11
232 298 11
210 232 12
201 232 11
233 471 10
165 233 9
66 233 11
233 376 8
234 337 10
212 234 9
234 352 10
234 278 13
234 428 12
169 235 11
235 469 12
38 235 10
26 235 10
236 325 9
236 373 9
236 352 11
74 236 7
64 237 11
237 393 12
237 474 12
238 427 8
238 380 8
238 468 9
238 330 13
239 257 9
239 414 9
90 239 14
0 239 10
239 422 11
240 329 10
230 240 14
240 474 10
240 455 12
207 241 7
107 241 10
241 244 14
191 241 5
242 499 8
190 242 11
242 434 10
242 265 7
47 242 9
157 243 10
2 243 10
99 243 8
243 361 10
148 243 13
141 243 8
244 357 9
190 244 13
244 397 9
244 492 11
245 458 10
106 245 8
245 312 9
29 245 15
245 263 8
245 394 8
246 481 9
132 246 10
129 246 12
109 246 10
247 457 13
57 247 7
247 371 15
247 358 10
247 338 9
248 492 9
157 248 8
214 248 11
52 248 9
2 249 9
249 351 7
246 249 13
249 391 13
249 300 9
11 250 8
250 384 12
29 250 8
250 386 9
75 251 10
12 251 11
171 251 10
251 292 7
252 407 10
252 324 9
252 279 10
252 273 10
253 441 10
253 391 14
211 253 13
109 253 11
253 294 11
54 253 10
254 261 12
254 476 7
254 337 14
254 313 13
254 386 12
255 396 7
255 372 9
255 268 15
99 255 8
256 336 6
256 446 12
256 490 11
256 435 9
241 256 9
231 257 12
257 450 11
257 473 13
257 431 12
97 257 9
230 258 11
258 320 11
258 358 10
32 258 11
31 258 11
208 258 11
259 308 7
259 360 12
123 259 12
259 372 13
17 259 11
260 471 8
38 260 13
260 484 11
260 273 6
70 260 11
28 260 9
227 260 11
209 261 11
215 261 12
261 403 13
261 359 11
141 261 9
129 261 10
200 261 9
262 272 13
262 434 7
164 262 11
227 262 11
22 262 9
262 285 10
236 263 9
143 263 8
219 263 14
263 431 8
244 263 14
170 264 11
264 390 8
138 264 10
191 264 11
264 415 11
264 470 7
259 265 10
265 492 9
264 265 9
265 429 11
265 284 10
266 348 8
221 266 8
193 266 10
195 266 5
266 401 8
267 488 13
62 267 12
267 313 11
214 267 11
267 276 8
268 424 14
181 268 15
201 268 11
49 268 14
113 269 10
269 447 15
269 343 7
99 269 10
270 414 12
270 492 11
270 496 10
58 270 13
270 457 9
270 494 8
37 271 13
80 271 10
103 271 11
271 433 14
203 271 11
42 271 15
272 278 9
252 272 10
183 272 11
181 272 10
231 272 7
73 272 11
273 387 13
273 470 9
271 273 8
273 377 11
273 488 10
53 273 11
97 274 12
274 349 11
274 489 9
31 274 12
45 275 10
99 275 11
275 389 10
185 275 10
275 340 13
275 305 12
223 276 11
226 276 7
152 276 10
69 276 9
276 379 9
276 299 10
103 276 13
99 277 11
72 277 12
202 277 8
178 277 12
76 277 11
278 425 10
278 428 9
149 278 5
278 340 10
258 278 9
131 279 6
279 455 8
279 372 12
279 444 14
279 422 16
125 280 10
165 280 11
280 490 10
280 328 9
280 423 10
281 353 9
281 437 5
281 290 11
0 281 11
149 281 8
281 312 12
282 464 12
282 391 11
186 282 9
282 461 12
282 369 14
283 329 9
283 414 12
283 360 10
283 359 16
283 319 8
283 413 9
14 284 8
284 327 11
192 284 13
284 362 11
42 284 8
176 285 13
125 285 10
53 285 12
285 406 10
285 429 11
286 446 11
4 286 9
286 450 11
41 286 10
29 286 11
286 338 16
287 385 10
287 409 10
227 287 7
287 484 11
287 382 12
288 413 9
288 417 10
279 288 11
38 288 12
289 347 8
289 341 11
289 299 6
226 289 14
4 289 12
71 289 12
290 308 13
290 365 10
290 357 12
140 290 8
9 290 8
291 477 14
86 291 9
268 291 8
144 291 10
291 473 10
53 292 10
292 365 10
292 293 10
292 408 13
149 293 13
293 406 10
293 408 11
293 486 13
293 410 11
252 293 9
132 294 12
9 294 10
117 294 12
186 294 13
160 294 8
20 294 12
158 295 13
100 295 11
295 419 14
255 295 9
295 430 11
119 295 13
113 296 13
68 296 14
296 452 11
260 296 9
297 345 10
297 443 6
195 297 12
273 297 8
277 297 14
86 298 10
188 298 12
298 317 8
28 298 10
202 298 10
119 298 10
197 299 11
146 299 10
299 323 13
265 299 11
231 299 10
180 300 13
111 300 10
14 300 11
89 300 9
300 315 14
301 394 14
214 301 12
191 301 7
109 301 9
301 419 12
184 301 14
167 302 9
26 302 12
82 302 12
302 415 11
302 391 10
303 468 9
151 303 9
152 303 12
303 403 7
45 303 9
303 492 8
56 304 11
304 422 13
103 304 10
55 304 11
305 356 10
274 305 12
305 314 9
305 415 10
188 305 6
277 305 10
305 368 9
306 467 12
186 306 9
189 306 8
307 370 11
114 307 10
307 335 11
307 437 10
292 307 11
307 446 8
308 443 12
308 340 14
117 308 10
78 308 8
220 308 7
309 461 10
121 309 14
75 309 12
309 334 12
249 309 11
149 310 9
310 482 9
261 310 13
208 310 9
80 311 14
311 478 12
103 311 8
311 427 13
146 311 14
312 467 8
81 312 8
45 312 9
312 388 12
113 313 9
313 417 10
313 358 12
162 313 11
62 313 9
313 366 9
314 478 8
142 314 6
199 314 11
151 314 10
173 315 7
315 322 11
91 315 10
57 315 11
229 315 5
11 315 10
200 316 6
316 320 13
59 316 11
43 316 9
316 369 9
184 316 6
46 317 8
174 317 11
113 317 13
106 318 10
37 318 9
318 398 13
128 318 13
318 495 9
2 319 7
75 319 12
21 319 11
319 346 8
319 495 8
96 320 10
246 320 12
222 320 8
270 320 12
315 320 15
113 321 10
321 464 11
82 321 12
67 321 10
263 321 11
322 358 10
322 424 13
322 483 13
322 345 10
170 322 12
323 436 6
140 323 8
101 323 6
323 391 10
323 449 11
323 346 8
192 323 9
302 324 13
324 349 9
290 324 8
324 490 10
325 337 12
275 325 14
165 325 6
21 325 10
325 351 7
2 326 10
326 367 11
255 326 10
94 326 11
81 326 11
327 480 12
327 458 14
126 327 14
38 327 11
308 327 10
248 327 15
328 433 11
326 328 14
36 328 13
328 465 13
328 393 14
329 417 12
69 329 12
329 443 11
309 329 9
330 430 10
330 406 9
330 411 8
330 371 11
104 330 15
74 330 13
280 331 12
0 331 4
48 331 9
331 433 13
331 393 11
130 332 13
95 332 10
332 414 14
332 423 13
332 417 9
176 332 10
154 333 8
333 440 10
113 333 10
19 333 11
181 333 14
271 334 10
64 334 11
334 490 14
43 334 15
15 334 12
322 335 14
274 335 12
120 335 9
41 335 14
238 335 14
129 336 7
120 336 10
37 336 11
302 336 11
275 336 9
311 337 10
198 337 14
136 337 10
22 337 5
85 338 13
56 338 9
338 412 8
332 338 10
339 470 13
339 488 10
339 388 12
160 339 10
339 391 10
137 340 11
340 399 9
340 415 10
279 340 10
340 453 9
14 341 12
341 368 10
159 341 9
319 341 11
341 365 7
189 341 11
342 465 12
342 380 11
304 342 12
127 342 11
230 342 10
312 343 4
338 343 11
226 343 9
105 343 10
178 343 11
226 344 7
165 344 11
224 344 12
65 344 9
344 421 9
62 345 11
331 345 9
345 410 15
59 345 14
345 430 11
112 345 10
284 346 12
198 346 12
346 381 10
346 388 13
194 347 10
347 414 15
347 383 10
347 360 12
347 382 7
348 385 10
154 348 12
269 348 7
348 412 12
12 348 9
333 349 10
349 408 9
9 349 12
349 469 13
350 363 9
322 350 9
350 402 10
309 350 12
22 350 12
281 351 9
28 351 14
351 414 12
37 351 13
14 351 9
333 352 10
352 372 9
94 352 10
147 352 10
352 355 11
241 353 14
0 353 9
347 353 11
353 387 9
202 353 12
90 354 12
354 404 8
336 354 10
313 354 9
354 431 11
252 355 10
355 492 8
355 382 14
356 431 11
330 356 10
356 495 10
265 356 11
356 426 8
104 357 10
236 357 11
97 357 12
231 357 9
357 366 8
44 358 12
158 358 11
358 403 15
338 358 11
358 410 10
218 359 8
175 359 12
113 359 13
106 359 16
277 359 12
339 360 10
179 360 7
324 360 8
357 360 9
338 360 7
360 495 8
360 403 9
104 361 12
208 361 13
67 361 10
361 428 9
361 486 12
232 361 9
276 362 11
362 461 8
112 362 12
94 362 7
362 399 8
26 363 12
100 363 10
240 363 10
363 375 9
248 363 10
85 364 9
328 364 10
144 364 9
109 364 10
364 420 10
251 364 13
350 365 13
356 365 12
365 473 12
83 365 12
7 365 11
208 365 8
51 366 9
53 366 9
366 393 11
78 366 10
81 366 13
43 366 12
367 383 13
367 425 11
130 367 10
321 367 7
217 367 9
254 367 12
119 368 10
368 495 12
46 368 9
280 368 10
13 368 9
369 472 15
148 369 10
369 470 11
181 369 11
272 369 12
212 370 13
370 380 11
150 370 12
119 370 12
205 370 13
40 370 10
256 371 7
108 371 11
51 371 13
128 371 9
235 371 9
64 372 9
33 372 10
372 449 12
191 372 12
300 373 10
321 373 10
47 373 11
337 373 11
363 373 12
374 453 12
94 374 12
374 482 13
131 374 7
301 374 10
34 375 13
306 375 13
375 421 10
369 375 10
40 375 11
375 390 8
26 375 4
376 401 10
349 376 8
160 376 14
305 376 10
376 449 7
376 495 9
119 376 13
137 377 7
94 377 15
123 377 13
365 377 8
377 481 10
215 377 9
103 377 7
71 378 8
192 378 12
311 378 13
140 378 12
141 378 7
253 379 11
379 463 11
127 379 10
361 379 10
130 379 6
21 379 12
141 379 9
372 380 9
380 476 8
380 384 12
380 480 12
251 381 12
265 381 9
243 381 12
19 381 14
69 381 12
57 381 13
382 476 9
109 382 8
47 382 10
74 382 9
107 382 13
158 383 10
80 383 7
210 383 10
245 384 11
261 384 10
224 384 11
362 384 8
384 490 9
348 384 16
36 385 11
385 440 14
207 385 7
119 385 7
239 385 10
373 386 12
217 386 10
362 386 13
114 386 10
387 402 12
199 387 11
387 407 9
345 387 12
181 388 13
388 484 9
130 388 10
33 388 9
389 434 10
389 498 11
352 389 9
372 389 9
378 389 8
273 390 13
45 390 10
158 390 10
390 401 10
390 497 10
37 391 15
40 391 11
391 454 11
84 391 11
257 392 13
126 392 11
154 393 9
43 393 8
393 463 13
168 393 14
140 393 10
58 394 12
76 394 11
231 394 10
104 394 13
394 397 13
231 395 12
302 395 5
320 395 14
360 396 13
84 396 11
135 396 8
163 396 12
342 396 12
219 397 15
16 397 9
45 397 9
356 398 10
260 398 8
292 398 14
21 398 8
66 398 14
278 399 11
363 399 8
7 399 13
34 399 5
172 400 11
87 400 10
232 400 11
400 420 9
155 401 8
278 401 9
187 401 10
402 473 11
402 427 13
87 402 10
195 402 9
230 402 7
325 402 11
336 403 14
147 403 8
403 411 10
63 403 10
379 403 12
404 421 9
404 482 7
367 404 9
341 404 11
188 404 11
41 404 13
405 407 13
70 405 12
205 405 10
382 405 9
290 406 9
91 406 10
406 410 10
180 406 10
220 406 11
328 407 12
384 407 10
286 407 9
289 407 9
392 408 7
316 408 9
77 408 8
249 408 9
100 408 8
358 409 11
409 484 11
58 409 12
409 439 15
410 451 9
216 410 11
410 465 10
203 410 6
258 411 10
3 411 12
358 411 10
50 411 10
232 411 9
242 412 11
319 412 12
347 412 11
295 412 10
216 412 10
413 464 15
10 413 11
358 413 10
266 413 5
413 426 8
380 413 6
276 414 13
383 414 14
414 430 7
4 414 9
333 414 14
328 414 10
415 457 8
56 415 9
272 415 8
26 415 10
416 484 14
245 416 9
2 416 7
24 416 10
416 490 10
181 416 10
130 417 10
189 417 11
411 417 11
319 417 12
172 417 9
418 451 11
418 483 12
218 418 11
303 418 11
74 418 8
55 418 10
131 419 13
383 419 11
228 419 10
296 419 13
212 419 7
149 420 9
210 420 12
208 420 11
420 498 11
187 420 11
131 420 10
302 421 14
402 421 12
178 421 12
254 421 12
421 457 13
292 422 11
179 422 11
351 422 8
215 422 6
408 422 12
343 422 15
95 423 11
230 423 11
259 423 12
356 423 14
329 423 11
99 424 8
297 424 9
403 424 11
417 424 12
393 424 10
368 424 8
425 442 12
425 436 10
143 425 9
197 425 9
229 425 9
311 426 9
53 426 6
30 426 15
134 426 12
6 426 9
84 426 12
340 426 8
44 427 13
281 427 8
115 427 13
49 427 8
113 427 11
352 428 6
428 476 12
412 428 13
248 428 12
206 429 12
325 429 10
349 429 8
429 459 10
253 430 10
360 430 9
373 430 7
430 462 13
96 431 7
304 431 10
154 431 10
407 431 11
239 431 12
176 431 11
432 458 8
128 432 11
146 432 13
7 432 8
432 475 13
27 433 8
374 433 11
260 433 13
275 433 10
433 490 11
236 434 11
216 434 10
419 434 10
5 434 8
7 435 12
352 435 14
213 435 10
1 435 11
326 435 12
356 435 12
153 435 12
271 436 10
436 468 8
364 436 8
215 436 12
36 436 11
252 437 10
107 437 9
131 437 11
342 437 10
276 438 12
122 438 14
308 438 9
374 438 10
53 438 8
187 439 14
136 439 9
53 439 11
314 439 10
368 440 12
164 440 13
41 440 5
416 440 10
328 440 12
405 440 10
168 441 9
255 441 10
300 441 10
441 483 10
372 442 9
405 442 11
164 442 9
15 442 11
101 442 14
436 442 13
61 443 7
443 448 10
251 443 9
308 444 7
152 444 7
354 444 10
289 444 10
146 444 11
179 444 12
119 445 12
194 445 13
67 445 13
336 445 11
255 445 9
147 446 9
446 490 9
118 446 9
180 446 10
95 446 16
105 447 9
325 447 12
39 447 15
285 447 13
184 447 13
429 447 12
409 448 12
281 448 13
348 448 8
11 448 11
445 448 7
448 454 16
113 449 9
29 449 8
74 449 15
363 449 13
7 449 12
204 450 11
266 450 13
365 450 10
108 450 8
188 450 12
115 450 11
284 451 11
227 451 5
209 451 11
433 451 7
80 451 7
429 451 8
452 459 10
311 452 12
114 452 14
225 452 13
365 453 12
158 453 10
453 461 8
163 453 11
243 453 15
377 453 11
199 453 6
424 454 10
231 454 10
454 455 14
414 455 11
174 455 11
394 455 14
82 455 11
168 456 9
122 456 9
338 456 7
280 456 9
277 456 12
90 457 8
159 457 8
457 482 12
311 457 9
90 458 8
323 458 12
44 458 8
201 458 11
206 458 8
375 459 13
349 459 9
459 464 11
308 459 11
313 460 8
123 460 8
446 460 11
251 460 13
218 460 12
265 460 8
329 461 10
148 461 14
308 461 11
102 461 14
51 461 11
300 461 11
98 462 11
148 462 8
271 462 13
188 462 7
450 462 11
323 463 12
94 463 10
95 463 11
352 463 10
420 464 11
275 464 13
317 464 9
7 464 8
320 465 8
458 465 7
26 465 12
149 465 14
3 465 12
91 465 10
414 466 10
247 466 10
206 466 11
183 466 10
169 466 9
102 467 12
278 467 5
313 467 12
246 467 9
40 467 11
15 468 9
263 468 12
61 468 12
395 468 12
331 468 11
140 468 8
12 469 10
469 473 8
243 469 10
132 469 8
157 469 10
188 470 10
393 470 8
91 470 8
48 470 10
295 470 12
399 471 11
281 471 10
420 471 11
471 481 12
303 471 10
424 472 10
81 472 12
430 472 8
253 472 13
116 473 15
212 473 12
200 473 12
279 474 13
93 474 9
474 495 10
32 474 10
457 474 12
278 475 11
204 475 9
21 475 9
346 475 8
135 475 12
159 476 12
135 476 10
300 476 12
476 491 12
272 476 10
37 477 11
241 477 15
361 477 10
90 477 8
103 477 9
298 478 12
458 478 11
478 492 10
404 478 10
457 479 13
84 479 12
349 479 6
147 479 12
228 479 14
353 480 10
480 483 9
414 480 11
164 480 9
472 481 9
100 481 14
439 481 10
179 481 10
481 492 9
228 481 13
159 482 12
72 482 11
409 482 10
23 482 11
439 482 10
138 482 11
483 497 12
259 483 13
483 499 11
84 483 9
17 483 9
273 483 8
190 483 10
296 484 10
187 484 10
346 484 8
399 484 11
261 485 10
266 485 8
314 485 7
234 485 10
37 485 9
455 485 12
186 486 8
414 486 14
289 486 9
348 487 10
183 487 12
303 487 11
478 487 7
378 487 13
212 487 10
377 488 12
33 488 13
85 488 9
88 488 11
447 488 8
465 488 7
71 489 9
206 489 8
406 489 12
245 489 12
99 489 8
105 489 11
257 489 14
144 490 10
400 490 10
307 490 11
238 490 14
340 490 9
306 491 14
257 491 7
81 491 12
88 491 8
33 491 11
15 491 9
172 492 9
61 492 11
44 492 9
230 492 10
272 492 7
369 492 9
236 493 9
188 493 8
306 493 11
77 493 13
124 493 11
130 493 10
261 494 9
27 494 9
239 494 10
195 494 15
5 494 12
20 495 12
436 495 7
302 495 11
416 496 12
488 496 7
175 496 13
283 496 12
242 496 12
454 496 6
288 497 13
74 497 7
402 497 13
47 497 10
349 497 10
114 498 8
380 498 11
13 498 12
411 498 14
56 499 10
439 499 13
207 499 13
238 499 8
187 499 8
