500
0
7
2
8
7
3
2
8
5
9
2
2
3
3
1
2
7
4
10
6
9
8
10
8
6
7
4
2
7
5
2
7
5
4
7
4
5
7
9
2
2
1
4
4
6
6
9
4
7
6
4
7
4
4
1
4
2
1
4
6
10
5
1
8
8
8
3
7
6
4
6
7
8
5
7
8
9
7
2
6
6
5
5
8
4
6
6
4
7
6
8
7
8
4
6
4
6
8
3
4
9
3
5
5
5
1
9
2
4
10
4
4
6
6
6
1
5
8
8
5
6
3
8
7
7
5
5
2
2
2
2
9
8
8
5
2
2
3
2
7
5
8
9
10
4
9
5
7
8
9
6
5
9
9
8
5
7
9
4
7
4
5
7
10
6
5
5
9
2
6
9
10
9
7
10
10
8
2
1
4
6
9
5
7
7
3
5
3
1
6
3
6
3
1
3
8
6
9
9
7
2
8
5
2
6
1
4
3
4
9
9
9
2
5
1
7
6
6
9
10
3
9
6
3
2
10
6
4
2
4
5
2
3
5
2
6
6
7
9
4
4
3
2
7
2
6
4
9
8
6
5
6
2
5
4
2
3
7
9
5
2
3
6
7
4
7
3
6
7
8
8
6
9
4
2
8
9
6
5
3
3
10
5
5
7
3
5
1
3
3
3
6
5
6
6
5
4
9
10
8
2
5
5
10
8
7
6
9
3
3
3
1
3
7
4
4
4
9
5
8
5
5
2
9
2
5
2
4
4
2
4
3
3
8
3
5
5
4
5
10
6
6
1
1
6
8
3
7
9
1
5
7
3
8
8
8
2
1
5
9
7
1
6
2
2
7
5
1
9
9
8
3
4
3
5
10
6
9
3
5
7
10
7
6
1
7
2
7
9
2
2
7
9
5
3
8
5
5
5
8
3
10
9
8
5
10
5
5
5
6
9
4
4
3
9
4
7
1
6
4
4
7
2
5
10
9
7
10
9
2
10
7
8
1
3
3
7
9
9
9
7
7
8
8
2
1
9
1
4
5
3
6
3
6
9
7
9
9
1
7
10
8
6
10
4
3
3
4
8
2
4
6
6
8
7
4
2
3
6
2
10
7
5
6
6
6
8
1
8
10
5
4
6
3
2
5
6
7
6
7
0 258 11
0 180 10
0 235 10
0 416 11
0 169 7
0 115 10
0 168 8
0 211 9
0 307 10
0 270 10
1 319 12
1 60 9
1 381 10
1 413 11
1 405 11
1 123 12
1 349 7
1 154 14
2 132 13
2 395 6
2 368 11
2 337 11
2 51 9
2 403 13
2 116 8
2 266 7
2 169 10
3 75 11
3 146 11
3 34 13
3 402 12
3 111 8
3 161 11
3 278 9
3 154 10
3 107 6
3 242 11
4 347 13
4 382 15
4 233 13
4 470 11
4 395 10
4 375 7
4 357 13
4 235 10
4 79 10
4 119 9
5 290 12
5 210 9
5 54 11
5 201 9
5 35 11
5 390 13
5 418 10
5 126 11
5 172 13
5 14 7
6 156 10
6 260 9
6 257 8
6 374 12
6 175 13
6 143 7
6 47 13
6 121 9
6 417 8
7 166 11
7 203 12
7 171 7
7 244 11
7 313 13
7 352 11
7 417 9
7 80 9
7 463 10
7 179 8
7 18 9
8 375 10
8 405 10
8 477 12
8 323 10
8 93 12
8 479 12
8 354 10
8 290 12
8 133 7
8 261 12
9 300 11
9 349 11
9 432 11
9 296 10
9 255 14
9 21 12
9 310 11
9 116 10
9 221 8
9 32 12
10 205 10
10 196 9
10 183 12
10 270 11
10 360 11
10 216 5
10 66 7
10 59 9
10 134 10
11 479 9
11 54 7
11 50 10
11 204 10
11 132 8
11 241 9
11 408 9
11 379 7
11 419 13
12 408 11
12 259 11
12 54 9
12 133 11
12 290 11
12 451 11
12 125 11
12 356 15
12 462 7
12 176 10
12 138 9
13 248 12
13 460 6
13 454 11
13 81 11
13 451 9
13 359 7
13 35 13
2 13 13
13 190 8
13 32 10
14 106 12
14 118 14
14 23 11
14 314 11
14 455 11
14 231 9
14 379 13
14 167 12
14 234 9
14 385 12
14 276 13
14 247 11
15 82 13
15 393 13
15 76 11
15 309 11
15 352 11
15 137 12
15 27 8
15 85 10
15 43 8
16 108 9
16 325 10
16 122 9
16 115 16
15 16 10
16 385 8
16 193 11
16 489 12
17 460 7
17 439 9
9 17 9
17 413 10
17 141 8
17 361 10
17 317 10
17 214 13
17 466 15
18 57 10
18 168 10
18 276 8
18 121 8
18 384 11
18 197 9
18 385 12
18 417 12
18 441 11
18 58 11
19 350 13
19 139 5
14 19 13
19 176 9
19 234 8
19 221 13
19 57 9
19 473 15
19 135 11
20 213 8
20 384 11
20 156 11
20 269 11
20 155 13
20 25 12
20 190 11
20 109 14
21 190 12
21 131 5
21 444 10
21 363 10
21 259 12
21 180 11
21 392 10
21 187 8
22 198 9
22 177 14
22 305 10
22 450 12
22 301 12
22 268 7
22 459 14
22 112 8
22 373 10
22 135 10
22 399 10
23 128 14
23 112 10
23 393 8
23 72 9
23 318 9
23 117 10
23 441 12
23 479 7
12 23 10
24 318 12
24 307 12
24 497 8
24 436 10
24 182 10
24 236 9
24 402 12
12 24 10
24 183 10
24 398 8
24 392 12
25 393 11
25 223 14
25 383 13
25 345 12
25 88 9
25 61 9
25 372 8
25 319 12
25 449 13
25 62 10
25 419 11
18 26 9
26 78 11
26 401 12
26 394 7
26 140 14
26 381 14
26 404 11
26 54 9
26 429 12
27 331 13
27 72 9
27 179 10
27 312 9
27 374 12
27 206 15
27 290 10
27 492 11
27 304 12
27 313 8
28 357 11
28 488 8
28 99 9
28 38 12
28 353 12
28 439 8
28 224 8
28 263 11
28 393 12
28 418 12
28 229 10
29 277 8
29 367 11
29 493 12
29 188 8
29 368 8
29 115 12
29 429 7
29 129 10
29 149 7
29 72 7
30 32 11
30 200 10
30 84 10
30 318 8
30 448 12
30 488 9
30 461 13
30 237 10
30 264 12
30 484 11
30 167 10
31 417 9
31 303 13
31 348 11
31 216 11
31 288 10
31 184 12
31 210 10
31 166 15
32 320 6
32 247 11
32 308 12
32 494 12
32 221 13
0 32 11
32 75 10
32 418 9
32 381 11
8 33 12
33 381 11
33 78 12
33 419 9
33 461 9
33 364 8
33 138 11
33 319 8
33 289 12
33 295 14
33 446 14
34 393 12
27 34 13
34 64 14
34 116 11
34 394 8
34 390 11
34 428 13
34 479 8
34 129 12
34 380 13
35 234 12
35 382 11
19 35 10
35 362 10
35 436 10
35 137 7
35 277 10
35 130 11
35 314 9
35 55 14
35 152 8
36 79 10
36 373 12
36 287 9
36 294 8
36 472 6
36 463 11
7 36 12
36 414 12
36 127 7
36 407 13
36 437 10
36 236 13
37 214 10
0 37 15
37 219 12
37 415 9
37 207 8
37 185 8
37 150 10
37 238 11
37 233 10
37 486 8
38 499 12
38 385 7
38 67 12
38 147 7
38 98 7
35 38 15
38 97 11
38 236 12
38 44 10
38 425 9
38 338 9
39 59 10
39 224 13
31 39 10
39 469 10
39 447 12
30 39 8
39 47 10
39 393 9
39 190 9
39 406 14
40 99 8
40 70 12
40 220 14
40 496 11
40 332 10
40 116 10
40 86 14
40 450 9
3 40 11
40 171 7
41 58 13
34 41 12
41 488 7
41 476 13
41 142 12
41 430 10
41 458 10
41 42 13
41 123 11
41 172 10
42 116 10
42 52 10
42 461 7
42 397 8
42 152 13
42 62 10
42 191 6
42 67 11
42 439 11
43 382 7
9 43 13
13 43 9
7 43 13
43 467 14
43 385 15
43 339 13
43 201 12
43 444 11
1 43 9
43 251 14
44 273 8
44 115 13
44 480 11
44 120 10
44 155 10
44 153 11
44 389 12
44 375 7
44 303 8
44 370 12
45 295 10
3 45 13
45 417 13
14 45 12
45 422 6
45 287 12
45 112 12
45 127 10
45 472 11
45 463 9
46 359 9
46 310 10
46 497 13
46 258 11
46 203 11
8 46 7
46 476 9
46 139 12
46 325 11
46 92 12
47 379 12
47 279 8
47 266 14
47 190 10
43 47 8
10 47 8
47 382 11
47 251 8
47 417 7
47 73 15
47 363 12
48 474 11
48 381 12
48 375 7
48 291 10
48 106 11
48 192 12
48 441 9
48 213 11
48 263 10
49 149 10
49 328 9
49 285 13
49 416 11
0 49 15
49 296 13
49 82 10
49 372 10
49 435 10
49 343 12
50 361 8
50 211 12
50 488 11
50 290 10
50 351 11
50 404 10
18 50 10
50 203 10
50 225 13
50 111 11
51 446 10
51 165 13
51 463 9
5 51 10
51 170 9
51 179 10
51 373 11
51 265 7
51 257 11
51 431 11
51 145 10
52 127 11
52 109 12
52 341 8
52 53 7
52 396 12
52 62 13
52 222 9
52 456 12
53 399 12
53 446 12
53 319 8
53 146 11
53 288 12
53 196 11
53 283 7
53 385 11
4 53 11
12 53 10
53 420 11
54 202 10
54 472 10
54 90 12
54 155 12
54 384 9
54 300 10
48 54 12
45 54 9
54 379 11
54 414 5
54 86 10
55 256 9
14 55 8
55 63 10
55 265 12
55 168 15
55 378 12
55 471 14
55 386 9
55 489 15
55 269 15
56 90 8
56 116 12
56 188 8
56 482 16
56 337 7
56 460 10
6 56 12
10 56 7
56 469 10
56 498 9
57 328 9
57 212 9
57 339 12
57 201 7
17 57 11
57 177 10
57 249 8
57 109 14
43 57 10
57 438 10
57 439 14
58 323 9
58 398 11
58 333 9
58 116 12
58 327 9
58 491 12
58 444 12
58 300 11
58 213 13
59 120 13
59 226 11
59 70 10
59 216 9
59 476 8
59 274 13
59 257 8
59 184 10
12 59 13
36 59 8
26 60 8
60 420 11
60 383 11
60 429 10
60 184 11
31 60 7
60 64 14
60 232 12
60 266 10
60 87 11
61 398 11
61 445 8
61 386 10
18 61 10
61 151 9
61 124 6
61 72 9
61 395 7
61 339 11
61 340 7
61 142 13
61 413 10
61 309 14
62 196 14
62 349 9
62 119 8
22 62 10
23 62 10
62 307 13
62 373 16
62 142 14
62 70 8
62 439 12
30 63 13
63 68 10
54 63 12
63 437 9
63 308 11
63 103 14
63 315 9
16 63 11
63 292 9
27 63 10
64 105 9
64 250 13
64 480 13
42 64 12
64 318 10
64 298 14
59 64 11
64 277 11
64 176 10
64 144 12
64 158 11
65 70 9
65 184 8
20 65 11
65 450 11
46 65 12
65 204 11
65 254 11
12 65 11
6 65 13
65 490 9
65 451 10
66 151 13
66 347 10
66 69 9
66 497 9
66 239 12
46 66 13
29 66 12
66 215 9
66 103 13
67 431 10
67 222 9
67 170 13
67 308 12
67 73 10
67 422 7
67 478 10
67 77 9
67 325 12
58 67 10
67 81 13
29 68 8
68 354 7
68 277 13
68 169 9
68 456 11
68 172 14
68 164 10
68 428 10
68 330 7
68 389 11
68 269 14
68 179 11
69 406 14
69 90 8
69 448 10
69 479 10
69 170 8
60 69 14
69 456 9
69 333 11
69 248 12
69 225 10
70 211 13
70 174 13
70 357 4
70 400 13
70 152 10
70 294 11
70 267 13
70 176 8
45 70 13
70 374 13
71 462 14
71 451 11
71 248 12
71 433 7
71 94 10
71 473 11
71 275 6
71 359 10
71 411 12
71 464 10
72 215 10
72 195 11
72 366 12
72 88 10
2 72 10
72 110 11
72 106 9
72 125 14
72 183 12
72 480 10
73 466 10
73 468 8
73 334 12
73 353 10
73 407 12
73 380 10
73 86 13
25 73 9
74 215 10
74 296 11
74 98 9
74 130 8
74 100 15
74 301 10
74 317 11
74 407 13
74 172 13
74 167 13
14 75 10
75 85 13
75 101 11
75 210 13
75 456 12
75 93 14
22 75 12
75 380 9
75 256 10
75 371 11
23 76 13
76 353 8
76 268 11
76 385 10
76 467 7
76 219 8
76 340 9
76 351 10
76 114 14
77 280 8
3 77 10
77 447 9
77 138 7
34 77 14
77 398 7
77 476 8
77 233 15
77 264 13
53 77 13
77 475 13
10 78 12
78 305 10
78 394 11
77 78 6
78 83 12
78 144 7
78 236 6
78 145 11
78 168 12
78 90 15
79 291 10
79 429 8
79 146 9
79 483 9
79 274 11
69 79 7
79 427 10
79 472 13
35 79 11
79 421 6
79 261 10
77 80 13
36 80 11
80 171 8
34 80 9
80 374 9
80 446 9
80 330 8
80 237 11
80 123 11
80 193 9
80 98 14
81 392 7
81 468 12
81 485 10
81 133 8
81 110 12
81 358 13
81 430 16
81 364 13
6 81 8
81 370 9
26 82 13
82 207 15
82 144 13
82 274 10
82 392 10
3 82 9
82 468 12
82 450 10
82 315 10
82 385 13
49 83 12
59 83 11
83 145 13
40 83 9
83 90 10
83 207 9
83 274 10
83 236 7
83 270 11
83 407 12
83 222 9
21 84 10
84 183 10
84 200 9
84 85 10
77 84 8
83 84 9
84 190 13
84 432 13
84 300 8
51 85 12
85 226 8
77 85 11
85 94 9
85 128 10
85 292 9
85 153 11
85 240 9
85 395 10
85 329 13
85 86 12
85 394 11
74 86 10
86 112 11
86 234 11
86 345 9
86 134 11
35 86 12
47 86 9
86 444 13
86 260 11
87 379 10
42 87 14
87 179 6
87 480 12
87 94 14
87 238 10
87 258 10
67 87 7
87 102 7
87 232 11
88 160 10
88 288 10
88 320 7
88 163 13
26 88 11
88 164 13
75 88 9
84 88 9
88 196 10
89 382 11
89 100 10
89 122 13
89 317 11
37 89 7
89 314 13
89 343 12
89 255 14
89 92 10
89 163 14
90 113 11
90 409 10
53 90 10
90 387 11
90 429 8
90 275 10
90 216 11
90 250 9
74 90 8
91 369 13
91 495 11
91 191 9
91 178 11
91 159 11
91 375 13
91 180 13
91 101 7
91 220 10
92 368 13
92 343 7
92 188 12
53 92 11
92 126 10
92 192 14
92 450 10
77 92 10
55 92 13
93 460 8
93 163 8
93 399 8
93 305 7
93 372 6
93 248 11
32 93 12
93 346 6
93 104 10
93 396 9
93 344 7
3 94 11
94 361 10
94 490 13
94 337 10
94 295 13
94 126 10
94 195 14
94 397 13
94 425 14
94 407 9
55 94 11
95 193 11
53 95 9
95 281 15
95 299 8
95 355 9
95 419 10
95 445 9
26 95 12
95 324 12
95 246 10
95 159 12
95 206 9
59 96 11
96 361 8
96 282 10
91 96 11
96 356 11
96 264 9
52 96 15
37 96 10
96 100 12
39 96 13
97 258 10
97 131 11
97 413 10
97 250 12
97 325 13
33 97 10
97 312 10
32 97 16
97 102 9
9 97 10
97 422 11
20 98 11
98 417 10
98 476 16
98 252 10
25 98 11
98 456 10
98 163 12
88 98 9
99 467 12
99 482 11
99 464 9
99 206 13
99 140 12
99 101 11
99 433 12
32 99 7
99 314 12
99 205 10
100 137 16
100 163 15
100 154 13
18 100 11
100 480 10
93 100 11
100 245 9
100 180 7
100 113 6
100 398 10
101 188 10
86 101 11
97 101 9
73 101 9
53 101 11
80 101 14
51 101 12
101 427 11
101 359 10
101 477 12
77 102 10
102 490 11
102 322 13
39 102 11
10 102 9
102 232 10
102 363 12
102 184 10
21 103 9
59 103 11
103 367 14
103 335 11
61 103 10
103 168 7
84 103 7
103 402 9
103 128 12
103 399 10
104 393 13
104 245 12
104 452 10
104 386 8
104 109 11
104 208 9
104 321 15
104 484 9
104 368 7
104 426 11
105 179 9
21 105 8
105 491 11
53 105 9
105 391 13
105 470 11
105 364 12
105 115 11
101 105 11
105 417 10
105 315 7
106 368 8
81 106 9
106 147 9
106 170 9
106 294 13
35 106 8
106 345 9
106 424 14
106 158 10
16 107 9
107 362 11
12 107 10
8 107 11
107 198 12
107 490 11
107 469 9
93 107 10
107 174 8
108 282 9
108 355 10
108 197 16
108 386 12
108 126 12
108 396 12
108 164 10
108 188 13
108 129 8
108 358 13
109 474 11
109 482 12
90 109 9
109 256 12
109 265 12
44 109 9
109 413 11
26 109 12
38 109 6
109 111 13
109 149 9
110 472 11
46 110 9
110 223 13
110 317 11
110 212 9
68 110 11
110 160 9
110 111 16
67 110 9
110 474 11
110 252 9
111 453 6
111 293 9
111 365 9
111 300 11
98 111 10
43 111 11
111 311 9
111 335 16
111 473 9
29 111 11
1 112 12
112 423 10
63 112 8
112 430 12
112 437 12
112 191 9
81 112 8
112 318 12
112 263 11
113 182 15
92 113 6
113 213 11
113 387 8
23 113 8
113 487 11
113 219 12
101 113 10
113 455 10
113 404 12
113 307 9
62 113 10
114 350 11
114 282 13
114 371 10
114 430 10
4 114 9
114 431 10
114 372 12
114 212 13
45 114 9
114 351 11
115 440 11
115 279 10
37 115 10
115 412 13
115 385 12
115 223 7
115 286 8
115 168 10
115 121 10
39 115 11
116 334 10
116 424 11
116 277 10
16 116 7
116 161 9
27 116 9
116 244 7
116 438 11
116 230 13
116 150 13
117 391 10
2 117 14
117 230 11
34 117 8
117 442 9
82 117 9
117 372 13
117 373 13
117 265 13
117 229 14
118 123 9
76 118 10
118 367 14
118 210 8
118 381 10
118 483 11
118 131 11
118 236 10
118 198 11
118 358 7
119 437 11
119 498 12
119 477 9
119 264 6
119 268 8
45 119 13
119 472 13
119 232 6
119 224 13
119 324 7
119 208 10
93 120 9
87 120 13
120 316 12
111 120 10
120 406 12
120 409 8
120 482 12
120 287 9
120 340 11
120 309 8
121 272 12
121 180 13
95 121 11
121 185 8
121 265 10
57 121 9
69 121 16
121 157 13
121 231 13
60 121 11
121 311 12
122 371 11
122 378 11
122 278 7
122 383 8
122 158 11
13 122 13
122 170 8
122 234 11
122 392 9
37 122 9
122 468 10
123 494 11
123 320 10
123 218 8
123 131 9
116 123 13
123 144 9
123 226 12
30 123 8
94 123 11
123 300 10
123 356 5
1 124 14
124 179 11
124 290 12
124 404 12
120 124 8
124 212 13
124 239 8
124 207 10
124 153 13
124 291 12
7 124 10
125 362 7
119 125 13
125 402 11
118 125 11
106 125 9
108 125 12
125 439 10
125 322 11
125 379 8
125 373 12
126 131 12
126 242 10
126 209 15
126 331 10
33 126 8
126 330 9
126 456 14
3 126 12
126 397 13
74 126 10
127 316 14
127 168 10
127 450 7
127 405 10
127 420 12
127 331 10
127 390 11
127 427 14
127 451 10
128 322 9
34 128 12
128 433 11
128 446 9
128 450 7
128 381 11
128 299 12
128 454 9
128 267 9
129 176 13
49 129 12
129 403 9
129 140 9
129 262 14
129 287 12
129 192 15
129 497 13
44 129 10
129 302 9
130 260 9
21 130 13
130 439 9
99 130 9
70 130 7
130 383 8
72 130 8
130 177 13
130 218 11
131 470 11
131 364 12
131 366 13
131 203 9
131 307 10
131 282 11
34 131 14
131 440 13
131 180 10
132 199 11
132 432 10
132 184 15
132 437 11
132 182 10
132 236 9
132 454 10
132 476 10
82 132 9
132 414 10
133 237 9
133 275 10
133 457 12
106 133 7
133 256 8
104 133 12
78 133 10
133 374 12
133 257 9
133 364 13
134 464 8
134 232 11
134 351 8
81 134 8
134 215 11
134 429 12
134 202 9
134 387 12
134 297 11
134 267 11
135 492 12
135 385 11
135 387 12
135 292 8
49 135 12
135 196 9
135 381 7
135 178 12
30 135 9
135 234 10
136 377 13
136 351 10
136 275 9
136 390 8
136 258 10
136 266 12
136 162 9
136 447 14
54 136 12
7 137 11
137 460 13
62 137 10
137 206 6
107 137 9
137 249 13
67 137 11
137 161 10
137 254 13
137 394 10
138 169 8
42 138 12
138 279 11
138 174 10
48 138 8
138 150 12
82 138 12
138 356 8
43 138 9
138 373 11
54 139 13
139 156 9
139 234 8
139 201 9
139 171 11
41 139 11
139 163 11
103 139 8
139 397 9
139 452 13
27 140 10
140 326 10
140 191 11
140 465 11
43 140 10
140 302 8
133 140 12
140 432 11
66 140 11
140 467 10
140 163 10
141 467 8
141 474 11
141 229 16
141 392 8
131 141 11
141 485 7
112 141 10
141 490 12
141 441 14
141 238 8
141 375 14
142 427 7
142 424 9
137 142 10
42 142 8
45 142 13
142 272 11
142 426 10
142 412 9
142 369 10
143 248 12
143 486 7
143 323 12
143 187 8
143 475 13
75 143 10
10 143 8
112 143 11
143 210 9
143 471 11
144 181 9
144 161 12
144 394 11
5 144 11
144 478 10
144 385 12
144 392 9
144 188 10
144 152 12
144 390 12
144 242 11
36 145 8
145 329 11
145 393 11
134 145 15
145 285 8
145 405 8
145 407 9
145 168 10
145 362 10
146 454 13
146 284 8
146 253 9
146 379 10
146 236 15
69 146 13
146 332 14
146 277 14
146 375 9
117 146 11
146 200 10
147 459 13
147 467 11
147 153 11
3 147 12
97 147 13
147 440 12
105 147 9
147 306 9
6 147 10
147 464 9
108 148 9
148 308 12
148 309 11
16 148 12
2 148 10
148 355 9
23 148 10
65 148 11
148 156 9
148 241 8
149 400 11
149 271 4
149 390 12
28 149 4
149 239 10
89 149 13
149 277 10
5 149 10
149 294 8
149 318 15
30 150 12
41 150 7
150 468 9
150 425 8
147 150 9
150 319 11
150 269 12
150 182 9
68 150 10
150 401 13
150 497 12
151 394 8
151 226 8
151 379 12
104 151 11
151 433 8
151 161 14
151 267 10
122 151 12
151 436 13
151 457 9
12 151 11
152 227 10
36 152 13
152 484 9
152 246 8
152 163 7
146 152 12
152 277 13
152 261 13
152 440 13
152 167 11
153 309 9
139 153 12
33 153 12
64 153 10
45 153 8
97 153 8
153 400 10
22 153 12
2 153 13
46 154 10
103 154 10
97 154 7
154 304 10
154 481 14
36 154 11
0 154 13
154 157 14
131 154 9
24 154 14
154 236 14
73 155 11
155 200 10
72 155 12
155 267 14
155 233 11
155 420 8
155 260 12
114 155 12
59 155 10
155 410 9
156 474 10
96 156 12
47 156 10
156 308 12
156 309 10
156 372 10
156 177 7
156 342 12
157 385 9
157 390 14
157 490 11
17 157 13
157 320 10
157 232 8
157 309 9
157 333 11
73 157 11
51 157 8
158 348 7
158 479 11
125 158 7
158 306 12
158 370 15
158 210 13
98 158 14
158 252 10
158 298 8
158 218 12
54 159 11
159 429 9
159 260 9
159 346 11
159 285 9
159 395 13
150 159 11
159 255 12
159 214 10
158 160 10
160 217 9
160 220 10
160 306 10
160 296 9
160 292 13
160 312 9
97 160 11
161 475 11
161 483 8
161 329 10
161 162 9
63 161 11
161 177 10
107 161 9
92 161 12
31 161 12
161 214 12
162 469 11
162 281 12
162 325 14
162 188 15
162 293 11
162 485 12
162 164 9
162 414 11
162 248 12
163 429 10
163 488 13
163 469 10
61 163 12
163 199 7
163 168 11
125 163 9
163 312 11
163 485 10
144 163 10
163 302 9
164 410 10
164 257 12
164 442 13
65 164 10
164 404 9
164 313 12
164 400 10
164 267 8
31 164 13
157 164 9
164 485 11
164 412 7
6 165 7
165 270 9
165 334 9
165 404 11
165 426 7
165 204 12
17 165 11
85 165 10
165 289 14
22 165 13
132 166 12
166 401 10
19 166 9
57 166 12
166 210 12
152 166 12
90 166 11
166 371 8
166 400 6
167 278 13
167 287 13
167 468 15
167 474 7
133 167 9
135 167 13
167 298 10
167 205 10
119 167 11
167 182 10
167 399 15
168 300 12
20 168 9
168 280 10
168 192 10
45 168 10
168 389 11
140 168 12
168 429 12
88 168 7
168 179 11
168 483 12
90 169 10
47 169 12
169 399 10
169 489 13
169 226 10
169 475 12
169 275 10
169 307 12
169 290 11
108 169 10
170 391 11
170 482 9
170 258 11
170 240 10
170 432 11
170 364 7
170 211 9
170 299 10
170 320 7
170 280 10
171 199 12
96 171 12
17 171 11
171 482 7
171 433 12
171 286 9
73 171 11
95 171 9
0 171 11
171 462 7
172 282 12
118 172 10
172 177 8
172 373 9
172 265 11
172 337 9
43 172 10
147 172 8
172 438 12
172 435 11
172 259 14
173 413 8
173 458 11
173 264 6
173 446 11
173 365 10
68 173 10
173 299 9
132 173 12
102 173 12
173 463 12
124 174 12
174 470 11
79 174 9
25 174 8
174 231 11
174 270 12
127 174 10
174 433 11
174 247 11
113 174 11
175 350 13
142 175 13
175 383 12
175 201 7
175 267 6
60 175 12
91 175 9
175 408 10
176 464 4
176 324 12
176 183 11
176 203 12
176 327 8
176 264 7
176 254 12
176 493 16
176 273 13
90 176 10
177 262 12
177 245 8
177 359 13
177 370 9
177 197 10
177 309 12
177 490 6
62 177 13
52 177 14
10 177 10
156 178 9
30 178 12
178 280 13
0 178 9
178 281 9
133 178 10
178 290 12
178 186 8
179 493 12
179 321 11
172 179 6
179 289 8
179 225 10
26 179 12
179 215 12
179 340 10
179 438 10
42 179 8
180 421 10
180 447 8
180 465 9
45 180 9
180 367 9
180 321 12
41 180 13
20 180 8
180 451 12
180 445 7
180 267 11
66 180 6
181 395 10
181 249 11
146 181 10
181 206 15
159 181 12
181 205 9
40 181 12
140 181 10
34 181 12
181 463 9
182 224 13
14 182 12
182 326 11
85 182 15
182 261 9
110 182 9
33 182 5
182 277 10
182 450 11
40 183 10
50 183 12
31 183 13
183 298 10
183 219 9
92 183 10
7 183 13
183 432 7
167 183 10
183 486 12
184 404 10
184 188 11
3 184 12
97 184 12
184 370 9
184 216 9
184 285 11
184 327 11
184 380 6
184 406 10
185 314 11
185 368 12
185 196 10
185 406 10
185 358 11
185 483 9
185 299 11
185 383 10
185 197 10
185 239 11
186 323 10
186 272 11
143 186 8
5 186 13
81 186 11
186 233 9
110 186 12
186 244 10
186 477 6
186 325 9
187 247 11
187 465 10
187 354 7
48 187 13
117 187 10
187 219 8
187 194 7
77 187 11
187 460 8
187 446 9
188 383 13
24 188 10
188 478 10
45 188 12
21 188 10
188 464 12
188 473 8
188 351 13
188 248 12
188 239 10
62 189 11
133 189 8
189 296 11
189 409 13
189 489 12
31 189 10
189 388 9
3 189 13
41 189 11
189 285 7
36 190 13
190 396 10
190 330 7
190 206 11
190 416 13
190 499 15
190 338 9
190 495 10
125 191 10
191 441 12
21 191 11
97 191 12
121 191 9
191 398 6
191 317 9
191 350 14
191 481 11
192 353 5
127 192 10
38 192 11
192 473 10
192 408 12
192 477 9
192 235 13
192 288 13
93 192 12
193 417 8
193 460 10
193 238 11
193 329 12
193 365 8
143 193 8
193 221 10
193 297 8
193 361 8
193 476 11
194 286 13
93 194 10
194 489 11
194 335 7
87 194 7
194 196 7
194 499 10
194 251 10
194 377 13
26 194 12
38 195 13
195 462 9
195 300 12
71 195 10
195 223 11
195 477 11
178 195 8
196 498 11
196 362 10
196 276 12
113 196 9
147 196 11
176 196 11
196 386 12
196 326 14
196 383 10
33 197 10
128 197 12
153 197 7
197 259 12
6 197 13
118 197 9
197 435 12
197 404 14
167 197 13
105 197 10
176 198 12
103 198 8
198 237 8
198 435 9
198 346 11
198 389 11
198 473 14
73 198 10
198 280 8
198 344 11
173 198 11
188 198 9
20 199 13
199 422 11
199 396 10
199 353 10
199 344 11
199 303 11
199 211 14
0 199 13
199 450 11
28 199 14
173 200 9
200 454 11
200 293 9
200 232 9
200 455 13
200 412 10
200 369 9
200 271 10
200 251 9
27 201 10
136 201 12
106 201 5
201 365 11
15 201 10
36 201 9
41 201 8
201 320 8
86 201 12
201 289 13
202 469 8
202 226 9
119 202 5
202 241 14
202 476 13
202 203 9
17 202 12
3 202 9
202 303 11
38 202 13
203 274 12
203 296 13
28 203 12
203 284 11
203 403 6
76 203 11
187 203 11
203 469 9
203 307 11
203 317 9
204 454 12
68 204 9
204 333 10
204 463 10
93 204 14
204 354 11
7 204 14
204 231 13
204 246 10
178 205 11
205 344 11
205 448 9
205 349 10
205 326 13
82 205 11
205 416 14
171 205 12
205 235 11
114 205 10
205 366 9
206 449 11
148 206 14
206 227 14
206 479 11
206 225 8
206 422 14
166 206 8
158 206 15
206 302 10
206 382 13
105 207 10
207 371 13
207 268 12
159 207 11
72 207 7
130 207 13
186 207 9
127 207 10
207 340 12
208 377 11
139 208 8
109 208 10
208 441 12
208 242 11
208 245 9
208 408 9
97 208 9
208 443 10
208 315 10
57 209 10
209 238 8
6 209 12
209 320 10
64 209 12
72 209 11
15 209 11
9 209 9
94 209 8
209 316 10
210 211 9
67 210 8
210 244 10
184 210 11
111 210 9
210 307 16
210 231 11
132 210 12
210 286 6
210 410 10
210 257 11
210 273 12
211 276 10
105 211 10
151 211 13
8 211 11
211 447 9
100 211 10
211 394 11
211 321 10
207 211 12
98 212 10
212 262 12
19 212 17
212 294 13
212 333 12
212 298 10
212 375 11
105 212 16
23 212 9
40 212 8
161 213 8
213 374 12
213 438 9
213 485 9
213 450 13
213 248 10
213 421 10
213 444 14
98 213 10
213 289 10
214 445 11
42 214 14
179 214 11
214 293 12
151 214 12
214 378 9
214 423 9
214 316 12
134 214 11
174 215 12
215 489 12
215 226 6
205 215 12
83 215 11
215 301 8
184 215 14
215 495 6
104 215 11
84 215 11
216 412 10
216 400 10
216 487 10
93 216 10
216 312 10
165 216 12
216 472 10
75 216 12
216 224 9
216 239 12
217 381 9
217 461 10
217 296 11
217 238 8
194 217 12
217 330 10
136 217 13
217 342 14
127 217 7
86 217 11
217 488 13
218 380 14
218 294 8
218 393 10
206 218 10
131 218 10
218 412 15
218 284 15
218 239 12
218 434 12
67 218 10
219 321 11
219 398 12
219 342 11
219 324 11
167 219 11
219 349 8
124 219 11
219 454 12
219 223 10
219 288 12
92 220 9
45 220 10
220 449 10
220 455 10
115 220 10
220 259 7
220 380 10
220 267 11
88 220 7
84 220 11
15 221 10
152 221 11
181 221 11
221 231 9
133 221 12
170 221 9
62 221 10
221 457 11
221 272 11
221 282 11
184 222 11
8 222 8
222 409 12
172 222 9
138 222 14
111 222 12
84 222 11
82 222 13
222 416 13
122 222 12
223 375 8
223 333 7
223 437 10
206 223 10
179 223 12
223 430 11
223 304 14
82 223 5
35 223 10
223 461 14
132 224 8
224 422 12
224 344 8
224 338 10
224 346 10
224 309 10
92 224 13
55 224 10
224 247 12
224 453 11
225 279 13
225 438 13
222 225 11
203 225 13
225 276 10
89 225 8
225 292 9
225 293 11
118 225 9
225 461 10
115 226 10
226 420 10
16 226 11
88 226 14
226 393 12
226 324 10
136 226 11
226 278 11
83 226 14
226 370 10
134 227 13
227 326 8
227 355 11
227 359 10
227 244 10
162 227 8
101 227 12
227 324 13
227 444 11
228 249 8
228 318 13
228 238 15
102 228 11
228 392 12
53 228 10
228 498 10
228 344 12
110 228 9
166 229 9
229 281 10
156 229 11
224 229 11
229 257 11
229 482 11
190 229 6
229 426 11
229 381 11
3 229 11
121 229 12
230 468 9
57 230 12
157 230 7
230 328 11
58 230 10
230 415 14
230 302 10
195 230 13
230 259 11
37 230 13
230 262 9
77 231 13
231 361 10
164 231 12
231 304 9
231 441 10
24 231 14
231 381 14
231 391 11
176 231 11
90 232 9
232 484 6
104 232 8
190 232 9
232 459 9
232 413 8
225 232 12
232 312 16
232 340 12
232 277 10
127 232 8
233 414 10
233 263 12
233 478 9
162 233 14
127 233 12
48 233 12
233 375 11
233 431 12
233 338 9
233 408 12
233 374 9
112 234 11
234 476 11
234 374 11
234 432 12
234 369 14
234 235 9
22 234 9
234 423 9
234 237 10
234 238 9
169 235 11
235 415 9
235 398 10
68 235 13
229 235 10
72 235 10
194 235 9
235 341 11
235 468 13
235 428 9
221 236 15
236 417 7
236 406 10
236 386 10
236 429 11
236 399 13
25 236 10
236 380 12
236 257 9
236 462 11
56 237 11
237 242 8
237 450 11
212 237 9
183 237 9
237 459 12
237 395 9
90 237 8
222 237 11
99 237 8
16 238 9
238 246 12
7 238 14
67 238 10
172 238 11
95 238 13
238 368 10
29 238 10
238 373 9
82 238 11
238 305 16
239 338 8
239 442 9
172 239 8
54 239 14
42 239 8
168 239 13
239 468 8
239 431 8
239 440 10
240 374 12
138 240 11
205 240 11
0 240 11
240 302 13
240 275 10
47 240 10
42 240 10
142 240 14
241 322 14
241 441 11
126 241 11
88 241 12
241 262 6
232 241 12
32 241 13
241 496 10
241 431 13
107 241 11
242 447 9
242 360 11
140 242 10
109 242 8
52 242 8
242 275 12
232 242 16
242 290 10
182 242 11
242 481 7
243 406 11
183 243 12
243 441 13
60 243 8
243 252 10
181 243 11
65 243 10
198 243 10
243 312 8
243 452 10
244 313 8
76 244 16
135 244 12
104 244 9
196 244 11
231 244 11
244 337 11
85 244 12
63 244 8
244 327 12
244 357 13
245 360 12
245 272 8
200 245 8
245 410 12
8 245 7
245 315 12
245 290 9
27 245 6
10 246 11
136 246 14
246 380 8
79 246 14
246 425 11
179 246 13
246 339 10
246 349 11
225 246 10
98 247 8
247 465 11
247 354 8
247 303 15
68 247 14
245 247 9
28 247 8
213 247 12
30 247 13
56 247 11
247 324 9
7 248 12
248 328 9
0 248 10
248 487 16
248 342 10
148 248 10
196 248 11
248 486 6
175 249 10
249 480 12
249 322 8
249 420 12
61 249 13
249 397 9
24 249 9
54 249 9
80 249 11
168 250 10
231 250 7
250 469 9
123 250 11
203 250 11
250 314 11
153 250 12
250 499 10
113 250 8
250 333 13
2 251 11
251 448 9
251 262 7
251 403 11
251 462 13
251 435 10
71 251 11
5 251 12
222 251 7
85 252 9
166 252 12
108 252 12
252 431 10
252 284 13
182 252 8
192 252 8
252 329 8
149 252 7
12 252 8
126 253 12
26 253 12
253 429 11
120 253 12
253 335 11
186 253 6
253 322 8
109 253 14
254 446 12
254 438 12
78 254 12
210 254 9
182 254 9
215 254 9
92 254 7
251 254 12
98 254 8
254 318 11
200 254 11
255 383 12
255 328 13
25 255 12
187 255 11
255 271 9
255 477 10
67 255 11
104 255 12
154 255 11
255 481 8
256 488 13
50 256 8
256 276 10
7 256 13
86 256 10
256 314 13
256 444 11
256 452 8
47 256 9
256 262 10
254 257 9
132 257 9
150 257 13
257 337 9
257 347 14
257 450 13
257 332 10
82 257 9
257 370 9
93 257 9
26 258 11
13 258 8
258 302 11
258 320 11
258 360 8
258 406 11
258 338 13
108 258 9
96 258 11
259 429 10
185 259 9
259 268 13
142 259 14
29 259 9
259 273 9
258 259 11
208 259 10
64 259 13
99 259 12
133 260 12
42 260 9
260 308 9
260 294 8
228 260 10
260 332 10
210 260 9
185 260 11
33 260 11
260 286 9
33 261 12
157 261 12
144 261 9
80 261 14
19 261 8
240 261 10
2 261 12
258 261 8
261 463 14
261 302 10
262 422 10
262 306 12
95 262 9
124 262 12
262 266 12
151 262 9
64 262 9
243 262 12
262 345 9
227 262 11
167 263 7
263 322 12
263 334 10
263 495 11
126 263 13
263 469 9
263 361 14
263 266 12
191 263 11
263 274 9
263 332 10
242 264 10
171 264 9
264 386 7
240 264 10
254 264 12
128 264 12
217 264 10
264 416 10
264 326 7
49 265 7
2 265 7
215 265 12
265 431 12
265 316 12
265 356 7
265 406 11
9 265 10
169 265 13
265 311 6
265 370 9
265 423 11
266 272 10
266 471 12
207 266 11
71 266 9
191 266 9
45 266 8
266 346 10
266 437 9
206 266 8
156 266 11
238 267 10
267 435 15
267 463 10
67 267 11
267 386 8
115 267 9
267 341 13
267 272 9
267 442 10
154 267 13
267 361 9
99 268 12
268 441 10
268 387 10
268 297 13
51 268 11
87 268 9
64 268 12
268 489 11
268 361 15
268 383 10
268 437 7
98 269 10
269 302 11
95 269 13
269 396 11
91 269 10
256 269 12
269 410 13
269 313 10
216 269 13
12 269 9
269 381 9
110 270 14
66 270 12
270 481 10
270 455 12
55 270 10
270 308 13
270 276 13
191 270 13
147 270 10
32 270 7
123 271 10
2 271 13
271 345 10
190 271 13
268 271 9
196 271 11
124 271 13
271 395 17
89 271 8
271 471 9
235 271 10
272 467 13
269 272 11
180 272 11
33 272 11
75 272 10
272 284 10
2 272 13
272 291 8
64 272 9
101 273 11
4 273 11
178 273 13
273 396 10
273 467 8
273 419 13
42 273 12
27 273 13
155 274 9
274 293 11
74 274 13
107 274 9
274 379 9
274 351 9
274 444 9
274 393 12
164 274 11
80 274 7
141 274 11
249 275 13
109 275 9
20 275 10
275 286 10
275 464 11
99 275 13
275 435 10
275 385 10
275 379 7
275 369 11
275 497 11
199 276 7
276 291 12
276 496 8
276 414 9
166 276 10
276 441 11
221 276 11
197 276 9
13 276 10
212 277 9
277 415 10
211 277 13
277 468 15
277 383 10
170 277 11
249 277 9
18 277 11
277 315 10
277 442 9
124 277 8
278 302 9
278 393 11
12 278 14
278 404 10
278 307 10
278 299 9
278 353 12
24 278 12
36 278 13
279 415 9
279 281 9
75 279 18
10 279 10
215 279 14
20 279 10
279 369 10
51 279 10
38 279 10
208 280 8
144 280 10
248 280 7
253 280 10
214 280 14
280 472 10
119 280 10
104 280 12
280 361 11
280 481 11
220 280 9
217 281 9
281 489 10
15 281 14
254 281 10
266 281 9
209 281 8
281 398 13
188 281 10
281 366 11
216 281 8
281 369 12
282 314 9
282 492 10
18 282 11
107 282 9
269 282 11
282 428 9
78 282 10
119 282 9
282 332 11
282 315 8
282 320 10
28 282 9
214 283 8
96 283 8
169 283 11
283 390 13
215 283 11
277 283 14
37 283 12
109 283 10
236 283 10
177 283 8
91 284 11
284 384 11
284 303 10
254 284 10
274 284 7
284 442 11
284 299 12
160 284 10
270 284 10
284 472 12
179 284 15
285 395 9
73 285 9
25 285 13
127 285 10
13 285 11
285 442 10
285 472 8
163 285 11
285 390 10
132 285 16
286 372 11
200 286 14
286 300 10
286 313 12
144 286 9
286 475 12
286 426 7
256 286 10
61 286 10
228 286 13
138 287 14
51 287 8
104 287 14
287 410 10
287 355 12
287 392 13
287 386 11
287 380 7
10 287 12
287 333 11
92 288 9
196 288 11
133 288 7
288 302 8
275 288 11
248 288 10
87 288 12
288 319 13
288 489 11
288 400 14
289 451 12
289 492 12
289 413 13
55 289 10
137 289 8
289 342 12
74 289 8
289 415 11
42 289 8
289 420 10
290 305 11
290 323 9
290 303 9
67 290 8
212 290 12
72 290 9
86 290 8
128 290 10
290 317 8
64 291 13
291 435 8
291 299 9
246 291 11
291 492 10
18 291 13
291 374 9
260 291 9
172 291 11
131 291 9
126 291 11
198 292 10
292 344 10
56 292 9
292 409 17
292 477 11
292 464 9
292 445 12
292 398 7
292 390 14
128 292 8
293 496 13
293 444 10
293 396 11
288 293 10
138 293 12
196 293 11
100 293 10
15 293 14
270 293 7
236 293 11
294 349 11
294 318 8
279 294 13
237 294 13
202 294 11
294 461 9
201 294 11
273 294 9
294 332 10
32 294 7
295 473 10
78 295 12
295 417 10
66 295 7
118 295 12
128 295 10
233 295 13
131 295 7
97 295 12
295 493 11
125 296 11
296 374 9
296 321 11
181 296 10
215 296 11
296 426 14
282 296 8
296 332 15
117 296 11
297 314 9
297 459 10
65 297 13
297 325 11
117 297 10
130 297 13
97 297 13
198 297 9
297 435 8
213 297 8
298 325 9
181 298 13
298 425 7
148 298 12
226 298 10
298 428 13
182 298 9
272 298 9
298 326 11
129 298 9
184 299 12
55 299 15
70 299 9
17 299 11
2 299 9
253 299 10
226 299 10
122 299 12
102 299 14
273 299 7
268 299 10
300 428 15
179 300 8
220 300 8
300 482 10
234 300 13
151 300 12
244 300 6
232 300 8
300 391 13
153 301 9
301 472 10
116 301 10
301 442 11
277 301 9
301 398 13
185 301 14
301 305 12
301 311 10
37 301 10
296 302 15
302 384 11
193 302 10
302 348 11
268 302 11
285 302 10
302 442 12
80 302 10
20 302 11
196 302 12
158 303 10
122 303 13
108 303 9
154 303 10
303 320 15
37 303 10
192 303 10
303 328 9
45 303 12
303 413 12
241 303 13
304 397 10
42 304 10
304 490 7
304 305 12
48 304 10
276 304 12
197 304 8
304 479 14
68 304 11
149 304 9
304 407 12
305 400 9
27 305 8
305 439 14
305 384 13
121 305 10
190 305 7
126 305 10
26 305 14
251 305 9
256 305 8
204 306 12
39 306 10
306 354 9
52 306 11
154 306 11
59 306 10
300 306 14
185 306 10
306 367 12
11 306 12
306 373 8
38 306 9
51 307 9
2 307 8
307 331 11
108 307 8
154 307 12
85 307 11
307 454 9
63 307 15
140 307 12
175 307 12
307 374 12
24 308 11
242 308 11
175 308 12
41 308 9
210 308 11
162 308 10
254 308 12
193 308 13
308 402 7
309 423 12
309 492 9
128 309 10
309 321 10
309 450 7
303 309 10
309 433 7
309 472 7
309 332 13
309 474 15
182 310 11
310 414 14
10 310 8
310 469 10
310 402 12
185 310 10
310 337 13
152 310 10
91 310 13
198 311 9
311 396 9
88 311 8
7 311 13
311 350 9
311 459 14
311 450 8
221 311 7
311 422 13
292 311 12
252 311 9
312 318 12
247 312 7
312 392 9
240 312 11
12 312 14
157 312 9
288 312 8
281 312 12
43 312 10
313 494 9
108 313 15
4 313 11
155 313 12
129 313 14
313 474 11
262 313 13
80 313 10
192 313 7
62 313 12
314 373 12
314 430 12
298 314 11
314 411 13
314 362 12
314 473 15
70 314 11
314 406 13
314 455 12
314 435 11
315 326 12
315 446 9
313 315 11
304 315 11
51 315 12
315 426 13
124 315 9
7 315 10
269 315 12
316 393 12
316 445 11
258 316 12
26 316 12
316 467 9
316 379 9
148 316 10
40 316 10
316 420 12
316 455 10
84 316 8
304 316 9
280 317 12
250 317 8
228 317 12
6 317 11
84 317 5
276 317 8
317 441 11
165 317 12
68 317 8
317 413 14
317 433 7
317 430 11
242 318 8
77 318 13
153 318 12
318 412 10
318 481 14
285 318 6
318 491 10
318 377 11
319 447 10
319 341 7
319 497 7
130 319 11
251 319 11
9 319 10
319 323 12
125 319 11
193 319 13
107 320 10
320 405 10
194 320 11
320 422 12
121 320 10
53 320 9
120 320 7
164 320 10
27 320 8
192 320 12
320 360 10
320 413 12
223 321 8
304 321 10
321 350 8
321 401 12
321 386 11
273 321 12
300 321 12
164 321 12
181 321 8
140 321 6
232 322 12
322 329 10
321 322 11
317 322 11
322 359 14
246 322 13
168 322 9
322 386 13
323 335 10
240 323 11
323 354 13
218 323 13
323 453 10
323 481 10
227 323 10
309 323 8
6 323 10
273 324 12
151 324 13
324 484 13
115 324 9
134 324 13
324 380 8
324 471 11
290 324 12
305 324 13
309 324 12
84 325 11
19 325 12
33 325 12
325 427 15
54 325 12
325 422 9
325 332 8
63 325 14
325 432 10
325 425 10
325 482 14
326 375 10
326 477 13
234 326 12
68 326 8
326 467 9
162 326 10
326 410 10
326 468 6
121 326 11
326 452 11
327 428 8
317 327 12
327 396 9
113 327 11
327 372 11
125 327 10
252 327 13
230 327 9
328 376 13
55 328 11
328 366 12
105 328 11
209 328 11
183 328 9
3 328 11
328 392 9
250 328 12
328 487 13
121 328 11
29 329 10
329 476 10
275 329 11
329 477 8
329 355 8
329 449 8
309 329 13
329 453 9
51 329 12
294 329 8
326 329 12
141 330 11
330 359 7
81 330 10
266 330 12
330 457 9
330 480 9
330 476 11
330 494 10
270 330 11
136 331 14
329 331 11
173 331 13
75 331 5
101 331 10
87 331 10
257 331 7
331 495 10
292 331 9
95 332 12
99 332 10
211 332 7
332 439 8
318 332 12
180 332 11
60 332 11
332 360 12
3 332 12
221 333 12
96 333 10
253 333 10
200 333 12
333 460 10
245 333 11
309 333 12
283 333 8
136 333 10
334 456 12
325 334 11
334 416 12
164 334 11
334 441 14
334 353 12
138 334 10
6 334 12
223 335 10
41 335 11
335 368 9
29 335 11
335 487 8
303 335 12
267 335 13
81 335 11
7 335 9
3 335 9
336 465 11
58 336 11
183 336 14
219 336 10
165 336 11
210 336 10
336 356 11
336 374 10
118 336 12
336 443 7
197 337 12
337 437 10
241 337 11
337 345 12
175 337 11
337 431 7
167 337 13
194 337 8
337 443 13
38 337 12
338 439 8
309 338 10
124 338 5
338 403 10
311 338 12
308 338 13
223 338 12
338 478 8
106 338 12
103 339 11
52 339 16
188 339 10
339 404 9
87 339 12
339 465 10
151 339 13
51 339 8
147 340 9
34 340 13
258 340 11
138 340 11
67 340 11
340 438 9
291 340 11
340 346 9
330 340 10
38 340 7
197 340 10
55 340 9
275 341 11
240 341 12
187 341 8
18 341 14
204 341 9
206 341 13
341 474 10
341 494 10
10 341 12
342 431 7
214 342 10
3 342 9
284 342 8
342 464 11
225 342 11
199 342 12
342 348 14
119 342 8
332 342 8
343 364 10
343 444 9
153 343 8
343 365 11
21 343 7
178 343 9
183 343 6
343 428 6
138 343 11
335 343 13
196 344 12
150 344 7
60 344 13
344 440 9
80 344 14
225 344 9
283 344 12
177 344 9
25 344 8
178 344 12
345 349 10
278 345 10
345 476 10
207 345 13
138 345 9
218 345 11
345 378 8
323 345 10
69 345 9
346 384 14
212 346 9
272 346 10
323 346 8
346 430 9
291 346 10
34 346 10
329 346 12
346 492 12
153 346 10
65 347 6
198 347 11
95 347 11
60 347 10
347 498 9
282 347 8
347 417 12
139 347 9
324 347 14
1 347 12
287 348 13
41 348 11
348 477 9
196 348 12
301 348 12
348 418 9
98 348 9
162 348 10
144 348 10
266 348 11
348 391 10
170 349 11
242 349 10
331 349 11
277 349 9
92 349 12
113 349 12
288 349 10
87 349 10
7 349 12
12 349 12
257 350 13
213 350 8
329 350 11
350 375 12
350 459 9
342 350 11
215 350 12
348 350 8
315 350 10
351 485 12
187 351 12
351 496 10
351 497 11
132 351 10
277 351 9
351 466 12
351 462 10
192 351 11
337 351 12
113 352 15
352 362 10
233 352 11
352 397 11
339 352 15
352 438 10
152 352 11
255 352 8
352 435 13
53 353 11
353 403 11
3 353 12
344 353 10
232 353 10
203 353 10
353 458 10
137 353 7
174 353 11
241 353 10
354 355 12
201 354 7
315 354 9
258 354 9
215 354 10
241 354 11
354 458 7
354 418 10
354 483 10
192 354 12
186 355 10
334 355 7
355 375 13
114 355 9
44 355 9
58 355 12
355 406 9
355 421 12
45 355 12
95 356 10
298 356 10
305 356 10
101 356 11
356 468 11
356 403 11
356 398 8
317 356 11
356 400 12
356 470 11
356 391 10
357 398 10
25 357 9
270 357 12
277 357 10
83 357 12
331 357 15
330 357 9
279 357 10
333 357 10
48 358 8
358 427 9
273 358 12
221 358 11
64 358 10
358 487 11
92 358 9
358 459 10
358 386 12
215 358 8
352 359 12
359 377 12
155 359 10
6 359 11
143 359 13
51 359 13
75 359 12
179 359 10
102 359 10
180 359 7
103 360 11
360 385 14
59 360 7
166 360 9
360 437 10
345 360 12
214 360 10
250 360 9
75 360 10
361 428 11
361 412 11
361 475 12
361 481 11
361 380 13
361 422 11
157 361 11
154 361 7
361 405 14
361 463 10
362 428 13
362 468 11
115 362 11
34 362 9
233 362 9
37 362 12
267 362 11
347 362 10
129 362 10
363 399 10
291 363 9
215 363 12
284 363 13
46 363 9
363 454 7
122 363 9
39 363 9
185 363 13
363 457 7
199 363 11
239 364 11
226 364 9
140 364 9
364 403 10
331 364 14
74 364 8
71 364 13
364 376 10
284 364 10
289 364 13
365 367 8
25 365 11
365 369 10
172 365 11
56 365 15
192 365 8
164 365 9
203 365 8
65 365 13
358 365 11
149 366 6
77 366 11
276 366 6
366 391 8
256 366 13
192 366 11
327 366 11
66 366 14
285 366 12
148 366 11
358 366 9
229 367 8
367 375 10
367 368 12
324 367 12
220 367 14
292 367 12
175 367 13
367 485 13
356 367 13
28 367 12
222 367 10
16 368 9
50 368 11
216 368 12
346 368 10
66 368 9
155 368 12
368 418 11
0 369 12
369 491 12
216 369 9
369 495 12
316 369 12
185 369 13
66 369 11
361 369 12
54 369 10
231 369 11
221 369 10
118 369 12
115 370 13
268 370 13
167 370 9
135 370 11
370 378 10
350 370 10
370 406 10
370 454 12
16 370 10
370 398 10
277 371 10
371 400 8
286 371 8
15 371 12
140 371 9
371 435 11
290 371 10
368 371 13
117 371 11
268 372 10
26 372 10
212 372 13
101 372 10
354 372 9
318 372 8
169 372 12
372 389 13
179 372 12
79 373 12
287 373 7
156 373 9
54 373 9
232 373 12
373 384 10
225 373 14
305 373 14
153 373 11
374 411 11
169 374 15
82 374 10
374 403 12
374 386 9
123 374 7
374 450 15
97 374 10
191 374 14
95 374 8
18 375 10
375 436 12
28 375 11
43 375 11
375 492 9
374 375 11
372 375 11
351 375 4
375 444 10
129 375 9
148 376 11
376 484 12
293 376 7
145 376 8
117 376 12
376 405 11
127 376 10
287 376 9
229 376 6
376 452 10
376 450 10
245 376 9
376 381 13
377 427 10
79 377 8
368 377 8
88 377 12
271 377 10
344 377 10
31 377 14
311 377 10
168 377 10
377 385 13
97 378 16
298 378 10
352 378 10
363 378 8
7 378 11
104 378 10
367 378 7
378 386 10
360 378 9
149 379 12
354 379 11
311 379 10
218 379 9
95 379 11
170 379 9
160 379 9
379 430 15
332 379 9
206 379 12
194 380 12
380 437 9
326 380 10
238 380 8
380 488 12
269 380 10
102 380 8
380 462 12
27 380 8
165 380 13
127 380 10
226 380 8
227 381 10
176 381 11
115 381 12
381 499 10
381 397 10
87 381 11
74 381 11
131 381 10
108 381 9
381 472 13
381 482 12
127 382 12
360 382 15
123 382 11
193 382 8
208 382 7
375 382 8
291 382 16
57 382 12
231 382 9
162 383 11
280 383 7
319 383 10
383 443 11
383 458 11
131 383 11
88 383 10
219 383 11
383 421 12
179 383 11
275 383 8
35 384 13
52 384 13
206 384 7
384 389 12
351 384 13
134 384 8
4 384 8
384 448 12
384 412 13
385 466 9
2 385 10
297 385 9
94 385 10
321 385 7
362 385 15
4 385 10
6 385 12
157 386 3
235 386 11
158 386 8
386 463 11
221 386 9
85 386 11
338 386 10
92 386 12
386 404 9
249 386 8
376 387 12
309 387 11
329 387 10
277 387 13
272 387 9
237 387 10
180 387 10
387 469 10
315 387 10
388 418 11
322 388 9
388 491 11
204 388 12
200 388 8
244 388 12
284 388 11
346 388 10
379 388 12
46 388 11
38 388 10
108 388 8
389 488 8
389 495 12
69 389 15
389 442 9
185 389 11
38 389 9
389 396 11
109 389 10
303 389 11
113 389 10
5 389 14
313 390 11
390 441 11
324 390 13
301 390 12
315 390 8
342 390 8
89 390 9
264 390 9
390 491 11
384 390 8
42 391 14
34 391 8
23 391 12
232 391 12
350 391 10
22 391 10
391 434 6
91 391 11
71 391 14
80 391 10
121 391 10
317 391 12
37 392 10
116 392 10
246 392 8
20 392 9
192 392 13
392 396 11
166 392 9
344 392 11
75 392 11
188 392 12
392 488 12
214 393 10
88 393 14
368 393 9
262 393 7
14 393 7
393 443 11
106 393 12
310 393 10
59 393 10
394 418 12
394 493 13
356 394 8
227 394 11
191 394 11
251 394 7
314 394 10
68 394 12
345 394 12
119 395 13
55 395 13
395 435 7
100 395 10
332 395 10
212 395 11
395 471 12
347 395 9
395 487 11
266 395 9
363 395 12
312 396 11
396 470 7
218 396 8
223 396 11
396 484 7
161 396 9
351 396 15
396 453 10
376 396 9
169 396 9
168 397 11
390 397 10
355 397 15
260 397 11
391 397 12
72 397 11
362 397 10
397 410 12
244 397 11
372 397 11
398 481 11
398 446 10
398 487 14
93 398 11
110 398 14
163 398 10
2 398 6
310 398 10
398 459 8
399 431 6
238 399 13
399 428 10
218 399 8
203 399 14
233 399 8
296 399 9
399 434 9
80 399 9
116 399 9
399 425 11
23 400 9
259 400 11
400 447 9
400 480 9
400 452 13
320 400 4
330 400 13
400 432 7
283 400 9
168 400 9
35 401 7
78 401 12
47 401 10
401 486 10
386 401 9
113 401 7
293 401 9
401 422 11
221 401 11
37 402 10
345 402 11
147 402 9
175 402 10
233 402 9
251 402 11
211 402 12
237 402 11
58 402 11
61 403 12
183 403 11
54 403 10
254 403 10
124 403 10
123 403 10
81 403 13
403 437 12
403 467 12
351 403 7
253 403 9
309 404 9
242 404 9
109 404 7
52 404 9
24 404 13
368 404 9
384 404 13
33 404 9
173 404 13
67 405 9
405 467 10
253 405 10
248 405 11
342 405 9
170 405 8
146 405 10
219 405 14
137 405 12
163 406 7
290 406 12
406 481 11
155 406 10
208 406 11
125 406 8
311 406 12
275 406 11
193 406 11
244 406 12
398 406 9
188 407 10
103 407 10
391 407 10
113 407 10
299 407 8
14 407 9
4 407 11
399 407 12
325 407 11
407 465 13
10 408 9
113 408 12
211 408 10
408 425 10
408 450 12
404 408 6
408 411 11
147 409 9
219 409 11
258 409 13
330 409 8
198 409 12
282 409 13
276 409 13
265 409 7
111 409 12
386 409 12
25 410 10
21 410 12
333 410 12
410 466 11
144 410 8
410 441 7
352 410 9
122 410 10
375 410 9
203 410 8
55 410 13
410 444 11
265 411 11
240 411 5
411 464 10
39 411 11
393 411 14
209 411 13
154 411 10
411 419 13
297 411 6
397 411 10
168 412 5
283 412 8
297 412 9
409 412 14
19 412 10
412 437 12
403 412 9
321 412 12
130 413 11
236 413 12
127 413 13
355 413 11
203 413 10
113 413 8
390 413 12
413 453 12
300 413 10
192 414 12
203 414 10
131 414 12
100 414 9
8 414 8
285 414 12
346 414 7
1 414 12
62 414 11
67 414 12
414 433 11
261 415 9
385 415 12
306 415 9
365 415 9
344 415 9
32 415 12
250 415 11
114 415 11
416 491 6
416 449 9
11 416 9
416 478 7
262 416 6
408 416 8
58 416 12
179 416 12
188 416 9
417 437 12
95 417 13
60 417 9
242 417 12
149 417 13
342 417 12
62 417 8
228 417 12
308 417 11
387 417 10
71 417 13
118 418 10
48 418 12
218 418 11
187 418 15
2 418 10
3 418 9
249 418 7
108 418 8
207 418 12
359 418 7
87 418 7
379 418 10
392 419 6
276 419 9
344 419 11
256 419 9
114 419 11
328 419 12
251 419 14
26 419 15
419 423 8
82 419 11
333 420 10
346 420 11
274 420 8
196 420 8
246 420 8
59 420 13
304 420 6
49 420 10
58 420 8
410 420 11
381 421 10
273 421 12
277 421 10
110 421 9
222 421 12
158 421 11
315 421 16
377 421 11
84 421 11
182 421 7
326 421 9
179 422 10
313 422 11
205 422 12
13 422 12
147 422 8
37 422 9
23 422 10
252 422 6
92 422 9
19 422 9
8 422 12
50 422 14
423 499 9
423 462 12
105 423 8
243 423 9
350 423 12
226 423 10
279 423 10
57 423 13
235 423 10
244 423 9
424 480 14
193 424 8
244 424 13
176 424 8
37 424 8
408 424 13
424 493 12
195 424 7
216 424 8
196 424 11
425 446 11
425 438 10
40 425 13
275 425 11
198 425 9
425 454 10
289 425 11
310 425 9
335 426 9
0 426 10
54 426 7
173 426 9
196 426 13
426 495 8
265 426 10
62 426 13
366 426 13
7 426 10
188 426 10
225 427 10
245 427 10
0 427 9
373 427 10
103 427 10
82 427 13
11 427 12
73 427 12
36 427 9
244 428 10
143 428 11
85 428 13
428 490 14
77 428 13
146 428 15
287 428 10
200 428 9
365 428 11
137 428 10
59 428 9
429 446 9
214 429 11
410 429 12
408 429 12
323 429 10
330 429 9
19 429 10
195 429 13
429 439 8
318 429 11
279 430 9
159 430 11
108 430 10
430 449 12
119 430 11
404 430 10
175 430 12
0 431 6
431 452 12
312 431 9
413 431 11
431 464 11
155 431 12
365 431 13
431 499 11
85 431 10
408 432 7
432 438 9
262 432 10
161 432 9
305 432 10
401 432 6
197 432 10
70 432 12
56 432 8
355 433 10
44 433 11
7 433 13
55 433 11
350 433 10
274 433 11
110 433 10
31 433 8
69 433 10
105 434 12
3 434 15
193 434 10
434 465 11
221 434 10
20 434 8
434 449 9
87 434 8
351 434 9
55 434 9
256 435 12
141 435 15
230 435 10
262 435 12
312 435 9
185 435 10
278 435 11
175 435 9
187 435 10
321 435 12
374 436 14
239 436 13
345 436 13
200 436 12
17 436 17
415 436 11
143 436 12
148 436 10
436 466 10
53 436 10
436 492 11
334 437 13
43 437 8
80 437 9
414 437 10
437 473 9
239 437 11
163 437 13
116 437 12
424 437 9
438 490 9
438 475 9
319 438 11
355 438 9
126 438 12
279 438 7
150 438 13
422 438 11
184 438 9
218 438 11
80 439 6
342 439 10
219 439 10
109 439 13
262 439 9
278 439 7
422 439 9
286 439 13
179 439 8
45 439 11
440 472 10
333 440 8
409 440 9
176 440 10
440 469 11
317 440 14
440 485 12
211 440 11
320 440 11
243 440 9
297 441 11
377 441 10
263 441 13
328 441 9
441 465 12
441 476 12
441 447 11
295 441 11
277 441 11
73 441 14
441 461 14
374 442 13
442 460 11
154 442 11
71 442 10
300 442 11
230 442 7
17 442 9
226 442 12
378 442 11
5 442 11
429 442 9
369 443 11
218 443 10
287 443 7
34 443 11
296 443 11
49 443 15
361 443 10
245 443 12
61 443 8
142 443 10
425 443 11
105 444 10
444 465 11
360 444 11
139 444 7
444 455 11
61 444 12
444 462 15
291 444 13
163 444 12
102 444 13
406 444 10
15 445 15
445 477 13
317 445 11
242 445 9
197 445 13
67 445 12
0 445 8
261 445 11
445 481 9
182 445 9
284 446 10
293 446 11
426 446 10
261 446 9
219 446 10
329 446 9
384 446 10
72 446 9
446 475 10
112 447 10
37 447 11
169 447 6
272 447 8
415 447 11
33 447 10
434 447 12
157 447 12
68 447 9
190 448 10
448 480 15
159 448 11
153 448 11
181 448 9
417 448 12
111 448 10
267 448 10
318 448 11
151 448 10
80 449 11
345 449 7
449 486 9
199 449 11
309 449 11
124 449 12
419 449 15
74 449 11
271 449 11
60 450 9
327 450 11
315 450 13
2 450 11
161 450 14
244 450 14
450 466 11
293 450 14
304 450 10
54 450 8
415 451 9
60 451 9
235 451 10
142 451 10
222 451 9
76 451 9
178 451 10
130 451 9
245 452 10
391 452 14
146 452 12
414 452 12
93 452 7
409 452 9
452 487 9
374 452 12
242 452 13
7 452 12
447 452 11
48 452 6
266 453 12
453 499 10
453 495 12
48 453 8
409 453 9
359 453 12
453 472 11
424 453 5
25 453 6
389 453 14
10 454 10
49 454 9
122 454 7
61 454 9
272 454 12
118 454 12
454 473 9
139 454 11
41 454 11
74 454 7
40 455 14
365 455 15
119 455 10
254 455 9
155 455 11
243 455 11
4 455 11
332 455 12
426 455 12
3 455 8
194 455 11
366 456 9
153 456 11
274 456 10
74 456 9
445 456 8
390 456 12
58 456 11
456 487 12
304 456 13
125 456 12
356 457 11
89 457 7
188 457 12
31 457 11
429 457 13
47 457 13
301 457 12
409 457 10
412 457 10
228 458 13
182 458 8
284 458 9
131 458 11
87 458 6
296 458 8
312 458 10
1 458 13
58 458 12
374 458 12
380 459 10
279 459 8
282 459 10
266 459 13
420 459 8
51 459 11
298 459 11
341 459 12
78 460 8
37 460 12
237 460 12
40 460 9
460 486 8
394 460 11
460 499 14
346 460 12
128 460 12
395 460 12
268 461 7
165 461 11
352 461 11
69 461 8
115 461 14
133 461 10
9 461 11
219 461 11
193 461 11
110 462 9
136 462 11
107 462 14
268 462 13
284 462 9
462 469 8
315 462 13
187 462 9
385 462 9
125 463 7
266 463 8
85 463 11
439 463 11
227 463 11
156 463 12
207 463 14
209 463 11
246 463 8
131 463 10
356 463 8
375 464 14
253 464 8
91 464 8
154 464 10
357 464 11
39 464 12
348 464 12
245 464 10
120 465 9
465 474 8
284 465 13
445 465 11
210 465 11
0 465 10
319 465 15
245 465 11
88 465 9
255 465 12
454 465 12
466 468 11
268 466 9
57 466 12
321 466 9
403 466 8
411 466 8
125 466 7
104 466 9
87 466 11
237 466 12
342 466 12
466 474 11
275 467 11
36 467 9
459 467 13
166 467 11
314 467 11
75 467 8
40 467 11
312 467 12
435 467 11
9 468 11
311 468 8
281 468 12
87 468 10
144 468 10
297 468 7
248 468 11
345 468 10
363 468 9
62 468 10
431 469 12
352 469 9
425 469 11
469 494 9
60 469 11
29 469 9
408 469 8
414 469 11
113 469 11
277 469 10
173 470 7
435 470 13
56 470 11
294 470 10
355 470 12
152 470 13
211 470 6
123 470 12
58 470 8
353 470 9
331 470 9
391 470 10
419 471 11
471 499 9
349 471 13
330 471 10
430 471 11
444 471 13
408 471 11
149 471 11
94 471 9
196 471 13
377 472 8
235 472 11
114 472 14
146 472 14
156 472 12
63 472 13
69 472 8
324 472 13
294 472 12
100 473 12
79 473 6
160 473 9
118 473 12
463 473 11
355 473 12
473 495 11
131 473 9
473 496 14
440 473 13
171 474 12
37 474 11
204 474 5
44 474 9
347 474 10
229 474 13
179 474 11
220 474 12
227 474 9
443 474 10
169 474 14
40 475 14
152 475 14
289 475 11
84 475 13
38 475 9
148 475 11
197 475 12
191 475 13
302 475 9
447 475 8
265 476 11
404 476 9
173 476 7
412 476 12
290 476 17
149 476 12
129 476 13
260 476 10
394 476 9
273 477 11
324 477 12
463 477 15
3 477 11
15 477 9
264 477 8
184 477 13
247 477 10
122 477 7
139 477 14
261 477 12
304 478 12
161 478 11
364 478 6
21 478 9
345 478 10
66 478 12
385 478 13
128 478 10
330 478 10
174 478 8
329 478 10
192 479 11
479 498 8
387 479 10
479 493 10
479 495 9
363 479 10
235 479 13
200 479 11
171 479 11
267 479 12
410 480 11
172 480 11
165 480 8
432 480 8
246 480 8
251 480 13
160 480 12
148 480 10
326 480 10
374 480 8
89 481 13
121 481 10
340 481 11
245 481 8
128 481 8
451 481 9
11 481 8
41 481 11
283 481 10
386 482 12
205 482 6
446 482 10
105 482 7
112 482 10
419 482 10
324 482 12
172 482 10
453 482 9
390 482 13
279 483 9
356 483 10
128 483 12
460 483 11
417 483 5
58 483 12
97 483 10
129 483 11
201 483 10
378 483 10
213 484 9
110 484 12
192 484 12
19 484 10
287 484 12
322 484 11
269 484 8
217 484 9
123 484 14
234 485 9
97 485 11
125 485 9
132 485 10
117 485 10
202 485 8
62 485 11
325 485 18
338 485 9
466 485 10
70 486 10
58 486 12
1 486 10
288 486 13
17 486 13
85 486 10
114 486 9
234 486 8
147 486 9
372 486 9
140 487 11
242 487 12
420 487 13
300 487 10
99 487 10
462 487 10
284 487 11
347 487 7
470 487 8
132 487 8
25 488 8
114 488 16
53 488 8
474 488 10
478 488 11
351 488 9
467 488 11
194 488 9
441 488 8
97 488 9
71 488 11
125 489 10
202 489 13
106 489 11
56 489 14
244 489 9
350 489 13
68 489 9
489 495 12
115 489 11
405 489 9
109 489 10
443 489 12
32 490 12
51 490 14
477 490 8
332 490 12
104 490 9
166 490 8
315 490 10
204 490 11
490 492 10
321 490 9
361 491 9
102 491 10
409 491 13
104 491 9
438 491 12
483 491 8
48 491 13
210 491 10
279 491 10
144 491 12
86 492 9
26 492 9
160 492 6
5 492 12
321 492 14
378 492 9
417 492 11
6 492 8
199 492 9
99 493 10
254 493 8
92 493 12
248 493 10
305 493 10
3 493 8
473 493 8
152 493 15
439 493 9
390 493 12
216 494 9
156 494 9
144 494 11
235 494 13
239 494 11
114 494 10
337 494 11
265 494 15
371 494 9
325 494 12
245 495 10
173 495 13
447 495 10
192 495 9
111 495 12
70 495 10
281 495 10
217 495 13
124 495 10
228 495 6
277 495 9
403 496 12
203 496 13
266 496 9
22 496 15
251 496 9
342 496 9
228 496 9
108 496 9
243 496 10
430 496 10
177 497 8
3 497 10
442 497 12
327 497 10
160 497 13
480 497 9
361 497 8
128 497 8
375 497 11
143 498 9
441 498 9
440 498 8
476 498 9
125 498 9
311 498 11
165 498 10
144 498 10
200 498 13
153 498 9
178 499 11
476 499 13
319 499 9
307 499 12
53 499 11
464 499 12
52 499 12
339 499 10
19 499 10
142 499 13
