500
0
5
1
8
5
5
6
9
7
7
7
1
5
4
5
8
6
5
5
3
1
7
8
4
10
3
2
7
8
4
7
4
9
7
4
4
8
7
1
1
7
5
1
8
7
8
6
8
3
8
3
8
3
10
2
8
5
5
3
6
1
7
3
9
9
6
10
7
8
9
6
9
3
4
6
4
4
9
6
6
9
2
8
9
9
5
6
9
7
8
7
6
9
2
5
3
2
9
9
2
6
3
1
8
4
8
7
5
6
4
8
6
6
3
5
5
9
4
4
6
5
6
3
9
2
2
5
8
9
3
8
9
7
4
2
8
5
7
8
3
1
2
5
5
6
9
8
3
3
5
8
5
5
4
9
2
2
3
5
5
2
10
1
5
8
1
9
5
5
8
3
4
1
4
9
9
5
5
6
6
8
2
5
4
4
2
4
2
3
1
3
7
5
6
4
7
5
4
7
2
6
9
4
8
5
10
2
7
9
4
5
1
4
3
7
7
6
8
6
4
9
5
3
3
9
3
10
2
10
2
5
4
9
6
6
3
8
5
5
10
6
2
8
6
2
2
3
4
2
6
6
2
6
7
6
10
5
6
2
7
5
5
7
7
7
1
8
4
2
6
6
2
10
7
4
4
7
3
2
4
7
1
5
3
5
2
8
3
9
9
8
5
6
10
9
7
6
6
4
9
10
7
5
2
2
10
5
6
4
3
8
7
9
8
1
9
5
9
5
6
6
9
7
4
8
2
7
1
5
3
2
9
3
8
5
3
5
5
7
2
1
4
1
6
3
5
3
5
9
6
1
10
7
7
3
3
6
1
9
6
1
7
8
4
6
6
10
2
5
3
1
3
4
9
8
8
4
8
8
8
3
8
2
3
4
3
5
3
3
9
7
7
6
2
9
2
4
4
8
3
3
5
9
7
8
7
3
7
5
9
9
6
10
9
6
1
3
1
3
8
8
9
8
8
6
6
1
7
3
8
5
6
4
7
7
5
6
5
5
3
9
6
3
6
1
7
1
4
9
4
5
5
10
5
3
7
8
9
3
2
10
10
1
1
9
3
5
7
5
6
5
8
4
2
3
2
7
1
10
6
3
8
2
8
2
7
9
5
7
5
6
10
2
3
9
8
7
5
8
5
0 79 8
0 276 13
0 194 10
0 278 14
0 435 10
1 161 10
1 477 8
1 26 12
1 396 14
2 448 7
2 60 11
2 294 14
2 62 12
3 223 11
3 311 12
3 50 10
3 279 13
4 242 8
4 270 11
5 19 7
5 265 13
5 441 10
6 137 12
6 319 11
6 109 10
6 487 13
7 347 10
7 364 13
7 253 8
8 29 13
8 58 11
8 335 12
9 270 14
9 135 5
9 147 13
10 337 10
10 494 12
10 188 8
11 21 11
11 387 6
11 384 10
11 145 10
12 251 13
12 188 9
13 79 9
13 400 11
13 134 9
13 307 11
14 335 10
14 30 13
14 233 11
15 356 13
15 33 8
15 47 9
16 473 9
16 36 11
17 249 11
17 324 15
17 237 12
17 470 13
18 186 11
18 395 9
18 397 13
19 32 12
19 440 15
19 103 11
19 392 15
19 494 13
20 190 10
20 56 9
21 263 10
21 38 9
21 135 12
22 201 9
22 322 9
22 193 14
22 480 12
23 166 11
23 61 7
23 198 8
24 207 12
24 252 13
24 205 13
25 299 15
25 80 12
26 203 11
26 100 14
26 364 11
26 102 15
27 434 8
27 386 11
27 477 10
27 344 8
28 250 12
29 131 8
29 313 15
29 83 10
30 70 10
30 329 11
31 104 15
31 309 9
31 145 10
32 86 10
32 253 9
32 107 10
32 141 9
33 433 12
33 219 9
33 255 12
34 147 7
34 242 13
35 323 16
35 151 6
35 275 6
36 489 9
36 407 11
11 36 11
37 88 10
33 37 11
37 152 8
38 230 10
38 405 9
39 495 11
39 485 11
39 431 12
13 39 10
40 288 13
40 445 9
40 327 9
35 41 13
41 438 10
41 134 9
41 378 11
42 377 11
42 320 12
42 293 13
42 121 12
43 442 7
43 455 12
33 43 10
43 167 12
44 272 10
44 375 11
44 327 12
45 131 6
45 376 12
45 295 9
39 45 11
46 460 12
46 52 10
46 314 11
47 342 12
47 349 11
48 452 11
48 354 9
49 313 9
49 71 11
49 368 10
50 443 16
50 260 10
45 50 15
51 101 13
51 454 7
41 51 13
51 151 12
51 217 10
52 78 8
52 347 12
52 67 10
52 396 11
53 379 13
54 209 9
54 55 11
35 54 7
54 477 8
55 424 10
55 122 11
56 371 9
56 401 10
57 136 11
37 57 8
24 58 15
39 59 10
59 286 14
59 287 10
59 420 10
60 107 7
24 60 13
60 216 8
60 323 12
60 290 8
61 322 11
61 139 10
61 304 11
62 296 11
62 450 8
62 138 11
62 428 6
63 403 14
30 63 10
63 230 8
63 367 12
64 438 14
64 487 12
59 65 8
65 486 9
66 365 12
66 340 9
66 91 7
66 297 9
67 435 11
67 450 12
67 215 9
39 68 11
68 418 13
24 69 9
69 327 14
70 385 12
70 112 9
70 399 9
70 252 7
71 423 11
72 219 7
72 367 10
72 438 8
73 154 13
73 399 13
73 198 8
74 399 6
74 126 8
74 441 10
75 137 13
75 349 8
0 76 7
26 76 8
76 364 11
77 147 12
12 77 15
78 365 11
78 380 13
78 257 8
6 78 9
79 283 9
79 271 11
79 286 11
80 498 9
80 473 10
81 304 7
59 81 13
3 81 9
82 132 7
82 360 10
82 478 12
83 498 9
83 345 10
83 396 10
84 402 8
85 418 9
85 121 10
85 90 11
85 433 13
86 311 12
6 86 11
86 416 7
86 494 14
51 86 13
87 381 10
87 421 12
87 311 11
87 463 11
88 289 7
88 95 13
88 229 9
48 89 10
27 89 11
89 180 14
90 491 11
90 146 10
91 349 14
91 189 15
91 326 10
92 119 12
92 110 11
51 93 14
93 409 10
94 309 9
57 94 12
94 319 10
94 234 13
0 95 10
95 176 10
95 141 14
95 197 13
96 256 10
94 96 9
96 413 12
97 104 14
97 398 13
97 446 12
88 97 9
6 98 11
98 478 9
98 375 10
98 261 12
2 98 8
99 274 12
99 382 8
99 422 11
42 100 11
100 414 8
100 152 11
100 234 10
101 449 10
101 280 9
101 228 9
76 101 11
102 224 13
102 479 9
102 471 11
82 103 16
103 378 9
103 475 8
103 124 14
104 191 12
105 403 10
38 105 7
79 105 12
106 127 9
73 106 12
106 339 9
73 107 13
107 258 11
107 110 9
108 161 12
52 108 10
108 315 10
109 201 12
109 371 8
109 204 12
110 243 10
110 493 9
109 110 15
110 485 11
48 111 12
108 111 14
111 452 10
112 202 10
112 414 11
113 282 9
114 205 8
114 452 10
12 115 13
115 209 11
115 466 8
116 475 11
117 323 7
3 117 9
117 257 8
117 497 10
118 342 11
119 399 9
120 121 9
120 233 10
120 348 10
120 414 12
121 484 10
121 170 10
121 380 10
122 373 12
122 189 12
122 386 7
122 410 14
123 451 13
117 123 13
36 123 11
124 389 10
124 409 10
124 405 12
125 306 9
23 125 8
125 489 10
126 158 11
126 486 9
6 126 9
127 412 11
127 223 14
127 476 8
128 393 9
100 128 8
128 419 11
57 128 10
92 129 11
129 399 10
129 173 11
129 252 10
53 130 6
124 130 10
131 333 8
75 131 7
131 283 9
132 402 11
132 491 11
132 412 10
132 221 10
133 480 9
78 133 12
133 244 12
133 238 12
75 134 14
82 134 8
134 311 9
134 405 16
134 494 9
120 135 12
77 135 11
135 300 14
46 136 10
136 233 7
91 137 14
137 252 13
138 359 9
138 139 11
47 139 12
139 279 10
140 211 10
72 140 13
73 140 9
141 369 13
142 275 11
142 148 13
143 343 19
143 448 9
143 413 10
143 469 10
144 156 9
145 197 11
145 352 11
145 391 16
146 366 12
93 146 9
146 291 9
122 146 10
35 147 11
147 324 14
147 166 7
147 491 7
115 148 14
148 334 7
95 148 11
148 473 8
148 404 8
149 287 10
57 149 10
149 495 11
149 284 8
150 432 9
150 233 9
50 151 13
98 151 9
151 265 10
151 346 10
152 398 10
10 152 9
152 437 10
153 278 8
153 407 11
104 153 7
153 481 10
154 338 12
154 367 10
154 439 11
155 206 10
155 215 10
155 315 10
155 474 11
135 156 13
126 156 10
156 438 8
157 468 7
157 266 9
157 190 12
158 354 7
158 267 11
158 281 10
158 381 11
159 199 13
159 172 12
160 313 8
160 454 8
160 393 11
160 440 8
161 269 9
116 161 9
161 326 11
162 311 10
162 497 9
162 477 11
22 163 10
163 262 7
163 456 10
164 206 14
164 308 9
128 164 11
165 310 10
165 262 8
32 165 10
166 251 9
166 345 10
166 350 10
166 431 12
167 180 10
167 242 7
98 167 16
167 359 7
161 168 12
137 168 11
168 438 8
169 316 9
135 169 13
18 169 12
170 461 12
20 170 11
171 349 8
102 171 12
171 453 12
172 347 9
172 446 9
5 172 10
8 172 11
173 191 9
173 228 11
173 242 8
173 360 13
173 490 11
174 375 7
174 434 10
174 277 11
174 181 9
175 433 12
175 361 10
3 175 9
128 175 12
176 355 13
163 176 8
58 176 12
176 405 12
177 211 12
144 177 13
177 274 10
177 328 14
178 270 10
178 211 8
13 179 11
180 236 13
11 181 13
181 210 9
132 181 6
182 193 12
182 244 11
182 492 7
182 278 10
33 183 11
183 288 12
183 228 13
184 395 12
185 414 10
49 185 7
126 186 12
186 251 11
146 186 10
187 211 11
187 312 8
14 187 10
188 295 16
5 188 10
111 188 14
188 497 13
189 206 13
189 294 11
122 190 12
102 190 12
190 290 9
138 190 13
191 496 13
61 191 13
192 276 11
192 288 11
46 192 12
88 192 11
50 193 12
193 273 9
193 275 9
194 253 10
194 269 11
157 195 10
195 199 11
196 372 10
196 408 7
196 498 11
197 329 11
197 334 10
135 198 11
189 198 12
100 198 13
198 389 9
164 199 8
23 199 10
200 435 7
200 468 8
30 200 10
195 200 11
200 481 10
201 440 11
201 499 9
88 201 13
202 402 11
163 202 13
202 250 4
202 420 12
203 286 10
203 393 11
203 468 9
140 203 12
204 230 9
203 204 10
204 389 10
205 440 14
205 215 9
205 464 12
206 276 7
206 329 8
207 400 10
207 395 9
208 482 10
34 208 12
208 211 10
209 262 8
25 209 10
202 210 9
211 380 11
163 211 9
211 230 12
186 212 9
212 407 10
212 441 13
212 421 11
58 213 9
48 213 12
178 213 12
158 214 11
106 214 11
214 218 9
214 408 11
214 378 13
215 377 11
215 293 12
58 215 12
215 484 12
216 267 11
217 488 12
22 217 9
217 417 7
218 292 11
218 247 10
218 427 12
219 407 10
91 219 9
177 220 11
220 328 4
85 220 11
220 488 14
221 429 17
171 221 9
3 222 12
222 231 13
222 414 9
223 355 13
223 367 14
223 441 10
224 432 11
115 224 12
224 348 9
225 311 12
95 225 10
225 393 8
225 487 10
87 226 7
27 226 9
70 227 8
199 227 13
24 228 11
228 354 10
228 304 14
229 407 8
229 357 5
56 229 11
33 230 10
230 461 14
230 408 13
231 461 9
196 231 10
231 497 10
198 232 13
71 232 10
186 232 13
193 233 12
233 380 10
234 239 12
70 234 10
176 235 11
130 235 10
235 325 12
13 236 9
236 441 11
91 236 11
29 237 9
210 237 10
237 306 10
238 244 12
238 397 10
47 239 13
239 452 13
239 253 8
239 290 12
240 452 10
16 240 11
171 240 12
235 240 12
222 241 11
241 480 12
222 242 10
72 242 12
242 343 11
87 243 11
243 459 12
62 243 7
244 484 12
244 380 9
209 244 13
245 312 12
245 298 12
186 245 8
246 420 12
246 331 11
246 497 12
246 465 10
170 246 9
247 449 8
26 247 12
247 488 13
247 386 11
113 248 11
149 248 13
15 248 8
248 497 11
249 474 11
219 249 10
250 468 9
250 489 12
26 251 15
207 251 10
247 251 11
195 252 12
178 252 13
252 373 12
252 275 11
253 493 10
222 254 9
254 424 13
254 380 10
74 255 9
122 255 9
215 255 10
255 444 11
256 482 11
256 429 10
158 256 9
109 256 14
257 343 11
62 257 11
258 443 11
258 485 10
258 498 10
259 425 13
144 259 13
259 307 8
260 422 9
4 260 9
178 260 13
211 260 9
117 260 13
261 329 15
222 261 12
203 261 14
158 261 5
145 262 13
262 343 8
6 263 13
263 406 13
97 263 9
264 324 10
264 397 12
197 265 9
265 427 13
228 266 10
266 497 12
50 266 10
266 336 11
127 267 12
234 267 9
15 267 10
267 303 11
204 268 11
179 268 10
269 453 10
269 496 14
269 327 12
268 270 14
270 334 9
80 270 11
258 270 10
271 345 12
34 271 7
88 271 12
272 384 11
272 285 11
95 272 11
272 487 15
273 309 9
30 273 9
274 356 10
274 350 11
238 274 8
202 275 8
213 275 12
271 275 9
275 346 11
275 301 5
50 276 13
276 419 6
182 276 10
251 277 10
277 279 9
277 498 8
187 278 7
278 462 11
278 361 11
47 279 11
22 279 7
205 280 10
15 280 6
53 281 10
41 281 9
96 282 9
181 282 12
283 323 13
177 283 10
283 445 5
185 284 10
285 311 10
285 415 9
89 285 11
285 321 12
227 286 9
286 290 10
99 287 16
287 304 13
287 437 9
287 342 10
288 478 11
87 288 8
288 496 9
289 431 11
14 289 11
41 290 8
290 451 13
179 291 10
70 291 12
291 485 10
291 380 8
170 292 9
28 292 11
49 292 10
158 293 9
140 293 11
93 294 9
67 294 10
295 313 10
2 295 10
37 295 11
295 320 9
284 295 9
196 296 13
273 296 9
138 296 8
57 296 12
297 442 10
297 343 14
297 346 6
103 297 7
223 298 11
1 298 12
299 340 9
269 299 13
299 372 10
299 389 11
300 360 9
300 429 10
143 300 9
218 301 10
64 301 10
301 459 13
302 413 11
302 440 10
248 302 6
303 359 12
304 454 8
101 304 11
214 304 12
138 305 12
300 305 10
198 305 13
59 306 8
306 402 9
147 306 8
140 306 12
296 306 12
12 307 10
179 307 12
44 307 15
308 434 10
308 335 12
308 433 10
308 409 10
88 309 15
153 309 9
103 309 11
310 490 13
310 443 10
76 310 14
310 444 13
311 338 11
210 311 10
45 311 10
80 311 11
312 499 10
20 312 13
313 443 12
73 313 13
140 313 11
80 314 15
314 404 11
20 314 8
78 315 10
46 315 10
238 315 11
8 316 11
316 346 12
153 316 8
181 317 6
317 410 13
317 444 10
192 318 10
318 465 9
183 318 12
319 433 9
87 319 11
204 319 13
319 446 11
40 320 11
320 398 14
281 320 8
157 320 11
296 320 12
55 321 11
321 338 11
321 369 10
321 425 10
322 398 10
322 365 10
218 322 8
322 492 13
323 337 10
217 323 8
194 324 10
266 324 11
144 324 6
114 324 8
325 355 14
325 478 11
325 369 10
139 326 9
326 479 9
70 327 10
327 383 14
243 327 11
328 370 13
329 350 13
329 471 12
70 329 6
329 379 11
330 351 12
198 330 11
237 331 9
23 331 11
331 499 13
332 362 8
45 332 8
332 462 8
65 332 10
130 333 11
160 333 10
333 374 13
224 334 11
142 334 9
326 335 9
335 454 11
71 336 10
336 349 13
203 336 10
337 486 10
308 337 7
22 337 10
277 338 11
306 339 7
189 339 11
73 339 18
339 381 10
170 340 13
302 340 6
340 402 11
218 340 9
181 341 7
64 341 10
303 341 9
180 342 11
62 342 11
151 342 10
342 470 11
325 343 16
225 343 8
97 343 11
271 344 10
344 464 11
160 344 10
43 345 11
76 345 11
106 345 13
52 345 10
346 440 10
279 346 11
346 363 9
346 412 10
347 473 11
347 440 10
276 348 8
348 406 12
42 348 13
204 348 10
12 349 7
249 349 14
318 349 6
7 350 13
350 491 11
186 350 10
351 438 13
351 455 8
311 352 12
352 445 11
156 353 10
197 353 12
131 354 10
354 455 9
354 390 10
354 398 12
62 355 10
355 486 11
178 355 8
356 494 8
219 356 11
115 356 12
66 357 6
357 480 7
357 377 9
178 358 7
125 359 12
359 367 14
359 481 9
113 360 11
38 360 9
168 360 8
164 361 11
345 361 10
74 362 11
22 362 11
37 362 13
154 362 11
298 363 9
115 363 10
53 363 14
317 364 8
65 364 9
251 365 11
136 365 12
240 366 10
89 366 7
251 366 9
366 431 8
165 367 16
208 367 9
255 367 9
20 367 7
368 373 10
161 368 9
368 491 12
369 464 6
369 415 9
370 418 10
76 370 12
19 371 10
371 391 9
260 371 14
372 490 10
67 372 13
9 373 11
70 373 11
373 494 14
126 373 11
374 401 12
375 403 11
268 375 6
242 375 10
313 376 10
376 480 12
376 377 12
316 376 12
375 377 12
258 377 12
133 377 10
24 378 11
378 445 12
303 379 8
203 379 10
373 379 10
379 478 8
35 379 9
129 380 11
31 380 11
345 381 11
381 398 10
381 465 11
249 382 5
226 382 11
153 382 9
165 383 11
371 383 10
23 383 13
383 413 10
267 384 10
310 384 10
90 385 11
367 385 12
385 387 12
385 459 9
236 386 12
386 443 16
284 386 11
310 386 5
83 387 12
24 387 14
167 388 10
271 388 10
351 388 12
360 388 8
92 389 11
87 389 11
389 430 9
129 389 10
311 390 6
390 396 11
82 390 10
135 390 15
128 391 11
216 391 11
392 460 11
25 392 10
205 392 15
393 428 12
208 393 11
215 393 11
14 394 6
204 394 14
331 395 9
395 437 11
249 395 10
71 395 10
396 474 9
52 397 9
217 397 10
233 397 11
116 398 10
238 398 11
187 399 11
304 399 11
58 400 12
394 400 7
307 400 6
12 401 12
213 401 10
145 402 11
402 441 9
262 403 13
277 403 13
26 403 10
45 404 12
316 404 12
404 447 8
242 404 6
375 404 8
215 405 11
193 405 7
405 497 8
350 406 8
310 406 13
3 406 11
322 407 12
90 407 13
18 407 9
45 407 8
195 408 10
140 408 10
129 409 14
172 409 12
394 409 8
5 410 11
84 410 9
174 410 8
139 410 9
128 411 9
411 437 11
411 487 10
94 412 12
367 412 10
378 412 9
15 413 13
215 413 9
172 413 14
413 435 12
43 414 11
290 414 9
275 414 12
405 414 10
294 415 11
385 415 11
384 415 12
346 416 12
416 497 14
416 417 9
416 426 9
160 417 10
336 417 8
282 418 6
146 418 11
133 418 10
23 419 15
84 419 8
211 419 7
349 420 13
2 420 8
114 420 8
205 420 13
295 421 14
341 421 6
61 421 9
409 422 8
320 422 9
241 422 8
114 423 9
329 423 12
196 424 13
189 424 9
86 425 12
120 425 9
312 425 12
263 425 11
104 426 6
9 426 9
174 426 9
405 427 15
355 427 10
227 428 12
293 428 14
108 428 9
339 429 8
315 429 11
333 430 13
408 430 9
69 430 7
205 431 10
431 457 13
362 431 10
326 431 8
273 432 8
32 433 13
389 433 14
232 433 10
306 433 12
433 484 9
198 434 8
249 434 12
155 435 13
70 435 7
206 436 11
436 499 13
1 437 11
437 445 10
437 459 10
121 438 11
176 438 10
439 448 10
439 469 7
153 439 12
440 455 9
178 440 9
440 469 11
144 441 11
441 488 6
441 499 12
225 441 10
442 443 9
129 442 11
118 442 12
241 442 14
391 443 12
37 443 11
324 443 10
27 443 12
389 443 7
282 444 10
71 444 11
37 444 6
198 444 6
133 445 12
389 445 9
424 446 8
196 446 12
49 446 13
353 447 8
228 447 12
443 447 9
98 448 13
183 449 11
344 449 12
442 450 11
450 452 10
167 450 9
153 451 9
28 451 11
432 451 11
452 472 9
81 452 10
452 491 9
74 453 11
227 454 12
251 454 8
171 454 10
440 454 12
161 454 8
222 455 12
209 455 15
381 455 13
55 455 10
39 455 12
250 455 12
168 456 10
130 457 10
152 457 11
180 457 11
122 457 12
251 458 11
427 458 9
458 474 13
327 458 12
205 459 9
37 459 8
343 460 8
299 460 11
328 460 9
145 461 10
104 461 13
462 494 12
285 462 8
107 462 14
407 462 14
124 463 10
319 464 10
392 464 7
21 464 10
129 464 9
273 465 16
250 465 9
63 465 11
379 465 14
16 466 9
237 466 9
466 485 13
455 466 14
308 467 12
217 467 12
22 468 15
353 468 10
468 470 10
59 468 7
327 468 11
216 469 8
118 469 15
135 469 13
178 469 7
321 470 13
325 470 9
451 470 15
244 471 13
462 472 8
43 472 9
313 473 9
383 473 10
366 473 11
465 474 10
299 474 11
309 475 11
432 475 9
197 475 13
279 476 11
389 476 13
462 476 9
371 477 12
317 477 7
397 477 12
445 477 11
148 478 13
472 478 8
147 478 13
293 478 12
101 478 9
275 479 9
78 479 14
261 480 10
64 480 12
102 480 13
152 481 12
184 481 12
348 481 11
290 482 8
88 482 7
5 482 2
211 482 11
70 483 6
112 483 12
361 483 12
315 484 13
305 484 8
111 485 9
1 485 10
345 485 9
184 486 10
56 486 15
323 486 14
406 487 10
241 487 8
234 487 8
319 487 11
210 488 11
400 488 11
252 488 13
326 488 8
251 489 12
456 490 5
83 490 9
256 491 10
85 491 13
264 491 8
424 492 9
394 492 7
391 493 9
207 493 10
406 493 11
122 493 9
82 494 13
257 495 9
302 495 14
318 495 9
163 496 10
17 496 10
380 497 7
67 497 9
129 497 14
56 497 11
209 498 12
86 498 9
70 499 11
253 499 10
335 499 10
389 499 10
