500
0
3
7
7
3
5
5
3
2
6
6
3
8
9
5
7
9
3
6
9
2
4
7
6
7
2
2
7
1
8
8
1
1
9
6
8
2
9
3
4
8
6
2
8
5
4
3
3
4
9
2
10
9
2
4
5
8
8
8
2
1
8
4
6
9
4
2
4
4
2
5
3
6
5
2
2
5
4
8
1
8
6
3
10
2
10
4
3
3
8
4
9
7
10
5
5
2
3
3
6
4
8
9
4
7
7
3
5
6
1
10
7
10
5
2
3
1
7
9
1
7
5
10
9
4
3
4
5
2
2
7
8
8
4
1
10
1
7
1
1
5
9
7
10
4
5
7
1
8
6
4
7
5
2
10
10
7
2
2
9
9
1
2
6
3
5
9
3
6
5
8
6
7
8
10
2
10
4
3
4
7
8
6
8
9
5
10
5
5
4
3
8
3
1
3
5
9
6
8
3
6
6
4
3
10
3
7
8
5
10
5
9
7
8
4
2
4
3
2
2
5
6
7
2
1
5
4
9
4
9
3
1
10
7
6
9
6
9
10
6
3
6
5
4
5
2
8
1
7
2
8
5
2
4
2
2
4
7
7
6
5
10
9
2
9
3
3
6
7
3
7
8
2
8
7
7
7
9
7
4
5
7
9
9
2
3
1
5
5
6
7
8
2
2
4
6
7
1
7
5
8
9
9
9
9
3
10
5
3
2
4
3
4
2
1
1
3
3
3
5
1
8
6
5
6
3
7
6
5
10
7
1
7
4
7
9
8
1
6
4
5
7
7
6
7
7
2
8
7
6
8
7
2
4
7
8
3
9
1
2
3
9
7
2
4
1
1
4
2
10
2
2
2
10
10
4
8
7
7
3
9
9
7
7
5
2
1
7
7
2
1
1
8
4
8
7
6
2
3
1
5
2
2
3
10
3
3
7
8
5
7
7
3
4
3
6
2
2
9
10
3
9
4
9
2
6
2
3
5
4
6
7
7
5
6
7
6
2
1
3
7
4
10
3
1
7
7
5
9
7
8
6
3
8
8
10
3
1
8
4
9
2
3
7
3
3
9
5
7
7
7
7
3
5
3
9
10
1
5
6
9
4
3
6
9
8
2
4
9
3
6
7
4
1
7
8
3
8
3
10
0 163 12
0 197 10
0 227 8
0 68 11
1 244 10
1 216 8
1 232 12
2 65 10
2 180 7
2 244 11
3 167 14
3 60 10
3 143 12
4 91 11
4 307 15
4 317 10
4 45 10
4 407 8
5 158 7
5 337 14
5 349 7
6 28 11
6 90 9
6 174 12
6 377 12
6 276 12
6 36 11
7 196 9
7 102 9
7 313 8
8 77 9
8 112 11
8 436 10
8 58 9
9 117 10
9 101 10
9 22 6
9 340 11
9 143 10
10 285 10
10 102 8
10 473 10
10 470 6
10 335 8
11 220 13
11 445 11
11 366 14
12 473 11
13 221 7
13 482 10
14 69 12
14 52 9
14 166 12
15 216 11
15 499 10
16 315 12
16 145 14
16 93 13
17 250 13
17 394 13
18 71 11
18 384 8
18 314 13
19 246 9
19 358 11
19 475 11
20 254 15
20 365 11
21 90 14
22 76 12
22 496 10
22 163 12
23 427 9
23 489 10
23 169 11
23 382 9
24 315 9
24 104 12
24 137 9
25 45 12
25 410 11
26 328 9
26 444 11
26 405 13
26 199 12
27 161 9
27 262 11
27 123 10
28 47 12
28 191 13
28 494 10
29 407 11
29 468 13
30 462 13
30 267 11
30 425 12
31 188 10
31 330 11
31 180 10
31 484 9
18 32 6
32 138 11
32 369 16
33 228 13
33 345 14
33 386 7
34 198 9
34 236 7
35 341 11
35 179 12
36 378 13
36 340 11
37 345 9
37 478 11
21 37 9
37 281 9
38 182 12
38 332 10
38 470 15
39 355 13
39 435 9
40 357 11
40 46 10
41 269 11
41 203 8
41 483 15
41 383 10
42 478 14
42 475 9
42 387 7
43 86 10
43 101 15
43 236 12
44 264 9
44 137 9
44 265 12
44 188 8
45 390 11
45 448 10
18 46 11
46 406 12
47 297 9
47 174 8
47 412 9
48 260 12
48 450 11
48 419 9
49 339 7
49 333 11
50 467 14
50 326 10
50 497 9
50 344 7
51 69 10
51 179 10
51 497 11
51 262 9
52 126 11
48 52 11
53 408 10
53 221 9
53 127 9
53 205 9
53 167 8
26 54 11
54 292 10
54 214 10
55 421 12
55 484 10
55 350 12
55 166 12
55 145 11
56 248 8
56 146 12
56 424 11
57 267 10
57 106 9
58 302 8
58 336 12
40 58 7
58 360 10
59 233 9
40 59 8
60 270 10
60 407 15
47 61 9
62 338 12
62 341 9
62 463 12
63 104 9
63 436 10
63 426 14
64 465 11
65 207 10
65 467 9
65 213 11
65 285 9
66 345 11
66 105 11
66 68 12
66 315 10
67 143 13
67 398 14
68 246 11
68 282 12
68 113 9
69 304 9
69 409 10
69 94 10
70 181 12
70 253 12
71 202 10
3 71 9
71 125 12
72 221 6
72 240 10
29 72 12
62 73 12
73 306 12
74 339 10
74 276 7
74 483 9
75 358 11
75 183 11
75 459 10
75 480 9
32 76 12
76 445 11
76 163 14
60 76 12
77 115 12
77 321 8
78 83 8
78 460 14
78 271 11
79 221 11
79 411 12
80 149 11
80 226 9
65 81 10
5 81 8
81 283 10
81 186 8
7 81 9
81 187 9
82 117 10
82 193 11
83 386 10
83 346 10
84 486 11
84 245 5
84 365 11
85 235 9
85 97 11
85 409 10
86 234 10
86 301 9
86 231 11
33 86 11
53 87 10
54 87 8
87 271 14
88 290 10
88 414 10
89 222 8
89 268 10
89 321 10
90 374 12
90 429 9
90 343 13
91 294 10
91 116 11
2 91 10
92 402 9
92 226 11
50 92 12
93 465 15
93 254 7
93 147 12
94 423 11
95 352 10
95 158 12
15 95 8
96 465 15
88 96 10
97 416 10
97 410 11
97 382 13
97 278 11
98 143 11
98 252 10
98 115 9
99 383 13
99 327 8
99 316 13
13 100 14
100 482 12
101 403 9
85 101 14
101 299 10
102 232 8
102 371 6
102 297 9
31 102 7
103 261 12
103 461 10
103 260 5
103 345 12
104 106 10
104 216 11
104 264 12
105 109 8
105 351 10
106 211 11
16 106 7
20 106 13
106 202 12
107 363 12
107 387 14
107 344 11
107 234 12
17 108 15
21 108 13
108 263 12
109 222 13
109 484 10
109 221 8
109 208 9
85 110 13
110 484 12
110 164 11
111 135 11
111 128 7
111 258 12
73 112 11
112 471 11
112 276 9
112 457 8
113 224 10
113 290 6
113 380 10
4 113 11
93 113 8
114 344 11
114 232 12
114 255 12
115 201 10
115 326 11
115 134 14
115 393 11
116 247 13
29 116 13
116 478 13
109 116 11
116 423 10
117 223 12
31 117 9
78 118 9
118 421 11
119 140 10
119 356 8
73 119 10
120 332 11
120 194 10
120 289 8
121 261 9
121 304 6
121 478 11
121 473 11
30 122 11
122 461 13
75 123 10
123 239 11
123 160 10
123 235 11
123 485 8
124 157 12
124 438 7
59 124 8
124 194 11
125 494 11
125 296 8
125 327 14
126 158 10
126 476 11
31 127 11
127 409 13
127 302 10
128 442 12
128 405 9
128 260 15
129 356 9
129 251 11
130 492 11
130 359 9
51 130 7
91 130 11
44 131 8
131 306 9
131 483 8
73 132 12
132 186 8
15 133 12
133 456 12
133 495 15
50 133 11
134 399 12
135 307 11
49 135 11
136 410 9
136 318 7
136 334 15
100 137 12
137 187 6
137 497 12
138 484 15
103 138 9
138 288 13
92 139 9
139 313 8
140 340 11
55 140 7
141 437 9
121 141 11
17 142 11
142 445 16
142 428 7
90 143 14
143 291 15
143 332 13
143 435 11
144 362 9
81 144 9
144 172 13
145 286 11
145 491 10
74 146 7
128 146 9
146 176 14
77 146 9
4 147 12
147 255 10
147 388 10
148 301 10
71 148 9
149 218 8
11 149 8
149 459 12
149 240 12
149 488 10
150 232 10
150 427 11
150 368 10
3 151 13
151 371 6
152 388 13
153 214 11
154 483 10
154 362 13
154 226 11
155 317 10
24 156 10
156 252 13
156 413 10
156 397 13
157 201 12
157 427 8
157 398 9
158 488 9
20 158 13
159 464 10
159 358 10
160 363 11
137 160 11
50 161 10
161 346 16
106 161 8
161 307 10
141 161 8
162 386 11
162 272 11
162 478 10
163 494 6
44 163 11
26 164 8
164 165 11
164 466 10
128 164 9
164 475 10
165 377 10
165 279 10
165 190 11
3 166 11
135 166 7
166 444 8
26 167 9
167 286 10
167 260 7
168 179 11
168 495 11
168 376 14
168 227 10
169 282 10
169 366 11
170 499 11
170 489 8
170 434 8
168 171 10
172 174 9
172 262 9
172 339 6
75 172 11
158 173 11
97 173 12
173 308 16
20 174 9
174 342 13
175 192 9
175 396 13
175 452 10
99 175 11
176 288 10
176 353 10
57 176 15
177 287 9
177 461 9
177 448 12
178 248 10
137 178 7
23 178 12
169 179 10
99 179 10
179 377 13
61 180 11
97 180 14
114 180 14
180 206 6
94 181 10
181 232 11
181 238 11
182 249 6
182 326 12
182 433 7
6 183 17
183 197 9
115 183 11
145 183 11
61 184 10
176 184 9
184 432 11
184 313 10
185 268 10
179 185 10
64 185 12
133 186 9
186 433 7
31 187 11
187 241 10
187 477 12
152 187 12
187 296 10
118 188 14
76 188 10
188 422 10
188 200 8
188 394 12
189 258 15
189 497 12
68 189 10
114 190 9
166 191 9
191 236 8
113 191 8
31 192 9
192 316 10
192 456 9
193 428 7
172 194 7
79 194 10
160 194 10
58 195 9
195 441 11
113 196 9
196 317 6
139 196 12
197 349 13
197 443 7
197 475 8
198 426 11
198 448 12
198 397 11
182 199 10
199 345 12
199 324 13
5 199 12
55 200 7
201 410 14
95 201 13
201 320 10
201 309 11
201 286 11
168 202 14
17 202 8
15 203 8
112 203 13
203 381 9
135 204 12
204 262 8
204 223 12
78 205 12
26 205 7
205 390 9
27 206 11
171 206 8
102 206 9
5 207 10
207 430 13
123 207 11
200 208 12
208 299 9
176 209 9
112 209 11
209 358 11
209 416 11
209 274 15
210 498 12
210 330 10
126 210 12
11 211 10
8 212 9
212 392 9
212 476 10
155 212 8
213 224 14
213 469 13
213 235 13
193 213 11
214 239 15
202 214 10
214 399 11
12 215 9
215 385 11
84 215 8
216 301 14
216 247 9
100 217 12
32 218 9
155 218 9
218 388 11
218 381 10
219 379 11
219 253 9
148 219 9
220 423 13
153 220 10
62 220 10
55 221 11
27 221 12
222 409 11
87 222 11
56 223 10
112 223 8
105 223 11
224 405 8
165 224 10
114 225 12
225 253 9
157 225 8
149 225 8
226 366 7
226 237 10
227 313 13
227 377 12
227 345 10
27 227 14
227 384 11
227 465 13
161 228 12
228 373 6
228 372 12
218 229 8
76 229 9
229 481 10
130 229 7
148 230 14
222 230 12
74 230 10
231 318 12
189 231 10
93 232 9
232 267 9
87 232 7
233 364 10
233 352 7
234 355 11
94 234 12
234 251 10
234 265 12
4 234 13
103 235 9
235 239 9
235 398 10
235 273 9
198 236 9
236 386 12
177 237 9
238 430 8
77 238 6
238 304 10
238 426 11
239 411 10
33 239 7
51 239 14
89 239 11
240 361 11
188 240 10
240 346 9
96 241 10
223 241 8
242 441 8
242 368 11
55 242 9
224 242 13
243 313 10
243 312 8
233 244 9
218 244 11
19 245 11
171 245 13
74 246 14
246 470 11
161 247 9
247 277 12
248 267 15
234 248 8
60 248 7
248 317 9
131 249 9
239 250 11
250 492 8
251 345 10
29 251 9
187 251 10
241 252 11
252 317 13
252 376 14
178 253 11
253 469 7
253 491 12
136 253 10
168 253 8
17 254 9
53 254 8
119 255 8
161 255 12
128 255 9
256 466 10
90 256 13
213 256 13
85 256 8
257 422 13
257 290 10
257 377 10
258 349 8
228 258 8
258 324 7
258 331 11
126 259 12
259 433 14
259 330 11
259 284 12
260 264 8
260 429 11
261 408 11
85 261 10
261 327 13
262 413 13
262 293 11
46 262 10
158 263 12
263 411 11
90 264 9
264 326 12
106 265 8
257 265 7
68 265 9
164 266 9
262 267 13
267 495 6
144 267 11
140 268 10
214 269 9
269 319 11
269 424 12
269 420 10
186 270 11
270 376 10
270 285 12
271 427 9
260 271 9
272 443 11
272 491 10
273 317 14
273 285 10
171 274 11
97 274 10
112 274 9
88 275 9
260 275 8
116 275 10
222 276 9
191 277 9
1 277 12
226 277 9
277 446 11
30 277 11
278 434 13
30 278 11
279 400 11
195 279 12
52 280 12
280 375 9
281 325 7
281 477 13
172 282 12
282 387 12
283 394 11
250 283 7
83 283 11
170 283 10
242 284 7
159 285 11
1 285 11
285 458 11
250 286 12
15 286 7
18 286 8
68 287 11
16 287 11
287 334 11
82 287 7
288 406 7
76 288 14
289 383 11
289 412 10
138 289 11
56 290 11
163 290 10
67 291 14
291 342 11
58 291 10
22 292 9
292 479 12
292 429 8
293 481 11
18 293 8
87 293 13
294 398 10
294 310 11
68 294 8
295 388 13
218 295 10
144 295 11
9 296 8
199 296 9
287 296 10
184 297 14
182 298 13
75 298 8
298 319 11
298 366 7
201 299 9
299 338 11
225 299 10
294 299 9
299 428 8
30 299 8
300 369 13
265 300 11
190 300 12
184 301 14
301 407 10
274 301 10
302 375 11
121 302 11
257 302 9
105 303 8
298 303 12
67 303 14
303 318 9
269 304 9
304 437 10
133 304 15
305 379 12
55 305 9
280 306 10
141 306 9
306 417 11
300 307 13
307 431 13
151 307 9
260 308 8
220 308 12
68 308 14
309 416 13
310 495 7
310 328 9
310 312 15
161 311 10
210 311 10
311 372 13
62 312 12
312 486 11
196 313 13
232 313 10
313 348 10
153 313 10
313 373 10
192 314 14
55 314 11
315 447 11
309 315 11
69 315 9
131 315 11
260 316 11
93 316 11
317 444 9
317 379 7
48 317 5
113 317 7
78 317 10
318 421 14
270 318 11
206 318 10
184 318 7
146 319 11
232 319 15
319 416 11
320 446 11
320 377 9
219 320 11
321 327 11
321 386 10
278 321 12
155 321 9
21 322 14
188 322 9
120 323 8
89 323 11
186 323 13
324 469 8
324 465 13
12 324 10
242 324 7
31 325 8
325 344 14
154 325 8
230 325 11
326 333 11
326 473 10
22 327 12
189 327 16
190 327 12
312 327 11
97 328 10
294 328 11
145 328 12
253 328 10
328 432 11
290 329 10
282 329 13
329 406 13
66 330 9
80 330 9
171 330 14
144 330 8
264 330 10
105 330 11
275 331 7
74 331 12
292 331 11
328 332 10
151 333 11
262 333 11
333 484 9
333 383 11
115 334 10
28 334 12
299 335 14
167 335 9
336 498 11
233 336 8
289 336 10
238 337 7
337 379 12
236 337 14
337 358 9
337 481 8
291 338 14
20 338 11
236 338 11
281 339 10
270 339 14
0 339 10
339 429 10
221 339 11
108 339 10
131 340 13
5 340 10
340 346 11
233 340 11
185 341 10
341 470 9
342 445 14
319 343 8
344 422 10
344 391 9
344 386 7
345 463 9
345 410 9
345 405 12
345 438 13
285 346 10
156 347 12
177 347 10
182 347 10
340 348 10
180 348 9
78 349 9
283 349 9
276 350 9
33 350 11
317 350 8
107 350 12
259 351 10
252 351 9
351 361 9
0 351 9
131 352 14
19 352 14
352 395 8
353 366 9
353 494 10
310 353 8
347 353 11
354 363 12
253 354 8
231 355 15
58 355 12
329 355 10
347 356 12
41 356 9
356 457 13
277 356 9
357 453 8
192 357 11
357 458 12
52 358 11
358 445 14
351 358 12
2 359 15
152 359 9
52 360 11
360 429 13
3 360 9
337 360 9
361 419 12
43 361 12
216 362 6
122 362 13
362 462 9
142 363 11
336 363 13
54 363 10
101 363 8
263 364 12
364 392 10
5 364 11
116 365 10
115 365 11
366 417 12
254 366 9
366 478 11
366 367 10
367 453 11
254 367 10
84 368 10
368 463 9
276 368 9
368 473 10
103 369 9
269 369 9
323 369 12
247 369 10
221 370 7
90 370 11
202 370 10
371 467 11
371 387 6
371 427 12
371 484 8
250 371 10
369 371 14
108 372 12
184 372 11
325 372 10
373 479 9
172 373 11
66 374 10
179 374 9
374 494 10
160 375 9
255 376 9
370 376 9
294 376 10
88 377 12
31 377 11
161 377 11
229 377 14
338 378 12
260 378 11
280 378 6
148 379 11
282 379 13
5 379 10
379 479 8
379 483 10
317 380 11
343 380 14
380 449 10
320 381 10
160 381 8
133 381 17
5 381 12
382 472 9
137 382 10
253 382 9
252 383 10
258 383 11
119 383 11
384 415 9
192 384 8
374 384 12
75 385 10
111 385 8
15 385 10
48 385 9
36 386 13
70 386 10
24 387 11
134 387 12
215 388 10
388 429 7
317 388 9
207 389 11
12 389 11
162 390 8
85 391 12
208 391 11
349 391 8
116 391 13
227 392 11
229 393 9
98 393 11
97 394 9
76 395 12
280 395 12
248 396 14
396 476 14
116 396 8
141 396 11
269 397 12
134 397 9
368 397 11
293 398 8
78 398 10
363 398 9
327 399 12
24 399 10
277 399 9
265 400 9
398 401 10
35 401 12
154 401 10
58 401 8
233 402 10
168 402 9
117 403 9
403 486 8
341 403 11
168 404 12
17 404 12
342 404 13
249 404 8
77 404 11
301 405 12
77 405 10
324 405 11
58 406 8
242 406 10
34 407 9
407 428 10
259 407 9
14 407 11
256 408 13
69 408 13
350 409 10
409 422 13
321 410 13
194 410 10
294 410 11
120 410 12
245 411 10
301 411 10
411 429 11
366 412 12
140 412 9
317 412 13
156 412 14
260 412 13
413 467 14
413 414 12
338 413 10
190 414 9
414 447 15
414 419 10
304 415 8
359 415 8
415 421 11
415 437 9
325 416 13
81 416 10
315 417 12
223 417 10
397 418 10
68 418 10
276 418 9
131 419 10
236 419 11
47 419 14
420 443 9
193 421 11
409 421 14
285 421 12
305 421 8
422 449 8
13 422 9
307 422 12
271 423 9
251 423 14
83 423 12
260 423 11
376 423 12
103 424 9
4 424 7
240 425 11
101 425 14
426 498 9
314 426 13
274 427 12
423 427 10
427 479 10
175 428 11
100 428 13
89 428 10
236 429 9
9 429 9
193 429 8
115 430 10
373 430 10
430 444 11
430 475 9
389 430 11
431 452 8
431 437 10
371 431 10
121 431 10
306 432 10
165 432 13
92 432 10
45 432 13
253 433 10
255 433 12
420 434 11
76 434 11
71 434 12
389 434 15
252 435 10
270 435 11
420 435 8
232 435 9
275 435 8
435 493 11
303 436 10
278 436 12
291 437 10
303 437 6
437 471 7
22 437 7
270 438 9
175 438 11
180 438 16
126 439 9
73 439 10
439 462 13
213 439 12
194 440 10
288 440 10
304 441 11
441 456 9
15 442 11
356 442 7
417 442 11
106 442 12
87 443 8
443 461 12
389 443 7
361 444 10
269 444 13
445 446 10
279 445 14
392 445 10
143 446 8
392 446 12
115 446 7
446 460 10
368 447 8
358 447 13
373 447 11
10 448 8
194 448 10
214 449 14
450 496 10
342 450 12
405 450 10
434 450 10
229 451 9
211 451 10
333 451 12
234 451 11
99 452 12
428 452 10
344 452 9
249 452 9
453 461 11
211 453 10
453 477 9
337 453 9
453 475 9
196 454 11
315 454 13
393 455 11
224 455 8
214 455 11
327 456 9
5 457 11
232 458 11
183 458 8
143 459 13
459 467 9
115 459 12
29 460 11
340 460 10
169 460 11
309 461 10
461 498 12
198 461 12
174 461 12
436 462 12
445 462 10
367 462 9
260 463 10
394 463 13
331 464 14
153 464 8
356 465 10
403 465 13
159 465 11
143 465 12
45 466 8
77 466 13
101 466 9
364 467 12
241 467 14
77 468 11
408 469 9
342 470 9
386 471 8
88 471 11
376 471 9
17 471 12
472 477 13
279 472 13
130 472 12
280 472 7
194 473 10
205 473 11
2 473 12
43 473 11
279 474 11
240 474 9
134 474 10
403 474 13
446 475 11
445 475 11
419 475 12
105 476 10
445 476 9
101 476 10
350 477 8
154 477 14
52 477 10
220 477 7
175 478 10
466 478 17
289 478 13
233 478 7
27 479 10
57 479 5
408 480 10
98 481 10
33 481 12
308 481 13
267 482 12
51 482 13
454 483 12
339 483 10
414 484 9
292 484 10
305 484 9
418 485 9
472 485 8
306 486 11
288 486 13
339 486 11
137 487 12
356 488 12
68 488 11
244 489 9
95 489 11
82 490 11
470 490 12
427 490 12
45 491 11
21 491 12
98 491 12
245 491 11
360 492 9
215 492 9
312 492 11
436 493 10
267 493 12
150 493 13
31 493 8
378 493 10
82 494 8
77 494 12
127 494 7
293 494 13
396 495 6
482 495 11
312 495 9
225 495 12
433 496 12
243 496 8
265 497 10
415 497 9
486 498 11
142 498 12
38 498 12
328 499 7
448 499 9
197 499 12
481 499 13
