500
0
6
3
9
2
2
5
8
5
9
6
2
9
9
5
6
10
7
8
10
4
2
4
9
2
9
2
6
4
3
6
6
9
4
7
5
2
4
9
9
1
6
2
2
10
4
5
9
6
9
8
5
2
10
7
1
4
6
3
6
4
8
4
10
10
3
4
2
7
5
5
9
2
9
7
6
3
3
8
10
5
10
2
5
4
1
8
7
9
9
6
4
3
6
2
4
8
8
10
9
2
6
8
10
6
7
9
5
7
9
7
3
6
9
3
4
6
1
4
4
2
8
5
4
8
8
2
9
7
7
2
6
5
6
6
5
9
6
6
7
1
5
9
2
3
8
5
4
4
4
8
8
8
6
3
3
4
5
9
2
6
6
7
5
10
2
8
3
8
2
7
9
5
7
9
10
3
8
9
6
7
6
7
4
1
9
9
6
6
5
2
2
7
7
9
8
2
10
3
10
3
9
2
4
6
8
10
4
4
9
8
5
4
9
6
8
3
7
7
9
8
5
3
6
4
4
1
6
9
4
5
4
8
7
9
1
9
4
6
6
4
5
7
4
5
4
3
3
8
7
3
9
9
9
3
9
6
6
1
8
5
6
3
6
5
2
10
3
7
7
4
6
6
2
6
3
9
3
4
5
7
5
4
2
5
7
8
8
7
5
5
9
2
5
2
3
8
2
8
5
2
6
3
6
1
9
5
4
6
6
6
4
7
1
8
9
8
8
10
1
10
4
5
4
3
1
6
8
7
4
6
8
5
8
5
8
10
8
5
2
9
5
2
3
5
1
5
2
5
5
5
9
3
9
9
1
9
6
5
6
10
2
4
6
3
3
3
9
10
6
8
3
5
6
5
8
10
4
10
6
10
8
9
6
3
2
9
3
1
8
3
5
10
9
2
4
2
3
3
3
5
5
3
8
8
6
7
3
6
6
6
9
4
10
2
4
2
3
8
2
7
3
1
8
5
4
5
6
1
8
5
2
4
3
4
7
3
8
10
3
10
10
7
7
6
6
6
3
5
1
6
3
1
4
5
9
5
6
1
5
2
4
7
9
4
4
10
3
7
3
8
5
7
9
8
9
4
5
8
10
6
9
5
6
9
8
6
9
1
5
2
6
7
7
8
3
3
4
3
9
0 451 9
0 349 12
0 296 12
0 373 9
0 494 13
0 475 12
0 233 12
0 415 7
0 193 12
0 456 8
1 160 10
1 316 13
1 487 8
1 449 10
1 489 8
1 222 10
1 272 14
1 244 7
1 127 11
1 396 11
1 356 14
2 54 10
2 484 10
2 409 9
2 63 11
2 84 9
2 175 11
2 424 10
2 152 8
2 259 10
2 466 11
3 213 9
3 254 8
3 490 11
3 475 12
3 456 9
3 499 7
3 356 14
3 347 8
3 174 12
3 242 9
3 441 10
4 175 11
4 394 13
4 69 9
4 7 12
4 431 10
4 297 11
4 121 13
4 82 11
4 306 10
4 493 9
4 404 9
5 264 8
5 236 12
5 319 13
5 227 10
5 479 8
5 144 11
5 448 11
5 194 11
5 20 8
5 338 7
5 23 13
6 392 10
6 94 10
6 369 9
6 451 10
6 238 11
6 446 8
6 57 10
6 141 8
6 460 13
6 320 10
7 242 12
7 44 9
7 73 13
7 486 12
7 427 13
7 8 9
7 278 8
7 25 12
7 66 11
7 403 10
7 363 10
8 244 14
8 399 6
8 198 13
8 312 11
8 245 8
8 66 7
8 248 9
8 228 10
8 318 12
8 261 8
9 163 10
9 234 10
9 216 10
9 454 9
9 73 9
9 343 11
9 62 13
9 483 13
9 54 8
9 434 12
10 251 12
10 220 13
10 177 9
10 273 13
10 237 9
2 10 12
10 482 12
10 356 10
10 262 14
10 264 11
11 313 10
11 98 10
11 206 13
11 327 12
11 199 8
11 56 10
11 309 14
11 115 13
11 421 11
12 153 12
12 32 12
12 233 12
12 461 13
12 368 12
12 268 12
12 205 6
12 242 9
12 128 10
13 143 12
13 448 9
13 293 10
13 300 9
13 290 9
13 41 12
13 153 7
13 85 12
13 245 11
13 92 8
14 414 15
14 283 9
14 219 9
14 182 9
14 347 12
14 291 13
14 155 10
14 412 13
14 50 7
14 295 10
15 94 8
15 59 9
15 376 8
3 15 11
15 254 10
15 423 8
15 293 15
15 495 11
15 474 11
15 267 8
16 98 10
16 416 11
16 258 12
16 86 7
16 33 10
16 448 9
16 30 11
16 321 12
16 499 9
16 52 13
16 349 13
17 52 12
17 448 8
17 243 14
17 20 9
17 221 7
17 473 12
17 276 9
17 207 14
17 463 11
17 21 6
18 163 12
18 396 13
18 129 12
18 84 13
18 283 11
18 491 6
18 373 12
18 460 16
18 347 11
18 90 10
19 496 10
19 383 11
19 88 9
19 140 13
19 319 9
19 433 11
19 127 14
11 19 8
19 212 7
19 283 10
19 481 12
20 411 11
20 199 10
20 57 9
20 266 7
20 324 13
20 171 9
20 398 8
20 374 9
20 412 9
20 429 10
20 54 7
21 409 11
21 247 12
21 340 9
21 406 10
21 346 13
21 59 12
21 138 11
21 258 11
21 363 7
21 104 10
22 396 11
22 94 8
22 250 9
22 232 9
22 371 13
22 200 14
22 163 12
22 74 10
23 476 10
23 124 14
23 386 11
23 404 9
23 268 7
23 213 11
23 338 12
23 416 12
23 150 9
24 155 11
24 82 13
24 471 10
14 24 15
24 314 11
24 142 11
24 396 15
24 475 11
24 191 6
24 451 10
25 442 12
25 459 12
25 423 9
25 451 11
25 359 11
25 104 11
25 485 15
25 49 11
25 182 10
25 77 12
25 75 11
26 444 11
26 133 7
26 467 12
26 300 14
26 204 11
26 207 10
26 443 4
26 364 11
26 257 11
27 136 10
27 46 10
27 212 7
27 289 9
27 35 12
27 316 9
27 287 14
27 59 7
14 27 12
25 27 7
27 497 10
28 74 10
28 221 10
28 67 10
28 423 14
28 344 9
28 128 13
28 173 11
28 144 10
28 99 12
28 375 7
28 175 9
28 228 11
29 271 13
29 203 10
28 29 10
29 244 11
29 96 11
29 292 13
29 201 11
29 183 11
29 221 11
29 318 9
30 116 10
30 260 12
30 112 9
30 441 9
30 67 12
30 443 11
30 228 10
30 483 10
30 183 10
30 387 8
31 92 12
31 96 11
31 288 10
31 307 10
31 124 9
31 65 9
31 209 9
31 429 7
27 31 10
31 186 11
32 139 9
32 371 9
32 442 9
32 254 12
27 32 9
32 285 13
32 343 14
24 32 14
32 410 9
32 194 11
32 474 10
33 203 8
33 324 12
10 33 8
33 454 12
33 436 8
33 173 11
33 448 11
33 63 9
33 300 7
33 410 10
33 253 12
33 148 10
34 434 11
34 447 13
34 317 11
34 426 8
34 141 11
34 297 13
34 78 10
34 396 9
34 72 11
34 158 9
34 229 13
35 75 11
35 434 9
35 121 12
35 470 8
35 94 14
35 330 10
35 328 10
35 477 8
36 421 10
36 223 9
36 185 9
36 45 14
36 248 12
36 360 11
9 36 11
36 229 13
37 334 10
37 212 11
37 47 12
37 174 10
37 491 8
37 268 11
37 431 11
37 139 11
37 379 11
38 357 10
38 398 11
28 38 11
38 108 9
38 423 11
38 285 10
38 199 7
38 401 11
38 97 7
38 274 10
38 208 9
39 109 10
39 162 9
39 303 11
7 39 8
39 112 13
28 39 9
39 142 12
39 339 9
39 400 4
39 386 9
40 209 11
40 124 8
40 408 9
40 180 12
40 222 9
40 349 9
40 305 8
40 400 12
40 394 9
41 195 9
41 463 11
41 223 11
41 306 13
41 46 10
41 171 11
24 41 9
41 424 6
41 372 10
41 154 9
42 118 9
42 477 13
42 222 9
42 255 11
42 448 12
42 415 10
42 411 11
25 42 15
42 466 13
42 307 12
43 356 7
43 212 10
43 324 10
43 285 10
43 399 10
43 56 12
43 214 9
43 427 7
43 446 10
43 488 11
43 418 10
44 400 7
44 202 10
44 198 12
44 199 12
44 203 13
32 44 13
44 490 10
44 88 13
44 296 11
44 142 10
44 445 8
45 336 8
45 354 9
45 341 8
45 149 13
45 213 11
40 45 8
45 145 8
45 228 13
15 46 11
46 439 8
46 203 14
46 137 14
46 390 14
46 271 10
46 207 9
46 83 12
47 128 6
47 479 14
47 311 10
47 305 13
47 54 10
47 109 9
47 407 15
3 47 12
47 285 10
47 355 12
47 219 9
48 374 11
48 491 11
48 119 13
48 323 10
48 435 12
48 252 15
48 402 12
48 228 12
49 488 9
49 287 9
49 71 8
49 426 11
49 238 13
49 335 10
49 84 9
49 271 11
3 49 9
49 395 8
49 489 13
33 50 12
50 88 13
50 311 11
50 56 11
50 319 10
50 342 9
50 463 9
50 267 13
50 285 10
51 267 9
51 332 6
51 274 7
51 129 7
29 51 12
16 51 9
51 390 10
51 68 8
51 277 10
51 499 11
51 173 11
52 321 13
52 488 13
52 394 12
52 238 8
52 224 9
13 52 8
52 405 12
52 325 10
52 448 10
53 187 13
53 382 13
53 57 11
53 195 11
53 79 12
53 424 10
53 484 9
53 165 11
53 153 13
53 76 11
53 406 12
54 476 10
54 401 13
54 271 9
54 479 9
54 249 12
26 54 11
54 102 12
54 353 9
54 222 9
55 401 9
55 446 10
55 118 7
55 493 8
55 406 11
55 153 6
55 450 8
55 349 8
55 201 10
55 390 8
56 162 13
56 314 13
56 115 9
56 107 13
56 295 9
56 292 13
56 190 10
56 352 8
0 56 10
21 56 9
56 176 12
57 81 11
57 248 7
57 256 9
15 57 7
57 370 9
57 75 6
10 57 11
40 57 10
35 57 12
57 404 10
57 309 12
57 343 12
58 267 12
58 131 13
58 152 11
58 113 12
58 385 9
58 312 12
58 276 12
58 387 12
58 75 9
58 363 8
59 435 10
59 248 11
35 59 6
59 114 7
59 179 7
59 360 12
59 471 11
59 450 8
59 130 12
59 328 13
60 334 7
60 285 8
60 180 8
60 391 12
47 60 10
60 342 7
60 154 9
60 451 14
60 116 11
60 216 8
60 109 9
61 490 11
35 61 8
61 171 13
61 349 13
39 61 12
1 61 12
22 61 9
61 257 9
61 377 8
61 326 12
61 131 11
62 346 15
62 146 12
62 316 12
62 459 10
57 62 13
62 441 13
62 201 12
62 353 11
62 102 13
62 329 9
63 89 9
63 464 12
63 423 9
63 463 10
63 67 13
63 418 7
10 63 9
63 130 9
63 97 10
63 127 9
64 329 15
64 185 12
16 64 10
64 360 7
64 478 11
64 151 8
64 407 12
64 408 11
65 368 11
39 65 8
12 65 11
65 111 9
65 162 12
8 65 10
65 235 11
65 430 8
65 69 10
66 271 10
66 456 8
66 71 12
66 98 13
66 137 12
66 220 10
66 463 9
66 418 10
66 386 9
6 66 11
66 96 12
67 93 8
67 263 11
67 430 12
44 67 9
67 498 13
67 273 11
67 453 11
67 418 8
67 110 7
67 177 11
68 345 11
68 391 9
68 190 11
68 423 7
68 409 7
68 309 8
68 346 12
68 306 13
68 448 11
68 294 15
55 68 11
69 147 9
57 69 10
69 340 10
14 69 7
69 91 11
69 420 13
69 410 14
69 248 5
69 451 9
70 204 12
70 140 10
57 70 10
70 490 10
70 222 11
70 307 6
70 448 9
70 79 9
70 114 10
70 203 12
67 71 11
71 460 11
71 91 10
71 382 11
71 440 12
71 150 11
71 463 9
71 204 13
71 140 12
71 196 13
72 344 8
72 430 15
72 191 11
72 329 15
72 245 9
72 284 7
72 129 11
72 184 7
62 72 10
44 72 10
12 72 13
72 287 10
73 304 10
73 217 8
73 421 9
73 436 6
73 391 13
73 453 8
73 221 10
42 73 11
73 241 11
74 260 11
41 74 10
74 220 9
74 341 9
74 143 10
74 221 14
74 153 14
29 74 13
74 165 7
74 479 12
74 75 10
75 395 9
75 344 9
75 246 8
75 480 12
75 391 8
32 75 10
75 101 11
75 160 13
51 75 15
41 76 10
76 110 12
76 400 9
76 356 11
76 346 15
76 99 10
76 322 10
76 283 10
76 178 9
76 427 10
76 102 10
76 422 12
77 87 11
77 366 8
18 77 11
77 171 12
77 231 12
77 353 12
77 336 10
77 304 12
70 77 9
78 446 10
78 236 12
43 78 5
78 201 13
78 295 8
75 78 11
78 256 10
78 114 11
78 120 13
79 178 12
79 128 12
79 355 8
79 283 9
79 88 12
79 459 10
79 350 13
51 79 9
38 79 10
79 412 10
6 80 15
80 367 12
80 298 11
80 493 9
80 372 12
80 465 9
80 143 11
80 310 7
80 394 11
80 456 7
81 236 9
81 394 10
81 179 14
81 273 10
81 451 8
81 442 10
34 81 9
64 81 13
81 307 10
4 81 8
81 426 9
59 81 13
37 81 7
82 427 13
82 132 17
41 82 10
82 366 11
82 197 11
82 201 11
46 82 11
82 309 12
51 82 10
82 112 9
82 316 12
83 193 10
83 92 8
83 495 11
83 90 10
83 377 8
83 103 10
83 379 14
15 83 10
83 173 9
84 273 10
70 84 6
84 435 8
84 469 15
84 428 11
28 84 13
84 475 10
26 84 11
84 470 11
85 122 9
85 376 9
85 286 10
85 473 13
85 365 9
85 413 15
85 103 11
85 283 9
85 200 13
68 85 11
85 311 11
56 86 8
18 86 10
86 481 11
28 86 10
86 174 10
48 86 7
86 302 10
86 196 9
86 129 11
87 133 10
87 384 12
44 87 10
87 89 8
46 87 12
87 294 9
87 315 9
87 248 10
87 487 10
87 391 10
88 347 13
7 88 11
88 489 12
88 118 11
38 88 7
88 395 9
88 359 10
88 111 8
88 363 12
10 89 13
89 185 8
89 364 7
89 336 11
46 89 9
89 439 12
89 97 9
89 411 9
89 373 12
89 174 7
89 386 11
90 339 8
90 482 10
90 189 10
90 231 13
90 449 10
90 283 11
90 267 11
90 341 7
37 90 7
90 271 12
90 345 9
91 272 11
91 409 10
91 159 12
91 229 10
91 183 11
91 497 10
6 91 7
91 349 12
92 280 11
24 92 8
92 423 7
92 109 11
92 486 9
74 92 9
92 477 8
92 196 10
23 93 12
93 303 13
93 436 12
33 93 14
93 241 11
93 482 8
93 204 13
88 93 9
93 146 9
93 484 7
93 359 7
93 402 8
94 119 13
66 94 9
94 244 13
94 372 10
94 405 12
94 220 13
84 94 11
73 94 15
94 397 13
26 94 10
94 202 10
95 239 10
95 265 9
95 249 8
95 176 10
95 466 7
95 479 7
41 95 8
26 95 10
95 453 8
95 250 8
96 172 10
16 96 13
96 199 12
96 455 11
96 450 9
96 200 12
96 410 11
96 373 11
96 196 11
52 96 11
97 245 9
97 285 13
97 415 11
28 97 14
97 301 8
97 267 9
97 259 13
97 294 8
97 121 12
8 98 10
98 112 9
26 98 11
2 98 11
98 149 11
98 195 13
98 246 9
98 290 8
98 151 11
99 123 12
99 275 13
99 216 9
99 291 8
99 487 13
99 295 14
94 99 12
47 99 8
58 99 7
27 99 8
100 217 12
100 223 11
100 478 13
100 106 9
100 185 16
100 202 10
100 272 11
100 118 12
101 472 12
101 164 9
101 369 10
101 129 12
101 476 10
101 312 9
101 452 9
101 416 7
101 384 12
102 119 11
102 280 11
102 114 11
102 412 10
102 342 11
6 102 11
102 137 11
102 154 14
102 155 10
42 102 12
10 102 14
49 103 10
103 150 10
103 154 13
103 488 11
103 378 11
41 103 11
103 246 11
103 277 11
103 377 11
103 351 11
104 434 12
104 331 12
104 413 10
104 259 11
104 456 12
104 446 10
104 194 13
104 431 8
104 196 10
104 475 9
60 104 7
105 482 7
105 476 8
45 105 11
105 400 12
105 232 11
89 105 13
105 176 13
105 344 15
105 200 10
105 436 8
77 105 14
7 106 8
106 275 10
106 261 12
106 412 12
106 136 6
106 350 14
106 428 10
106 127 13
106 462 12
36 106 15
106 332 12
106 382 12
90 107 11
107 386 11
107 488 7
34 107 12
38 107 13
107 114 10
107 310 9
107 299 7
107 218 12
15 107 14
108 177 10
108 401 9
108 488 10
50 108 10
49 108 9
108 485 12
10 108 12
108 152 12
100 108 11
90 109 12
109 437 11
109 471 13
82 109 11
109 359 11
109 146 12
109 473 11
109 227 5
88 109 11
110 345 11
27 110 12
110 299 10
110 301 9
110 225 9
110 451 6
110 356 8
110 290 11
110 374 12
110 387 9
111 441 11
111 240 12
111 147 11
111 290 8
76 111 8
111 233 9
111 224 9
111 234 10
60 111 13
111 444 13
112 393 9
112 200 10
36 112 11
112 482 11
112 473 9
112 481 11
112 204 8
112 406 10
14 112 11
102 112 11
113 496 8
113 162 7
76 113 13
113 199 12
113 482 11
97 113 11
113 122 9
113 414 8
33 113 7
113 473 11
114 283 12
114 394 10
114 130 12
114 296 10
114 434 10
114 268 13
114 486 15
114 328 10
114 260 13
115 166 13
115 205 13
115 147 13
115 457 9
115 410 9
115 239 16
53 115 10
115 191 11
41 115 8
116 267 7
116 488 14
116 450 13
116 364 11
116 329 13
116 331 9
116 130 11
56 116 11
116 236 10
116 452 12
74 116 7
73 117 11
32 117 12
117 218 12
117 208 10
117 300 12
117 127 13
117 319 11
117 350 10
117 411 12
28 117 12
118 311 9
118 372 11
118 213 14
118 291 10
118 346 10
118 450 9
118 259 13
21 118 8
104 118 11
118 261 13
118 294 11
118 327 10
119 305 6
119 474 10
119 159 11
119 222 12
119 162 9
119 139 12
5 119 12
20 119 7
12 119 12
120 182 8
112 120 12
106 120 9
22 120 10
120 252 8
120 322 8
120 426 14
120 346 9
120 499 13
120 320 10
121 404 12
121 253 12
41 121 12
121 268 12
92 121 12
121 463 12
121 413 8
47 121 9
121 128 10
27 121 14
41 122 11
122 413 10
122 344 12
122 488 11
101 122 9
122 197 9
122 323 10
122 192 16
103 122 11
122 398 11
122 208 13
73 123 12
123 372 11
123 276 9
62 123 10
123 148 12
123 482 12
24 123 10
123 496 12
123 202 12
13 124 10
124 279 12
124 229 10
124 328 12
30 124 11
124 414 11
124 362 10
124 307 9
37 124 9
124 463 11
124 476 11
125 444 11
125 242 3
125 289 11
8 125 10
125 193 17
125 259 17
125 264 7
125 348 9
44 126 10
126 184 12
126 216 11
126 342 15
126 448 11
126 444 11
126 424 10
126 430 13
69 126 11
126 239 11
127 462 12
127 358 13
127 191 10
89 127 10
111 127 11
127 292 10
127 287 9
127 281 9
127 277 10
127 476 10
127 271 6
51 128 11
25 128 13
128 163 9
128 478 13
128 414 10
71 128 8
128 356 8
128 155 9
128 387 10
128 263 14
129 431 6
129 204 12
129 375 10
129 258 11
129 297 13
64 129 14
129 441 7
129 224 12
129 377 12
129 496 10
129 342 13
129 247 13
129 142 9
8 130 10
21 130 13
130 276 10
119 130 8
130 475 9
130 136 8
130 398 9
130 240 9
29 130 8
130 432 11
131 191 10
131 475 11
131 209 14
54 131 11
131 287 11
131 348 13
131 177 13
131 170 9
95 131 10
131 432 10
132 351 15
132 446 10
132 261 10
132 195 12
103 132 9
132 272 13
132 405 11
132 448 14
132 216 10
132 338 7
132 294 11
133 232 8
133 334 13
133 421 6
65 133 10
21 133 15
133 241 8
45 133 10
133 301 12
133 191 9
133 399 10
134 396 8
134 353 9
134 297 8
132 134 15
48 134 8
134 216 9
134 250 10
49 134 11
134 453 11
134 272 11
134 309 9
134 394 14
135 151 10
8 135 10
94 135 10
135 475 9
135 239 8
135 377 7
135 144 13
72 135 9
135 314 13
135 254 10
136 315 11
92 136 8
136 144 11
49 136 7
136 324 7
136 398 13
119 136 9
136 389 8
136 196 10
137 266 11
137 298 10
137 208 11
137 216 11
137 279 10
137 218 11
137 233 12
35 137 11
137 315 10
112 137 11
138 328 12
138 256 9
138 229 7
138 397 11
127 138 10
138 359 12
110 138 10
135 138 9
138 292 10
53 138 10
138 419 7
139 228 11
139 338 9
139 456 14
139 200 13
139 224 12
139 278 10
139 407 15
22 139 9
139 423 9
140 466 12
140 360 11
129 140 10
140 305 11
140 478 8
15 140 13
140 458 13
140 303 12
140 493 9
140 421 12
140 184 9
141 436 11
127 141 9
141 421 8
141 395 12
141 380 10
51 141 9
141 266 10
141 331 8
142 205 14
142 282 10
67 142 7
142 184 11
89 142 11
142 256 11
142 476 10
142 307 11
10 142 10
142 264 11
2 142 10
112 143 13
143 354 13
143 220 9
143 332 14
29 143 11
143 473 10
143 309 7
143 482 11
143 263 13
144 375 12
144 389 10
144 158 5
144 358 7
144 225 10
112 144 12
34 144 12
144 338 9
128 144 11
144 181 11
144 162 8
145 306 12
145 373 10
145 223 10
30 145 9
145 269 11
145 499 13
145 440 8
145 156 8
145 263 12
145 246 9
118 146 12
116 146 9
146 466 12
146 395 15
146 246 9
146 201 10
146 156 12
146 391 10
146 320 10
16 147 10
112 147 7
147 340 15
28 147 14
147 468 9
147 180 7
147 331 8
147 266 10
100 147 13
125 147 15
112 148 9
96 148 11
148 367 12
148 448 10
5 148 10
37 148 14
148 220 12
148 199 11
148 366 13
148 282 14
149 324 10
149 387 11
149 190 11
149 375 16
149 280 9
149 306 11
149 411 10
149 432 11
149 334 10
88 149 10
150 219 11
150 264 11
150 273 11
150 441 7
78 150 8
150 431 8
150 473 10
119 150 10
150 394 9
150 274 10
151 238 14
151 286 9
84 151 13
151 356 9
30 151 9
151 493 11
151 386 13
151 421 8
32 151 8
151 258 10
152 232 9
152 468 9
152 165 9
152 273 9
152 391 12
152 475 12
152 476 11
0 152 9
152 176 12
153 470 15
105 153 11
153 312 14
153 480 11
153 303 10
153 358 12
153 469 7
153 372 11
10 153 10
72 154 8
154 186 10
154 229 10
134 154 9
78 154 9
145 154 7
154 347 11
154 294 12
154 376 11
155 260 9
155 293 12
155 354 13
155 297 10
155 383 13
155 269 12
155 434 11
155 222 10
155 257 8
155 450 11
156 255 11
156 194 12
65 156 10
156 259 8
156 478 13
156 207 13
156 338 11
156 326 6
156 223 7
27 156 9
157 327 10
157 486 9
157 164 6
157 449 7
144 157 8
70 157 12
157 186 9
157 165 10
157 181 8
27 157 12
93 157 11
158 213 8
10 158 10
14 158 11
81 158 7
158 327 9
158 232 10
37 158 8
116 158 7
158 485 12
158 246 11
104 159 11
159 250 11
36 159 11
159 416 7
159 319 12
159 443 12
124 159 8
79 159 9
26 159 11
149 160 14
160 313 11
138 160 9
160 449 11
160 406 11
78 160 12
160 355 11
143 160 12
25 160 7
45 160 8
161 279 6
161 226 8
161 393 12
161 264 8
107 161 14
161 237 14
94 161 11
161 219 9
162 336 12
66 162 12
159 162 9
156 162 14
99 162 9
162 482 10
7 162 9
162 483 11
150 162 8
162 383 12
163 379 11
163 378 14
83 163 12
163 491 11
163 459 12
163 399 10
163 304 8
19 163 8
163 358 8
164 447 9
110 164 13
164 383 9
98 164 12
164 385 12
164 259 11
164 335 11
164 431 10
164 441 13
164 166 12
36 164 13
165 264 11
165 474 8
165 374 13
100 165 10
165 215 12
165 355 9
165 381 17
165 385 8
165 358 11
165 225 11
25 166 11
166 180 8
166 415 12
166 400 7
166 312 14
166 398 11
118 166 12
76 166 9
61 166 7
122 166 9
111 167 8
42 167 10
36 167 11
167 324 12
167 208 9
167 377 10
167 245 7
167 337 9
167 367 10
167 423 4
45 168 13
19 168 12
168 275 10
107 168 7
168 423 10
24 168 11
71 168 12
41 168 7
86 168 9
169 406 13
169 182 9
169 367 15
169 408 12
169 434 7
169 219 11
169 208 8
169 237 13
143 169 9
169 450 10
170 361 12
170 377 9
170 420 12
160 170 10
35 170 10
170 259 12
22 170 11
42 170 11
170 226 10
66 170 10
2 171 12
171 285 10
128 171 13
171 301 11
171 244 11
171 243 12
171 187 11
171 372 14
144 171 11
155 171 10
171 190 12
13 172 13
172 369 13
172 411 15
172 260 7
172 248 12
172 432 11
172 483 12
172 191 7
172 295 10
172 330 12
172 215 15
173 418 13
173 187 11
150 173 12
173 234 8
173 444 10
173 459 9
58 173 10
14 173 9
123 173 10
141 173 13
129 173 10
174 430 8
174 261 11
82 174 10
174 256 10
10 174 11
174 246 13
174 442 11
174 347 10
161 174 11
174 494 10
175 281 8
175 228 14
130 175 12
175 289 7
131 175 14
117 175 11
47 175 12
175 382 5
39 175 10
175 351 11
175 182 9
176 222 10
176 232 9
176 313 10
149 176 9
176 243 11
169 176 12
176 303 8
176 423 9
116 176 12
57 176 9
176 417 14
63 177 10
132 177 10
92 177 12
100 177 11
177 258 12
177 434 9
177 292 12
177 403 10
177 187 9
10 178 10
178 269 8
178 368 10
54 178 13
158 178 12
159 178 14
178 485 10
178 254 9
178 300 8
179 379 9
158 179 7
179 479 12
25 179 12
179 391 7
179 451 10
16 179 5
1 179 10
66 179 11
179 349 11
180 208 8
146 180 8
180 382 14
180 182 12
48 180 8
180 246 7
153 180 12
180 386 9
180 324 12
180 342 9
180 441 12
180 298 12
132 181 10
181 245 10
181 308 10
181 435 14
181 339 17
31 181 11
181 309 11
181 404 10
181 274 11
181 341 12
181 403 15
182 410 9
182 327 9
182 247 14
3 182 9
182 439 11
182 450 10
63 182 7
176 182 9
182 336 12
182 414 10
183 243 7
183 195 12
74 183 12
183 331 10
183 489 10
183 486 10
183 432 8
183 468 12
183 483 11
184 447 9
65 184 10
184 281 11
118 184 6
184 210 9
169 184 11
184 257 11
184 243 12
57 184 10
184 418 12
184 422 9
49 185 12
103 185 5
167 185 8
0 185 7
16 185 16
185 431 13
124 185 14
185 328 15
185 457 13
185 387 9
68 186 8
6 186 10
186 267 12
124 186 9
186 279 10
186 345 9
186 434 10
186 378 12
16 186 8
146 187 11
118 187 10
187 234 12
121 187 10
33 187 9
187 389 11
187 435 11
187 257 11
187 305 12
187 336 15
187 335 13
141 188 12
188 335 10
188 340 9
142 188 12
188 375 13
188 204 10
188 481 11
188 484 10
188 475 7
174 188 10
189 272 18
58 189 9
189 424 9
189 361 11
189 237 11
189 470 6
189 439 8
27 189 13
77 189 9
189 251 10
190 329 10
190 348 9
190 483 12
190 443 11
190 221 10
4 190 11
75 190 11
139 190 11
190 276 12
71 190 8
190 436 11
191 320 12
191 407 10
191 469 10
148 191 12
191 442 12
191 322 12
191 267 12
191 306 9
191 314 10
192 200 12
192 273 8
153 192 6
140 192 10
192 488 13
192 433 13
192 497 15
192 401 12
192 368 7
193 264 11
193 207 12
193 196 13
12 193 8
179 193 10
193 259 12
193 233 12
193 300 8
193 358 10
194 208 13
194 360 10
194 224 13
194 209 5
81 194 9
117 194 10
194 337 9
194 272 11
194 281 13
194 254 11
195 322 12
195 443 13
38 195 12
5 195 13
195 464 6
195 295 10
195 225 10
71 195 8
195 310 11
53 196 8
45 196 11
84 196 14
196 378 9
59 196 8
7 196 11
50 196 10
196 458 11
196 438 8
197 403 9
197 375 9
197 390 9
197 389 12
4 197 7
197 226 10
197 485 9
197 468 9
197 460 9
88 197 5
197 307 13
198 418 12
27 198 14
198 469 12
159 198 12
198 262 8
198 267 14
71 198 14
145 198 9
198 204 10
129 198 11
198 472 10
199 210 11
24 199 12
29 199 9
199 254 10
37 199 10
199 475 10
199 370 7
199 416 10
199 411 10
143 199 10
200 232 10
200 468 9
200 372 9
135 200 11
200 412 6
0 200 11
200 366 14
58 200 7
196 200 10
200 262 8
201 349 11
201 384 12
23 201 15
201 290 16
24 201 7
136 201 12
201 260 11
181 201 13
201 361 7
201 246 7
202 306 9
202 208 11
202 344 13
202 430 10
30 202 8
121 202 11
202 255 11
38 202 10
202 410 10
123 203 6
5 203 9
169 203 11
133 203 13
203 384 13
145 203 9
202 203 11
138 203 9
203 226 13
203 401 9
134 203 10
4 204 10
204 482 9
59 204 13
120 204 8
204 492 9
37 204 8
204 371 11
127 204 12
204 321 8
6 204 11
205 370 9
205 392 13
205 487 11
101 205 12
205 312 7
42 205 11
205 275 13
95 205 8
205 340 11
75 205 6
131 205 13
206 370 6
21 206 12
206 244 8
206 369 11
206 427 10
206 476 11
143 206 13
102 206 11
206 295 10
60 206 12
207 231 9
207 253 16
207 409 11
8 207 12
51 207 9
207 273 10
72 207 14
207 464 7
208 339 11
208 364 11
208 239 12
159 208 9
208 232 12
208 390 11
4 208 7
208 486 11
208 437 11
208 472 12
209 353 10
107 209 10
209 416 9
209 331 11
124 209 7
209 305 12
125 209 10
209 288 14
187 209 9
171 209 10
209 302 7
39 210 11
210 308 10
210 404 12
210 381 9
55 210 7
210 390 10
101 210 11
210 432 9
88 210 13
155 211 11
113 211 5
211 260 12
211 259 13
211 442 10
48 211 12
143 211 10
209 211 12
55 211 10
211 399 8
212 233 11
86 212 10
212 303 9
112 212 8
212 395 12
56 212 11
201 212 11
212 345 12
212 464 10
212 262 12
212 412 6
176 212 10
114 213 8
106 213 10
213 386 11
213 301 14
213 280 11
72 213 9
213 282 9
143 213 12
213 463 11
196 213 11
62 214 9
214 285 11
214 435 10
214 425 12
214 219 8
99 214 10
214 273 12
214 223 11
214 407 8
34 215 10
215 363 11
215 369 11
215 304 12
56 215 12
215 434 13
215 319 12
103 215 10
120 215 8
215 449 11
215 430 9
216 383 11
189 216 12
216 365 8
216 479 12
216 224 11
216 459 12
216 222 12
30 216 9
217 239 9
217 267 7
217 241 6
169 217 11
0 217 11
145 217 13
217 319 9
217 490 13
217 436 8
218 380 10
58 218 12
218 413 14
78 218 9
218 224 9
63 218 9
218 272 11
218 335 13
218 337 12
218 470 11
141 218 13
61 219 13
219 266 13
25 219 9
219 311 12
219 402 12
219 290 12
198 219 12
219 386 10
89 219 13
100 219 10
106 220 9
220 302 11
220 260 12
195 220 8
220 256 14
181 220 12
220 374 6
180 220 10
211 220 11
220 249 8
221 278 7
70 221 10
18 221 10
221 365 10
221 486 14
221 442 10
221 360 10
210 221 9
221 435 9
222 225 10
222 300 11
67 222 7
222 390 11
201 222 10
165 222 12
86 222 6
193 222 13
107 222 10
222 370 9
125 223 16
223 417 11
223 302 12
187 223 7
223 424 11
223 339 13
223 249 5
223 494 10
223 362 12
223 264 12
198 224 16
58 224 11
224 315 11
37 224 9
224 381 9
224 455 12
145 224 9
14 224 10
224 291 10
224 431 10
225 439 11
161 225 13
189 225 12
225 495 7
116 225 8
225 254 9
90 225 8
225 362 12
225 361 9
225 440 13
124 225 8
148 225 11
134 226 10
144 226 10
99 226 10
226 328 10
9 226 10
226 282 9
226 360 12
226 365 10
226 441 10
226 407 10
227 285 9
227 257 10
82 227 11
227 363 12
227 490 12
186 227 8
227 402 12
227 479 10
135 227 11
227 408 10
228 364 10
157 228 11
215 228 9
228 396 11
176 228 13
51 228 9
90 228 13
81 228 10
196 228 13
33 228 9
229 461 9
44 229 10
130 229 9
229 244 9
11 229 10
160 229 9
12 229 9
229 438 12
229 412 9
71 230 11
230 358 11
230 240 11
96 230 13
213 230 13
230 278 8
175 230 9
205 230 9
230 331 9
23 231 12
231 401 10
225 231 10
168 231 10
231 257 9
231 237 12
179 231 11
231 258 9
231 282 11
232 366 8
55 232 12
221 232 8
193 232 14
155 232 10
232 415 14
232 487 10
232 358 11
220 232 13
126 233 18
206 233 12
209 233 12
233 488 11
233 464 8
133 233 10
233 335 12
233 407 7
123 233 12
233 420 9
234 364 9
234 493 7
234 461 11
234 235 11
41 234 10
165 234 12
234 373 10
137 234 11
28 234 12
51 234 12
235 305 10
90 235 12
235 387 14
200 235 10
235 363 9
235 264 9
187 235 11
235 295 10
3 235 10
108 235 11
52 236 12
123 236 10
48 236 9
132 236 11
236 271 13
236 453 11
236 393 10
49 236 10
236 450 12
236 258 12
236 482 8
236 455 10
237 395 10
219 237 7
237 396 12
122 237 9
237 297 10
31 237 10
37 237 11
237 246 11
237 256 10
237 422 8
182 238 8
149 238 8
63 238 8
133 238 10
176 238 9
238 239 10
238 251 14
238 441 12
238 445 12
239 383 12
239 441 13
26 239 13
239 263 8
239 295 10
239 275 9
239 495 11
2 239 11
207 239 9
239 401 13
108 239 10
38 240 12
158 240 11
240 418 13
108 240 15
240 278 12
240 437 7
240 440 9
26 240 14
194 240 9
241 490 12
241 421 9
241 427 11
179 241 9
241 303 6
112 241 8
241 255 7
241 262 13
241 293 13
242 440 12
242 253 7
46 242 14
242 246 9
242 370 10
242 388 11
242 478 14
75 242 11
242 325 6
242 449 9
243 443 12
167 243 7
243 267 10
243 250 11
243 275 11
193 243 11
74 243 11
243 455 12
38 243 8
21 244 10
244 359 10
244 360 14
244 350 11
244 362 14
244 435 9
59 244 9
244 420 8
182 244 10
244 334 12
215 244 6
245 458 14
224 245 13
245 355 12
245 296 10
245 405 11
85 245 12
245 336 12
229 245 11
245 264 11
246 467 14
10 246 12
246 473 13
64 246 10
246 434 13
246 448 11
162 246 9
73 246 6
126 246 11
246 402 11
61 247 10
247 497 12
247 449 12
89 247 10
187 247 13
242 247 10
14 247 9
11 247 12
208 247 9
248 452 9
248 404 8
62 248 10
248 468 10
248 365 10
248 358 7
124 248 11
158 248 9
170 248 7
248 361 10
248 338 13
248 451 10
249 406 10
249 373 10
249 420 12
154 249 12
249 270 9
249 464 8
249 428 10
249 316 13
250 488 11
220 250 14
229 250 12
250 462 12
105 250 11
250 302 13
250 368 12
250 414 10
104 250 14
152 250 14
251 287 13
251 350 13
251 449 12
81 251 11
127 251 11
251 329 10
251 300 11
251 340 9
108 251 8
66 251 9
63 252 13
252 298 8
191 252 14
252 486 10
71 252 13
169 252 9
230 252 10
252 343 9
252 357 10
252 320 12
206 253 10
253 349 16
253 466 12
253 444 16
21 253 9
253 499 9
253 407 12
253 307 12
164 253 10
213 253 8
28 253 4
80 254 14
23 254 6
254 320 8
131 254 10
56 254 9
254 347 11
250 254 12
254 401 10
179 254 10
55 254 11
130 254 8
255 402 10
181 255 11
51 255 14
234 255 11
117 255 13
255 476 12
255 475 9
255 409 13
255 387 10
41 255 11
256 292 10
224 256 13
256 340 9
108 256 14
256 485 12
256 367 14
256 375 9
256 284 12
256 405 10
256 359 12
257 391 12
257 401 10
170 257 8
257 291 13
257 370 8
257 400 12
257 288 8
73 257 6
80 257 13
152 257 7
49 258 7
258 319 16
13 258 9
258 320 10
96 258 9
83 258 9
32 258 10
258 266 8
191 258 9
228 259 10
259 470 11
95 259 13
210 259 11
259 486 10
259 304 10
259 475 13
168 259 10
96 259 14
36 259 11
242 260 9
165 260 14
260 473 10
260 315 7
260 307 8
179 260 12
247 260 12
57 260 6
135 261 9
179 261 9
201 261 8
261 341 14
98 261 13
250 261 11
261 441 10
22 261 11
125 261 13
261 458 9
261 448 17
240 262 9
262 465 8
112 262 9
134 262 11
117 262 11
42 262 13
32 262 8
262 278 8
168 262 14
79 263 8
178 263 12
263 267 11
138 263 13
263 330 10
263 365 9
263 389 6
263 320 9
211 263 13
263 304 13
159 264 11
204 264 12
264 382 13
264 464 10
264 315 11
264 424 12
137 264 13
117 264 9
60 264 12
264 323 12
230 264 11
265 396 14
34 265 6
265 291 13
265 457 10
202 265 17
109 265 11
249 265 11
265 309 12
265 386 8
84 265 10
236 266 11
221 266 12
266 420 7
266 358 9
266 320 8
232 266 14
266 419 11
266 435 12
1 266 13
266 481 12
72 266 11
67 267 13
35 267 11
267 284 14
267 419 11
267 310 13
239 267 9
182 267 11
267 437 15
267 397 9
20 267 12
27 267 14
267 349 9
177 268 9
268 279 11
100 268 10
21 268 9
268 491 13
268 352 12
6 268 13
237 268 13
268 288 9
269 431 10
40 269 11
69 269 10
190 269 12
92 269 15
184 269 10
165 269 7
269 397 13
215 269 12
270 427 12
270 486 9
125 270 10
270 425 6
192 270 11
270 411 8
270 307 9
67 270 8
270 429 9
270 384 10
271 397 7
40 271 13
271 273 15
271 422 11
271 311 13
192 271 8
271 450 12
240 271 12
271 452 11
242 271 9
178 272 11
156 272 7
272 347 10
185 272 12
272 447 11
130 272 13
254 272 15
272 498 12
255 272 7
272 285 10
71 273 12
154 273 11
273 332 9
273 477 12
273 474 9
137 273 15
201 273 10
272 273 7
273 497 13
273 456 10
18 274 9
225 274 7
156 274 10
274 303 8
23 274 12
208 274 9
102 274 8
274 454 9
123 274 11
274 469 11
275 436 12
275 429 11
275 472 13
275 442 10
28 275 11
253 275 7
275 317 11
238 275 9
75 275 12
275 362 9
34 276 9
276 313 14
87 276 13
276 299 9
236 276 11
116 276 10
33 276 10
276 462 14
276 323 13
187 276 11
277 280 14
225 277 10
277 338 10
20 277 14
116 277 8
277 455 6
277 302 8
108 277 10
170 277 10
278 382 13
103 278 9
90 278 10
117 278 9
278 396 13
198 278 11
278 345 9
60 278 11
278 463 11
50 279 10
279 311 10
223 279 10
279 472 9
216 279 10
75 279 9
123 279 10
279 426 12
232 279 11
280 436 8
155 280 10
280 301 10
171 280 11
280 330 13
280 457 14
280 323 10
280 282 12
195 280 10
280 284 10
6 281 9
215 281 10
246 281 10
218 281 10
70 281 9
91 281 13
61 281 13
19 281 15
161 281 9
281 321 14
281 489 9
33 282 12
180 282 13
282 495 11
112 282 9
282 393 7
43 282 8
239 282 8
211 282 5
282 410 10
70 282 9
283 452 12
283 313 9
283 408 9
283 307 11
31 283 10
283 426 12
206 283 9
30 283 15
125 283 9
283 315 7
283 334 14
106 284 13
284 415 9
284 351 15
284 428 11
284 297 7
211 284 10
284 446 12
284 432 12
179 284 10
116 284 15
173 284 12
66 285 11
231 285 13
285 355 9
285 470 9
285 429 8
123 285 7
259 285 12
285 360 11
208 285 11
142 285 15
226 285 15
286 458 9
135 286 12
102 286 7
286 411 11
286 381 10
286 493 9
110 286 12
286 482 12
286 318 7
47 286 15
123 286 14
287 487 9
287 444 10
287 497 11
287 376 13
287 446 11
267 287 13
287 438 13
158 287 9
82 287 14
287 326 6
200 288 11
288 482 9
2 288 14
44 288 12
233 288 10
288 383 14
55 288 10
288 440 8
288 348 13
288 301 10
39 288 10
289 490 11
25 289 12
145 289 11
250 289 8
289 311 9
289 461 11
289 390 9
44 289 11
286 289 14
182 290 9
290 292 9
290 300 17
65 290 13
290 373 13
290 489 12
250 290 15
187 290 10
290 455 10
290 342 10
161 291 10
106 291 9
139 291 11
291 340 11
289 291 11
260 291 11
138 291 11
127 291 12
292 363 13
141 292 13
292 431 15
109 292 8
21 292 12
199 292 10
232 292 9
251 292 9
5 292 10
269 292 10
179 293 12
293 467 11
25 293 8
124 293 11
106 293 11
232 293 12
22 293 11
294 345 12
38 294 12
294 361 11
294 467 9
153 294 13
294 417 13
173 294 9
294 349 10
115 295 11
188 295 5
295 454 13
154 295 9
295 411 12
164 295 10
295 415 9
145 295 14
86 295 12
119 295 10
139 296 12
240 296 10
296 324 11
296 457 12
296 334 9
132 296 12
149 296 13
246 296 11
85 296 11
296 337 9
17 296 12
297 462 11
43 297 11
297 486 7
242 297 10
112 297 13
297 323 8
297 423 8
42 297 11
223 297 11
212 298 13
2 298 12
203 298 9
224 298 11
231 298 6
164 298 10
295 298 10
298 486 11
222 298 7
298 300 11
299 377 10
299 330 11
39 299 8
293 299 8
169 299 11
111 299 10
99 299 15
299 423 11
24 299 13
299 359 10
162 299 6
231 299 13
63 300 11
300 445 10
112 300 11
300 397 8
18 300 9
300 424 9
24 300 9
236 300 10
34 300 14
300 366 14
120 300 9
23 301 9
105 301 12
165 301 8
283 301 10
1 301 12
301 363 12
189 301 6
301 499 8
301 435 10
301 397 10
302 415 12
302 372 9
302 343 11
75 302 9
148 302 9
62 302 13
178 302 10
49 302 8
302 491 9
266 302 15
302 455 10
1 303 13
109 303 9
112 303 10
168 303 9
103 303 10
303 496 11
136 303 8
144 303 10
36 303 9
207 303 8
119 304 12
304 486 11
251 304 11
276 304 10
20 304 14
34 304 8
304 455 8
304 322 12
305 485 12
42 305 13
305 406 12
32 305 11
78 305 13
305 345 13
54 305 15
177 305 10
96 305 10
227 306 10
32 306 8
159 306 9
286 306 13
297 306 12
133 306 9
194 306 13
70 306 12
306 495 10
140 307 12
307 400 11
184 307 8
307 355 11
23 307 11
238 307 11
298 307 10
307 438 11
292 307 9
308 436 10
19 308 14
308 488 11
91 308 12
223 308 12
94 308 5
158 308 10
304 308 10
243 308 8
308 453 12
309 393 9
309 359 12
40 309 11
145 309 10
309 494 8
228 309 10
227 309 14
309 443 9
213 309 9
310 413 9
96 310 9
310 482 10
288 310 13
175 310 10
291 310 15
127 310 8
310 484 7
310 418 13
310 480 9
3 310 10
203 311 11
3 311 11
285 311 10
181 311 8
2 311 8
158 311 13
4 311 8
42 311 12
187 311 7
41 312 9
296 312 6
44 312 10
0 312 10
231 312 8
276 312 14
145 312 8
297 312 11
31 312 6
312 387 10
312 436 13
247 313 9
71 313 12
313 424 10
112 313 12
165 313 9
75 313 11
100 313 10
313 458 7
313 425 10
313 351 7
115 313 8
117 314 7
113 314 12
150 314 11
155 314 11
252 314 6
44 314 11
314 497 8
90 314 13
199 315 7
151 315 10
315 499 10
175 315 8
315 382 8
315 345 11
42 315 12
27 315 12
14 315 11
206 316 12
113 316 13
19 316 9
33 316 12
152 316 13
227 316 11
96 316 9
46 316 11
316 340 14
317 469 12
317 381 14
317 385 10
236 317 12
279 317 7
317 427 8
317 354 13
317 442 9
317 400 9
318 466 7
33 318 10
234 318 12
225 318 8
318 382 9
318 402 13
156 318 7
242 318 12
212 318 11
81 318 11
319 351 14
87 319 13
151 319 10
319 400 12
231 319 7
274 319 18
277 319 13
279 319 12
237 319 11
320 409 9
232 320 11
161 320 9
202 320 10
115 320 12
320 327 14
40 320 9
300 320 11
320 483 11
316 321 10
76 321 12
40 321 11
321 433 9
203 321 11
304 321 13
321 446 9
321 338 5
321 424 9
184 321 10
286 321 9
183 322 8
322 436 10
130 322 13
322 339 9
322 442 8
213 322 12
192 322 13
78 322 8
145 322 11
322 398 8
321 322 13
79 323 8
128 323 8
323 497 11
323 465 12
182 323 13
323 381 9
24 323 13
190 323 14
323 419 8
323 402 10
108 323 9
324 412 6
139 324 14
264 324 10
324 356 10
215 324 13
116 324 10
213 324 12
174 324 9
232 324 13
325 486 9
35 325 11
17 325 13
325 370 10
325 420 11
189 325 11
325 413 10
154 325 8
198 325 11
325 461 7
141 325 10
162 326 12
326 393 10
326 350 15
254 326 13
158 326 11
191 326 11
326 403 11
132 326 9
163 326 12
326 465 8
121 326 11
304 327 8
327 490 15
102 327 11
152 327 11
327 493 10
138 327 13
327 469 9
50 327 13
327 433 12
34 328 11
119 328 7
328 392 9
210 328 8
238 328 10
282 328 8
30 328 13
45 328 11
328 394 10
328 370 12
52 329 8
329 382 9
329 366 6
85 329 9
45 329 14
329 462 10
73 329 9
320 329 10
309 329 13
23 329 10
329 411 11
321 329 8
77 330 11
330 367 10
131 330 11
330 433 13
268 330 6
234 330 10
28 330 16
330 409 9
71 330 11
31 331 10
331 369 10
331 426 9
97 331 10
63 331 12
175 331 12
217 331 10
76 331 10
150 331 12
300 331 7
332 398 9
332 419 11
332 436 12
69 332 9
332 415 10
281 332 11
153 332 10
48 332 10
13 332 8
28 332 15
314 333 8
318 333 12
249 333 8
253 333 7
259 333 9
36 333 11
324 333 11
31 333 8
71 333 9
73 334 11
334 465 11
334 415 10
9 334 7
334 376 11
334 473 8
334 449 7
101 334 13
334 353 7
220 335 11
137 335 16
335 373 13
204 335 9
328 335 9
335 475 10
195 335 6
238 335 10
335 483 11
335 347 11
30 335 10
50 336 12
336 438 7
47 336 8
40 336 13
19 336 9
336 392 11
336 497 12
336 394 9
176 336 9
336 389 11
244 337 10
337 397 11
222 337 15
337 436 10
233 337 11
270 337 11
141 337 11
196 337 11
337 486 13
260 337 10
222 338 13
338 346 9
72 338 15
338 425 11
256 338 11
338 403 9
226 338 10
59 338 12
338 496 8
329 338 9
214 338 9
339 386 11
339 464 9
141 339 13
123 339 12
339 475 9
339 402 8
303 339 11
104 339 6
339 340 10
339 415 11
297 339 14
340 398 11
159 340 9
139 340 8
340 409 12
324 340 13
133 340 8
247 340 7
162 340 8
96 340 15
338 340 13
308 341 12
341 444 11
341 485 11
257 341 11
341 377 12
218 341 13
276 341 14
138 341 9
321 341 11
139 341 9
82 341 12
342 463 7
88 342 15
208 342 9
36 342 8
183 342 12
342 419 12
321 342 11
154 342 9
59 343 8
343 352 7
58 343 11
343 377 9
343 362 12
343 483 9
343 363 8
97 343 10
343 384 13
106 343 10
166 343 12
11 344 10
139 344 12
344 356 8
197 344 12
38 344 9
344 489 7
344 439 12
298 344 8
136 344 11
344 497 7
344 496 10
321 344 10
345 444 12
30 345 10
104 345 7
300 345 12
345 459 7
295 345 13
28 345 10
314 345 8
156 345 10
51 345 9
345 449 10
238 345 11
346 403 11
293 346 12
79 346 9
173 346 6
328 346 9
48 346 9
104 346 10
281 346 10
346 438 11
23 346 13
189 347 10
347 490 12
229 347 10
347 409 10
30 347 13
347 472 9
248 347 10
347 448 11
89 347 12
47 347 12
112 348 14
348 429 10
230 348 10
291 348 9
348 367 13
156 348 7
348 487 10
180 348 11
199 348 8
348 368 9
236 349 7
199 349 9
349 477 12
349 394 9
349 455 12
93 349 9
349 482 11
4 349 11
99 349 10
349 458 11
141 350 11
274 350 10
197 350 12
51 350 12
263 350 13
350 367 11
85 350 13
108 350 10
350 464 11
312 350 11
351 434 7
209 351 14
86 351 14
85 351 14
351 496 10
303 351 10
351 353 11
351 395 11
224 351 10
239 351 8
352 484 9
352 395 12
41 352 11
352 444 11
319 352 11
233 352 11
288 352 10
125 352 12
213 352 12
352 360 11
234 353 15
353 363 11
31 353 8
91 353 9
122 353 12
48 353 12
24 353 10
353 393 12
131 353 6
185 353 10
49 353 9
126 354 11
100 354 10
98 354 8
78 354 12
354 415 11
157 354 9
354 407 9
354 385 8
113 354 10
298 355 13
355 483 11
201 355 9
178 355 10
355 364 11
352 355 12
210 355 10
172 355 11
233 355 12
111 355 9
226 356 14
28 356 14
356 438 11
204 356 10
170 356 9
267 356 11
90 356 10
236 356 14
352 356 13
356 472 15
302 356 11
357 437 13
330 357 15
289 357 13
150 357 10
326 357 7
32 357 10
87 357 10
218 357 9
132 357 13
357 477 13
200 357 8
59 358 10
358 459 10
174 358 9
275 358 10
81 358 7
85 358 10
279 358 12
283 358 8
147 358 10
88 358 10
227 358 12
61 359 8
82 359 11
356 359 11
359 446 10
33 359 12
285 359 9
359 457 13
178 359 11
359 499 9
52 359 11
359 415 10
63 359 10
40 360 14
360 403 11
111 360 9
30 360 12
299 360 11
108 360 6
360 417 9
86 360 9
247 360 8
237 360 12
360 448 12
361 454 10
166 361 9
109 361 11
361 390 11
1 361 14
66 361 11
32 361 9
146 361 13
361 370 12
154 361 12
9 362 12
312 362 12
104 362 11
362 499 13
362 476 13
205 362 11
362 455 13
239 362 8
362 495 10
102 363 10
127 363 12
363 371 9
132 363 7
138 363 10
363 435 9
363 405 9
363 476 11
350 363 9
120 364 12
364 454 13
354 364 10
237 364 12
274 364 13
180 364 10
364 367 10
63 364 8
284 364 15
128 365 10
281 365 12
365 378 10
59 365 11
365 396 10
196 365 10
51 365 9
170 365 11
195 365 10
89 365 8
145 366 10
28 366 6
49 366 11
98 366 12
90 366 7
366 466 9
18 366 12
366 383 10
366 473 8
366 487 12
229 366 13
71 366 10
277 367 10
191 367 11
339 367 10
48 367 13
15 367 11
128 367 10
349 367 12
299 367 8
367 425 13
104 367 7
161 367 11
13 367 12
156 368 7
263 368 10
261 368 9
285 368 9
207 368 14
55 368 12
216 368 10
368 426 9
274 368 12
18 369 13
50 369 12
150 369 14
262 369 11
369 442 9
288 369 10
231 369 12
369 418 10
369 378 13
321 370 14
370 404 7
141 370 12
106 370 12
211 370 9
17 370 13
370 435 14
322 370 9
121 370 9
0 370 13
221 370 11
304 371 10
186 371 10
371 459 11
178 371 9
371 471 8
0 371 10
129 371 10
371 492 11
308 371 9
324 371 10
372 435 7
372 446 9
369 372 9
323 372 8
25 372 13
102 372 9
40 372 11
210 372 12
189 373 7
362 373 8
207 373 11
26 373 13
252 373 9
167 373 14
58 373 13
209 373 10
373 470 12
373 475 13
100 373 10
374 481 11
356 374 9
86 374 13
201 374 10
244 374 10
360 374 10
159 374 11
82 374 9
27 374 9
351 374 13
283 374 8
109 374 12
229 375 8
375 470 11
87 375 7
309 375 9
80 375 13
58 375 7
228 375 8
303 375 11
240 375 10
223 376 15
376 448 12
239 376 12
215 376 11
376 456 11
296 376 9
376 428 15
168 376 10
376 422 9
351 376 11
289 377 10
377 470 12
377 417 13
90 377 12
377 424 11
177 377 13
98 377 7
265 377 10
251 377 9
21 377 4
377 400 10
140 378 12
123 378 14
286 378 9
217 378 9
69 378 8
313 378 9
378 496 9
231 378 10
336 378 11
378 388 11
379 461 11
4 379 11
291 379 10
379 387 10
332 379 11
8 379 13
49 379 11
369 379 12
304 379 12
86 380 6
77 380 13
50 380 10
380 430 11
232 380 10
363 380 11
120 380 14
329 380 7
202 380 11
107 380 9
381 383 12
94 381 8
381 457 9
132 381 13
121 381 10
381 480 10
207 381 7
166 381 9
231 381 12
193 381 13
382 422 11
374 382 10
372 382 10
42 382 10
17 382 9
382 472 9
275 382 7
382 494 15
23 382 9
383 402 5
197 383 10
253 383 8
3 383 11
177 383 12
26 383 12
228 383 12
211 383 12
106 383 12
351 383 10
83 384 9
181 384 10
165 384 12
378 384 13
80 384 11
384 492 15
384 411 9
137 384 9
55 384 9
339 384 8
217 385 12
385 403 14
208 385 6
385 459 9
278 385 9
151 385 14
52 385 11
127 385 12
125 385 12
97 385 12
385 397 12
386 392 5
386 425 12
61 386 7
64 386 12
386 499 10
206 386 11
167 386 13
136 386 8
378 386 12
15 386 11
102 386 13
190 387 12
264 387 12
228 387 9
249 387 9
387 482 7
150 387 13
385 387 10
23 387 11
387 465 11
274 388 10
388 395 10
324 388 9
313 388 9
388 392 11
261 388 11
388 419 9
329 388 10
126 388 7
155 388 9
113 389 12
312 389 12
268 389 9
389 480 9
94 389 10
235 389 10
389 497 9
350 389 9
63 389 11
389 479 12
389 392 9
337 390 12
266 390 14
219 390 11
390 453 9
335 390 11
24 390 10
27 390 12
263 390 12
291 390 9
296 391 12
223 391 13
253 391 8
391 403 10
391 433 9
391 484 10
22 391 11
153 391 11
391 441 11
343 391 9
76 392 9
392 400 11
303 392 10
148 392 8
384 392 10
219 392 12
116 392 12
3 392 9
392 427 11
172 393 13
11 393 11
43 393 11
393 459 10
163 393 12
207 393 8
2 393 8
228 393 13
393 402 13
311 393 12
274 394 8
394 423 8
278 394 10
394 483 13
116 394 8
55 394 9
225 394 13
104 394 9
244 394 11
348 394 11
264 395 10
198 395 9
275 395 14
377 395 8
219 395 15
361 395 12
395 403 9
133 395 11
5 395 11
57 395 7
197 396 11
54 396 13
264 396 11
313 396 8
290 396 9
163 396 8
382 396 10
374 396 9
377 396 13
396 474 12
396 419 15
397 488 11
250 397 12
397 495 9
56 397 9
285 397 14
397 481 11
379 397 7
397 445 9
244 397 12
372 397 9
264 397 10
217 397 13
4 398 9
205 398 8
154 398 10
319 398 10
126 398 14
152 398 10
0 398 7
157 398 9
398 417 12
11 399 11
94 399 13
83 399 11
241 399 12
296 399 10
399 409 10
185 399 10
91 399 11
344 399 9
23 399 12
247 400 12
47 400 8
242 400 12
213 400 9
62 400 12
130 400 15
63 400 13
400 450 11
400 438 9
400 446 10
400 471 12
105 401 13
360 401 13
401 414 10
401 448 10
318 401 14
401 429 11
371 401 7
57 401 9
59 401 9
7 402 10
241 402 8
284 402 10
78 402 11
125 402 11
226 402 14
247 402 14
119 402 9
67 402 11
402 426 11
328 403 15
285 403 10
403 444 10
178 403 14
60 403 11
403 414 12
403 429 10
204 403 10
403 411 9
403 412 12
403 496 8
309 404 13
268 404 12
133 404 10
254 404 12
269 404 11
155 404 11
369 404 8
325 404 7
99 404 10
404 482 13
77 405 11
177 405 9
405 496 11
405 450 9
328 405 13
212 405 9
84 405 12
237 405 14
82 405 10
183 405 8
266 405 8
368 406 6
41 406 9
378 406 14
223 406 8
204 406 11
306 406 11
324 406 11
352 406 11
30 406 13
367 406 13
152 407 10
173 407 10
232 407 6
296 407 10
109 407 11
8 407 7
211 407 11
367 407 12
146 407 13
298 407 11
405 407 9
156 408 9
403 408 5
201 408 8
408 419 11
280 408 15
337 408 10
408 423 9
285 408 11
408 476 10
144 409 12
282 409 8
348 409 9
385 409 8
357 409 11
87 409 10
245 409 11
58 409 9
369 409 12
410 481 9
170 410 10
310 410 11
82 410 12
62 410 10
285 410 9
334 410 12
400 410 11
324 411 12
411 471 12
192 411 9
138 411 14
308 411 14
287 411 6
121 411 11
411 480 13
77 411 8
257 411 9
385 412 6
373 412 10
226 412 6
201 412 13
286 412 13
377 412 13
173 412 12
389 412 13
24 412 12
255 412 14
83 412 10
20 413 15
216 413 13
135 413 15
321 413 13
413 494 8
295 413 10
71 413 10
413 465 12
290 413 10
245 414 11
18 414 11
159 414 13
142 414 10
414 434 9
51 414 11
414 432 12
197 414 11
101 414 13
9 414 12
122 415 10
112 415 6
387 415 14
363 415 10
263 415 12
415 418 12
146 415 12
108 415 10
301 415 10
207 415 13
304 415 12
166 416 10
42 416 8
389 416 6
392 416 5
416 436 12
146 416 8
416 448 11
282 416 8
140 416 12
183 416 8
209 417 12
325 417 10
263 417 10
417 457 12
205 417 11
114 417 9
374 417 9
125 417 10
107 417 12
67 417 9
98 417 13
278 418 10
45 418 11
236 418 13
113 418 9
188 418 9
255 418 9
313 418 6
20 418 14
89 418 11
9 418 10
63 419 13
412 419 11
237 419 5
0 419 10
419 443 14
419 433 8
419 498 12
281 419 14
49 419 8
290 419 10
15 419 13
24 420 17
12 420 12
413 420 10
70 420 5
420 496 10
356 420 11
238 420 14
276 420 13
234 420 10
4 421 8
362 421 12
277 421 11
421 466 9
345 421 8
310 421 12
413 421 9
301 421 13
421 423 13
59 421 7
381 421 10
366 422 11
126 422 5
89 422 9
315 422 12
3 422 6
383 422 10
293 422 12
37 422 12
15 422 16
84 422 7
247 423 10
314 423 7
26 423 11
330 423 8
172 423 11
306 423 10
43 423 6
12 423 10
41 423 9
423 458 8
272 423 11
190 424 11
76 424 8
246 424 7
188 424 12
424 476 13
322 424 11
323 424 9
424 469 9
206 424 13
310 424 12
106 425 7
307 425 13
226 425 9
425 463 9
425 427 11
395 425 10
255 425 10
352 425 7
146 425 10
343 425 12
76 425 10
77 426 8
335 426 12
315 426 12
426 440 14
238 426 12
307 426 9
240 426 11
426 444 6
410 426 10
263 426 10
247 426 10
312 426 6
110 427 7
187 427 12
427 454 13
56 427 10
427 478 9
397 427 9
259 427 11
235 427 10
268 427 10
137 427 13
286 427 6
361 428 11
20 428 9
406 428 14
52 428 10
186 428 9
399 428 13
28 428 9
275 428 14
247 428 8
411 428 11
362 428 8
369 429 11
188 429 12
29 429 6
82 429 9
72 429 11
310 429 9
336 429 6
190 429 9
319 429 10
50 430 12
40 430 11
270 430 12
368 430 9
115 430 12
296 430 13
290 430 11
14 430 10
20 430 10
199 430 12
240 430 8
329 431 11
174 431 12
431 491 14
372 431 11
431 471 16
431 433 10
73 431 9
151 431 12
84 431 11
118 432 13
158 432 13
432 467 11
199 432 10
299 432 8
289 432 9
207 432 8
122 432 10
58 433 10
144 433 10
123 433 11
108 433 8
256 433 9
433 434 9
240 433 13
193 433 10
113 433 10
366 433 10
374 434 10
118 434 7
344 434 11
17 434 12
312 434 12
237 434 15
223 434 8
339 434 13
434 481 11
25 434 11
277 435 12
354 435 8
46 435 12
230 435 12
76 435 12
412 435 8
236 435 12
18 435 11
399 435 13
273 435 10
403 436 10
39 436 8
273 436 13
82 436 10
115 436 11
320 436 10
10 436 12
230 436 9
256 436 9
193 437 12
209 437 10
33 437 10
9 437 11
220 437 12
162 437 14
257 437 10
81 437 13
383 437 15
270 438 14
335 438 9
438 491 11
438 466 10
432 438 9
419 438 7
281 438 13
255 438 12
401 438 11
299 438 7
310 438 9
104 439 10
127 439 10
67 439 10
402 439 11
193 439 5
122 439 12
73 439 10
297 439 10
269 439 9
112 439 11
59 440 13
58 440 7
162 440 11
236 440 8
233 440 8
424 440 7
440 457 11
56 440 9
371 440 9
379 441 11
232 441 13
204 441 14
123 441 10
441 483 12
258 441 12
441 470 15
441 485 10
312 441 12
441 494 10
357 442 12
442 487 11
426 442 13
2 442 10
49 442 12
202 442 9
46 442 12
218 442 12
330 442 10
177 442 8
428 442 10
128 443 10
274 443 12
66 443 10
240 443 10
323 443 11
198 443 12
399 443 7
413 443 9
443 451 10
169 443 8
302 443 11
275 444 12
444 460 5
254 444 9
286 444 11
73 444 13
188 444 9
362 444 12
48 444 12
5 444 12
353 444 7
162 444 8
100 444 13
8 445 11
256 445 12
293 445 8
445 491 10
179 445 9
141 445 7
119 445 9
51 445 9
182 445 17
446 448 11
198 446 14
334 446 12
71 446 9
49 446 11
446 453 13
446 478 10
446 481 12
53 447 11
5 447 12
447 481 16
156 447 9
183 447 13
81 447 11
35 447 9
447 449 11
178 447 9
381 447 10
188 447 6
398 448 7
18 448 9
240 448 11
357 448 14
124 448 11
400 448 11
3 448 9
264 448 12
304 448 6
172 448 8
277 449 11
124 449 5
129 449 8
428 449 13
303 449 8
82 449 12
171 449 10
288 449 11
386 449 9
273 449 11
150 449 11
3 450 11
450 466 7
168 450 11
12 450 12
119 450 9
274 450 10
73 450 6
37 450 10
89 451 10
88 451 11
114 451 10
311 451 13
40 451 10
275 451 11
337 451 11
377 451 13
398 452 10
50 452 10
329 452 12
75 452 10
52 452 7
118 452 10
276 452 7
263 452 12
172 452 8
80 452 10
82 453 12
218 453 12
355 453 9
164 453 9
419 453 12
220 453 11
401 453 10
79 453 10
189 453 12
63 453 10
106 454 9
363 454 11
205 454 7
454 476 11
30 454 11
60 454 9
49 454 8
454 496 11
454 498 11
277 454 13
378 455 12
455 458 11
83 455 8
455 468 14
370 455 12
252 455 10
388 455 8
434 455 7
152 455 11
1 455 10
123 455 11
152 456 8
94 456 8
185 456 7
187 456 13
191 456 13
22 456 10
374 456 7
456 484 12
16 456 14
456 498 12
222 457 10
299 457 11
348 457 15
409 457 11
135 457 13
394 457 11
323 457 13
338 457 10
177 457 11
115 458 9
271 458 10
231 458 9
165 458 11
65 458 9
47 458 8
195 458 11
56 458 10
82 458 8
438 458 11
221 459 10
454 459 12
322 459 7
459 473 9
239 459 11
263 459 14
206 459 6
255 459 8
1 459 10
133 460 11
92 460 12
5 460 11
450 460 6
460 488 9
210 460 11
347 460 12
131 460 11
460 471 11
38 461 13
191 461 14
188 461 12
283 461 12
461 478 11
362 461 10
41 461 11
272 461 13
461 475 8
8 461 16
462 486 8
299 462 13
133 462 10
207 462 10
383 462 14
24 462 11
247 462 12
359 462 10
440 462 11
193 463 8
323 463 9
228 463 10
338 463 7
231 463 13
70 463 9
195 463 12
119 463 14
237 463 8
8 464 10
90 464 11
79 464 9
302 464 7
324 464 12
464 496 11
434 464 12
369 464 13
76 464 11
370 464 11
138 465 9
465 495 8
266 465 10
112 465 8
66 465 13
3 465 13
241 465 7
158 465 10
245 465 9
201 465 12
352 466 8
1 466 14
265 466 13
0 466 12
227 466 10
193 466 12
348 466 11
466 488 13
316 466 12
403 466 8
8 466 12
58 467 10
193 467 11
114 467 11
467 485 8
453 467 6
53 467 13
345 467 10
284 467 8
291 467 10
274 467 9
115 468 10
236 468 14
240 468 12
375 468 9
396 468 12
247 468 11
48 468 14
339 468 14
41 468 7
230 468 11
306 469 9
305 469 8
16 469 8
278 469 12
123 469 10
164 469 15
309 469 10
400 469 9
265 469 13
326 469 11
10 469 12
347 470 13
149 470 12
68 470 11
335 470 8
210 470 9
100 470 8
202 470 10
469 470 10
221 470 9
136 471 8
86 471 9
471 498 11
49 471 10
420 471 8
52 471 9
388 471 9
320 471 7
471 485 10
277 472 10
131 472 13
104 472 13
361 472 11
352 472 10
118 472 11
108 472 9
413 472 11
186 472 14
360 472 10
6 472 12
44 472 11
28 473 10
471 473 8
362 473 7
56 473 11
473 497 13
30 473 10
195 473 13
473 494 12
445 473 12
123 474 11
474 496 11
421 474 11
104 474 10
474 492 12
435 474 12
94 474 13
13 474 11
418 474 12
43 475 12
209 475 11
36 475 14
343 475 8
371 475 9
91 475 11
473 475 11
112 475 10
410 476 6
357 476 10
223 476 8
412 476 11
144 476 10
68 476 10
172 476 9
38 476 9
202 477 10
448 477 9
242 477 10
293 477 10
446 477 10
380 477 9
299 477 9
305 477 13
143 477 11
16 477 9
381 478 14
17 478 8
399 478 12
397 478 6
287 478 10
227 478 14
276 478 13
59 478 12
108 478 6
478 497 11
238 479 15
55 479 13
24 479 9
377 479 10
232 479 7
142 479 10
362 479 9
479 497 11
70 479 9
69 479 11
144 480 10
177 480 10
107 480 9
116 480 10
120 480 9
193 480 12
152 480 11
474 480 12
447 480 11
433 481 10
440 481 11
265 481 12
40 481 12
445 481 9
90 481 10
41 481 11
161 481 10
85 481 4
426 481 11
437 482 14
174 482 13
77 482 10
120 482 9
127 482 10
18 482 10
467 482 14
233 482 12
139 482 6
414 482 13
415 482 12
124 483 11
418 483 10
424 483 11
152 483 9
280 483 12
26 483 8
153 483 7
287 483 5
432 483 14
116 483 12
81 484 14
43 484 8
358 484 14
140 484 8
301 484 13
388 484 14
415 484 9
118 484 13
421 484 9
306 484 11
481 484 13
379 485 8
145 485 9
82 485 12
233 485 9
485 490 12
130 485 8
99 485 12
279 485 13
309 485 13
475 485 7
53 485 8
41 486 11
439 486 13
213 486 10
384 486 11
292 486 10
486 493 9
34 486 15
344 486 10
340 486 11
97 486 10
313 486 12
32 486 11
97 487 11
204 487 15
70 487 14
238 487 12
376 487 11
474 487 11
249 487 11
452 487 9
183 487 8
228 487 10
484 487 7
335 488 10
385 488 12
288 488 13
452 488 9
372 488 14
175 488 10
42 488 13
167 488 10
183 488 8
388 488 9
259 489 7
310 489 11
323 489 11
127 489 10
424 489 7
362 489 10
194 489 9
24 490 11
417 490 11
237 490 11
333 490 11
145 490 9
334 490 11
9 490 11
468 490 9
105 490 13
441 491 10
3 491 8
450 491 9
92 491 12
209 491 10
433 491 11
19 491 11
138 491 9
333 491 14
186 491 10
457 491 8
405 492 9
492 493 11
27 492 14
290 492 13
377 492 9
442 492 7
141 492 11
109 492 10
446 492 10
252 492 9
185 493 12
112 493 14
401 493 11
309 493 11
6 493 13
315 493 10
65 493 11
180 493 12
130 493 11
288 493 9
26 494 9
238 494 9
244 494 14
362 494 10
304 494 12
432 494 9
137 494 13
217 494 6
275 495 10
61 495 11
309 495 9
274 495 13
65 495 10
197 495 14
82 495 11
264 495 8
87 495 9
60 495 10
357 495 9
187 496 11
257 496 10
23 496 10
312 496 9
406 496 9
43 496 9
177 496 8
410 496 10
55 496 9
57 496 8
336 496 11
413 496 9
308 497 9
404 497 7
183 497 10
132 497 10
244 497 10
253 497 9
296 497 11
220 497 11
209 497 12
194 497 11
275 498 8
20 498 8
337 498 12
263 498 10
495 498 12
326 498 8
46 498 15
223 498 7
383 498 9
195 498 7
352 498 12
495 499 12
468 499 11
148 499 12
168 499 13
497 499 12
240 499 10
454 499 14
371 499 9
117 499 7
15 499 12
