500
0
3
1
2
9
8
10
6
6
5
4
8
1
6
2
7
7
1
8
8
3
3
2
7
9
10
5
9
4
1
5
9
9
5
2
5
2
10
9
2
9
6
5
2
3
3
3
9
1
6
7
2
1
3
1
2
7
2
2
1
1
3
4
9
7
3
2
5
4
6
3
8
3
8
9
10
9
6
5
10
4
8
5
7
7
4
9
7
5
3
9
10
5
1
8
6
5
4
1
8
5
7
5
2
2
6
3
6
9
5
9
7
5
5
4
2
6
2
1
4
9
6
8
2
3
6
6
9
1
8
3
8
2
9
7
9
8
10
2
8
7
9
2
3
8
9
1
7
4
7
6
6
1
9
4
3
6
6
3
5
4
6
7
9
5
5
8
1
9
5
9
1
6
1
5
2
9
4
9
7
8
4
6
5
4
6
9
10
4
6
2
1
7
9
4
4
3
4
4
6
4
6
8
7
2
4
5
9
5
4
7
9
9
1
4
7
6
8
2
5
10
2
2
4
3
9
10
2
5
5
6
5
3
4
2
9
2
1
6
2
8
8
4
10
8
9
9
2
5
6
6
3
9
7
5
6
4
5
2
4
1
10
8
5
8
5
2
5
7
9
3
8
8
6
6
3
6
3
5
2
5
7
10
7
7
8
8
1
9
7
8
6
3
7
5
2
9
1
2
7
5
4
3
1
5
3
10
8
9
2
8
7
9
5
5
10
3
3
5
7
10
5
8
3
9
4
8
6
7
2
10
9
2
4
6
6
4
7
3
6
8
5
4
2
6
4
1
2
3
10
4
2
4
8
5
4
1
5
7
6
8
9
9
5
7
4
8
6
9
10
4
6
7
6
8
8
7
1
6
4
5
2
4
5
5
6
3
3
5
7
4
2
4
8
8
5
5
8
9
7
9
8
8
2
5
4
1
8
2
9
7
1
2
3
6
2
1
1
9
3
4
7
3
5
5
2
3
3
4
8
10
7
5
5
5
7
7
3
2
4
9
8
9
3
3
1
2
7
1
8
8
4
3
9
2
10
7
5
7
7
1
4
9
2
2
1
6
3
7
3
8
6
2
2
8
9
9
4
5
10
7
4
5
7
10
9
8
1
9
2
1
8
10
9
5
9
8
9
4
9
0 275 13
0 98 13
0 72 6
0 144 11
0 9 12
1 303 11
2 480 7
2 321 10
2 50 10
3 359 11
3 136 11
3 356 10
4 83 13
4 246 13
4 13 12
4 220 8
4 71 6
5 233 10
5 331 12
6 54 10
6 164 8
6 109 13
7 75 11
7 206 12
7 142 12
8 423 12
8 56 10
9 100 10
9 455 10
10 21 13
10 145 12
11 89 7
11 247 9
11 204 11
11 494 12
12 402 10
12 474 11
12 357 7
13 86 8
14 472 9
9 14 7
14 442 12
15 331 10
15 120 14
16 165 12
16 313 8
16 287 11
17 66 10
17 287 7
17 289 14
18 111 9
18 347 11
18 441 15
16 19 13
19 460 14
19 467 11
20 139 11
20 153 9
21 323 11
21 416 10
21 224 11
21 255 9
22 479 11
22 455 10
22 354 11
22 467 9
23 427 11
23 28 10
23 411 12
23 200 9
23 264 15
24 141 9
25 87 9
4 25 10
25 171 10
26 274 12
0 26 9
26 450 9
26 402 7
26 425 9
27 190 16
27 42 11
27 278 9
27 232 8
28 177 8
28 229 10
29 363 11
29 186 12
29 247 8
30 463 10
30 420 11
30 43 13
30 291 11
30 498 7
31 86 10
30 31 13
31 47 11
32 494 11
23 32 9
32 286 12
33 70 10
33 249 11
34 211 11
34 67 7
34 249 8
35 483 10
36 460 10
9 36 10
36 87 12
37 74 13
37 294 10
37 304 10
38 62 10
38 320 13
38 411 11
38 464 9
39 213 9
39 396 12
39 437 11
31 40 8
40 115 11
40 348 10
41 295 8
41 240 12
41 187 10
42 188 11
42 86 11
42 274 14
43 299 11
43 344 14
31 43 13
44 267 12
38 44 11
18 44 10
45 434 5
45 293 12
45 499 11
45 307 6
46 291 6
47 97 14
47 132 13
47 297 12
32 48 10
48 140 10
44 48 6
49 159 10
49 86 12
49 418 10
49 473 7
50 380 6
51 446 10
51 180 11
51 194 10
51 195 12
52 93 13
52 256 11
52 441 12
52 353 9
27 53 13
53 113 9
53 55 9
42 54 13
54 438 12
55 77 7
55 441 12
56 80 11
56 134 8
56 277 10
14 56 7
30 57 8
57 67 11
3 57 9
58 67 10
58 330 9
58 170 12
28 58 9
40 59 4
59 190 11
59 196 13
60 241 10
60 412 8
60 394 14
61 357 11
26 61 9
61 471 11
62 286 12
62 291 10
63 142 10
63 224 13
63 495 13
64 144 9
64 220 15
64 216 6
24 65 11
65 84 10
65 364 12
66 126 9
66 163 12
66 244 12
67 287 14
67 75 12
23 67 8
16 68 9
68 160 9
68 466 12
69 110 10
69 140 11
69 302 9
70 358 13
70 466 10
71 198 10
71 408 15
71 96 13
71 265 12
72 141 12
72 449 9
72 329 10
73 188 10
73 491 11
25 73 10
73 469 13
74 317 12
60 74 7
74 397 10
75 238 10
75 377 9
76 355 12
76 320 13
75 76 8
77 195 11
41 77 9
77 468 9
77 100 12
77 119 11
78 262 13
78 158 11
66 78 10
78 221 11
78 398 10
79 240 11
80 232 9
4 80 10
80 211 10
81 228 9
81 411 15
81 196 12
81 86 10
82 154 11
82 473 13
82 215 9
83 301 9
83 431 12
83 322 9
84 319 10
84 404 8
60 84 13
70 84 10
85 479 11
85 103 7
85 152 9
86 116 9
86 340 12
86 137 11
86 344 8
87 127 15
87 352 7
87 272 12
88 296 10
88 349 10
43 88 6
89 491 8
89 369 11
89 248 10
90 266 10
90 302 7
90 93 11
90 413 14
80 90 9
91 221 10
91 110 14
91 103 11
91 489 10
92 180 10
92 177 8
21 92 10
93 407 7
93 122 12
93 182 9
94 176 14
94 325 9
83 94 7
94 417 10
32 95 12
74 95 10
96 186 10
96 124 10
96 363 12
97 332 13
97 290 10
97 125 14
74 97 13
97 228 9
98 262 10
98 351 7
98 139 8
98 416 9
99 186 11
99 343 8
99 292 7
99 294 8
69 100 13
101 118 10
71 101 8
101 108 9
4 102 7
102 405 10
102 479 14
103 266 11
42 103 7
103 223 11
104 173 8
104 251 10
104 355 12
104 412 10
105 268 13
105 152 11
60 105 8
105 431 11
106 326 10
106 464 11
106 269 13
21 106 11
107 466 9
107 271 11
107 326 11
108 426 15
108 163 12
74 108 8
109 360 10
109 326 9
110 421 10
110 275 11
111 180 12
111 195 10
111 419 8
78 111 12
73 112 10
112 361 8
112 462 10
113 197 11
11 113 11
113 206 10
114 341 9
111 114 12
47 114 8
114 308 9
115 120 13
115 469 10
60 115 13
115 405 8
115 487 8
116 199 10
116 401 10
117 162 10
117 410 11
117 434 11
117 342 11
118 184 12
85 118 8
118 430 7
119 179 5
93 119 10
120 463 15
120 450 8
120 340 10
121 490 11
90 121 12
121 479 14
121 277 15
121 141 10
122 486 12
122 393 10
122 496 7
122 368 12
34 123 8
123 435 16
123 252 13
124 204 8
124 141 11
124 309 13
124 292 5
125 491 10
125 237 14
25 125 12
125 353 12
126 328 10
19 126 11
126 246 13
84 127 7
127 237 10
128 322 9
128 354 11
129 446 12
129 480 9
129 318 7
129 426 13
130 157 11
130 274 8
130 427 9
130 313 12
131 456 10
131 387 10
131 298 11
131 335 12
124 132 7
132 384 13
66 132 10
133 450 9
133 243 10
118 134 9
134 357 10
134 318 11
134 211 9
135 381 12
135 268 11
43 135 7
135 413 12
136 335 12
136 331 14
136 159 10
136 182 6
137 247 12
137 237 12
137 391 5
127 138 15
138 176 11
139 299 15
81 139 11
140 316 12
141 339 9
141 470 14
142 148 11
130 142 11
142 387 14
143 187 13
143 398 16
69 143 7
143 368 12
75 144 12
144 148 9
20 145 10
145 461 17
145 442 6
146 456 10
142 146 11
80 146 11
147 381 14
147 311 11
147 247 11
147 214 11
148 346 10
58 148 12
148 468 11
149 299 7
149 359 9
149 198 14
86 150 10
5 150 9
150 360 8
21 151 11
151 499 12
152 372 15
152 277 12
152 313 9
152 456 14
61 153 10
131 153 9
154 193 13
154 295 8
155 476 9
152 155 9
155 348 14
156 248 12
141 156 10
156 225 11
156 262 8
157 341 9
1 157 14
158 206 6
158 233 6
79 158 15
5 159 11
159 195 9
159 186 10
159 347 11
95 160 9
106 160 9
160 412 9
140 160 14
135 160 11
31 161 10
161 291 9
161 490 8
162 203 10
73 162 12
106 162 14
163 339 11
163 492 12
163 199 8
164 231 11
164 479 13
164 313 9
165 435 13
165 252 13
165 375 11
9 166 11
95 166 11
166 181 11
166 361 10
98 167 12
167 232 10
167 211 10
168 289 10
104 169 10
169 240 10
169 430 10
170 370 11
149 171 14
171 362 12
146 172 12
172 336 8
89 172 10
75 173 11
173 439 14
84 173 11
99 174 14
174 310 13
175 377 12
40 175 13
91 176 13
176 492 10
35 176 7
177 187 10
177 388 11
177 240 11
178 205 7
178 354 12
178 228 14
157 179 8
108 179 13
179 494 11
180 202 7
180 362 12
180 221 7
35 180 8
98 181 9
181 267 9
182 193 10
182 255 11
182 332 14
53 183 11
72 183 13
183 312 8
86 184 10
184 273 10
58 184 10
185 415 8
185 388 8
185 345 10
185 448 7
85 186 12
186 460 7
47 187 8
159 187 8
93 187 10
188 203 10
13 188 11
8 188 12
188 356 7
188 231 11
189 272 14
171 189 10
100 189 9
43 190 11
190 444 13
190 258 10
191 366 9
191 474 8
76 191 12
191 346 13
192 461 8
192 261 9
192 409 8
193 197 10
193 376 9
104 193 9
194 484 10
25 194 12
187 194 10
38 195 9
195 408 6
196 452 12
196 239 14
196 237 12
104 196 10
38 196 13
197 364 10
5 197 11
80 197 8
197 415 9
197 198 10
159 198 9
169 198 13
199 489 9
199 495 6
199 346 12
200 485 12
200 293 12
171 200 11
201 270 11
201 328 6
202 476 13
202 312 9
144 202 9
129 203 9
203 227 13
203 406 8
203 304 9
73 204 12
204 412 9
204 265 9
205 410 8
205 499 10
159 205 12
10 206 11
206 361 8
206 426 8
80 207 11
48 207 14
207 454 10
136 208 10
20 208 10
209 315 10
70 209 14
209 222 7
20 209 7
210 379 9
210 242 12
210 265 12
211 416 10
211 338 12
211 463 11
128 212 10
21 212 12
173 212 15
212 273 8
88 213 10
213 469 11
213 389 8
214 332 11
14 214 9
215 264 9
170 215 10
215 491 8
215 240 12
216 399 12
216 425 9
112 216 11
217 228 8
78 218 9
163 218 7
177 219 11
112 219 8
127 219 9
115 220 14
220 398 10
221 422 13
221 430 11
221 323 13
195 222 13
222 467 13
208 222 10
68 222 15
222 428 10
222 260 12
30 223 10
223 368 8
224 258 12
224 356 13
224 228 10
203 224 11
225 456 10
225 395 9
23 225 10
225 476 12
83 226 11
48 226 9
227 228 7
147 227 9
65 227 10
227 258 10
228 426 12
228 400 11
174 228 9
229 432 10
230 354 10
8 230 14
231 425 11
206 231 10
2 231 7
231 421 11
209 231 10
139 232 13
232 352 10
232 327 11
120 233 11
175 233 10
33 233 13
234 446 10
91 234 11
228 234 10
36 235 11
235 345 13
119 235 10
179 236 10
141 236 12
47 237 12
189 237 12
72 238 13
106 238 10
239 329 8
239 403 6
148 239 10
240 469 11
240 341 11
240 285 13
86 240 10
240 470 8
241 265 14
241 245 7
242 270 10
242 445 12
124 242 12
143 242 9
133 242 11
243 317 10
243 497 11
243 302 10
244 281 9
244 416 9
45 244 11
244 361 11
224 245 7
230 245 9
246 446 10
246 363 10
81 246 9
246 468 11
86 247 13
248 496 11
191 248 11
169 248 11
172 248 12
249 490 9
249 499 9
245 249 11
250 271 11
250 418 12
250 283 11
233 250 14
251 421 9
143 251 12
251 488 8
246 251 7
76 252 12
252 292 13
252 387 7
253 432 11
253 466 9
253 470 12
254 475 12
112 255 11
54 255 14
256 318 9
15 256 12
55 256 10
256 371 10
257 461 11
70 257 12
144 257 8
159 258 13
56 258 8
242 258 12
230 258 9
45 259 8
259 295 8
31 259 10
240 260 9
260 349 13
260 284 8
164 261 10
105 261 14
176 261 10
252 261 12
262 350 11
227 263 11
100 263 13
263 329 11
140 263 13
264 440 9
265 439 13
265 465 14
266 296 14
266 477 9
73 266 14
236 266 7
102 266 11
267 482 12
140 267 9
267 409 11
32 268 11
268 446 8
269 458 10
125 269 9
174 270 8
270 475 10
182 271 12
271 317 7
271 424 15
53 271 10
52 272 12
102 272 13
257 272 12
33 273 7
174 273 13
273 330 12
182 274 10
274 489 10
274 362 11
275 309 10
275 314 8
275 330 7
27 275 11
215 276 10
276 474 11
276 482 9
242 276 7
90 277 9
175 277 13
277 348 9
220 277 12
278 454 12
278 283 12
211 278 10
249 279 13
198 279 7
279 376 13
280 426 11
263 280 8
73 280 10
186 280 6
115 281 11
218 281 11
282 477 9
245 282 12
173 282 12
283 375 11
237 283 16
26 283 11
283 382 12
284 343 12
188 284 10
284 400 11
285 291 8
33 285 14
285 374 10
285 417 10
286 491 12
233 286 10
286 315 14
287 344 11
287 426 8
287 484 9
287 406 10
288 386 11
123 288 11
260 288 12
276 289 13
289 472 10
247 289 9
140 290 15
137 290 7
290 460 13
171 291 8
33 291 8
291 371 8
291 323 9
292 436 8
292 305 10
260 292 10
136 293 11
293 449 11
230 293 9
293 446 12
226 294 13
294 469 7
5 295 11
295 352 11
80 296 14
20 296 10
296 405 10
167 296 13
20 297 12
297 494 15
298 404 10
146 298 11
298 343 9
203 298 14
207 299 14
58 299 11
300 410 9
180 300 12
55 300 10
301 369 12
221 301 7
146 301 10
118 301 12
135 301 8
302 485 10
26 302 9
302 417 12
299 303 11
191 303 15
69 304 11
98 304 11
304 414 8
269 305 11
222 305 9
130 305 15
64 305 6
306 460 8
306 318 8
306 324 8
291 306 10
116 306 11
217 307 14
307 399 11
277 307 12
281 308 11
280 308 10
308 356 11
308 436 13
306 309 11
168 309 14
91 309 12
76 310 10
20 311 15
264 311 11
214 311 9
312 478 9
188 312 9
312 446 10
313 335 8
313 478 8
311 313 12
314 392 12
211 314 9
79 314 12
144 315 10
315 490 10
315 479 11
307 316 8
201 316 9
255 316 11
179 316 11
242 317 10
172 317 10
318 335 10
318 376 7
222 319 10
319 420 10
147 319 8
320 475 12
241 320 10
250 320 12
231 321 9
321 327 10
321 392 14
73 322 12
266 322 13
292 322 11
323 374 12
323 482 10
78 324 10
324 467 12
71 324 10
325 484 13
259 325 13
166 325 11
180 326 9
326 395 11
228 326 8
326 393 12
77 327 11
327 471 12
80 327 11
288 327 10
328 401 11
199 328 6
184 328 10
329 428 7
246 330 13
330 485 8
4 330 9
238 331 10
240 331 9
316 331 9
73 331 12
149 332 12
219 333 8
333 488 7
134 334 11
334 358 11
312 335 11
176 335 11
336 467 10
59 336 11
10 336 11
290 337 14
337 360 11
337 455 12
338 347 13
339 381 12
143 340 10
147 340 14
340 422 13
341 412 12
327 341 10
342 343 10
199 342 11
342 459 12
138 343 11
283 343 12
250 343 12
299 344 7
92 344 10
342 344 10
282 344 10
143 345 9
228 345 10
345 346 11
9 346 9
158 346 10
99 347 13
316 347 6
37 347 12
228 348 8
240 348 10
53 348 6
230 349 7
349 380 9
349 431 12
350 426 12
130 350 9
351 479 16
70 351 8
146 352 10
259 352 13
84 352 10
352 414 12
298 353 12
353 492 11
178 353 9
291 354 8
232 354 8
43 354 10
355 384 12
355 487 8
1 355 8
237 355 13
5 356 11
147 356 10
12 356 14
357 420 12
357 459 12
151 357 8
358 382 10
358 384 11
358 379 13
49 359 9
143 359 14
359 446 9
139 359 10
339 360 11
360 369 13
194 360 10
361 435 11
361 379 7
286 361 12
287 362 12
3 363 8
261 363 12
190 363 11
185 364 14
1 364 11
273 364 13
250 365 9
57 365 10
51 365 6
100 365 11
192 366 9
301 366 8
179 367 11
209 367 11
367 395 8
368 422 8
101 368 11
351 368 11
208 368 14
368 390 10
121 369 11
141 369 15
369 476 8
133 370 9
41 370 9
78 370 11
321 371 8
5 371 10
122 371 9
329 372 11
62 372 7
81 372 10
87 372 11
373 449 13
60 373 8
187 374 12
68 374 12
157 374 9
375 404 11
219 375 9
48 375 14
372 376 10
376 437 13
87 376 10
345 377 11
114 377 11
141 377 10
239 378 11
378 400 10
337 378 9
24 378 11
143 379 12
333 379 11
130 379 11
331 380 13
33 380 11
363 380 14
352 380 10
381 390 10
381 394 8
9 381 9
2 381 7
78 382 12
382 467 10
382 465 14
383 480 13
77 383 11
101 383 11
97 383 8
77 384 5
384 398 8
165 385 12
153 385 10
353 385 11
101 385 11
386 499 11
386 450 14
298 387 10
15 387 10
121 388 8
388 408 8
388 469 10
148 389 6
214 390 10
390 395 10
22 391 9
375 391 10
107 391 11
364 392 11
127 392 13
41 393 8
163 394 12
145 394 10
394 430 8
394 429 11
382 395 12
111 395 11
135 395 9
396 494 15
29 396 9
396 405 11
396 430 8
343 397 11
398 426 14
398 400 13
57 398 11
135 398 13
398 474 11
219 399 9
84 399 12
261 400 8
118 400 5
219 400 13
334 401 13
87 401 6
250 401 9
402 409 11
301 402 9
402 458 13
165 402 9
212 403 8
0 403 10
403 460 10
115 404 12
154 404 10
337 405 10
381 406 10
406 453 8
407 479 13
320 407 8
322 407 7
86 407 9
197 407 9
393 408 12
396 408 12
140 408 9
408 416 8
157 409 12
243 409 13
254 409 10
66 409 6
410 456 11
162 410 11
371 410 12
375 411 9
41 411 12
412 426 14
412 487 10
412 424 7
412 413 11
334 413 9
414 438 13
166 414 9
25 415 9
169 415 14
290 415 10
411 416 11
243 416 8
255 416 10
110 416 11
417 485 11
346 417 10
417 449 9
107 418 12
167 418 11
418 479 9
329 419 11
419 489 6
408 419 14
377 420 9
219 420 8
384 420 13
15 420 7
10 420 9
152 420 9
85 421 9
203 422 13
310 422 13
225 422 13
185 423 9
319 423 12
424 456 12
66 424 11
334 425 10
410 425 9
425 437 10
362 426 9
53 426 11
132 426 12
371 427 12
386 427 9
427 494 10
415 428 9
323 428 10
30 428 8
37 429 11
374 429 11
140 429 14
208 429 9
177 429 8
430 479 9
360 430 15
426 430 10
431 481 14
431 486 12
160 431 9
394 431 10
432 478 13
342 432 11
413 432 11
222 432 13
72 433 8
120 433 13
433 449 11
271 433 6
383 434 10
191 434 12
400 434 14
237 435 9
32 435 10
266 436 10
25 436 9
288 436 12
184 437 11
44 437 10
249 437 6
369 438 13
410 438 11
203 438 10
245 438 11
176 439 10
397 439 12
353 439 9
402 439 13
296 440 12
368 440 13
107 441 13
34 441 13
171 442 8
250 442 10
442 465 12
81 443 13
438 444 11
437 444 9
412 444 13
111 444 11
444 477 8
269 445 10
423 445 10
410 445 9
19 445 10
436 446 11
376 446 9
68 446 10
444 446 11
252 447 13
168 447 7
8 447 10
192 447 10
64 447 11
268 448 11
423 448 13
188 449 11
168 449 11
274 449 11
181 450 15
356 450 15
56 450 13
300 451 10
398 451 13
238 452 9
377 452 11
328 453 7
195 453 11
114 454 15
2 454 13
198 454 7
345 454 11
308 455 13
372 455 9
332 456 10
405 456 7
54 457 9
25 457 9
276 458 10
51 458 11
46 458 10
398 458 9
344 458 13
153 459 11
254 459 11
57 460 16
347 461 8
285 462 13
173 462 8
141 462 9
244 463 10
463 477 11
314 463 14
312 464 11
396 464 10
262 464 10
332 465 12
256 465 16
314 466 10
394 466 9
466 498 9
151 467 13
49 467 6
211 467 7
385 468 11
256 468 10
233 469 12
9 469 9
429 469 8
345 470 11
135 470 10
448 470 9
125 470 12
43 471 10
323 471 15
74 471 8
376 472 7
223 472 11
95 472 9
338 473 11
136 473 13
333 473 10
474 482 10
461 474 12
228 474 9
174 474 12
266 474 9
446 475 12
433 475 11
171 475 6
428 475 12
273 476 15
144 477 12
231 477 9
147 477 10
193 477 7
205 478 10
177 478 9
327 478 10
37 479 8
32 479 7
385 480 12
26 480 12
294 480 10
118 481 12
172 482 9
482 492 12
44 482 11
354 483 4
263 484 10
468 484 7
244 484 9
22 485 8
172 485 9
376 485 11
390 485 13
275 486 12
295 486 11
458 486 7
311 487 9
444 487 10
452 487 13
471 487 10
410 488 10
155 488 6
268 489 9
52 489 14
445 489 11
144 489 13
285 490 12
120 490 8
351 491 13
341 491 13
271 491 12
268 491 5
28 491 9
259 492 10
323 492 10
360 493 11
21 493 10
400 493 10
242 493 12
106 494 10
445 495 10
79 495 12
200 495 14
351 496 13
196 496 10
473 496 10
135 497 12
225 497 9
186 497 11
423 497 11
131 498 12
199 498 12
331 498 13
234 499 8
212 499 12
