500
0
6
5
8
6
8
10
1
2
7
5
2
3
6
3
9
2
5
3
4
8
3
7
9
5
2
4
4
2
5
8
6
10
7
4
5
8
5
7
10
9
3
1
5
9
5
10
7
10
2
7
1
5
2
4
7
9
5
2
9
9
7
9
7
6
4
2
7
4
6
6
8
4
7
6
4
7
8
8
8
3
7
5
2
3
6
7
7
3
7
2
4
7
1
1
9
2
6
6
9
9
5
4
3
8
3
2
8
4
5
4
3
5
5
2
7
5
8
5
8
6
9
5
1
4
7
4
3
5
6
7
2
7
1
10
7
2
2
4
3
8
9
6
6
5
6
7
10
3
10
4
3
4
8
10
5
9
2
3
1
5
7
10
6
9
5
8
6
4
5
5
9
10
10
1
10
4
8
8
6
8
10
5
7
7
9
3
5
8
3
4
5
7
2
2
10
3
2
6
8
6
4
6
3
4
2
4
10
8
9
3
8
3
2
9
5
5
4
3
4
3
6
1
3
6
9
5
10
7
2
8
6
6
6
1
9
4
10
4
1
8
2
1
7
4
1
6
8
4
10
2
2
7
5
3
4
8
3
7
9
8
7
7
3
4
4
6
5
5
9
5
2
3
8
1
4
8
6
9
6
8
2
10
2
3
1
5
5
10
1
7
2
10
9
1
7
7
5
2
3
2
2
7
1
8
5
2
4
9
5
6
3
1
3
9
10
2
7
8
8
2
8
4
7
7
3
9
6
9
6
9
2
7
2
4
4
7
6
4
5
8
1
5
3
2
10
8
8
5
4
8
2
5
4
8
7
7
4
7
8
5
9
5
4
7
2
4
7
2
9
9
7
4
6
9
8
2
8
5
7
10
4
1
7
7
8
9
8
2
7
1
2
4
7
7
6
5
6
1
9
5
2
3
2
5
7
5
3
10
6
4
2
4
4
10
3
9
9
5
4
3
7
2
9
5
3
5
1
5
9
5
4
9
7
2
5
8
1
6
7
4
9
7
10
8
2
5
9
8
6
2
5
10
8
7
3
6
8
6
8
4
5
1
10
8
7
7
8
1
2
5
2
4
6
5
9
6
9
4
2
6
8
3
5
3
6
9
3
1
6
6
7
5
6
8
3
5
7
10
4
0 39 12
0 244 15
0 13 9
0 184 14
0 267 9
0 15 7
1 212 11
1 51 10
1 373 11
1 35 10
1 277 10
2 490 9
2 238 9
2 368 13
2 162 13
2 425 10
2 236 14
3 250 9
3 276 12
3 344 7
3 447 9
4 452 11
4 116 9
4 115 13
4 56 11
4 384 12
5 76 10
5 205 9
5 377 10
5 184 7
5 216 12
5 453 11
5 307 9
6 364 14
6 324 13
6 319 10
6 229 10
6 24 10
6 147 12
6 234 10
7 78 12
7 150 11
7 106 10
7 408 11
7 446 7
8 131 12
8 118 10
8 316 14
8 457 9
8 440 12
9 353 11
9 498 9
9 265 13
9 95 11
9 152 8
9 476 7
10 423 12
10 222 13
9 10 12
10 472 9
10 117 10
11 253 11
11 63 7
11 67 9
11 333 9
12 264 11
12 213 11
12 204 11
12 435 8
12 261 12
12 185 9
13 490 9
13 315 10
13 147 10
13 101 11
13 83 10
13 131 12
14 326 11
14 300 12
14 218 11
15 191 10
15 127 11
15 37 8
15 450 9
15 375 11
16 464 12
16 429 11
16 193 10
16 371 9
16 246 13
17 175 11
17 336 8
17 494 12
17 120 13
17 71 12
17 179 10
18 94 11
18 356 10
18 400 14
18 76 10
19 326 13
19 376 10
19 206 9
19 463 12
19 365 10
20 434 14
20 378 10
20 316 10
20 366 12
20 133 10
21 60 10
21 67 11
21 386 10
21 334 13
21 183 11
21 402 9
22 373 9
22 258 11
22 69 8
23 32 13
23 126 11
23 156 10
23 434 12
23 422 11
24 184 13
24 261 10
24 224 11
24 49 8
24 195 8
24 444 11
24 281 8
25 105 14
25 210 13
25 440 10
14 25 11
25 490 12
26 321 10
4 26 11
26 44 10
26 317 11
26 436 11
27 67 12
27 339 12
20 27 10
27 29 11
27 186 12
27 82 10
26 28 7
0 28 9
28 249 12
28 41 11
28 493 7
29 218 10
29 47 10
29 466 9
29 342 12
30 112 7
30 283 14
30 315 8
30 285 11
30 330 13
30 344 10
31 343 11
31 416 10
31 164 12
31 247 8
31 454 10
31 312 11
32 92 8
32 221 7
32 107 13
32 212 14
32 119 9
32 283 9
33 464 8
33 254 9
33 39 13
33 339 10
33 56 10
34 495 13
34 208 11
34 481 12
34 60 10
34 246 8
35 363 10
35 139 11
35 162 8
35 102 10
35 354 9
35 391 8
36 353 12
36 344 11
36 88 10
36 366 11
36 463 11
37 317 7
37 78 12
37 43 10
37 456 12
37 459 15
37 294 11
5 38 9
38 137 10
38 452 8
39 472 6
39 58 9
39 260 10
39 51 11
39 483 15
40 342 8
40 313 10
40 44 10
40 108 11
41 423 8
41 60 8
41 143 8
41 81 14
42 158 12
42 372 10
42 308 12
42 216 12
43 284 13
43 448 8
43 221 10
43 195 13
34 43 9
7 44 7
44 459 12
44 230 11
44 69 10
44 361 11
45 358 9
33 45 11
45 75 13
45 144 11
45 305 10
45 96 10
46 89 10
46 450 15
46 63 12
46 76 7
46 107 9
47 464 12
47 471 9
47 371 14
47 395 10
47 148 11
47 48 10
17 48 10
48 239 14
48 78 11
48 474 9
49 183 10
49 50 10
14 49 8
49 156 8
3 50 9
50 103 10
50 194 13
50 416 8
50 470 13
50 255 8
50 391 11
51 56 12
14 51 7
51 370 11
51 328 12
51 331 14
52 243 8
52 241 13
52 135 7
52 330 11
52 252 14
53 159 9
53 445 14
53 371 12
22 53 11
53 259 11
54 202 7
54 242 9
46 54 11
54 248 11
55 81 12
44 55 7
55 180 9
55 413 12
56 338 11
56 409 11
56 318 7
56 434 10
28 56 6
44 56 14
57 146 11
57 208 16
57 343 12
57 275 14
57 76 8
58 281 10
58 248 7
58 403 11
58 474 10
58 151 14
58 378 12
59 439 10
59 103 11
59 320 14
59 110 9
59 125 14
60 171 10
60 113 9
60 148 11
60 154 13
60 294 10
61 243 10
61 83 6
61 315 14
61 471 8
61 95 9
62 118 11
62 397 8
62 499 14
62 454 8
62 281 8
63 122 11
63 212 6
63 159 9
50 63 16
64 403 12
64 289 13
64 138 12
64 309 10
18 65 10
65 431 11
65 289 11
65 100 10
66 216 9
66 345 13
66 452 14
66 471 9
66 295 11
67 469 8
67 252 11
67 293 16
67 237 13
38 68 13
68 188 9
68 115 12
28 68 11
35 68 13
68 384 8
69 164 11
69 443 10
69 384 11
69 331 10
69 101 13
69 484 11
69 265 11
70 486 15
70 363 8
70 310 9
70 451 9
70 90 12
71 235 9
2 71 13
71 195 8
71 355 11
71 286 11
71 180 12
72 274 12
72 457 8
72 204 11
72 410 13
7 72 10
73 172 11
73 312 12
3 73 10
73 232 11
73 273 9
73 243 9
74 377 9
74 99 8
74 495 8
74 281 12
25 74 11
75 135 7
75 472 12
75 179 6
25 75 14
32 75 11
76 190 7
76 343 12
76 480 13
76 444 10
76 219 12
77 171 10
72 77 11
77 333 10
77 198 11
78 157 9
54 78 11
78 351 8
78 114 7
78 113 10
79 248 10
79 289 12
79 88 12
79 341 12
79 320 12
68 80 10
80 319 12
80 458 9
59 80 12
80 435 11
77 80 11
81 236 9
81 179 12
81 175 6
81 466 13
63 81 10
82 179 8
82 347 10
82 121 10
82 436 9
54 83 10
83 442 9
83 180 9
83 199 8
83 194 7
83 246 13
11 84 10
84 489 7
84 223 15
84 135 16
16 84 12
22 85 11
85 268 12
85 310 11
85 145 11
85 227 12
86 499 10
86 280 10
86 146 10
86 258 9
6 86 9
87 123 12
12 87 8
42 87 9
76 87 9
87 408 11
88 411 10
50 88 14
88 224 9
28 88 9
88 428 13
88 263 13
27 89 9
89 309 9
89 479 10
89 191 9
90 206 12
90 159 8
90 280 9
90 188 15
91 325 10
80 91 11
91 278 12
91 129 10
92 357 11
45 92 9
92 288 11
92 117 9
92 197 12
93 441 10
93 305 9
93 134 10
93 114 8
93 397 10
93 174 10
94 102 9
94 194 12
94 490 7
94 210 11
94 190 13
95 442 10
95 400 10
95 352 6
95 283 13
95 169 12
95 115 9
96 246 8
96 194 9
96 270 12
96 356 9
96 368 9
96 276 10
97 227 10
97 101 11
97 142 12
97 299 16
98 383 11
98 357 12
98 399 10
98 134 11
53 98 12
98 448 9
29 99 11
99 408 11
99 247 8
99 438 10
32 99 13
100 439 10
100 458 11
100 302 9
101 435 12
101 293 14
102 355 8
102 190 10
102 234 9
102 459 9
102 453 10
102 346 13
103 482 12
103 327 11
103 306 14
103 241 13
103 296 10
93 103 13
104 148 11
104 321 9
104 363 10
104 406 10
104 156 6
105 167 12
105 252 14
105 144 11
106 480 9
106 177 11
23 106 10
106 287 13
107 301 14
107 237 11
44 107 9
107 220 9
13 108 10
108 467 7
108 235 14
108 270 12
108 320 13
109 135 11
109 476 12
36 109 11
109 429 5
109 188 10
109 470 15
78 110 11
110 477 11
110 427 10
110 465 11
111 330 12
111 470 11
106 111 8
111 185 7
112 454 9
32 112 10
112 390 8
113 332 9
113 172 11
113 155 13
113 117 10
58 114 9
114 464 11
114 292 12
115 364 11
115 228 11
6 115 11
115 426 10
103 115 14
115 186 8
115 275 11
116 136 10
116 440 11
116 478 11
116 388 10
116 295 10
12 116 10
117 295 8
117 410 12
117 464 10
117 218 10
41 118 9
118 283 11
52 118 8
118 389 11
25 119 12
81 119 6
68 119 11
119 259 15
119 289 9
119 372 11
120 403 9
120 395 14
120 356 12
121 374 7
33 121 13
121 485 9
121 237 10
121 280 9
121 350 12
121 221 15
122 431 10
122 198 7
122 488 13
122 334 11
122 357 8
123 470 7
123 300 12
123 460 8
124 264 13
124 256 10
109 124 11
124 161 12
124 160 12
125 156 10
67 125 12
37 125 11
125 499 9
2 126 10
12 126 10
38 126 10
126 243 10
120 126 11
126 287 15
127 249 9
127 430 8
54 127 11
36 128 11
120 128 11
128 480 12
99 128 4
128 264 12
129 435 8
129 306 13
129 365 10
129 324 10
129 275 9
130 393 12
130 161 11
130 194 13
130 238 10
120 131 8
42 131 12
131 485 15
131 384 10
131 340 12
103 131 14
15 132 9
132 209 11
132 455 13
7 132 11
133 262 11
133 484 7
130 133 10
133 416 13
61 134 12
134 405 12
134 413 10
125 134 10
60 134 12
134 362 12
127 134 12
135 165 11
135 251 13
70 135 10
135 250 13
135 145 11
136 191 11
95 136 7
136 337 12
136 351 10
137 375 13
137 279 8
110 137 8
137 173 12
138 157 11
138 418 9
138 484 16
138 353 10
90 139 10
139 416 9
16 139 12
31 139 13
139 380 13
39 139 8
48 140 10
139 140 10
140 153 12
70 140 12
119 140 9
141 493 13
141 304 13
141 327 8
141 217 10
46 141 10
142 358 13
22 142 6
142 432 10
142 244 8
55 142 10
122 143 10
143 290 8
143 346 14
144 403 10
144 455 10
91 144 13
144 457 12
144 217 9
32 145 10
145 322 11
145 413 7
145 163 12
146 263 9
42 146 7
146 262 7
1 146 9
147 196 11
95 147 7
147 439 13
147 317 11
72 147 10
147 422 11
109 148 11
79 148 9
148 417 13
148 159 12
148 304 13
148 432 10
149 244 5
149 318 10
132 149 14
149 278 11
149 259 10
59 150 9
150 309 12
150 437 8
150 277 10
79 150 10
63 150 14
151 388 11
151 442 11
151 203 10
151 362 9
135 151 13
23 152 10
148 152 11
152 187 13
152 450 13
152 197 13
121 152 5
153 298 14
153 415 10
60 153 11
28 153 10
153 426 9
153 396 12
154 227 7
154 396 8
154 171 7
102 154 10
154 157 7
154 444 9
155 320 12
29 155 9
155 235 15
155 435 9
156 407 8
156 251 11
122 156 11
156 265 10
157 453 9
157 371 13
157 304 13
94 158 9
82 158 9
158 251 12
158 424 13
144 158 10
159 265 9
159 333 8
159 474 11
159 291 12
160 338 8
160 266 11
160 475 13
119 161 9
67 161 9
161 361 10
161 270 8
161 232 10
162 446 9
131 162 10
162 412 11
162 405 8
74 162 11
163 437 7
55 163 8
163 271 12
163 201 14
73 163 11
164 255 11
43 164 15
164 169 11
163 164 12
102 164 11
78 164 8
165 194 12
19 165 11
63 165 11
165 455 12
152 166 13
15 166 11
166 416 10
166 240 9
78 166 11
27 166 10
167 341 14
167 175 11
167 462 9
167 262 14
167 360 11
167 218 8
84 167 8
132 168 11
168 437 6
46 168 10
168 327 10
169 342 9
169 211 11
169 286 11
169 353 12
170 466 10
146 170 11
170 389 11
170 300 12
170 289 6
170 297 15
45 171 11
171 201 13
171 309 11
171 492 11
123 172 10
129 172 10
172 367 12
20 172 10
173 403 11
139 173 7
173 450 12
100 173 9
158 173 13
173 384 6
82 173 8
174 494 11
174 208 6
174 343 11
174 388 11
174 202 10
174 471 10
175 297 12
50 175 15
175 336 11
175 177 12
176 439 10
176 305 9
21 176 16
176 211 11
19 176 11
177 208 12
36 177 12
177 266 9
74 177 10
178 477 14
82 178 11
178 393 11
69 178 9
31 178 10
178 198 11
179 399 10
179 415 14
179 246 11
174 179 9
144 179 11
180 263 12
180 383 10
180 287 10
180 354 13
180 465 13
180 209 10
181 445 7
142 181 6
5 181 13
181 367 11
173 182 14
81 182 14
182 205 11
182 394 9
182 185 10
183 464 10
183 443 11
14 183 13
1 183 10
184 333 8
139 184 10
184 250 12
184 246 12
75 184 9
184 229 10
185 329 12
124 185 10
185 484 14
39 185 12
37 186 15
186 487 13
186 448 8
59 186 10
20 186 12
186 271 11
142 187 13
24 187 10
187 373 12
187 468 9
187 278 10
43 187 12
188 483 9
188 303 10
188 289 6
3 188 11
114 188 15
189 412 9
189 215 13
189 196 11
172 190 11
190 283 12
23 190 12
190 473 10
191 339 10
124 191 13
191 302 12
191 198 14
132 191 10
121 191 8
152 192 10
192 228 13
192 216 8
192 462 11
69 192 10
192 206 13
193 425 11
192 193 12
193 285 10
185 194 9
194 405 12
194 266 12
194 218 7
194 379 9
195 333 13
195 296 13
195 309 9
195 293 12
81 196 9
196 445 8
53 196 12
196 213 11
196 214 13
10 196 11
6 197 10
150 197 11
197 325 5
1 197 7
197 345 14
45 197 9
198 441 13
198 408 10
88 198 11
198 261 11
198 388 12
199 417 10
199 421 9
29 199 10
22 199 9
199 400 10
199 264 9
200 217 14
200 207 8
108 200 11
200 288 10
201 269 10
57 201 11
201 379 10
202 218 10
129 202 15
202 237 12
128 202 7
202 358 11
175 203 8
203 247 13
203 412 9
203 210 9
204 301 10
204 275 6
204 317 8
205 270 7
88 205 8
12 205 11
205 442 10
190 206 9
206 438 13
206 226 7
206 453 11
20 206 9
33 207 9
207 394 11
183 207 9
207 462 10
207 247 12
208 268 9
208 309 8
19 208 13
53 208 13
208 247 9
209 380 10
187 209 10
209 237 10
209 318 5
209 458 8
209 342 10
97 210 13
210 300 11
210 388 8
210 440 8
210 268 12
211 464 10
211 407 13
211 441 13
44 211 11
211 306 9
111 212 12
212 222 11
187 212 10
137 212 8
74 212 9
28 213 11
213 353 12
213 227 7
213 303 9
87 213 10
204 213 10
214 219 12
214 366 11
214 233 14
214 351 13
211 214 9
215 429 11
215 444 10
178 215 11
215 379 11
95 215 13
113 216 13
216 314 10
167 216 8
156 216 11
217 429 10
217 438 7
217 452 9
82 217 15
217 407 10
166 218 9
214 218 11
193 218 11
77 218 8
206 219 12
63 219 6
33 219 11
219 386 13
8 219 7
220 385 9
25 220 8
220 382 10
220 408 14
65 221 12
221 426 10
221 382 13
221 404 11
46 222 7
222 409 10
222 407 6
222 361 13
222 483 8
222 444 13
202 223 14
197 223 7
217 223 10
162 223 11
30 224 7
113 224 9
140 224 11
44 224 8
224 306 10
225 481 9
225 342 9
225 348 6
133 225 13
225 410 12
226 377 11
226 295 9
226 446 10
20 226 9
121 227 7
98 227 11
227 408 9
130 227 11
227 403 11
224 228 13
228 386 14
92 228 8
157 228 9
47 228 11
203 229 9
229 320 9
229 429 7
229 301 9
159 229 14
230 261 11
40 230 10
230 477 7
230 408 12
42 230 7
10 231 12
160 231 11
27 231 7
14 231 12
231 371 6
231 453 9
232 400 11
232 458 10
231 232 12
124 232 13
232 357 10
53 233 10
233 363 10
198 233 12
233 394 8
233 318 15
233 319 14
234 465 8
234 395 11
158 234 10
47 234 11
174 234 12
153 234 8
235 305 7
62 235 14
116 235 10
235 401 11
107 235 15
138 235 14
209 236 12
226 236 11
177 236 14
77 236 9
237 438 12
237 307 11
237 282 6
39 237 9
232 238 8
238 397 13
174 238 11
83 238 10
85 238 8
238 412 9
239 254 13
239 420 14
239 494 7
51 239 8
239 386 12
240 471 12
33 240 10
142 240 12
72 240 9
240 421 10
241 479 7
241 328 12
40 241 13
11 241 9
241 384 9
187 241 10
18 242 11
242 492 11
91 242 13
17 242 12
5 242 13
242 401 6
243 306 9
243 390 11
243 315 10
243 484 11
227 243 13
244 377 9
244 435 11
244 294 11
150 244 14
244 245 10
234 245 12
101 245 7
245 463 9
93 245 13
67 245 11
82 246 9
235 246 13
170 246 8
69 246 11
246 407 9
247 376 12
247 490 11
14 247 11
247 458 13
248 327 6
248 381 10
248 408 8
61 248 17
173 248 9
249 457 11
73 249 10
249 284 11
161 249 6
164 249 8
250 309 8
250 288 13
193 250 7
50 250 10
250 327 13
251 341 13
99 251 11
251 293 9
230 251 11
221 252 10
252 353 9
224 252 14
252 374 11
92 253 13
253 417 15
253 335 9
253 332 10
51 253 9
253 346 13
254 478 7
254 488 9
190 254 14
254 259 13
254 345 13
254 407 8
130 255 11
255 347 8
157 255 12
255 370 13
256 493 6
130 256 11
149 256 12
256 446 12
168 257 8
84 257 11
48 257 14
257 274 5
257 325 12
258 334 15
190 258 10
258 457 11
244 258 12
61 258 14
171 258 12
259 382 10
171 259 8
259 289 10
128 259 12
259 370 9
144 260 12
260 358 10
130 260 10
260 487 14
260 411 10
87 261 10
26 261 7
170 261 11
88 261 11
262 374 12
52 262 12
221 262 5
244 262 12
262 272 13
99 262 11
257 263 10
263 347 10
199 263 12
264 341 12
120 264 13
160 264 13
264 289 9
236 264 10
264 361 10
265 476 9
265 346 13
235 265 10
84 265 9
265 384 10
165 266 11
26 266 12
266 396 9
77 266 7
186 266 10
97 267 10
267 417 10
217 267 11
224 267 12
220 268 11
264 268 8
202 268 12
268 359 10
150 268 10
269 370 9
221 269 12
30 269 12
269 391 7
251 270 11
126 270 8
254 270 11
270 378 11
270 439 13
129 271 11
146 271 10
244 271 6
156 271 11
271 483 11
272 394 12
130 272 11
272 307 13
81 272 12
45 273 10
42 273 6
273 487 7
139 273 16
273 484 8
273 417 10
274 405 11
274 480 11
71 274 10
275 291 10
275 412 15
114 275 10
251 275 12
117 275 8
276 442 10
36 276 9
242 276 12
276 491 14
276 336 6
277 350 10
277 309 10
277 471 9
277 495 8
277 373 6
277 342 8
278 329 11
278 468 8
278 345 13
168 278 7
278 444 13
242 278 12
21 279 12
232 279 11
11 279 9
96 279 12
279 404 11
29 280 9
22 280 10
280 420 9
280 367 11
235 280 10
281 494 9
281 365 10
281 425 12
235 281 12
281 436 9
118 281 9
214 282 10
273 282 10
282 330 10
247 282 10
239 283 10
283 357 10
223 283 10
176 283 10
130 283 7
186 284 10
284 338 8
257 284 11
285 488 11
267 285 5
232 285 10
285 402 9
79 285 11
68 285 9
14 286 13
128 286 10
44 286 13
234 286 9
141 286 10
286 389 11
242 287 11
287 418 10
287 409 11
287 450 10
208 287 12
106 288 9
288 372 7
288 446 12
175 288 10
34 289 13
36 289 10
289 351 9
289 329 9
289 380 12
224 290 10
198 290 13
36 290 8
130 290 12
166 290 15
230 290 12
291 331 11
291 380 12
80 291 11
108 291 12
291 383 12
291 335 11
292 390 7
66 292 11
292 402 10
183 292 10
292 312 7
119 292 14
217 293 9
293 466 10
293 411 14
293 391 9
225 294 10
239 294 9
294 417 11
228 294 11
294 475 11
294 307 10
292 295 16
295 386 8
295 341 9
120 295 11
212 295 16
296 431 8
264 296 9
76 296 12
139 296 7
0 296 10
177 296 8
297 488 15
278 297 12
11 297 11
297 431 13
34 297 10
297 305 10
298 307 13
253 298 12
298 416 13
298 396 14
299 434 12
227 299 11
213 299 13
53 299 12
299 316 16
300 452 13
300 442 9
300 380 14
258 300 13
233 300 11
279 300 10
68 301 12
301 349 13
271 301 8
301 438 13
211 301 11
301 322 11
223 302 13
302 344 12
302 392 8
302 321 11
64 302 10
58 302 9
258 303 12
303 496 10
200 303 9
218 303 13
72 304 9
304 349 10
243 304 11
68 304 11
268 304 7
305 321 10
305 416 10
305 458 9
119 305 10
305 346 14
306 455 13
306 393 8
306 359 11
306 442 8
10 306 11
214 306 11
307 468 8
27 307 13
307 444 10
211 307 12
308 385 12
6 308 12
294 308 14
146 308 11
308 421 13
245 308 12
120 309 8
33 309 9
164 309 13
15 309 11
167 309 5
309 392 10
310 366 10
310 343 11
186 310 11
154 310 11
171 311 11
122 311 6
87 311 9
311 351 9
311 331 8
7 311 12
114 312 15
312 419 7
84 312 8
255 312 8
313 371 9
193 313 7
145 313 11
25 313 11
28 313 8
259 314 13
314 413 11
142 314 14
219 314 12
314 385 7
314 477 8
221 314 8
12 315 10
315 366 10
315 426 14
233 315 9
235 316 10
247 316 10
316 457 8
63 316 14
92 316 10
221 316 12
309 316 8
176 317 14
317 391 9
317 324 10
317 371 11
231 317 12
280 318 9
318 329 17
82 318 13
100 318 8
142 318 10
128 318 12
59 319 11
319 407 12
319 493 10
319 345 8
319 400 8
109 320 10
147 320 12
130 320 11
184 320 11
1 320 11
204 321 9
153 321 12
275 321 9
138 321 9
195 321 7
229 322 8
125 322 12
225 322 9
218 322 12
134 322 14
47 322 10
323 412 8
62 323 12
213 323 12
266 323 7
268 323 9
324 365 6
192 324 13
324 387 14
174 324 11
102 325 10
325 385 7
151 325 12
211 325 9
200 325 11
195 325 12
222 326 14
106 326 10
326 362 12
326 448 13
326 456 10
43 326 12
88 327 9
12 327 12
327 405 15
327 416 9
327 392 12
273 328 12
248 328 8
309 328 8
28 328 11
16 328 8
128 329 10
329 418 14
46 329 10
220 329 8
330 422 14
167 330 9
330 444 10
154 330 11
330 406 8
158 330 10
331 340 9
162 331 12
331 396 12
332 358 10
204 332 12
332 426 9
7 333 9
58 333 13
198 333 10
120 333 8
91 333 9
333 454 14
116 333 6
52 334 11
334 438 11
153 334 10
285 334 13
230 334 7
298 335 12
335 460 9
335 447 8
204 335 10
331 335 7
20 335 14
336 351 11
304 336 10
190 336 10
337 342 11
41 337 12
283 337 9
239 337 9
192 337 8
338 406 10
161 338 9
34 338 9
142 338 13
123 338 10
339 400 10
339 496 10
263 339 12
214 339 11
339 464 14
58 339 10
340 420 10
28 340 11
319 340 9
340 393 11
340 447 12
49 340 10
340 360 9
85 341 13
341 430 8
189 341 16
76 342 12
342 477 11
84 342 10
153 342 11
241 342 10
288 343 8
303 343 10
225 343 11
23 343 11
264 344 8
181 344 14
344 372 10
344 400 9
257 344 11
268 345 11
103 345 9
316 345 9
71 345 10
199 345 7
1 345 10
235 346 7
159 346 12
346 447 10
179 346 10
346 428 10
347 414 8
69 347 11
347 478 13
53 347 7
288 347 11
198 348 8
348 441 11
348 460 11
348 459 11
7 348 13
348 476 10
40 349 10
349 431 10
165 349 14
187 349 12
349 350 11
349 446 8
37 349 15
227 350 10
213 350 11
350 419 9
350 386 11
44 350 11
350 451 9
245 350 13
254 351 11
351 384 11
351 373 9
115 351 9
43 351 9
11 351 12
352 468 15
352 359 11
352 385 9
181 352 12
352 358 8
343 353 10
207 353 12
243 353 7
353 363 11
353 494 12
353 436 10
29 354 11
96 354 9
354 480 11
354 371 11
6 354 13
189 354 14
355 494 7
228 355 10
355 394 13
355 372 8
355 356 11
168 356 9
43 356 10
356 403 9
286 357 11
90 357 11
208 357 8
357 390 11
358 440 8
147 358 13
268 358 8
73 358 12
219 358 11
359 440 14
311 359 11
169 359 8
128 360 13
20 360 9
130 360 7
360 448 12
194 361 10
361 471 14
85 361 13
174 361 9
308 361 12
136 361 13
333 361 10
26 362 9
264 362 10
361 362 16
261 362 9
363 455 14
218 363 8
37 363 11
363 488 10
364 447 12
210 364 12
150 364 11
174 364 9
111 364 9
201 364 10
231 365 9
357 365 12
266 365 9
257 365 10
17 365 8
358 365 8
97 366 9
188 366 9
342 366 9
336 366 9
157 366 13
39 366 10
366 489 7
152 367 10
362 367 11
196 367 10
367 498 9
0 367 11
350 367 13
135 368 8
368 493 13
368 484 13
321 368 12
52 368 12
367 369 10
300 369 11
301 369 13
321 369 12
163 370 9
92 370 11
370 445 10
94 370 14
349 370 8
371 454 12
246 371 9
4 371 6
217 371 12
174 371 7
368 372 9
215 372 10
349 372 10
351 372 12
250 373 8
310 373 10
195 373 12
9 373 9
373 495 11
373 415 12
195 374 11
366 374 10
374 407 7
156 374 8
374 375 10
375 392 6
32 375 10
372 375 7
222 376 12
291 376 12
124 376 10
376 434 10
343 377 8
286 377 15
143 377 7
190 377 11
378 490 12
280 378 16
202 378 11
178 378 11
329 378 9
219 378 6
303 379 12
238 379 10
314 379 14
33 379 11
143 379 13
314 380 12
164 380 10
199 380 10
31 380 12
237 380 10
352 381 13
76 381 11
81 381 11
67 381 9
381 419 12
382 473 10
20 382 11
281 382 9
246 382 13
0 382 14
133 383 7
224 383 9
383 497 11
353 383 8
220 383 12
312 384 10
91 384 9
183 384 12
207 384 12
336 384 12
252 385 14
23 385 11
385 416 8
324 385 11
66 385 10
275 386 13
262 386 11
145 386 12
28 386 13
14 387 10
61 387 11
72 387 9
44 387 11
387 432 13
164 387 9
387 441 7
122 388 10
343 388 8
15 388 12
192 389 14
389 491 13
11 389 12
389 470 9
324 389 9
316 389 10
23 390 13
212 390 8
390 461 10
71 390 9
200 390 11
266 390 4
1 391 13
151 391 11
277 391 9
391 458 11
62 392 11
330 392 10
301 392 10
172 392 5
392 424 9
392 494 11
294 392 9
193 393 11
188 393 10
309 393 5
116 393 8
393 431 14
102 394 9
263 394 11
218 394 13
212 394 13
395 397 10
204 395 12
104 395 6
370 395 7
75 396 9
396 418 11
186 396 11
148 396 12
396 424 10
1 397 9
397 442 15
181 397 9
49 397 11
243 397 11
397 430 11
142 397 8
398 462 16
230 398 9
398 469 14
326 398 12
398 495 11
385 398 10
150 399 12
27 399 9
68 399 13
178 399 11
399 453 9
321 399 11
25 400 7
400 417 13
231 400 12
45 400 12
290 400 9
99 400 9
81 401 11
115 401 10
247 401 10
305 402 14
116 402 8
402 428 9
293 402 9
211 402 11
364 403 14
403 458 12
242 403 7
124 403 10
170 403 9
393 403 8
87 404 12
95 404 10
404 498 12
135 405 11
33 405 13
44 405 12
405 430 13
293 406 12
196 406 9
259 406 10
406 424 8
209 407 10
83 407 13
8 407 13
405 408 11
309 408 11
170 408 13
196 408 11
148 408 11
308 408 10
238 409 13
405 409 9
409 469 9
409 470 11
305 410 11
213 410 10
251 410 9
334 410 10
323 410 9
336 411 14
176 411 6
396 411 12
289 411 9
33 411 11
334 411 10
354 412 12
412 429 10
159 412 10
412 465 9
361 412 12
151 412 13
353 412 8
208 413 9
39 413 12
377 413 12
165 413 11
382 413 8
217 414 7
414 468 9
414 455 9
126 414 7
172 414 9
1 414 13
278 415 11
362 415 9
334 415 8
279 415 11
416 482 9
152 416 13
201 416 15
364 416 12
146 416 7
220 416 11
307 416 9
225 417 11
176 417 11
99 417 9
301 417 10
334 417 12
69 418 13
280 418 11
403 418 8
234 418 13
97 418 8
202 418 9
419 425 9
133 419 11
419 493 8
311 419 10
144 419 9
362 419 8
31 420 11
244 420 7
126 420 7
88 420 13
44 420 10
263 421 12
366 421 12
229 421 9
356 421 11
384 421 13
102 421 11
126 421 9
422 459 10
422 452 7
417 422 9
422 496 9
390 422 11
144 423 11
423 460 8
198 423 8
343 424 10
386 424 14
30 424 9
306 424 9
424 430 10
371 424 8
366 425 12
78 425 13
311 425 11
317 425 11
243 426 10
383 426 14
106 426 10
274 426 10
388 427 10
427 489 13
145 427 12
60 427 8
172 427 11
193 428 9
7 428 14
133 428 7
315 429 9
148 429 10
93 429 9
5 429 11
198 430 11
76 430 9
95 430 11
195 430 10
182 430 12
280 431 11
300 431 11
187 431 11
134 431 10
327 432 12
205 432 9
79 432 9
90 432 8
432 442 11
84 433 12
16 433 8
2 433 13
44 433 8
364 433 11
278 433 13
404 433 9
347 434 10
434 443 11
249 434 10
56 435 10
216 435 8
36 435 8
29 435 10
307 435 15
106 435 8
96 436 9
230 436 12
436 482 10
338 436 10
277 436 10
126 436 12
436 499 12
437 459 10
176 437 12
75 437 9
266 437 8
405 438 10
438 445 12
305 438 10
361 438 14
312 438 9
2 439 14
224 439 9
421 439 11
375 439 10
362 439 9
149 439 12
213 440 14
391 440 11
437 440 10
274 440 13
440 447 8
437 441 11
193 441 8
221 441 15
433 441 12
313 441 11
425 442 11
264 442 9
289 442 12
72 442 6
79 442 10
308 442 11
215 443 11
234 443 11
212 443 7
444 464 7
22 444 9
367 444 9
173 444 9
358 445 12
314 445 11
374 445 11
445 457 15
367 445 11
206 445 10
235 446 8
146 446 7
125 446 9
118 446 10
413 446 13
130 447 13
447 448 13
190 447 7
447 465 15
351 447 8
293 447 11
382 448 12
44 448 10
434 448 9
322 448 11
448 490 10
325 448 11
85 449 13
359 449 12
355 449 11
372 449 11
401 450 10
446 450 11
262 450 9
303 450 11
159 451 12
386 451 12
355 451 11
263 451 13
451 499 10
212 451 11
53 452 7
56 452 10
132 452 9
234 452 8
83 452 11
406 452 10
243 453 10
22 453 12
427 453 11
73 453 12
14 453 10
411 454 15
317 454 12
421 454 11
412 454 11
402 454 7
143 455 10
455 470 9
354 455 10
201 455 11
455 476 9
0 456 11
211 456 10
295 456 10
70 456 8
320 457 10
184 457 10
183 457 12
82 457 12
458 489 11
357 458 9
56 458 12
260 458 12
149 458 11
146 458 10
345 459 10
108 459 7
243 459 9
273 459 9
287 460 8
249 460 13
4 460 11
178 460 9
74 460 12
312 460 11
7 461 10
396 461 11
430 461 12
379 461 8
252 461 11
265 462 10
82 462 9
257 462 12
462 499 11
430 463 10
290 463 11
263 463 6
327 463 13
130 464 12
365 464 10
410 464 14
101 464 11
89 464 11
465 469 9
82 465 11
96 465 9
465 476 10
399 466 11
123 466 10
158 466 9
39 466 14
445 466 12
349 467 12
226 467 16
141 467 13
145 467 6
160 467 12
244 467 12
12 468 12
464 468 10
420 468 11
27 468 9
300 468 15
331 469 9
176 469 8
109 469 9
171 469 12
284 469 7
335 469 13
350 470 12
37 470 5
192 470 11
295 470 11
139 470 9
297 471 8
225 471 11
312 471 8
355 471 7
21 471 9
82 471 9
232 472 11
465 472 11
296 472 9
293 472 9
221 472 12
348 472 11
101 473 8
184 473 9
300 473 8
277 473 11
407 473 10
117 473 13
336 474 11
442 474 11
59 474 13
91 475 6
54 475 11
147 475 12
456 475 8
120 475 8
357 476 13
317 476 12
235 476 8
234 477 11
477 483 7
333 477 11
156 477 12
270 477 15
237 478 8
478 497 12
230 478 7
147 478 7
185 479 8
105 479 10
35 479 13
286 479 12
411 479 11
393 480 9
312 480 14
107 480 12
303 480 12
82 480 12
92 481 9
481 486 10
371 481 9
248 481 9
189 481 11
286 481 12
481 489 7
328 482 12
170 482 10
120 482 14
289 482 8
201 482 12
76 483 14
277 483 13
257 483 11
169 483 10
354 484 8
484 493 10
385 484 11
93 484 13
3 484 9
300 484 10
301 485 10
33 485 11
89 485 12
215 485 14
290 485 12
390 486 10
209 486 12
105 486 7
195 486 13
288 486 6
423 487 13
86 487 8
450 487 8
283 487 11
54 487 10
186 488 14
253 488 7
180 488 10
317 488 12
396 489 10
6 489 10
205 489 11
116 489 8
451 489 9
41 490 12
166 490 12
164 490 9
237 490 10
103 491 11
241 491 9
108 491 10
415 491 10
256 491 8
94 491 8
448 492 13
131 492 13
233 492 8
273 492 10
135 492 11
164 493 10
95 493 10
116 493 12
425 493 10
346 493 8
221 493 13
365 494 9
81 494 12
295 494 9
29 494 9
258 495 10
67 495 13
243 495 13
97 495 12
188 495 9
226 496 12
361 496 10
375 496 11
460 496 11
274 496 8
412 497 8
140 497 10
191 497 12
260 497 11
328 497 6
218 497 9
464 497 10
151 498 9
104 498 11
95 498 10
497 498 9
379 499 12
336 499 12
438 499 8
