500
0
9
3
4
4
7
3
1
8
3
3
3
5
9
7
8
6
3
6
8
5
3
3
3
7
10
5
9
8
4
2
2
3
3
8
8
4
8
4
8
2
7
9
8
7
7
6
7
7
9
4
3
8
6
10
2
4
9
8
8
9
7
3
7
5
9
8
2
2
1
4
9
6
9
8
3
9
10
2
6
8
10
8
9
5
9
1
9
5
5
2
3
2
1
4
9
9
2
6
5
4
6
8
4
7
4
9
4
8
9
2
3
7
4
5
5
6
10
7
8
7
6
7
8
9
5
5
6
2
7
6
6
7
10
2
7
3
6
1
6
9
2
4
2
5
3
8
4
6
1
7
3
4
5
5
1
10
8
3
8
4
7
5
9
7
9
8
3
5
1
3
9
2
7
3
4
9
8
6
8
10
4
6
5
2
10
8
9
7
9
7
7
7
7
9
7
1
4
6
8
10
8
4
3
1
4
4
6
3
6
2
2
6
3
4
8
6
4
4
2
3
10
6
5
7
1
9
2
6
4
9
3
5
2
10
5
6
6
2
8
2
4
4
9
2
9
4
6
9
3
2
4
4
7
10
2
7
4
5
5
7
8
3
6
5
3
8
3
3
1
8
5
2
3
8
5
5
4
2
10
8
4
9
9
7
7
7
1
5
7
5
4
8
5
2
3
10
4
4
6
2
9
6
7
5
5
9
7
8
8
1
4
3
7
3
8
7
4
7
9
1
8
6
6
3
3
5
6
5
8
1
5
2
1
2
9
6
1
4
3
3
4
2
7
9
5
6
5
7
8
9
3
10
7
2
7
4
6
4
7
9
3
7
4
5
7
8
5
2
2
7
1
5
7
8
10
4
2
9
3
2
9
3
6
4
8
4
5
9
2
6
6
4
9
1
10
4
7
1
2
4
6
6
3
5
8
10
2
8
7
8
6
6
4
10
8
8
2
2
3
2
1
9
8
2
6
2
1
2
10
6
2
5
3
8
8
10
5
6
2
3
4
1
10
10
9
1
4
8
10
2
5
8
3
2
6
9
9
3
2
6
3
9
5
3
4
5
9
5
6
5
2
8
6
8
5
6
8
7
3
2
10
7
9
2
8
4
8
8
9
7
9
8
3
7
1
4
4
9
10
0 337 13
0 241 9
0 13 12
0 69 9
0 205 8
0 458 8
1 343 13
1 108 11
1 187 13
1 54 14
2 387 10
2 72 12
2 64 8
2 282 11
2 305 9
2 135 8
3 461 13
3 286 9
3 190 15
3 43 9
3 418 7
3 142 10
4 98 9
4 237 9
4 35 14
4 258 12
4 489 10
0 5 15
5 163 9
5 469 11
5 170 12
5 338 9
6 171 9
6 431 11
6 110 11
6 63 11
6 134 11
6 247 8
6 119 9
7 495 10
7 328 11
7 273 10
7 465 13
7 186 10
7 51 13
8 188 10
8 244 9
8 277 10
8 232 11
8 301 8
8 120 11
8 192 12
9 340 8
9 441 8
9 98 12
9 436 9
9 312 13
9 114 10
10 256 11
10 424 11
10 160 10
10 51 11
10 110 11
10 350 13
11 382 9
11 269 10
11 183 10
11 289 11
11 204 11
12 200 11
12 158 11
12 316 10
12 75 12
12 419 8
7 13 12
13 478 9
9 13 9
13 291 7
13 496 6
14 236 9
14 192 12
15 178 9
15 154 13
15 462 11
15 372 15
16 271 12
16 328 11
16 183 15
16 188 10
16 331 10
17 461 13
17 307 8
17 78 10
17 120 11
17 462 10
17 169 12
18 169 11
18 160 10
18 117 6
18 327 6
18 483 8
19 141 9
19 289 13
19 430 12
19 394 13
20 435 8
20 84 8
20 45 11
20 324 9
21 438 14
10 21 11
21 441 12
21 170 11
22 469 11
22 72 9
22 415 12
22 163 9
22 36 8
23 272 6
23 66 12
23 118 6
23 112 12
6 23 11
24 416 14
24 310 12
24 208 11
24 119 14
25 314 12
25 31 9
25 397 15
25 131 7
25 302 9
25 177 10
26 424 12
26 135 11
26 114 15
26 461 9
26 58 13
26 295 13
27 259 7
27 164 13
27 305 13
27 344 12
27 461 10
28 345 10
7 28 13
28 132 10
28 120 14
28 336 10
28 411 12
29 481 11
29 397 9
29 349 8
29 464 10
29 153 8
29 244 11
30 212 14
30 349 12
30 55 9
30 411 9
30 82 13
31 178 11
31 251 14
31 372 13
31 374 11
31 484 14
31 403 10
32 245 9
32 137 9
32 196 8
32 347 12
32 135 8
33 417 16
33 281 11
33 262 8
33 197 13
33 34 8
33 209 11
33 133 9
34 377 9
34 353 11
34 305 10
34 481 10
34 397 15
34 453 12
35 162 10
35 290 8
35 405 11
35 126 10
35 283 11
36 234 10
36 312 12
36 283 8
36 359 11
1 37 10
32 37 8
37 211 11
37 218 14
37 294 10
37 320 8
38 103 11
38 484 9
38 473 10
38 424 10
38 365 12
39 362 7
39 67 8
11 39 14
39 214 10
39 223 10
40 369 11
9 40 9
40 74 12
40 457 9
40 196 9
40 101 10
41 283 11
41 354 13
41 363 10
41 465 9
41 369 11
41 121 12
42 255 10
30 42 12
42 275 14
42 402 9
42 170 9
43 386 10
43 173 10
43 46 11
44 432 11
30 44 10
44 108 15
44 218 11
44 67 10
44 216 9
45 114 8
45 83 14
45 341 8
45 131 12
45 456 14
45 332 12
46 237 10
46 338 14
46 471 10
46 350 9
46 451 12
47 465 10
47 84 6
47 85 12
47 438 9
47 286 13
48 94 10
48 353 10
48 293 8
48 407 13
49 173 9
49 121 12
49 68 10
49 341 13
49 374 13
49 133 17
50 277 7
50 449 13
50 126 9
50 410 11
50 172 7
50 287 13
51 152 11
51 467 10
51 387 8
51 244 13
51 93 11
51 123 9
52 163 12
52 302 10
52 455 13
52 201 13
52 60 12
52 148 9
53 445 8
3 53 11
53 294 9
53 258 11
54 443 12
54 322 10
54 463 9
54 332 11
55 256 9
55 110 10
55 124 10
55 485 9
55 349 10
56 106 12
56 261 14
56 92 12
56 129 13
10 56 9
56 254 10
10 57 12
57 232 10
57 340 11
57 332 11
57 365 11
57 330 12
58 228 10
58 84 11
58 331 12
58 127 11
58 484 11
7 58 11
59 203 9
59 292 11
39 59 10
59 222 12
59 204 9
60 393 13
60 410 8
60 132 12
60 456 10
61 208 11
61 290 11
61 470 9
61 432 10
61 428 12
7 61 7
61 337 12
61 197 7
51 62 12
62 411 11
62 144 6
62 156 13
62 432 10
62 225 11
25 62 9
63 166 9
63 383 10
63 85 13
63 279 7
63 205 12
64 243 7
64 360 10
64 490 10
64 289 12
64 288 7
24 64 10
65 92 7
65 179 11
65 227 8
65 108 13
65 343 10
65 208 14
8 65 12
66 241 12
66 158 11
66 409 11
20 66 8
66 172 13
67 382 10
2 67 8
67 380 6
67 106 9
68 87 9
68 299 11
68 204 13
68 387 12
69 285 11
69 317 10
69 125 11
43 69 9
57 69 11
70 372 10
4 70 12
70 414 5
12 70 7
71 403 15
71 121 12
71 93 11
71 458 8
41 72 9
72 276 10
72 108 8
72 93 10
72 229 11
13 73 12
73 494 8
73 230 15
73 486 9
73 176 12
73 480 9
74 199 9
74 299 11
74 420 10
74 335 11
75 486 13
31 75 12
43 75 12
75 344 9
75 135 13
76 249 13
76 397 7
76 403 12
76 443 11
76 320 13
77 261 11
77 239 10
77 235 11
77 94 9
77 418 16
78 229 10
78 184 10
78 455 10
78 228 13
79 354 9
43 79 11
79 445 9
79 419 11
79 477 14
80 118 11
80 348 12
26 80 12
80 376 11
41 80 9
81 334 10
81 154 15
81 105 8
81 123 12
81 302 12
81 259 11
22 82 13
82 139 12
64 82 13
82 311 12
83 376 9
83 297 9
83 240 10
83 399 11
84 217 9
60 84 8
84 455 10
84 320 7
84 170 9
85 481 13
85 154 14
85 397 7
85 249 11
86 175 12
86 326 9
86 285 12
8 86 9
86 237 9
87 316 11
87 425 8
87 304 10
87 257 13
87 229 11
88 443 13
88 136 12
88 403 11
88 326 12
88 377 15
89 348 8
51 89 8
89 219 14
89 217 11
89 289 11
89 206 14
90 393 8
90 183 9
74 90 8
90 233 10
91 263 8
91 342 9
80 91 10
91 366 11
91 435 10
92 175 13
92 178 9
92 450 8
29 92 10
93 392 10
93 170 12
93 331 11
93 472 11
94 212 14
94 254 9
94 147 13
94 383 11
94 223 13
94 441 13
94 110 11
95 246 6
78 95 10
95 133 8
95 183 11
95 132 10
95 159 13
90 96 11
23 96 12
96 303 9
96 392 9
96 301 13
17 97 13
97 202 12
97 475 7
97 230 17
65 97 9
97 244 17
98 240 13
47 98 8
98 204 11
17 98 13
98 432 12
99 217 8
99 381 7
99 276 11
57 99 9
100 429 9
4 100 7
100 339 12
100 280 9
100 187 13
100 278 12
100 314 12
101 435 12
101 294 14
101 117 14
101 431 11
102 413 12
102 494 7
102 168 8
102 200 9
102 319 13
103 336 11
103 480 11
103 300 10
103 310 12
103 381 13
104 151 9
104 311 15
104 475 15
104 353 10
59 104 11
2 104 11
105 363 11
105 223 13
105 149 10
105 374 10
106 451 11
106 460 10
106 218 13
106 407 8
22 106 12
106 480 13
107 125 10
107 193 12
107 391 9
107 126 10
19 108 10
108 320 9
108 334 15
108 368 11
43 108 9
108 281 13
109 226 10
95 109 11
109 160 11
109 304 10
91 109 11
110 234 11
110 472 10
28 110 11
110 356 9
110 340 12
111 422 8
51 111 12
111 235 9
111 486 8
112 368 10
69 112 11
112 363 12
112 184 9
112 425 8
112 419 8
113 122 13
113 319 11
113 311 9
15 113 12
113 236 7
114 477 9
114 135 12
29 114 12
10 114 12
114 237 13
115 469 14
115 238 12
97 115 8
115 393 9
59 115 10
115 446 12
116 429 11
90 116 9
70 116 7
116 304 8
117 229 9
117 299 8
113 117 12
117 288 8
117 267 11
118 135 10
75 118 9
118 131 15
118 361 11
118 351 11
119 328 11
119 232 15
119 200 11
119 231 6
120 350 14
120 238 8
5 120 7
114 120 9
121 180 15
121 217 11
121 428 11
121 252 7
118 121 9
121 227 10
122 166 10
122 167 9
63 122 12
122 181 10
37 122 11
28 122 12
123 259 10
44 123 11
123 378 9
123 422 9
37 124 8
124 456 8
124 193 10
124 241 6
124 192 14
125 306 13
125 409 12
52 125 11
125 358 11
117 125 6
126 452 10
126 156 9
126 141 12
96 126 10
26 126 13
127 257 12
127 364 11
127 250 10
127 361 10
127 416 11
11 128 11
128 152 12
128 381 10
128 248 8
128 498 9
129 219 14
129 314 10
129 237 11
129 261 10
129 224 12
130 358 8
130 329 6
130 194 9
131 172 11
95 131 13
131 165 10
131 283 12
92 132 12
132 176 13
132 318 9
108 132 11
132 388 11
133 195 12
133 463 9
133 401 9
39 133 12
133 494 8
134 203 14
134 446 11
134 352 10
66 134 12
135 324 15
54 135 10
135 147 11
135 403 9
136 267 12
136 259 15
89 136 9
124 136 7
136 356 11
136 265 10
124 137 8
137 382 7
137 148 13
82 137 9
137 174 10
24 137 14
138 360 13
138 248 10
138 444 9
21 138 12
12 138 7
138 279 11
139 497 6
139 477 7
139 466 11
64 139 8
139 140 11
88 140 11
63 140 9
140 277 9
141 164 10
141 487 10
141 352 11
141 314 13
4 141 11
141 479 6
142 422 11
142 272 10
62 142 10
142 483 10
142 400 13
143 198 11
143 372 13
143 389 10
143 200 10
143 163 8
144 176 10
144 446 9
96 144 13
144 352 10
145 320 14
145 247 11
133 145 7
145 165 12
145 431 11
145 187 12
145 224 7
146 150 10
146 409 9
146 496 11
146 177 12
97 146 11
18 146 10
147 372 8
116 147 12
147 498 12
128 148 11
148 393 13
148 228 11
148 156 13
149 308 6
149 260 13
47 149 10
79 149 5
6 150 10
150 324 9
15 150 14
150 331 11
150 418 9
150 357 12
51 151 11
106 151 12
151 346 9
152 212 8
147 152 12
152 350 12
90 152 9
152 498 11
153 356 11
153 454 13
153 163 12
98 153 12
153 280 14
154 361 12
154 308 8
154 225 13
126 154 12
14 154 9
155 410 7
155 432 7
9 155 12
155 355 8
155 412 11
156 410 10
156 321 7
156 227 10
156 217 13
136 157 9
157 251 7
88 157 8
157 220 11
157 438 9
157 286 10
158 374 11
39 158 9
158 333 12
40 158 9
158 350 11
158 370 13
66 159 7
128 159 8
159 330 14
6 159 9
159 403 9
25 159 12
84 160 12
160 465 3
160 428 9
160 232 11
113 161 9
161 171 10
161 213 12
161 476 13
8 162 9
68 162 10
162 341 11
162 498 10
162 431 11
20 162 13
162 340 11
96 163 16
111 163 10
163 358 10
163 226 10
161 163 8
92 164 8
164 206 15
164 427 9
48 164 12
164 371 9
164 254 10
165 485 9
165 194 8
165 310 9
165 428 10
166 270 8
166 354 10
166 250 11
54 166 12
166 382 11
166 433 13
167 413 12
167 490 7
167 426 12
167 173 11
167 285 9
168 492 12
46 168 10
21 168 9
168 223 12
168 255 9
168 225 9
168 179 12
169 390 7
11 169 13
61 169 11
169 442 12
169 404 10
170 278 7
170 319 10
113 170 10
170 259 12
171 291 11
171 466 11
171 176 12
29 172 10
172 370 7
172 496 12
172 237 9
139 173 11
45 173 11
173 475 13
13 173 9
174 385 14
174 397 11
158 174 11
120 174 10
29 175 12
151 175 12
175 209 13
81 175 10
129 175 9
176 408 10
7 176 12
176 235 12
176 177 10
80 176 9
177 343 11
177 442 11
177 483 10
177 252 9
178 210 10
63 178 16
61 178 11
178 340 9
178 338 10
179 336 12
179 415 14
179 357 12
179 425 13
119 179 10
173 179 10
180 192 10
180 323 8
180 194 11
16 180 9
180 384 11
112 181 9
102 181 10
181 197 10
182 360 15
36 182 8
175 182 9
142 182 11
182 274 12
183 390 12
81 183 8
183 367 12
183 276 9
120 183 7
184 265 13
184 198 14
184 325 11
184 372 13
132 184 10
160 185 9
185 346 11
126 185 9
185 458 10
185 379 9
185 474 14
186 412 10
87 186 10
186 328 10
186 285 10
186 378 10
187 489 10
187 228 9
132 187 10
65 187 8
187 431 10
9 187 10
170 188 8
188 413 11
135 188 10
167 188 13
124 188 12
189 311 11
69 189 7
189 235 11
189 436 9
141 190 9
152 190 11
21 190 9
130 190 10
191 226 10
99 191 12
191 401 7
191 411 6
191 250 11
191 424 11
84 191 9
179 192 13
91 192 11
34 192 9
174 192 14
122 192 9
193 323 11
193 294 9
193 355 13
193 385 10
194 287 9
194 390 14
194 354 11
194 425 11
78 194 6
28 194 13
83 195 10
194 195 14
195 421 9
195 280 14
196 315 11
196 381 10
25 196 14
196 254 10
196 269 11
196 464 10
197 396 8
150 197 10
197 209 10
135 197 10
38 197 11
30 197 10
193 198 12
44 198 13
186 198 15
50 198 12
106 199 9
199 246 12
199 451 10
19 200 10
58 200 15
6 200 13
200 444 10
200 365 11
200 357 9
174 200 10
191 201 9
201 440 12
201 348 9
56 201 9
201 368 11
16 201 13
118 202 5
62 202 9
195 202 8
126 202 11
203 388 11
145 203 8
203 341 10
37 203 7
189 203 9
204 454 10
204 448 8
204 393 8
118 204 10
205 301 11
205 231 10
157 205 10
91 205 11
205 293 7
186 205 9
169 206 13
160 206 11
206 377 11
206 443 5
206 220 14
59 207 10
207 499 12
207 382 12
207 429 13
3 207 11
15 208 13
185 208 7
208 374 13
86 208 8
208 448 16
209 252 10
209 474 10
209 341 9
209 266 11
144 209 8
210 369 8
210 491 10
210 331 13
190 210 11
37 210 12
170 211 11
198 211 11
200 211 12
211 375 10
211 313 8
62 211 12
211 317 8
24 212 10
212 220 8
177 212 11
212 414 10
212 287 9
212 251 9
20 213 10
213 281 15
125 213 11
213 461 13
160 213 9
214 391 6
214 365 11
214 312 12
96 214 8
11 214 11
215 404 12
215 249 13
215 464 11
146 215 9
215 353 12
106 216 12
216 262 10
216 242 11
176 216 15
216 314 8
216 480 12
164 217 9
217 347 9
217 414 10
217 232 11
217 472 9
100 218 10
79 218 9
218 300 11
218 237 9
218 225 8
78 219 12
133 219 11
121 219 8
219 348 9
37 219 7
220 490 10
183 220 13
133 220 11
220 362 11
221 411 8
107 221 12
104 221 8
14 221 10
9 221 13
12 222 10
222 246 10
222 474 7
17 222 9
222 274 9
222 317 11
223 371 11
223 237 8
223 383 7
223 254 10
77 223 14
223 322 10
223 324 10
224 380 8
224 433 12
207 224 10
32 224 9
224 418 10
84 225 10
225 367 6
162 225 12
225 247 10
47 226 11
1 226 9
8 226 8
44 226 12
114 226 12
226 354 10
227 499 11
227 354 9
227 425 12
227 365 7
153 227 10
98 228 8
228 472 11
228 254 11
162 228 10
228 364 10
121 229 12
229 386 11
229 498 13
60 229 9
78 230 8
156 230 12
55 230 11
168 231 7
154 231 13
37 231 10
231 301 9
231 320 10
165 231 15
232 487 11
99 232 10
232 366 10
232 301 11
232 334 8
233 256 10
61 233 11
233 262 10
37 233 12
62 233 8
233 285 10
234 388 15
234 354 9
234 264 10
113 234 11
235 370 8
235 295 8
49 235 7
235 408 13
235 322 16
16 236 9
54 236 13
236 452 8
154 236 11
32 237 12
237 489 13
99 237 7
237 290 13
112 237 6
54 238 10
51 238 4
238 412 9
238 386 11
239 444 12
239 321 10
160 239 11
10 239 11
239 336 11
179 239 9
113 240 9
240 496 10
240 318 10
241 412 9
241 331 11
241 445 9
241 427 9
242 456 10
131 242 8
242 429 9
242 314 10
154 242 10
242 246 14
97 243 8
220 243 8
178 243 12
115 243 11
55 243 13
243 292 10
244 335 7
244 453 12
244 451 7
147 244 11
224 244 10
175 245 9
1 245 12
233 245 9
35 245 10
245 319 10
50 245 14
246 293 13
246 301 12
237 246 12
246 365 9
247 402 6
70 247 10
52 247 12
247 397 8
247 401 16
181 248 12
136 248 14
184 248 9
20 248 11
249 362 10
249 259 12
249 309 11
175 249 12
32 250 13
250 283 14
0 250 9
246 250 12
251 422 11
251 304 10
251 320 9
251 367 10
122 252 11
3 252 14
252 271 9
252 424 10
252 262 9
91 253 10
207 253 9
234 253 12
253 383 9
39 254 10
254 291 12
121 254 5
254 437 12
254 266 9
254 487 7
251 254 13
255 357 7
255 349 12
169 255 8
100 255 14
256 353 9
38 256 7
34 256 6
251 257 12
185 257 12
50 257 11
121 257 9
53 257 7
258 468 11
215 258 12
258 457 8
258 313 11
259 474 12
40 259 9
94 259 9
259 376 8
259 311 9
220 260 10
108 260 11
260 424 9
146 260 10
260 419 11
142 261 8
261 322 8
261 326 9
104 261 13
186 261 11
261 405 9
219 262 9
262 293 9
262 487 8
262 283 11
262 313 10
136 262 9
263 477 12
263 291 16
236 263 8
253 264 8
264 336 11
85 264 11
264 281 9
265 328 12
110 265 10
52 265 10
265 360 13
265 449 7
266 451 11
152 266 13
266 328 11
90 266 11
266 426 9
266 409 11
228 267 12
148 267 11
267 315 5
157 267 9
267 479 11
268 428 8
240 268 8
103 268 13
268 355 10
268 294 7
53 269 12
106 269 14
269 305 11
23 269 13
269 391 8
270 496 8
270 275 11
270 291 10
9 270 11
270 323 11
181 271 10
271 446 9
146 271 10
236 271 10
272 398 10
211 272 9
272 352 9
272 321 11
82 273 14
273 363 11
124 273 10
252 273 7
86 274 7
18 274 12
274 320 11
274 372 8
274 399 9
140 274 11
275 441 12
275 424 8
275 369 8
166 275 8
43 275 12
275 281 10
170 276 12
39 276 12
113 276 9
276 287 10
20 276 12
277 280 14
277 433 11
277 339 12
23 277 9
277 441 12
38 278 11
278 308 12
46 278 7
57 278 6
37 278 9
278 396 7
208 279 13
263 279 11
172 279 12
224 279 9
279 372 12
280 481 10
280 294 10
149 280 17
30 280 11
236 280 14
263 281 10
281 386 8
277 281 11
158 281 12
281 469 10
125 281 11
210 282 12
17 282 11
98 282 8
275 282 13
149 283 13
118 283 10
235 283 11
270 283 10
283 485 12
284 294 6
284 480 11
284 289 11
2 284 7
212 284 9
285 407 9
285 356 12
228 285 6
270 285 6
285 403 12
286 493 9
286 291 16
286 377 11
17 286 10
286 409 7
199 287 12
57 287 12
45 287 14
18 287 8
86 287 7
118 287 9
287 299 13
288 495 9
288 355 9
75 288 10
288 456 11
288 291 11
115 288 10
228 288 10
98 289 6
152 289 12
289 478 12
281 289 12
290 410 10
290 451 10
194 290 8
291 390 12
291 329 10
291 366 11
215 291 10
292 310 11
292 415 13
188 292 9
106 293 14
194 293 11
206 293 10
293 406 12
294 330 10
264 294 8
294 314 8
294 389 12
71 294 9
133 294 8
295 324 7
295 356 11
295 414 8
295 334 13
191 295 13
225 295 9
120 296 14
38 296 11
51 296 13
296 331 13
296 461 9
168 297 10
221 297 13
297 312 8
297 381 12
298 463 13
298 409 10
256 298 13
181 298 12
110 298 5
29 298 8
299 396 9
299 481 10
299 449 10
111 299 10
44 299 10
300 390 12
300 386 11
300 493 7
193 301 14
53 301 10
229 301 9
301 333 12
302 363 11
265 302 10
10 302 12
181 302 11
58 302 12
207 303 10
14 303 12
12 303 11
303 452 12
303 442 13
304 409 10
304 427 11
277 304 10
284 304 12
184 305 15
115 305 11
70 305 12
58 305 10
41 306 11
306 495 12
128 306 10
306 426 11
21 306 12
307 400 10
74 307 9
92 307 12
308 456 13
308 315 11
308 475 12
308 363 10
66 309 13
70 309 10
76 309 15
20 309 10
230 309 10
120 310 12
310 420 10
310 377 13
60 310 11
310 366 13
311 472 9
33 311 13
282 311 11
18 311 12
312 437 13
312 335 17
312 324 9
312 321 7
188 312 8
228 312 10
294 313 9
203 313 11
313 374 11
313 336 11
196 313 11
206 313 12
68 313 11
153 314 13
90 314 12
220 314 9
101 314 7
56 314 12
314 347 9
315 474 8
315 374 10
233 315 11
302 315 12
315 326 13
19 316 11
316 396 10
316 492 10
97 316 12
247 317 11
168 317 7
317 411 11
27 318 11
120 318 11
158 318 9
197 318 12
318 320 11
319 321 13
29 319 10
319 492 9
15 319 14
319 496 9
88 320 12
320 487 11
250 320 12
16 320 10
233 320 11
321 429 9
253 321 12
321 337 11
321 364 8
210 321 11
322 483 10
322 480 11
264 322 11
322 390 12
161 322 9
162 322 14
157 322 9
228 323 13
158 323 9
34 323 11
55 323 13
104 323 10
260 324 11
28 324 11
324 401 10
27 324 12
324 405 8
226 325 10
263 325 13
325 444 8
298 325 11
325 406 12
185 325 11
213 326 12
94 326 6
287 326 13
279 326 12
65 326 9
327 370 13
283 327 9
327 487 10
6 327 9
327 499 7
100 327 10
257 328 13
328 412 12
328 422 14
42 328 11
329 330 10
45 329 11
329 450 10
156 329 7
329 410 7
88 330 12
237 330 7
4 330 9
325 330 10
330 394 9
200 331 13
331 440 10
1 331 12
78 331 11
288 331 16
331 476 7
332 467 15
249 332 9
331 332 11
306 332 13
248 332 7
299 332 8
23 332 11
283 333 7
333 337 12
247 333 11
333 354 11
333 422 11
225 334 10
99 334 9
334 493 10
334 414 8
263 334 13
334 345 13
297 335 11
335 385 10
200 335 12
137 335 10
248 335 11
223 335 12
153 336 5
68 336 10
217 336 11
78 336 12
154 337 11
310 337 12
337 393 10
136 338 11
266 338 16
338 353 10
229 338 11
226 338 12
239 338 6
332 339 7
39 339 11
71 339 10
184 339 10
282 340 10
73 340 13
243 340 13
337 340 8
4 340 11
17 340 8
97 341 11
83 341 10
256 341 7
78 341 11
113 342 10
272 342 13
146 342 9
29 342 7
342 353 9
129 342 11
33 342 8
343 414 11
107 343 13
161 343 11
223 343 9
8 343 12
344 424 7
344 377 13
344 408 14
339 344 9
301 344 10
224 345 7
345 440 11
111 345 11
346 413 10
342 346 8
13 346 9
127 346 8
241 347 10
347 409 12
85 347 9
347 413 13
348 436 9
348 443 8
298 348 14
348 484 12
238 349 8
292 349 9
241 349 6
137 349 12
128 349 7
350 453 8
85 350 11
211 350 13
311 350 10
351 467 10
351 423 6
262 351 13
209 351 12
6 351 9
225 351 11
25 352 11
329 352 14
324 352 10
39 352 10
50 352 8
352 416 12
353 389 13
203 353 11
149 353 10
61 353 12
293 353 10
228 353 9
354 359 10
272 354 8
40 354 9
69 354 8
32 354 10
204 354 8
118 355 11
35 355 8
160 355 11
83 355 12
346 355 13
90 355 11
37 356 13
53 356 8
356 447 11
67 356 12
356 398 8
357 401 11
90 357 12
25 357 8
332 357 11
257 357 13
87 357 12
210 358 11
358 361 9
178 358 9
140 358 11
359 432 8
140 359 10
5 359 14
161 359 8
159 359 13
100 360 12
360 374 9
269 360 12
57 360 10
360 427 11
61 361 9
157 361 7
361 438 10
78 361 10
91 362 10
284 362 10
362 395 13
283 362 13
125 363 8
363 454 9
53 363 10
81 363 12
363 365 13
362 363 12
353 364 14
212 364 9
0 364 8
311 364 14
349 365 11
30 365 10
195 365 10
168 365 12
363 366 12
262 366 11
366 446 10
170 366 10
337 366 11
367 434 9
174 367 10
244 367 12
84 367 12
229 367 10
368 403 10
120 368 11
274 368 6
337 368 12
368 424 10
186 369 12
369 449 11
369 404 12
320 370 12
370 373 8
301 370 10
370 434 10
242 370 12
234 371 10
82 371 11
371 400 12
257 371 9
153 371 11
139 371 8
204 371 10
25 372 13
372 382 7
372 394 12
344 372 12
255 373 10
246 373 11
251 373 10
134 373 10
302 373 11
374 402 12
44 374 7
28 374 9
278 374 9
337 375 10
73 375 9
28 375 12
181 375 10
56 375 12
41 375 14
375 481 11
136 375 5
46 376 12
376 401 10
376 469 10
37 376 6
376 438 12
257 376 10
123 377 9
76 377 11
377 461 11
186 377 12
350 377 9
60 378 11
245 378 14
285 378 13
54 378 11
233 378 11
246 378 16
278 379 10
171 379 10
307 379 11
64 379 10
96 380 11
167 380 9
248 380 14
353 380 11
380 390 7
179 381 11
158 381 10
381 395 10
192 381 8
382 449 8
114 382 12
182 382 12
81 382 13
295 382 11
345 382 7
219 382 12
117 383 8
276 383 9
317 383 7
383 439 10
14 383 10
70 383 10
384 471 9
122 384 11
384 455 14
71 384 13
385 485 12
132 385 9
385 451 12
181 385 14
1 385 12
316 385 9
62 385 11
97 386 8
40 386 10
202 386 10
286 387 10
306 387 13
387 440 10
205 387 9
103 387 12
273 387 10
68 388 9
94 388 10
199 388 13
323 388 13
286 388 11
113 388 11
292 389 10
328 389 9
310 389 9
166 390 9
208 390 11
327 390 8
296 390 8
89 390 12
391 401 13
108 391 10
391 471 10
391 480 6
347 391 10
392 489 7
392 460 10
77 392 12
316 392 13
104 393 12
136 393 8
199 393 12
191 394 12
109 394 8
176 394 12
388 394 11
258 395 11
143 395 13
223 395 10
396 458 12
46 396 12
59 396 15
346 396 8
86 396 12
277 396 10
396 447 7
37 397 11
397 465 12
92 397 9
12 397 11
183 397 9
56 398 9
398 399 9
30 398 10
342 398 9
308 398 8
115 398 9
358 399 7
399 405 4
331 399 13
27 400 10
355 400 9
72 400 14
159 400 12
375 400 10
118 400 14
329 401 11
159 401 11
221 401 10
141 402 11
402 446 11
383 402 12
402 462 12
61 402 15
53 402 16
178 403 9
173 403 11
397 403 13
33 403 9
138 403 10
385 404 11
308 404 11
404 432 12
344 404 12
300 404 9
398 404 12
287 405 9
268 405 9
405 476 6
390 405 10
122 405 11
160 406 9
268 406 9
186 406 11
162 406 11
406 412 9
251 407 12
232 407 10
228 407 14
407 497 7
400 407 10
407 491 13
88 407 11
35 408 11
304 408 9
224 408 9
172 408 8
325 408 10
339 409 11
369 409 10
77 409 9
183 409 11
375 409 7
37 410 11
292 410 8
370 410 7
395 410 11
337 410 10
74 410 7
16 411 7
315 411 9
236 411 9
285 412 11
412 446 11
280 412 10
94 412 10
42 412 9
29 413 7
334 413 15
78 413 12
413 448 13
340 413 11
99 413 12
21 414 14
278 414 10
414 455 11
414 461 11
414 465 13
415 418 9
326 415 10
93 415 13
299 415 11
390 415 11
244 415 11
299 416 9
416 420 11
309 416 12
416 446 8
320 417 9
160 417 15
84 417 14
407 417 13
188 417 11
418 435 8
2 418 11
418 459 12
129 418 11
89 418 13
2 419 10
174 419 7
419 498 10
132 420 14
286 420 9
242 420 7
144 420 10
348 421 9
314 421 11
93 421 9
421 444 14
60 421 11
309 422 14
96 422 13
85 422 8
297 423 11
356 423 15
99 423 10
263 423 10
62 424 7
103 424 13
145 424 11
248 424 12
21 425 12
23 425 14
51 425 9
36 425 10
58 425 13
423 426 9
132 426 9
277 426 8
179 426 8
426 483 13
97 427 10
427 466 14
120 427 11
375 427 10
1 427 13
176 428 8
353 428 12
387 428 9
324 428 10
55 428 13
245 428 12
231 429 8
418 429 12
27 429 11
22 429 10
219 429 11
107 430 10
44 430 10
290 430 13
422 430 12
103 431 13
22 431 11
431 444 11
388 431 15
148 432 9
228 432 15
432 459 8
185 432 11
335 432 12
237 433 10
388 433 11
288 433 12
417 433 13
24 433 10
433 455 10
273 433 12
205 434 8
376 434 11
382 434 10
48 434 10
359 435 8
435 466 9
268 435 11
234 435 12
377 435 13
436 485 13
322 436 10
45 436 9
217 436 15
336 436 7
27 437 11
140 437 12
113 437 14
437 447 12
437 494 10
128 438 12
227 438 12
45 438 13
5 438 13
402 438 9
438 484 14
420 439 10
214 439 11
263 439 12
65 439 6
439 495 10
23 440 14
364 440 5
199 440 11
158 440 14
239 440 10
239 441 7
185 441 8
41 441 10
321 441 12
341 441 11
323 442 5
133 442 11
257 442 10
393 442 10
377 442 14
374 443 11
443 450 10
46 443 10
259 443 8
387 443 11
33 444 10
407 444 12
79 444 10
229 444 13
73 444 8
371 444 10
374 445 10
288 445 12
22 445 8
445 476 7
226 445 11
106 445 8
253 446 11
33 446 14
384 446 8
179 446 11
278 446 12
225 447 11
447 449 8
447 451 13
257 447 9
380 447 10
10 448 14
14 448 9
71 448 9
63 448 13
128 448 8
61 448 8
142 449 12
353 449 10
10 449 10
109 449 9
318 449 10
12 450 11
385 450 10
99 450 11
305 450 11
104 450 13
160 451 11
67 451 12
256 451 14
451 493 11
255 451 8
206 451 10
404 452 13
89 452 12
184 452 12
452 482 9
53 453 10
440 453 13
348 453 11
170 453 9
41 453 10
349 454 10
300 454 11
206 454 10
223 454 7
311 455 13
455 488 11
198 455 11
11 455 12
455 475 7
254 456 13
211 456 10
295 456 7
176 456 10
70 456 9
265 457 12
343 457 9
411 457 13
282 457 10
123 457 11
418 458 11
189 458 7
23 458 11
421 458 11
439 458 10
133 458 11
82 459 10
444 459 12
95 459 9
392 459 12
459 464 8
124 460 6
23 460 9
460 479 13
347 460 13
211 460 11
126 460 15
101 460 9
14 461 14
108 461 7
63 461 7
117 461 9
33 461 11
88 462 10
218 462 7
117 462 8
438 462 16
179 462 9
276 463 10
280 463 12
154 463 12
37 463 9
150 463 11
253 463 12
242 464 13
272 464 12
238 464 11
397 464 14
140 465 11
265 465 11
460 465 10
169 465 7
70 466 13
251 466 11
131 466 13
73 466 9
465 466 11
166 467 15
87 467 8
142 467 12
9 467 11
442 467 8
82 467 11
447 468 12
336 468 10
467 468 16
286 468 9
402 468 9
435 469 14
28 469 11
358 469 12
31 469 12
251 469 10
172 470 13
4 470 13
405 470 11
302 470 11
402 470 11
167 471 9
78 471 11
265 471 11
111 471 9
240 472 10
468 472 12
472 484 9
356 472 10
192 472 10
445 472 9
39 472 10
18 473 7
407 473 7
247 473 13
443 473 11
84 473 9
428 473 12
238 473 13
212 474 7
108 474 8
355 474 12
351 475 13
291 475 13
474 475 10
203 475 13
394 475 10
375 475 8
392 476 8
418 476 8
172 476 12
402 476 12
297 476 11
96 477 13
423 477 8
477 495 9
352 477 9
196 477 10
477 480 14
472 478 11
262 478 12
134 478 11
428 478 10
132 478 10
32 479 11
376 479 13
317 479 13
274 479 13
29 480 13
458 480 10
147 480 11
77 480 17
355 481 10
151 481 14
301 481 9
343 481 9
481 497 7
240 481 9
135 482 13
77 482 10
280 482 11
314 482 9
90 482 9
139 482 12
256 483 6
67 483 11
331 483 12
190 484 9
196 484 11
405 484 9
21 484 12
483 484 9
363 485 12
476 485 4
131 485 9
216 485 9
234 485 12
82 486 12
480 486 11
282 486 13
20 486 9
442 487 12
172 487 9
235 487 8
63 487 9
415 487 12
351 487 10
136 488 10
90 488 11
309 488 10
340 488 8
382 488 9
386 488 11
290 489 12
49 489 13
104 489 11
245 489 11
139 489 9
459 490 11
21 490 7
231 490 9
15 490 10
162 490 7
269 490 8
121 491 11
22 491 12
446 491 7
419 491 13
164 491 10
27 492 11
112 492 12
84 492 10
411 492 11
130 492 14
492 497 11
245 493 8
104 493 8
211 493 14
373 493 13
86 493 11
19 494 11
243 494 7
218 494 12
298 494 15
123 494 8
32 494 11
445 495 7
297 495 13
413 495 7
340 495 11
43 496 8
488 496 7
111 496 13
289 496 5
69 496 11
277 497 11
439 497 10
288 497 9
296 497 9
62 497 14
491 497 10
97 498 14
297 498 14
140 498 10
483 498 11
68 498 10
470 498 9
364 499 12
20 499 11
241 499 9
472 499 9
