500
0
9
2
5
10
2
5
6
10
5
5
7
7
2
7
5
6
3
4
4
2
3
7
3
3
3
7
8
5
4
2
6
3
3
8
6
1
8
5
6
9
5
7
3
5
2
8
3
10
7
4
4
10
8
6
5
2
9
8
6
1
5
4
5
7
6
7
8
7
4
3
7
3
6
9
4
4
9
9
6
4
7
8
5
8
5
4
3
1
1
2
4
8
4
6
2
4
6
5
8
5
6
4
2
3
5
8
10
5
1
4
3
7
9
5
5
6
2
5
8
9
5
8
2
6
9
10
7
5
5
4
3
5
8
2
8
5
4
7
7
2
5
1
1
7
1
1
3
6
4
6
10
7
4
5
3
5
3
4
6
5
3
7
5
7
6
7
6
5
4
5
6
7
8
2
7
2
6
8
9
7
10
9
3
7
9
2
6
8
3
7
10
3
6
5
8
9
10
9
7
10
3
2
7
3
6
2
8
6
7
1
5
6
1
9
8
9
5
4
1
5
1
3
1
5
7
9
2
5
2
6
7
9
2
2
3
4
9
2
7
1
8
9
3
5
8
9
6
8
6
3
9
3
4
7
10
3
6
9
5
7
1
3
10
5
6
3
5
5
6
4
3
7
2
7
4
7
8
8
6
2
2
2
4
8
5
2
10
9
6
1
4
7
5
3
2
4
4
10
8
7
2
5
8
7
7
8
7
8
5
6
1
3
6
7
3
10
3
5
6
6
2
1
7
4
5
2
3
7
3
9
9
8
3
7
4
2
7
3
9
8
6
9
8
10
9
7
2
7
3
4
5
2
10
2
8
9
6
9
2
7
7
6
7
7
6
10
7
7
2
4
2
9
5
5
10
9
6
8
2
8
3
4
9
10
5
3
3
9
2
2
2
7
6
4
7
7
2
2
5
3
1
3
9
2
3
8
8
2
2
5
4
8
3
8
6
7
8
6
3
10
3
7
9
8
3
9
1
9
8
8
5
3
6
5
7
3
6
2
6
2
1
8
7
4
1
6
5
6
2
2
3
3
1
3
9
10
4
8
6
10
3
8
4
4
10
7
5
1
5
7
5
2
6
10
2
9
4
5
9
5
7
8
8
10
7
1
9
3
9
2
6
3
10
7
4
4
7
7
10
0 223 10
0 453 8
0 226 14
0 88 9
0 167 11
0 294 9
0 322 13
0 174 12
0 318 13
0 67 12
0 328 9
1 353 10
1 221 9
1 187 10
1 84 12
1 46 12
1 88 11
1 488 12
1 71 6
2 290 11
2 23 8
2 134 13
2 258 8
2 340 9
2 418 8
2 429 11
2 310 14
2 482 11
2 411 11
2 309 14
2 143 7
3 230 14
3 355 12
3 412 9
3 332 5
3 401 9
3 279 12
3 362 9
3 244 11
3 495 9
4 146 7
4 436 9
4 126 12
4 152 11
4 437 11
4 274 13
4 340 8
4 77 9
4 9 12
4 483 9
5 306 11
5 300 9
5 174 10
5 271 11
5 452 8
5 415 14
5 194 12
2 5 7
5 328 9
5 32 12
6 175 12
6 346 10
6 465 12
6 184 13
6 145 12
6 118 7
6 64 11
6 41 9
6 117 11
6 319 9
7 103 10
7 42 14
7 488 10
7 264 12
7 316 14
7 457 12
7 439 8
7 442 12
7 230 10
7 380 9
7 231 10
8 227 8
8 480 9
8 93 12
8 392 12
8 149 13
8 81 13
8 340 14
8 54 13
8 388 10
8 56 12
8 279 9
9 406 9
9 380 12
9 116 11
9 281 12
9 104 9
9 234 12
9 142 11
9 291 11
9 384 7
9 395 11
10 117 11
10 409 11
0 10 14
10 139 8
10 172 11
10 295 10
10 250 14
10 20 13
10 14 7
10 275 12
10 152 8
11 121 9
11 156 10
11 278 11
11 418 10
11 375 13
11 301 11
8 11 13
11 433 11
11 367 11
11 299 10
12 340 12
12 490 6
12 355 13
12 271 8
12 196 14
12 106 13
12 169 8
12 144 9
12 397 10
12 220 11
12 478 10
4 13 10
13 477 12
13 202 13
13 169 10
13 293 14
13 191 9
13 408 11
13 324 11
14 161 11
14 45 6
14 256 12
14 159 8
14 247 11
14 460 13
14 468 12
14 126 12
14 323 10
14 33 16
15 268 14
15 114 10
15 314 9
15 255 13
15 269 11
15 122 13
15 133 14
15 49 12
15 464 11
15 451 10
16 407 4
16 340 13
16 82 9
16 98 15
16 273 11
16 466 11
16 284 8
16 149 10
16 393 11
16 388 12
16 26 11
11 16 12
17 306 10
17 113 12
17 336 8
17 467 10
17 374 12
17 420 12
17 317 8
17 355 11
18 495 12
18 70 13
18 177 12
18 163 12
18 190 10
18 245 11
18 367 9
18 122 12
18 407 10
19 469 7
19 198 13
19 205 13
19 358 10
19 287 13
4 19 12
19 211 12
19 310 12
19 421 12
19 363 16
20 465 13
20 455 10
20 31 13
20 497 10
20 331 9
20 30 14
20 185 9
20 340 13
20 352 13
20 346 10
20 27 10
21 171 10
21 82 8
21 72 9
21 271 10
21 451 8
21 299 12
21 113 12
21 206 11
21 189 11
21 199 13
22 325 10
22 467 8
22 282 7
22 362 10
22 98 8
22 207 12
22 255 11
22 377 13
22 231 14
22 26 12
22 284 9
23 421 11
23 365 9
23 212 10
20 23 11
23 193 8
23 197 14
23 157 10
23 81 8
23 314 15
24 152 12
24 232 8
24 269 14
24 49 14
24 407 9
24 493 13
24 76 8
24 329 14
24 415 12
24 194 7
25 162 12
25 370 12
25 320 5
25 255 8
25 117 13
25 63 7
25 225 8
25 448 11
25 248 9
25 243 13
25 237 10
25 158 12
26 333 9
26 339 13
26 480 9
26 464 14
26 206 12
26 214 9
26 357 11
26 52 12
26 94 8
25 26 9
27 468 7
27 138 10
24 27 8
27 298 10
27 308 6
27 357 9
27 65 8
27 330 11
27 419 13
28 460 14
28 137 10
28 311 9
28 369 10
28 167 11
28 412 9
28 437 8
28 156 10
28 390 9
29 108 10
29 59 11
29 69 10
29 78 9
29 333 8
0 29 16
29 446 14
29 81 10
29 368 10
29 98 11
29 285 10
29 51 9
30 191 11
30 66 9
30 339 12
30 421 12
30 307 8
30 86 16
30 198 10
30 426 10
30 488 9
30 146 9
31 159 9
31 139 9
24 31 10
31 364 11
16 31 9
31 388 8
31 109 8
31 306 9
31 453 9
32 451 12
32 254 10
32 236 8
32 468 9
32 233 9
32 193 12
32 62 10
32 429 14
12 32 5
32 304 13
32 109 12
21 32 13
33 99 10
33 263 6
33 450 15
33 38 13
33 465 11
33 499 13
33 458 10
16 33 8
33 314 10
33 126 9
33 107 8
34 478 11
34 77 8
34 172 5
34 143 9
34 181 10
34 302 13
4 34 15
34 63 12
34 217 12
34 110 12
34 232 8
35 455 9
35 127 15
11 35 8
35 268 8
35 358 11
35 414 12
35 306 14
35 216 11
35 109 7
35 250 12
35 294 11
36 308 10
36 275 10
36 94 12
36 258 7
36 124 11
36 221 10
36 41 8
36 472 5
36 149 11
36 78 8
37 92 11
37 409 9
37 453 16
37 39 11
37 306 12
37 371 5
37 251 12
37 182 13
37 388 10
37 381 7
37 264 10
38 302 12
38 40 14
38 461 14
38 351 8
38 67 10
38 341 9
38 171 8
38 59 13
39 186 11
0 39 13
39 51 14
39 135 14
39 263 10
39 55 13
39 113 11
39 455 13
39 64 8
39 111 12
40 400 9
40 462 12
40 349 10
40 152 11
40 194 11
40 368 14
40 257 9
40 320 11
40 351 8
40 56 7
41 451 10
39 41 14
41 91 11
41 295 11
41 239 12
41 73 8
41 206 12
41 163 9
41 50 10
41 184 11
42 243 11
42 111 12
42 326 10
42 95 10
1 42 10
42 201 12
42 84 12
5 42 14
42 315 9
43 319 9
43 117 12
43 488 11
29 43 9
43 211 9
43 158 9
43 445 13
43 424 13
43 380 8
43 441 12
36 44 12
44 486 9
44 444 11
44 62 9
44 254 11
44 437 8
44 263 12
44 120 7
44 402 11
45 201 11
45 225 12
45 342 10
45 266 10
45 121 11
45 80 15
45 451 9
45 329 12
33 45 11
45 107 11
11 45 12
46 121 12
46 493 10
42 46 10
46 197 11
46 78 13
46 266 11
46 246 8
46 265 10
46 47 9
46 311 12
47 334 11
47 297 10
47 203 14
47 361 12
47 103 9
47 120 13
47 338 9
47 181 7
47 86 11
26 47 9
47 443 9
48 378 11
48 80 12
48 163 13
48 468 9
48 201 10
48 112 12
48 150 10
48 388 7
48 115 12
49 282 11
49 468 11
49 352 13
39 49 11
49 339 11
49 358 11
49 255 14
49 172 10
49 393 13
50 224 12
50 306 14
12 50 11
50 276 14
50 298 8
50 119 11
46 50 11
50 345 9
50 231 9
50 116 8
51 285 12
51 390 9
51 354 9
51 287 9
51 334 13
51 86 10
51 187 12
51 53 10
51 426 10
51 119 10
51 394 10
52 352 7
24 52 12
52 405 10
52 293 12
52 140 9
52 348 10
52 131 10
53 477 11
53 274 13
53 132 12
53 138 8
53 230 12
53 88 10
53 322 8
53 376 9
53 96 11
10 54 10
54 88 9
54 122 11
54 276 12
54 484 10
54 310 9
54 150 11
54 74 14
54 265 14
54 274 9
55 471 11
55 226 9
55 84 11
55 329 8
55 238 11
55 79 10
55 287 12
55 271 10
55 205 7
56 392 11
56 192 11
56 167 8
14 56 6
56 287 12
56 339 9
56 495 10
56 482 10
56 170 11
56 178 10
57 324 12
57 214 11
57 182 12
57 298 10
57 334 9
57 175 13
57 460 10
57 228 12
57 480 10
57 64 7
57 353 12
58 107 9
58 259 9
58 109 12
58 274 12
58 189 14
58 237 10
58 395 10
58 131 10
58 272 11
58 452 11
58 407 10
59 85 12
59 461 12
59 422 11
59 392 10
56 59 14
59 146 8
59 125 12
59 97 10
59 253 10
59 161 10
59 291 9
60 277 10
60 497 7
60 71 10
52 60 10
60 299 8
60 152 7
8 60 11
60 189 11
34 60 10
60 393 10
61 415 12
61 440 12
61 432 11
45 61 9
7 61 11
61 323 15
61 143 10
61 105 10
61 488 12
21 61 6
61 465 11
62 123 14
62 208 9
62 96 13
62 469 11
62 66 13
62 256 8
62 241 11
62 147 13
62 90 12
62 128 11
62 308 10
63 478 14
50 63 9
63 361 9
63 98 7
63 291 6
63 485 11
63 493 12
63 176 14
63 212 7
63 104 12
63 354 9
63 269 10
64 180 14
64 119 13
64 497 8
64 91 14
64 357 10
64 386 11
64 423 12
64 261 12
64 422 11
65 337 8
65 483 9
29 65 14
65 429 11
65 321 8
65 267 9
65 497 10
0 65 11
65 266 7
47 65 10
65 413 9
66 121 10
66 78 14
53 66 7
66 88 11
66 270 10
66 192 11
66 219 11
66 419 10
66 212 10
67 210 11
67 296 7
67 79 7
67 483 7
67 438 10
67 247 11
67 371 8
41 67 7
3 67 11
67 218 11
67 497 9
68 428 11
68 77 12
68 337 11
68 231 9
68 372 12
68 207 10
68 262 7
68 246 10
52 68 8
68 109 8
69 77 12
69 376 14
69 132 11
69 208 12
69 287 9
69 185 11
69 241 12
69 118 8
69 355 13
69 236 10
57 69 7
70 99 9
58 70 11
70 489 10
0 70 10
70 460 9
70 410 10
70 169 14
12 70 12
70 262 8
70 454 7
71 222 12
33 71 9
71 223 11
71 385 12
71 96 10
71 350 11
71 211 14
71 245 11
71 336 7
71 309 9
71 220 11
72 228 7
72 283 12
72 261 9
72 325 10
72 426 16
72 333 8
72 124 9
72 248 11
72 433 14
72 306 10
25 73 10
73 352 10
73 461 10
46 73 13
73 424 5
28 73 11
73 120 8
73 407 9
73 437 12
73 431 9
73 288 11
74 148 13
74 495 9
74 192 12
67 74 15
74 78 8
74 434 10
62 74 11
30 74 12
74 122 12
75 179 10
7 75 11
75 349 8
75 126 8
75 232 8
75 78 9
68 75 12
75 382 15
75 459 13
75 408 9
75 128 13
76 300 15
76 86 12
76 296 16
26 76 12
76 152 12
76 342 9
76 260 13
76 127 12
76 444 12
76 166 12
76 363 11
23 76 12
77 344 9
56 77 11
77 302 9
1 77 10
29 77 10
77 137 14
77 140 12
77 340 12
35 77 7
78 362 6
78 494 11
78 411 10
78 115 9
78 475 11
78 480 12
23 78 8
78 385 7
78 94 9
78 384 8
78 308 9
79 166 11
79 173 9
54 79 10
79 454 11
79 426 7
79 448 7
79 201 14
79 163 12
79 485 9
79 113 10
1 79 15
80 368 9
80 295 9
80 119 10
80 163 10
80 455 11
80 120 12
71 80 10
80 182 10
80 106 11
80 217 8
80 127 10
62 81 12
81 174 12
81 158 9
81 248 11
81 215 11
37 81 10
60 81 14
80 81 12
81 83 8
75 81 11
82 292 7
70 82 9
82 260 11
82 265 13
82 484 8
82 488 12
58 82 11
82 287 11
82 286 9
83 297 8
83 150 11
83 344 9
83 223 11
83 419 12
83 147 12
83 233 13
83 468 14
83 183 13
73 83 9
83 404 12
84 234 10
14 84 13
84 340 13
84 319 10
84 161 9
84 382 12
31 84 9
84 282 9
84 273 10
84 396 15
64 85 12
85 402 13
85 359 13
85 367 10
85 314 12
85 408 10
85 320 10
85 252 11
85 292 11
85 235 12
86 131 12
86 293 11
86 481 12
86 312 10
86 410 9
86 360 15
18 86 9
86 257 6
86 192 14
86 432 12
87 294 11
87 331 12
87 475 13
87 292 11
87 388 10
87 278 10
87 163 10
87 492 11
87 259 12
87 96 13
88 390 15
88 422 12
88 259 11
88 293 7
88 221 9
88 401 9
88 100 9
88 285 12
84 88 11
89 499 12
59 89 6
89 360 10
89 487 7
89 424 11
40 89 12
67 89 11
89 260 8
89 202 9
89 350 11
90 111 13
90 283 9
53 90 12
45 90 12
0 90 13
90 372 8
90 334 10
90 351 11
89 90 10
90 455 10
91 443 12
91 413 12
91 207 14
7 91 13
91 210 7
91 280 15
91 464 14
91 373 8
92 279 10
92 95 9
62 92 10
92 481 14
51 92 9
92 140 9
92 186 10
92 430 10
60 92 9
87 93 15
66 93 16
93 215 8
93 186 11
93 209 11
93 498 11
70 93 9
93 136 6
93 227 10
34 94 11
94 432 6
94 453 12
70 94 11
57 94 13
94 159 11
94 265 11
94 427 10
94 382 15
94 460 11
40 94 12
95 197 9
95 134 10
95 297 9
95 201 9
71 95 10
95 205 8
95 111 11
95 325 8
32 96 8
96 285 13
96 424 13
96 311 12
10 96 13
89 96 11
96 193 11
28 96 10
96 280 10
96 463 13
97 478 10
84 97 11
22 97 9
97 280 11
55 97 11
28 97 11
97 346 9
97 487 11
97 240 7
97 292 13
98 160 10
98 342 10
98 294 10
98 180 13
98 197 8
98 276 11
98 336 13
98 140 8
98 273 11
99 208 12
99 435 11
99 238 12
99 468 11
99 406 11
99 348 12
99 250 10
99 351 6
99 228 12
100 497 10
100 369 9
100 499 10
100 389 13
100 373 10
100 415 13
100 474 8
100 357 10
100 459 12
93 100 10
101 335 9
3 101 11
10 101 12
101 138 13
101 304 11
101 497 9
101 150 9
101 120 9
101 222 10
101 236 10
102 360 8
102 125 11
21 102 9
102 435 9
102 378 13
102 243 10
102 412 8
27 102 13
102 144 13
102 261 11
79 103 11
103 286 14
103 345 9
24 103 9
103 480 8
23 103 13
103 245 8
103 159 11
19 103 13
103 251 12
103 295 11
22 104 11
71 104 9
104 272 9
104 440 9
104 324 10
45 104 8
104 328 12
104 346 13
104 127 10
104 453 13
104 230 8
104 427 13
105 379 10
105 198 11
105 344 8
105 338 10
105 451 11
105 126 13
105 241 13
105 470 11
105 391 9
33 105 11
106 469 11
106 200 8
106 473 11
8 106 10
106 281 9
106 236 8
106 431 9
32 106 9
106 475 10
106 412 13
106 216 14
59 107 11
107 173 9
107 163 11
26 107 9
107 265 17
107 209 9
36 107 12
107 380 11
107 344 10
107 434 10
107 369 8
108 475 7
108 212 12
108 436 12
52 108 10
108 226 12
108 492 10
73 108 8
108 438 9
109 201 11
109 308 12
14 109 15
23 109 11
109 218 10
109 332 12
109 329 11
109 144 13
109 164 7
109 131 9
110 231 10
110 464 9
110 168 13
110 411 12
110 349 10
110 322 13
110 158 9
110 457 11
110 216 13
110 444 9
40 110 9
110 494 13
111 179 12
111 204 12
111 458 12
111 273 11
111 297 12
111 209 14
111 134 9
111 169 11
111 463 15
111 455 13
112 399 11
112 477 11
82 112 12
112 360 11
58 112 12
112 333 11
112 265 13
112 205 11
69 112 9
112 400 7
82 113 12
113 393 11
9 113 9
113 281 9
113 462 13
113 286 12
113 232 9
81 113 8
113 471 13
22 113 13
70 113 10
114 327 9
114 180 9
71 114 12
114 157 13
114 445 11
5 114 14
93 114 12
75 114 7
114 405 6
114 420 7
115 416 11
115 200 12
46 115 13
115 131 11
115 325 8
43 115 13
115 404 13
115 264 12
115 166 10
2 115 6
116 378 10
116 151 8
116 287 12
116 417 11
69 116 13
116 142 9
116 283 11
116 191 9
11 116 10
71 116 9
116 221 12
54 117 14
99 117 9
117 252 9
110 117 10
74 117 14
117 333 10
117 378 10
117 423 8
116 117 12
117 463 9
118 238 7
118 195 13
26 118 14
118 452 12
118 240 17
118 329 12
24 118 13
118 219 10
118 486 12
118 442 9
115 118 10
25 118 10
119 358 12
119 342 9
25 119 10
119 155 12
119 367 12
119 414 10
119 268 10
10 119 12
119 144 8
42 120 9
120 423 12
120 341 13
120 464 15
120 227 11
120 455 9
27 120 9
120 319 11
72 120 12
120 438 10
108 120 9
88 121 7
121 137 10
121 494 14
121 156 11
121 224 10
121 306 12
121 125 9
121 365 13
121 402 11
121 350 10
122 305 11
122 131 10
122 425 11
80 122 10
122 318 6
122 158 9
122 223 12
122 452 6
122 403 14
122 291 12
123 130 9
123 347 13
123 465 9
123 350 11
123 127 7
117 123 15
123 435 17
123 394 11
123 328 9
123 167 12
123 259 10
124 480 9
124 311 8
124 198 11
124 172 13
124 230 14
124 240 11
124 419 9
124 331 13
124 394 13
124 133 13
125 140 9
125 295 10
125 284 9
125 314 7
15 125 11
125 287 12
125 323 10
58 125 12
125 348 8
125 322 13
126 322 6
18 126 8
126 451 13
126 329 13
126 428 10
17 126 13
126 295 11
126 208 8
126 189 7
126 145 13
42 127 9
127 166 10
127 448 8
5 127 10
72 127 10
127 190 11
127 335 13
127 424 10
10 127 9
127 492 11
127 320 13
127 146 9
128 297 13
128 433 9
128 487 10
128 493 12
128 267 11
108 128 12
128 276 10
128 307 13
128 159 11
129 169 9
129 145 13
99 129 12
129 296 13
129 399 9
129 355 12
129 317 10
129 202 11
129 305 10
129 223 10
129 370 15
130 234 7
130 314 11
130 229 10
34 130 12
130 492 10
130 476 13
130 240 11
114 130 14
75 130 12
130 148 11
130 138 13
131 362 10
1 131 12
72 131 10
131 278 11
32 131 10
131 148 9
131 165 9
70 131 12
131 349 11
131 435 8
68 132 11
99 132 10
132 195 12
132 192 9
132 456 12
132 263 9
132 326 8
132 414 15
132 466 12
66 132 10
133 357 10
57 133 11
95 133 11
133 471 10
133 261 10
72 133 10
85 133 13
58 133 12
133 231 9
134 158 8
134 192 11
134 150 12
134 469 10
118 134 11
134 466 11
12 134 9
134 281 11
134 227 12
134 356 12
99 135 10
135 176 12
124 135 5
26 135 14
135 432 11
135 402 9
29 135 11
135 157 12
57 135 11
35 136 12
136 291 6
136 447 9
136 370 11
136 372 10
136 200 10
136 286 13
114 136 10
136 223 14
56 136 8
102 137 10
137 449 7
137 245 11
47 137 10
137 486 12
113 137 11
137 432 10
137 186 10
93 137 11
137 313 11
138 162 10
138 194 12
138 415 13
116 138 12
93 138 14
138 316 9
138 303 10
138 176 11
138 160 8
22 138 11
139 194 11
139 321 15
139 201 9
139 199 5
49 139 10
139 474 12
139 346 12
4 139 11
140 424 10
140 435 13
140 498 9
140 390 11
140 486 12
140 385 13
102 140 13
76 140 12
140 332 7
140 484 12
141 337 12
141 326 12
141 328 10
65 141 12
141 191 5
141 274 8
17 141 11
141 307 9
55 141 12
125 141 11
141 473 12
70 142 6
142 216 13
142 196 10
103 142 10
142 230 12
142 345 13
90 142 10
142 219 12
142 400 8
142 283 12
143 342 12
143 196 8
71 143 11
127 143 15
143 431 10
116 143 10
143 430 9
143 382 14
143 222 9
143 221 5
72 144 14
144 183 13
144 233 12
13 144 13
144 178 8
144 382 12
144 343 9
18 144 9
10 144 8
140 144 8
145 465 6
145 398 13
145 464 9
97 145 7
145 403 10
103 145 11
145 228 9
145 483 9
29 145 13
7 145 9
146 237 7
146 398 11
146 178 11
146 367 7
146 219 10
91 146 14
110 146 10
146 173 11
146 214 10
56 146 9
146 427 9
147 462 10
147 373 12
147 314 14
147 283 13
147 365 8
28 147 10
147 298 14
147 165 11
148 361 12
148 482 13
148 175 9
148 499 12
134 148 12
55 148 7
148 477 11
148 494 7
90 148 13
148 173 10
148 207 10
148 243 15
119 149 10
149 428 7
149 429 14
149 300 7
149 398 10
149 234 10
149 239 9
149 155 10
150 421 12
150 297 7
139 150 13
150 158 10
150 465 13
150 289 12
150 151 12
150 202 13
150 317 12
150 176 10
151 413 11
20 151 8
151 372 12
106 151 7
151 389 11
151 279 13
151 309 3
151 434 9
19 151 10
81 152 10
152 222 10
15 152 7
152 325 13
103 152 10
152 373 10
19 152 5
152 261 6
152 265 11
152 248 11
152 176 11
153 341 13
153 162 14
146 153 8
153 239 11
153 436 11
68 153 10
122 153 13
153 208 12
153 277 12
153 193 11
154 172 13
154 422 9
128 154 15
154 490 11
154 354 11
154 413 9
154 332 11
154 385 11
154 360 11
154 254 12
154 233 6
155 438 7
155 289 9
6 155 9
155 445 10
155 388 9
155 384 9
155 418 8
155 324 10
137 155 10
155 251 14
156 302 12
156 236 9
156 296 11
156 432 9
156 469 8
156 466 12
81 156 10
137 156 12
156 499 11
156 446 9
74 157 10
97 157 13
69 157 13
157 225 8
40 157 8
157 307 11
46 157 10
157 232 11
157 327 12
157 440 11
157 321 9
158 228 10
158 164 8
158 454 14
158 245 11
119 158 11
158 255 14
158 456 13
158 432 15
158 232 9
159 271 9
90 159 11
136 159 10
159 273 10
61 159 9
159 290 10
159 161 12
159 354 12
159 376 10
147 160 12
160 426 9
160 446 11
7 160 8
74 160 13
79 160 15
160 233 7
160 472 12
143 160 13
120 161 12
161 408 10
23 161 10
161 340 12
90 161 8
161 174 8
161 336 9
161 381 11
148 161 11
69 162 8
162 499 9
162 490 12
162 225 7
162 335 11
9 162 14
162 230 10
162 222 12
162 411 8
14 162 8
163 294 11
163 362 6
163 476 13
163 415 8
163 181 12
30 163 10
89 163 15
163 250 9
163 330 8
1 164 9
164 447 11
164 295 12
118 164 11
98 164 9
164 382 14
164 265 11
39 164 13
164 351 10
81 164 10
165 202 13
15 165 9
79 165 11
165 306 9
165 232 15
165 349 12
100 165 13
165 469 5
165 439 9
166 224 8
29 166 9
166 460 8
166 481 10
166 195 10
166 173 12
110 166 13
33 166 10
122 166 16
166 480 10
147 166 10
167 215 10
167 445 7
167 222 8
140 167 13
167 208 12
167 423 8
104 167 11
167 474 9
152 167 13
168 385 10
168 310 12
53 168 12
6 168 10
168 320 9
168 183 9
168 397 8
168 173 8
168 465 8
88 168 11
5 169 10
135 169 8
169 318 10
169 227 9
105 169 10
169 444 6
169 213 11
15 169 10
133 169 11
169 231 12
170 448 10
170 180 15
104 170 13
98 170 7
170 302 12
170 429 9
55 170 9
105 170 11
170 380 8
171 220 8
171 293 11
171 286 10
171 385 10
28 171 11
171 351 11
80 171 12
171 233 13
101 171 9
82 171 10
151 172 15
156 172 12
172 275 9
19 172 11
172 407 12
21 172 12
4 172 17
172 273 14
172 292 12
39 172 16
173 288 13
173 226 11
173 304 7
173 238 15
173 357 11
173 280 10
173 213 10
173 478 12
131 174 11
52 174 9
174 209 11
174 450 13
174 326 11
174 278 13
174 321 11
127 174 13
174 207 13
174 230 12
175 428 12
175 182 6
175 286 12
4 175 11
175 434 11
41 175 15
175 332 11
33 175 12
175 437 10
175 290 9
176 265 10
69 176 9
151 176 10
176 410 12
163 176 10
176 292 13
176 245 7
176 351 10
176 492 12
176 358 9
149 177 11
177 494 10
63 177 11
177 358 8
31 177 8
177 301 10
177 391 7
78 177 6
84 177 8
177 292 11
64 178 6
178 179 11
178 330 12
84 178 11
178 493 10
178 212 10
178 281 10
2 178 12
178 368 9
160 179 14
59 179 12
179 192 10
179 323 11
179 229 11
179 271 11
11 179 12
179 393 15
173 179 9
179 466 11
26 180 10
20 180 9
44 180 8
21 180 12
17 180 10
180 426 6
180 355 7
180 219 11
132 180 11
73 181 13
88 181 12
97 181 10
86 181 12
101 181 9
181 355 10
181 200 10
181 192 14
174 181 9
181 389 11
181 447 10
181 278 9
35 182 10
182 476 13
31 182 14
182 280 10
124 182 12
182 341 10
128 182 10
182 386 14
87 183 15
120 183 11
183 440 11
183 285 13
183 379 10
183 209 6
5 183 8
183 436 12
68 183 11
143 183 14
21 184 13
184 383 10
184 385 8
60 184 10
43 184 9
184 329 13
184 268 14
0 184 9
184 300 8
184 435 12
185 320 13
185 221 10
157 185 15
185 265 13
185 481 13
50 185 9
168 185 11
185 337 14
185 308 9
185 288 10
186 265 8
186 383 12
74 186 8
186 259 12
186 263 9
186 233 8
186 433 8
186 351 8
186 234 12
46 186 8
86 187 11
187 471 13
173 187 11
187 330 10
187 373 10
187 338 9
34 187 13
187 445 12
134 187 9
187 498 14
76 188 10
188 443 7
188 319 12
172 188 11
188 245 10
133 188 9
188 367 14
40 188 10
188 400 11
70 188 10
189 252 14
189 372 13
171 189 9
189 286 8
152 189 11
189 401 8
92 189 11
189 358 12
55 189 13
160 190 11
86 190 10
190 265 9
162 190 14
190 477 7
170 190 10
190 269 10
190 228 11
190 472 10
185 190 12
191 382 13
1 191 9
191 427 13
3 191 9
142 191 12
165 191 15
191 237 6
191 440 11
191 197 10
170 191 12
191 347 13
192 476 12
192 208 10
192 310 12
192 274 10
165 192 10
8 192 10
95 192 13
192 350 13
193 317 8
110 193 8
193 393 12
40 193 11
193 200 11
193 446 11
193 333 8
193 278 10
162 193 7
193 301 8
194 488 13
194 349 7
194 218 6
194 353 10
194 445 12
194 355 12
194 385 9
194 492 7
194 289 14
194 465 9
131 194 14
195 391 14
66 195 11
179 195 10
195 352 14
11 195 6
146 195 10
195 371 6
195 497 10
195 489 12
196 407 11
196 383 13
196 248 14
196 490 9
196 282 9
196 492 12
196 324 10
196 213 14
196 415 7
192 196 12
197 440 8
47 197 10
71 197 14
197 431 8
67 197 10
197 427 13
197 497 11
24 197 11
113 197 9
197 228 9
197 239 8
198 314 10
198 388 11
23 198 10
198 404 10
198 316 9
198 302 14
198 497 12
198 385 9
198 308 10
85 198 11
151 199 11
199 471 9
199 335 11
145 199 9
199 410 11
77 199 11
199 399 8
199 333 11
200 207 9
200 373 12
200 292 11
53 200 9
200 476 10
200 245 7
200 285 13
70 200 9
94 200 10
200 336 13
201 393 10
201 378 10
169 201 13
201 286 6
201 416 7
201 467 7
201 329 9
201 336 10
43 201 11
128 202 9
202 223 13
85 202 7
202 210 14
202 454 10
202 277 12
202 370 10
134 202 11
39 202 10
202 383 9
192 202 11
203 359 10
45 203 10
142 203 7
203 470 9
203 264 11
99 203 13
203 331 9
203 373 11
203 219 10
203 365 13
204 373 8
176 204 14
204 223 9
204 355 10
204 253 11
204 337 11
204 414 12
89 204 12
178 204 9
153 204 9
26 205 11
182 205 8
205 382 6
205 222 11
105 205 11
205 332 11
25 205 10
162 205 10
205 235 12
197 205 12
205 399 10
205 378 9
117 206 11
51 206 11
206 330 11
137 206 8
206 367 14
206 395 9
206 209 11
206 256 13
206 321 6
206 393 12
206 252 12
79 207 12
207 315 12
17 207 10
207 215 7
207 216 9
51 207 9
207 459 9
207 342 9
207 496 8
207 434 9
190 207 13
208 317 12
11 208 12
191 208 12
208 483 8
157 208 10
208 304 12
208 289 11
107 208 12
105 208 13
91 209 10
209 450 8
209 464 10
132 209 10
209 212 13
58 209 14
209 478 9
209 293 11
188 209 12
82 209 7
209 287 6
98 209 10
210 364 11
210 474 14
210 358 17
87 210 9
41 210 8
210 499 11
90 210 8
210 368 8
210 243 5
127 210 13
211 494 9
68 211 9
166 211 13
211 244 9
211 419 13
147 211 11
102 211 11
211 329 10
211 370 12
105 211 10
212 480 12
212 311 13
212 239 11
19 212 11
204 212 11
80 212 9
212 418 10
212 346 10
9 212 9
212 446 14
157 212 10
213 417 13
213 245 12
213 291 12
213 428 11
213 471 11
49 213 11
213 462 10
213 426 8
213 478 9
153 214 12
214 238 14
132 214 14
101 214 10
66 214 10
214 310 7
214 366 10
193 214 9
214 476 7
214 346 12
215 297 10
215 299 9
215 219 12
119 215 8
215 225 8
215 217 9
215 228 12
215 247 10
122 215 9
215 221 11
199 216 9
216 271 9
216 480 11
12 216 13
216 370 9
216 425 11
56 216 12
216 479 13
216 365 10
127 216 9
172 216 10
60 217 13
124 217 10
164 217 12
27 217 8
217 387 11
217 360 8
217 305 11
217 460 11
39 217 10
218 484 10
218 435 10
218 356 9
218 400 12
218 475 8
218 427 9
218 244 12
218 221 8
218 382 7
218 473 12
219 268 9
219 331 11
219 251 6
219 476 8
86 219 14
219 256 10
219 404 12
39 219 11
202 219 14
218 219 11
220 411 7
220 298 11
220 339 8
220 350 11
220 276 11
220 366 9
220 485 12
14 220 11
115 220 14
220 317 9
221 326 11
221 379 8
130 221 10
221 473 11
221 305 10
221 265 13
83 221 11
150 221 10
189 221 11
222 299 10
222 398 15
222 326 12
222 427 11
220 222 14
222 435 7
222 305 11
212 222 12
6 222 11
222 284 14
34 223 13
92 223 7
223 284 11
223 315 11
223 307 10
223 385 9
113 223 12
36 223 13
3 223 11
223 342 11
224 226 10
224 449 8
37 224 14
224 242 6
224 348 11
224 355 13
224 486 10
224 411 8
224 471 11
225 240 9
110 225 10
204 225 11
146 225 10
225 302 10
225 412 11
23 225 14
106 225 9
171 225 10
8 226 11
226 337 15
115 226 10
196 226 13
226 424 13
226 470 7
226 276 10
130 226 11
223 226 10
133 227 8
227 344 12
227 260 10
210 227 9
197 227 9
118 227 9
227 258 9
36 227 13
227 383 13
227 363 7
88 227 12
114 228 14
181 228 11
228 348 8
228 364 9
164 228 9
0 228 10
228 415 12
228 395 13
228 318 10
228 306 9
228 281 14
229 321 9
229 237 11
27 229 11
229 454 10
229 390 9
225 229 11
113 229 8
229 494 12
229 303 7
23 230 10
111 230 11
230 390 9
230 493 10
21 230 11
176 230 8
230 272 9
230 318 12
230 463 11
230 255 13
126 231 10
123 231 16
231 356 10
170 231 13
205 231 11
231 244 8
34 231 13
231 301 10
81 231 11
91 232 10
68 232 7
190 232 15
232 479 9
232 381 10
73 232 11
137 232 9
199 232 10
78 232 8
106 233 10
233 402 13
233 407 8
233 261 13
233 329 13
207 233 16
233 284 12
233 445 10
233 443 8
233 422 10
146 233 9
33 234 11
234 475 14
234 419 11
176 234 7
234 476 11
234 421 11
65 234 9
234 347 11
234 279 9
234 277 8
234 360 11
192 234 13
119 235 10
77 235 10
235 435 10
235 269 8
23 235 11
235 410 10
56 235 11
197 235 8
235 282 8
235 425 12
75 235 9
178 236 12
44 236 9
196 236 13
236 431 12
236 374 10
236 326 10
236 399 13
236 396 10
236 237 11
145 236 9
228 237 11
87 237 12
237 412 10
59 237 12
125 237 11
237 246 8
231 237 7
237 457 14
237 344 10
171 237 8
237 316 14
238 415 6
238 335 10
238 466 11
86 238 13
238 423 11
162 238 14
238 321 9
181 238 8
238 357 8
237 239 9
103 239 12
207 239 11
135 239 8
188 239 11
239 341 10
32 239 11
30 239 9
62 239 9
220 240 9
240 302 8
13 240 12
240 380 11
240 364 14
231 240 10
152 240 13
3 240 13
240 383 12
241 415 12
241 243 10
241 372 10
241 267 9
241 281 14
241 468 12
5 241 9
241 296 9
41 241 11
241 389 12
49 242 7
242 257 10
153 242 11
228 242 9
242 476 12
242 423 7
81 242 12
93 242 8
11 242 10
182 242 12
243 378 9
243 333 9
243 337 12
243 394 12
243 374 7
243 410 16
243 482 9
149 243 11
105 243 8
177 244 11
22 244 7
20 244 13
244 298 11
14 244 8
116 244 11
10 244 10
244 403 9
92 244 12
244 375 10
101 245 11
82 245 7
245 336 13
166 245 9
114 245 14
245 458 8
108 245 13
245 406 10
131 245 13
241 245 10
246 477 10
135 246 8
228 246 12
246 396 10
246 452 14
246 295 12
31 246 11
53 246 14
246 313 10
246 435 11
246 333 15
246 310 8
247 477 8
169 247 9
247 286 10
102 247 10
181 247 10
247 252 7
134 247 10
247 450 9
247 379 7
56 247 9
247 442 11
248 274 12
248 375 13
248 298 7
99 248 11
248 349 13
248 396 10
248 331 14
239 248 11
248 418 12
248 361 12
155 249 11
249 467 12
249 322 10
249 372 11
249 497 11
249 339 10
49 249 10
249 412 12
249 259 9
249 306 13
250 377 9
65 250 13
1 250 13
250 322 9
250 422 12
126 250 8
250 414 11
73 250 11
250 385 7
250 398 11
251 288 10
2 251 8
164 251 9
251 427 10
17 251 9
140 251 12
251 387 9
111 251 12
251 281 9
109 252 8
244 252 9
177 252 10
252 265 11
252 449 12
252 274 7
252 488 8
252 469 11
109 253 9
253 493 9
253 371 11
253 447 7
230 253 11
253 315 10
253 334 10
253 382 9
253 326 13
239 253 13
80 253 8
254 410 11
60 254 17
254 426 11
141 254 10
210 254 11
254 329 12
238 254 11
254 350 12
47 254 11
23 254 9
255 433 12
143 255 13
255 308 10
255 441 8
154 255 9
255 484 9
231 255 12
19 255 11
181 255 7
242 256 13
256 276 12
256 353 11
256 468 10
221 256 12
15 256 12
83 256 10
256 458 8
91 256 10
257 481 7
257 289 9
64 257 10
38 257 16
180 257 12
257 298 13
257 413 11
215 257 10
91 257 13
231 258 11
258 444 10
118 258 12
182 258 13
258 283 11
258 267 10
258 434 8
258 368 8
258 457 8
124 258 10
258 336 8
68 259 10
213 259 9
259 260 10
259 396 11
259 428 15
132 259 13
214 259 11
161 259 6
259 447 9
260 269 13
260 460 10
158 260 11
260 298 9
260 294 11
59 260 12
260 339 7
260 434 10
40 260 11
250 260 10
50 261 13
237 261 14
261 499 11
107 261 13
136 261 12
245 261 13
261 462 12
261 355 8
261 354 10
261 331 10
49 262 9
262 435 12
118 262 9
89 262 9
224 262 11
140 262 9
262 352 10
263 409 15
205 263 10
263 405 9
263 368 11
263 438 13
171 263 12
88 263 8
263 406 10
183 263 14
87 263 10
143 263 11
263 450 9
154 264 12
264 377 12
242 264 15
264 386 12
264 495 10
264 298 9
264 392 13
264 405 8
39 264 10
106 264 10
43 265 12
77 265 7
265 482 11
25 265 8
265 408 9
265 336 15
263 265 11
254 265 9
265 413 12
165 265 11
265 454 10
266 321 14
115 266 11
64 266 8
266 382 8
23 266 15
229 266 8
214 266 9
162 266 11
5 266 11
266 395 12
119 266 10
266 309 10
267 453 8
84 267 13
267 331 10
203 267 12
142 267 11
267 445 9
267 321 7
255 267 11
267 441 9
238 267 10
108 267 12
77 268 8
268 345 10
250 268 8
228 268 6
108 268 10
260 268 11
268 419 13
248 268 11
268 452 12
218 268 12
163 269 12
93 269 8
269 391 8
269 481 14
58 269 8
259 269 11
100 269 10
23 269 8
28 269 10
0 269 15
269 337 12
170 270 10
90 270 10
65 270 12
270 441 11
270 287 13
216 270 12
270 406 12
270 351 9
270 316 12
270 312 13
271 332 9
176 271 6
125 271 10
271 289 9
31 271 11
271 476 10
271 304 14
251 271 10
271 488 12
271 320 11
232 272 12
198 272 13
213 272 10
2 272 10
33 272 11
96 272 9
272 369 11
272 425 8
272 357 7
272 436 10
207 273 13
273 366 11
75 273 12
273 454 8
273 292 7
250 273 9
173 273 10
223 273 14
273 399 9
121 273 9
103 274 10
274 417 13
274 406 10
264 274 10
188 274 12
274 362 9
116 274 11
274 477 12
274 391 10
173 275 13
275 313 9
275 386 7
275 455 9
79 275 10
275 499 9
275 354 12
20 275 10
166 275 11
275 343 8
275 355 10
276 364 12
276 335 11
276 326 13
71 276 10
20 276 14
69 276 9
267 276 9
217 276 9
66 276 9
215 277 15
277 288 11
277 346 7
277 383 12
82 277 11
277 279 11
277 280 10
277 312 13
277 337 11
277 368 10
278 482 11
150 278 7
278 490 9
86 278 8
278 281 11
278 471 12
278 426 11
36 278 12
278 295 8
278 307 11
223 279 6
203 279 8
12 279 10
237 279 10
279 402 6
279 436 12
195 279 11
137 279 9
279 335 12
73 279 15
252 279 9
280 301 9
215 280 5
199 280 8
280 459 13
153 280 10
280 338 7
274 280 9
225 280 11
280 295 10
280 374 9
281 395 9
114 281 11
206 281 10
107 281 10
281 372 13
281 351 10
149 281 15
63 281 14
281 416 15
281 401 9
225 282 12
134 282 11
282 308 11
209 282 11
282 460 11
78 282 11
282 324 10
229 282 8
282 471 8
282 431 12
283 451 13
107 283 14
93 283 8
152 283 11
207 283 7
283 498 10
76 283 7
283 344 13
245 283 9
283 486 9
231 283 13
141 283 9
225 284 9
284 388 13
232 284 11
284 349 12
131 284 12
45 284 8
74 284 9
39 284 9
284 417 7
284 324 10
285 361 8
8 285 7
285 340 10
280 285 12
108 285 13
285 456 11
221 285 11
48 285 10
285 493 11
285 464 11
38 286 9
153 286 14
80 286 11
124 286 12
286 345 12
270 286 10
6 286 10
249 286 11
286 296 12
251 286 10
287 453 14
274 287 10
287 371 9
287 368 8
93 287 8
237 287 10
208 287 14
220 287 12
172 288 9
240 288 13
22 288 8
244 288 10
259 288 7
288 333 11
168 288 10
288 406 8
120 288 11
76 289 14
83 289 14
27 289 10
289 445 13
236 289 13
289 374 9
289 432 10
289 310 10
289 322 10
276 289 10
198 290 8
290 319 10
240 290 8
290 486 9
181 290 10
199 290 10
290 368 10
65 290 10
218 290 10
290 315 12
290 355 10
83 290 13
227 291 13
291 440 14
175 291 11
291 422 9
233 291 8
73 291 11
291 413 10
291 486 8
291 306 12
128 292 10
91 292 11
178 292 8
166 292 6
114 292 14
292 381 12
292 306 9
292 499 11
258 292 10
292 492 8
292 326 12
6 293 7
233 293 11
293 440 11
0 293 11
242 293 10
22 293 10
181 293 10
293 430 12
165 293 8
218 293 7
145 293 11
43 294 5
294 394 11
294 337 12
197 294 12
266 294 11
294 481 14
261 294 10
294 325 7
294 342 11
295 436 8
295 310 8
66 295 9
295 457 8
247 295 9
124 295 9
31 295 10
295 453 9
220 295 14
201 295 12
296 347 9
28 296 11
142 296 12
257 296 8
296 454 9
12 296 7
296 468 13
296 412 10
75 296 11
226 296 12
297 400 8
288 297 12
160 297 10
140 297 12
297 355 12
60 297 9
297 446 10
97 297 11
297 439 8
297 304 12
35 298 10
298 470 15
298 329 15
84 298 7
54 298 12
4 298 12
173 298 11
298 418 11
165 298 13
228 299 14
54 299 12
31 299 12
163 299 10
299 456 9
150 299 12
74 299 13
85 299 13
115 299 16
299 315 12
83 300 8
159 300 11
204 300 9
300 394 11
300 320 7
300 316 8
300 410 12
300 366 11
223 300 13
34 300 13
242 300 14
222 301 6
301 429 13
301 324 7
301 368 12
301 369 11
301 340 11
219 301 9
301 409 14
301 330 13
301 347 9
302 377 12
222 302 12
302 407 10
187 302 12
49 302 8
80 302 9
272 302 8
199 302 8
74 302 8
161 303 11
303 362 12
68 303 11
160 303 8
303 313 8
303 468 14
79 303 7
303 467 13
303 324 8
217 303 13
132 304 12
256 304 12
150 304 10
304 309 10
304 352 8
257 304 11
34 304 9
304 446 9
67 304 13
37 304 11
266 304 6
124 305 13
305 374 14
210 305 11
305 340 15
51 305 10
305 452 13
305 311 9
242 305 9
305 443 12
305 440 9
277 305 12
305 422 13
86 306 9
56 306 6
102 306 12
306 309 12
284 306 10
306 408 11
306 371 13
223 306 15
306 339 11
196 306 10
307 494 10
51 307 10
307 405 7
82 307 9
175 307 9
307 375 6
86 307 12
122 307 11
0 307 9
171 307 12
46 308 7
18 308 11
128 308 14
218 308 9
124 308 12
257 308 12
31 308 13
136 308 8
127 308 11
130 308 11
28 309 7
216 309 8
309 483 11
309 397 11
309 399 8
262 309 7
254 309 7
309 460 9
309 344 11
173 309 10
310 490 13
284 310 11
170 310 11
174 310 14
189 310 9
92 310 8
310 388 9
256 310 11
31 310 13
310 446 12
286 311 14
236 311 12
87 311 9
311 315 9
311 497 9
311 471 11
2 311 11
120 311 13
174 311 9
280 311 10
312 495 7
264 312 14
40 312 9
51 312 10
312 351 11
312 355 10
299 312 9
284 312 13
312 433 11
312 431 12
313 346 13
313 376 11
239 313 13
179 313 9
313 470 12
209 313 13
313 354 7
178 313 11
313 485 10
29 313 13
192 314 12
153 314 14
314 319 10
100 314 11
314 355 15
314 487 9
314 465 8
271 314 8
71 314 12
159 314 10
180 314 8
315 403 9
315 376 14
98 315 11
239 315 11
315 397 8
277 315 8
315 329 10
26 315 9
315 345 10
22 316 10
98 316 9
316 484 9
316 497 11
316 323 10
146 316 6
110 316 8
67 316 9
240 317 9
109 317 10
317 403 8
28 317 7
226 317 12
63 317 10
317 329 11
101 317 10
82 317 11
317 455 12
317 377 12
97 318 12
318 441 12
318 337 9
8 318 15
45 318 10
244 318 10
318 482 9
3 318 12
190 318 9
318 460 9
318 486 9
253 319 9
319 383 10
71 319 10
156 319 12
319 499 13
309 319 10
308 319 10
186 319 12
319 495 15
18 319 12
320 486 10
72 320 14
111 320 13
256 320 7
58 320 10
217 320 10
293 320 11
71 320 7
188 321 11
110 321 13
319 321 10
248 321 9
211 321 10
105 321 15
189 321 12
321 346 12
61 321 10
72 321 14
321 464 14
283 322 10
322 472 14
5 322 15
157 322 12
143 322 12
187 322 10
231 322 14
322 475 11
45 322 8
322 332 8
322 496 10
203 323 9
37 323 11
323 391 9
300 323 11
323 344 10
134 323 11
230 323 14
135 323 8
323 499 10
323 441 11
97 323 11
306 324 8
324 346 12
11 324 9
324 452 10
324 360 12
63 324 11
324 461 14
324 357 13
324 373 8
325 335 9
246 325 11
299 325 12
290 325 11
325 470 11
174 325 10
325 489 12
219 325 13
325 457 10
145 325 8
7 326 12
212 326 11
313 326 11
326 498 8
326 364 13
302 326 11
214 326 13
326 492 11
326 472 9
225 327 7
239 327 9
327 429 12
59 327 13
278 327 11
327 378 8
213 327 6
241 327 10
327 402 13
297 327 12
328 419 11
65 328 8
47 328 13
48 328 7
328 466 9
328 370 15
33 328 6
88 328 8
328 460 11
22 329 12
17 329 12
318 329 11
329 486 10
92 329 10
230 329 13
128 329 11
179 329 9
330 349 12
269 330 10
330 441 10
96 330 14
240 330 13
286 330 9
296 330 12
330 341 8
330 347 8
330 348 9
331 452 7
331 358 12
331 428 8
228 331 10
270 331 12
71 331 11
331 338 7
331 340 14
264 331 7
116 332 11
332 480 9
141 332 9
332 490 12
226 332 9
54 332 8
332 484 11
68 332 9
152 332 9
298 332 9
267 332 10
144 333 12
333 444 10
333 416 9
333 364 12
264 333 10
313 333 9
148 333 11
333 449 11
333 482 9
333 498 13
54 333 14
333 426 14
104 334 10
116 334 10
325 334 13
229 334 10
170 334 12
334 436 9
334 365 9
0 334 11
334 477 9
334 410 10
135 334 9
46 335 10
335 468 10
266 335 12
335 338 10
335 426 10
335 408 10
184 335 10
335 446 12
172 335 10
142 336 8
336 401 12
336 481 7
336 496 6
336 425 7
264 336 17
336 479 11
81 336 14
2 336 12
261 336 10
337 480 11
23 337 9
252 337 11
282 337 11
337 490 9
337 359 10
161 337 10
291 337 10
280 337 11
78 338 12
109 338 14
58 338 10
240 338 12
230 338 9
33 338 10
75 338 11
338 422 9
250 338 13
202 338 8
339 458 11
84 339 11
164 339 11
339 362 13
34 339 10
60 339 10
95 339 12
339 474 10
339 370 7
191 339 11
340 346 10
263 340 13
126 340 7
340 377 12
63 340 8
71 340 10
206 340 6
142 340 14
79 340 12
328 340 12
49 341 11
282 341 14
224 341 11
160 341 10
205 341 12
262 341 11
79 341 11
341 375 7
10 341 13
84 341 10
342 487 11
317 342 11
342 472 10
101 342 9
338 342 15
92 342 7
342 437 12
121 342 8
321 342 10
181 342 7
214 342 11
343 486 13
285 343 10
123 343 12
343 405 7
278 343 12
343 403 10
287 343 9
45 343 11
23 343 13
25 344 12
192 344 10
344 345 11
344 489 8
11 344 9
344 420 13
18 344 10
344 481 11
78 344 10
252 344 14
47 345 15
345 478 10
277 345 8
345 392 8
334 345 12
44 345 9
143 345 13
345 456 9
205 345 11
296 346 11
162 346 10
55 346 5
9 346 10
346 416 14
346 436 13
346 394 11
346 496 11
314 346 8
108 346 5
347 406 10
347 421 10
177 347 14
347 362 13
347 387 12
114 347 13
281 347 14
119 347 11
347 405 9
347 352 12
348 387 12
348 412 11
338 348 10
348 436 10
268 348 10
35 348 9
82 348 10
270 348 11
348 463 13
206 348 12
288 349 10
81 349 8
349 461 13
349 498 10
349 365 11
78 349 12
62 349 9
114 349 12
349 397 11
349 436 10
278 350 12
271 350 8
106 350 13
130 350 14
310 350 4
350 445 10
350 364 13
284 350 12
350 411 11
268 350 12
159 350 13
268 351 6
351 492 11
351 388 11
351 411 11
27 351 11
293 351 10
62 351 10
13 351 10
336 351 9
320 351 6
5 351 9
152 352 13
251 352 9
352 410 11
207 352 9
316 352 13
92 352 7
266 352 11
352 415 10
352 452 10
174 352 10
288 353 12
353 367 13
298 353 10
353 446 12
353 470 12
353 373 9
320 353 6
87 353 11
353 486 11
42 353 11
203 353 14
354 472 11
354 454 10
100 354 10
83 354 10
242 354 11
34 354 10
354 378 8
354 493 9
198 354 7
354 415 10
324 355 7
299 355 8
317 355 13
234 355 7
214 355 11
88 355 13
355 389 10
110 355 10
183 355 12
282 356 9
356 376 9
356 481 11
219 356 10
56 356 9
352 356 11
169 356 11
86 356 11
114 356 8
122 356 5
272 356 11
357 482 9
357 397 12
327 357 9
357 374 12
271 357 13
141 357 8
72 357 11
95 357 11
155 357 7
259 357 12
357 477 10
142 358 11
36 358 13
352 358 14
209 358 7
179 358 13
129 358 12
358 427 12
139 358 8
358 367 15
65 358 9
200 358 12
15 359 11
118 359 10
31 359 11
156 359 14
358 359 10
266 359 11
75 359 9
221 359 12
351 359 10
162 360 9
189 360 15
360 444 9
297 360 10
312 360 13
152 360 5
360 493 9
3 360 8
109 360 12
46 361 11
253 361 11
230 361 7
256 361 13
243 361 8
88 361 12
40 361 10
172 361 7
151 361 10
66 361 10
362 391 11
350 362 11
108 362 16
11 362 11
362 403 11
113 362 12
194 362 9
26 362 11
63 362 11
221 363 15
30 363 12
363 423 8
363 387 10
105 363 13
260 363 8
210 363 11
217 363 9
341 364 12
139 364 9
220 364 6
324 364 13
154 364 6
364 438 11
119 364 8
364 434 11
285 364 8
209 364 11
53 365 11
213 365 9
72 365 14
365 466 15
232 365 12
359 365 8
365 485 9
350 365 9
365 476 11
365 470 12
69 366 11
216 366 10
251 366 8
78 366 7
366 391 10
43 366 11
308 366 8
305 366 7
85 366 8
366 469 9
44 366 11
126 366 10
117 367 12
310 367 9
204 367 13
336 367 12
367 443 11
127 367 14
367 384 7
316 367 13
367 489 11
120 367 13
368 426 11
138 368 11
368 392 9
315 368 12
26 368 15
293 368 8
368 429 13
109 368 11
57 368 10
66 369 8
338 369 12
216 369 11
306 369 10
327 369 8
69 369 12
278 369 8
356 369 9
369 475 14
204 369 14
8 369 14
370 454 13
370 458 9
7 370 10
365 370 12
370 388 8
370 398 12
370 442 10
127 371 8
371 442 10
80 371 8
164 371 12
371 399 10
211 371 8
371 478 9
348 371 10
371 420 10
319 371 9
372 444 9
372 465 8
240 372 11
300 372 8
285 372 9
204 372 10
28 372 11
372 452 9
372 433 7
92 373 11
294 373 8
373 494 10
373 382 11
373 410 9
199 373 11
69 373 10
156 373 9
102 373 8
150 373 13
371 374 14
113 374 8
232 374 9
329 374 10
336 374 11
374 481 11
307 374 10
374 494 11
374 422 14
360 374 11
169 375 8
55 375 10
375 461 8
151 375 14
163 375 11
375 453 10
190 375 8
347 375 12
46 375 14
375 472 10
375 458 9
267 376 10
141 376 12
352 376 9
103 376 12
376 417 12
84 376 13
376 458 10
76 376 12
62 376 12
8 376 11
377 443 13
105 377 9
175 377 9
123 377 13
29 377 11
71 377 10
88 377 11
377 488 11
83 377 11
377 392 11
213 377 9
18 378 15
358 378 9
273 378 12
257 378 12
155 378 12
378 385 10
278 378 12
26 378 10
341 378 13
30 378 11
379 458 11
178 379 9
379 483 12
31 379 8
355 379 10
294 379 8
134 379 12
35 379 11
130 379 10
253 379 14
25 380 10
319 380 13
372 380 8
233 380 11
57 380 10
380 447 11
380 420 15
239 380 5
18 380 8
166 380 5
381 405 10
296 381 10
381 460 9
300 381 11
381 475 14
155 381 10
159 381 8
381 429 12
381 480 11
381 476 10
259 381 8
241 382 11
37 382 16
228 382 13
74 382 9
382 493 11
2 382 11
114 382 8
374 382 10
259 382 9
220 382 11
131 383 9
82 383 14
341 383 10
110 383 7
297 383 11
162 383 9
26 383 11
242 383 13
78 383 9
383 484 13
297 384 14
166 384 12
83 384 8
168 384 6
69 384 13
384 483 9
384 411 12
68 384 11
384 480 9
358 384 13
190 385 10
308 385 11
106 385 10
288 385 9
4 385 9
331 385 10
337 385 10
60 385 13
266 385 9
88 385 9
183 386 8
170 386 12
239 386 13
63 386 12
254 386 15
92 386 15
361 386 10
121 386 8
386 412 8
21 386 11
378 386 11
41 387 9
10 387 10
387 412 11
65 387 8
387 449 12
303 387 11
198 387 11
44 387 10
292 387 12
355 388 11
216 388 8
233 388 13
11 388 10
149 388 11
330 388 11
388 492 12
49 388 11
388 389 12
203 389 15
389 458 11
389 405 10
238 389 10
389 395 13
265 389 8
389 490 8
389 488 10
56 389 11
389 468 8
361 389 10
390 434 9
390 432 6
280 390 9
307 390 12
96 390 12
390 468 8
390 491 14
107 390 10
76 390 10
200 391 11
6 391 8
13 391 11
107 391 15
312 391 11
22 391 15
339 391 7
126 391 11
391 398 9
391 400 10
392 449 14
168 392 11
162 392 8
99 392 13
319 392 8
392 459 8
74 392 12
77 392 13
266 392 9
242 393 8
230 393 9
89 393 13
393 438 12
64 393 9
297 393 9
114 393 12
225 393 10
393 418 14
172 394 8
63 394 8
385 394 12
394 432 13
394 420 14
329 394 8
394 400 11
379 394 10
122 394 13
227 395 11
395 496 13
6 395 10
137 395 9
303 395 5
219 395 13
268 395 13
298 395 13
395 455 13
395 426 11
158 395 12
396 480 13
189 396 12
396 455 11
133 396 10
396 453 11
396 398 13
303 396 7
128 396 12
168 396 10
116 396 9
306 397 9
70 397 8
215 397 11
161 397 13
231 397 12
100 397 11
265 397 11
397 410 11
53 397 10
229 397 10
59 397 11
398 489 10
55 398 8
267 398 14
398 423 10
251 398 13
361 398 10
169 398 12
398 427 7
134 398 13
156 399 15
344 399 6
399 466 9
34 399 8
399 435 10
229 399 10
351 399 11
256 399 10
19 399 11
224 400 10
119 400 7
400 430 10
400 451 9
207 400 9
93 400 10
310 400 12
400 448 11
281 400 8
199 400 8
180 401 11
233 401 12
401 480 14
14 401 12
119 401 14
279 401 9
318 401 13
348 401 13
154 401 14
92 402 9
351 402 9
304 402 9
386 402 14
402 494 9
248 402 12
58 402 9
358 402 12
402 405 8
359 402 13
226 403 10
183 403 12
40 403 11
80 403 13
350 403 7
163 403 10
391 403 12
108 403 10
238 403 11
56 403 13
134 403 9
403 494 11
305 404 9
285 404 7
404 495 9
359 404 12
353 404 12
184 404 10
391 404 10
202 404 7
5 404 8
404 454 10
405 406 12
18 405 12
294 405 10
149 405 9
153 405 11
405 440 14
405 450 12
212 405 10
78 405 10
44 405 8
96 406 11
30 406 9
107 406 10
272 406 12
4 406 13
278 406 7
219 406 9
199 406 11
116 406 11
303 406 12
385 406 11
407 437 11
158 407 5
163 407 9
54 407 13
65 407 13
407 498 13
369 407 13
403 407 14
407 449 11
97 408 13
34 408 11
132 408 13
379 408 10
360 408 11
305 408 7
112 408 11
408 427 11
252 409 10
253 409 14
32 409 11
331 409 8
257 409 9
198 409 13
243 409 12
386 409 11
351 409 10
103 409 8
53 409 10
191 409 10
256 410 13
410 490 8
64 410 10
371 410 13
63 410 12
410 458 6
346 410 9
214 410 10
211 410 7
96 410 9
123 410 12
14 411 11
304 411 11
352 411 13
85 411 4
104 411 11
107 411 12
411 499 11
221 411 9
65 412 10
329 412 9
32 412 10
115 412 12
253 412 11
34 412 9
66 412 11
412 496 12
17 412 8
259 412 6
153 412 10
313 413 7
165 413 12
102 413 14
88 413 11
240 413 10
280 413 10
413 418 9
56 413 11
413 476 10
0 413 10
414 458 11
196 414 9
361 414 11
412 414 11
274 414 8
30 414 7
190 414 12
332 414 8
142 414 10
398 414 10
61 414 11
321 415 12
385 415 11
184 415 10
208 415 10
401 415 14
415 464 13
147 415 10
415 496 10
86 415 9
54 415 12
350 416 14
416 424 8
213 416 10
159 416 10
390 416 14
155 416 9
124 416 9
204 416 9
156 416 13
319 416 8
209 417 10
111 417 10
174 417 12
417 488 11
188 417 11
68 417 8
182 417 8
417 448 9
154 417 12
310 418 11
353 418 9
48 418 10
303 418 10
293 418 14
418 431 11
236 418 13
378 418 10
215 418 10
394 418 10
397 418 12
407 419 8
158 419 11
401 419 10
419 484 10
298 419 8
384 419 12
236 419 13
164 419 8
288 419 10
392 419 10
85 419 8
174 420 8
420 437 12
185 420 10
21 420 11
420 447 10
81 420 12
156 420 12
267 420 9
193 420 8
225 420 11
420 481 9
421 473 10
376 421 10
284 421 12
158 421 8
379 421 11
421 490 9
375 421 10
341 421 11
273 421 12
260 422 10
52 422 12
372 422 9
253 422 9
120 422 14
43 422 12
359 422 10
108 422 8
31 422 13
258 423 9
423 459 9
189 423 9
259 423 13
21 423 13
162 423 8
266 423 11
421 423 5
393 423 11
179 424 14
175 424 11
424 427 7
111 424 12
83 424 9
32 424 11
31 424 12
334 424 14
424 458 7
127 425 8
109 425 11
328 425 12
212 425 9
325 425 10
425 479 8
356 425 6
425 446 12
425 445 12
149 425 13
382 425 7
342 426 12
122 426 12
140 426 7
345 426 11
211 426 13
330 426 10
200 426 11
93 426 11
426 466 11
401 426 11
253 427 10
141 427 9
32 427 9
229 427 12
325 427 10
29 427 8
102 427 11
427 448 9
413 427 12
161 427 12
53 428 13
236 428 13
94 428 11
157 428 8
415 428 9
366 428 7
82 428 10
428 473 10
96 428 8
429 447 9
29 429 10
318 429 12
9 429 9
332 429 10
148 429 12
385 429 10
391 429 10
226 429 12
86 429 10
333 430 9
430 443 7
2 430 16
62 430 11
430 483 13
378 430 9
254 430 8
288 430 10
270 430 13
239 430 13
174 430 7
53 430 11
369 430 11
260 431 7
131 431 10
18 431 12
240 431 10
256 431 8
375 431 11
54 431 11
358 431 12
188 431 10
47 431 13
154 431 12
286 432 8
272 432 9
121 432 12
296 432 12
432 496 11
432 436 14
429 432 12
335 432 13
116 432 12
62 432 6
315 432 6
182 433 13
122 433 8
94 433 9
259 433 10
433 490 11
165 433 10
197 433 11
261 433 12
326 433 11
185 434 12
309 434 8
99 434 12
76 434 9
214 434 12
411 434 13
348 434 8
227 434 14
304 434 14
117 435 11
42 435 11
308 435 10
230 435 10
327 435 9
136 435 9
384 435 10
88 435 11
25 435 13
177 435 10
388 436 11
42 436 10
80 436 9
243 436 8
436 446 12
46 436 8
420 436 11
45 436 9
310 437 10
422 437 12
171 437 10
113 437 12
335 437 8
13 437 11
434 437 9
299 437 12
34 437 11
160 437 12
437 449 9
437 487 14
190 438 8
73 438 10
121 438 10
51 438 12
233 438 11
438 458 11
412 438 9
391 438 7
83 438 8
256 439 8
123 439 11
244 439 9
67 439 17
291 439 12
426 439 8
439 475 10
57 439 9
352 439 13
120 439 7
289 439 11
290 439 9
137 440 12
208 440 8
160 440 10
135 440 9
366 440 10
388 440 11
22 440 10
382 440 11
149 440 11
440 442 10
440 447 11
186 441 12
52 441 10
58 441 9
147 441 9
441 484 11
28 441 11
441 458 15
269 441 6
65 441 13
141 441 11
441 494 9
208 441 11
442 454 9
415 442 10
292 442 9
411 442 6
283 442 13
363 442 8
128 442 12
232 442 9
214 442 9
226 443 11
104 443 11
56 443 7
179 443 10
45 443 12
443 485 11
443 499 12
147 443 12
404 443 10
262 443 12
330 444 14
444 497 11
203 444 13
344 444 9
106 444 9
444 499 11
117 444 10
13 444 12
345 444 9
353 444 14
40 445 8
184 445 10
328 445 13
293 445 10
206 445 9
273 445 10
339 445 11
231 445 13
281 445 11
15 446 12
446 499 9
215 446 14
132 446 13
315 446 10
196 446 10
122 446 11
284 446 14
19 446 8
391 446 10
296 446 9
346 447 12
447 448 12
176 447 10
447 450 11
294 447 8
375 447 12
127 447 9
354 447 10
243 447 8
448 455 10
202 448 12
448 464 7
133 448 6
380 448 11
104 448 12
117 448 9
367 448 12
162 448 12
233 448 12
449 468 12
449 460 12
324 449 8
270 449 10
255 449 11
113 449 10
149 449 9
196 449 6
17 449 12
436 449 13
94 449 9
290 450 11
219 450 13
12 450 13
134 450 11
406 450 12
164 450 12
450 474 9
101 450 13
245 450 7
248 451 10
201 451 11
268 451 13
414 451 12
89 451 10
184 451 7
18 451 11
110 451 8
381 451 12
451 488 10
445 451 12
419 452 10
230 452 7
371 452 9
45 452 12
452 473 10
418 452 11
211 452 13
10 452 11
29 452 12
100 452 12
407 452 14
33 453 12
268 453 9
233 453 11
364 453 12
448 453 10
355 453 12
246 453 10
391 453 11
73 453 11
199 454 13
254 454 8
150 454 9
304 454 7
420 454 9
338 454 14
378 454 7
399 454 7
324 454 11
112 454 12
419 455 7
314 455 7
127 455 9
455 463 17
204 455 10
16 455 11
85 455 10
427 455 9
455 490 8
451 455 9
394 455 9
347 456 10
230 456 10
423 456 10
356 456 13
190 456 11
98 456 8
333 456 11
173 456 11
408 456 6
415 456 10
254 457 11
298 457 10
206 457 11
9 457 12
29 457 7
283 457 12
457 473 11
19 457 9
430 457 11
354 457 9
450 457 13
117 458 8
264 458 13
315 458 11
69 458 13
351 458 13
232 458 10
458 476 8
397 458 8
321 458 9
236 458 10
209 459 11
129 459 9
243 459 12
420 459 14
334 459 15
317 459 10
378 459 16
169 459 10
348 459 12
124 460 8
185 460 7
460 488 11
141 460 9
460 464 8
109 460 9
460 487 8
312 460 10
280 460 13
295 460 13
289 460 10
361 461 9
287 461 11
305 461 12
78 461 7
181 461 8
461 495 12
415 461 9
166 461 10
323 461 13
451 461 11
71 461 8
248 462 10
400 462 10
219 462 9
269 462 13
293 462 12
175 462 10
100 462 9
338 462 7
25 462 10
140 462 9
402 463 14
399 463 10
356 463 9
54 463 11
48 463 13
463 482 9
30 463 10
203 463 9
413 463 12
38 463 13
464 465 11
349 464 9
13 464 15
406 464 8
203 464 13
215 464 13
132 464 11
444 464 12
77 464 16
102 464 12
165 465 13
69 465 11
74 465 12
400 465 9
199 465 11
78 465 13
371 465 11
125 465 10
115 466 10
397 466 9
466 471 12
348 466 10
342 466 15
89 466 12
278 466 12
286 466 9
295 466 9
467 490 11
54 467 10
390 467 10
467 475 7
332 467 11
352 467 8
268 467 14
401 467 7
453 467 9
348 467 11
248 467 10
109 468 12
297 468 7
108 468 10
200 468 8
23 468 9
137 468 14
236 468 11
399 468 9
234 468 15
112 468 9
345 469 10
383 469 10
433 469 12
243 469 9
43 469 10
469 496 10
358 469 8
469 491 11
190 469 9
317 470 8
19 470 9
190 470 10
470 482 14
51 470 11
284 470 8
433 470 13
356 470 5
8 470 10
136 470 13
453 471 8
420 471 10
171 471 7
56 471 12
387 471 9
382 471 10
183 471 10
290 471 10
231 471 12
284 471 12
95 472 10
197 472 10
198 472 10
183 472 13
428 472 13
454 472 10
47 472 9
441 472 12
173 472 14
465 472 11
427 473 9
173 473 11
379 473 10
146 473 9
305 473 10
123 473 6
264 473 9
289 473 12
299 473 11
140 474 9
165 474 8
82 474 13
395 474 12
403 474 14
257 474 11
474 496 9
394 474 11
2 474 12
280 475 12
118 475 11
348 475 10
101 475 13
189 475 11
475 496 12
345 475 11
100 475 12
228 475 11
271 475 11
110 476 12
127 476 9
177 476 11
402 476 10
313 476 9
288 476 12
180 476 11
171 476 9
185 476 9
369 477 9
477 497 8
327 477 11
69 477 10
152 477 9
183 477 9
134 477 9
433 477 12
106 477 10
477 479 11
471 477 11
469 478 12
94 478 12
364 478 14
446 478 12
145 478 9
405 478 10
18 478 13
438 478 8
210 478 7
475 478 9
219 479 9
450 479 10
448 479 9
161 479 10
73 479 11
294 479 12
137 479 7
185 479 7
19 479 9
348 479 9
273 480 13
374 480 11
372 480 11
471 480 9
292 480 11
322 480 11
6 480 13
266 480 13
397 480 12
116 481 8
303 481 7
98 481 10
388 481 12
208 481 8
151 481 6
464 481 9
190 481 12
157 481 10
186 482 10
193 482 7
271 482 11
322 482 11
482 493 7
372 482 11
287 482 10
138 482 10
478 482 10
31 482 10
23 482 14
47 483 10
257 483 11
77 483 12
425 483 8
245 483 14
386 483 11
85 483 8
443 483 13
128 484 10
203 484 12
358 484 14
17 484 10
220 484 8
266 484 10
189 484 13
289 484 9
26 484 8
377 484 12
104 485 10
110 485 11
209 485 7
420 485 12
166 485 14
37 485 5
405 485 8
105 485 8
7 485 5
371 485 9
83 485 11
57 486 13
277 486 8
3 486 12
327 486 10
455 486 11
454 486 7
386 486 8
167 487 11
393 487 8
168 487 9
415 487 9
229 487 13
47 487 10
67 487 10
212 487 10
428 487 9
73 487 11
156 487 12
475 488 9
102 488 13
477 488 10
466 488 10
349 488 11
75 488 9
168 488 12
167 488 16
468 488 12
31 488 11
414 488 6
61 489 9
155 489 9
403 489 12
479 489 10
76 489 13
287 489 13
338 489 10
433 489 7
432 489 9
256 490 10
3 490 10
219 490 12
369 490 14
284 490 9
489 490 13
83 490 14
113 490 8
177 490 8
374 490 8
174 491 16
154 491 7
484 491 11
37 491 9
72 491 8
53 491 12
187 491 8
199 491 15
85 491 7
76 492 9
314 492 11
198 492 9
464 492 11
433 492 13
175 492 9
276 492 13
173 492 10
17 492 15
241 492 7
168 493 12
102 493 14
74 493 7
443 493 9
153 493 14
434 493 10
317 493 12
251 493 10
66 493 10
374 493 13
152 494 8
53 494 12
22 494 11
244 494 12
133 494 5
317 494 9
49 494 8
460 494 13
89 494 14
333 494 9
255 495 13
317 495 10
479 495 9
113 495 10
247 495 10
252 495 14
59 495 9
182 495 7
303 496 12
16 496 10
221 496 15
187 496 11
414 496 10
209 496 9
293 496 13
99 496 11
10 496 11
197 496 13
383 497 11
119 497 15
273 497 12
433 497 11
318 497 13
56 497 9
421 497 8
232 497 10
53 497 7
404 497 10
145 498 9
72 498 10
381 498 13
261 498 10
170 498 13
70 498 13
317 498 8
370 498 10
157 498 10
448 498 10
457 498 9
243 499 11
103 499 14
337 499 11
169 499 10
273 499 8
281 499 12
272 499 12
306 499 11
372 499 14
453 499 7
427 499 10
