500
0
7
8
3
2
8
6
9
6
7
2
6
9
5
9
8
8
7
9
9
7
7
9
10
7
5
9
2
10
2
6
3
4
6
1
8
2
2
4
4
2
7
3
5
2
8
8
7
6
4
7
2
10
3
3
5
5
6
8
3
8
1
8
4
3
6
7
8
2
4
3
2
9
2
1
6
5
5
5
3
2
1
9
5
4
6
5
7
7
7
5
10
8
8
3
7
4
3
3
2
9
2
6
9
4
2
9
7
4
4
3
4
4
3
4
3
5
8
5
8
7
3
3
3
4
4
9
8
4
5
2
7
4
3
3
2
6
9
9
2
3
7
6
1
3
2
5
9
8
3
9
3
8
7
4
5
2
4
3
4
4
9
4
3
5
8
5
9
4
8
2
9
8
5
7
8
7
6
7
9
8
10
8
1
3
9
1
7
3
7
1
2
9
9
9
1
1
6
5
7
9
4
8
1
7
10
4
7
2
6
10
8
1
2
4
8
8
5
6
1
8
3
10
2
2
7
7
10
10
6
7
4
7
6
8
3
2
10
4
4
3
2
9
6
6
1
4
6
7
1
8
7
9
8
5
2
7
6
9
1
1
10
5
9
6
2
2
7
1
3
1
8
3
4
3
4
8
6
7
9
10
6
6
3
6
8
7
7
4
3
9
8
10
3
9
4
3
2
3
9
2
1
9
8
1
5
1
9
7
2
8
6
3
8
8
9
8
5
10
7
8
5
2
1
8
4
2
3
3
5
5
7
6
10
1
3
2
10
8
6
6
2
9
1
2
5
8
4
7
7
2
5
5
8
9
4
6
9
8
4
5
5
6
5
10
4
5
8
8
6
7
2
1
8
4
5
5
2
9
7
4
4
3
5
4
9
6
6
5
9
6
9
6
8
9
8
7
5
8
7
4
6
4
8
7
9
3
6
7
3
5
7
7
6
5
6
10
4
7
7
2
8
4
1
3
6
10
4
8
2
8
8
4
5
4
4
3
8
7
8
4
8
6
1
8
4
4
8
2
6
1
7
3
1
8
2
5
1
4
6
6
5
7
4
3
10
6
10
2
2
6
2
3
10
2
5
10
8
2
6
8
3
7
5
4
3
5
5
8
5
9
9
9
10
6
10
10
8
7
8
0 228 12
0 440 11
0 121 11
0 246 10
0 221 12
0 8 8
0 325 7
0 278 12
0 181 14
0 307 9
0 80 11
1 440 10
1 377 11
1 152 9
1 462 11
1 309 11
1 184 9
1 315 12
1 59 12
1 233 13
2 127 13
2 470 11
2 408 9
2 305 9
2 320 12
2 288 12
2 66 12
2 422 10
2 182 10
2 449 13
2 475 12
3 371 10
3 171 10
3 149 7
3 341 8
3 421 14
3 330 8
3 14 11
3 295 10
4 101 11
4 160 13
4 229 11
4 117 14
4 341 11
4 313 10
4 261 7
4 384 12
5 360 11
5 145 9
5 425 9
5 98 12
5 304 12
5 132 11
5 105 8
5 151 9
5 440 13
5 92 8
6 244 12
6 192 11
6 78 11
6 321 10
6 235 11
6 359 11
6 274 9
6 415 12
6 282 8
6 32 8
6 393 14
7 449 10
7 366 14
7 267 7
7 279 10
7 186 11
7 253 10
7 443 11
7 430 10
7 483 10
8 245 13
8 270 8
8 423 13
8 80 11
8 443 13
8 85 11
8 213 10
8 282 11
8 30 12
9 231 8
9 229 8
9 388 12
9 174 15
9 40 8
9 302 11
9 226 11
9 68 10
9 11 10
10 145 8
10 281 13
10 99 11
10 211 13
10 426 9
10 403 9
10 306 11
10 485 10
10 364 9
10 121 10
10 333 12
6 11 11
11 491 6
11 154 8
11 368 12
11 100 12
11 69 10
11 111 11
11 322 9
11 55 9
11 270 12
12 433 8
12 365 13
12 245 9
12 220 8
12 226 13
12 360 9
12 221 12
12 298 10
12 367 6
12 275 10
13 160 10
13 422 12
13 56 9
13 187 9
13 466 11
13 241 9
13 123 8
13 284 14
13 304 10
14 428 8
14 102 10
14 233 13
14 155 12
14 76 10
14 268 14
14 326 8
14 72 12
14 126 13
14 167 10
14 497 8
15 443 15
15 212 14
4 15 10
15 472 7
15 317 9
15 226 15
15 498 14
15 427 14
15 320 9
15 254 11
16 459 13
16 437 10
16 151 10
16 105 9
16 234 11
16 355 10
16 153 12
0 16 11
16 392 10
16 202 11
16 86 13
16 167 8
17 246 8
17 216 10
17 111 11
17 329 9
17 281 12
17 473 12
17 318 9
17 191 9
17 239 11
17 122 6
10 17 11
18 177 10
18 116 12
18 41 7
18 410 11
18 483 15
18 336 12
18 381 15
18 393 7
18 199 9
18 209 6
19 297 11
19 386 10
19 363 9
19 153 10
19 35 12
19 193 11
19 53 12
19 308 9
19 377 15
19 20 10
19 54 10
19 252 10
20 71 8
20 162 7
20 456 8
20 194 12
20 275 13
20 499 10
20 228 7
20 463 8
20 488 10
8 20 8
20 478 6
21 402 11
21 297 13
21 381 13
21 322 10
21 135 10
21 171 11
21 463 8
21 247 9
22 401 9
22 498 10
22 121 12
22 249 11
22 140 13
22 30 9
22 131 10
22 310 10
22 328 13
23 252 12
23 363 7
23 445 10
23 125 10
23 183 11
23 233 8
23 394 10
23 329 12
23 309 8
23 116 11
23 273 4
24 490 14
24 65 9
24 203 8
24 337 11
24 48 14
24 292 11
18 24 11
24 252 11
24 309 10
24 457 11
24 340 9
25 146 12
25 99 8
25 356 8
25 215 12
25 304 10
25 78 5
25 171 8
25 464 12
25 157 11
25 341 11
25 362 9
12 26 11
26 458 12
26 257 6
26 139 7
26 359 9
26 89 11
26 330 7
26 98 11
26 43 14
26 346 13
27 238 10
27 335 11
27 463 11
27 329 16
27 189 9
27 442 13
27 270 7
27 159 6
27 36 12
20 28 9
28 310 12
28 499 11
28 407 12
28 175 12
28 146 9
28 142 10
28 424 10
29 403 7
29 433 13
29 348 10
29 450 7
29 267 11
29 498 13
29 32 12
29 100 9
29 365 12
29 179 14
30 131 12
30 410 10
30 206 12
25 30 12
30 360 13
30 325 10
30 50 9
30 404 16
30 203 11
30 338 13
23 31 11
31 154 13
31 341 12
31 57 9
31 426 12
31 451 13
4 31 9
31 456 11
31 176 12
32 479 12
32 306 10
32 359 9
7 32 11
32 389 13
32 261 10
32 190 6
32 164 10
32 429 13
32 416 15
32 398 12
33 482 12
33 305 15
33 175 5
33 59 7
33 452 8
33 303 12
33 301 12
33 130 10
33 453 7
34 85 9
34 125 13
34 390 12
34 359 9
34 318 7
7 34 11
34 353 12
34 244 8
34 47 12
34 370 13
35 63 10
35 270 9
35 495 14
35 455 8
35 247 12
35 444 13
35 98 15
35 236 12
35 358 9
36 498 10
36 441 13
36 402 7
36 277 12
36 334 8
36 45 14
36 433 10
36 309 11
36 133 11
37 236 8
37 477 11
37 430 10
37 293 13
37 455 12
37 386 12
37 177 11
37 267 12
37 494 13
37 350 8
37 173 15
38 156 10
38 177 9
38 69 10
38 112 10
38 443 8
38 375 12
38 204 10
38 287 10
38 343 13
38 149 9
39 228 10
39 319 9
39 146 10
39 234 7
39 430 9
39 270 11
38 39 11
39 291 10
39 190 14
40 82 12
40 347 8
28 40 11
40 340 9
40 468 8
40 379 11
40 246 10
40 81 11
40 362 8
40 236 10
34 40 10
41 105 11
26 41 11
41 425 12
41 326 10
41 222 15
41 299 11
41 169 10
41 126 9
41 219 8
41 59 12
42 133 10
42 70 11
42 134 12
42 172 10
42 408 9
42 411 9
42 93 13
42 128 8
42 155 13
43 133 7
43 384 12
43 483 10
43 322 10
43 372 15
43 353 9
43 465 13
43 135 13
43 309 13
0 43 6
44 273 11
44 314 11
44 370 8
44 442 9
44 133 13
44 112 8
44 381 9
44 319 13
44 124 10
45 494 7
45 245 13
45 222 10
45 377 10
45 206 11
45 107 9
45 397 12
45 162 11
45 311 14
45 351 10
46 99 12
46 465 10
46 88 11
46 401 11
46 170 7
46 251 12
46 418 12
46 95 13
46 421 12
46 438 9
46 326 7
47 281 8
47 477 11
47 393 11
47 492 11
47 256 12
47 200 7
47 146 12
47 339 11
47 179 10
47 130 10
47 375 10
48 403 9
48 309 14
48 478 7
48 452 9
48 386 14
48 175 13
48 425 13
48 247 13
49 342 7
49 191 10
49 105 10
49 316 12
49 135 13
48 49 14
49 390 12
49 319 10
49 208 10
49 212 12
5 50 11
50 94 11
50 428 11
50 317 10
50 447 9
50 365 7
50 254 10
50 298 11
50 375 11
50 474 11
51 397 11
51 207 12
51 173 11
51 408 10
51 164 10
13 51 10
51 279 10
51 437 10
51 317 7
52 138 9
52 456 10
52 412 9
52 109 8
29 52 13
52 281 10
52 286 12
52 461 10
53 281 11
53 326 9
53 229 13
53 106 10
53 124 10
53 60 8
53 203 11
53 138 8
53 54 10
54 297 14
54 364 11
54 460 8
54 422 12
54 409 9
9 54 13
42 54 15
54 66 11
54 155 12
28 55 10
55 311 12
55 199 12
4 55 9
55 135 13
55 410 7
55 225 10
55 60 13
55 64 9
56 470 10
56 58 10
56 176 8
56 283 12
56 279 10
11 56 10
56 366 11
56 322 9
56 414 12
56 442 11
56 146 7
57 175 12
57 237 13
57 67 13
57 180 9
57 360 10
57 373 7
57 382 10
57 258 13
57 223 7
57 118 12
57 276 8
58 170 14
58 291 12
58 182 7
58 320 12
58 436 10
58 280 10
58 311 8
58 124 8
58 412 9
59 403 11
59 187 10
59 272 12
59 433 12
59 205 11
59 125 7
59 269 12
59 400 11
59 409 8
60 311 6
34 60 9
60 342 10
60 330 9
60 381 8
60 291 12
60 280 11
60 194 12
60 391 11
60 135 13
60 62 7
61 259 13
34 61 11
61 134 12
61 156 11
61 90 9
61 488 12
61 487 8
61 79 11
61 261 8
62 427 9
62 257 9
62 399 9
62 143 11
62 128 12
62 232 12
62 165 10
62 174 8
62 113 15
63 411 12
63 265 12
63 367 9
63 344 11
63 340 12
63 399 8
63 275 12
63 135 10
63 182 10
46 63 11
64 320 15
64 182 11
64 118 13
64 432 13
56 64 13
64 459 11
64 326 12
64 128 4
64 234 8
64 240 9
64 481 10
54 65 10
65 83 10
65 178 14
65 497 8
65 415 13
65 407 13
65 113 13
65 185 12
7 65 14
65 473 11
66 218 10
66 141 14
66 129 10
66 232 8
66 350 9
66 466 11
66 82 11
66 359 9
66 391 9
66 297 12
50 66 8
66 455 11
67 189 9
67 70 11
67 406 13
67 243 7
67 351 13
67 163 10
67 143 12
35 67 9
67 420 9
67 283 12
64 67 8
7 68 8
68 69 7
68 409 7
68 355 7
34 68 12
68 450 9
46 68 10
68 459 13
68 339 9
69 357 11
69 205 10
69 114 9
50 69 11
39 69 9
69 147 8
69 108 11
49 69 10
69 90 13
69 441 12
69 320 11
70 275 13
70 358 11
70 484 9
70 223 9
70 389 10
70 444 13
70 288 12
70 88 12
70 273 11
70 147 11
70 373 8
71 137 9
71 387 8
71 379 10
60 71 12
71 372 11
71 145 9
71 450 7
71 302 3
71 165 10
71 120 9
72 186 11
30 72 13
72 197 10
72 398 10
50 72 10
72 436 11
72 413 11
72 456 13
72 217 10
73 411 7
68 73 14
19 73 8
73 407 11
73 313 12
73 378 13
73 456 8
73 243 9
50 73 11
73 124 11
73 247 11
74 196 11
74 241 8
4 74 8
74 138 10
74 302 14
74 229 6
74 242 11
74 387 8
74 401 12
75 262 14
75 474 11
75 187 10
75 308 7
75 135 11
75 263 11
75 409 11
75 235 10
75 246 10
21 76 8
76 103 11
76 139 10
76 119 9
76 173 14
6 76 11
76 304 12
76 407 10
60 77 12
77 339 12
77 162 12
77 132 9
77 210 6
77 165 8
77 212 12
77 363 8
77 264 11
77 302 9
78 335 12
78 280 15
78 346 12
78 415 11
78 337 9
78 191 11
78 325 13
78 250 9
78 363 12
78 239 8
78 450 7
79 120 13
79 348 7
79 196 11
79 499 10
79 194 9
7 79 10
79 346 10
79 262 7
79 164 11
79 489 12
79 150 11
80 86 9
80 90 11
80 203 11
80 263 13
80 201 9
80 123 10
80 150 12
80 405 10
19 80 9
81 120 11
81 361 9
81 442 16
81 412 12
41 81 9
81 397 10
81 407 10
81 356 11
81 380 11
81 307 11
81 432 12
81 475 9
82 441 11
82 105 11
82 465 9
82 177 10
82 267 7
82 292 10
82 426 10
82 242 12
82 350 12
15 82 13
78 83 10
83 434 13
57 83 11
83 482 10
83 100 7
83 406 11
83 235 9
83 172 9
83 190 8
83 169 10
84 432 7
84 258 9
84 200 6
84 121 10
84 389 10
84 215 10
84 442 6
84 250 9
84 437 11
84 407 15
85 422 13
85 147 8
85 248 10
85 225 10
85 468 10
85 275 12
85 104 10
85 88 13
85 212 9
85 496 7
86 339 7
83 86 14
86 236 11
86 231 11
86 341 8
86 356 9
86 399 11
86 204 11
86 221 11
86 116 11
87 212 12
87 105 14
87 323 11
87 88 7
87 381 8
87 92 9
78 87 16
87 138 11
87 321 10
87 279 8
87 102 11
88 212 12
88 89 15
88 289 7
88 363 12
88 249 13
86 88 12
32 88 12
88 201 12
88 195 14
88 328 13
88 392 8
89 203 12
39 89 8
89 285 9
89 451 9
89 198 9
89 374 6
89 125 15
89 340 12
89 329 11
89 411 12
90 402 5
78 90 12
90 327 11
90 294 11
90 407 13
90 123 12
40 90 10
90 349 7
90 149 8
90 140 10
90 167 8
91 103 13
91 175 11
91 347 7
7 91 9
78 91 10
91 276 10
91 223 11
91 124 11
48 91 10
91 486 9
92 114 11
92 145 11
92 490 7
92 388 7
92 416 12
92 280 10
92 371 10
35 92 11
92 209 12
92 369 7
93 396 11
0 93 12
93 157 10
93 410 10
93 467 11
93 454 15
93 141 7
50 93 10
93 163 9
93 487 9
30 93 10
94 348 10
94 332 13
41 94 10
16 94 9
94 144 12
94 244 7
94 223 13
2 94 9
94 147 10
79 94 13
94 479 9
95 266 11
95 217 6
56 95 11
12 95 10
95 431 14
95 328 7
44 95 8
95 270 9
95 196 10
95 382 10
96 164 7
49 96 13
58 96 11
67 96 13
96 453 6
96 463 9
23 96 11
96 172 9
97 224 9
97 459 8
97 215 12
97 371 12
97 191 9
97 341 11
97 400 13
97 150 10
97 482 11
98 416 9
98 182 9
98 288 12
98 320 11
98 364 14
98 163 7
98 429 11
98 243 13
82 98 11
69 98 10
98 116 13
99 328 7
99 297 9
99 142 8
99 403 8
99 148 10
99 236 10
69 99 13
99 385 14
99 181 9
99 203 12
99 419 12
100 360 5
49 100 12
100 375 12
100 197 8
100 399 9
2 100 10
100 356 10
100 316 11
100 259 12
100 488 13
101 358 8
101 310 12
101 279 11
101 489 11
101 317 9
101 275 10
41 101 12
101 486 11
101 110 10
102 448 12
102 431 13
102 478 13
102 416 8
102 157 11
102 341 13
102 388 12
102 376 8
71 102 15
55 102 9
102 216 10
102 160 10
80 103 13
103 125 8
103 246 10
75 103 10
103 372 14
103 380 14
103 136 12
103 456 10
104 150 10
104 309 10
104 186 13
104 428 11
21 104 15
104 244 9
104 396 8
104 420 11
50 104 10
105 459 8
105 436 8
63 105 9
105 210 5
105 214 11
105 207 12
105 428 9
44 105 10
105 257 11
105 393 11
105 247 6
106 449 10
106 285 9
106 371 13
106 414 13
19 106 11
106 294 8
88 106 12
106 478 14
106 189 7
107 235 7
107 302 13
107 245 10
27 107 13
107 142 7
107 244 12
107 442 9
107 301 9
107 463 10
107 482 14
108 239 10
108 124 8
93 108 9
108 334 11
108 148 13
46 108 13
108 217 15
108 245 10
108 280 12
108 241 13
103 108 12
108 457 8
109 332 12
109 298 14
109 244 8
109 385 8
109 347 14
109 424 8
109 185 11
109 224 9
109 421 10
109 411 10
110 234 9
110 122 9
110 446 9
110 144 10
110 378 12
110 460 9
110 239 9
110 345 11
110 309 11
84 110 13
71 111 7
111 412 14
111 199 13
111 143 11
111 237 10
99 111 12
43 111 10
111 288 10
111 200 11
112 174 11
112 155 9
112 354 10
112 349 9
112 317 12
112 476 9
112 411 11
68 112 13
9 112 9
113 388 7
113 118 8
113 487 14
96 113 14
113 389 9
113 146 10
56 113 10
34 113 10
113 464 11
113 134 12
30 114 13
114 247 10
114 353 7
114 175 12
18 114 9
114 334 12
114 126 9
114 372 13
46 114 12
102 115 12
115 229 13
115 190 9
115 200 9
115 251 9
115 209 10
115 464 9
115 466 9
115 183 10
115 383 12
115 171 12
115 213 12
116 164 12
116 244 11
116 358 13
54 116 8
116 228 11
116 201 4
116 158 7
116 376 9
105 116 10
116 456 12
117 200 10
7 117 10
23 117 12
9 117 9
16 117 5
117 418 10
117 467 8
117 249 9
117 265 10
117 202 12
118 246 10
118 141 11
118 332 8
118 469 13
118 435 13
118 316 9
118 274 10
118 418 7
118 224 13
118 197 12
119 490 11
119 242 9
119 405 14
20 119 7
119 177 8
119 201 14
93 119 12
33 119 13
119 344 10
120 208 15
62 120 10
120 262 11
120 139 9
120 178 11
110 120 11
120 469 12
120 123 12
121 162 12
47 121 5
121 229 10
40 121 8
121 231 10
121 355 12
121 301 9
121 327 11
44 121 13
77 121 12
95 122 10
122 433 15
89 122 17
122 396 7
62 122 9
122 385 11
122 373 12
106 122 13
122 355 10
122 341 12
122 225 10
74 123 9
123 181 9
66 123 11
123 256 13
123 464 7
123 339 11
123 308 10
46 123 11
123 323 9
123 335 12
124 171 7
124 420 8
124 135 12
124 428 14
124 195 10
124 343 11
109 124 12
124 401 10
124 388 13
124 464 12
124 465 11
125 406 10
56 125 7
104 125 11
125 331 12
125 490 9
125 390 10
125 260 9
125 280 8
125 473 13
126 302 12
126 378 13
126 264 8
126 262 9
75 126 12
126 451 13
126 222 13
126 401 8
126 470 9
126 402 11
126 140 8
126 312 13
127 131 13
127 239 10
1 127 10
127 132 11
51 127 11
127 449 8
108 127 13
127 220 10
24 127 12
128 379 11
128 139 10
128 202 11
109 128 12
128 148 12
128 266 11
29 128 9
82 128 6
128 329 11
128 438 11
0 128 10
42 129 10
129 296 12
78 129 11
108 129 9
129 474 13
129 253 11
129 343 12
32 129 11
83 129 13
67 129 13
130 329 9
130 433 14
61 130 10
130 151 9
73 130 11
117 130 12
130 164 10
130 368 8
130 428 12
130 155 11
130 300 12
131 262 13
131 155 9
131 235 11
67 131 13
131 161 14
131 390 8
6 131 11
131 252 11
131 176 12
131 455 11
132 209 11
132 308 8
132 262 8
132 328 11
132 465 9
132 347 8
132 469 11
132 260 13
132 300 12
45 132 12
133 134 12
133 322 9
133 406 12
133 313 8
133 494 6
48 133 13
133 469 12
133 318 12
133 239 13
133 222 11
133 451 8
134 167 10
74 134 13
134 474 11
134 307 12
134 306 9
134 304 10
134 239 10
134 323 11
92 134 12
35 134 9
134 358 10
135 463 9
42 135 12
135 364 10
135 188 14
17 135 7
38 135 11
135 455 7
135 359 9
135 225 9
120 135 10
135 357 9
52 136 10
136 255 11
136 175 9
136 202 15
136 388 10
80 136 14
104 136 9
65 136 12
102 136 10
84 136 7
137 414 9
7 137 11
6 137 10
137 235 10
137 184 14
137 412 12
137 455 10
137 148 10
137 149 11
137 261 9
47 138 16
138 421 11
138 199 10
138 166 9
138 383 10
138 235 11
138 481 10
138 484 10
138 227 12
139 233 10
139 336 13
139 155 12
139 152 11
139 377 11
139 437 8
114 139 13
139 204 11
139 362 9
139 445 9
140 191 10
140 316 8
140 233 7
140 305 12
140 166 17
140 377 10
140 454 12
137 140 7
140 484 8
70 140 10
120 141 12
65 141 11
141 405 7
96 141 10
141 302 10
141 144 9
141 257 9
99 141 8
141 482 10
94 141 12
141 487 10
142 279 9
142 369 11
142 407 8
142 457 11
142 473 13
142 419 7
142 166 11
142 250 12
143 318 11
50 143 12
105 143 12
143 203 10
135 143 10
143 397 11
143 442 12
54 143 11
143 307 10
143 441 6
143 266 10
144 255 12
144 150 14
144 423 12
144 430 10
72 144 9
144 492 8
107 144 7
4 144 10
144 490 10
144 366 9
144 338 10
145 412 7
115 145 12
40 145 8
82 145 11
145 402 9
145 230 14
145 293 11
145 289 9
145 223 11
145 468 10
96 145 11
145 319 9
146 410 10
146 262 10
146 430 9
146 412 10
146 310 10
111 146 11
146 471 10
146 349 11
146 320 11
146 306 12
147 491 12
147 220 10
147 448 10
38 147 11
147 194 9
71 147 12
147 306 7
128 147 13
147 304 9
111 147 12
148 462 9
148 446 14
148 414 13
148 258 10
70 148 13
148 474 13
148 332 13
148 323 12
148 455 9
149 182 13
58 149 9
149 203 13
149 185 9
149 309 14
149 444 11
149 299 11
149 286 8
149 372 12
81 150 12
150 427 13
93 150 9
150 252 13
150 477 10
78 150 12
150 457 11
150 344 11
150 169 10
101 151 6
135 151 14
143 151 10
151 326 11
151 491 12
133 151 9
151 425 10
151 411 13
151 498 14
118 152 11
152 276 11
152 405 11
152 438 5
152 196 9
152 442 10
152 211 9
10 152 12
152 193 14
152 341 7
152 479 12
126 153 8
131 153 13
153 344 10
153 200 7
153 428 11
153 479 8
142 153 12
153 255 6
153 308 9
153 377 9
153 368 12
154 468 9
145 154 10
154 449 6
154 208 12
154 181 11
60 154 9
153 154 14
94 154 10
154 480 9
155 367 13
155 335 10
155 392 14
121 155 13
155 376 11
59 155 11
155 409 12
41 155 8
155 254 12
8 155 7
85 155 9
156 474 13
156 208 8
144 156 11
156 332 11
156 223 10
156 292 12
156 352 12
156 407 8
156 197 11
157 397 14
65 157 11
157 296 7
157 177 10
157 367 10
157 335 8
157 236 9
47 157 8
157 413 11
157 455 8
157 423 8
158 492 9
158 212 10
158 425 7
158 237 9
158 178 11
158 244 9
158 453 12
50 158 10
158 342 8
72 158 9
141 158 10
112 159 12
78 159 11
159 234 8
7 159 9
159 492 10
159 355 13
83 159 9
159 250 6
88 159 10
159 174 13
160 279 12
160 273 12
160 471 8
160 362 11
160 411 11
160 243 11
160 455 9
68 160 12
160 192 7
160 304 10
160 293 11
121 160 11
161 333 8
99 161 13
161 276 10
161 175 10
161 397 6
161 306 7
161 441 9
161 292 15
16 161 9
162 195 11
162 350 10
162 174 13
162 330 11
162 418 10
162 231 14
162 201 6
90 162 7
151 162 8
163 432 8
163 250 11
163 280 12
163 240 10
163 407 11
163 202 11
163 327 12
163 309 10
153 163 13
163 468 10
163 310 10
164 421 8
125 164 14
107 164 9
164 393 9
164 284 12
164 261 12
164 198 7
111 164 11
164 246 11
21 165 11
165 425 13
165 397 8
165 416 14
59 165 8
165 474 7
137 165 9
165 255 13
165 338 12
165 199 14
165 383 10
166 268 12
71 166 10
112 166 11
10 166 9
166 196 8
166 167 7
166 254 13
20 166 8
166 226 9
166 416 11
166 181 9
55 167 10
167 283 9
167 343 11
167 288 8
37 167 11
167 250 12
148 167 8
167 496 14
167 267 10
167 220 10
167 184 10
168 391 13
168 325 12
168 263 8
168 392 9
168 490 9
157 168 10
43 168 10
168 329 10
168 223 12
79 168 11
169 352 11
57 169 12
169 479 7
77 169 10
169 381 7
169 458 10
67 169 12
19 169 10
169 215 13
169 491 11
170 221 10
170 478 12
170 301 11
170 383 10
130 170 10
170 415 10
170 257 12
170 306 8
170 398 12
170 238 9
12 170 10
171 183 14
171 415 7
171 469 11
171 326 10
51 171 11
171 440 11
171 329 8
1 171 9
171 435 11
172 265 15
172 280 15
172 248 11
172 374 11
131 172 12
172 185 8
92 172 7
172 176 8
172 482 11
172 423 13
172 442 9
173 370 11
56 173 10
122 173 17
173 324 8
24 173 11
153 173 12
173 280 7
173 191 12
174 293 11
174 212 10
15 174 10
13 174 11
174 194 8
36 174 9
174 419 9
174 245 10
34 174 11
175 183 10
175 288 7
175 224 9
175 361 7
175 499 14
175 234 10
175 282 12
175 251 11
175 195 9
122 175 11
175 424 8
176 223 9
51 176 10
176 402 10
2 176 10
176 377 10
176 415 12
176 263 8
176 321 10
37 176 11
177 233 10
177 215 15
177 333 11
177 190 11
177 385 12
177 410 12
22 177 10
64 177 9
177 178 11
178 393 10
178 441 11
178 383 12
178 283 9
178 467 8
178 268 7
56 178 13
178 380 7
178 294 15
178 478 15
178 370 12
89 178 11
178 204 11
33 179 7
179 338 12
78 179 13
89 179 13
179 431 9
179 353 7
179 325 9
179 192 11
179 401 15
179 376 11
179 357 12
179 366 11
152 180 14
109 180 11
180 351 9
38 180 9
180 400 11
17 180 13
171 180 11
180 356 10
181 333 10
35 181 6
175 181 10
181 319 10
181 370 9
181 259 12
181 421 13
9 181 12
181 498 10
134 181 11
182 355 10
182 390 10
71 182 12
122 182 11
11 182 10
182 379 10
182 404 13
182 387 10
107 182 12
47 182 9
182 213 9
183 288 10
183 205 11
183 493 12
155 183 13
183 233 11
183 254 7
183 199 11
30 183 11
183 396 13
183 380 8
183 229 10
184 465 9
184 267 9
184 363 12
184 336 7
184 464 11
184 344 11
176 184 11
60 184 13
184 468 8
184 281 9
184 342 13
183 184 9
173 184 9
185 486 8
185 498 10
185 496 11
171 185 12
76 185 11
93 185 15
185 410 11
145 185 10
185 209 11
186 296 10
186 223 7
40 186 9
85 186 10
81 186 12
186 307 13
63 186 13
186 292 9
154 186 11
186 188 13
26 186 8
40 187 13
187 248 9
187 389 10
187 249 10
187 412 9
187 359 10
187 279 8
187 390 11
187 431 10
29 187 10
188 325 9
188 388 8
188 209 11
188 212 10
144 188 7
130 188 8
168 188 12
126 188 13
188 455 12
188 201 10
188 395 10
189 284 9
189 209 12
189 420 10
189 416 10
60 189 5
189 261 11
189 196 7
189 463 7
76 189 10
190 384 10
120 190 7
190 344 7
190 329 13
190 360 12
190 337 11
53 190 12
190 216 8
69 190 9
190 418 8
191 235 8
127 191 12
37 191 10
191 219 11
191 236 14
191 306 10
107 191 11
38 191 10
191 487 13
65 192 11
104 192 8
192 322 11
161 192 11
19 192 8
192 262 12
192 219 11
22 192 9
124 192 7
91 192 14
192 295 11
193 295 13
193 430 11
17 193 10
193 335 11
150 193 11
164 193 8
193 426 11
193 412 9
96 193 10
193 414 9
194 196 9
53 194 10
194 350 12
194 429 9
56 194 14
67 194 11
178 194 11
31 194 9
47 194 14
178 195 10
195 334 10
62 195 8
195 322 10
195 231 10
195 395 12
108 195 6
195 329 11
30 195 9
17 195 14
196 210 14
196 275 11
107 196 13
196 375 7
196 487 6
3 196 13
184 196 8
196 470 12
196 340 10
141 197 12
197 323 8
197 340 12
162 197 12
197 281 10
84 197 9
161 197 10
134 197 8
197 273 8
102 197 12
198 432 11
74 198 10
143 198 8
198 478 10
21 198 10
189 198 9
158 198 14
102 198 13
198 327 8
198 293 13
198 219 9
198 285 8
199 397 7
35 199 10
29 199 9
199 268 10
199 265 9
199 318 7
99 199 13
199 378 11
169 199 13
91 199 9
200 426 13
200 476 7
34 200 7
76 200 13
200 228 9
200 478 14
200 226 12
200 346 10
200 398 14
200 430 10
182 200 13
193 200 10
13 201 12
201 300 9
85 201 11
42 201 12
66 201 7
201 307 11
81 201 8
132 201 10
115 201 9
120 201 10
30 202 10
202 486 9
202 270 8
202 228 9
202 212 5
202 424 7
202 273 10
160 202 10
202 300 9
202 397 12
202 285 7
203 205 9
203 306 11
203 442 13
200 203 9
176 203 10
169 203 8
113 203 14
203 444 11
203 207 10
129 203 10
204 364 8
13 204 9
204 246 9
204 483 11
157 204 13
204 484 13
163 204 13
204 302 9
161 204 11
201 205 8
57 205 8
160 205 11
12 205 5
54 205 9
205 389 9
205 322 12
205 398 11
205 277 10
45 205 9
206 247 7
168 206 11
8 206 7
206 375 10
206 269 11
206 440 8
206 277 9
206 244 11
188 206 13
47 207 13
207 406 6
207 381 12
207 489 12
197 207 12
207 230 8
207 233 9
41 207 9
207 274 10
208 317 8
208 336 13
169 208 10
208 329 9
53 208 13
208 395 9
187 208 14
45 208 11
208 327 9
17 208 10
122 208 9
34 209 11
209 392 9
209 439 14
59 209 11
209 382 8
209 350 11
209 295 9
138 209 8
209 259 10
134 209 10
210 349 11
210 238 12
13 210 12
210 237 13
210 248 14
58 210 9
210 286 11
40 210 9
210 316 11
210 340 10
210 287 14
211 416 10
211 374 10
182 211 8
211 344 9
211 410 15
211 353 12
33 211 11
211 411 12
55 211 10
211 378 10
203 212 11
72 212 15
212 399 10
212 433 11
212 238 6
212 269 10
212 250 11
134 212 9
212 491 12
20 213 11
30 213 9
76 213 12
96 213 10
78 213 10
68 213 10
213 290 8
213 419 10
213 309 10
146 213 8
213 412 9
214 293 11
214 286 7
120 214 5
214 362 9
204 214 11
109 214 8
54 214 9
214 497 10
58 214 5
215 247 11
179 215 12
202 215 10
180 215 11
51 215 11
215 364 12
215 422 9
215 362 10
215 463 13
215 395 11
198 216 13
60 216 8
51 216 8
106 216 7
216 286 12
76 216 11
216 467 8
216 470 8
216 409 14
50 216 6
202 216 7
217 332 11
217 235 12
187 217 8
217 360 11
217 466 7
217 482 10
217 480 11
57 217 11
100 217 13
174 217 11
105 217 13
67 218 13
218 329 8
218 430 12
218 468 10
218 395 11
218 350 16
218 396 10
218 457 13
146 218 8
6 218 11
218 238 11
218 270 7
165 219 11
219 241 10
219 334 10
219 331 10
127 219 11
219 307 8
166 219 11
214 220 12
82 220 13
194 220 8
120 220 11
43 220 11
220 459 10
220 268 7
216 220 10
3 220 13
155 220 12
221 229 12
61 221 10
63 221 15
221 391 6
221 358 10
186 221 11
221 233 9
102 221 12
49 221 12
12 222 10
222 223 10
89 222 12
222 462 12
222 302 12
162 222 9
129 222 12
222 373 12
168 222 12
222 366 8
1 223 13
204 223 10
223 357 12
223 267 12
223 471 9
63 223 10
134 223 12
48 223 9
223 480 9
224 440 10
37 224 8
137 224 8
224 236 9
105 224 8
212 224 10
59 224 11
224 248 11
224 437 10
134 225 9
126 225 11
225 325 8
225 276 14
225 460 12
22 225 12
225 318 7
225 376 13
225 275 11
89 226 10
13 226 6
143 226 7
155 226 13
65 226 10
55 226 11
225 226 10
127 226 13
226 305 8
170 226 11
226 367 10
8 227 10
167 227 15
14 227 12
227 350 10
227 303 13
156 227 10
227 399 12
176 227 10
227 414 8
189 227 10
79 228 10
162 228 12
228 499 10
228 427 10
228 269 11
228 237 12
213 228 10
228 277 12
228 419 9
229 386 14
229 400 13
192 229 10
229 415 11
229 429 10
35 229 8
212 229 10
229 292 13
229 266 10
108 230 12
230 235 10
230 283 12
230 279 14
14 230 8
129 230 9
230 349 11
143 230 13
230 274 10
231 278 8
185 231 8
231 467 10
231 317 12
231 249 14
171 231 10
231 416 8
231 462 13
159 231 11
231 357 10
114 231 12
65 231 10
18 232 9
232 442 12
232 439 10
232 289 12
232 307 10
232 404 9
205 232 13
38 232 13
210 233 7
233 497 8
73 233 9
233 249 10
46 233 13
115 233 10
233 243 11
89 233 9
234 480 11
234 478 12
234 291 14
234 259 10
234 370 9
177 234 8
234 307 15
234 273 9
125 234 10
81 234 7
127 235 13
120 235 7
235 268 9
235 499 10
235 295 11
104 235 13
235 421 11
235 261 13
235 250 12
84 236 15
236 254 11
195 236 10
236 456 12
236 466 10
183 236 6
92 236 17
236 294 10
81 236 12
97 237 9
237 489 10
237 376 12
237 393 8
237 322 11
237 368 10
237 480 9
67 237 9
116 237 10
237 433 11
238 350 10
238 474 9
238 242 9
238 315 10
238 310 10
238 428 14
238 403 8
238 257 12
182 238 12
77 238 10
238 424 10
238 496 12
239 277 13
239 435 14
239 388 11
157 239 15
239 393 10
239 395 8
159 239 8
239 379 10
239 396 6
240 310 11
240 272 11
92 240 13
240 322 11
173 240 9
43 240 14
240 442 11
70 240 11
240 370 11
240 270 14
241 331 12
241 440 8
241 489 10
126 241 9
241 470 10
241 348 12
241 386 10
35 241 9
241 474 13
241 333 10
138 241 11
126 242 8
242 391 11
108 242 14
242 286 9
242 388 12
87 242 10
242 329 12
120 242 8
166 242 7
106 243 13
80 243 12
57 243 10
217 243 7
243 459 11
26 243 12
142 243 7
243 419 9
243 377 11
244 251 9
38 244 10
244 402 10
244 306 9
178 244 12
141 244 12
244 353 12
244 253 11
244 317 10
228 244 9
245 293 10
245 377 10
21 245 12
150 245 11
245 488 9
245 274 11
228 245 13
199 245 10
245 476 10
104 246 9
246 322 12
126 246 9
89 246 11
246 430 9
115 246 10
246 364 10
246 263 12
233 246 10
247 249 8
8 247 16
247 418 13
177 247 10
247 300 8
28 247 13
218 247 16
247 425 14
56 247 11
247 374 13
104 247 10
7 247 8
216 248 6
248 318 14
232 248 12
248 337 7
194 248 13
248 432 11
101 248 9
248 255 8
248 339 10
248 354 9
73 248 10
249 363 14
249 381 9
170 249 14
249 312 9
122 249 8
195 249 8
249 471 12
119 249 10
249 257 12
11 250 14
213 250 14
162 250 11
250 314 9
244 250 8
250 403 11
233 250 16
250 321 10
42 250 10
240 250 14
225 250 13
251 364 8
42 251 9
251 420 10
157 251 11
251 314 9
123 251 10
124 251 12
251 331 10
102 251 13
251 468 10
79 252 9
252 414 11
252 424 12
252 345 10
252 256 9
136 252 10
252 267 12
31 252 10
154 252 10
253 479 9
253 427 12
136 253 8
23 253 13
40 253 10
96 253 9
253 358 14
181 253 9
31 253 11
253 256 10
254 398 13
192 254 11
254 376 13
254 457 8
176 254 10
209 254 9
109 254 6
98 254 10
120 254 11
182 254 12
44 254 11
22 254 12
255 416 11
47 255 8
125 255 10
31 255 8
67 255 11
121 255 8
255 422 10
23 255 10
239 255 11
234 255 12
196 256 13
103 256 12
227 256 13
256 287 13
256 268 10
231 256 10
256 332 10
76 256 14
256 414 12
100 256 11
102 256 8
2 257 7
128 257 10
257 332 13
156 257 13
191 257 11
257 292 12
149 257 6
257 303 12
257 319 10
115 257 10
189 258 9
258 398 11
258 317 6
258 486 10
173 258 11
258 452 11
13 258 12
228 258 8
240 258 9
258 313 13
258 482 14
212 259 9
259 373 12
242 259 13
259 477 9
259 310 7
253 259 12
259 414 11
201 259 13
259 295 8
49 259 14
112 259 11
260 273 15
260 391 7
260 431 9
146 260 10
260 371 10
260 353 10
201 260 11
260 420 8
251 261 10
261 377 17
261 391 15
56 261 9
261 476 9
261 360 9
65 261 10
165 261 10
213 261 9
184 261 11
157 261 7
128 262 10
92 262 10
262 431 10
262 429 11
262 430 13
172 262 7
262 464 12
262 286 13
218 262 8
263 423 5
188 263 5
247 263 11
263 401 9
263 349 7
263 408 10
263 353 12
102 263 12
263 355 14
263 447 10
107 264 11
264 270 7
264 370 11
241 264 9
179 264 11
257 264 9
249 264 9
264 344 11
161 264 11
39 264 9
264 498 10
77 265 8
86 265 11
231 265 12
265 314 8
1 265 9
112 265 9
265 483 7
108 265 14
265 392 12
266 476 11
49 266 9
182 266 13
266 318 13
266 484 9
60 266 9
265 266 11
267 292 14
267 488 14
267 299 15
0 267 11
267 345 10
162 267 10
267 445 11
267 383 11
88 267 11
267 300 9
156 268 10
112 268 8
83 268 13
52 268 9
209 268 9
257 268 11
268 460 7
268 466 10
268 346 14
53 268 11
260 269 8
198 269 13
269 497 13
269 398 14
269 460 10
269 367 9
258 269 7
148 269 12
168 269 8
112 269 13
191 269 13
269 351 9
270 450 12
270 477 11
270 475 11
270 275 11
270 423 9
270 484 6
107 270 9
270 419 11
270 401 9
47 270 9
175 271 12
271 451 10
269 271 11
271 392 7
271 357 11
271 390 8
271 304 11
271 338 12
271 313 8
238 271 12
272 418 10
236 272 13
272 431 11
272 311 10
272 390 10
272 499 12
131 272 10
234 272 8
272 318 12
272 329 8
272 273 13
151 273 12
40 273 12
170 273 9
131 273 10
94 273 9
154 273 13
273 365 6
127 273 12
258 273 7
83 273 9
274 349 11
274 390 11
171 274 11
274 471 7
274 475 13
274 384 12
34 274 9
274 492 8
274 334 13
274 456 5
110 274 11
11 275 9
104 275 11
275 394 15
95 275 7
275 368 9
231 275 9
275 281 9
245 275 10
275 334 10
276 469 9
276 443 11
19 276 7
276 421 9
276 287 8
135 276 9
144 276 12
145 276 11
276 322 11
49 277 11
230 277 12
277 380 11
277 446 7
277 332 12
277 363 12
277 485 11
89 277 10
52 277 12
278 357 10
278 408 10
165 278 13
278 488 10
278 294 10
278 324 11
278 339 8
89 278 10
278 464 9
278 398 7
279 375 9
199 279 11
253 279 10
240 279 8
223 279 11
279 416 10
279 434 13
6 279 9
279 297 12
279 428 11
218 280 10
280 338 8
26 280 10
280 314 12
280 287 12
29 280 11
130 280 9
280 406 12
3 280 11
260 280 11
281 485 8
281 471 8
256 281 10
281 306 8
81 281 10
209 281 11
281 493 11
281 466 10
15 281 8
42 281 8
63 281 13
281 308 9
83 282 8
169 282 13
282 296 8
282 471 12
258 282 11
167 282 13
282 318 12
24 282 10
282 348 11
123 282 8
146 283 12
283 448 13
211 283 11
266 283 13
11 283 11
113 283 12
135 283 10
55 283 10
38 283 12
141 283 11
111 284 10
239 284 9
114 284 7
284 296 7
284 347 16
269 284 10
40 284 8
284 307 11
39 284 12
284 408 11
285 398 8
285 347 11
285 426 12
285 306 10
161 285 11
282 285 8
131 285 13
27 285 10
285 467 11
63 286 11
171 286 16
286 431 10
215 286 13
138 286 9
286 421 11
286 349 10
66 286 7
286 311 8
287 302 11
287 299 12
233 287 10
287 498 12
112 287 10
287 352 10
287 496 8
287 468 8
144 287 12
287 401 9
20 288 11
152 288 13
72 288 12
256 288 10
288 417 9
266 288 11
129 288 11
288 458 11
226 288 9
289 420 14
66 289 9
289 388 7
289 473 11
62 289 14
270 289 10
10 289 11
43 289 10
274 289 11
78 289 10
290 442 10
27 290 13
277 290 9
11 290 11
120 290 11
87 290 7
147 290 9
290 493 12
290 476 13
200 290 13
291 402 13
18 291 6
247 291 15
210 291 13
291 336 14
291 331 15
168 291 12
291 463 11
14 291 10
292 430 13
183 292 12
258 292 13
124 292 10
247 292 13
226 292 11
292 344 10
292 401 10
103 292 13
292 420 6
128 293 10
48 293 11
107 293 10
225 293 14
42 293 9
293 338 12
116 293 9
149 293 11
152 293 10
194 294 12
294 345 15
263 294 7
61 294 8
294 305 12
228 294 9
294 413 11
294 458 8
208 295 9
285 295 11
143 295 12
196 295 6
249 295 9
156 295 9
295 331 11
48 295 10
30 295 14
295 340 10
260 296 10
296 341 13
220 296 9
296 424 12
296 386 12
296 398 10
235 296 12
254 296 13
296 336 12
250 296 9
296 466 11
183 297 8
297 326 11
297 350 10
205 297 9
25 297 11
248 297 10
263 297 12
92 297 11
297 356 12
181 297 10
264 298 11
298 323 11
298 312 14
202 298 11
298 462 8
62 298 9
94 298 11
157 298 11
142 298 8
185 298 10
299 300 12
299 445 9
76 299 8
19 299 13
194 299 9
75 299 14
278 299 12
272 299 11
37 299 10
256 299 8
300 415 10
300 380 12
300 412 9
116 300 10
231 300 11
250 300 12
257 300 12
111 300 9
300 349 10
200 301 15
142 301 9
301 334 13
301 394 13
152 301 11
208 301 9
301 321 13
244 301 11
64 301 12
301 475 8
301 330 11
302 403 11
214 302 7
43 302 10
302 451 10
302 305 6
46 302 11
93 302 8
275 302 7
59 302 8
302 400 11
303 444 10
206 303 7
303 335 10
233 303 13
303 485 10
57 303 11
294 303 11
303 488 10
303 437 8
43 303 10
53 304 9
181 304 11
130 304 12
24 304 15
236 304 14
304 413 9
118 304 11
209 304 8
1 304 11
272 304 7
21 304 9
305 439 11
305 348 10
257 305 14
305 319 10
139 305 8
285 305 13
278 305 11
254 305 6
131 305 7
136 306 5
233 306 7
306 350 12
254 306 11
265 306 15
132 306 10
306 452 11
193 306 10
219 306 14
307 315 13
17 307 9
56 307 10
307 404 12
216 307 12
227 307 7
307 442 11
198 307 9
307 465 10
115 308 12
264 308 12
146 308 11
308 406 11
210 308 8
79 308 14
83 308 11
68 308 8
309 334 11
160 309 12
309 395 11
301 309 15
46 309 10
235 309 11
309 483 6
182 309 8
309 433 12
309 342 7
310 404 14
310 449 9
47 310 8
219 310 11
69 310 11
57 310 13
209 310 13
151 310 11
310 471 12
310 485 14
311 409 11
311 362 8
220 311 9
174 311 10
311 347 13
184 311 7
92 311 12
311 458 12
311 396 11
311 420 8
83 312 11
242 312 9
66 312 9
124 312 10
309 312 16
39 312 10
129 312 10
281 312 10
133 312 9
30 312 13
17 312 11
39 313 11
159 313 8
150 313 12
102 313 13
313 397 9
142 313 13
214 313 15
157 313 8
134 313 12
83 313 8
24 314 13
213 314 9
294 314 11
285 314 12
314 422 16
42 314 10
314 316 10
140 314 14
65 314 14
315 360 8
150 315 11
42 315 13
18 315 11
315 399 8
280 315 13
315 465 12
233 315 14
226 315 12
212 315 8
15 316 10
299 316 8
150 316 10
160 316 15
132 316 9
316 396 15
316 453 9
258 316 6
317 496 11
317 418 7
178 317 16
106 317 11
226 317 8
123 317 10
191 317 11
82 317 10
207 317 11
317 348 9
215 317 14
318 492 11
318 468 13
117 318 10
205 318 7
318 391 12
65 318 10
204 318 12
0 318 6
249 318 8
318 335 9
210 318 11
130 319 8
319 418 8
211 319 10
267 319 8
9 319 12
23 319 11
146 319 11
319 446 10
319 335 15
319 445 10
55 319 11
281 320 11
320 492 15
320 339 12
320 359 9
320 413 9
3 320 9
320 383 8
263 320 10
118 320 11
321 391 12
73 321 10
321 360 9
321 481 15
112 321 14
85 321 9
117 321 10
321 398 8
321 480 9
147 321 8
22 321 11
207 321 13
292 322 10
42 322 10
278 322 10
296 322 11
127 322 9
322 446 9
123 322 11
322 356 12
197 322 15
177 322 13
138 323 7
300 323 11
180 323 11
316 323 11
323 383 10
304 323 11
323 430 10
261 323 7
195 323 16
63 323 14
256 323 11
323 416 9
323 372 9
324 494 12
216 324 10
201 324 12
324 345 11
324 480 9
6 324 12
324 360 9
195 324 14
291 325 12
202 325 9
31 325 10
325 453 11
321 325 9
247 325 11
325 355 10
325 378 10
234 325 11
325 495 10
18 325 14
294 325 11
5 326 7
326 469 11
303 326 9
277 326 13
326 396 12
326 417 7
326 348 12
175 326 9
220 327 7
4 327 12
129 327 14
136 327 12
123 327 14
151 327 10
327 411 13
74 327 10
327 465 13
192 328 8
89 328 12
328 467 10
267 328 9
24 328 12
110 328 11
328 337 13
283 328 9
328 379 11
173 329 9
329 369 13
329 445 7
299 329 14
329 496 9
329 456 10
329 464 9
283 329 8
316 329 13
28 330 11
284 330 9
159 330 11
184 330 9
151 330 13
327 330 12
242 330 12
246 330 10
124 330 12
330 381 13
214 331 8
331 345 9
8 331 11
331 497 8
32 331 12
175 331 13
310 331 12
331 440 9
238 331 12
331 354 7
305 331 10
154 331 11
226 332 10
250 332 13
271 332 11
332 401 11
332 390 11
82 332 11
231 332 11
115 332 10
207 332 10
332 358 11
333 411 12
333 351 11
138 333 10
223 333 8
44 333 5
19 333 8
203 333 9
333 493 10
111 333 11
333 367 10
51 334 12
334 463 13
204 334 11
334 369 9
41 334 9
334 470 12
334 395 10
145 334 8
334 472 12
186 334 11
317 334 9
333 335 9
103 335 8
202 335 11
201 335 11
261 335 10
29 335 13
24 335 9
238 335 11
335 494 12
65 335 10
74 336 12
336 395 13
229 336 8
281 336 16
17 336 9
8 336 12
70 336 12
251 336 8
316 336 13
336 475 11
264 337 10
196 337 11
239 337 15
298 337 9
147 337 9
224 337 13
337 338 10
229 337 11
166 337 12
133 337 9
319 338 11
245 338 8
338 490 9
154 338 8
79 338 8
254 338 12
338 452 12
230 338 11
338 401 11
314 338 10
338 480 10
33 339 15
36 339 10
65 339 10
190 339 14
61 339 9
339 437 11
151 339 12
25 339 10
24 339 11
48 339 11
340 421 10
4 340 9
240 340 11
340 452 11
340 460 12
190 340 10
340 415 10
317 340 11
187 340 12
340 437 9
44 341 13
295 341 13
341 392 14
341 348 13
90 341 10
202 341 10
313 341 10
113 341 10
56 341 9
30 341 9
342 491 13
103 342 12
52 342 13
24 342 9
136 342 11
342 403 8
89 342 9
93 342 12
236 342 12
3 343 12
343 371 8
121 343 14
343 419 10
142 343 9
343 369 11
173 343 9
200 343 11
106 343 12
42 343 9
344 415 9
231 344 11
330 344 9
286 344 11
125 344 11
4 344 14
48 344 12
314 344 12
179 344 11
6 344 9
207 344 12
186 344 10
345 417 10
345 441 9
304 345 8
61 345 10
132 345 13
96 345 12
345 393 13
345 487 15
345 496 10
345 419 12
178 345 10
346 486 10
221 346 16
213 346 11
41 346 9
201 346 15
16 346 8
282 346 10
77 346 11
346 370 9
346 455 10
347 454 11
137 347 12
250 347 9
8 347 9
314 347 8
347 412 11
347 400 9
244 347 12
347 421 12
266 347 10
259 348 9
348 359 5
348 397 8
315 348 11
141 348 8
124 348 8
348 441 12
225 348 13
164 348 11
348 469 10
216 349 10
207 349 11
277 349 11
105 349 11
25 349 12
170 349 11
349 407 10
337 349 12
349 386 10
349 435 10
173 350 10
181 350 13
24 350 11
350 439 11
293 350 12
187 350 10
350 435 13
350 479 9
198 350 11
350 418 15
39 350 9
72 351 10
200 351 7
228 351 10
351 369 14
351 370 12
140 351 8
232 351 9
134 351 11
150 351 11
96 352 7
352 456 13
297 352 10
352 474 13
64 352 15
316 352 12
332 352 13
299 352 10
353 362 11
323 353 10
353 487 13
109 353 11
25 353 10
184 353 12
353 461 10
332 353 12
73 353 7
28 353 10
149 354 12
354 414 13
118 354 11
354 362 11
217 354 8
196 354 12
38 354 10
40 354 13
76 355 8
216 355 12
50 355 9
355 487 13
58 355 10
245 355 9
18 355 9
355 363 9
226 355 11
125 356 11
36 356 8
356 383 11
331 356 11
356 443 12
124 356 9
314 356 7
64 356 12
356 380 11
356 475 8
4 357 9
3 357 6
328 357 11
357 494 12
90 357 12
357 379 12
218 357 12
24 357 11
317 357 7
345 357 6
55 358 8
290 358 11
7 358 11
299 358 8
68 358 14
325 358 10
321 358 12
170 358 13
313 358 12
358 404 10
82 358 11
358 479 9
350 359 10
359 480 8
346 359 7
254 359 12
169 359 10
145 359 15
298 359 9
79 359 9
359 451 12
222 360 10
360 448 11
115 360 10
259 360 9
98 360 11
288 360 13
88 360 11
213 360 9
360 374 11
90 360 14
361 449 10
336 361 9
361 495 8
361 370 10
361 400 13
189 361 12
188 361 9
70 361 11
139 361 9
133 361 11
75 361 11
171 362 11
362 401 11
234 362 8
362 461 12
362 418 12
209 362 14
362 379 8
271 362 7
50 362 15
194 362 10
362 449 8
238 362 13
97 363 13
204 363 9
11 363 8
363 398 8
363 440 13
85 363 12
329 363 8
72 363 12
231 363 10
45 363 12
228 364 14
364 373 12
247 364 11
181 364 9
29 364 9
263 364 12
15 364 9
185 364 8
168 364 12
307 365 11
365 435 11
194 365 11
365 471 13
44 365 8
118 365 13
239 365 9
9 365 12
365 462 13
365 426 11
365 486 11
366 386 13
224 366 11
156 366 12
366 438 10
40 366 9
98 366 9
274 366 12
284 366 12
106 366 10
366 472 13
366 473 12
270 366 12
147 367 14
367 431 10
367 407 10
16 367 12
367 423 15
367 374 11
74 367 13
21 367 11
367 440 11
42 368 11
3 368 11
312 368 8
347 368 10
171 368 11
207 368 15
215 368 11
254 368 12
85 368 10
278 368 5
307 368 7
369 444 10
367 369 11
176 369 14
316 369 11
70 369 10
102 369 10
117 369 11
348 369 13
369 400 13
369 446 10
79 369 11
89 370 12
52 370 8
370 477 12
62 370 13
370 466 8
268 370 12
78 370 8
191 370 11
258 370 10
263 371 14
371 381 11
272 371 12
275 371 11
53 371 13
57 371 8
371 417 15
158 371 14
62 371 11
369 371 10
300 372 8
231 372 10
367 372 10
284 372 11
372 412 9
39 372 11
59 372 12
48 372 11
2 372 11
331 372 10
373 383 9
135 373 10
361 373 8
97 373 9
107 373 11
330 373 11
249 373 8
11 373 10
373 449 10
326 374 9
374 395 9
164 374 8
374 452 10
374 499 12
120 374 16
271 374 6
148 374 12
34 375 7
361 375 12
92 375 11
375 436 10
240 375 9
12 375 9
7 375 12
150 375 9
376 405 12
374 376 9
227 376 8
308 376 13
55 376 8
376 458 10
310 376 8
281 376 9
270 376 10
368 377 8
149 377 11
377 480 10
112 377 7
377 440 8
319 377 12
283 377 14
200 377 8
333 377 12
118 378 8
378 482 9
378 498 13
80 378 12
48 378 8
39 378 12
378 386 13
259 378 10
230 378 12
328 378 9
7 379 10
106 379 9
131 379 8
134 379 9
363 379 12
379 496 9
20 379 10
229 379 8
32 379 7
197 379 7
377 379 11
174 380 9
362 380 10
169 380 10
380 452 13
220 380 9
2 380 10
380 469 11
155 380 9
321 380 9
10 380 8
273 380 11
16 381 12
381 446 8
154 381 13
381 479 13
40 381 9
168 381 10
214 381 9
381 383 12
381 471 12
246 382 9
382 495 9
382 481 11
25 382 13
12 382 7
221 382 11
382 432 9
350 382 10
278 382 11
102 382 10
383 413 10
322 383 12
366 383 8
236 383 12
383 400 11
334 383 7
367 383 9
331 383 8
104 383 8
192 383 11
56 384 11
378 384 9
384 423 9
254 384 12
224 384 11
77 384 12
325 384 10
245 384 11
20 384 8
26 384 7
73 385 8
384 385 12
385 448 9
3 385 8
187 385 10
385 480 8
281 385 11
144 385 10
263 385 12
185 386 11
33 386 8
45 386 8
386 459 11
357 386 9
386 395 13
386 421 9
49 386 9
201 386 11
15 386 10
83 386 10
118 387 10
248 387 11
212 387 10
193 387 12
173 387 12
67 387 12
387 476 10
380 387 12
388 483 9
287 388 12
388 427 11
249 388 13
265 388 10
297 388 11
311 388 11
97 388 13
376 389 7
258 389 7
2 389 10
248 389 10
389 455 7
106 389 10
97 389 11
390 449 14
250 390 11
162 390 9
111 390 13
390 460 12
390 461 9
33 390 13
218 390 11
220 390 9
27 390 10
391 453 10
40 391 8
230 391 13
335 391 12
165 391 9
48 391 12
391 416 12
391 444 9
329 391 12
253 391 15
328 392 12
44 392 10
232 392 9
86 392 11
392 480 10
380 392 13
392 439 11
392 492 9
393 408 8
287 393 11
261 393 12
37 393 10
393 407 10
70 393 10
244 393 9
168 393 10
393 418 14
394 468 10
286 394 10
171 394 12
78 394 9
253 394 9
144 394 7
394 483 9
394 395 10
394 436 10
105 394 13
186 394 11
77 395 11
395 491 10
327 395 11
352 395 13
273 395 10
369 395 14
94 395 13
15 395 12
185 395 8
22 395 12
267 395 11
302 396 12
166 396 13
141 396 7
227 396 10
193 396 11
143 396 8
158 396 5
396 431 9
300 396 10
118 396 10
87 396 11
301 397 10
261 397 14
397 481 10
397 448 14
56 397 9
58 397 9
110 397 13
100 397 8
215 397 11
329 398 8
398 473 11
118 398 12
360 398 10
398 441 8
398 488 8
201 398 10
328 398 5
52 398 11
43 398 12
265 398 11
317 399 8
60 399 11
399 416 12
343 399 11
399 442 11
205 399 13
371 399 11
4 399 11
294 399 13
279 399 12
296 399 13
293 400 15
170 400 10
200 400 12
320 400 10
400 433 11
155 400 9
30 400 8
328 400 7
179 400 10
401 406 18
401 421 11
222 401 12
125 401 11
202 401 9
272 401 9
161 401 13
330 401 13
359 401 12
218 401 10
295 402 10
206 402 10
281 402 10
22 402 13
323 402 11
402 417 13
347 402 12
331 402 9
248 402 13
402 408 9
68 403 9
87 403 14
402 403 10
214 403 8
403 498 10
346 403 10
84 403 8
25 403 11
37 403 8
241 404 10
157 404 11
320 404 10
392 404 10
162 404 13
313 404 10
404 462 9
205 404 12
404 481 10
290 404 10
374 405 8
120 405 10
220 405 7
43 405 7
405 423 11
341 405 11
383 405 9
49 405 8
52 405 9
118 405 9
138 406 10
278 406 11
4 406 8
406 487 13
57 406 10
220 406 10
117 406 14
406 460 9
336 406 9
113 406 9
406 443 11
364 406 10
5 406 13
94 407 11
407 429 11
184 407 11
88 407 14
14 407 11
277 407 14
140 407 10
183 407 12
407 475 9
400 408 12
7 408 7
119 408 10
408 494 11
81 408 9
259 408 7
408 491 12
117 408 6
40 408 10
408 479 7
79 408 10
188 409 9
72 409 13
409 453 8
196 409 10
24 409 13
43 409 9
322 409 13
260 409 10
409 459 8
5 409 9
409 499 13
116 410 14
53 410 6
410 449 10
342 410 11
256 410 9
410 445 11
410 499 11
115 410 9
306 410 10
222 410 12
279 410 11
301 411 11
378 411 9
334 411 13
240 411 15
242 411 7
162 411 12
143 411 10
402 411 14
278 411 12
411 441 12
197 412 12
412 423 16
21 412 8
230 412 10
359 412 8
308 412 9
82 412 9
192 412 12
9 412 12
360 412 13
413 497 15
315 413 8
145 413 7
413 481 9
128 413 12
217 413 11
79 413 14
192 413 14
413 437 9
218 413 11
257 414 9
278 414 10
280 414 8
311 414 7
168 414 8
360 414 10
162 414 9
141 414 11
387 415 8
64 415 12
307 415 11
2 415 10
113 415 10
38 415 11
309 415 9
47 415 10
40 415 9
249 415 10
58 415 14
145 416 11
140 416 10
151 416 10
393 416 9
15 416 11
205 416 9
206 416 10
104 416 9
301 416 12
226 416 10
230 416 10
126 417 11
417 442 11
130 417 10
359 417 9
310 417 9
225 417 9
8 417 12
203 417 10
343 417 9
305 417 10
71 417 12
23 418 8
302 418 10
329 418 10
415 418 9
33 418 10
330 418 6
306 418 10
205 418 14
333 418 9
86 419 13
364 419 8
194 419 9
321 419 12
419 440 13
236 419 12
129 419 9
419 426 11
215 419 12
74 420 8
352 420 13
372 420 13
141 420 9
272 420 9
420 477 13
96 420 11
420 469 14
220 420 11
130 420 7
189 421 8
271 421 12
421 454 12
210 421 10
348 421 13
385 421 11
36 421 14
421 482 9
187 421 9
422 479 9
422 464 8
105 422 11
198 422 10
172 422 7
155 422 9
422 487 12
404 422 12
30 422 14
29 422 13
166 422 11
422 427 11
159 423 12
325 423 9
202 423 12
378 423 10
423 455 11
329 423 11
5 423 9
33 423 9
95 423 7
189 423 8
7 423 13
253 424 8
35 424 13
424 449 13
424 444 10
237 424 11
424 443 11
85 424 12
424 428 11
174 424 7
12 424 10
363 424 10
255 425 12
281 425 11
193 425 14
174 425 10
425 485 8
352 425 11
224 425 12
37 425 6
98 425 8
292 425 10
425 431 13
10 425 14
246 425 7
292 426 10
426 435 14
381 426 9
68 426 9
35 426 9
8 426 8
244 426 11
426 486 9
118 427 9
31 427 14
28 427 8
427 475 10
427 448 10
64 427 9
427 477 9
71 427 13
423 427 13
379 427 11
288 428 12
211 428 12
280 428 8
302 428 8
139 428 11
428 450 10
31 428 9
359 428 10
423 428 10
276 428 9
258 428 2
429 453 13
104 429 13
196 429 11
80 429 12
429 473 12
86 429 14
369 429 10
137 429 9
51 429 13
60 430 10
134 430 13
430 485 11
305 430 8
248 430 8
367 430 10
423 430 9
235 430 13
318 430 12
430 459 11
430 480 8
431 473 10
41 431 10
431 450 12
60 431 11
375 431 10
431 454 10
202 431 10
431 440 10
144 431 10
12 432 11
270 432 9
362 432 8
94 432 10
199 432 13
269 432 9
4 432 12
432 451 13
341 432 11
203 432 11
323 433 14
175 433 9
239 433 13
281 433 12
125 433 8
94 433 13
238 433 12
250 433 10
324 433 15
386 434 11
358 434 15
87 434 11
434 447 12
208 434 9
291 434 8
151 434 9
434 496 9
10 435 11
289 435 10
356 435 10
311 435 9
230 435 11
435 478 12
354 435 7
274 435 12
94 435 7
188 435 11
42 435 6
397 436 13
310 436 12
436 453 9
338 436 9
26 436 8
63 436 10
126 436 12
436 487 11
75 436 11
315 436 8
271 436 7
239 436 10
373 437 11
425 437 14
437 497 13
106 437 12
135 437 12
206 437 10
70 437 12
127 437 13
351 438 6
339 438 10
18 438 11
401 438 11
438 471 6
282 438 9
47 438 12
115 438 10
64 438 11
160 439 16
210 439 10
439 482 14
385 439 11
439 477 9
67 439 9
123 439 13
99 439 12
439 445 12
421 439 10
56 439 10
326 440 12
225 440 11
322 440 11
70 440 7
202 440 10
271 440 10
332 440 10
292 440 10
25 440 12
441 469 8
6 441 11
135 441 8
362 441 10
115 441 15
7 441 11
441 446 9
31 441 8
92 442 6
196 442 10
270 442 13
351 442 15
136 442 16
298 442 15
442 479 9
442 489 9
18 442 11
91 443 10
192 443 10
207 443 14
360 443 9
156 443 10
322 443 13
308 443 12
147 443 11
117 443 11
228 443 10
439 443 12
31 444 11
262 444 9
444 449 9
444 489 11
187 444 9
69 444 10
193 444 12
350 444 12
102 444 11
123 444 7
142 444 10
445 477 9
218 445 8
183 445 9
43 445 10
332 445 9
273 445 13
356 445 12
366 445 12
445 466 9
247 445 11
133 446 8
258 446 8
46 446 12
205 446 12
438 446 12
47 446 9
183 446 12
163 446 12
121 446 7
116 447 9
15 447 9
447 453 11
391 447 12
203 447 10
11 447 10
128 447 11
304 447 11
305 447 10
442 447 16
448 469 11
442 448 8
86 448 11
247 448 10
88 448 11
195 448 12
11 448 10
305 448 11
419 448 11
447 449 10
86 449 10
236 449 11
449 489 11
12 449 11
441 449 13
40 449 9
449 468 9
449 452 7
96 450 9
166 450 10
410 450 11
297 450 9
250 450 13
133 450 9
217 450 11
341 450 7
442 450 10
41 450 13
275 451 12
121 451 9
213 451 13
3 451 7
119 451 11
238 451 8
62 451 11
16 451 9
451 467 9
259 451 10
452 485 13
385 452 10
226 452 11
408 452 10
286 452 8
391 452 6
314 452 12
40 452 8
4 452 7
452 479 11
242 453 9
299 453 12
393 453 12
453 483 11
218 453 11
235 453 9
297 453 11
113 453 10
385 453 13
454 483 12
62 454 11
72 454 16
454 464 12
19 454 10
184 454 8
120 454 11
162 454 8
139 454 11
96 454 11
455 487 10
55 455 8
369 455 9
78 455 10
126 455 13
106 455 11
236 455 10
438 455 13
151 455 14
433 455 8
286 456 9
444 456 8
49 456 11
450 456 9
125 456 8
88 456 11
141 456 9
425 456 11
220 456 14
53 457 9
23 457 8
286 457 10
9 457 9
206 457 10
325 457 10
262 457 12
137 457 14
191 457 10
128 457 11
265 457 12
391 458 9
435 458 9
346 458 12
140 458 8
446 458 10
4 458 12
103 458 9
189 458 10
225 458 12
458 492 15
242 459 9
370 459 7
459 499 13
286 459 8
459 465 13
459 491 11
319 459 9
350 459 10
330 459 10
414 459 6
102 460 12
67 460 8
7 460 7
421 460 10
326 460 10
441 460 8
29 460 8
68 460 13
272 460 14
371 461 9
386 461 11
405 461 14
461 472 11
18 461 11
92 461 12
366 461 11
461 481 15
437 461 12
461 471 10
16 462 8
15 462 11
128 462 8
80 462 15
59 462 9
235 462 12
32 462 7
39 462 9
6 462 9
443 462 12
463 489 7
214 463 9
355 463 12
463 498 10
120 463 10
441 463 11
190 463 8
455 463 12
338 463 9
325 463 9
401 464 11
16 464 11
206 464 11
149 464 10
464 475 12
402 464 13
367 464 14
340 464 11
13 464 12
382 464 10
10 465 9
93 465 11
38 465 13
353 465 13
262 465 7
141 465 10
298 465 7
220 465 9
174 465 12
236 465 9
332 466 9
198 466 10
273 466 6
444 466 13
255 466 9
38 466 8
144 466 7
303 466 7
435 466 9
65 466 10
187 467 11
29 467 11
467 488 10
77 467 11
411 467 9
462 467 8
289 467 11
21 467 11
58 467 12
308 467 12
89 468 9
273 468 10
468 473 8
95 468 10
1 468 10
381 468 13
415 468 7
335 468 13
413 468 9
159 468 12
400 469 12
357 469 12
269 469 12
80 469 10
50 469 13
54 469 11
214 469 12
422 469 13
107 469 10
414 470 13
192 470 9
268 470 8
435 470 10
162 470 11
468 470 12
67 470 13
46 470 8
244 470 11
470 488 12
44 471 9
10 471 12
110 471 11
260 471 11
29 471 10
302 471 12
451 471 13
12 471 13
106 471 10
469 471 12
191 471 10
112 472 10
60 472 13
317 472 12
223 472 11
346 472 9
214 472 11
190 472 10
249 472 12
235 472 7
141 472 10
59 472 11
241 473 14
217 473 6
54 473 9
355 473 10
454 473 13
436 473 12
118 473 12
305 473 13
90 473 9
473 487 9
73 474 6
212 474 8
327 474 10
197 474 11
318 474 5
421 474 9
255 474 11
220 474 10
474 487 6
250 474 12
24 475 13
108 475 5
369 475 8
144 475 9
89 475 11
173 475 11
413 475 8
398 475 15
187 475 11
137 475 13
10 475 9
278 476 11
199 476 10
0 476 7
476 496 6
464 476 11
34 476 8
136 476 13
397 476 10
224 476 12
165 476 10
258 477 10
253 477 13
200 477 10
93 477 9
373 477 8
158 477 12
356 477 8
291 477 9
405 477 11
83 477 6
77 478 7
468 478 11
1 478 10
384 478 10
237 478 12
180 478 14
184 478 5
445 478 11
134 478 10
39 478 7
427 478 11
479 485 6
265 479 11
366 479 13
41 479 11
205 479 14
479 493 10
468 479 9
3 479 8
248 479 12
460 479 11
454 480 13
341 480 10
267 480 12
153 480 13
177 480 12
76 480 10
325 480 12
16 480 8
123 480 13
318 480 9
196 480 12
375 481 10
373 481 11
338 481 9
87 481 10
68 481 10
104 481 6
172 481 9
246 481 9
230 481 9
80 482 10
414 482 11
330 482 10
248 482 9
300 482 13
373 482 11
77 482 13
131 482 12
296 482 11
169 483 13
147 483 12
351 483 11
367 483 11
312 483 10
480 483 13
203 483 14
288 483 11
238 483 10
478 483 12
66 484 10
79 484 9
147 484 7
71 484 11
40 484 11
403 484 7
366 484 11
235 484 12
113 484 12
323 485 11
416 485 12
387 485 10
31 485 13
161 485 10
195 485 10
11 485 14
260 485 11
444 485 12
98 485 11
361 485 9
395 485 10
486 491 12
387 486 10
265 486 10
29 486 10
111 486 10
262 486 9
425 486 12
110 486 10
144 486 13
460 486 14
268 487 11
221 487 9
457 487 11
5 487 10
311 487 10
123 487 9
90 487 10
309 487 9
50 487 12
193 487 11
476 488 13
325 488 12
385 488 10
401 488 12
161 488 10
29 488 9
101 488 7
223 488 9
42 488 12
271 488 12
4 488 10
258 488 12
320 489 12
234 489 8
212 489 9
123 489 10
311 489 10
441 489 9
454 489 14
21 489 8
164 489 8
458 489 11
309 489 11
110 490 14
417 490 9
221 490 7
310 490 10
131 490 13
66 490 9
345 490 11
427 490 10
240 490 10
25 491 11
252 491 6
97 491 10
380 491 13
260 491 13
179 491 11
117 491 8
336 491 8
412 491 13
12 491 10
120 491 12
411 492 14
410 492 13
269 492 11
1 492 10
46 492 12
389 492 13
348 492 12
492 493 10
260 493 12
239 493 11
493 498 10
246 493 9
343 493 10
99 493 13
336 493 11
40 493 12
266 493 9
467 493 8
196 494 9
12 494 14
118 494 7
479 494 10
371 494 10
69 494 10
451 494 11
477 494 12
151 494 13
392 494 14
130 495 11
249 495 9
428 495 12
148 495 12
303 495 8
42 495 10
476 495 15
143 495 8
240 495 11
298 495 8
271 496 9
67 496 8
314 496 12
491 496 11
315 496 8
34 496 9
99 496 10
243 496 9
133 496 13
326 496 7
182 497 13
383 497 12
334 497 10
50 497 10
212 497 13
315 497 9
208 497 10
379 497 15
179 497 7
56 498 8
79 498 16
201 498 14
93 498 13
308 498 9
107 498 9
14 498 12
247 498 10
117 498 10
83 498 10
264 499 8
444 499 12
463 499 9
220 499 12
270 499 13
370 499 9
380 499 12
344 499 12
240 499 9
67 499 13
