500
0
9
5
1
2
9
2
6
9
2
7
7
4
8
4
2
7
7
9
7
6
6
2
5
5
10
7
7
5
9
8
7
7
6
3
7
8
4
6
1
2
8
2
4
5
8
1
5
3
8
9
2
10
9
7
5
2
7
7
3
10
1
1
8
2
4
8
9
2
5
8
9
6
5
4
7
6
7
2
6
7
3
8
2
10
5
6
5
5
9
1
4
4
7
5
2
7
8
9
2
9
10
8
8
7
3
8
4
8
8
5
9
5
8
8
7
3
4
6
5
3
6
5
7
2
2
7
2
7
9
2
3
5
3
1
7
2
2
6
1
3
6
7
5
4
1
5
8
3
1
3
2
7
7
7
5
4
1
9
6
6
7
6
1
7
7
2
2
6
9
7
9
2
4
8
8
3
3
6
7
4
9
6
5
10
9
4
1
6
10
4
5
4
3
5
3
7
3
2
9
9
8
9
2
7
7
1
10
5
4
9
2
2
2
2
4
1
9
7
6
10
8
3
6
2
9
7
6
3
1
6
1
6
3
7
2
8
10
10
3
3
3
4
5
4
1
4
7
1
2
9
8
4
5
2
5
9
4
7
4
4
5
6
6
7
7
6
5
6
8
9
3
7
7
8
4
1
6
2
4
9
4
5
9
5
5
1
4
8
10
3
6
6
5
4
5
9
9
3
5
5
2
2
7
6
3
7
9
5
9
2
2
8
3
8
5
2
10
6
2
4
10
4
3
7
5
3
6
4
8
5
9
5
1
9
9
7
5
4
1
6
9
7
4
10
2
4
7
4
7
2
6
8
2
1
6
1
4
8
2
5
6
1
6
3
6
4
2
9
10
5
1
5
6
4
9
5
6
9
6
1
7
2
8
3
1
10
8
2
6
9
10
6
9
7
2
6
2
9
1
7
1
8
7
8
2
6
8
10
5
4
9
7
3
3
4
5
9
1
7
7
9
8
6
2
4
5
4
7
2
6
6
3
4
10
8
7
5
5
3
9
8
5
3
9
10
4
2
4
6
6
7
7
3
9
9
1
10
1
7
2
7
5
7
4
7
4
9
6
2
4
6
3
9
5
7
9
7
4
3
4
5
1
3
2
6
3
1
2
7
2
9
6
5
8
4
1
5
2
4
0 62 10
0 193 8
0 4 9
0 276 14
0 405 10
0 214 9
0 380 13
0 191 9
0 310 9
0 394 10
1 216 11
1 139 11
1 138 11
1 392 9
1 199 13
1 287 7
1 465 13
1 298 15
1 255 11
1 309 9
2 462 10
2 189 11
2 102 11
2 429 11
2 237 12
2 498 9
2 336 14
2 103 8
2 252 7
2 62 8
3 206 11
3 354 13
3 475 12
3 102 9
3 170 9
3 158 11
3 72 11
3 116 13
3 485 11
3 355 11
4 120 6
4 382 7
4 310 12
4 325 13
4 62 9
4 274 9
4 237 11
4 306 9
4 33 9
4 42 10
5 201 8
5 152 6
5 287 13
5 480 11
5 496 10
5 295 8
5 82 9
5 453 8
5 450 11
5 448 10
6 384 8
6 249 12
6 312 11
6 458 9
6 157 14
6 94 15
6 367 9
6 192 11
6 87 11
6 64 13
6 262 10
7 200 8
7 228 14
7 56 10
7 288 8
7 326 10
7 254 11
7 256 10
7 398 7
7 210 9
7 399 11
7 46 12
7 204 11
8 337 12
8 144 14
8 140 12
8 293 13
8 248 8
8 374 13
8 336 8
8 151 15
8 170 12
8 297 13
9 370 12
9 77 11
9 279 12
9 112 12
9 220 10
9 120 11
9 62 11
9 181 9
9 460 13
9 317 9
10 478 11
10 462 10
7 10 9
10 192 8
10 481 7
10 256 13
10 439 10
10 343 11
10 146 12
10 78 12
11 499 10
11 367 12
11 140 13
11 107 8
11 317 11
11 421 8
11 362 8
11 94 11
11 435 10
11 186 12
11 194 13
12 125 7
12 265 8
12 310 10
12 449 11
12 161 14
12 400 13
12 81 14
12 182 8
12 297 10
12 203 11
13 293 12
13 157 6
13 48 13
13 96 13
13 123 12
13 102 10
13 495 11
13 363 12
13 89 12
13 149 12
13 80 11
13 418 11
13 252 13
14 65 11
14 393 11
14 50 8
14 54 9
14 405 9
14 150 10
14 189 11
14 262 5
14 380 15
14 287 10
15 454 11
15 87 13
15 173 13
15 281 10
15 157 13
15 414 12
15 241 12
15 158 9
15 309 12
15 234 9
16 262 12
16 164 11
16 204 11
16 30 10
16 161 11
5 16 10
16 191 12
16 326 13
16 95 8
16 448 11
17 475 10
17 80 8
17 356 9
17 321 9
17 349 13
17 484 14
17 398 9
17 367 10
18 283 10
18 82 12
9 18 13
18 410 10
18 422 7
18 478 8
18 51 11
18 163 9
18 443 11
19 277 7
19 278 13
19 337 8
19 288 11
3 19 12
19 256 9
19 246 11
19 340 7
19 267 15
19 82 9
20 450 11
20 156 8
20 373 10
20 412 7
20 65 9
20 277 13
20 83 11
20 349 11
20 102 13
21 359 10
21 132 9
21 312 9
21 235 12
21 94 12
21 166 10
21 499 10
21 76 9
21 145 13
9 21 11
21 385 8
22 34 9
22 259 11
22 265 11
22 315 10
22 186 9
22 151 8
22 144 11
22 250 11
22 156 10
23 445 12
23 100 6
23 430 9
23 347 13
23 269 11
23 221 11
23 180 10
23 87 10
23 474 8
3 23 10
24 437 11
24 175 11
24 397 9
24 140 6
24 269 13
24 433 13
24 167 10
24 408 10
24 457 10
2 25 12
25 212 10
25 41 10
25 440 9
25 103 10
25 333 9
25 160 11
25 164 10
25 378 10
26 198 12
26 99 12
26 119 9
26 37 10
26 372 7
26 240 8
26 141 10
1 26 10
26 340 9
26 397 11
27 78 8
27 49 6
27 217 9
27 190 10
27 444 15
27 494 13
27 189 7
27 102 9
28 77 9
28 74 10
28 179 13
28 46 7
28 295 10
28 188 13
28 326 9
20 28 9
28 101 8
28 110 11
29 233 11
29 484 10
29 334 13
29 386 13
29 470 9
29 186 8
29 261 9
29 289 9
29 188 11
29 182 9
29 343 11
30 308 9
30 246 9
30 448 16
30 279 12
30 88 12
30 35 9
30 33 9
5 30 11
29 30 12
31 127 14
31 361 10
31 259 11
31 257 12
31 68 11
9 31 10
31 105 10
31 395 10
31 133 11
31 135 15
31 471 12
31 264 10
31 176 8
31 91 9
32 44 16
32 422 8
32 147 5
32 131 12
32 158 10
32 111 11
32 212 14
32 478 9
32 62 15
21 32 12
32 336 9
33 230 10
33 78 12
8 33 10
33 440 12
33 489 9
33 325 15
33 276 14
33 35 12
33 387 14
34 371 11
34 151 12
34 222 9
34 119 9
34 135 14
34 368 12
34 199 13
34 261 9
34 270 12
34 467 10
34 349 6
34 470 11
35 295 13
35 169 13
35 100 9
35 188 10
35 431 10
35 382 5
35 101 12
36 166 11
36 334 14
36 371 10
36 435 12
1 36 6
36 47 8
36 152 12
36 292 7
36 102 13
37 296 11
37 148 12
37 288 14
37 43 10
37 383 5
37 217 9
37 318 10
37 157 11
37 438 13
37 499 11
11 37 10
38 269 10
38 131 13
38 367 11
38 237 7
38 182 9
1 38 12
38 48 13
29 38 13
38 152 11
38 236 8
38 449 11
39 274 10
39 443 9
39 307 10
39 181 12
39 271 11
39 240 12
39 273 7
39 95 10
39 402 11
40 61 12
40 99 11
40 458 10
40 96 9
40 297 14
40 337 8
40 300 15
40 422 11
40 432 10
40 164 11
8 40 11
41 182 11
41 317 11
41 282 9
41 359 11
41 295 12
41 197 11
41 44 9
28 41 9
42 199 11
42 481 14
42 247 10
42 486 11
42 264 10
42 462 10
42 177 10
42 297 8
42 496 12
42 447 9
24 42 12
42 149 11
43 184 13
43 359 10
43 320 9
43 357 8
3 43 14
43 319 8
43 384 14
43 370 11
43 488 13
43 148 12
43 256 10
43 275 13
44 107 10
44 309 14
44 171 11
44 349 10
44 141 13
44 57 11
44 354 16
44 404 11
44 202 8
44 446 10
45 309 11
45 264 11
26 45 8
45 240 11
45 427 11
45 440 10
45 393 13
45 124 11
46 261 12
46 219 9
46 257 11
46 149 11
46 228 9
46 399 10
46 365 12
46 109 11
23 46 11
46 183 5
46 127 12
47 50 7
17 47 11
47 314 9
47 299 11
47 286 8
16 47 10
47 146 12
47 139 12
47 158 10
48 412 12
48 198 10
48 69 12
48 415 11
48 402 9
48 496 10
48 427 11
48 400 11
48 361 8
48 104 8
49 379 13
49 470 13
49 141 14
42 49 13
49 283 10
49 212 9
49 291 10
49 475 8
49 414 11
49 166 6
50 180 12
50 91 9
50 328 13
50 492 11
50 401 10
19 50 10
50 352 10
50 309 10
50 431 13
50 406 10
51 294 10
51 286 8
51 263 9
51 100 10
51 145 9
34 51 8
51 212 8
51 198 10
37 51 9
51 433 9
51 431 11
52 62 9
52 214 10
52 166 11
52 134 8
52 142 8
52 201 11
52 110 13
52 363 10
26 52 13
52 482 8
53 327 11
53 262 10
53 238 11
33 53 15
53 158 9
53 217 12
53 135 13
53 491 9
53 121 10
53 87 13
22 53 11
54 226 7
54 458 11
54 372 13
54 444 12
54 368 13
54 321 10
54 153 10
54 210 10
54 167 14
37 54 10
54 481 8
55 371 11
55 60 12
55 323 9
55 56 7
55 475 10
55 239 12
55 213 10
55 110 7
55 292 8
55 234 10
55 454 11
55 143 8
56 388 13
32 56 12
56 330 10
56 285 7
56 201 9
56 260 10
56 361 10
56 104 9
56 396 14
13 56 10
57 98 10
57 178 9
57 236 6
21 57 11
57 337 14
57 481 14
57 486 12
57 497 9
30 57 9
57 465 10
57 107 15
57 262 9
58 482 12
58 350 10
58 112 11
58 204 10
58 428 12
58 432 9
58 425 11
58 433 12
58 93 12
58 221 13
59 423 14
59 465 9
8 59 12
59 271 13
59 404 16
52 59 12
59 102 9
1 59 11
59 495 10
59 108 13
59 469 11
60 439 13
60 318 13
60 434 7
60 382 10
60 183 10
60 194 13
60 204 8
60 316 9
12 60 12
61 353 11
61 254 14
61 400 13
61 137 8
17 61 13
61 469 12
61 395 13
61 348 7
61 298 10
61 130 11
7 62 14
62 423 11
62 127 8
62 237 12
62 345 11
62 256 9
62 153 15
62 453 13
62 441 9
62 68 15
13 63 9
63 197 10
63 289 10
63 326 11
63 395 13
63 450 9
63 243 10
63 267 8
63 280 12
63 226 10
63 294 10
64 396 11
64 295 9
64 330 12
64 221 10
64 461 10
64 298 11
39 64 10
64 310 7
64 166 11
64 182 12
65 133 11
65 413 13
65 499 11
65 286 11
8 65 11
65 468 9
65 188 10
65 332 9
65 168 8
65 186 10
65 361 13
66 281 10
66 158 11
66 329 12
66 198 9
57 66 8
66 187 10
66 69 12
66 456 10
67 187 12
67 427 11
67 134 7
67 435 15
67 446 11
67 497 10
67 335 13
67 488 10
67 480 10
24 67 16
68 240 13
68 435 12
37 68 7
68 370 12
68 290 11
68 289 11
68 192 9
68 163 10
24 68 9
42 68 12
68 86 8
69 190 8
69 219 11
21 69 12
69 179 11
27 69 6
69 260 8
69 471 12
69 325 11
69 70 11
69 136 13
69 344 11
28 70 11
70 159 12
70 437 9
70 349 13
70 492 10
70 163 9
70 76 12
70 426 12
70 415 15
62 70 8
71 344 10
71 478 10
71 407 8
62 71 14
71 99 12
71 428 12
71 283 10
71 294 10
71 120 11
71 496 13
71 333 12
2 72 9
72 457 13
72 375 12
72 455 13
72 313 8
72 210 9
72 417 13
72 244 9
72 202 9
72 431 9
73 442 9
73 395 5
73 217 12
40 73 9
44 73 11
10 73 7
73 270 9
73 460 7
73 498 12
74 372 8
74 117 10
74 143 12
74 79 9
74 233 4
74 496 11
74 379 13
3 74 12
74 439 10
75 78 12
75 303 9
75 365 9
75 151 9
75 76 11
75 253 12
75 79 14
57 75 9
75 492 12
76 330 11
76 242 10
76 222 11
18 76 9
76 482 12
76 296 9
76 111 15
76 462 12
76 219 10
62 76 15
76 223 12
77 158 9
77 414 12
77 82 13
77 463 7
77 205 10
77 253 12
77 469 10
77 173 10
77 252 12
71 77 9
78 276 9
78 186 9
78 400 12
78 455 11
78 349 10
78 324 11
78 140 9
78 359 9
78 167 11
78 306 8
79 291 12
79 161 10
79 227 10
79 377 9
79 151 4
79 424 9
79 163 12
79 477 9
79 222 13
43 79 13
61 80 11
80 168 12
80 481 8
80 483 12
80 135 11
80 314 8
80 147 13
80 92 10
80 393 7
81 101 10
81 288 10
38 81 10
81 148 10
81 124 7
81 254 11
81 325 9
81 127 9
81 399 11
19 81 9
82 87 13
82 83 8
82 354 11
82 388 9
82 367 11
82 398 12
82 197 11
82 123 11
82 233 11
83 144 8
83 303 11
83 311 8
83 265 8
83 212 10
83 102 14
69 83 9
83 157 6
83 234 10
83 398 9
83 316 12
83 233 9
84 121 9
84 294 8
84 159 13
84 390 12
84 378 9
84 185 12
36 84 10
84 196 10
84 119 13
85 462 11
85 305 13
85 262 12
85 465 8
85 88 8
85 326 7
85 108 10
85 348 11
85 410 8
85 143 15
85 154 10
86 426 8
86 87 8
86 153 10
86 344 10
78 86 14
86 207 9
86 331 12
86 439 11
76 86 9
86 318 11
86 172 13
37 86 9
41 87 8
87 496 8
87 454 11
87 239 12
87 449 8
87 303 10
87 243 13
87 493 11
87 122 8
87 124 13
87 327 10
88 481 13
88 485 9
88 388 7
88 215 9
88 402 12
88 367 11
88 244 7
88 171 9
88 301 9
89 242 10
89 360 6
89 206 12
89 348 8
89 423 14
18 89 9
89 475 10
89 429 17
81 89 14
90 410 12
90 158 13
90 297 12
90 495 8
57 90 13
90 318 8
90 106 8
90 201 7
90 400 11
90 455 10
91 402 13
91 122 11
75 91 11
91 481 9
91 365 11
91 285 13
91 425 12
12 91 7
91 132 7
91 263 8
76 92 10
92 355 9
92 330 10
92 127 8
92 308 14
49 92 7
92 354 10
92 108 10
8 92 8
93 495 9
1 93 10
93 395 7
93 138 11
93 99 9
93 452 12
93 410 8
93 440 13
93 384 12
94 161 12
94 397 8
94 414 10
94 462 10
72 94 9
94 253 11
15 94 9
94 290 8
94 175 11
94 261 11
59 94 10
3 95 10
95 346 13
95 261 9
52 95 8
6 95 11
95 416 10
95 187 14
31 95 10
95 355 10
76 95 11
96 303 10
96 391 10
96 119 11
96 433 13
96 297 10
62 96 11
96 397 11
96 493 9
96 295 12
33 96 10
97 181 8
95 97 9
97 295 14
97 365 12
97 135 10
97 454 12
11 97 11
97 203 10
97 324 9
93 97 12
97 115 9
40 97 9
72 98 12
98 378 13
98 458 14
98 124 13
98 384 11
98 195 10
32 98 11
98 128 10
98 428 11
98 282 9
67 99 9
99 161 12
89 99 11
99 257 14
99 245 15
99 430 7
99 473 10
99 488 9
99 329 9
100 355 10
93 100 10
100 263 13
100 314 12
100 344 11
100 236 10
100 342 7
100 134 7
101 184 12
101 210 11
101 376 15
101 153 11
101 188 10
101 220 11
101 455 7
101 470 11
101 327 14
66 101 11
24 102 14
102 429 11
102 370 11
102 403 13
102 438 6
102 436 11
102 267 7
102 276 11
102 418 11
102 234 9
103 132 10
103 154 13
103 258 9
71 103 13
93 103 10
103 448 7
103 210 8
103 494 8
50 103 12
103 440 12
104 446 16
104 384 11
75 104 11
104 411 13
17 104 11
104 306 11
104 148 14
1 104 11
104 300 8
105 278 11
105 453 11
105 114 8
105 448 10
105 220 11
105 319 13
105 405 10
105 250 10
105 160 10
105 395 13
105 286 11
105 258 10
105 467 11
106 367 11
106 313 13
106 143 10
106 135 8
106 228 7
24 106 11
106 189 12
66 106 12
106 460 10
106 261 11
106 308 8
107 414 9
107 239 10
107 240 10
13 107 12
81 107 11
107 142 9
107 490 11
107 299 11
107 444 13
107 345 10
107 303 11
52 108 13
108 232 11
108 199 13
108 275 7
108 168 9
40 108 10
108 360 12
108 365 12
108 165 9
9 108 7
108 311 8
109 459 14
88 109 8
109 128 11
109 279 11
109 300 8
109 124 10
109 166 11
109 422 10
109 458 12
109 397 17
28 109 14
110 133 10
110 117 12
110 284 10
110 286 14
29 110 10
110 470 12
110 237 13
110 115 12
110 145 10
110 428 11
110 276 9
111 483 9
111 138 7
111 250 11
111 185 9
111 437 11
111 246 13
111 269 8
14 111 9
111 307 10
84 111 12
112 364 13
112 442 13
112 425 8
112 253 10
112 264 12
74 112 11
112 248 11
112 349 14
112 215 10
112 362 11
112 437 8
71 113 9
113 142 13
113 479 11
102 113 11
113 387 11
113 141 13
113 181 9
113 275 10
113 234 12
113 246 9
114 476 10
114 189 9
114 213 12
113 114 9
114 284 11
114 226 12
96 114 11
114 151 9
114 487 10
114 435 5
94 114 10
95 114 12
74 114 10
115 358 7
115 351 9
115 446 14
90 115 11
115 398 10
115 200 12
80 115 9
115 382 14
115 289 12
116 200 10
116 482 8
19 116 14
116 431 12
116 296 8
116 328 10
116 152 13
116 266 8
116 493 10
116 470 8
117 459 9
117 278 7
117 388 14
117 122 11
117 194 12
117 484 10
117 163 13
117 293 10
15 117 11
70 117 9
118 345 8
118 323 12
118 302 10
118 479 9
118 321 11
118 210 9
118 131 9
111 118 9
118 138 10
119 368 5
119 495 11
119 133 11
119 444 15
119 369 7
119 177 11
117 119 10
119 267 11
119 259 10
119 300 8
92 120 11
120 182 13
120 460 16
120 351 13
120 483 9
120 226 10
120 153 10
19 120 11
120 232 12
120 470 7
121 493 8
121 169 6
121 336 12
121 243 9
121 263 12
121 451 14
121 473 9
102 121 12
55 121 14
121 440 13
111 121 11
122 494 15
122 478 13
122 206 11
122 412 11
50 122 10
122 260 12
122 296 12
122 450 12
65 122 13
122 368 9
123 317 12
123 463 12
123 298 9
123 345 6
123 235 8
123 132 10
62 123 9
22 123 11
123 249 10
123 351 8
86 123 12
82 124 11
124 288 10
124 371 7
124 188 10
124 229 11
124 332 10
124 484 12
124 410 8
124 343 9
124 176 7
125 376 10
125 246 9
125 390 12
125 489 9
125 485 9
125 478 11
125 288 9
125 270 10
125 200 11
40 125 11
126 227 11
56 126 10
126 236 13
126 305 8
126 149 9
126 197 14
126 147 7
126 233 10
126 326 14
126 432 10
127 334 10
127 130 12
127 377 12
127 453 11
127 382 12
127 315 12
108 127 11
127 440 13
127 462 8
127 482 10
128 224 12
128 253 6
128 220 10
128 431 11
128 459 11
128 140 13
17 128 10
53 128 13
85 128 12
128 369 10
125 129 12
129 285 10
129 398 9
129 173 12
57 129 8
129 479 9
129 227 10
20 129 10
129 356 10
86 129 10
23 129 7
130 343 13
130 305 9
130 456 14
130 253 12
130 193 9
108 130 11
67 130 11
130 479 11
63 130 9
130 244 9
131 234 10
131 384 8
0 131 10
131 477 14
131 467 7
131 198 13
131 231 9
131 140 9
5 131 12
132 199 10
127 132 13
128 132 11
132 154 11
132 425 9
19 132 11
132 146 9
132 398 7
132 449 15
132 178 10
132 333 11
116 133 9
133 176 8
133 311 14
133 349 9
133 172 11
133 138 10
16 133 13
133 275 11
133 371 11
133 487 10
133 316 8
134 438 8
134 286 10
134 363 8
134 322 11
11 134 13
134 142 11
134 399 10
134 140 8
134 247 12
135 452 13
13 135 9
89 135 10
119 135 11
135 276 11
135 279 12
135 208 6
102 135 12
135 221 12
136 151 10
5 136 9
136 449 13
136 148 12
136 229 10
136 366 9
48 136 7
92 136 8
84 136 10
136 395 7
11 137 8
137 499 12
137 222 8
137 191 14
29 137 12
98 137 11
137 439 10
137 399 9
137 411 11
137 360 11
45 137 11
138 437 11
138 183 8
138 280 9
138 293 10
138 266 11
138 441 4
138 307 12
37 138 11
138 366 7
138 185 10
139 398 11
139 315 8
139 396 8
139 369 13
139 215 9
77 139 13
139 323 10
139 316 13
139 313 9
43 139 11
140 222 10
56 140 11
80 140 15
140 329 12
140 324 10
4 140 10
140 496 10
140 250 12
140 234 9
140 251 16
141 345 13
141 451 10
141 294 10
141 487 14
141 230 11
141 188 9
141 206 13
33 141 9
141 378 12
141 181 8
141 466 11
142 474 9
142 265 10
87 142 9
35 142 10
130 142 8
142 465 11
142 335 8
142 338 14
142 482 11
142 463 7
143 427 15
1 143 13
143 277 11
45 143 10
143 156 8
143 201 10
73 143 12
143 271 9
143 463 14
121 144 8
144 216 10
11 144 10
144 261 8
144 306 10
144 225 14
144 340 10
144 386 12
144 197 10
47 144 11
144 277 12
144 396 10
145 350 9
84 145 8
67 145 12
145 173 7
145 267 10
145 478 12
145 207 9
145 303 11
145 400 10
146 228 11
146 355 11
146 158 5
146 442 11
146 166 12
146 470 9
86 146 9
146 184 11
60 146 13
146 426 13
147 484 10
147 365 12
147 381 13
147 424 11
147 326 7
147 168 10
147 271 9
147 407 11
147 380 13
148 499 14
7 148 11
148 238 14
148 497 14
148 271 9
148 173 8
148 337 8
148 392 14
74 148 9
148 386 12
148 498 12
149 326 12
149 358 10
149 429 9
149 327 12
52 149 14
84 149 10
149 408 11
149 183 8
49 149 9
149 396 12
150 480 7
150 269 12
150 432 13
150 294 12
150 353 11
150 159 9
127 150 10
150 309 11
150 414 10
78 151 8
145 151 11
69 151 14
151 440 10
151 419 10
151 437 12
151 470 9
151 497 11
151 312 11
41 152 11
124 152 9
11 152 11
152 374 10
152 185 9
100 152 8
60 152 14
152 203 10
152 426 11
152 371 11
50 152 13
153 210 7
17 153 13
153 394 9
153 234 10
153 186 7
95 153 13
153 453 5
153 303 16
66 153 11
153 475 14
154 395 12
154 232 10
28 154 9
154 494 10
154 303 9
154 271 9
154 287 10
154 247 11
151 154 10
66 154 13
154 327 9
155 230 12
155 191 12
155 493 14
155 282 5
70 155 10
128 155 7
155 389 8
155 427 10
91 155 7
10 156 8
156 421 11
156 179 7
156 303 16
126 156 12
156 406 12
156 439 12
156 310 14
157 318 11
157 277 14
103 157 11
134 157 13
157 364 10
157 393 16
126 157 11
157 173 10
157 409 9
158 492 7
69 158 13
158 431 7
158 248 9
158 218 9
28 158 9
158 199 11
159 239 10
159 491 7
87 159 12
159 311 8
159 463 12
159 175 11
159 292 9
159 177 12
159 225 9
160 361 13
63 160 10
39 160 14
160 495 10
87 160 11
160 325 11
49 160 10
160 353 10
160 177 9
91 160 10
161 200 10
161 169 9
161 222 10
145 161 11
158 161 10
161 404 11
161 171 11
161 459 13
161 374 7
90 161 10
162 387 11
162 268 13
162 448 12
162 454 10
107 162 10
162 445 7
162 282 10
162 341 13
162 317 8
162 262 10
162 171 8
163 379 11
43 163 14
163 358 10
163 374 12
163 430 8
163 362 11
163 417 9
163 336 10
163 342 12
26 164 11
164 326 12
164 440 12
164 380 8
164 443 10
164 410 14
164 169 11
141 164 10
164 278 13
164 227 12
164 394 8
165 236 11
165 294 10
16 165 10
165 451 8
165 452 8
30 165 10
165 283 9
165 228 11
165 364 11
38 165 13
152 166 12
166 393 9
166 467 10
166 270 14
166 327 14
108 166 12
166 333 9
166 362 10
166 425 13
166 434 8
45 166 9
167 212 13
20 167 8
167 469 6
114 167 9
34 167 7
167 256 10
52 167 6
167 298 11
95 167 11
125 168 8
168 496 8
168 431 13
168 178 10
168 368 8
168 373 7
83 168 7
168 185 13
17 168 11
168 218 8
24 168 11
169 492 9
81 169 10
3 169 10
112 169 11
169 292 9
169 497 9
84 169 14
51 169 14
169 341 10
169 377 15
61 170 9
170 460 12
170 474 10
170 293 7
170 359 6
170 227 11
163 170 9
165 170 10
170 406 11
170 493 10
94 171 12
171 295 8
171 267 10
171 382 9
171 485 10
171 336 10
75 171 8
89 171 9
171 205 10
171 329 8
171 409 12
172 417 9
14 172 11
172 216 11
172 456 12
71 172 13
172 285 12
172 423 7
172 203 7
172 391 11
172 484 9
173 222 11
138 173 11
173 382 9
139 173 8
173 303 11
69 173 9
173 177 10
173 489 13
11 173 9
173 494 10
115 173 10
49 174 9
37 174 10
94 174 12
174 496 11
174 247 11
41 174 8
8 174 12
174 197 10
157 174 10
166 175 14
14 175 12
175 280 12
175 364 10
80 175 11
48 175 11
175 387 12
175 345 9
175 194 13
25 175 10
175 376 8
175 269 12
176 305 9
176 435 8
176 496 9
176 178 10
90 176 11
176 314 11
138 176 9
176 298 7
176 426 12
176 444 8
24 177 11
177 257 10
7 177 13
177 320 11
77 177 13
177 351 12
37 177 13
41 177 9
177 190 10
177 474 14
177 387 10
178 215 8
76 178 13
178 290 10
178 297 10
178 183 10
31 178 12
128 178 7
178 319 12
179 211 12
179 411 8
135 179 14
179 462 10
136 179 13
122 179 12
155 179 11
179 374 9
179 445 9
125 179 9
157 179 7
180 424 8
180 382 11
31 180 11
180 239 14
180 299 12
180 346 12
58 180 11
180 307 13
36 180 7
181 312 14
181 215 13
6 181 9
58 181 11
181 368 12
140 181 11
181 408 12
181 414 8
56 181 11
103 182 9
182 269 10
182 228 12
182 274 10
182 232 9
182 271 8
182 262 6
182 389 11
182 246 9
183 332 9
183 345 9
144 183 11
183 362 10
183 493 13
172 183 12
61 183 11
74 183 12
183 294 8
116 183 15
157 184 9
17 184 11
184 424 12
184 444 13
184 209 9
184 240 14
45 184 12
27 184 9
184 375 11
185 434 14
185 223 10
185 203 11
53 185 11
117 185 9
185 193 12
185 352 12
185 257 12
186 461 13
186 434 8
150 186 11
39 186 11
49 186 11
186 209 12
186 397 11
186 418 10
105 186 10
187 245 11
187 271 12
187 254 6
187 400 10
187 350 10
187 469 12
187 346 12
187 279 10
1 187 12
188 310 10
136 188 13
44 188 10
32 188 13
188 237 11
87 188 12
188 392 10
188 447 12
128 188 13
47 188 11
174 189 13
189 421 12
189 360 9
189 265 11
189 356 11
189 298 11
159 189 10
102 189 11
65 189 16
189 366 11
190 382 12
154 190 9
172 190 8
190 260 8
28 190 12
61 190 11
190 482 10
190 489 12
190 441 13
190 375 12
102 191 12
157 191 9
191 485 12
34 191 10
191 200 8
14 191 10
101 191 9
191 487 9
191 382 11
169 192 16
184 192 9
192 407 8
192 478 7
156 192 10
34 192 11
137 192 10
192 435 8
192 410 13
14 192 13
192 216 9
193 268 14
193 282 13
12 193 10
81 193 9
193 425 10
96 193 5
193 456 13
193 492 10
193 223 11
179 193 10
97 194 9
194 212 11
194 204 13
194 372 10
74 194 6
69 194 11
190 194 12
105 194 12
66 194 10
194 217 10
163 195 11
193 195 8
195 286 8
129 195 8
195 460 11
195 224 11
145 195 13
195 226 10
195 481 11
147 196 9
196 456 11
196 460 11
196 416 13
196 477 11
196 378 7
196 322 11
162 196 12
196 300 10
196 326 11
196 240 8
197 448 10
27 197 7
197 248 10
197 287 9
35 197 8
197 331 13
197 285 8
197 415 11
197 278 9
21 198 9
6 198 11
198 462 11
198 378 13
198 484 10
198 231 12
198 325 9
132 198 10
198 429 14
195 198 9
104 199 11
19 199 7
199 238 10
21 199 9
199 217 9
184 199 8
101 199 12
199 462 11
199 290 11
144 199 9
199 470 13
100 200 12
11 200 12
200 375 9
166 200 12
200 403 11
46 200 10
200 448 10
200 309 9
200 316 10
200 263 9
194 201 9
201 293 13
201 377 6
201 417 10
201 440 12
201 297 11
201 335 13
136 201 7
201 270 11
47 201 12
202 246 10
202 284 10
202 477 13
202 418 10
202 343 12
202 276 8
202 428 8
43 202 10
202 257 11
90 202 14
200 203 6
203 489 6
150 203 12
159 203 8
190 203 13
203 261 8
203 488 9
44 203 13
203 365 8
156 204 16
204 427 10
204 245 12
204 475 9
204 206 12
173 204 14
119 204 12
204 356 9
25 204 8
182 204 12
205 338 11
108 205 10
205 494 10
205 226 10
30 205 7
205 351 9
205 234 12
103 205 11
102 205 9
26 206 12
158 206 9
206 214 8
64 206 9
206 326 11
206 268 8
206 411 12
206 294 10
202 206 12
206 331 11
206 337 12
207 481 14
169 207 13
24 207 9
207 329 8
207 349 9
207 402 11
207 487 8
207 247 11
207 443 13
105 207 9
66 208 8
18 208 8
70 208 8
192 208 11
208 421 9
79 208 6
31 208 12
208 310 10
208 333 13
3 208 10
208 468 12
208 441 9
209 216 9
46 209 11
180 209 9
79 209 9
77 209 11
85 209 12
209 233 7
209 283 13
209 383 13
209 499 8
152 210 12
210 373 10
113 210 9
12 210 11
56 210 12
210 319 11
210 393 9
210 243 9
210 482 12
210 452 9
35 210 10
211 414 9
211 361 12
211 469 11
211 290 7
200 211 15
198 211 12
211 432 8
138 211 11
211 296 6
211 221 9
211 250 8
112 212 11
212 449 9
212 395 10
212 256 11
212 408 10
144 212 10
212 353 10
26 212 14
212 238 10
212 476 9
213 401 9
81 213 11
156 213 10
60 213 12
213 431 11
213 496 11
213 426 9
95 213 12
208 213 10
213 347 12
214 238 11
214 450 12
214 260 11
35 214 9
137 214 9
214 218 9
214 357 11
214 350 8
11 214 9
140 215 13
215 366 9
215 495 11
13 215 12
215 445 13
215 256 14
124 215 13
215 471 11
149 215 9
94 216 10
216 431 11
120 216 12
216 251 14
49 216 5
198 216 13
216 486 11
216 429 14
96 216 12
151 216 6
217 327 12
109 217 10
103 217 10
84 217 12
176 217 13
32 217 8
61 217 9
33 217 8
40 217 9
217 316 10
218 391 12
58 218 10
218 381 9
218 471 9
31 218 10
102 218 9
123 218 12
218 296 15
218 394 14
218 346 13
218 456 8
111 219 9
210 219 9
81 219 11
23 219 12
219 222 13
98 219 9
219 395 14
219 348 10
219 335 12
219 467 10
220 263 12
220 309 7
220 302 11
220 380 11
168 220 12
63 220 15
48 220 13
220 354 10
147 220 9
220 407 9
187 220 11
153 220 11
170 220 12
221 352 9
221 496 7
151 221 9
221 278 11
221 298 11
221 392 9
221 442 9
112 221 8
174 221 9
222 318 12
102 222 12
222 349 10
222 257 14
157 222 10
167 222 9
187 222 11
222 233 9
222 294 12
15 223 12
223 498 13
176 223 13
223 461 10
158 223 11
169 223 13
223 259 11
132 223 16
224 292 13
224 319 8
224 488 7
224 433 9
224 238 12
174 224 10
22 224 11
116 224 10
224 411 11
110 225 10
213 225 12
138 225 11
225 352 12
111 225 12
176 225 12
225 372 12
94 225 9
225 276 11
182 226 8
226 234 8
216 226 11
226 364 11
226 229 9
77 226 11
58 226 12
226 337 8
226 418 9
226 384 11
227 348 10
227 446 10
227 305 14
227 369 8
227 455 9
76 227 13
6 227 10
24 227 12
227 310 8
228 477 9
228 286 11
110 228 9
197 228 8
228 370 9
30 228 8
134 228 9
228 385 12
228 498 9
228 277 14
228 484 11
229 450 7
229 486 11
229 490 9
229 430 8
229 234 10
184 229 13
11 229 10
29 229 10
100 229 8
27 229 11
230 417 13
230 364 10
230 399 8
230 352 9
174 230 13
230 260 8
230 350 12
230 329 12
230 244 11
57 230 14
51 231 12
180 231 8
231 335 13
231 448 8
231 263 7
231 328 8
65 231 9
231 303 13
231 346 9
231 453 9
160 232 12
193 232 10
168 232 10
232 353 10
232 244 9
232 416 13
138 232 8
232 324 10
57 232 9
232 375 9
50 232 11
187 233 9
233 250 11
233 342 13
233 297 9
233 423 13
233 454 9
195 233 9
232 233 10
226 233 13
233 341 12
181 234 11
143 234 10
234 336 10
234 359 11
155 234 11
88 234 8
38 234 10
234 322 10
234 458 12
149 235 11
79 235 14
235 419 8
235 320 14
235 394 12
65 235 11
203 235 15
72 235 11
236 353 14
236 256 9
236 422 8
236 407 9
211 236 10
128 236 16
236 388 10
236 334 10
236 302 8
237 275 11
196 237 13
234 237 12
237 322 13
104 237 12
125 237 11
237 458 12
220 237 9
87 237 6
45 238 9
15 238 8
238 301 11
238 432 10
180 238 12
238 300 12
161 238 10
145 238 15
238 475 9
238 346 13
226 239 12
239 455 11
57 239 12
239 468 11
239 262 14
239 417 11
239 248 10
10 239 11
239 420 9
34 239 15
37 240 12
237 240 14
240 377 12
65 240 10
125 240 10
232 240 8
91 240 10
240 372 10
197 240 12
235 240 9
240 419 12
168 241 12
241 310 8
241 273 11
241 499 14
148 241 12
241 485 8
241 389 11
216 241 9
102 242 10
242 401 13
242 465 10
54 242 8
242 337 12
204 242 11
210 242 9
192 242 14
188 242 13
129 242 12
242 273 11
135 243 11
83 243 9
46 243 9
142 243 6
151 243 11
129 243 12
110 243 11
57 243 10
243 319 12
135 244 11
114 244 12
244 468 12
244 493 6
244 440 8
200 244 9
244 261 10
244 330 9
244 460 11
244 368 11
136 244 9
245 260 9
20 245 8
68 245 11
245 408 10
245 403 10
245 304 11
111 245 11
25 245 12
51 245 8
246 378 14
246 364 10
216 246 9
171 246 8
246 446 13
13 246 10
21 246 9
228 246 11
64 246 11
121 246 11
167 246 11
247 451 10
247 383 10
172 247 11
227 247 9
247 350 11
221 247 12
247 468 11
235 247 8
247 382 11
244 247 10
248 332 6
248 381 7
248 258 11
248 443 12
248 484 12
248 367 10
248 305 13
148 248 9
248 276 10
248 462 10
248 273 11
248 398 11
239 249 13
249 341 7
249 324 10
128 249 12
153 249 9
249 374 15
171 249 14
67 249 11
249 495 9
228 249 11
250 333 10
250 483 14
122 250 6
250 310 11
167 250 12
250 380 12
12 250 10
62 250 8
251 331 13
251 414 12
251 348 9
251 272 12
187 251 8
81 251 10
190 251 12
251 402 11
251 416 12
116 251 10
220 252 12
131 252 11
118 252 14
12 252 14
152 252 8
252 280 13
252 373 12
44 252 10
252 459 9
253 444 10
7 253 11
253 263 12
253 278 9
222 253 11
253 279 9
253 434 10
253 284 16
200 253 11
253 265 13
253 468 12
254 436 7
23 254 11
104 254 12
254 467 11
254 378 5
234 254 10
221 254 13
254 294 12
17 254 9
33 254 15
255 342 10
255 426 13
72 255 12
128 255 11
255 414 12
253 255 14
18 255 11
45 255 11
135 255 8
5 255 11
256 297 7
13 256 9
184 256 9
255 256 8
256 348 11
122 256 13
256 455 9
256 259 12
53 256 13
256 457 9
257 356 10
181 257 13
233 257 9
173 257 11
25 257 8
150 257 11
257 475 9
257 275 12
258 328 7
250 258 10
92 258 11
258 425 14
167 258 13
258 296 12
18 258 11
230 258 10
259 315 11
259 410 10
140 259 9
259 370 12
101 259 7
259 421 9
259 449 12
69 259 12
84 259 12
5 260 7
260 374 12
66 260 10
260 369 11
260 498 10
260 272 12
73 260 11
260 331 9
117 260 12
217 260 13
53 261 14
138 261 11
120 261 10
90 261 14
261 403 10
261 322 5
81 261 10
261 311 12
252 261 9
261 370 12
217 261 10
262 365 9
262 387 11
262 406 10
105 262 9
262 313 8
262 377 11
262 486 10
119 262 10
262 283 9
232 262 9
263 456 12
170 263 14
189 263 11
263 265 9
237 263 11
16 263 11
263 344 14
25 263 13
256 263 12
48 263 8
264 380 13
264 459 8
177 264 8
214 264 15
51 264 10
125 264 13
17 264 9
14 264 9
264 326 10
82 265 10
265 499 12
265 366 10
165 265 8
265 326 10
128 265 10
149 265 11
182 265 13
122 265 14
266 400 10
115 266 9
266 291 14
207 266 10
16 266 9
187 266 12
55 266 13
43 266 12
91 266 6
165 266 9
122 266 7
235 267 9
130 267 9
267 309 11
267 497 10
267 382 6
267 338 9
267 453 10
232 267 11
267 473 12
267 296 15
267 451 9
88 267 7
233 268 11
82 268 9
268 360 12
268 343 13
268 377 14
268 354 10
16 268 8
268 269 9
86 268 13
146 268 10
254 268 11
239 269 11
35 269 12
269 499 9
269 490 12
269 297 8
32 269 7
269 457 11
269 393 15
215 269 10
270 466 10
14 270 15
69 270 10
270 347 12
270 484 10
215 270 13
270 285 14
270 482 9
105 270 8
177 270 12
216 271 6
206 271 5
271 304 12
271 442 13
271 469 8
181 271 13
271 385 13
64 271 11
271 299 8
188 271 8
116 271 14
142 272 15
272 424 12
105 272 14
272 434 10
184 272 13
72 272 11
272 486 8
23 272 12
3 272 10
230 272 9
222 273 12
181 273 10
15 273 10
257 273 14
218 273 10
273 401 14
261 273 11
273 280 9
134 273 12
202 273 12
187 274 10
200 274 8
61 274 10
248 274 11
234 274 7
274 490 10
196 274 10
231 274 12
274 340 10
190 274 9
275 427 10
28 275 10
268 275 8
275 432 10
272 275 7
232 275 12
88 275 15
53 275 8
275 409 13
225 275 6
143 275 12
100 276 14
276 479 12
276 350 9
276 285 9
276 450 8
276 432 11
195 276 11
164 276 5
276 321 12
276 490 9
157 276 10
71 277 11
261 277 8
80 277 8
277 313 12
29 277 12
277 342 11
277 398 9
99 277 11
238 277 6
278 437 10
278 359 12
255 278 14
65 278 12
278 431 10
278 289 11
278 451 9
130 278 6
278 432 10
279 352 6
279 435 15
279 423 12
279 416 10
155 279 13
248 279 8
217 279 10
39 279 11
277 279 10
220 279 10
279 374 12
280 442 11
280 330 12
177 280 9
280 424 14
280 327 10
279 280 13
280 493 10
156 280 10
257 280 10
129 280 11
281 467 10
281 383 8
281 346 10
268 281 13
139 281 9
281 382 10
230 281 13
169 281 11
223 281 10
57 282 10
204 282 11
3 282 12
59 282 13
92 282 11
282 478 10
187 282 14
282 311 10
282 370 12
124 282 14
7 283 11
283 336 10
43 283 10
132 283 7
283 311 11
283 323 14
283 382 9
283 459 14
283 369 5
154 283 11
284 475 10
134 284 10
284 355 9
133 284 10
251 284 12
284 401 8
269 284 11
284 342 8
265 284 15
235 285 10
182 285 11
199 285 10
285 454 7
285 295 9
104 285 12
285 398 13
64 285 12
250 285 13
285 450 9
277 286 11
168 286 13
286 443 12
286 329 8
286 330 10
278 286 9
174 286 10
286 424 11
286 451 10
194 286 10
74 286 10
287 317 11
161 287 11
287 328 13
35 287 10
287 454 11
86 287 9
40 287 9
287 427 12
287 391 14
98 287 10
146 287 16
214 288 10
288 292 9
288 425 9
171 288 11
58 288 10
208 288 11
183 288 10
272 288 15
288 297 12
130 288 12
289 393 12
289 491 14
40 289 10
132 289 10
289 457 8
93 289 9
151 289 13
289 311 10
256 289 10
271 289 10
289 406 11
88 290 15
290 390 11
181 290 10
290 319 9
290 342 9
253 290 6
72 290 12
40 290 10
27 290 9
290 358 8
74 291 8
190 291 12
291 418 10
291 374 8
175 291 9
101 291 9
291 326 9
291 431 11
3 292 7
292 332 9
292 496 14
21 292 11
66 292 12
181 292 10
292 373 8
278 292 14
252 292 14
292 480 8
240 292 9
187 292 10
292 374 13
293 487 10
16 293 9
293 425 13
153 293 11
106 293 10
121 293 8
169 293 10
293 444 13
79 293 10
62 293 11
269 294 8
267 294 12
294 341 12
65 294 13
28 294 6
294 306 14
294 420 11
294 329 12
294 388 12
294 375 8
209 295 12
22 295 10
79 295 10
196 295 13
295 390 11
50 295 7
278 295 10
44 295 12
295 321 11
81 296 11
49 296 11
156 296 11
63 296 9
222 296 10
296 440 10
172 296 7
264 296 9
135 296 12
296 488 10
297 333 11
297 401 8
89 297 14
184 297 12
297 436 12
297 435 10
287 297 8
29 297 11
297 342 12
282 297 10
298 402 8
298 397 15
298 318 9
298 310 11
298 366 12
142 298 9
205 298 12
11 298 16
204 298 11
298 481 10
27 298 10
196 298 12
87 299 7
210 299 8
146 299 12
299 444 10
199 299 11
91 299 11
298 299 9
77 299 9
43 299 11
187 299 9
207 299 11
300 320 7
132 300 10
256 300 9
157 300 11
59 300 11
147 300 10
300 450 10
80 300 9
4 300 11
300 331 11
48 301 13
92 301 9
21 301 10
180 301 13
248 301 7
267 301 10
16 301 12
301 351 10
72 301 13
94 301 10
20 302 8
221 302 13
211 302 13
241 302 12
302 344 11
141 302 11
148 302 12
188 302 16
224 302 8
79 302 12
303 486 11
303 318 10
180 303 9
215 303 9
291 303 9
301 303 11
49 303 11
104 303 11
189 303 11
239 303 8
304 407 8
304 417 10
221 304 9
304 450 11
304 433 9
129 304 10
304 330 10
195 304 12
304 367 9
305 354 11
305 493 11
239 305 15
213 305 10
124 305 11
305 497 8
305 443 11
287 305 11
306 375 11
48 306 12
243 306 9
306 449 12
161 306 12
138 306 13
306 408 19
306 485 13
108 306 10
224 306 6
304 307 9
93 307 12
152 307 7
217 307 10
307 415 11
1 307 11
27 307 9
307 429 14
307 451 13
308 460 12
46 308 13
172 308 10
135 308 15
276 308 10
79 308 10
281 308 11
221 308 12
308 382 12
308 351 11
122 308 8
300 309 9
71 309 9
309 402 10
309 385 8
309 352 8
168 309 14
210 309 8
3 309 10
182 309 14
233 309 13
56 309 13
309 342 9
50 310 13
163 310 13
310 332 9
310 441 9
310 446 11
190 310 12
310 457 11
310 469 13
271 310 10
142 310 8
267 311 10
302 311 15
304 311 15
226 311 8
169 311 11
303 311 11
311 415 8
43 311 12
311 417 9
311 401 8
70 312 7
312 321 9
237 312 7
185 312 12
5 312 10
312 489 10
196 312 14
182 312 8
67 312 9
148 313 9
153 313 11
99 313 7
120 313 10
313 341 11
313 467 9
14 313 14
313 461 12
70 313 12
41 313 10
266 313 12
313 466 9
250 313 9
110 314 12
314 456 10
266 314 12
314 360 8
314 357 9
147 314 10
314 467 13
175 314 8
221 314 14
314 423 9
314 364 13
169 315 12
204 315 8
315 325 11
302 315 11
315 485 10
8 315 15
298 315 10
58 315 8
295 315 9
315 335 13
316 435 12
13 316 11
150 316 7
33 316 9
177 316 12
295 316 10
316 410 10
282 316 10
28 316 12
316 439 10
288 316 11
316 358 14
138 317 13
317 492 12
299 317 11
317 330 12
236 317 12
108 317 12
6 317 14
48 317 10
317 361 12
12 318 11
82 318 13
127 318 12
318 339 13
318 487 11
27 318 7
318 392 8
255 318 6
242 318 11
292 319 7
319 457 10
319 462 10
239 319 11
319 383 8
116 319 12
151 319 12
1 319 10
319 427 16
319 463 11
319 386 12
85 320 14
140 320 14
320 464 10
320 438 9
175 320 12
49 320 8
289 320 11
320 474 11
320 367 10
22 321 11
35 321 10
321 442 10
189 321 9
321 417 10
107 321 10
204 321 9
74 321 12
237 321 10
321 347 11
150 321 13
322 420 12
299 322 10
322 423 11
161 322 6
321 322 13
222 322 11
244 322 9
95 322 11
57 322 11
207 322 10
323 497 11
92 323 10
323 429 10
245 323 11
69 323 12
323 480 6
323 380 6
323 358 9
286 323 12
38 323 12
300 324 14
225 324 9
324 336 13
238 324 13
37 324 15
324 366 10
161 324 14
3 324 7
308 324 13
218 324 12
298 325 11
325 376 10
79 325 11
87 325 10
59 325 8
325 455 9
325 458 12
202 325 11
112 325 9
325 363 13
326 460 10
99 326 11
199 326 10
51 326 12
136 326 11
119 326 9
326 449 11
321 326 13
243 326 9
272 327 9
202 327 10
51 327 9
273 327 10
327 447 12
327 405 7
284 327 9
288 327 11
327 484 12
138 328 9
328 426 13
328 359 15
205 328 9
218 328 12
246 328 12
281 328 11
131 328 15
328 406 12
276 328 10
79 328 12
248 329 12
329 367 12
329 454 10
316 329 8
100 329 9
329 446 13
214 329 12
65 329 8
329 391 11
48 329 10
105 330 11
330 485 9
330 488 11
212 330 13
235 330 13
33 330 17
330 420 11
330 460 10
169 330 8
132 330 10
331 492 12
123 331 14
331 462 10
270 331 9
128 331 11
173 331 11
331 362 12
183 331 12
230 331 13
171 331 10
331 376 8
66 332 12
78 332 15
332 413 11
294 332 12
154 332 8
332 398 13
156 332 10
290 332 10
332 490 9
4 332 11
62 333 11
17 333 13
134 333 10
21 333 9
333 432 7
81 333 8
304 333 11
92 333 8
201 333 12
187 334 8
334 443 9
334 430 11
255 334 8
60 334 8
334 458 11
334 350 13
166 334 8
334 341 10
147 335 10
120 335 7
327 335 8
19 335 13
134 335 10
125 335 11
274 335 10
321 335 11
234 335 9
335 359 12
13 335 8
33 336 8
336 455 10
336 342 12
252 336 10
165 336 10
65 336 11
169 336 12
233 336 10
151 336 8
193 336 11
337 364 10
282 337 12
138 337 10
337 499 11
337 400 8
205 337 14
243 337 7
337 390 11
337 397 10
125 337 12
330 338 11
199 338 11
210 338 12
338 374 13
39 338 10
338 438 9
324 338 12
234 338 11
233 338 13
315 339 12
200 339 7
113 339 10
33 339 12
120 339 10
68 339 10
246 339 10
214 339 12
215 339 11
265 339 12
335 340 10
340 361 8
168 340 9
100 340 11
210 340 8
340 440 10
340 486 14
340 375 10
241 340 10
304 340 12
276 341 8
212 341 14
25 341 11
341 348 14
341 373 11
328 341 8
176 341 11
122 341 12
316 341 12
333 341 10
104 342 11
342 395 10
85 342 14
329 342 9
278 342 5
342 446 9
342 470 11
168 342 9
14 342 14
342 367 9
150 342 11
234 343 9
343 363 12
343 398 10
335 343 11
253 343 13
218 343 10
343 346 13
343 379 10
76 343 9
308 343 13
80 344 10
344 468 13
226 344 9
344 450 10
344 445 12
41 344 10
26 344 10
290 344 10
282 344 10
220 344 9
344 375 8
341 345 8
77 345 12
345 469 11
345 424 9
26 345 11
345 440 12
236 345 9
291 345 8
278 345 12
339 345 10
298 346 11
1 346 15
346 482 14
168 346 14
132 346 9
346 486 11
346 497 11
309 346 11
302 346 11
24 346 12
243 346 11
346 409 11
347 499 11
347 390 10
277 347 10
347 375 9
137 347 12
43 347 7
347 394 11
225 347 15
243 347 11
347 437 11
116 348 8
71 348 10
309 348 12
225 348 12
170 348 9
299 348 9
293 348 15
348 473 9
348 470 7
42 348 10
103 349 11
54 349 11
183 349 9
349 387 11
196 349 9
156 349 13
81 349 10
115 349 10
98 349 13
147 350 10
224 350 13
70 350 12
350 362 12
350 496 9
350 451 11
167 350 10
10 350 13
165 350 10
280 350 8
260 350 9
42 350 7
198 351 6
318 351 11
351 385 8
200 351 10
309 351 12
292 351 9
97 351 13
145 351 12
323 351 9
142 351 9
70 351 7
255 352 7
286 352 11
99 352 10
352 415 13
352 371 13
107 352 15
352 353 9
202 352 10
319 352 12
146 352 9
353 430 12
18 353 12
248 353 10
353 453 12
12 353 13
136 353 11
8 353 10
353 403 11
285 353 14
289 353 10
354 499 7
354 441 10
354 408 11
57 354 9
340 354 13
354 429 10
18 354 9
60 354 12
332 354 13
338 354 9
273 355 11
355 363 12
8 355 11
355 378 7
313 355 11
355 373 10
167 355 8
183 355 13
355 439 11
155 355 8
356 385 11
326 356 6
356 442 7
330 356 13
356 397 13
356 439 10
356 456 10
237 356 12
72 356 10
180 356 11
62 357 9
357 450 12
23 357 9
247 357 9
146 357 9
357 414 12
88 357 10
232 357 11
357 406 10
241 357 11
305 358 13
306 358 13
36 358 9
358 466 12
358 463 8
66 358 12
239 358 8
116 358 8
24 358 10
358 468 11
100 358 7
312 358 11
359 469 10
207 359 9
53 359 13
359 406 9
186 359 9
359 427 9
324 359 10
218 359 8
305 359 6
359 443 10
360 445 11
145 360 10
71 360 7
245 360 13
113 360 16
260 360 14
47 360 12
105 360 9
228 360 12
307 360 8
143 360 5
32 361 13
307 361 12
361 399 12
306 361 10
361 433 9
326 361 7
16 361 13
361 498 12
184 361 11
361 418 12
155 362 13
318 362 8
12 362 11
229 362 12
76 362 13
362 493 12
190 362 14
65 362 12
179 362 12
253 362 7
172 362 9
190 363 9
363 449 9
363 419 11
283 363 10
186 363 11
363 407 10
363 467 9
363 476 14
363 460 15
282 363 10
148 363 13
229 364 10
364 450 16
26 364 12
364 493 8
132 364 12
199 364 13
333 364 14
181 364 11
247 364 12
207 364 12
71 364 10
68 365 7
161 365 11
365 369 11
365 471 12
365 366 5
213 365 12
365 446 11
365 469 10
20 365 12
327 366 12
133 366 10
159 366 11
366 406 10
366 393 10
179 366 13
135 366 8
12 366 9
366 400 10
176 366 8
321 366 12
73 367 13
271 367 11
239 367 12
330 367 11
367 484 12
65 367 10
367 419 11
367 477 10
355 367 9
241 368 15
368 498 13
368 444 9
49 368 10
39 368 9
97 368 12
368 401 11
7 368 13
368 446 8
369 374 12
369 476 10
319 369 9
64 369 11
234 369 10
255 369 13
369 423 10
171 369 10
369 450 8
87 369 10
30 369 12
120 369 11
116 370 15
136 370 11
21 370 11
199 370 8
16 370 10
370 400 9
164 370 13
4 371 11
371 467 11
346 371 12
11 371 8
307 371 9
363 371 9
305 371 12
81 371 11
240 371 10
154 371 9
293 372 9
141 372 7
372 446 12
260 372 13
95 372 13
80 372 12
372 393 11
148 372 10
140 372 9
291 372 12
79 372 10
32 373 15
224 373 7
66 373 13
373 396 12
373 493 6
191 373 10
373 430 10
56 373 12
373 469 9
16 374 10
240 374 8
374 426 18
374 432 12
215 374 14
93 374 10
374 407 14
374 440 12
158 374 15
345 374 12
367 374 11
339 375 11
330 375 11
199 375 13
130 375 11
231 375 11
230 375 9
226 375 12
345 375 8
258 375 12
96 375 13
25 375 10
376 495 8
217 376 12
9 376 14
37 376 8
376 466 11
229 376 11
96 376 8
55 376 9
12 376 8
377 384 12
236 377 11
42 377 10
377 406 10
3 377 9
26 377 11
218 377 11
377 390 14
194 377 9
30 377 13
113 377 13
308 377 4
364 378 11
142 378 13
308 378 9
62 378 8
86 378 8
26 378 11
325 378 12
35 378 13
378 402 5
235 379 12
8 379 11
379 432 13
379 391 12
69 379 13
379 380 10
52 379 10
374 379 7
379 428 10
106 379 12
380 477 12
380 426 11
380 409 14
301 380 12
234 380 12
183 380 11
123 380 13
118 380 7
180 381 9
381 494 10
298 381 10
77 381 11
119 381 9
113 381 10
381 484 8
82 381 7
381 481 8
305 382 12
355 382 9
217 382 10
315 382 8
382 387 10
382 477 11
103 382 14
382 466 10
382 406 10
59 382 11
382 447 12
175 382 13
16 383 13
383 400 12
383 475 14
383 394 12
65 383 13
383 419 10
315 383 8
383 444 10
323 383 13
25 383 11
97 383 7
110 384 12
285 384 10
384 472 10
173 384 14
171 384 12
262 384 12
372 384 7
152 384 12
86 384 14
66 384 10
61 384 8
385 408 10
262 385 15
354 385 14
204 385 10
244 385 12
51 385 10
150 385 11
33 385 8
137 385 10
185 385 11
180 385 11
162 386 12
26 386 7
386 475 11
169 386 8
386 494 10
386 445 9
207 386 10
243 386 10
88 386 10
387 461 9
387 401 11
97 387 8
387 438 9
278 387 11
333 387 13
387 450 7
367 387 9
102 387 11
5 388 10
193 388 16
191 388 15
333 388 15
24 388 12
108 388 10
388 437 6
40 388 12
381 388 6
374 388 9
169 388 12
74 389 11
303 389 10
0 389 10
4 389 13
285 389 11
189 389 10
5 389 10
95 389 10
389 417 12
88 389 9
159 390 10
390 434 7
89 390 10
166 390 13
390 497 11
363 390 9
112 390 7
177 390 11
390 487 9
336 390 11
391 398 11
391 477 17
168 391 11
216 391 15
181 391 9
254 391 13
34 391 8
60 391 8
118 392 11
134 392 9
392 460 12
313 392 12
360 392 8
198 392 12
208 392 12
147 392 7
392 484 8
163 392 10
393 434 14
393 464 12
393 401 11
374 393 10
393 441 7
360 393 14
393 402 10
133 393 10
393 415 8
220 394 10
394 477 11
394 453 8
346 394 11
394 468 11
394 478 12
86 394 9
276 394 8
202 394 9
100 394 10
292 395 12
126 395 5
336 395 10
395 451 10
320 395 14
262 395 8
206 395 9
49 395 9
199 395 8
396 473 13
384 396 11
396 409 8
65 396 10
33 396 10
104 396 12
86 396 11
63 396 15
108 396 11
272 397 7
358 397 12
305 397 11
397 485 6
397 468 10
138 397 11
79 397 13
397 450 16
397 471 11
226 397 11
84 398 13
255 398 13
327 398 8
398 410 13
398 408 13
337 398 12
398 473 13
398 462 13
399 425 11
311 399 10
399 405 9
206 399 9
246 399 8
378 399 11
85 399 7
245 399 8
282 399 8
233 399 12
155 399 10
238 400 12
316 400 11
367 400 7
44 400 11
126 400 10
181 400 10
239 400 10
134 400 12
400 415 13
7 400 11
339 401 10
401 434 13
305 401 7
231 401 8
401 455 13
246 401 11
401 407 12
261 401 12
401 491 13
171 402 12
25 402 12
73 402 10
223 402 8
114 402 7
293 402 10
117 402 11
351 402 9
187 403 8
220 403 12
179 403 12
403 479 10
1 403 9
403 442 11
403 450 13
34 403 12
403 477 15
28 403 11
133 403 7
404 479 6
196 404 14
121 404 10
367 404 8
17 404 10
253 404 11
404 434 10
61 404 12
227 404 11
348 404 13
18 404 11
115 405 8
99 405 12
181 405 9
309 405 11
405 463 11
261 405 9
394 405 9
288 405 11
293 405 9
405 439 11
95 406 11
154 406 13
86 406 10
45 406 9
148 406 12
406 434 12
272 406 11
406 416 8
119 406 13
210 406 12
245 406 11
380 407 13
255 407 9
295 407 10
140 407 8
97 407 12
336 407 9
407 489 12
42 407 10
131 407 8
114 407 12
191 408 9
148 408 11
174 408 11
253 408 7
233 408 12
290 408 10
294 408 7
408 452 10
21 408 11
193 409 13
409 452 11
100 409 13
77 409 10
177 409 11
21 409 12
350 409 13
409 434 7
151 409 8
205 409 12
17 410 9
299 410 13
410 414 7
7 410 15
80 410 10
214 410 13
70 410 12
410 436 7
258 410 9
314 410 12
200 411 11
129 411 11
108 411 15
346 411 10
82 411 10
168 411 11
329 411 13
411 475 10
411 481 10
119 411 11
61 411 15
118 412 10
75 412 7
372 412 8
412 432 11
296 412 14
412 452 11
34 412 10
406 412 12
266 412 13
52 412 11
315 412 10
379 413 10
114 413 10
185 413 10
257 413 9
413 482 7
129 413 11
411 413 11
380 413 10
58 413 13
52 414 12
263 414 11
414 482 13
275 414 8
273 414 9
55 414 12
215 414 10
414 483 10
118 414 6
93 414 14
415 457 9
415 432 9
336 415 9
43 415 7
133 415 8
53 415 12
84 415 11
141 415 11
201 415 10
135 416 8
416 457 10
416 455 12
129 416 7
204 416 12
408 416 9
416 419 13
268 416 7
193 416 14
73 416 11
120 417 7
355 417 12
366 417 10
282 417 10
180 417 14
176 417 13
314 417 6
417 433 14
417 495 9
27 417 10
415 418 9
418 455 12
418 483 9
286 418 9
14 418 7
341 418 7
274 418 11
418 498 13
199 418 12
200 418 11
368 418 12
287 419 13
164 419 14
419 434 13
70 419 13
419 492 10
212 419 12
79 419 10
357 419 11
323 419 12
38 419 10
46 420 13
235 420 8
136 420 9
405 420 13
199 420 8
420 431 9
311 420 10
71 420 7
416 421 9
193 421 13
217 421 12
395 421 12
421 462 13
120 421 10
392 421 13
413 421 13
421 463 11
277 421 11
200 421 11
177 422 14
422 444 12
159 422 10
247 422 7
210 422 11
284 422 15
208 422 11
317 422 9
422 458 11
313 422 12
29 422 11
423 497 9
231 423 8
232 423 10
327 423 9
198 423 8
221 423 11
423 454 9
423 460 12
95 423 9
53 424 13
240 424 10
367 424 9
411 424 10
1 424 10
395 424 12
44 424 11
116 424 12
316 424 12
27 424 8
425 451 10
406 425 9
301 425 10
147 425 9
150 425 8
386 425 13
383 425 11
255 425 13
226 425 9
412 425 10
67 425 10
72 425 13
426 498 9
354 426 13
290 426 8
340 426 10
26 426 10
272 426 12
48 426 8
310 426 10
426 487 12
306 427 10
396 427 10
278 427 14
63 427 11
176 427 12
300 427 10
427 433 11
138 427 7
201 427 8
246 427 15
61 427 13
74 428 8
347 428 10
70 428 11
428 450 10
284 428 10
177 428 6
117 428 11
193 428 10
276 428 11
224 429 13
93 429 8
236 429 8
141 429 9
233 429 13
366 429 11
350 429 8
401 429 10
154 430 11
247 430 8
390 430 8
95 430 11
417 430 13
430 464 12
410 430 11
93 430 10
349 430 10
328 431 10
109 431 11
431 469 11
134 431 12
258 431 11
99 431 11
308 431 13
361 431 14
64 431 11
432 497 14
298 432 10
248 432 13
34 432 7
113 432 10
325 432 9
299 432 9
430 432 9
256 432 11
292 432 12
95 432 10
166 433 6
95 433 8
387 433 11
433 484 10
314 433 6
150 433 7
425 433 6
433 455 10
107 433 7
433 497 9
434 453 6
5 434 10
1 434 8
398 434 11
417 434 10
431 434 8
215 434 7
386 434 12
425 434 11
434 446 11
393 435 12
137 435 12
241 435 11
435 496 15
200 435 8
305 435 12
119 435 12
184 435 10
363 435 10
223 435 10
435 485 12
397 436 13
222 436 12
436 451 11
25 436 9
57 436 11
54 436 11
148 436 15
402 436 12
291 437 11
193 437 11
229 437 10
383 437 12
204 437 12
41 437 10
154 437 11
349 437 11
98 437 3
437 496 7
433 438 10
438 482 11
438 490 11
424 438 9
224 438 10
438 489 11
81 438 16
220 438 9
372 438 12
432 438 10
228 438 9
111 439 10
5 439 10
439 494 11
377 439 10
382 439 11
134 439 9
439 498 10
237 439 12
34 439 10
211 439 11
229 440 10
248 440 10
135 440 10
322 440 11
384 440 13
106 440 9
310 440 12
355 440 11
428 440 9
82 440 6
115 440 8
252 441 11
16 441 11
304 441 9
312 441 10
384 441 11
388 441 12
254 441 11
399 441 10
387 442 12
124 442 7
442 446 9
402 442 11
310 442 12
442 479 11
348 442 9
166 442 14
26 443 10
442 443 10
31 443 11
22 443 7
432 443 8
443 470 13
251 443 7
336 443 12
182 443 10
31 444 8
444 462 10
82 444 15
411 444 12
116 444 11
146 444 12
442 444 10
185 444 12
312 444 8
274 444 11
253 445 9
286 445 11
353 445 10
445 497 13
161 445 9
13 445 11
45 445 10
153 445 9
240 445 8
158 445 11
311 446 10
330 446 11
205 446 11
220 446 13
129 446 11
51 446 11
301 446 10
427 446 7
436 446 7
446 494 13
55 447 10
421 447 12
234 447 14
350 447 9
286 447 10
110 447 13
131 447 9
38 447 12
143 447 11
33 447 8
256 448 10
448 465 12
86 448 12
298 448 12
53 448 10
23 448 9
293 448 9
409 448 7
244 448 12
181 448 13
159 449 10
42 449 10
375 449 12
288 449 11
134 449 15
258 449 12
9 449 11
76 449 8
398 450 10
444 450 10
337 450 9
151 450 13
94 450 9
178 450 10
112 450 8
10 450 13
404 450 12
141 450 11
399 450 13
127 450 9
108 451 10
256 451 11
312 451 9
246 451 9
304 451 10
451 496 10
4 451 10
11 451 12
446 451 9
91 451 13
6 452 9
277 452 8
228 452 12
91 452 12
243 452 11
43 452 8
394 452 11
395 452 6
452 453 14
165 453 11
115 453 11
351 453 8
142 453 9
289 453 12
232 453 13
377 453 12
358 453 10
225 453 10
203 454 8
12 454 13
273 454 8
454 496 9
227 454 9
343 454 11
344 454 7
24 454 10
346 454 13
150 454 12
283 455 14
346 455 10
215 455 8
220 455 10
455 480 9
318 455 11
379 455 16
311 455 8
385 455 16
157 455 12
365 456 10
51 456 11
135 456 12
344 456 10
259 456 10
406 456 9
50 456 9
247 456 14
420 456 11
158 457 10
399 457 12
331 457 10
1 457 12
168 457 12
422 457 12
257 457 13
255 457 10
64 458 11
294 458 11
299 458 9
379 458 12
157 458 14
458 469 13
407 458 9
226 458 11
153 458 11
310 458 10
354 459 10
140 459 10
217 459 10
306 459 13
459 462 14
36 459 13
459 460 14
457 459 12
342 459 11
249 459 10
460 462 11
6 460 14
3 460 12
180 460 10
359 460 10
18 460 11
226 460 11
243 460 11
390 460 9
328 460 7
398 461 11
323 461 13
317 461 8
168 461 15
352 461 10
227 461 11
442 461 15
126 461 11
349 461 12
48 462 12
446 462 10
36 462 7
385 462 6
330 462 7
462 491 7
462 490 11
334 462 9
462 496 10
164 462 14
130 463 10
61 463 8
147 463 10
316 463 9
388 463 10
209 463 10
273 463 11
204 463 12
295 463 8
82 464 9
222 464 14
464 491 9
397 464 9
175 464 12
139 464 11
143 464 11
390 464 14
201 464 12
351 464 10
208 465 9
147 465 10
316 465 10
324 465 12
420 465 10
399 465 11
211 465 9
465 469 10
299 466 11
167 466 13
437 466 9
229 466 10
185 466 10
390 466 6
404 466 9
312 466 11
379 466 12
162 466 10
160 466 7
162 467 11
348 467 11
429 467 10
149 467 9
379 467 13
93 467 12
347 467 10
467 496 10
422 467 8
275 468 8
1 468 11
214 468 13
320 468 10
184 468 13
125 468 10
468 479 11
352 468 15
233 468 12
80 468 11
415 469 9
230 469 16
255 469 7
92 469 10
14 469 13
384 469 7
469 491 10
174 469 9
140 469 11
375 469 9
263 469 14
174 470 8
16 470 10
95 470 11
220 470 11
17 470 12
60 470 12
329 470 9
90 470 10
367 470 9
66 471 9
169 471 10
455 471 13
83 471 12
449 471 10
418 471 13
95 471 7
171 471 11
421 471 7
342 471 10
184 471 9
48 471 6
215 472 13
124 472 11
439 472 11
55 472 9
109 472 8
204 472 15
187 472 9
97 472 11
230 472 10
25 472 9
339 472 11
62 473 9
40 473 12
17 473 12
178 473 11
473 498 7
360 473 8
297 473 13
392 473 13
231 473 10
341 473 12
395 474 9
163 474 11
305 474 11
104 474 14
474 497 13
176 474 9
382 474 13
310 474 12
182 474 10
474 485 10
465 475 8
283 475 9
94 475 8
205 475 12
61 475 13
410 475 9
258 475 11
270 475 14
321 475 9
86 475 8
329 476 9
386 476 9
139 476 10
315 476 12
456 476 12
42 476 8
160 476 11
58 476 11
204 476 8
228 476 7
83 476 7
181 477 12
265 477 7
150 477 10
199 477 12
289 477 12
435 477 7
342 477 9
127 477 9
247 477 10
37 477 7
300 478 11
404 478 11
70 478 15
27 478 11
359 478 12
462 478 10
33 478 9
227 478 14
174 479 9
352 479 7
179 479 9
18 479 12
319 479 12
436 479 11
90 479 12
328 479 10
372 480 10
253 480 12
82 480 9
77 480 11
1 480 9
272 480 9
175 480 13
227 480 11
333 480 13
230 480 8
148 480 8
402 481 13
360 481 4
71 481 11
67 481 9
279 481 13
217 481 11
215 481 11
481 495 9
471 481 11
90 481 9
431 481 10
291 482 13
482 485 8
475 482 8
254 482 14
447 482 9
181 482 8
160 482 11
282 482 10
463 482 12
472 482 9
13 482 12
154 483 12
393 483 10
329 483 13
254 483 10
149 483 12
113 483 7
153 483 7
112 483 13
78 483 10
156 483 14
254 484 12
190 484 11
394 484 10
122 484 8
38 484 13
136 484 11
273 484 10
439 484 8
123 484 12
436 485 12
185 485 11
426 485 14
202 485 9
407 485 9
220 485 13
485 499 13
345 485 8
485 486 9
116 486 11
240 486 4
110 486 12
84 486 10
335 486 10
423 486 9
383 486 10
392 486 11
60 486 13
201 486 12
128 486 9
417 486 12
259 487 12
92 487 10
487 495 12
1 487 12
344 487 9
468 487 12
275 487 11
169 487 9
168 487 11
370 487 11
99 487 10
309 488 8
148 488 11
353 488 13
223 488 8
324 488 12
274 488 10
17 488 11
322 488 11
392 488 11
470 488 10
299 489 10
201 489 12
122 489 12
260 489 10
343 489 11
275 489 11
120 489 11
474 489 12
18 489 13
25 489 11
435 489 8
102 490 9
268 490 13
28 490 5
7 490 13
346 490 11
138 490 12
154 490 13
395 490 12
483 490 7
66 490 12
326 491 9
277 491 10
256 491 10
240 491 11
225 491 9
345 491 10
35 491 9
258 491 10
183 492 10
412 492 11
326 492 13
64 492 13
352 492 10
338 492 13
13 492 13
359 492 9
98 492 13
205 492 12
282 492 10
73 493 7
235 493 10
431 493 15
175 493 14
133 493 8
313 493 9
455 493 11
393 493 9
424 493 8
62 494 8
391 494 12
182 494 13
310 494 7
236 494 8
273 494 9
32 494 10
366 494 12
436 494 11
129 494 8
309 495 11
124 495 8
201 495 12
157 495 14
3 495 10
209 495 9
357 495 11
135 495 11
142 495 12
412 495 13
155 496 11
232 496 11
376 496 11
426 496 10
396 496 12
31 496 11
196 496 11
474 496 8
25 496 9
425 496 11
251 496 12
23 496 12
451 497 10
275 497 8
459 497 9
184 497 11
412 497 9
477 497 12
25 497 11
101 497 8
297 497 14
267 498 13
370 498 11
463 498 10
159 498 12
376 498 9
291 498 10
48 498 9
416 498 10
211 498 8
410 498 8
191 499 6
338 499 5
78 499 11
466 499 9
318 499 11
105 499 11
142 499 6
212 499 12
383 499 10
230 499 10
