500
0
10
7
7
4
6
9
6
5
5
5
1
6
6
9
3
7
9
4
9
1
5
5
6
7
2
5
7
7
2
1
5
3
9
2
10
3
8
3
2
1
3
2
1
5
1
9
3
2
4
3
7
3
9
6
5
5
9
2
6
2
5
4
4
5
10
9
3
2
2
4
3
9
8
6
1
8
3
4
2
8
4
8
8
2
4
3
6
2
10
5
6
4
1
8
10
3
3
3
3
8
7
9
2
3
3
6
5
9
8
6
8
6
9
4
8
9
3
6
9
1
9
10
5
8
1
4
3
7
9
2
4
5
6
4
9
8
10
8
10
4
4
1
4
1
9
8
7
3
2
6
9
9
6
5
7
6
4
8
5
9
7
4
3
3
6
9
8
4
10
2
6
5
1
5
1
1
4
7
1
8
2
2
5
10
10
6
2
6
7
2
3
9
8
1
2
2
6
9
5
3
5
2
9
8
3
7
2
9
4
4
7
2
5
4
1
6
5
2
8
5
2
9
9
4
4
9
4
8
9
3
6
6
3
8
4
4
9
1
2
7
2
6
8
4
6
2
10
5
7
7
7
5
10
6
8
3
10
5
10
8
3
9
2
8
9
5
9
8
7
3
9
6
5
7
6
5
3
6
7
5
9
6
6
8
8
4
6
7
8
3
6
10
2
9
1
2
6
4
5
7
3
4
7
2
5
3
3
10
8
6
7
7
7
6
5
2
6
2
8
10
9
9
2
6
5
10
6
2
9
4
5
2
9
9
8
2
2
4
7
10
6
4
8
5
2
4
3
3
4
5
7
1
8
10
2
10
3
1
7
2
3
6
8
6
9
5
10
10
8
8
7
9
9
8
5
2
1
3
9
6
8
6
5
4
10
4
4
1
2
4
9
5
4
6
9
3
7
2
9
5
9
5
1
2
3
5
6
5
8
4
2
2
3
5
4
5
5
4
9
8
7
3
5
6
8
7
3
3
1
1
8
9
5
3
2
7
5
6
7
7
6
8
8
5
9
8
7
1
4
5
1
4
10
5
2
5
7
3
5
7
9
8
2
2
5
4
3
9
5
5
7
10
8
7
9
2
8
8
9
5
8
5
3
8
9
9
9
7
7
4
3
6
7
8
8
1
10
6
2
0 242 14
0 417 9
0 85 11
1 19 12
1 2 8
2 270 12
2 236 10
3 71 10
3 226 6
3 8 9
4 283 11
4 277 7
4 287 13
4 221 12
5 332 10
5 416 9
5 221 6
6 17 9
6 117 12
6 472 11
7 59 13
1 7 10
7 208 10
8 341 12
8 142 9
8 121 5
9 125 11
9 243 11
9 440 11
9 352 11
9 413 12
10 203 13
10 202 6
11 221 13
11 374 11
11 234 9
12 42 8
12 332 9
13 427 17
13 56 10
14 214 5
15 218 9
15 362 8
16 223 13
16 115 11
16 382 8
17 150 10
17 93 10
17 425 12
18 480 9
18 174 8
18 369 9
18 282 12
18 56 13
19 440 10
19 223 13
20 465 9
20 376 12
21 60 13
21 166 9
21 167 10
22 230 11
23 422 12
23 399 13
23 275 7
6 24 10
24 207 9
24 208 8
25 389 11
25 69 10
25 82 9
26 425 9
26 338 9
27 73 13
28 336 9
28 81 8
29 472 12
29 354 5
29 57 10
29 294 10
30 416 13
30 258 11
30 417 10
31 468 11
31 475 14
31 374 7
32 423 10
32 121 7
1 32 11
2 32 11
33 327 10
33 39 10
21 33 12
17 34 7
34 294 9
34 196 8
35 263 11
35 231 11
35 57 12
36 229 13
36 463 10
37 324 13
37 202 11
37 151 12
38 109 11
38 487 9
38 406 9
39 396 10
14 39 9
39 81 12
40 330 9
40 234 10
40 323 11
41 199 14
41 468 8
41 485 11
41 407 11
38 42 11
42 134 9
42 334 12
13 42 9
43 440 10
43 211 12
43 285 12
43 469 10
44 108 13
45 54 9
45 448 10
46 337 11
46 343 10
46 132 9
47 115 12
47 59 11
48 492 10
48 91 11
35 49 9
50 490 11
50 429 9
51 54 12
52 252 6
52 475 10
52 317 7
52 279 12
53 318 9
53 439 11
53 454 9
54 291 10
54 63 12
54 252 7
54 69 9
55 316 14
55 169 11
56 223 12
56 75 11
56 224 11
56 337 11
57 246 12
57 317 8
58 356 9
58 361 11
59 202 11
59 446 10
60 128 9
19 61 13
62 401 9
62 322 9
62 119 10
62 101 14
63 453 13
63 100 10
63 475 10
22 64 11
64 153 10
65 330 12
65 186 12
66 194 11
66 143 8
67 162 11
67 179 10
67 371 11
68 400 9
68 133 10
68 160 8
69 233 13
69 287 10
70 89 8
70 322 12
71 372 13
71 472 10
71 385 9
72 159 15
72 216 8
72 327 10
72 106 11
73 440 5
73 364 14
74 484 9
74 246 11
74 231 10
37 75 8
75 435 10
43 75 13
52 75 10
75 178 12
76 212 11
76 136 10
76 318 9
77 172 11
77 324 12
77 410 12
28 78 15
78 402 12
79 99 6
79 329 11
80 207 11
80 224 11
48 80 12
80 140 10
81 435 9
81 293 12
82 157 9
82 354 7
82 179 11
83 404 9
83 456 8
83 471 12
45 84 13
85 375 13
85 294 12
85 456 13
85 166 10
85 236 10
86 340 11
86 415 14
86 109 13
87 316 10
88 149 13
88 233 12
88 232 13
88 214 10
34 88 10
89 240 10
34 89 12
89 104 10
90 423 13
90 386 8
90 150 9
90 328 13
90 211 12
91 385 12
91 460 13
91 488 10
92 224 13
92 466 7
92 474 12
92 138 10
93 260 11
93 154 13
93 493 12
93 347 9
93 344 14
94 133 9
94 422 11
95 446 11
95 207 9
95 283 11
30 95 10
96 237 9
96 467 12
96 353 11
83 97 13
59 97 10
97 134 11
97 193 10
98 323 11
98 205 11
98 443 7
98 310 11
98 162 13
99 124 10
99 303 10
100 114 11
100 278 14
100 379 8
101 107 10
101 396 10
15 102 11
102 326 14
102 445 14
103 254 8
55 103 7
103 398 12
76 104 12
104 178 13
72 104 11
105 167 9
105 130 10
66 106 12
106 260 10
106 145 12
106 249 13
106 482 10
107 182 8
35 107 9
107 332 13
107 258 12
108 499 8
108 117 11
108 134 11
108 248 15
109 328 9
109 198 7
109 243 14
110 205 11
110 169 11
111 226 9
72 111 6
111 285 11
111 378 14
112 389 9
112 166 10
112 321 10
92 113 13
100 113 16
113 444 11
114 348 10
114 413 7
115 241 9
100 116 11
69 116 10
116 271 11
103 117 9
72 118 11
118 407 15
118 148 11
118 344 8
119 488 11
119 389 12
120 475 11
120 368 12
1 120 10
121 190 10
92 121 14
121 250 12
122 234 9
122 487 13
122 147 8
123 228 9
123 321 10
123 459 11
123 369 10
86 124 14
124 356 13
0 124 11
125 435 12
125 443 13
125 161 9
27 126 13
126 136 12
127 320 10
127 234 10
128 457 12
128 431 12
90 128 11
128 475 10
129 225 11
129 448 14
129 163 12
129 287 10
130 402 12
130 355 9
131 378 8
132 209 9
132 336 9
72 132 11
38 132 9
117 132 12
133 427 12
133 377 6
133 401 11
133 442 10
133 218 9
134 162 10
134 485 10
135 180 9
135 239 11
136 359 10
136 286 10
117 136 11
137 424 11
137 182 11
137 145 7
14 138 11
138 434 10
138 447 9
138 396 9
139 205 4
139 350 12
139 454 9
140 364 12
140 239 12
140 257 10
140 414 12
140 398 10
141 293 12
141 291 12
141 297 10
141 306 10
142 277 11
39 142 8
71 142 11
103 142 11
143 497 8
143 390 15
144 411 8
144 374 10
93 144 11
145 251 9
145 295 12
145 205 11
145 344 12
43 146 9
146 385 9
146 460 11
146 284 13
147 383 10
148 407 9
142 148 11
148 253 10
149 344 11
68 149 9
74 149 10
149 167 8
149 476 9
150 497 10
150 287 13
150 422 11
150 301 11
151 193 11
151 198 10
151 154 14
41 151 13
152 361 8
152 273 9
152 433 12
152 173 10
153 290 14
154 361 11
137 154 11
154 272 10
154 453 12
155 223 7
155 460 12
100 156 11
156 194 11
156 399 13
122 156 8
6 157 10
157 224 13
157 466 8
36 158 9
158 385 12
158 234 13
158 439 15
159 196 7
159 445 12
159 284 15
159 336 12
159 255 14
121 160 12
160 442 9
160 367 7
160 499 13
161 210 11
161 412 6
161 376 10
162 361 11
157 162 8
60 162 12
132 163 11
66 163 10
164 375 7
130 164 10
107 164 11
165 276 9
165 477 12
77 166 9
46 167 7
167 223 12
167 225 12
167 438 10
7 168 9
168 366 11
169 499 12
169 396 10
30 169 8
169 425 14
170 286 8
83 170 8
113 170 11
16 171 11
109 171 12
171 370 13
171 179 8
35 171 11
172 359 14
36 172 12
172 416 11
172 349 7
173 464 13
25 173 8
174 363 12
174 334 11
158 174 13
56 175 11
175 289 9
175 382 11
175 326 11
65 175 12
66 176 15
62 176 11
176 408 9
177 480 10
130 177 14
177 422 11
177 481 13
178 480 9
178 410 11
179 238 9
179 302 11
180 249 9
180 465 13
121 180 12
180 345 12
181 377 11
166 181 11
15 181 11
30 181 6
55 182 10
183 291 10
164 183 9
183 268 11
183 189 8
184 363 11
184 192 11
129 184 8
184 430 8
38 185 12
88 185 8
185 381 10
186 496 9
186 399 17
186 253 8
77 186 9
187 386 11
187 375 7
44 187 10
188 415 11
88 188 12
188 264 7
141 188 10
189 443 13
189 333 8
64 189 13
190 466 11
190 325 8
72 190 9
90 190 10
191 202 9
0 191 10
38 192 8
192 425 12
66 192 8
193 211 8
193 409 10
106 194 11
69 194 13
178 194 14
26 194 10
195 385 11
195 494 8
196 425 9
90 196 8
103 196 5
92 196 12
49 196 15
197 224 11
67 197 8
197 298 10
180 198 8
198 497 12
199 254 7
101 199 9
199 312 9
3 200 10
200 422 10
200 356 16
201 289 11
201 386 11
12 201 10
200 202 13
202 413 12
63 202 11
44 203 9
203 453 8
204 440 10
204 335 12
204 499 13
94 205 11
35 205 10
205 221 7
48 205 9
82 206 11
118 206 11
203 206 10
207 309 6
119 208 13
60 208 10
208 255 8
80 209 11
118 209 8
179 209 8
79 210 11
166 210 11
211 438 10
211 247 11
170 211 11
15 212 11
212 339 9
212 416 10
202 213 11
213 464 10
213 231 12
6 213 11
214 489 12
186 214 10
214 436 12
215 402 11
215 492 13
215 277 11
216 289 11
216 385 12
43 216 12
92 216 9
217 434 9
217 270 13
218 361 9
218 426 8
182 219 9
120 219 12
219 309 11
220 331 11
220 399 9
135 220 7
181 221 12
221 359 12
14 221 11
30 221 9
90 221 9
222 329 5
222 287 12
57 222 13
222 356 10
223 352 9
158 223 13
224 401 9
14 224 13
224 370 10
185 224 9
59 225 9
225 410 12
142 225 13
19 226 11
151 226 10
226 395 14
92 227 14
32 228 9
228 392 10
92 228 12
229 273 8
230 355 12
230 432 15
230 450 12
190 230 9
36 231 8
231 483 11
205 231 11
175 232 6
232 458 11
232 494 6
232 424 6
233 307 9
233 303 9
151 233 8
6 234 12
83 234 12
234 338 11
152 235 9
235 258 10
235 474 9
59 236 12
236 365 11
234 236 11
237 414 9
237 423 11
63 237 8
184 237 15
101 238 11
222 238 11
73 239 13
239 309 11
165 239 10
239 449 9
240 459 9
240 421 9
73 240 9
240 285 10
206 241 11
10 241 10
242 312 10
101 242 11
242 492 12
28 243 9
243 499 10
242 243 10
244 332 12
244 297 10
200 244 10
245 462 10
50 245 9
246 362 12
246 313 9
246 497 7
193 246 12
207 247 9
156 247 7
248 491 12
248 256 8
248 376 9
248 356 13
248 453 9
174 249 6
37 249 8
249 486 9
250 481 11
250 375 15
250 280 12
202 250 8
251 268 11
245 251 12
113 251 12
170 252 10
229 252 8
24 252 11
253 291 11
253 286 9
72 253 9
44 253 10
228 254 12
254 374 9
46 254 12
255 308 14
255 478 11
152 255 8
207 255 10
256 353 9
78 256 13
256 301 8
208 257 10
257 323 7
257 426 10
257 358 8
114 258 10
39 258 11
218 259 10
196 259 12
12 259 8
22 260 12
260 346 11
47 260 10
260 472 10
40 261 11
261 284 9
241 261 10
71 261 5
261 461 8
262 497 13
262 398 11
262 367 12
206 262 12
12 263 8
88 263 11
263 372 11
210 264 8
33 264 8
260 264 13
263 265 11
265 351 7
265 426 9
151 266 11
200 266 10
254 266 13
215 267 9
89 267 12
267 311 11
268 475 8
268 390 15
198 268 12
201 268 12
118 269 7
269 274 8
269 361 8
228 270 13
109 270 11
270 339 11
112 270 13
270 404 10
207 271 5
172 271 9
272 472 10
272 347 12
85 272 9
273 284 13
120 273 12
148 273 11
273 335 12
274 498 11
186 275 10
274 275 10
260 276 12
276 294 8
277 372 9
277 463 15
197 277 7
269 278 13
278 499 12
279 440 12
279 400 8
171 279 11
280 316 12
190 280 10
48 280 12
281 326 12
216 281 9
281 451 12
281 282 10
63 282 12
282 445 9
282 427 11
283 287 11
43 283 9
103 283 11
284 431 13
79 284 12
266 285 11
183 285 11
286 431 10
286 488 15
242 287 11
287 357 10
187 288 9
90 288 11
288 316 11
289 395 6
289 388 12
169 289 5
89 290 13
6 290 11
116 290 11
252 291 16
40 291 12
168 291 11
210 292 10
110 292 8
70 292 12
16 293 11
97 293 9
6 294 11
294 434 13
266 294 8
162 295 8
25 295 13
273 295 13
221 295 11
295 376 8
57 296 12
55 296 11
296 366 9
47 296 12
64 297 12
297 320 9
297 381 11
13 298 12
298 387 9
298 445 14
299 426 10
60 299 12
294 299 10
237 299 11
300 413 6
133 301 9
301 364 14
301 357 10
44 302 12
190 302 10
192 302 14
302 380 11
248 302 11
291 303 11
303 428 10
303 461 10
64 303 12
304 405 12
37 304 10
304 419 13
88 305 13
186 306 10
236 306 13
93 307 7
143 307 12
307 357 12
136 307 9
265 308 11
96 308 13
308 443 11
308 499 13
309 374 9
170 309 9
72 309 9
309 437 12
310 428 10
176 310 7
193 311 9
140 311 9
74 312 15
285 312 11
89 312 7
312 367 11
27 313 9
249 313 9
194 313 12
313 351 13
314 365 12
77 314 10
91 314 8
250 314 8
314 376 12
315 354 7
315 462 10
315 338 10
293 316 7
316 460 13
292 316 9
171 316 13
67 317 9
272 318 10
240 318 10
254 319 17
319 329 15
134 319 12
170 320 9
39 320 13
320 341 11
321 366 12
153 321 10
266 321 11
85 322 12
160 322 12
115 322 12
322 368 13
149 323 9
262 323 5
115 324 11
5 324 9
45 324 8
233 325 14
325 418 13
325 422 10
64 325 12
254 325 12
295 326 12
238 326 11
326 445 13
67 327 8
327 397 10
315 327 12
26 327 10
328 488 10
291 328 10
245 328 12
51 329 13
329 425 8
190 329 10
4 329 9
330 430 10
302 330 16
331 432 10
16 331 10
38 331 8
282 332 14
195 332 10
332 433 9
143 332 9
4 332 9
40 332 10
263 333 11
142 334 13
29 334 15
47 334 13
334 376 16
130 335 8
180 335 12
336 400 8
116 336 6
258 336 10
336 341 12
51 337 9
101 337 13
152 337 10
5 338 8
175 339 8
339 425 10
27 339 8
340 499 11
5 340 8
341 461 11
141 341 11
288 342 12
342 408 11
342 429 7
321 342 10
166 343 12
344 363 10
48 344 11
344 360 9
3 345 8
334 345 11
345 420 15
278 346 13
143 347 11
115 347 13
348 368 12
15 348 8
24 348 12
255 348 16
2 349 8
283 349 12
348 349 10
110 349 9
350 374 15
350 414 13
175 351 6
113 351 13
352 490 9
69 352 11
159 353 11
16 353 15
353 404 10
105 353 11
207 354 8
170 354 12
86 354 13
320 354 9
145 355 11
298 355 9
120 355 11
247 355 13
83 356 15
172 356 15
255 356 8
323 357 11
357 420 11
47 358 8
60 358 11
335 358 10
351 358 10
123 359 9
206 359 10
218 359 7
346 359 9
293 360 10
51 360 13
360 444 9
66 361 10
361 464 13
361 467 10
362 380 12
362 406 9
253 362 7
335 363 13
363 486 11
363 364 8
211 364 9
137 364 9
199 364 7
78 365 9
183 365 12
105 365 8
115 366 11
63 366 10
366 426 8
367 405 11
161 367 10
368 458 8
188 368 11
255 369 9
369 377 12
270 370 8
15 370 8
263 370 10
362 370 10
107 371 13
314 371 13
372 493 11
200 372 12
64 373 11
373 455 11
231 373 11
208 373 12
204 374 12
307 374 11
17 374 11
340 375 13
375 468 10
375 455 9
32 375 12
278 376 12
270 376 12
232 376 11
308 377 10
164 377 8
130 377 11
377 389 9
214 378 11
139 378 14
279 378 11
378 453 12
379 496 10
121 379 12
378 379 12
27 380 6
380 409 7
361 381 10
287 381 11
381 438 13
259 382 11
126 382 10
366 382 11
382 442 9
96 383 9
303 383 9
130 383 6
240 384 13
384 386 12
87 385 8
322 385 8
202 385 14
82 385 12
386 405 7
365 386 8
107 386 12
220 387 9
172 387 11
311 388 5
249 388 15
372 389 8
389 478 12
153 389 10
389 444 11
337 390 10
390 486 10
168 391 11
186 391 9
56 392 12
334 392 11
100 392 12
393 491 12
100 393 10
271 393 6
186 393 11
164 393 7
128 394 10
66 394 9
334 395 10
80 395 7
298 395 11
349 395 10
335 395 10
170 396 12
234 396 9
6 396 12
95 397 10
104 397 10
398 444 9
36 399 12
86 399 10
400 496 11
234 401 12
401 429 9
233 401 9
207 401 11
370 402 11
269 402 11
402 499 13
210 402 13
271 403 11
21 404 7
50 404 8
289 404 10
340 405 11
345 405 14
405 441 11
64 405 11
406 458 11
406 426 9
294 407 9
147 407 11
284 407 13
358 408 12
264 408 11
408 435 11
205 409 10
293 409 12
260 409 11
410 413 9
174 411 12
76 411 12
376 412 10
133 413 10
413 484 13
339 413 8
306 414 13
52 414 11
202 415 8
114 415 10
157 415 9
416 498 11
156 416 10
224 417 8
100 417 10
417 487 12
401 418 10
76 418 14
92 418 10
394 419 10
416 419 8
406 419 11
210 419 10
267 420 13
254 420 12
281 420 13
66 420 12
421 423 8
333 421 11
422 480 9
159 422 11
400 422 7
72 423 12
389 423 11
115 423 9
184 423 9
30 423 11
342 424 9
364 425 5
415 425 10
379 426 12
22 426 10
413 426 7
426 451 9
272 426 9
29 427 7
19 427 9
234 427 10
341 428 12
403 428 11
245 428 10
74 428 10
135 429 12
46 429 14
190 429 9
251 430 12
430 493 12
417 430 13
72 430 13
64 431 10
170 432 7
432 498 14
363 432 5
45 433 11
341 433 12
97 433 10
327 433 9
279 434 10
34 434 11
45 435 10
124 435 13
190 435 11
272 435 10
436 471 11
390 436 8
101 436 11
260 437 11
347 437 11
243 437 10
80 437 12
416 438 12
237 438 11
436 438 12
1 438 8
278 439 9
288 439 15
359 439 10
282 440 9
174 440 11
440 461 12
191 441 13
182 441 9
230 442 11
442 443 8
255 442 12
403 443 11
208 443 7
54 443 11
178 443 11
196 444 10
304 444 9
200 444 13
207 445 8
78 445 10
445 486 8
14 446 8
446 498 11
191 446 12
194 447 10
101 447 12
98 447 10
199 448 11
448 488 11
356 449 12
60 449 10
269 450 8
42 450 12
50 450 9
208 450 11
1 450 13
196 451 13
418 451 11
347 451 9
445 452 10
30 452 10
112 452 11
133 453 8
78 453 9
388 453 9
413 453 11
454 476 9
412 454 9
378 454 8
88 455 9
144 455 11
422 455 14
52 456 12
116 456 11
328 456 9
184 456 11
346 457 10
441 457 14
388 457 11
76 458 8
216 458 8
301 458 11
117 459 9
262 459 7
215 459 12
380 459 10
208 460 11
213 460 15
322 460 10
235 461 9
333 461 10
438 461 10
158 461 14
98 462 10
462 490 12
51 462 9
178 462 9
357 463 10
56 463 10
281 464 14
436 464 14
464 477 11
346 465 11
230 465 11
39 466 5
192 466 12
362 466 9
137 467 7
467 472 10
460 467 14
264 467 10
468 475 9
150 468 10
96 468 12
43 468 10
184 469 12
401 469 11
142 470 7
416 470 11
326 471 12
103 471 14
444 471 10
449 472 10
395 472 10
10 472 10
298 473 6
111 473 9
473 484 12
140 473 12
380 473 11
474 494 10
400 474 12
326 474 8
167 474 9
229 475 10
145 476 7
430 476 9
476 491 11
254 477 8
123 477 12
116 477 8
284 477 12
172 478 12
406 478 12
334 478 10
190 478 11
184 478 9
274 479 9
134 479 11
184 479 9
385 479 10
120 480 11
406 480 13
480 491 10
476 481 11
117 481 10
433 482 10
293 482 9
387 482 13
238 483 14
2 483 12
69 484 7
331 484 9
27 484 12
346 485 9
89 485 12
448 485 11
312 486 12
221 486 9
449 486 10
69 487 11
278 487 10
476 487 12
466 488 10
440 488 12
480 488 9
14 488 10
90 488 10
311 489 7
181 489 12
188 489 10
456 489 10
134 490 13
180 490 11
333 490 11
277 491 9
182 492 10
492 493 6
5 492 9
67 492 9
305 493 12
113 493 14
69 493 12
235 494 11
377 494 11
372 494 11
367 495 9
441 495 13
183 495 12
110 495 12
285 495 13
355 496 9
201 496 14
361 497 15
303 497 8
64 497 10
456 498 12
7 498 9
14 498 10
417 499 10
35 499 16
51 499 11
72 499 14
