500
0
2
3
9
8
7
8
8
5
5
9
2
6
2
5
8
8
1
2
6
8
4
2
6
7
3
2
2
4
2
2
2
8
5
10
4
9
9
7
9
6
6
8
9
8
1
3
6
9
4
8
5
3
6
2
6
4
4
8
2
8
3
1
4
10
6
10
10
4
5
7
4
2
9
4
4
9
4
6
3
4
4
4
7
5
5
3
4
5
7
8
1
8
5
5
4
4
5
10
9
9
6
9
6
4
9
2
2
8
7
9
8
7
4
8
8
3
6
2
9
6
9
2
3
4
6
9
9
3
5
8
2
8
5
10
4
5
5
6
3
9
2
9
1
3
8
6
2
6
4
9
4
8
6
8
9
6
4
10
8
7
8
7
3
4
2
1
2
3
4
7
2
8
3
4
3
5
2
4
10
6
7
4
7
7
9
7
5
7
7
4
9
6
7
4
7
2
9
3
4
4
8
3
8
3
7
5
9
9
4
8
6
3
10
4
9
4
2
1
2
3
5
9
8
2
7
6
7
4
10
10
9
8
9
1
3
6
9
5
1
6
7
9
1
7
8
2
7
3
2
2
8
8
1
10
5
9
9
5
8
6
4
2
6
7
8
3
8
7
5
4
3
7
5
9
4
7
3
3
8
8
4
9
6
5
1
2
4
2
8
1
10
9
7
5
3
2
2
4
7
9
10
6
4
7
2
8
4
7
9
8
2
9
7
7
5
7
5
8
3
6
5
8
5
3
5
7
3
4
10
5
4
5
2
6
7
10
8
4
5
4
3
9
7
3
7
6
6
7
2
1
4
2
8
7
9
6
6
5
2
9
5
7
3
4
2
2
9
4
5
4
5
8
3
9
8
4
4
2
8
3
4
8
3
7
5
6
5
6
4
8
5
10
6
7
1
4
3
4
5
7
10
7
10
4
9
4
6
1
3
1
9
4
7
3
6
4
7
6
10
2
4
1
4
7
4
9
3
8
4
3
9
6
4
7
2
8
9
2
9
4
9
9
7
2
5
8
4
4
8
2
5
9
4
10
9
5
1
9
5
10
8
1
3
3
3
9
8
8
8
8
1
7
7
9
10
8
6
3
6
1
4
8
10
4
4
6
10
9
7
4
8
6
10
5
8
1
3
1
9
0 255 13
0 158 9
0 379 11
0 271 15
0 45 11
0 140 12
0 452 13
0 260 11
0 119 12
0 478 9
1 305 13
1 443 8
1 311 9
1 358 13
1 348 13
1 54 10
1 292 10
1 49 10
1 108 11
1 497 12
2 132 7
2 7 13
2 26 11
2 58 9
2 183 11
2 28 10
2 119 12
2 219 9
2 363 10
2 133 5
2 308 14
3 311 7
3 443 10
3 116 12
3 411 10
3 14 10
3 148 12
3 465 10
3 183 12
3 118 12
3 207 14
3 305 12
4 193 11
4 392 8
4 356 11
4 156 13
4 212 10
4 69 11
4 436 10
4 246 11
4 60 10
4 227 14
5 21 11
5 84 9
5 349 10
5 451 10
5 293 10
5 266 9
5 415 11
5 68 12
5 445 10
5 157 9
5 212 9
6 432 12
6 54 13
6 492 10
6 341 13
6 475 10
6 353 10
6 373 11
6 356 14
6 109 14
7 236 10
7 26 11
7 153 8
7 173 13
7 287 13
7 25 10
7 267 8
7 247 8
7 336 9
7 312 9
7 275 11
8 375 13
8 365 12
8 174 10
8 320 13
8 399 13
8 156 9
8 397 9
8 96 13
8 95 6
8 292 10
9 246 11
9 408 7
9 307 12
9 24 14
9 428 16
9 109 12
9 120 13
9 133 10
10 249 8
10 220 10
10 462 10
10 410 11
10 170 8
10 107 13
10 80 11
10 159 13
10 179 12
10 320 12
11 285 12
11 62 11
11 229 12
11 26 9
11 200 7
11 166 9
6 11 12
11 210 10
11 197 12
12 58 11
12 184 11
12 334 10
12 402 12
12 49 12
12 241 8
12 415 13
12 89 8
12 338 10
12 86 12
13 360 10
13 480 9
13 113 11
13 289 10
13 185 7
13 372 12
13 345 12
13 175 11
13 499 5
14 274 13
14 302 11
14 479 11
1 14 7
14 386 7
7 14 8
14 422 13
14 86 11
14 161 9
14 265 10
15 215 11
15 377 9
3 15 13
15 499 11
15 25 11
15 393 11
15 169 12
15 132 7
15 495 9
15 383 12
15 162 7
16 84 9
16 138 11
16 313 11
16 493 10
16 486 7
16 301 11
16 191 11
16 132 11
16 211 9
16 32 9
17 218 10
17 185 10
17 67 11
17 448 11
17 135 10
17 112 9
17 285 12
17 146 12
17 381 12
17 284 14
18 175 10
18 444 10
18 483 12
18 229 11
18 36 15
18 248 12
18 333 10
18 34 10
18 334 10
18 436 11
19 124 11
19 454 9
19 489 12
19 120 12
19 287 10
19 200 11
19 103 11
19 181 8
19 322 10
19 236 13
19 282 10
20 424 9
17 20 13
20 451 11
20 268 12
20 445 13
20 347 11
20 367 13
20 403 10
20 487 12
20 89 8
21 355 9
21 337 11
21 485 8
21 277 7
21 361 9
21 244 10
21 424 11
21 438 10
21 391 9
21 127 12
21 90 12
22 53 10
22 304 9
22 277 14
22 51 10
22 25 11
22 281 11
22 405 11
22 310 10
22 73 12
23 443 11
23 384 8
23 481 9
23 449 11
23 104 13
23 358 11
23 270 10
23 139 13
23 118 11
23 71 10
24 371 12
24 484 9
24 430 13
24 223 6
24 350 13
24 360 12
24 325 9
24 310 14
24 375 9
25 494 9
25 248 11
25 327 12
25 329 13
25 123 14
25 209 11
25 151 11
25 119 9
25 427 10
25 84 9
26 174 13
26 45 9
26 239 12
26 479 10
26 389 10
26 413 11
26 349 8
26 448 10
26 359 10
26 181 11
26 110 13
27 89 7
27 163 8
27 256 9
27 438 9
27 257 12
27 82 11
27 323 9
27 116 12
27 133 13
27 94 10
28 74 8
28 498 8
28 441 11
28 326 11
28 274 7
28 183 7
28 58 11
28 288 11
28 164 11
29 141 14
29 228 8
29 161 12
29 474 8
29 110 11
29 169 7
29 196 10
29 341 9
29 39 11
29 290 11
29 96 9
30 487 12
30 381 9
30 238 9
30 495 12
30 461 11
30 212 10
30 256 11
30 129 7
30 419 10
30 455 9
30 371 11
31 223 9
31 329 10
31 61 15
31 215 11
31 443 8
31 322 9
31 400 11
31 265 10
31 377 12
31 287 9
23 32 9
32 101 12
32 307 11
32 139 7
32 272 8
19 32 14
32 366 13
32 318 14
32 333 10
32 116 12
33 335 7
33 155 8
33 421 12
33 442 11
33 200 10
33 205 10
33 427 8
33 289 12
33 193 8
33 184 10
34 36 8
34 420 12
34 499 11
34 272 7
34 456 12
34 173 9
34 321 11
34 360 12
34 84 11
34 350 12
8 34 12
34 353 8
35 219 13
35 116 7
35 428 10
35 488 12
35 268 11
35 92 10
35 435 10
35 174 13
35 197 8
35 374 14
35 73 8
35 157 11
36 41 9
36 450 9
36 297 9
36 50 12
36 439 14
36 169 11
36 312 6
36 361 12
36 356 12
36 462 12
37 138 11
37 152 12
37 223 13
37 56 10
37 460 9
37 147 11
37 304 15
37 390 12
37 221 7
37 291 13
37 458 13
37 399 7
38 456 7
38 120 12
38 339 9
38 282 9
38 102 7
38 191 12
38 273 7
0 38 12
38 305 9
38 446 12
39 290 8
39 435 12
39 447 11
39 118 15
39 265 10
39 461 13
39 497 11
39 176 11
39 61 11
39 393 9
39 420 9
39 439 10
40 492 10
40 189 13
40 403 12
40 60 11
14 40 13
40 220 10
40 470 18
40 256 11
40 477 6
40 204 10
41 342 10
41 172 12
41 183 9
41 324 12
41 159 11
41 279 11
41 455 8
41 458 11
42 443 12
42 431 11
42 176 9
42 199 9
42 52 10
42 96 10
42 54 13
42 272 11
42 263 10
42 432 11
42 369 9
43 64 10
43 436 8
43 371 9
43 364 7
43 96 12
43 142 7
43 399 12
43 114 11
43 310 10
43 260 10
43 171 8
44 403 8
44 480 12
44 243 13
44 438 8
44 327 11
44 120 13
23 44 12
44 336 9
44 439 9
44 250 7
44 435 10
45 340 12
45 52 10
45 346 8
45 302 6
45 63 7
45 267 8
45 168 12
43 45 12
45 226 10
45 150 7
46 298 11
46 494 9
46 216 11
46 242 11
46 240 11
46 350 12
46 443 9
46 231 7
46 359 6
46 406 7
46 415 12
47 316 11
47 412 14
47 220 15
47 156 13
47 400 11
47 132 7
47 128 11
47 403 11
47 346 14
47 496 10
47 317 10
48 73 9
48 235 10
48 71 12
48 168 12
48 184 8
48 364 12
2 48 6
48 106 11
48 124 11
48 52 14
49 278 15
49 488 9
49 469 9
49 423 9
31 49 9
19 49 8
49 63 8
49 417 13
49 361 9
49 202 14
49 359 9
50 114 9
50 390 10
50 371 8
50 442 9
50 418 11
50 246 7
50 232 13
50 184 8
50 54 12
50 384 10
51 409 10
51 115 8
51 67 9
51 162 10
11 51 6
51 492 11
51 183 13
51 273 12
51 96 11
52 216 10
52 286 12
52 323 10
52 333 14
52 110 11
52 203 12
52 398 12
52 411 8
52 374 8
52 111 11
53 90 9
53 134 12
53 122 10
53 369 8
53 119 11
53 84 13
53 473 9
53 405 8
53 411 17
45 53 14
54 137 10
27 54 9
54 181 9
54 392 11
54 432 14
54 389 10
54 410 13
54 317 9
48 54 9
55 148 12
55 135 8
55 136 8
55 231 10
55 445 11
33 55 8
55 190 12
55 146 8
55 478 10
56 338 12
39 56 7
56 191 10
56 237 9
56 156 6
24 56 12
56 357 9
56 373 11
56 471 9
26 56 10
57 254 13
57 351 9
57 113 8
57 108 7
57 293 10
57 495 9
57 387 9
57 407 9
57 235 9
57 144 11
58 395 11
58 493 9
58 378 8
51 58 13
58 238 14
58 89 12
19 58 12
58 440 8
58 302 7
59 157 11
59 294 12
59 455 13
59 405 9
59 334 11
59 240 10
47 59 11
59 125 10
60 230 11
60 360 9
60 340 11
60 432 8
60 131 10
60 62 11
48 60 14
60 259 11
60 217 7
60 483 14
32 60 11
61 185 9
61 80 10
61 385 10
61 74 6
61 141 9
61 118 11
61 323 7
61 282 12
61 377 11
61 261 13
61 93 10
62 446 8
62 225 11
62 309 8
2 62 10
62 221 7
62 385 10
62 195 11
41 62 11
62 314 10
62 89 9
63 131 11
63 184 13
63 234 11
63 407 12
63 370 8
63 344 11
63 162 8
63 243 13
63 93 13
63 97 10
63 433 8
64 171 10
64 286 11
64 394 10
64 189 9
64 321 8
64 169 13
3 64 8
64 175 14
64 443 12
65 104 10
48 65 14
65 401 9
65 196 16
2 65 10
65 283 6
16 65 14
1 65 14
66 69 8
66 324 10
66 175 8
45 66 14
66 413 10
66 371 12
66 122 10
66 455 9
66 322 11
66 120 11
67 83 9
61 67 11
67 173 12
67 433 10
67 354 10
67 121 11
67 244 14
67 73 12
67 230 11
67 333 10
67 411 11
67 449 15
68 327 8
51 68 7
19 68 10
68 318 10
68 165 13
68 439 14
68 78 7
68 227 14
68 254 12
68 107 10
68 374 13
69 273 10
69 152 12
69 198 10
69 346 9
69 455 10
69 97 11
69 196 9
15 69 11
69 447 11
70 385 8
70 430 10
70 140 10
70 441 12
70 481 10
70 474 11
70 103 10
70 153 10
23 70 12
66 70 12
71 88 10
71 128 11
71 96 11
71 447 11
71 412 12
67 71 12
71 97 11
71 280 9
71 365 10
71 303 14
15 71 10
71 332 11
72 272 12
72 201 16
72 131 11
72 378 13
72 164 7
72 196 11
72 86 13
72 450 13
72 200 14
73 365 10
73 178 14
0 73 8
73 457 12
73 104 8
73 415 7
73 196 9
73 294 12
55 73 10
73 106 11
74 228 7
74 273 11
74 440 9
74 134 11
74 244 11
74 461 10
74 335 13
37 74 11
74 234 8
74 495 12
74 128 9
75 477 10
75 483 12
75 234 12
75 383 7
75 331 8
75 148 9
75 316 13
75 104 10
56 75 9
76 130 10
76 262 11
76 184 11
76 297 8
76 353 10
76 395 10
50 76 10
76 180 11
76 393 10
35 77 10
77 176 10
41 77 12
77 181 13
77 82 10
77 243 12
77 373 14
77 248 10
17 77 9
77 386 16
78 485 6
78 180 10
78 481 9
78 421 8
70 78 11
78 181 8
78 117 7
60 78 6
78 356 9
78 457 12
78 467 10
79 264 13
79 254 12
79 202 12
79 221 11
79 197 13
23 79 11
79 310 9
79 300 8
79 317 12
79 180 9
79 421 12
80 164 12
80 259 8
80 468 13
80 121 12
9 80 10
80 360 9
80 484 10
80 342 10
80 304 12
32 80 10
34 80 11
81 369 11
81 273 6
81 364 12
81 254 11
81 101 10
9 81 13
81 311 9
81 403 12
81 352 9
81 88 10
67 82 12
82 224 7
82 336 11
82 451 8
82 407 14
82 282 9
82 380 11
82 346 9
82 359 12
82 95 11
83 412 12
83 345 9
83 340 7
19 83 10
83 253 13
13 83 10
45 83 10
83 86 10
46 83 8
83 207 10
84 432 8
84 141 9
84 440 11
84 242 9
84 294 11
84 488 12
84 230 10
67 84 12
84 94 10
84 253 10
85 427 11
78 85 11
85 296 8
85 170 11
9 85 10
85 446 8
85 356 11
85 444 9
23 85 8
86 215 15
86 101 9
27 86 10
86 108 13
86 188 12
86 158 10
86 385 14
86 475 9
86 289 11
86 404 11
87 181 11
87 374 8
20 87 8
87 468 9
87 487 10
87 204 12
87 103 10
87 445 10
87 115 8
87 236 15
87 139 15
88 396 9
88 109 11
88 125 8
15 88 12
88 387 9
88 105 11
41 88 11
88 434 12
88 422 11
89 158 12
89 355 10
89 447 11
89 361 8
89 330 13
89 101 11
87 89 12
89 466 12
89 200 13
59 89 11
90 289 12
2 90 8
90 220 12
22 90 8
90 268 11
90 450 11
90 270 10
90 431 9
57 90 11
90 258 9
90 420 12
91 353 15
91 127 11
91 125 13
91 496 8
91 389 13
91 350 8
86 91 12
91 265 10
91 383 9
92 389 12
92 485 13
92 260 11
92 105 12
92 295 10
92 242 12
24 92 12
92 261 10
92 468 14
92 167 15
93 240 13
93 457 10
93 421 11
93 109 12
93 264 9
93 492 10
93 121 9
93 145 11
93 388 11
93 319 9
93 357 11
12 94 11
94 353 9
94 463 12
94 164 11
94 330 12
94 454 9
94 190 11
94 384 13
94 437 11
65 94 11
95 455 10
95 429 15
95 263 15
6 95 10
95 471 9
39 95 9
95 384 10
54 95 10
95 385 9
95 243 9
95 445 4
96 413 11
96 110 14
96 214 16
96 467 8
30 96 12
96 324 11
96 172 8
86 96 10
96 444 8
97 239 12
97 204 12
97 284 9
97 168 8
97 325 12
97 154 12
97 122 10
97 398 10
98 464 9
98 139 9
98 484 8
98 476 12
98 461 11
32 98 9
98 208 10
98 297 13
98 471 12
98 335 7
99 158 13
99 171 11
99 291 13
19 99 9
99 338 11
99 192 14
99 211 11
74 99 11
99 331 11
100 275 11
100 285 14
100 133 12
24 100 10
85 100 8
100 348 10
100 154 8
100 169 14
100 272 12
100 253 10
100 484 10
101 118 13
65 101 13
101 383 10
101 325 9
101 401 13
23 101 9
101 231 10
101 212 10
101 306 12
102 499 8
102 108 8
102 162 10
102 249 7
102 261 10
102 117 12
102 232 12
102 486 12
62 102 14
27 102 13
103 449 9
103 191 11
103 332 13
103 428 12
103 116 13
103 284 9
7 103 8
103 177 9
103 138 10
35 103 11
104 379 15
104 172 12
104 171 9
104 376 11
51 104 13
104 483 10
104 425 11
104 365 9
42 104 8
95 104 11
105 185 13
16 105 13
105 313 11
105 383 13
105 163 9
105 429 5
105 166 8
105 464 7
97 105 9
89 106 9
106 246 6
39 106 13
106 372 10
35 106 13
106 320 12
106 426 6
106 271 10
58 106 10
106 134 12
107 178 10
107 211 12
107 401 13
107 121 11
44 107 14
72 107 9
107 366 13
107 495 13
107 254 14
107 265 11
107 128 8
92 108 9
108 343 8
108 354 13
108 171 13
108 249 14
23 108 14
108 239 11
108 286 11
108 323 9
108 211 8
109 126 11
109 223 10
109 392 13
109 438 7
109 492 8
109 197 13
109 198 12
109 494 12
71 109 10
57 109 7
110 261 11
110 298 10
110 342 13
110 305 11
110 441 9
110 430 10
0 110 13
110 183 10
110 250 11
108 111 9
111 481 7
111 413 13
111 388 12
111 340 10
111 269 8
111 497 8
111 410 12
111 114 10
111 442 9
111 267 10
112 318 12
112 147 12
56 112 10
112 499 7
111 112 12
112 310 7
91 112 11
112 275 8
112 209 8
70 112 11
112 259 11
112 257 13
113 304 7
113 454 13
113 353 7
27 113 11
113 342 9
113 161 9
113 355 16
49 113 11
107 113 6
113 127 5
76 113 9
114 118 12
85 114 9
114 423 12
114 402 11
114 359 10
114 330 8
31 114 8
114 479 12
114 475 11
114 476 9
114 450 9
115 149 11
45 115 9
115 379 12
50 115 8
115 335 15
115 399 15
115 211 12
71 115 8
116 495 7
116 250 14
116 468 10
26 116 12
51 116 12
112 116 7
28 116 10
15 116 10
117 276 12
117 313 11
117 414 13
117 373 11
117 420 13
117 214 10
38 117 12
34 117 10
117 338 7
117 468 10
117 182 10
118 429 10
118 330 6
118 143 9
118 313 7
35 118 6
118 477 11
118 428 7
118 231 8
118 234 10
34 119 13
119 228 10
119 465 9
26 119 6
119 475 11
61 119 13
119 393 13
104 119 8
119 280 9
120 388 14
120 195 8
120 464 11
50 120 10
120 380 10
120 240 10
120 259 9
71 120 11
120 448 9
120 318 13
121 259 16
121 467 9
121 381 12
121 350 11
116 121 9
121 132 8
121 363 9
121 343 12
74 121 8
122 446 11
122 372 11
122 416 9
122 483 11
122 147 11
122 256 9
122 439 11
122 189 13
122 219 8
122 497 13
122 414 8
122 281 9
21 123 9
123 306 13
110 123 15
123 246 9
123 441 10
123 196 12
3 123 10
113 123 13
123 131 9
76 123 12
123 389 10
124 333 9
35 124 14
124 343 10
68 124 12
124 392 13
124 307 15
124 229 9
124 254 11
125 408 11
125 143 10
125 228 10
125 151 13
123 125 11
104 125 11
37 125 10
125 479 13
125 375 9
14 126 11
90 126 12
126 206 7
126 157 11
126 277 10
126 292 13
126 355 11
126 360 9
126 431 10
81 127 9
127 132 11
127 143 8
127 316 9
127 444 10
0 127 9
127 336 10
127 271 11
127 406 9
127 489 13
128 492 9
128 296 11
51 128 9
128 189 6
128 329 9
128 210 14
128 369 8
128 200 11
128 467 7
128 177 13
129 322 10
129 268 8
129 254 13
129 332 8
129 234 11
129 184 8
65 129 11
129 278 10
43 129 13
129 462 10
51 130 10
130 143 10
95 130 12
108 130 10
130 365 7
17 130 11
130 498 9
130 420 8
130 260 9
18 130 14
131 238 9
131 261 9
131 271 10
131 242 10
131 302 10
131 304 10
55 131 10
59 131 7
131 494 11
131 437 8
132 453 11
132 312 9
132 266 7
132 466 11
132 189 12
60 132 12
132 387 11
132 324 9
132 460 8
130 132 11
123 132 8
133 164 11
26 133 13
133 222 12
133 320 12
133 275 10
133 195 13
133 263 9
133 186 12
96 133 10
133 181 8
134 193 8
134 178 9
134 153 12
134 249 13
134 402 13
134 488 11
134 452 10
73 134 14
134 365 9
134 473 12
74 135 7
135 408 13
135 458 11
77 135 15
135 345 10
135 427 13
135 436 11
135 189 12
135 474 11
135 373 13
135 190 9
136 213 11
136 161 11
136 163 9
136 477 12
40 136 9
42 136 9
136 259 7
31 136 13
136 431 11
32 137 10
100 137 8
99 137 12
137 277 10
137 148 11
25 137 9
137 441 13
137 349 9
137 208 13
137 459 10
137 294 12
138 491 11
132 138 11
138 445 7
138 325 10
138 213 9
138 490 4
138 263 11
133 138 14
138 216 11
4 138 10
114 139 10
117 139 9
125 139 11
139 195 9
129 139 13
90 139 10
139 313 9
139 298 6
140 419 10
140 228 11
140 268 7
140 489 10
29 140 11
140 266 11
52 140 10
140 274 8
140 299 10
140 281 11
53 140 11
141 440 6
141 366 11
141 461 12
141 343 8
137 141 13
141 344 12
141 490 12
141 480 14
141 478 12
44 142 12
142 179 14
142 194 12
142 458 11
142 400 9
142 197 12
142 224 11
142 191 9
142 280 9
142 171 12
88 142 11
142 278 9
111 143 10
141 143 9
86 143 11
143 441 11
143 181 9
48 143 13
54 143 9
143 409 10
143 340 8
143 474 9
144 263 13
144 391 10
61 144 10
144 152 11
144 436 14
144 355 12
144 463 11
83 144 11
144 405 11
107 144 7
144 462 8
145 434 8
145 335 8
145 219 12
145 184 12
145 241 10
50 145 8
145 220 7
145 297 12
145 234 8
145 276 12
145 252 9
146 444 10
26 146 11
146 151 9
146 335 7
146 350 5
146 212 8
146 235 13
146 161 12
53 146 10
146 217 9
147 227 11
130 147 10
147 368 12
138 147 11
40 147 8
147 382 10
85 147 11
71 147 8
147 460 10
125 148 11
148 444 10
148 278 11
148 428 13
96 148 12
148 489 7
148 373 11
148 384 9
148 240 9
145 148 15
149 446 14
149 427 11
149 307 11
149 396 9
149 277 12
149 244 12
149 268 9
149 477 10
39 149 9
150 393 11
150 298 11
150 243 13
150 426 8
74 150 9
150 388 11
150 440 10
150 376 10
150 197 11
150 191 12
151 228 11
151 422 10
151 294 12
29 151 6
151 155 10
124 151 12
58 151 7
36 151 12
152 379 10
3 152 11
152 217 14
11 152 9
67 152 5
152 172 11
152 180 15
152 171 12
152 395 12
152 162 6
53 153 11
82 153 12
84 153 12
93 153 9
153 163 10
153 477 10
153 421 15
64 153 14
153 227 11
153 179 15
154 200 10
154 477 12
108 154 12
154 484 14
154 231 11
154 299 12
154 202 11
77 154 10
29 154 11
154 365 12
155 432 15
155 284 13
155 285 9
155 371 11
155 229 13
155 169 10
117 155 9
60 155 9
155 314 9
156 465 12
156 266 11
156 206 15
156 193 11
156 227 5
156 476 10
156 372 12
156 485 8
156 344 12
156 168 11
157 312 11
157 440 11
157 396 8
157 394 10
92 157 12
2 157 13
157 351 14
157 352 8
158 321 10
5 158 12
158 262 8
158 316 10
158 460 12
158 446 14
158 302 11
54 158 11
158 454 8
158 215 11
158 350 7
146 159 6
159 269 9
106 159 10
159 371 11
159 228 12
159 240 9
86 159 7
159 283 10
60 159 10
159 303 13
160 476 10
71 160 12
160 250 11
160 199 10
132 160 11
160 176 10
158 160 9
160 243 12
46 160 10
121 160 12
161 315 11
161 380 11
161 371 13
121 161 13
161 412 9
161 214 12
87 161 6
161 283 10
99 162 13
162 202 9
162 273 12
131 162 13
162 209 7
69 162 10
100 162 9
44 162 10
162 216 11
162 318 9
163 388 8
88 163 11
156 163 9
163 259 9
6 163 10
163 337 9
163 460 9
163 169 12
163 228 9
163 300 11
11 163 10
164 256 12
164 180 9
95 164 9
164 373 7
164 239 12
164 191 11
164 488 12
42 164 11
47 164 13
164 469 8
67 164 9
72 165 12
165 170 9
154 165 9
165 380 14
165 299 11
165 296 11
165 310 10
124 165 10
14 165 10
18 165 10
166 435 11
166 331 9
166 457 12
46 166 10
153 166 14
166 232 13
159 166 10
166 426 12
166 239 8
166 380 9
94 167 13
113 167 11
167 229 11
149 167 7
167 343 12
167 305 11
165 167 13
167 390 7
168 482 13
168 276 13
124 168 10
168 235 10
168 267 10
103 168 13
168 444 11
168 383 9
168 258 8
146 168 15
168 275 12
117 169 9
59 169 10
169 466 11
132 169 10
169 409 15
169 479 11
169 266 9
169 208 10
169 407 14
11 169 7
169 278 9
170 497 12
78 170 11
170 340 8
170 338 11
170 241 12
170 336 15
80 170 8
170 425 12
132 170 12
28 170 9
171 280 7
171 404 11
171 446 4
171 391 10
171 365 12
171 318 12
141 171 13
171 202 9
109 171 11
171 383 10
171 224 12
171 328 10
135 172 9
11 172 7
172 256 13
172 495 10
172 426 8
172 479 11
172 443 9
172 387 12
172 351 12
172 363 12
161 173 13
173 321 9
173 445 11
173 426 11
142 173 10
41 173 12
50 173 9
104 173 12
173 280 11
61 173 9
88 173 12
174 417 11
174 314 14
13 174 11
174 228 14
174 209 11
99 174 11
24 174 7
21 174 10
10 174 9
175 399 13
175 446 10
175 444 13
175 400 5
175 429 9
175 454 9
175 441 11
137 175 9
175 219 8
108 176 11
47 176 9
116 176 12
176 202 14
176 462 10
18 176 13
176 285 9
176 307 11
176 407 10
176 497 15
38 177 11
177 280 11
177 437 11
177 425 12
177 271 8
177 209 10
177 353 11
177 481 13
69 177 9
178 276 8
178 397 9
178 420 12
166 178 13
178 350 10
178 180 10
176 178 10
178 474 10
178 424 8
178 495 10
179 196 11
179 295 12
29 179 9
138 179 10
179 256 9
179 186 13
179 376 13
179 231 10
48 179 8
179 416 10
180 223 9
180 289 12
180 347 10
180 364 10
63 180 9
180 207 13
143 180 9
180 209 10
52 180 9
93 180 9
61 180 13
181 498 12
45 181 12
181 364 7
181 367 9
181 278 12
181 418 9
95 181 11
51 181 9
181 255 8
182 408 10
182 332 10
182 338 11
182 439 9
134 182 7
182 425 11
182 482 9
167 182 11
182 475 10
54 182 7
54 183 11
98 183 9
183 388 11
183 370 11
44 183 11
183 249 11
183 277 10
154 183 11
183 188 10
184 239 10
184 377 11
14 184 9
184 308 7
82 184 8
184 303 12
184 291 11
184 429 11
95 184 7
184 437 9
185 400 13
137 185 14
154 185 10
185 346 11
185 282 9
185 435 11
185 277 11
185 418 11
134 185 12
85 185 11
127 186 6
186 253 12
186 414 9
67 186 14
145 186 9
48 186 11
186 446 7
21 186 15
79 186 10
187 418 14
187 471 8
187 389 11
187 278 6
153 187 9
187 260 7
187 392 10
136 187 11
187 304 15
187 290 9
187 487 6
19 188 11
188 189 8
114 188 8
188 223 12
188 477 7
164 188 10
188 268 11
188 197 12
188 359 7
188 345 10
84 189 9
58 189 12
94 189 13
68 189 12
189 327 11
189 364 13
62 189 10
60 189 11
106 189 10
36 189 12
190 257 11
190 384 9
190 344 9
73 190 12
190 219 12
190 339 13
190 195 7
190 306 8
190 320 13
143 190 13
101 191 10
191 469 10
191 358 12
191 274 15
191 273 10
174 191 14
191 360 10
129 191 10
191 441 9
191 264 11
192 214 11
192 377 11
192 257 12
192 248 12
192 269 7
87 192 11
192 422 10
45 192 9
192 431 8
192 239 9
192 287 14
11 192 13
193 216 9
193 497 12
28 193 11
48 193 10
193 194 10
193 451 13
23 193 7
193 418 8
193 327 6
194 308 11
194 344 7
10 194 10
191 194 10
164 194 7
194 478 7
168 194 10
194 295 13
195 298 14
195 301 10
195 306 11
195 265 9
195 465 10
80 195 8
195 414 10
195 496 10
195 302 12
194 196 13
196 381 8
49 196 10
101 196 8
196 414 10
196 319 9
196 434 8
196 245 9
196 215 12
196 423 9
125 196 13
197 385 13
197 418 7
37 197 10
197 314 6
77 197 10
197 357 11
197 395 13
30 197 14
197 370 9
197 303 10
198 374 13
198 381 7
66 198 12
97 198 9
198 401 6
198 395 11
198 290 10
198 482 10
193 198 10
73 198 14
198 422 9
58 199 9
137 199 10
37 199 11
83 199 7
130 199 8
51 199 12
199 343 11
131 199 12
40 199 10
199 493 12
134 200 9
58 200 10
200 417 12
68 200 9
200 206 11
200 473 11
166 200 9
181 200 13
115 200 11
101 201 11
201 316 10
188 201 12
201 237 13
80 201 10
201 223 12
201 478 8
64 201 9
129 201 10
202 235 11
202 440 10
102 202 12
202 361 11
68 202 10
117 202 7
202 321 9
202 237 12
202 480 10
203 432 13
203 316 9
203 488 7
203 319 13
203 397 10
203 363 12
87 203 12
203 437 12
184 203 11
81 203 11
204 298 15
186 204 10
61 204 10
204 234 11
204 287 10
16 204 11
204 456 9
204 492 15
204 372 8
204 262 10
13 204 11
84 205 12
1 205 11
73 205 9
205 436 10
205 226 6
148 205 15
205 489 14
205 351 10
54 206 10
27 206 11
206 215 11
206 328 11
157 206 13
206 395 13
20 206 8
206 342 10
206 248 8
206 287 12
206 444 8
207 225 10
207 451 6
122 207 13
168 207 6
207 363 9
139 207 11
207 358 10
65 207 11
208 492 11
144 208 11
208 217 12
208 423 11
208 284 9
145 208 12
208 318 9
208 308 10
136 208 14
208 259 10
127 209 9
209 292 11
209 346 11
1 209 11
169 209 16
209 381 11
209 218 11
209 321 13
209 278 10
210 437 10
210 334 7
210 321 8
48 210 8
63 210 11
210 252 13
139 210 11
210 409 14
210 282 9
32 210 9
31 211 10
211 412 9
211 225 10
211 323 6
211 286 9
211 339 8
211 351 7
141 211 10
211 239 7
48 211 10
212 497 11
66 212 13
186 212 11
212 478 9
212 329 10
212 490 11
130 212 10
107 212 8
138 212 10
147 212 9
212 330 10
213 390 16
87 213 8
213 237 12
83 213 9
213 214 9
213 325 12
213 398 12
43 213 7
95 213 9
214 352 10
35 214 9
25 214 12
214 410 13
54 214 7
214 394 13
153 214 10
201 214 10
214 362 10
214 485 11
214 467 13
215 347 10
212 215 10
6 215 15
215 317 13
215 474 10
215 240 8
215 228 10
57 215 8
215 381 11
50 216 10
182 216 11
216 489 13
216 339 8
111 216 11
216 248 12
131 216 11
100 216 13
144 216 7
18 216 10
217 405 14
217 327 12
38 217 11
2 217 7
5 217 11
217 298 13
217 465 10
217 238 11
217 436 11
218 413 11
53 218 9
218 489 10
78 218 14
116 218 12
218 338 11
132 218 10
218 328 9
218 335 11
218 418 10
40 219 11
201 219 7
114 219 10
38 219 15
219 404 9
76 219 12
219 444 12
219 406 9
219 287 11
219 412 11
220 383 8
220 338 7
3 220 13
220 284 10
220 367 12
220 480 10
220 463 11
220 425 7
220 395 7
221 256 10
221 473 11
221 395 9
101 221 12
67 221 11
181 221 11
221 377 6
221 412 8
221 387 8
203 222 10
222 297 10
149 222 12
64 222 12
222 313 10
89 222 11
142 222 12
25 222 11
222 452 9
222 288 9
223 463 11
207 223 14
223 368 8
223 366 11
223 302 9
163 223 6
223 402 13
223 284 10
223 461 9
124 223 9
44 224 7
224 283 12
192 224 12
224 493 13
224 261 14
137 224 13
173 224 8
224 434 9
224 327 13
167 224 11
224 362 10
225 461 12
225 476 14
225 419 9
61 225 14
170 225 11
30 225 8
225 409 10
153 225 11
167 225 12
225 479 8
225 351 8
226 250 9
189 226 11
226 443 9
85 226 9
226 359 12
226 353 10
226 391 9
226 400 10
226 310 11
226 476 11
227 365 11
227 255 11
227 292 7
121 227 8
184 227 9
227 385 12
227 304 14
65 227 6
217 227 11
227 310 11
228 481 5
228 430 8
73 228 11
228 385 15
228 442 8
180 228 9
228 326 11
223 228 10
141 228 11
229 416 12
229 486 10
121 229 11
229 397 9
229 414 12
111 229 10
229 250 8
229 277 8
194 229 11
220 229 9
230 270 12
154 230 13
230 437 11
27 230 10
230 391 10
138 230 14
229 230 11
13 230 13
1 230 10
230 392 11
230 360 9
87 231 9
47 231 8
132 231 8
231 310 10
147 231 16
231 469 10
91 231 9
231 418 10
146 231 12
158 232 12
7 232 9
232 259 12
13 232 14
232 321 10
175 232 9
232 399 10
232 265 11
232 248 11
232 482 15
107 233 14
100 233 10
233 404 12
231 233 7
211 233 10
233 449 16
233 366 10
233 499 12
233 440 13
7 233 9
233 380 5
234 253 13
234 337 10
234 272 13
234 323 11
134 234 15
76 234 8
234 275 9
234 237 13
234 289 10
235 279 12
235 275 11
116 235 6
171 235 12
235 417 12
235 236 11
105 235 8
64 235 11
235 478 9
235 278 9
67 236 13
236 467 13
236 404 8
58 236 14
221 236 8
236 438 14
45 236 8
121 236 8
237 259 9
156 237 9
132 237 10
237 488 11
90 237 14
97 237 11
237 257 10
237 464 11
238 366 7
238 427 10
238 430 12
181 238 9
127 238 10
105 238 8
74 238 9
38 238 11
238 279 8
238 354 11
239 446 8
239 371 10
172 239 8
215 239 10
239 316 8
239 488 14
159 239 9
239 297 10
16 239 12
168 239 12
86 239 12
136 240 10
240 307 9
240 366 12
240 318 15
1 240 13
161 240 11
225 240 12
75 240 12
240 392 14
240 479 12
241 380 8
241 351 13
241 499 10
94 241 8
241 400 8
241 453 10
241 491 15
241 410 9
241 402 11
242 297 8
242 320 11
90 242 13
91 242 13
26 242 11
242 379 9
242 487 8
121 242 11
242 250 12
69 242 8
218 242 15
238 243 10
213 243 7
243 358 10
206 243 8
243 442 8
204 243 12
180 243 10
243 268 14
243 384 8
243 480 12
1 244 13
244 372 10
244 336 6
244 282 9
244 306 11
183 244 12
244 294 11
212 244 8
245 262 10
245 249 10
245 306 8
245 347 10
184 245 11
245 308 11
245 246 12
237 245 13
114 245 11
4 245 10
246 343 13
246 392 9
80 246 13
43 246 10
246 383 10
246 252 14
18 246 15
227 246 15
54 246 12
246 446 13
0 247 11
247 255 9
9 247 10
247 321 7
14 247 14
231 247 10
144 247 8
176 247 9
108 247 11
247 401 13
121 248 7
93 248 12
248 299 7
248 395 13
160 248 12
231 248 13
198 248 9
237 248 11
207 248 10
248 419 11
248 470 10
249 410 9
173 249 12
249 350 9
205 249 9
12 249 11
81 249 14
249 329 13
170 249 9
249 404 10
106 249 7
58 250 8
250 342 10
32 250 11
192 250 12
11 250 8
94 250 9
104 250 10
249 250 12
250 285 9
137 250 10
209 250 10
251 459 11
251 384 10
251 274 12
251 488 10
238 251 14
251 482 7
251 407 9
73 251 11
48 251 11
252 396 12
252 311 11
252 381 12
252 448 8
39 252 11
252 457 12
252 424 11
17 252 15
252 272 14
176 252 13
252 325 11
3 252 11
253 456 10
253 461 13
253 444 11
253 312 12
158 253 10
124 253 12
88 253 11
253 486 12
168 253 13
32 253 14
254 395 9
254 256 10
74 254 9
254 430 10
254 401 10
82 254 10
203 254 11
76 254 11
254 367 11
255 469 9
94 255 11
255 459 9
255 467 12
220 255 11
239 255 11
255 348 10
255 339 8
255 337 10
146 255 11
5 256 11
256 426 8
162 256 16
211 256 12
226 256 12
256 397 10
240 256 10
2 256 9
256 417 13
20 257 10
209 257 12
257 362 11
257 415 8
207 257 13
88 257 9
226 257 9
257 296 10
44 257 10
54 257 8
212 258 10
97 258 11
258 298 10
150 258 14
27 258 11
148 258 11
196 258 9
83 258 11
258 284 10
22 258 9
259 452 9
259 392 13
259 266 14
259 473 8
259 348 12
144 259 13
259 463 14
99 259 12
259 277 7
259 316 10
260 277 9
260 426 11
90 260 11
260 468 9
175 260 9
260 279 10
141 260 10
235 260 10
108 260 11
261 277 11
261 311 9
261 264 11
261 388 6
126 261 14
22 261 11
261 382 11
10 261 10
261 417 10
261 287 12
99 262 11
67 262 12
262 328 10
247 262 14
262 455 12
262 485 12
262 307 10
262 389 10
263 320 12
263 323 10
49 263 11
263 350 14
134 263 10
263 362 13
211 263 13
185 263 12
184 263 13
263 482 11
264 424 12
264 433 13
264 384 9
264 422 7
43 264 17
264 353 11
264 496 11
264 421 13
264 423 10
247 264 12
265 445 11
265 301 11
224 265 8
265 344 12
110 265 9
265 287 7
81 265 10
265 280 13
265 432 13
234 265 7
266 463 9
32 266 11
182 266 12
266 304 10
266 486 12
54 266 13
266 293 10
240 266 13
8 266 9
239 266 14
24 267 8
253 267 15
267 483 8
267 427 13
252 267 12
6 267 9
267 295 7
31 267 12
197 267 14
267 283 12
196 268 10
168 268 11
268 422 10
54 268 10
268 286 12
251 268 11
181 268 10
0 268 9
268 475 12
215 269 11
269 296 11
123 269 7
269 318 11
43 269 11
244 269 12
269 465 11
269 366 12
245 270 10
159 270 12
258 270 12
231 270 7
270 292 8
270 376 14
68 270 9
152 270 10
270 461 13
23 271 9
271 325 12
271 470 11
267 271 10
261 271 8
271 299 8
271 300 14
271 307 14
271 456 12
165 271 11
193 272 9
14 272 12
224 272 12
114 272 7
272 353 10
272 491 9
272 326 7
272 328 15
106 272 12
272 424 11
273 338 15
237 273 7
273 428 10
271 273 9
135 273 13
32 273 9
273 282 9
260 273 11
75 273 11
3 273 15
259 274 13
176 274 14
274 482 9
274 471 12
274 310 9
274 335 9
131 274 12
274 456 12
274 286 10
275 325 11
275 496 8
77 275 12
4 275 9
275 432 13
174 275 8
275 399 9
27 275 11
276 495 11
132 276 10
183 276 12
263 276 15
276 407 11
180 276 13
167 276 10
276 349 10
161 276 11
276 323 8
20 276 10
19 277 10
277 438 9
93 277 14
53 277 11
82 277 12
89 277 12
77 277 12
100 277 12
277 291 11
73 277 9
278 401 9
105 278 11
113 278 11
234 278 12
278 339 12
278 335 9
278 456 13
278 457 9
101 278 9
278 449 8
227 279 12
61 279 11
279 354 12
7 279 3
117 279 7
100 279 12
58 279 11
279 377 11
122 279 11
180 279 12
279 419 8
280 426 12
105 280 9
280 337 8
280 462 11
206 280 13
280 476 10
280 414 9
280 474 10
254 280 9
280 431 7
118 281 15
113 281 11
281 333 14
281 308 10
281 324 9
68 281 11
281 451 13
281 287 8
282 292 10
282 356 8
48 282 10
282 354 9
282 415 7
282 406 8
89 282 10
5 282 12
118 282 11
265 282 9
283 346 13
283 455 8
23 283 9
283 413 10
132 283 9
283 332 8
283 330 10
283 398 8
283 437 9
283 352 11
283 399 11
91 283 7
284 471 12
284 418 9
270 284 12
284 340 13
284 407 10
284 316 7
23 284 9
284 448 11
285 436 9
285 415 12
68 285 10
104 285 11
285 287 13
212 285 12
117 285 12
222 285 11
285 387 11
222 286 11
87 286 10
286 493 12
117 286 8
56 286 12
145 286 10
79 286 9
286 340 10
112 286 11
140 287 7
116 287 11
287 473 14
287 369 9
139 287 9
247 287 9
287 360 8
272 287 12
230 287 9
288 439 11
118 288 9
288 491 11
210 288 9
279 288 7
288 489 11
288 484 12
288 438 12
288 444 7
288 323 12
87 289 11
289 371 11
289 430 9
289 290 11
187 289 9
61 289 8
93 289 11
273 289 12
259 289 10
151 290 11
160 290 9
290 373 11
290 300 6
290 469 12
134 290 5
174 290 13
290 303 11
79 290 10
164 290 9
290 326 16
290 353 9
291 394 8
5 291 10
145 291 8
255 291 12
162 291 9
267 291 13
271 291 9
291 461 10
11 291 10
94 291 16
292 467 10
21 292 9
292 448 10
292 407 11
292 338 11
18 292 10
116 292 8
292 425 10
213 292 12
142 292 14
217 293 8
293 439 9
293 346 12
159 293 12
293 420 11
176 293 9
67 293 10
276 293 8
218 293 12
293 315 7
40 294 9
214 294 10
170 294 11
185 294 8
294 416 9
264 294 14
294 365 9
294 408 11
243 294 9
59 295 11
295 448 10
288 295 15
248 295 11
295 407 10
295 361 8
11 295 9
295 370 11
68 295 17
64 295 11
289 296 11
245 296 11
296 499 9
184 296 12
96 296 9
291 296 9
296 457 12
296 467 10
296 308 8
296 401 8
236 297 11
294 297 11
11 297 12
297 444 10
297 456 10
123 297 10
297 489 12
197 297 11
297 459 9
297 399 12
58 297 10
128 298 11
298 425 9
246 298 11
298 360 12
151 298 9
109 298 7
115 298 10
298 434 9
93 298 14
136 298 12
209 299 9
299 403 9
299 399 11
243 299 6
299 393 6
299 423 11
167 299 12
261 299 9
299 340 13
227 300 10
42 300 14
214 300 10
59 300 8
115 300 9
300 305 12
300 441 10
300 340 11
184 300 10
73 300 12
196 300 15
301 474 13
182 301 7
301 328 11
301 319 11
44 301 15
86 301 7
301 467 12
110 301 8
301 473 10
301 447 9
239 301 11
302 372 8
302 448 10
172 302 9
302 342 13
29 302 8
143 302 11
201 302 10
302 377 8
204 302 10
146 302 11
126 302 14
303 360 9
303 495 10
239 303 8
293 303 8
303 332 11
148 303 12
123 303 10
240 303 11
303 375 11
303 317 10
24 304 12
272 304 12
157 304 12
304 309 12
304 440 12
304 419 10
256 304 6
304 495 11
11 304 10
55 304 11
42 304 11
258 305 8
113 305 10
305 480 10
305 386 9
305 434 8
305 373 11
294 305 12
305 454 12
72 305 15
305 436 11
221 306 6
306 316 13
306 332 13
237 306 10
231 306 12
273 306 13
306 462 10
240 306 12
306 498 11
306 429 10
307 397 11
128 307 11
251 307 8
278 307 13
61 307 9
307 437 10
266 307 13
108 307 6
76 307 13
307 426 10
36 307 13
308 345 9
308 475 14
147 308 12
160 308 10
293 308 9
7 308 9
308 352 8
308 357 12
308 445 12
6 308 11
308 432 15
71 309 13
292 309 10
84 309 10
237 309 13
309 434 12
290 309 15
163 309 10
169 309 10
275 309 8
101 309 10
310 498 5
284 310 14
310 492 10
110 310 8
245 310 9
169 310 10
310 382 9
310 320 8
249 310 12
145 310 11
32 310 12
111 310 8
311 339 10
253 311 12
192 311 7
210 311 7
311 485 10
311 475 11
311 466 12
311 331 13
311 483 9
312 473 11
312 323 10
102 312 13
74 312 9
312 405 10
236 312 9
133 312 11
225 312 10
249 312 12
241 312 11
46 313 7
313 358 8
181 313 13
78 313 10
313 435 9
313 379 9
19 313 9
254 313 14
193 314 8
76 314 13
265 314 8
314 366 9
130 314 8
314 462 8
314 364 8
103 314 9
314 322 11
61 314 9
314 453 9
179 314 12
315 438 12
30 315 10
173 315 10
107 315 9
154 315 7
225 315 9
5 315 11
226 315 10
315 455 8
315 390 11
316 336 10
236 316 10
173 316 12
316 454 11
267 316 12
216 316 10
316 384 13
213 316 12
270 316 10
61 316 14
195 317 13
131 317 15
317 483 12
169 317 10
29 317 12
317 478 8
56 317 8
35 317 6
184 317 13
317 494 9
17 318 14
126 318 9
318 432 10
318 364 10
318 338 11
151 318 9
313 318 10
84 318 9
318 433 12
318 323 12
319 398 11
319 449 14
319 378 13
41 319 6
319 333 13
319 339 12
256 319 13
319 424 9
316 319 13
119 319 11
287 320 11
320 452 12
155 320 12
320 338 7
288 320 11
320 381 8
216 320 12
21 320 9
219 320 9
119 320 12
321 393 14
266 321 13
59 321 12
213 321 13
125 321 13
321 413 13
119 321 7
208 321 10
32 321 9
250 321 10
321 446 10
270 322 12
114 322 10
322 470 10
153 322 7
36 322 9
322 446 12
322 441 12
193 322 12
185 322 15
147 323 9
34 323 13
306 323 9
250 323 8
125 323 10
26 323 11
56 323 12
323 430 12
282 323 12
5 324 8
322 324 9
324 467 10
161 324 11
166 324 9
324 439 11
176 324 13
324 440 9
221 324 14
324 396 9
155 324 7
317 325 9
76 325 6
17 325 11
208 325 9
141 325 11
102 325 5
33 325 10
19 325 10
2 325 8
226 325 11
49 326 10
326 492 11
323 326 10
326 445 8
111 326 9
326 485 11
5 326 11
326 475 13
252 326 9
326 440 9
226 327 9
123 327 12
77 327 11
327 453 9
327 466 11
35 327 9
327 432 11
327 471 6
327 433 10
327 457 13
248 327 9
213 328 8
83 328 10
328 336 7
328 343 9
215 328 9
328 353 13
328 384 9
98 328 10
328 464 10
31 328 11
142 329 7
329 438 9
148 329 13
48 329 10
329 473 11
11 329 10
329 490 12
261 329 11
197 329 10
207 329 13
20 330 8
97 330 10
294 330 14
330 488 9
330 332 8
330 356 7
220 330 8
330 400 8
330 354 10
248 331 9
331 409 13
140 331 13
325 331 14
182 331 13
282 331 8
202 331 13
257 331 10
214 331 10
93 331 10
331 483 11
169 332 11
183 332 10
99 332 12
279 332 14
144 332 12
332 459 13
332 403 15
184 332 9
280 332 12
16 332 12
332 440 9
206 333 12
203 333 10
326 333 14
268 333 16
147 333 13
141 333 9
333 455 10
333 379 11
333 431 12
334 447 12
334 444 11
195 334 12
94 334 13
220 334 9
334 458 12
334 371 11
327 334 13
232 334 10
334 353 10
335 464 11
335 472 12
61 335 8
143 335 11
335 367 8
47 335 11
335 402 16
238 335 7
335 482 12
78 335 16
91 336 14
336 453 12
56 336 10
336 430 15
191 336 8
336 361 13
336 406 11
336 380 14
297 336 10
151 336 10
337 462 9
337 362 14
274 337 12
337 343 7
319 337 10
196 337 8
183 337 10
337 487 13
114 337 11
143 337 7
337 375 9
337 434 13
338 436 13
338 454 10
338 439 9
204 338 10
313 338 13
338 468 11
338 355 13
104 338 11
62 338 11
339 357 11
339 423 12
169 339 11
339 482 11
93 339 12
335 339 14
339 399 13
271 339 9
5 339 12
326 339 10
125 339 9
336 340 10
208 340 11
158 340 15
149 340 9
197 340 11
264 340 10
340 392 8
340 459 8
340 447 13
321 340 8
312 341 11
176 341 13
341 480 10
341 444 13
217 341 11
341 476 13
156 341 7
298 341 10
341 432 12
341 369 10
342 364 11
57 342 14
117 342 12
266 342 13
243 342 10
28 342 10
31 342 12
146 342 9
342 348 9
207 342 11
343 451 11
343 373 7
343 460 10
324 343 13
77 343 10
295 343 9
343 425 11
226 343 13
343 390 7
240 343 9
93 343 15
30 344 10
255 344 13
317 344 12
344 475 10
344 413 8
37 344 12
344 417 11
75 344 14
254 344 11
71 345 9
190 345 9
229 345 9
149 345 6
168 345 7
345 441 9
51 345 9
345 496 10
114 345 10
225 345 8
346 387 9
41 346 13
162 346 13
346 363 13
203 346 10
161 346 13
346 379 10
346 372 9
25 346 12
346 381 9
347 360 8
106 347 10
263 347 9
275 347 9
212 347 14
232 347 9
52 347 9
316 347 11
347 430 13
347 348 15
331 348 11
348 499 10
346 348 8
348 421 8
60 348 11
40 348 17
256 348 12
348 407 9
343 348 14
348 473 9
219 349 12
83 349 14
190 349 12
12 349 10
346 349 10
285 349 13
235 349 11
349 440 8
349 416 8
349 471 13
165 350 10
84 350 13
350 403 9
305 350 15
242 350 7
350 395 12
279 350 10
350 405 11
350 402 12
208 350 10
337 351 8
180 351 12
290 351 12
63 351 8
302 351 11
319 351 14
119 351 10
16 351 12
351 360 11
351 477 10
6 351 9
336 352 13
97 352 10
223 352 5
63 352 12
5 352 12
126 352 9
352 353 9
184 352 6
311 353 8
135 353 11
353 359 10
38 353 12
280 353 11
157 353 12
353 431 11
49 353 8
353 489 11
325 353 14
354 418 12
354 488 8
92 354 13
354 395 12
354 411 11
177 354 8
70 354 10
354 490 10
118 354 10
85 354 9
14 355 13
120 355 9
355 468 10
355 473 9
238 355 9
107 355 10
198 355 11
166 355 10
237 355 14
93 355 11
217 356 14
356 484 10
356 430 12
196 356 12
195 356 12
356 488 12
201 356 11
199 356 11
204 356 8
109 356 11
209 356 12
299 356 11
47 357 13
111 357 12
217 357 9
357 449 8
60 357 8
57 357 10
357 370 13
357 496 14
319 357 11
357 381 9
41 358 11
38 358 8
172 358 11
358 401 8
64 358 10
82 358 8
358 398 11
45 358 8
297 358 8
259 359 12
199 359 14
190 359 11
359 382 13
359 471 12
32 359 8
261 359 11
229 359 11
13 359 12
360 405 9
360 460 12
150 360 8
129 360 9
75 360 12
65 360 12
338 360 7
21 360 10
111 360 10
309 360 14
209 360 9
105 360 10
104 361 9
361 482 12
137 361 11
270 361 7
361 496 11
80 361 9
324 361 9
301 361 10
133 361 10
14 362 8
72 362 12
220 362 14
324 362 10
128 362 13
207 362 8
360 362 12
3 362 12
362 453 9
362 422 14
105 363 7
351 363 9
57 363 10
363 375 11
319 363 10
363 382 9
196 363 11
56 363 13
363 444 10
212 364 11
364 404 10
210 364 9
37 364 9
135 364 14
208 364 8
112 364 10
285 364 9
364 483 13
291 365 13
29 365 12
141 365 12
27 365 10
338 365 11
365 378 9
274 365 15
149 365 8
211 365 11
157 365 8
366 375 11
366 441 13
285 366 13
9 366 12
132 366 8
366 457 8
145 366 12
122 366 9
49 366 11
366 447 5
311 367 11
145 367 10
367 397 11
179 367 10
297 367 11
262 367 10
304 367 14
121 367 10
336 367 11
28 367 12
227 368 7
136 368 10
123 368 11
76 368 12
368 452 9
368 411 12
286 368 13
246 368 13
15 368 12
340 368 10
309 368 11
64 369 12
187 369 13
323 369 12
324 369 11
154 369 12
227 369 6
369 407 13
329 369 8
369 412 11
370 498 10
370 404 10
171 370 8
370 379 8
205 370 10
224 370 11
79 370 10
37 370 10
370 405 7
323 370 13
238 371 13
157 371 10
371 409 12
49 371 9
146 371 10
210 371 10
371 416 12
276 371 8
371 454 10
337 372 10
201 372 10
342 372 10
29 372 8
372 487 9
341 372 11
129 372 11
322 372 9
166 372 9
217 372 9
372 382 8
85 373 14
371 373 12
345 373 10
373 475 9
289 373 8
196 373 7
307 373 8
155 373 10
326 373 13
373 377 8
207 374 11
279 374 9
23 374 12
150 374 14
374 391 11
204 374 7
374 498 13
248 374 14
195 374 13
374 454 9
343 374 14
375 385 11
369 375 8
175 375 11
375 412 9
159 375 11
177 375 11
375 439 12
241 375 14
254 375 11
88 376 11
35 376 7
376 435 9
294 376 12
252 376 9
352 376 12
376 491 11
146 376 9
310 376 11
213 376 9
132 376 12
335 377 8
377 491 9
377 413 7
203 377 8
377 461 10
352 377 10
377 441 10
11 377 10
371 377 12
170 377 10
249 377 9
217 378 9
371 378 12
170 378 15
254 378 12
64 378 12
30 378 16
114 378 12
378 412 8
259 378 13
286 378 10
239 379 12
32 379 11
51 379 9
379 387 7
46 379 10
379 494 9
87 379 12
5 379 13
10 379 12
201 379 10
15 379 10
343 380 8
53 380 12
380 478 11
44 380 6
170 380 12
327 380 14
251 380 13
249 380 7
288 380 11
117 380 11
289 381 13
66 381 8
381 438 8
361 381 11
128 381 8
321 381 9
381 426 13
381 475 9
276 381 9
369 381 12
210 382 11
75 382 11
91 382 13
156 382 13
99 382 7
382 398 10
382 433 10
318 382 11
206 383 11
383 430 12
216 383 8
234 383 9
374 383 10
157 383 12
383 475 6
37 383 10
197 383 12
153 383 11
73 384 14
384 407 11
133 384 9
52 384 10
287 384 9
99 384 11
291 384 8
293 384 12
156 384 11
385 447 10
240 385 10
336 385 14
138 385 7
27 385 13
164 385 13
283 385 12
250 385 11
385 496 9
76 385 11
326 385 10
159 386 9
160 386 13
146 386 9
255 386 10
163 386 12
132 386 8
386 414 7
365 386 11
114 386 10
221 386 12
89 386 14
240 386 8
194 387 11
387 396 10
387 421 14
387 407 10
387 479 13
304 387 13
87 387 12
267 387 12
202 387 14
107 387 12
42 387 11
388 494 11
315 388 9
293 388 9
388 460 11
194 388 13
297 388 15
245 388 11
271 388 10
388 472 12
205 388 13
389 497 10
327 389 11
286 389 8
124 389 8
389 475 11
130 389 9
389 447 11
79 389 11
224 389 13
322 389 12
345 389 10
390 395 12
387 390 12
99 390 13
116 390 13
360 390 13
149 390 13
183 390 10
28 390 10
243 390 6
274 390 11
162 390 11
391 493 9
210 391 10
76 391 9
350 391 5
212 391 10
391 464 8
92 391 11
391 455 15
111 391 12
121 391 11
38 391 10
391 392 8
120 392 7
308 392 10
296 392 13
319 392 15
53 392 12
392 497 11
166 392 10
162 392 11
388 393 12
385 393 9
42 393 9
393 437 8
318 393 12
393 479 7
110 393 10
81 393 12
369 393 8
193 393 10
28 394 6
394 470 10
278 394 11
294 394 11
42 394 10
371 394 8
263 394 11
375 394 8
138 394 11
49 394 13
45 395 12
351 395 9
118 395 11
300 395 11
59 395 10
353 395 8
310 395 10
374 395 14
263 395 6
275 395 10
227 396 10
198 396 11
371 396 13
260 396 8
280 396 10
29 396 8
132 396 12
188 396 9
99 396 10
175 396 8
210 397 11
258 397 11
397 417 11
231 397 8
274 397 13
49 397 15
364 397 11
310 397 8
355 397 12
396 398 10
244 398 8
156 398 10
201 398 15
398 494 12
265 398 9
94 398 10
43 398 8
234 399 10
324 399 9
399 429 9
277 399 11
155 399 11
352 399 10
301 399 8
138 399 12
376 399 13
359 399 8
206 400 12
288 400 16
38 400 11
284 400 11
263 400 10
27 400 12
384 400 9
0 400 7
85 400 10
400 479 9
237 401 14
171 401 15
343 401 9
355 401 13
401 429 12
94 401 10
347 401 6
193 401 11
61 401 7
401 450 11
92 402 12
5 402 12
402 470 8
372 402 11
109 402 8
402 448 11
306 402 12
402 453 7
199 402 13
351 403 14
227 403 8
136 403 10
260 403 10
363 403 10
403 471 7
128 403 11
377 403 9
403 491 9
226 403 12
16 404 15
118 404 11
404 416 13
404 448 17
122 404 11
352 404 11
404 481 13
397 404 14
168 404 11
404 473 14
126 405 12
152 405 13
122 405 11
274 405 12
377 405 10
29 405 10
371 405 11
56 405 11
322 405 13
288 405 9
406 490 11
406 472 13
399 406 9
251 406 8
365 406 12
26 406 8
307 406 11
118 406 9
406 415 15
161 407 9
404 407 9
103 407 14
407 435 8
317 407 10
407 458 8
300 407 14
407 424 11
135 407 9
59 408 10
134 408 13
268 408 10
106 408 10
118 408 10
406 408 12
209 408 12
58 408 11
246 408 9
107 408 11
392 409 8
367 409 9
309 409 10
71 409 10
279 409 12
291 409 8
265 409 12
354 409 14
409 499 8
409 463 12
208 409 8
26 410 14
154 410 10
410 465 8
324 410 7
163 410 12
143 410 14
93 410 10
250 410 9
162 410 12
410 489 10
72 411 8
378 411 13
315 411 7
333 411 10
178 411 11
59 411 9
236 411 8
411 487 9
411 470 9
100 411 10
133 411 11
286 412 10
158 412 13
90 412 11
192 412 9
257 412 10
228 412 10
347 412 14
8 412 6
43 412 11
110 413 10
413 479 9
51 413 10
211 413 6
280 413 9
413 414 11
127 413 13
243 413 10
400 413 11
18 413 11
8 413 10
414 486 11
85 414 12
22 414 14
29 414 10
153 414 8
234 414 7
294 414 8
178 414 13
349 414 7
81 414 10
12 414 16
281 415 13
206 415 13
346 415 11
90 415 8
244 415 11
144 415 11
48 415 12
17 415 10
26 415 14
359 415 10
270 415 9
416 485 9
144 416 10
416 437 11
255 416 10
88 416 12
46 416 13
312 416 11
22 416 11
417 480 11
17 417 12
400 417 15
311 417 13
172 417 8
84 417 13
358 417 10
276 417 8
417 472 12
271 417 11
174 418 9
385 418 12
272 418 10
51 418 12
206 418 7
184 418 9
418 433 10
313 418 11
201 418 9
269 418 10
418 462 9
412 419 9
376 419 6
110 419 14
196 419 9
271 419 12
409 419 12
28 419 10
419 433 11
380 419 11
368 419 10
350 419 9
226 420 13
17 420 13
420 486 12
48 420 12
418 420 7
219 420 5
238 420 12
168 420 8
147 420 12
302 420 10
400 421 8
72 421 9
360 421 11
46 421 10
421 479 10
324 421 9
3 421 10
421 440 14
334 421 10
117 422 11
357 422 11
422 491 11
188 422 12
193 422 12
255 422 12
345 422 5
247 422 9
372 422 11
422 424 9
357 423 9
179 423 13
229 423 10
184 423 12
116 423 11
423 456 10
395 423 11
369 423 11
202 423 13
10 423 7
344 424 10
194 424 9
239 424 10
300 424 13
424 484 9
346 424 10
213 424 13
424 488 6
204 424 9
107 424 13
16 425 11
25 425 13
309 425 11
142 425 9
114 425 12
195 425 11
342 425 9
42 425 10
259 425 10
52 425 10
362 425 10
236 426 7
69 426 8
221 426 13
88 426 10
168 426 9
349 426 9
6 426 12
377 426 14
321 426 5
46 426 12
335 427 9
97 427 8
176 427 9
329 427 8
202 427 13
227 427 9
427 495 14
427 464 8
247 427 12
427 468 13
162 428 9
157 428 9
178 428 11
175 428 14
358 428 13
176 428 11
67 428 12
201 428 9
428 456 11
382 428 11
429 456 10
358 429 7
429 489 9
77 429 15
400 429 10
203 429 17
202 429 10
395 429 10
368 429 11
429 440 10
304 430 11
430 448 13
89 430 11
307 430 9
87 430 10
430 436 10
209 430 8
280 430 8
390 430 12
246 430 10
81 430 10
216 431 9
297 431 9
96 431 14
162 431 11
111 431 10
198 431 10
382 431 7
182 431 9
275 431 7
112 431 11
11 431 9
249 432 12
321 432 10
398 432 9
255 432 10
273 432 9
171 432 6
96 432 7
195 432 9
262 432 8
432 466 9
411 433 11
13 433 11
433 499 4
399 433 10
98 433 14
45 433 11
330 433 11
145 433 11
276 433 9
434 464 8
3 434 10
121 434 9
258 434 9
27 434 12
434 463 10
36 434 13
44 434 10
279 434 10
225 434 7
174 435 10
264 435 12
197 435 11
411 435 8
71 435 8
223 435 10
48 435 9
97 435 11
435 485 14
435 472 7
387 435 11
436 447 13
366 436 9
292 436 12
293 436 10
365 436 8
257 436 10
202 436 12
192 436 12
402 436 8
335 437 11
30 437 4
291 437 10
114 437 11
18 437 12
65 437 10
40 437 13
367 437 10
171 437 10
414 437 11
244 438 10
189 438 9
430 438 10
278 438 12
144 438 11
367 438 11
377 438 13
438 494 10
409 438 14
211 438 12
32 438 10
3 439 7
355 439 12
156 439 10
337 439 11
343 439 8
439 453 14
406 439 12
133 439 11
217 440 9
256 440 9
104 440 12
440 460 9
60 440 12
166 440 6
278 440 12
13 440 8
198 440 11
140 440 9
441 460 11
441 466 12
9 441 10
441 446 12
228 441 9
284 441 10
374 441 12
441 475 14
172 441 8
369 441 9
333 442 10
17 442 7
205 442 12
391 442 13
218 442 12
130 442 12
420 442 10
419 442 8
318 442 14
88 442 13
378 443 13
299 443 14
355 443 10
275 443 11
4 443 9
198 443 11
419 443 10
11 443 12
197 443 9
90 443 9
151 443 11
225 444 13
261 444 10
444 447 11
373 444 13
264 444 7
126 444 8
444 493 16
28 444 12
224 444 10
444 469 6
393 444 17
355 445 12
296 445 10
387 445 11
380 445 9
369 445 9
133 445 9
129 445 11
86 445 11
379 445 10
185 445 9
6 446 11
316 446 12
21 446 11
2 446 9
14 446 13
26 446 10
168 446 12
80 446 7
339 446 11
221 446 8
447 454 14
365 447 13
447 448 11
55 447 13
297 447 12
193 447 11
447 471 11
111 447 11
38 447 10
182 448 15
191 448 7
133 448 10
390 448 13
84 448 10
211 448 9
1 448 9
193 448 11
154 448 12
221 448 6
449 485 13
445 449 11
449 474 12
430 449 9
218 449 7
446 449 9
366 449 7
196 449 6
416 449 11
188 449 12
449 487 12
152 449 9
310 450 11
290 450 7
259 450 12
43 450 15
40 450 9
450 497 9
110 450 15
324 450 11
348 450 11
326 451 8
403 451 11
447 451 9
339 451 10
246 451 9
429 451 8
363 451 11
443 451 13
239 451 11
247 451 11
195 452 13
431 452 13
402 452 10
294 452 11
359 452 10
322 452 12
172 452 9
441 452 13
301 452 14
41 453 11
300 453 6
108 453 11
111 453 12
453 485 12
12 453 12
24 453 8
453 464 7
246 453 9
453 474 12
169 453 12
331 454 11
117 454 8
454 476 12
215 454 7
454 457 10
104 454 11
66 454 12
78 454 10
41 454 10
454 463 7
352 455 12
332 455 9
94 455 11
369 455 11
129 455 8
296 455 11
139 455 5
406 455 9
337 455 11
222 455 11
38 455 12
456 461 12
392 456 12
456 481 13
103 456 9
5 456 14
229 456 11
456 469 9
456 465 9
292 456 12
406 457 12
337 457 13
251 457 12
315 457 10
186 457 11
163 457 10
103 457 11
185 457 12
55 457 9
119 457 12
250 458 10
87 458 8
408 458 11
437 458 9
164 458 10
28 458 12
34 458 8
266 458 15
66 458 11
367 459 6
234 459 12
459 470 10
412 459 12
299 459 7
406 459 12
16 459 9
174 459 11
282 459 15
269 459 9
37 459 9
276 460 8
357 460 11
364 460 10
144 460 12
430 460 9
460 468 12
228 460 10
445 460 9
460 461 11
460 485 14
268 461 7
23 461 10
461 468 6
334 461 11
45 461 11
213 461 12
67 461 13
60 461 15
244 461 11
428 461 12
291 462 4
168 462 12
14 462 10
206 462 10
462 472 12
392 462 11
119 462 12
387 462 9
93 462 10
207 462 10
6 463 11
121 463 11
53 463 9
373 463 10
236 463 9
437 463 10
65 463 10
458 463 11
463 473 14
413 463 10
165 463 8
380 464 10
303 464 8
258 464 16
67 464 8
164 464 11
234 464 8
11 464 9
318 464 11
416 464 12
27 465 8
396 465 12
280 465 13
465 478 12
354 465 10
379 465 10
314 465 10
421 465 13
5 465 13
151 465 8
203 466 13
320 466 11
337 466 11
148 466 12
466 495 14
145 466 11
254 466 9
370 466 11
71 466 11
180 467 7
321 467 8
400 467 9
325 467 13
210 467 10
467 488 9
278 467 8
434 467 13
146 467 12
132 467 10
155 468 11
30 468 10
332 468 12
212 468 11
283 468 12
15 468 14
361 468 12
169 468 10
405 468 8
120 468 16
292 468 13
50 469 8
180 469 8
120 469 13
377 469 11
129 469 10
415 469 13
394 469 10
213 469 10
261 470 9
457 470 11
184 470 10
433 470 14
114 470 12
24 470 10
313 470 9
13 470 9
203 470 9
470 474 11
462 471 12
24 471 13
130 471 10
399 471 13
435 471 10
237 471 10
94 471 9
348 471 13
6 471 10
374 471 15
466 471 13
273 471 10
19 472 9
63 472 10
148 472 12
261 472 9
168 472 9
199 472 9
137 472 9
341 472 9
472 498 12
43 473 11
207 473 14
473 478 17
473 475 11
290 473 10
389 473 12
384 473 11
470 473 9
217 474 10
447 474 11
57 474 11
460 474 10
456 474 11
223 474 11
263 474 9
332 474 12
432 474 8
335 474 7
310 474 8
30 475 8
169 475 8
444 475 12
412 475 8
317 475 11
209 475 11
217 475 10
356 475 9
355 475 9
64 476 8
436 476 10
73 476 9
249 476 9
86 476 7
379 476 10
143 476 11
450 476 13
85 476 13
453 476 11
98 477 10
230 477 10
139 477 11
457 477 12
37 477 12
366 477 8
346 477 10
243 477 13
10 477 12
48 477 14
163 477 8
180 478 9
26 478 7
33 478 9
113 478 13
80 478 14
112 478 9
434 478 8
213 478 10
268 479 11
147 479 10
83 479 8
274 479 12
207 479 11
192 479 10
64 479 9
121 479 12
433 479 11
150 480 14
81 480 12
480 494 10
271 480 8
128 480 12
59 480 9
363 480 9
446 480 8
103 480 11
397 480 10
127 481 14
301 481 11
176 481 13
389 481 11
329 481 12
229 481 9
364 481 11
423 481 10
399 481 13
352 482 10
74 482 8
192 482 8
269 482 8
283 482 13
181 482 10
465 482 11
273 482 8
364 482 11
186 483 8
291 483 8
6 483 11
215 483 11
45 483 11
153 483 12
377 483 12
165 483 8
64 483 12
224 483 11
86 484 11
422 484 8
16 484 12
71 484 12
438 484 12
465 484 11
304 484 12
0 484 12
87 484 13
184 485 9
43 485 8
61 485 9
457 485 10
207 485 11
66 485 12
62 485 11
398 485 10
442 485 10
340 485 9
125 486 12
154 486 9
157 486 14
148 486 11
440 486 9
74 486 11
161 486 11
136 486 7
193 487 12
369 487 13
163 487 10
145 487 9
396 487 12
322 487 11
299 487 11
443 487 9
19 487 11
484 487 12
307 487 15
157 488 10
56 488 7
147 488 8
447 488 10
190 488 8
337 488 12
115 488 10
431 488 9
166 489 15
483 489 12
24 489 10
265 489 6
139 489 10
317 489 8
428 489 13
325 489 11
174 489 11
173 489 12
124 490 9
469 490 5
1 490 7
445 490 9
63 490 8
470 490 9
419 490 12
88 490 7
387 491 8
433 491 11
385 491 8
400 491 10
205 491 10
312 491 13
314 491 11
468 491 9
214 491 9
302 491 10
141 491 10
70 492 8
417 492 9
491 492 11
425 492 16
482 492 11
120 492 10
122 492 14
272 492 8
21 493 10
342 493 8
208 493 10
148 493 10
442 493 9
150 493 8
98 493 13
161 493 10
261 493 11
117 493 11
162 494 5
219 494 13
52 494 11
188 494 13
229 494 12
303 494 11
298 494 12
83 494 9
64 494 14
75 495 13
180 495 10
358 495 11
144 495 10
351 495 13
191 495 13
491 495 10
333 495 9
294 496 11
362 496 6
290 496 11
44 496 12
227 496 14
266 496 12
375 496 11
73 496 10
15 496 10
218 496 10
251 497 10
47 497 12
19 497 11
440 497 13
90 497 9
138 497 8
80 497 6
250 497 11
330 497 13
59 497 11
380 498 10
190 498 10
142 498 13
468 498 13
30 498 14
77 498 8
242 498 9
11 498 13
427 498 12
335 498 8
59 498 9
85 498 10
469 499 11
16 499 11
366 499 10
472 499 13
50 499 10
36 499 12
181 499 10
295 499 10
92 499 10
239 499 13
