500
0
3
3
1
7
9
8
6
10
6
6
2
7
10
3
4
7
4
6
4
7
7
5
4
8
6
4
6
7
4
4
5
1
3
2
4
7
3
1
4
2
9
3
5
10
2
2
7
9
10
10
8
4
5
2
3
4
5
1
4
3
7
2
8
10
5
2
3
4
4
7
9
1
6
5
5
7
5
6
2
7
6
5
8
8
2
6
7
2
4
8
10
4
8
1
3
5
7
1
3
9
5
9
6
4
6
9
7
9
9
3
7
10
9
5
3
5
9
4
1
3
6
7
5
8
3
2
5
7
3
8
9
10
1
6
8
7
3
4
7
7
7
4
2
2
8
3
5
9
3
8
3
5
2
8
4
7
2
3
3
4
3
5
2
1
3
9
3
10
5
3
7
10
2
9
5
4
5
5
3
6
6
1
6
6
10
5
2
6
10
3
1
2
2
4
6
6
8
4
5
2
8
9
7
1
9
5
6
9
5
8
8
9
7
6
5
5
5
1
2
3
10
5
5
3
2
10
9
10
2
9
3
5
10
5
7
3
8
7
5
2
6
6
6
5
6
8
7
3
7
3
9
2
8
5
4
5
10
3
8
4
1
4
3
2
6
2
2
10
10
9
3
3
2
8
9
4
8
3
1
6
3
10
8
8
4
5
8
3
2
6
9
8
2
5
6
2
5
9
7
6
3
2
8
8
3
6
2
4
2
8
7
9
8
5
8
9
2
2
9
6
4
9
3
1
7
5
9
2
9
10
2
7
5
9
10
1
8
7
10
9
5
4
9
1
8
4
6
3
3
4
3
3
6
4
8
6
8
7
8
5
3
5
4
9
7
4
4
3
6
5
9
2
7
7
6
8
4
4
9
2
2
3
3
5
1
1
3
7
7
3
5
4
8
2
4
6
2
2
10
2
7
3
9
9
3
4
6
3
9
3
6
1
10
1
5
2
10
2
9
8
5
3
3
7
3
6
3
7
2
7
7
4
7
3
9
7
7
7
5
3
4
1
5
4
9
2
9
8
7
8
2
7
9
4
2
2
6
2
10
3
8
9
5
6
3
6
4
2
6
3
9
5
2
2
6
7
5
3
6
2
3
2
7
3
9
9
8
6
4
8
9
1
9
9
3
7
5
1
7
0 219 8
0 358 12
0 323 11
0 252 10
0 250 10
1 186 11
1 340 8
1 295 6
1 28 9
1 309 9
2 157 12
2 319 8
2 335 11
2 80 10
2 285 14
2 89 15
3 296 12
3 24 8
3 136 13
3 270 8
4 8 13
0 4 12
4 366 10
4 246 9
4 344 11
4 404 11
5 204 9
5 243 10
5 87 12
5 81 11
5 434 11
6 408 12
6 384 14
6 388 12
7 74 15
7 288 10
7 94 9
7 100 13
7 465 8
7 193 12
8 300 14
8 183 9
8 23 10
8 78 14
8 186 12
9 32 12
9 85 7
9 492 9
9 241 10
9 141 6
9 129 6
10 471 10
10 310 12
10 396 14
6 10 8
11 161 12
11 338 11
12 71 8
12 471 13
12 90 13
12 263 11
12 495 15
13 192 11
13 309 12
13 280 11
13 432 12
13 403 11
14 383 11
14 357 14
14 306 8
14 310 11
14 267 9
15 353 11
15 417 8
15 130 9
15 282 12
16 280 9
16 433 9
16 113 6
16 188 10
16 143 8
16 465 11
17 239 10
17 215 12
17 404 10
17 131 12
17 180 8
18 437 10
18 214 9
18 113 9
18 384 12
18 252 11
19 27 12
19 473 14
19 186 13
19 378 13
19 326 12
19 461 12
20 130 12
20 299 14
20 89 11
5 20 14
20 376 8
21 455 9
21 372 7
21 231 7
21 161 12
0 21 8
22 410 7
22 432 11
22 49 13
22 186 12
22 460 10
22 488 9
23 227 12
23 442 10
23 186 14
23 259 6
23 126 9
24 254 11
24 222 10
24 80 8
24 197 10
25 486 8
25 51 12
25 467 9
25 435 10
26 70 12
26 81 13
26 396 8
26 250 9
27 98 9
27 495 9
27 346 13
27 496 9
27 372 8
28 427 10
28 29 8
28 230 9
28 140 10
28 46 9
28 455 11
29 290 12
29 217 10
29 183 11
29 362 7
14 30 13
30 480 11
30 471 10
30 390 12
30 132 13
30 273 12
31 307 12
31 94 12
31 441 7
31 499 10
31 316 12
32 183 12
32 39 12
32 89 9
32 225 11
32 79 9
33 374 15
33 468 6
33 103 7
33 129 9
33 292 10
33 232 11
34 142 5
34 221 11
34 179 10
34 246 11
34 254 11
34 89 12
35 385 7
35 142 9
35 346 11
35 101 9
35 120 11
35 462 8
3 36 12
36 346 10
36 93 8
36 289 13
36 193 9
36 167 13
36 350 10
37 139 11
37 146 11
37 402 8
37 176 7
37 353 15
38 343 13
38 489 11
38 200 13
38 261 10
8 39 12
39 392 11
39 223 11
39 144 12
39 107 12
40 195 12
40 472 15
25 40 13
40 464 13
40 188 11
32 40 11
40 409 9
41 73 11
41 209 12
41 380 11
41 438 10
42 99 11
42 392 12
42 119 9
42 436 12
42 489 11
43 68 10
43 413 11
43 333 11
43 238 12
36 44 15
44 139 10
44 487 12
44 434 12
44 192 13
45 464 7
22 45 11
45 359 12
45 145 11
45 131 9
15 45 12
46 49 11
46 305 6
46 69 9
46 140 12
46 214 8
46 205 14
47 375 11
47 49 12
47 390 13
47 130 11
47 164 11
47 348 10
47 297 12
4 48 11
48 204 8
48 348 11
48 470 15
48 454 9
49 334 12
15 49 11
49 290 11
49 350 12
49 233 15
49 446 15
50 130 11
47 50 12
11 50 12
50 444 11
50 463 13
51 66 10
51 249 14
51 99 9
52 153 7
52 174 10
52 337 13
52 315 9
52 437 10
53 328 9
53 350 10
53 334 10
53 442 9
53 406 10
53 162 12
54 382 9
54 331 8
54 394 11
54 391 10
54 481 11
55 118 11
55 90 13
55 151 6
55 375 11
55 160 10
56 113 13
56 130 11
56 445 12
57 83 13
57 485 8
47 57 15
16 57 7
58 229 11
58 358 13
58 240 10
58 285 11
58 379 10
59 296 11
59 334 8
59 214 14
59 450 9
59 498 12
59 468 11
60 339 9
60 149 6
60 82 12
60 241 13
61 297 8
61 414 11
61 380 12
61 415 13
61 211 11
62 71 8
62 451 10
62 247 14
6 62 10
62 346 10
63 170 10
63 297 8
33 63 10
63 360 11
63 350 14
64 441 10
64 265 10
64 400 14
64 306 12
31 64 13
64 136 7
65 370 11
40 65 10
65 380 13
62 65 11
38 65 10
66 334 12
66 351 8
42 66 11
66 156 11
66 300 13
67 279 7
67 168 13
67 418 10
67 436 11
67 306 9
4 67 10
68 383 10
68 183 14
68 374 10
68 173 11
68 190 13
69 128 12
69 434 9
69 272 10
70 444 8
70 227 12
70 123 13
39 70 10
70 189 12
71 162 11
71 159 16
71 132 12
71 267 10
71 139 11
71 319 6
72 467 10
72 161 9
72 105 8
72 100 10
72 78 8
72 443 10
35 73 11
73 328 11
73 146 9
73 92 10
73 353 11
74 392 6
74 126 12
74 207 15
74 285 10
74 129 13
74 134 8
75 220 9
75 469 12
75 278 6
76 175 13
76 449 9
76 336 11
60 76 12
76 378 14
77 185 12
74 77 10
77 420 12
77 331 10
77 317 15
78 264 15
78 492 11
78 369 8
78 303 10
38 78 8
22 78 9
79 490 7
13 79 12
79 410 11
79 452 9
79 312 10
79 299 8
79 390 9
80 284 16
80 348 11
80 414 12
80 428 11
81 259 11
4 81 13
81 314 11
81 497 12
82 348 9
10 82 8
82 306 12
82 163 13
83 487 13
83 120 9
83 262 11
83 238 15
84 125 12
84 476 7
84 244 12
84 311 11
84 294 11
85 335 11
85 272 9
85 384 9
85 269 12
85 382 9
86 189 11
86 258 6
86 461 12
86 393 11
86 344 9
87 281 9
87 316 12
87 175 8
87 383 10
69 88 11
88 373 12
88 284 12
88 398 7
88 160 11
89 143 9
89 450 13
89 237 11
89 114 10
89 177 8
89 202 12
90 178 9
66 90 10
21 90 12
90 336 6
2 90 8
90 120 9
91 154 10
80 91 11
91 418 12
91 233 12
91 340 15
92 277 11
47 92 7
34 92 7
7 92 16
92 315 8
93 139 11
93 231 9
93 439 14
93 153 5
49 93 12
94 444 11
94 184 10
94 323 13
94 104 10
62 94 12
95 256 8
52 95 12
95 347 13
95 496 12
95 306 9
96 332 11
96 249 11
96 495 12
35 96 10
96 141 11
96 348 13
97 205 8
97 406 10
17 97 11
97 129 11
97 259 14
98 113 12
98 377 8
98 312 7
98 427 9
99 116 9
99 270 11
99 378 13
99 258 11
99 372 11
70 99 12
100 154 9
100 349 10
100 290 10
100 493 8
100 434 10
100 468 12
100 175 11
101 429 11
39 101 12
101 208 10
101 268 10
102 477 11
70 102 13
102 491 12
103 371 9
103 246 13
103 414 9
103 451 11
68 103 10
103 418 8
104 352 7
104 310 12
104 486 12
104 312 7
104 236 13
49 105 9
105 227 10
105 244 11
105 425 11
106 132 10
15 106 12
106 184 7
106 123 13
106 449 10
106 474 9
107 251 8
107 174 13
107 332 9
107 193 12
107 311 5
107 330 11
108 212 8
108 174 11
59 108 14
108 187 11
108 276 12
108 458 11
90 108 10
109 304 11
109 416 10
109 214 13
109 457 11
109 146 11
110 118 8
14 110 12
110 313 15
98 110 12
110 264 12
111 158 11
111 390 12
111 369 10
111 437 9
111 133 10
112 306 9
112 486 10
112 480 10
112 284 11
112 199 11
106 112 9
109 113 10
113 392 12
113 357 11
114 131 12
114 314 14
114 459 13
21 114 15
114 242 14
115 413 11
115 128 10
115 388 10
100 115 12
115 465 13
116 296 11
6 116 11
116 315 10
116 303 10
114 117 12
67 117 9
117 167 9
117 240 6
117 456 10
118 377 12
118 174 9
118 124 12
89 118 7
118 301 11
118 295 13
118 232 7
119 484 14
24 119 12
65 119 8
119 291 15
119 469 11
120 171 7
120 177 12
120 178 14
120 219 10
121 467 14
39 121 13
121 220 9
122 395 12
54 122 14
122 445 13
122 328 10
123 338 10
123 251 9
123 261 10
124 366 9
124 416 7
124 276 11
31 124 12
124 345 10
125 179 11
122 125 9
125 453 9
125 354 9
125 196 12
125 315 14
126 188 9
126 191 9
126 198 11
126 396 11
37 127 6
127 486 14
127 312 7
128 253 11
128 333 11
128 139 12
128 166 10
128 146 14
129 167 10
129 486 12
129 459 11
129 492 13
76 129 13
129 260 11
129 460 7
52 130 13
22 130 12
130 149 13
130 427 11
130 409 9
130 226 10
130 183 11
131 450 12
131 379 11
131 156 8
131 325 11
131 436 13
45 132 14
52 132 15
132 136 7
132 443 5
50 133 12
133 318 15
133 235 13
133 454 10
37 133 13
133 342 9
134 323 13
134 287 8
134 374 11
134 293 10
128 134 13
126 135 9
135 196 13
135 342 10
135 243 12
136 476 10
136 139 10
136 276 10
136 157 16
137 175 9
137 480 9
137 143 13
137 239 12
137 461 12
137 456 11
96 137 12
138 478 12
138 431 8
138 359 13
76 138 12
119 139 12
139 381 5
139 462 9
139 226 7
139 339 8
139 210 13
140 160 8
34 140 11
140 379 10
140 231 10
140 253 8
140 178 11
141 321 8
141 313 9
16 141 10
42 141 9
141 250 10
141 423 10
20 142 10
142 356 12
142 469 12
63 142 12
58 142 11
143 415 7
143 243 13
131 143 10
143 263 11
143 190 10
41 144 12
144 344 9
33 144 11
113 144 13
144 323 8
143 144 6
145 161 12
4 145 12
145 261 11
145 357 12
145 397 13
146 162 13
41 146 14
146 350 12
13 146 12
10 146 9
147 409 9
147 402 10
37 147 12
147 319 8
91 147 14
147 232 8
142 148 12
148 406 7
148 477 12
148 297 12
148 381 10
149 470 14
149 212 12
27 149 12
149 291 8
150 478 8
150 178 7
150 435 11
150 287 10
151 352 10
151 229 13
151 485 8
151 400 9
151 287 9
152 380 12
152 213 11
152 177 8
152 354 14
152 426 7
0 152 10
67 153 9
153 466 11
153 403 12
84 153 7
12 153 8
154 276 9
154 320 11
48 154 13
154 249 10
104 154 10
149 155 11
155 164 11
155 446 11
155 321 11
74 155 9
156 327 12
156 268 10
156 441 13
156 205 9
157 256 8
157 460 7
157 230 8
157 445 8
157 284 9
157 249 12
128 158 12
115 158 13
158 296 13
158 347 9
21 158 8
2 159 9
159 220 8
159 265 13
159 205 8
159 333 7
160 491 11
160 334 9
160 427 10
59 160 11
160 249 10
160 403 9
161 355 4
130 161 11
161 221 12
161 278 13
161 367 8
65 161 14
140 162 9
162 260 11
162 465 10
162 419 12
162 495 12
163 235 8
163 311 13
163 319 13
163 468 13
163 355 11
99 164 8
164 479 12
164 289 11
141 164 14
13 164 10
16 165 10
165 236 10
165 286 11
82 165 10
165 314 12
165 330 8
28 165 11
166 185 11
166 407 10
166 199 9
166 411 11
155 167 11
39 167 10
167 208 14
167 246 11
28 168 13
111 168 12
60 168 9
168 498 10
168 196 12
169 457 13
169 202 11
169 398 15
169 469 12
169 297 13
169 304 8
169 328 11
97 170 10
170 391 14
170 278 11
96 171 7
171 477 7
171 237 9
41 171 10
172 448 9
172 438 11
95 172 11
172 454 10
105 173 13
58 173 9
173 276 14
16 173 11
174 214 7
42 174 9
174 481 10
174 346 9
174 421 13
175 336 11
175 433 11
65 175 10
175 190 9
176 418 12
176 283 9
164 176 10
49 176 12
176 439 8
177 474 10
53 177 12
177 233 10
177 364 12
178 300 15
119 178 9
178 281 9
88 178 13
178 185 10
179 432 10
179 275 10
119 179 9
179 229 9
179 349 8
179 403 12
149 180 11
4 180 7
13 180 16
82 180 8
180 380 9
181 342 8
181 271 12
181 377 8
181 290 6
115 181 10
182 184 11
182 218 9
182 437 10
84 182 12
182 345 14
182 488 10
183 480 15
183 299 9
183 188 9
184 472 7
184 441 8
184 281 13
9 184 10
163 185 10
185 336 8
177 185 15
185 238 12
40 185 10
174 185 12
156 185 12
186 214 8
186 315 6
186 415 10
186 368 8
73 187 9
187 235 12
187 403 9
187 247 10
7 187 10
188 482 13
188 220 7
188 461 12
188 328 8
28 188 10
189 413 11
189 227 9
138 189 10
189 455 9
189 303 8
93 190 14
190 451 11
190 304 9
148 190 11
79 191 13
108 191 13
191 376 11
191 407 9
103 191 15
192 216 8
192 337 8
71 192 11
80 192 12
192 492 13
67 193 12
193 199 10
127 193 12
91 193 9
188 193 9
194 360 12
194 387 10
194 473 8
194 375 13
194 382 10
195 247 12
195 233 14
195 289 9
132 195 14
175 195 11
115 196 10
196 205 10
45 196 11
196 374 11
118 197 11
88 197 11
197 216 13
197 494 11
197 463 8
10 198 8
135 198 9
58 198 10
198 223 10
14 198 7
198 468 6
23 198 11
94 199 12
199 223 7
184 199 11
199 226 12
105 200 12
200 241 12
200 296 11
200 217 11
13 200 6
132 201 15
201 332 15
24 201 13
121 202 11
48 202 12
202 409 11
202 267 10
109 202 13
202 358 9
148 203 11
203 424 9
203 221 11
203 284 12
204 498 10
204 322 11
204 284 12
152 204 10
53 204 15
204 417 9
170 205 9
205 280 9
55 205 9
205 408 13
205 262 13
200 206 13
72 206 13
129 206 10
206 292 13
206 408 13
206 321 12
146 207 10
207 331 9
192 207 10
207 449 10
208 390 11
208 449 13
208 435 10
209 484 9
74 209 8
84 209 11
77 209 10
39 209 9
209 332 12
210 221 10
105 210 8
210 243 11
210 365 14
203 211 10
169 211 8
167 211 7
51 211 10
211 445 11
128 212 9
136 212 12
20 212 12
212 397 12
185 212 9
213 377 11
166 213 10
213 394 14
213 455 8
80 213 14
213 430 11
214 376 9
198 214 10
184 214 9
214 449 10
215 442 9
6 215 9
215 260 6
215 412 12
215 291 15
185 215 11
216 494 9
216 276 9
107 216 8
138 216 10
216 461 10
217 394 10
217 241 8
13 217 11
37 217 13
217 438 9
162 217 9
218 451 9
42 218 9
203 218 9
218 244 9
218 411 8
95 219 10
219 292 11
219 270 10
219 335 9
23 219 10
220 252 10
220 407 10
136 220 13
220 374 10
221 439 7
212 221 8
171 221 12
221 409 8
193 222 10
202 222 10
222 408 13
191 222 11
222 418 11
223 298 11
112 223 10
223 305 13
224 331 8
224 285 10
164 224 13
224 450 11
225 353 9
60 225 11
119 225 8
3 225 11
92 225 11
123 226 12
226 284 9
180 226 8
226 337 10
166 227 13
227 447 12
227 451 11
84 227 8
227 496 10
227 368 15
163 228 12
121 228 10
67 229 9
229 407 12
229 250 10
229 383 12
229 366 7
84 229 12
230 451 10
70 230 15
230 456 9
230 314 11
230 257 8
231 235 13
231 343 10
231 295 11
231 476 12
64 231 10
142 232 15
191 232 9
232 378 11
71 232 8
232 341 13
233 398 9
233 407 11
233 479 11
206 234 14
234 235 10
234 494 9
194 234 12
195 234 9
234 278 9
234 260 10
235 363 11
235 417 9
235 399 12
235 239 9
16 235 8
8 236 13
231 236 6
236 310 10
236 289 10
236 402 9
84 237 8
42 237 8
100 237 11
237 353 11
153 237 14
238 297 8
201 238 10
238 486 10
160 238 11
136 238 9
136 239 9
37 239 10
34 239 13
157 239 11
239 427 12
240 341 14
240 367 10
240 299 12
120 240 10
240 251 8
241 405 9
241 385 11
241 311 2
202 241 9
190 242 13
163 242 8
242 346 12
107 242 12
243 327 9
243 329 11
243 494 10
243 323 12
187 243 13
75 243 11
244 269 8
244 284 10
196 244 8
244 328 9
244 490 11
89 244 8
245 448 12
64 245 10
231 245 13
107 245 10
181 245 10
246 352 12
221 246 12
188 246 12
80 246 14
216 247 11
202 247 9
247 323 11
247 387 15
17 247 9
248 260 10
103 248 10
74 248 12
187 248 8
248 253 10
12 249 12
249 360 9
66 249 11
249 467 14
249 347 13
249 372 7
189 250 10
250 344 12
250 307 10
94 250 11
250 277 7
193 251 12
174 251 10
31 251 13
251 481 8
251 408 14
230 252 13
98 252 11
213 252 11
44 252 11
253 388 9
253 261 10
253 482 13
91 253 8
253 403 11
254 445 9
84 254 11
254 343 11
14 254 13
135 255 11
255 363 12
255 405 11
255 464 12
139 256 11
111 256 9
114 256 13
152 256 9
256 482 8
257 280 11
117 257 10
190 257 11
154 257 9
76 257 9
158 258 14
36 258 12
258 462 15
50 259 12
259 437 9
62 259 11
259 371 8
259 289 10
227 260 8
260 483 12
94 260 14
260 312 9
260 266 11
260 440 12
228 260 10
261 366 10
261 444 9
261 369 12
261 342 12
261 404 12
56 261 11
262 491 10
89 262 9
262 277 11
183 263 8
263 301 13
11 263 9
195 264 8
264 490 12
24 264 9
59 264 14
196 265 11
191 265 12
236 265 9
265 358 11
265 422 12
265 490 10
199 266 10
129 266 12
214 266 12
266 429 10
43 266 16
249 267 11
267 404 9
267 395 8
106 267 13
267 272 11
125 267 8
268 281 10
268 428 10
90 268 12
268 399 7
268 427 6
268 476 9
269 332 10
269 298 11
238 269 15
27 269 9
269 355 13
223 269 11
270 278 12
270 464 12
70 270 8
34 270 9
155 270 10
262 271 12
60 271 11
271 323 9
271 437 9
230 272 14
272 404 10
164 272 10
118 272 9
90 272 10
215 272 12
201 272 13
273 329 15
84 273 11
0 273 14
38 273 12
192 273 11
273 449 10
47 274 10
153 274 12
274 445 11
274 304 8
237 274 13
275 299 12
275 416 14
275 428 10
275 336 10
276 399 12
237 276 9
55 276 13
175 277 9
277 306 8
277 399 11
95 277 13
257 278 11
68 278 9
255 278 13
185 278 11
100 278 12
191 279 12
121 279 8
86 279 7
265 279 8
280 395 11
266 280 10
193 280 11
89 280 13
110 280 13
161 281 9
275 281 14
56 281 9
281 492 14
40 281 12
261 281 12
33 282 10
282 360 12
282 465 10
193 282 8
249 282 10
212 282 12
283 409 9
116 283 7
147 283 9
283 330 13
245 283 13
2 284 9
266 284 8
243 284 8
284 349 8
284 343 11
59 284 7
165 285 12
285 449 10
285 333 14
131 285 11
285 382 11
152 285 10
286 428 13
286 314 10
244 286 11
24 286 11
219 286 11
286 368 10
229 287 14
287 347 9
69 287 9
272 287 11
248 287 13
287 437 9
244 288 9
67 288 9
117 288 8
210 288 12
194 289 12
289 420 8
289 360 15
289 429 13
289 365 13
290 292 9
283 290 8
290 293 10
88 291 8
272 291 12
291 454 8
291 410 13
281 292 16
292 466 10
292 360 14
292 299 7
135 292 11
208 293 12
76 293 12
293 492 8
108 293 10
100 293 13
294 334 11
193 294 7
110 294 14
135 294 7
295 461 11
247 295 13
149 295 8
97 295 8
11 295 10
148 296 10
296 432 13
237 296 11
131 297 10
297 426 11
297 495 12
155 297 8
297 381 11
3 298 12
298 319 11
298 303 13
298 497 12
130 298 12
235 299 9
174 299 11
142 299 4
299 415 11
94 299 10
256 299 10
57 299 13
300 350 8
300 417 10
184 300 12
300 466 11
69 300 11
145 301 8
192 301 14
213 301 9
301 333 8
281 301 12
302 409 12
111 302 9
191 302 11
186 302 10
27 302 12
245 302 10
303 476 15
82 303 13
104 303 10
303 479 13
61 303 8
304 419 7
233 304 11
304 447 14
304 487 12
257 305 8
305 393 11
305 494 10
45 305 11
96 305 9
285 306 11
217 306 13
287 306 12
306 418 12
306 334 10
291 307 11
307 366 9
302 307 13
188 307 8
158 307 8
167 308 13
308 458 12
308 329 10
308 444 11
15 308 9
309 400 7
85 309 10
14 309 12
309 342 8
185 310 11
310 462 10
310 493 12
310 360 11
186 310 13
181 311 8
311 425 5
41 311 9
25 311 11
60 311 9
224 311 7
238 312 11
206 312 8
257 312 9
312 480 11
187 313 14
188 313 10
313 410 11
313 462 9
185 314 10
314 329 10
122 314 8
48 314 6
314 374 11
128 315 9
31 315 10
169 315 11
143 315 8
177 315 15
315 434 11
316 461 8
21 316 8
316 318 11
260 316 8
289 316 9
317 443 11
102 317 7
317 398 11
317 394 9
115 317 11
317 324 9
5 317 11
56 318 12
90 318 13
165 318 13
93 319 10
6 319 11
121 319 12
189 319 10
320 444 12
320 427 10
255 320 11
168 320 12
22 320 9
233 320 11
321 421 9
321 358 13
71 321 11
163 321 7
317 322 10
322 498 10
322 407 12
50 322 8
289 323 11
215 323 9
323 483 6
194 323 13
244 323 8
229 323 7
125 324 11
298 324 13
172 324 10
58 324 8
324 484 9
99 325 9
325 359 12
153 325 9
325 406 11
34 325 10
63 325 12
71 326 7
326 427 12
278 326 11
53 326 11
197 326 5
64 327 11
327 497 12
225 327 13
327 358 9
58 327 13
72 327 11
177 328 6
181 328 10
313 328 9
328 464 14
328 461 12
328 440 11
329 448 14
123 329 12
227 329 14
329 381 11
329 482 12
330 413 9
318 330 10
159 330 10
235 330 13
220 331 12
154 331 10
331 454 9
98 331 10
331 363 12
82 332 9
57 332 13
332 392 8
257 332 7
261 332 9
293 332 7
165 333 9
203 333 12
160 333 13
333 466 11
334 498 9
58 334 8
177 334 13
334 341 9
22 335 11
234 335 9
335 375 12
335 371 12
335 360 11
263 336 9
40 336 13
285 336 11
219 336 10
329 337 13
83 337 14
113 337 8
23 337 11
8 337 9
137 337 9
271 338 4
139 338 9
245 338 9
149 338 9
339 469 11
339 348 8
85 339 12
249 339 12
181 340 9
340 356 11
9 340 10
340 402 7
302 340 12
202 340 8
76 341 11
128 341 12
148 341 11
93 341 13
341 406 8
6 342 12
342 493 11
314 342 11
343 354 11
326 343 11
267 343 6
135 343 8
83 343 11
224 344 9
278 344 8
198 344 11
344 471 12
246 344 14
296 345 9
345 451 12
151 345 13
7 345 9
345 423 11
346 478 12
321 346 12
310 346 8
188 346 12
346 498 11
285 346 12
334 346 12
292 347 12
275 347 13
347 383 9
340 347 8
347 432 11
107 347 8
121 347 11
174 348 11
348 374 12
287 348 14
185 348 10
293 349 13
349 386 10
68 349 10
122 349 11
320 349 9
109 350 14
78 350 8
276 350 12
32 350 12
272 350 7
242 351 9
351 448 11
120 351 11
351 441 8
141 351 8
83 352 9
338 352 14
352 409 10
352 473 14
139 353 10
353 373 7
353 383 7
353 462 10
353 415 5
218 354 10
344 354 10
11 354 8
334 354 9
354 377 11
355 453 10
208 355 6
355 461 11
355 462 12
238 355 10
316 356 10
112 356 7
229 356 10
125 356 16
185 356 7
335 357 12
137 357 12
120 357 11
131 358 12
358 465 10
156 358 10
43 358 10
297 358 13
129 359 9
80 359 12
328 359 10
135 359 8
185 359 7
352 360 12
254 360 11
47 360 12
239 360 10
279 361 9
178 361 14
361 401 13
361 395 10
145 361 9
330 362 8
130 362 9
362 489 10
359 362 7
159 362 12
105 363 8
203 363 10
171 363 12
72 363 6
123 364 8
158 364 10
103 364 8
168 364 10
364 403 14
364 374 10
20 365 12
160 365 11
346 365 9
333 366 11
330 366 11
284 366 12
57 366 11
366 442 13
7 366 15
131 367 8
1 367 14
224 367 10
42 367 12
183 368 8
368 389 15
368 373 13
40 368 11
244 368 10
1 369 12
279 369 8
11 369 9
369 373 9
150 369 11
369 390 9
112 370 11
173 370 8
275 370 12
51 370 13
309 370 9
370 465 11
123 370 9
370 470 9
47 371 12
371 399 8
102 371 12
357 371 10
106 372 8
242 372 9
372 377 11
317 372 10
222 372 13
243 372 9
321 373 11
119 373 13
152 373 11
373 468 11
338 373 7
90 374 11
81 374 10
359 374 8
248 374 11
374 453 12
375 494 8
159 375 9
102 375 12
375 410 9
29 375 12
349 376 10
376 451 12
285 376 11
356 376 11
376 432 10
359 376 7
377 491 8
138 377 10
233 377 13
344 377 11
226 377 11
187 377 9
240 377 9
231 378 17
201 378 11
378 459 9
1 378 12
379 485 10
379 436 14
379 430 10
144 379 13
223 379 9
379 444 8
380 468 12
139 380 10
274 380 10
164 380 10
119 381 8
381 445 11
4 381 8
381 443 12
355 381 10
157 381 12
135 381 8
382 395 6
196 382 10
314 382 12
89 383 9
166 383 16
383 425 9
144 383 11
135 383 10
312 383 8
3 384 9
384 439 10
384 411 11
308 384 9
281 385 8
232 385 10
296 385 12
385 444 8
298 385 13
385 408 9
36 386 10
106 386 9
386 414 10
82 386 10
343 386 10
112 386 7
120 387 12
387 484 9
106 387 10
336 387 13
215 387 13
388 443 6
388 480 12
197 388 10
388 438 12
136 388 13
388 418 11
34 388 9
356 389 11
239 389 11
24 389 7
390 410 9
390 467 12
287 390 11
278 390 11
55 391 9
156 391 11
97 391 13
220 391 11
82 391 11
391 475 11
238 392 11
392 484 12
52 392 12
148 393 12
393 492 7
393 425 14
266 393 11
394 437 9
250 394 6
220 394 10
64 394 9
211 395 10
395 492 7
84 395 15
192 395 10
86 395 12
257 395 11
395 445 9
322 396 12
396 439 11
312 396 9
38 396 10
396 488 13
123 396 8
345 397 11
385 397 9
121 397 14
397 408 8
341 397 9
397 434 10
47 398 8
271 398 13
210 398 8
221 398 14
300 398 12
398 492 12
269 399 8
399 431 11
259 399 7
345 399 12
34 400 11
400 458 12
52 400 10
347 400 9
348 401 14
274 401 11
401 414 12
91 401 9
189 402 15
282 402 13
163 402 9
371 402 13
402 449 7
392 402 10
299 403 7
43 403 7
325 403 12
377 403 12
23 403 13
393 403 9
21 404 11
404 435 12
326 404 13
404 491 9
103 404 11
99 405 12
388 405 11
274 405 9
67 405 9
81 405 9
235 406 11
400 406 12
406 449 10
321 406 12
274 406 9
344 406 13
361 407 8
394 407 11
292 407 9
300 407 16
217 407 9
168 408 14
408 474 12
330 408 10
408 417 14
364 408 10
74 408 11
99 409 9
90 409 9
331 409 11
403 409 10
236 409 13
220 410 11
55 410 11
348 410 10
124 410 11
345 411 13
378 411 12
91 411 9
305 411 11
411 441 13
167 411 12
138 412 10
171 412 8
412 447 9
210 412 12
15 412 12
340 412 7
249 413 11
413 431 13
192 413 14
151 413 7
337 413 10
324 414 12
227 414 10
406 414 11
414 419 9
53 414 10
270 415 7
233 415 12
361 415 12
415 431 8
112 415 11
20 416 13
232 416 9
306 416 5
131 416 7
309 416 10
44 417 13
374 417 9
417 498 12
22 417 8
16 417 5
256 417 8
188 418 11
393 418 11
157 418 6
65 418 7
317 419 12
283 419 9
381 419 9
98 419 11
419 420 9
275 420 10
420 447 9
31 420 8
281 420 11
64 420 7
167 420 12
421 446 10
305 421 8
141 421 9
128 421 11
160 421 11
405 422 14
193 422 8
347 422 13
213 422 10
116 423 15
423 443 8
144 423 10
152 423 10
114 423 9
29 424 7
248 424 6
96 424 10
424 451 14
283 425 11
303 425 12
34 425 8
274 425 15
425 445 9
237 426 12
389 426 10
112 426 10
35 426 12
426 452 10
426 489 10
219 427 12
96 427 14
387 427 9
427 470 15
60 427 11
194 428 10
310 428 8
428 488 9
391 428 10
429 488 7
135 429 8
155 429 10
429 460 7
233 429 10
204 430 10
228 430 11
275 430 12
322 430 10
172 431 8
3 431 10
56 431 10
375 431 8
102 431 8
287 432 10
87 432 13
316 432 10
192 432 7
377 433 12
381 433 11
192 433 9
371 433 10
374 433 11
9 434 9
357 434 11
434 436 10
268 434 13
142 434 10
26 435 10
119 435 10
280 435 13
435 486 15
268 435 11
80 435 11
436 442 11
397 436 11
55 436 11
285 436 10
180 436 13
190 436 12
369 437 12
122 437 7
322 437 10
437 451 11
100 437 16
112 437 14
325 438 11
78 438 10
161 438 10
387 438 10
254 438 11
369 438 10
149 438 12
439 462 8
274 439 9
431 439 10
20 439 11
437 439 10
319 440 8
205 440 12
334 440 10
127 440 10
441 484 10
255 441 8
441 453 9
221 441 13
329 441 9
429 441 14
442 480 12
134 442 10
442 465 11
51 442 10
69 442 13
43 443 12
241 443 9
202 443 13
155 443 8
189 443 9
90 444 11
444 474 8
340 444 10
63 444 11
370 444 14
262 444 9
144 445 11
392 445 7
296 445 9
337 445 10
125 446 8
384 446 8
96 446 16
56 446 12
171 446 10
260 446 10
368 447 6
329 447 7
288 447 7
419 447 13
384 448 9
21 448 10
233 448 11
24 448 9
448 486 13
11 448 10
379 449 9
349 449 11
40 449 11
412 449 7
284 449 8
181 449 10
75 449 13
24 450 10
31 450 11
450 465 13
417 450 11
210 451 7
451 459 13
313 451 12
358 451 11
199 451 10
240 451 12
409 452 9
202 452 10
15 452 9
452 485 13
382 452 12
452 489 13
196 452 9
145 453 13
270 453 9
293 453 12
377 453 11
347 453 8
347 454 10
228 454 13
267 454 8
449 454 11
106 454 7
432 454 10
5 455 11
216 455 11
401 455 10
265 455 12
313 456 6
147 456 8
456 457 10
299 456 11
358 457 12
341 457 11
399 457 7
180 457 8
216 458 11
53 458 13
26 458 12
458 464 12
18 459 10
46 459 9
253 459 11
293 459 10
397 460 11
460 497 9
169 460 10
249 460 8
42 461 12
392 461 13
407 461 10
434 461 13
211 461 9
382 461 13
391 462 9
27 462 8
21 462 10
363 462 12
79 462 13
460 462 11
178 463 11
234 463 9
110 463 11
352 463 13
360 464 12
351 464 9
314 464 6
172 464 10
83 465 12
315 465 11
186 465 11
32 465 8
200 465 9
119 465 12
186 466 10
133 466 12
295 466 6
173 466 10
143 466 9
293 467 9
243 467 9
379 467 12
467 478 12
467 481 9
243 468 10
421 468 11
30 468 9
408 468 7
440 468 9
370 469 8
469 487 10
230 469 14
211 469 9
40 469 8
254 470 9
165 470 12
26 470 12
325 470 7
79 470 12
136 470 12
375 470 11
5 471 12
253 471 13
463 471 11
95 471 11
471 492 9
0 471 10
439 472 8
267 472 13
410 472 15
263 472 12
294 472 11
472 476 12
362 472 11
156 473 7
144 473 6
147 473 12
40 473 6
198 473 9
101 474 12
242 474 12
30 474 11
475 494 14
300 475 13
222 475 13
467 475 12
276 476 7
11 476 9
313 476 10
106 476 10
299 477 9
323 477 13
73 477 9
311 477 11
297 477 13
5 478 13
228 478 13
466 478 17
326 478 12
447 478 11
190 479 11
126 479 12
209 479 12
275 480 9
170 480 9
36 480 9
392 480 7
175 480 10
18 480 11
0 480 12
269 481 10
373 481 12
471 481 11
395 481 5
460 482 11
65 482 7
99 482 12
81 482 11
331 482 9
380 482 11
401 483 17
403 483 12
83 483 8
450 483 11
282 483 8
108 484 11
29 484 12
368 484 11
250 484 13
399 484 13
141 484 10
467 485 13
412 485 10
187 485 8
182 485 11
210 486 12
333 486 11
278 486 12
263 486 8
237 486 11
383 487 12
258 487 9
329 487 9
487 498 11
121 487 12
95 487 12
161 488 8
241 488 10
373 488 10
299 489 13
142 489 10
241 489 10
96 489 10
192 490 10
80 490 9
162 490 12
207 490 10
460 490 8
221 491 9
319 491 10
276 491 12
138 491 8
103 491 10
126 492 13
461 492 11
312 492 10
125 492 9
76 492 9
57 492 13
440 493 15
6 493 9
254 493 12
472 494 12
360 494 9
29 494 13
328 494 10
311 494 14
272 495 10
14 495 9
460 495 8
243 495 13
291 496 15
66 496 14
364 496 11
198 496 10
492 496 12
430 497 10
224 497 12
103 497 12
302 497 10
140 497 7
226 497 11
356 497 9
228 498 12
125 498 10
324 498 11
194 498 11
440 498 10
102 498 13
406 499 10
106 499 12
449 499 11
195 499 9
