500
0
4
5
8
2
3
7
8
2
9
8
10
2
7
10
7
1
7
4
8
3
10
6
6
1
6
6
3
5
3
4
8
4
8
3
5
6
7
3
8
4
9
9
5
2
3
1
6
1
4
6
4
4
9
9
1
9
9
6
8
7
4
9
3
2
7
3
5
5
3
8
8
3
8
4
2
9
6
2
6
3
4
1
6
6
4
3
4
3
5
7
2
9
6
2
8
10
1
8
6
8
7
7
3
3
3
10
1
3
4
4
7
4
8
9
9
9
9
6
4
4
10
8
10
9
2
9
8
1
1
8
6
6
4
5
2
4
5
3
3
8
2
4
7
2
6
4
7
2
9
9
2
6
8
2
4
5
5
7
4
3
6
3
1
9
4
9
9
6
7
5
8
10
8
6
2
3
5
3
3
9
5
8
7
9
4
2
6
2
3
8
2
5
7
2
9
2
3
4
7
7
5
2
8
9
8
10
2
8
2
7
6
10
2
8
1
8
7
5
4
7
2
2
1
4
9
8
4
3
9
4
2
7
7
3
6
10
7
5
5
10
6
7
7
6
2
6
5
9
5
2
5
9
2
1
5
9
7
7
2
3
7
6
8
5
2
3
5
3
3
5
2
9
8
3
6
3
10
8
3
2
5
3
6
8
10
5
6
4
6
4
7
3
5
6
2
1
5
10
9
10
4
3
7
9
8
1
5
3
6
10
5
10
8
3
4
2
4
7
3
6
3
5
8
3
1
2
5
4
9
5
10
5
1
7
10
10
10
7
2
2
10
10
7
5
6
4
3
8
5
2
6
6
6
9
6
4
7
6
2
8
3
6
5
4
4
1
4
6
4
2
3
8
2
5
5
6
2
3
8
7
6
3
8
8
3
4
6
10
8
5
1
5
3
8
5
1
8
4
2
6
6
6
5
9
2
7
7
6
2
8
10
8
8
5
9
2
4
7
9
8
4
7
1
9
8
3
9
3
7
3
1
8
8
4
9
1
2
7
7
10
6
3
2
2
5
10
10
3
4
8
1
6
2
8
9
4
8
3
7
9
10
8
6
7
9
8
2
6
7
3
5
7
2
6
7
3
7
8
8
5
6
3
4
8
7
6
8
7
4
8
8
9
8
6
8
1
1
4
9
0 102 10
0 477 14
0 382 13
0 75 10
0 187 7
1 19 11
1 246 10
1 227 11
1 243 9
1 288 11
1 167 11
1 404 10
2 220 13
2 155 10
2 307 11
2 390 5
2 495 12
3 493 9
3 136 8
3 370 9
3 379 11
4 41 10
4 412 10
4 367 6
4 155 8
5 54 8
5 349 9
5 163 9
5 463 13
5 215 10
5 38 8
6 377 9
6 199 12
6 114 9
6 323 15
6 102 9
6 236 11
7 38 7
7 416 10
7 90 10
7 391 11
7 64 11
8 442 11
8 328 10
8 56 12
8 126 11
9 95 7
9 344 10
9 353 9
9 118 11
9 470 9
10 363 6
10 186 13
10 366 10
10 194 9
10 179 10
11 229 11
11 435 14
11 493 9
11 380 11
11 263 10
12 480 9
12 14 9
12 59 9
12 178 9
12 41 9
5 12 11
12 429 10
13 171 11
13 396 13
13 230 12
13 496 12
12 13 10
13 427 7
3 13 14
14 231 9
14 460 9
14 365 13
14 141 13
14 481 8
15 261 10
15 79 9
15 496 13
16 356 13
16 30 10
16 70 12
16 157 11
16 31 11
16 169 11
17 450 9
17 447 11
17 387 8
17 46 16
17 272 15
17 354 11
18 87 14
18 138 11
18 41 8
18 166 10
18 104 12
18 411 13
19 26 7
19 95 12
6 19 8
20 257 7
20 280 10
8 20 10
20 474 9
20 305 11
21 328 10
21 426 11
21 492 11
21 176 11
21 482 10
21 109 9
22 69 13
22 175 8
22 275 10
22 400 10
22 252 15
23 127 8
23 46 11
23 209 12
23 80 8
23 351 11
24 127 12
24 132 10
24 61 12
24 317 10
24 225 10
25 106 12
25 129 12
25 205 13
25 250 9
25 97 9
26 221 10
26 351 14
26 186 9
26 411 9
26 335 11
27 104 11
27 181 9
27 463 13
27 488 9
27 288 9
28 132 11
28 204 9
28 66 9
28 255 8
29 182 10
29 292 12
16 29 12
29 296 11
29 151 11
30 55 10
30 321 12
30 99 16
30 421 13
9 30 9
31 497 11
31 390 6
31 111 11
31 222 13
31 273 12
32 386 10
32 449 12
32 370 13
33 474 9
33 121 9
33 172 12
33 233 12
34 164 13
34 45 9
34 270 11
34 446 8
34 120 10
35 396 12
35 138 8
35 423 10
35 428 11
36 216 11
36 43 9
36 440 10
2 36 10
36 420 11
36 55 11
36 118 12
37 265 10
37 350 8
37 393 15
37 59 10
37 101 9
37 164 11
38 63 11
38 262 12
38 66 10
38 82 13
39 96 9
32 39 7
39 276 11
39 105 11
39 279 15
40 269 9
40 274 7
40 379 8
40 347 7
40 389 12
40 429 11
41 420 11
41 207 9
29 41 13
41 195 13
17 41 11
41 323 9
35 42 11
42 371 10
42 327 10
42 427 14
43 105 8
43 166 10
43 143 11
44 186 11
44 251 13
44 242 7
44 222 10
30 44 12
44 325 12
45 109 9
45 141 10
45 359 7
8 45 6
11 45 11
45 55 7
45 327 11
46 85 10
46 250 9
46 243 10
46 147 9
47 241 9
47 303 11
20 47 10
47 273 10
47 225 11
48 258 12
48 217 11
48 450 9
48 411 12
48 233 8
49 305 11
49 277 10
49 449 10
49 415 12
50 301 8
50 324 9
50 214 10
13 51 11
51 120 7
51 99 7
51 387 10
52 289 13
52 441 11
52 138 9
52 485 12
52 415 11
53 308 13
11 53 11
53 473 11
53 159 11
53 112 11
41 54 9
54 66 12
54 457 14
55 444 14
55 377 13
19 55 13
55 307 14
56 119 11
56 304 10
56 252 9
56 311 9
56 369 11
57 63 11
57 132 8
54 57 12
58 474 11
58 489 9
58 112 11
58 185 9
58 100 11
58 254 11
58 284 6
59 269 13
59 287 11
59 142 11
59 71 8
60 473 11
60 325 9
60 480 12
60 129 11
60 482 11
60 128 9
61 350 12
61 112 13
61 475 9
61 94 11
61 255 11
62 131 10
62 426 8
62 109 12
62 263 11
62 425 7
62 195 7
52 62 12
63 399 11
63 132 12
23 63 8
63 113 13
63 343 9
64 160 8
64 253 12
64 192 12
64 237 12
64 333 9
64 477 10
64 295 12
65 109 10
65 476 7
65 246 11
65 324 9
65 452 11
65 149 10
66 253 8
66 452 10
66 209 10
66 449 7
66 167 10
64 67 11
67 427 11
67 71 11
67 339 10
68 384 12
68 244 6
68 360 8
68 222 14
69 144 10
69 145 8
69 474 14
69 97 10
69 237 9
70 125 12
70 476 11
70 326 14
70 286 12
70 473 10
71 499 10
71 184 9
71 495 10
71 386 10
45 72 9
72 395 10
72 405 12
72 263 11
73 317 11
73 125 8
73 216 8
73 419 9
73 273 14
74 379 14
74 324 14
58 74 9
74 413 13
6 74 11
74 306 5
75 140 14
75 183 11
61 75 7
75 166 10
76 212 11
30 76 11
76 112 10
76 205 11
77 109 9
77 462 11
77 122 10
77 367 14
78 209 10
78 476 11
78 134 9
78 273 11
78 147 10
75 78 11
79 184 11
79 399 10
79 201 10
79 415 11
79 280 10
80 243 11
80 461 16
80 471 9
80 420 13
14 80 10
81 178 12
66 81 11
81 266 12
81 345 12
28 81 12
81 82 11
82 312 11
63 82 8
82 450 13
82 178 7
82 225 12
83 256 10
83 424 14
83 427 12
83 231 13
8 83 11
11 83 11
84 268 12
84 94 12
84 188 15
84 273 9
84 481 12
85 472 11
85 405 12
85 420 11
86 234 10
66 86 11
86 295 10
87 420 11
13 87 12
87 368 13
87 172 9
87 363 6
17 88 13
6 88 10
88 197 11
88 385 11
88 134 8
89 134 9
89 496 8
89 122 8
89 239 12
89 457 8
90 443 10
85 90 10
90 342 13
90 309 11
90 402 13
90 324 11
91 425 10
91 412 8
91 471 10
91 125 9
91 193 12
32 91 9
6 91 17
92 150 9
92 258 7
56 92 11
92 256 9
93 270 10
93 318 15
93 332 11
93 264 11
93 408 8
1 94 9
94 492 12
94 408 11
94 104 10
94 103 11
94 95 8
27 94 12
95 330 10
95 213 10
95 104 8
96 298 11
96 363 11
62 96 7
96 390 16
96 382 14
97 301 10
97 444 8
97 260 11
97 325 11
98 142 13
98 431 9
98 167 12
61 98 12
99 145 11
99 361 12
58 99 14
99 445 10
9 99 11
99 153 9
100 333 6
100 289 11
100 495 10
16 101 13
101 188 16
36 101 10
101 133 10
102 422 10
102 278 13
80 102 10
102 485 9
102 230 10
102 159 11
48 103 12
103 309 7
76 103 10
84 104 12
104 126 11
104 105 12
104 473 15
104 153 10
75 104 9
105 214 8
105 457 10
105 181 11
105 195 9
106 329 13
91 106 12
106 451 11
106 137 11
106 415 12
79 106 12
106 190 10
106 156 8
107 308 11
1 107 11
107 132 8
31 107 11
107 196 12
107 172 8
107 109 11
5 108 12
108 309 13
108 432 12
108 289 13
3 108 8
109 470 13
109 412 10
109 485 16
109 221 10
109 493 12
107 110 7
110 427 13
110 234 8
110 436 8
110 206 7
111 255 12
90 111 13
111 138 10
111 300 10
43 112 11
112 176 12
112 299 13
112 435 9
112 155 10
113 176 10
113 433 12
113 232 14
113 481 9
114 115 11
114 432 12
114 192 13
114 492 9
114 121 9
114 210 11
114 164 11
115 268 10
14 115 12
115 157 5
25 115 9
115 347 7
116 229 9
116 246 10
116 272 10
116 247 13
116 176 7
116 469 12
31 117 11
11 117 10
104 117 14
117 178 11
19 117 8
118 152 10
0 118 12
118 306 10
2 118 9
118 292 11
119 320 10
119 456 9
119 225 10
119 131 14
119 388 14
120 309 11
120 321 10
120 327 8
120 414 10
58 120 11
71 120 11
120 412 10
121 446 10
121 359 8
54 121 8
121 151 11
96 121 9
75 122 10
122 381 11
122 129 7
122 135 12
122 427 13
123 318 10
123 275 12
123 321 11
123 410 13
111 123 9
123 319 9
30 124 10
124 438 8
124 219 11
124 332 12
81 124 10
124 468 11
125 358 10
125 154 12
125 262 13
125 180 10
125 329 5
126 318 13
61 126 13
126 273 13
69 126 7
91 127 10
119 127 8
127 464 11
13 127 10
123 128 10
128 412 13
128 369 10
128 281 11
28 128 10
128 241 8
129 379 8
129 252 8
98 129 11
130 454 14
130 171 11
130 302 11
130 206 12
130 478 11
131 316 9
131 318 9
131 199 7
131 466 10
131 222 14
131 277 14
132 404 11
87 132 13
132 347 10
132 470 11
132 191 12
132 461 8
133 470 12
115 133 12
133 198 14
133 160 9
133 465 12
133 194 11
134 407 10
30 134 8
41 134 12
134 385 8
134 412 13
134 477 9
134 453 10
135 139 13
40 135 11
135 208 10
135 249 11
136 420 8
136 486 8
136 203 9
29 137 14
137 443 12
137 388 9
137 453 10
138 437 15
138 332 12
138 233 11
138 182 11
138 259 7
139 255 9
139 149 16
139 236 8
140 237 8
140 288 7
140 435 12
140 455 11
140 199 9
35 141 8
141 420 13
141 427 11
141 346 9
141 158 9
142 451 11
142 152 13
142 376 8
143 441 8
61 143 11
143 176 7
143 366 12
109 144 9
45 144 12
144 178 12
144 223 9
144 150 13
145 317 12
145 282 11
145 432 13
145 402 11
145 376 11
145 278 11
26 145 12
146 328 11
146 225 10
124 146 11
101 146 11
147 202 10
147 348 12
147 417 12
148 318 14
148 365 10
38 148 8
148 326 8
47 149 11
149 375 11
50 149 11
149 355 10
149 446 8
149 314 10
150 247 9
150 181 10
150 165 12
56 150 9
21 150 10
151 348 8
151 474 8
151 242 15
149 151 7
94 151 12
152 264 7
39 152 6
152 486 10
152 445 9
152 292 9
152 325 11
153 313 9
153 404 11
153 399 10
30 153 12
153 382 13
78 153 12
154 432 10
154 347 12
150 154 10
154 181 11
28 154 10
155 410 10
155 323 8
155 192 10
155 421 7
156 237 7
156 163 13
156 292 11
122 156 9
156 197 9
84 156 10
104 157 6
84 157 11
151 157 12
33 158 7
158 367 12
158 185 12
8 158 11
133 158 11
159 367 14
159 390 12
159 471 8
128 159 10
160 456 11
33 160 11
155 160 13
160 334 10
160 458 11
160 178 14
161 452 13
16 161 12
161 454 11
142 161 8
162 396 11
162 267 10
162 416 14
152 162 12
162 443 12
163 498 12
163 445 10
163 323 13
163 239 14
29 163 14
20 163 10
164 250 9
58 164 13
164 194 8
164 189 8
165 459 15
165 315 12
165 390 10
155 165 10
165 336 10
166 188 15
166 381 11
166 198 12
116 166 10
167 273 10
122 167 11
77 167 12
151 167 10
42 167 5
167 187 11
168 192 7
33 168 10
168 272 11
24 168 10
169 342 9
82 169 12
169 436 9
95 169 10
169 335 11
135 169 12
170 307 15
170 248 7
170 475 11
170 236 12
170 451 11
171 308 11
171 434 12
171 416 13
171 279 10
103 172 11
172 284 9
172 266 6
173 410 7
62 173 9
173 256 12
29 173 11
173 231 9
173 398 12
5 174 8
174 240 13
137 174 14
174 332 10
89 174 10
175 238 8
159 175 10
175 330 10
175 314 13
175 261 9
175 317 10
170 176 10
176 261 12
176 289 10
66 176 8
176 369 9
177 477 11
177 286 9
177 205 9
177 219 9
38 177 11
177 195 10
178 355 11
178 282 11
94 178 10
9 178 8
95 179 13
179 287 10
179 427 13
179 380 10
179 328 11
180 478 10
72 180 6
136 180 10
2 181 11
156 181 12
123 181 12
108 181 13
182 476 9
182 352 8
182 340 11
135 182 14
26 183 8
85 183 11
183 310 12
183 367 9
183 264 14
124 183 10
184 427 11
184 439 10
184 303 13
184 188 10
185 372 6
185 236 10
142 185 12
185 194 11
185 412 9
23 185 13
80 186 12
186 421 10
186 366 8
186 439 9
58 187 11
173 187 9
187 422 12
187 313 11
135 187 10
3 187 11
188 202 12
188 427 12
188 233 9
31 188 11
114 188 9
188 293 7
4 189 12
189 435 8
75 189 8
13 189 12
189 404 12
189 446 9
190 468 11
190 284 10
190 486 10
190 266 9
163 190 10
191 216 11
96 191 13
191 298 10
191 448 12
192 417 10
192 280 10
158 192 10
192 419 10
193 359 10
193 363 12
193 409 12
194 198 9
194 209 8
194 384 14
194 228 16
195 362 10
16 195 11
196 490 11
196 419 10
196 404 11
6 196 12
16 197 11
197 479 10
197 495 11
148 197 10
197 206 12
197 380 12
135 197 7
198 334 9
198 375 8
198 445 9
72 199 14
199 399 11
199 338 9
96 199 10
199 231 8
200 488 11
200 235 7
112 200 12
63 200 11
201 446 11
201 353 12
201 460 8
201 364 6
201 374 8
25 201 7
202 213 10
202 243 9
202 445 13
21 202 10
202 221 12
203 280 9
56 203 11
203 298 11
34 203 10
203 345 13
203 453 12
204 349 12
204 374 9
64 204 12
205 340 9
205 260 12
82 205 9
205 373 13
205 423 12
206 314 13
206 239 9
206 488 10
115 206 8
206 398 11
76 206 13
204 207 12
207 464 9
207 392 10
207 488 10
145 207 7
109 207 13
208 302 10
42 208 13
158 208 13
14 208 12
208 422 9
37 209 11
209 357 12
59 209 11
209 421 9
50 209 10
170 209 12
210 424 7
68 210 9
52 210 15
210 480 7
122 210 13
150 211 10
211 258 13
153 211 11
201 211 12
211 359 12
41 211 11
152 211 11
178 212 11
212 451 11
212 441 12
158 212 15
136 213 12
16 213 12
213 293 11
213 449 12
201 213 7
196 214 11
214 321 7
99 214 10
214 342 10
183 214 10
191 214 12
10 215 11
215 313 6
215 223 5
68 215 8
215 226 11
216 282 9
216 473 10
187 216 11
216 443 10
136 216 12
184 216 9
216 440 13
217 263 10
217 349 9
217 374 7
217 429 12
165 217 8
217 467 9
40 218 10
218 404 10
218 466 12
55 218 9
219 464 9
219 363 11
204 219 12
219 444 10
217 219 11
220 438 13
191 220 7
220 251 11
220 392 15
110 220 9
221 386 10
221 354 12
51 221 13
131 221 9
110 221 11
221 262 13
222 323 7
2 222 6
222 306 9
222 356 14
216 223 8
212 223 8
223 309 7
223 363 9
223 328 7
223 247 10
115 223 10
224 335 11
121 224 9
224 370 11
107 224 13
225 451 12
225 356 13
66 225 14
225 398 12
99 225 8
35 226 11
226 414 13
216 226 12
226 435 13
14 226 12
226 326 11
31 226 14
52 227 9
227 481 4
227 475 11
227 467 10
227 325 12
66 227 14
227 457 9
228 378 10
128 228 14
13 228 7
228 489 12
202 228 12
229 386 6
229 333 10
210 229 10
40 229 13
162 229 12
175 229 13
135 230 10
62 230 8
230 266 12
230 343 9
231 412 13
231 249 12
183 231 12
231 456 10
176 231 7
231 328 11
24 232 13
17 232 11
232 272 12
217 232 11
232 471 10
29 232 9
185 232 11
120 233 13
233 377 7
128 233 14
65 233 11
232 233 7
233 251 9
234 409 12
234 356 8
234 456 11
96 234 11
234 440 12
39 234 14
235 292 12
235 467 9
235 447 12
235 351 9
158 235 12
140 236 11
236 240 13
237 287 6
237 467 9
216 237 10
237 367 10
231 237 12
237 425 10
200 238 12
79 238 11
53 238 9
238 379 13
238 246 9
176 238 15
239 274 12
133 239 4
239 492 8
239 481 10
239 395 9
197 240 7
98 240 12
240 406 10
240 397 9
240 373 11
240 461 9
20 241 11
241 432 8
241 384 12
241 323 10
241 392 13
242 299 15
155 242 12
242 303 7
242 267 10
242 364 10
54 242 11
6 242 12
243 247 13
141 243 10
164 243 11
54 243 12
241 243 11
38 244 15
113 244 10
244 493 11
244 352 11
244 370 9
245 473 12
103 245 10
245 264 10
29 245 10
245 309 10
245 413 9
120 246 14
246 367 9
105 246 12
246 438 15
247 285 6
107 247 7
18 247 10
247 377 10
238 247 10
97 247 10
160 248 11
248 255 9
248 340 8
248 260 11
12 248 12
248 337 9
249 294 10
249 282 14
238 249 8
249 322 12
91 249 12
3 249 13
250 281 10
17 250 9
180 250 14
217 250 12
250 465 10
245 250 10
251 437 8
245 251 14
251 256 13
251 300 10
58 252 9
252 392 8
252 315 10
11 252 10
252 297 7
83 253 10
215 253 15
21 253 11
254 489 10
254 498 8
254 427 10
195 254 9
254 333 9
254 322 13
198 254 12
127 255 13
205 255 9
78 255 13
204 255 12
85 255 7
256 382 15
119 256 9
256 472 10
256 447 11
144 257 9
223 257 7
30 257 8
98 257 13
257 417 11
83 258 10
81 258 7
175 258 10
258 310 9
145 258 10
259 401 11
251 259 13
227 259 9
259 346 9
259 472 11
259 320 10
109 259 11
260 448 10
140 260 9
235 260 8
251 260 10
261 330 10
187 261 9
73 261 12
261 323 9
56 261 9
262 416 11
262 285 7
141 263 12
263 337 11
263 284 10
263 380 11
178 263 12
232 264 11
37 264 10
15 264 12
264 349 12
38 264 10
264 464 8
117 265 10
265 480 10
95 265 9
122 265 11
265 324 11
266 351 12
266 305 4
222 266 10
212 266 11
255 266 10
266 407 10
267 419 12
48 267 10
84 267 8
178 268 13
54 268 10
268 432 12
107 268 10
269 316 9
35 269 10
255 269 8
256 269 9
134 270 9
11 270 9
270 417 9
219 270 11
253 270 10
270 373 9
270 478 10
68 271 14
269 271 14
271 412 12
271 349 11
272 332 10
272 283 11
155 272 9
272 401 11
272 449 16
272 274 12
212 272 11
272 357 10
200 273 9
226 273 11
273 345 10
65 273 12
273 352 12
243 274 11
274 334 12
274 476 11
274 442 8
104 274 11
20 274 8
79 275 13
208 275 12
275 322 11
21 275 10
96 276 10
178 276 13
177 276 11
276 397 10
202 276 10
135 276 10
206 276 10
36 277 9
277 324 11
277 457 13
17 277 6
263 277 8
48 277 12
278 279 11
278 445 11
278 372 7
278 436 9
278 464 14
226 278 8
95 279 9
60 279 7
279 367 14
279 352 14
91 279 10
128 280 9
107 280 11
278 280 13
280 410 11
280 348 11
159 280 11
38 280 12
281 403 13
11 281 10
281 359 10
86 281 6
282 338 11
12 282 10
282 323 10
209 282 10
189 282 11
251 283 9
237 283 13
283 311 11
283 483 8
35 283 13
284 415 14
75 284 10
179 284 8
284 344 9
274 285 13
285 369 11
226 285 10
285 401 14
144 285 10
125 286 6
205 286 11
286 412 13
286 494 7
234 287 6
287 295 13
287 289 11
287 407 10
233 287 9
288 323 10
288 381 11
288 475 15
16 288 10
288 460 10
289 349 8
124 289 10
289 404 9
214 289 11
261 289 8
250 290 9
290 365 9
290 417 9
21 290 11
177 290 11
5 291 13
265 291 10
253 291 11
57 291 8
258 291 8
291 497 8
25 291 12
122 292 8
268 292 8
129 292 8
292 420 13
193 292 13
293 457 11
293 323 7
92 293 12
62 293 9
105 293 12
294 368 10
294 388 10
44 294 8
294 420 14
294 448 12
83 295 8
31 295 9
59 295 8
168 295 12
295 326 11
135 295 11
295 359 6
4 296 9
296 484 10
276 296 9
139 296 11
296 324 11
10 297 10
297 352 13
297 356 8
297 381 14
298 479 12
250 298 9
258 298 9
149 298 13
299 468 13
299 388 12
114 299 10
197 300 8
300 346 12
300 429 13
300 478 10
301 328 5
301 450 9
301 435 13
211 301 9
15 301 11
301 482 10
301 454 10
302 366 11
285 302 10
302 379 12
170 302 8
211 302 8
265 302 9
303 473 14
99 303 11
127 303 10
1 303 12
37 303 7
304 353 10
304 323 13
127 304 11
259 304 11
235 304 11
261 305 10
305 411 9
25 305 10
21 305 10
265 305 9
300 306 13
53 306 8
135 306 9
254 306 7
307 363 16
121 307 10
307 447 11
255 307 15
135 308 10
9 308 12
98 308 7
308 323 12
96 309 9
309 497 13
309 400 12
131 309 11
38 309 15
111 309 8
310 383 12
292 310 11
310 410 9
310 389 12
311 444 9
103 311 10
30 311 12
311 411 15
311 391 14
254 311 11
19 311 10
30 312 10
312 429 8
312 422 11
225 312 12
92 312 9
312 464 9
219 313 10
189 313 10
313 379 8
140 313 11
115 313 8
314 486 10
292 314 9
314 482 10
3 314 15
289 314 12
315 344 14
315 320 8
315 368 9
315 481 14
21 315 8
267 315 8
123 315 10
316 339 10
316 333 9
316 327 11
316 382 8
316 483 5
6 316 10
187 317 9
286 317 10
317 324 10
317 476 10
160 317 8
137 317 12
317 414 12
317 334 10
191 318 8
139 318 11
318 328 11
80 318 10
318 442 9
319 419 9
235 319 11
302 319 6
319 390 12
205 319 15
319 450 10
298 320 13
159 320 10
209 320 9
160 320 12
308 320 12
321 389 11
279 321 10
321 404 13
40 322 8
150 322 10
210 322 12
306 322 11
15 322 11
322 471 9
323 337 10
323 342 7
323 412 13
323 491 9
78 324 12
258 324 13
249 324 10
76 324 9
324 375 11
35 325 11
259 325 10
325 472 9
325 359 9
66 325 10
238 325 8
326 377 10
326 384 8
326 445 7
80 326 10
271 326 12
327 419 8
231 327 9
62 327 9
327 373 13
75 327 10
251 328 9
180 328 6
328 498 14
4 328 9
299 328 11
328 441 10
89 329 11
329 386 7
91 329 11
104 329 15
330 419 11
202 330 13
62 331 13
195 331 11
331 443 8
140 331 10
331 379 11
331 378 8
256 332 5
117 332 8
283 332 10
65 332 11
274 332 11
333 483 9
48 333 9
140 333 8
333 437 11
333 371 10
82 334 9
334 452 7
266 334 9
21 334 13
252 335 12
335 425 10
151 335 12
335 351 10
142 335 12
266 335 10
31 336 10
154 336 9
73 336 9
146 336 12
62 336 11
242 336 11
45 337 9
249 337 9
138 337 11
337 426 10
93 337 8
337 441 12
96 338 11
218 338 11
338 399 14
308 339 16
155 339 10
23 339 8
339 374 10
339 369 11
339 375 11
40 340 8
27 340 6
138 340 10
340 373 13
341 381 10
195 341 12
198 341 13
277 341 11
341 384 14
257 342 9
342 444 11
283 342 11
342 398 11
72 343 13
153 343 11
51 343 10
224 343 11
296 344 13
120 344 10
344 375 10
112 344 9
103 344 13
236 344 10
155 345 9
345 346 10
32 345 13
332 345 10
94 346 11
346 394 8
122 346 13
236 346 13
325 346 10
202 346 10
302 347 13
347 431 11
279 347 10
219 347 8
347 397 8
0 347 10
348 396 9
346 348 11
220 348 12
31 348 12
259 349 12
110 349 13
202 349 13
173 349 12
95 350 12
350 403 14
350 354 10
207 350 11
350 451 10
350 488 9
14 350 12
249 351 8
351 408 8
174 351 12
181 351 12
120 352 12
49 352 11
74 352 14
47 352 8
352 399 10
0 353 11
79 353 11
353 400 6
278 353 8
290 354 10
354 477 12
82 354 10
181 354 10
99 354 7
179 355 9
289 355 9
221 355 12
355 481 7
151 355 12
319 356 8
29 356 8
163 356 14
356 466 12
356 387 11
312 356 8
356 475 10
338 357 11
335 357 13
357 442 11
186 357 13
357 463 8
358 395 12
307 358 9
358 378 8
20 358 12
89 358 10
359 415 8
359 451 12
29 359 12
20 359 13
317 359 11
360 437 11
360 399 8
219 360 12
225 360 11
173 360 10
152 361 12
54 361 7
199 361 7
86 361 8
200 361 7
362 434 9
29 362 12
279 362 10
176 362 9
362 414 11
184 362 9
363 427 10
214 363 11
194 363 11
184 363 10
363 497 13
126 363 11
127 364 7
170 364 11
145 364 8
221 364 12
53 364 11
68 364 12
339 365 9
365 489 5
37 365 7
101 365 11
365 372 10
312 366 9
366 369 10
38 366 9
248 366 9
137 366 11
106 367 10
335 367 11
131 367 12
280 367 12
218 367 11
117 367 15
368 475 9
256 368 12
368 448 11
244 368 11
15 368 11
368 370 9
369 498 9
13 369 8
304 369 10
112 369 10
167 369 13
362 370 9
236 370 14
2 370 10
370 405 10
250 370 6
370 492 9
371 397 10
371 437 10
72 371 12
336 371 8
107 371 12
238 372 11
126 372 10
372 388 8
372 440 13
300 373 10
373 466 9
373 439 12
163 374 14
338 374 10
266 374 10
119 374 11
287 374 13
134 375 9
375 385 10
375 491 10
233 375 10
239 375 10
107 375 11
151 376 13
329 376 7
62 376 10
149 376 8
376 421 8
110 376 13
377 415 12
234 377 10
313 377 9
377 447 10
235 378 8
34 378 11
378 395 13
46 378 6
378 468 7
348 378 10
307 379 9
192 379 9
379 416 11
125 379 11
379 411 11
278 379 7
273 380 10
380 441 10
308 380 11
123 381 10
119 381 12
322 381 12
78 381 14
330 381 8
382 442 8
21 382 11
382 402 10
252 382 8
305 382 12
382 493 7
130 383 12
383 496 8
383 472 10
383 495 12
134 383 10
127 384 12
384 463 10
384 426 11
21 384 12
339 384 8
379 385 9
317 385 15
385 458 11
184 385 11
385 472 14
386 409 15
137 386 11
136 386 11
269 386 12
177 387 8
40 387 13
55 387 10
295 387 11
387 476 5
388 440 12
142 388 8
378 388 12
342 388 8
226 388 11
164 389 13
221 389 11
145 389 12
122 389 10
70 389 10
187 390 11
95 390 11
54 390 13
314 390 12
151 391 8
350 391 10
391 478 11
218 391 15
183 391 14
370 392 11
392 431 9
244 392 9
392 459 11
392 424 11
270 393 7
8 393 11
214 393 12
326 393 7
34 393 10
394 436 11
394 470 9
33 394 12
394 482 7
99 394 6
395 419 8
395 456 8
395 455 8
395 405 15
390 395 11
124 396 10
181 396 12
396 417 10
184 396 11
3 396 14
174 396 11
397 426 11
397 424 8
265 397 9
148 397 11
252 397 11
263 397 11
398 444 10
105 398 8
112 398 12
209 398 9
144 398 7
355 398 9
356 399 10
227 399 11
399 400 13
268 399 11
399 454 9
379 400 16
280 400 8
121 400 12
330 400 10
228 400 10
331 400 12
401 482 9
366 401 14
401 438 13
401 453 10
207 401 9
127 401 11
43 402 10
402 462 12
21 402 13
72 402 7
403 437 10
193 403 11
372 403 10
325 403 12
403 438 11
404 489 10
142 404 7
37 404 14
87 404 10
99 404 10
404 472 8
165 405 14
207 405 10
346 405 13
318 405 11
121 406 13
313 406 12
116 406 9
103 407 9
123 407 13
86 407 5
192 407 9
337 408 13
53 408 9
194 408 12
126 408 13
408 483 11
66 408 11
264 409 13
59 409 14
110 409 13
237 409 13
152 409 11
331 410 8
410 420 11
248 410 9
410 476 11
256 410 10
181 411 9
411 486 9
411 478 10
282 411 16
256 411 12
226 411 15
412 434 11
105 412 11
190 412 9
40 412 8
308 412 12
76 413 10
413 494 9
332 413 10
413 483 6
54 413 7
413 428 11
410 413 10
244 414 11
5 414 10
414 490 10
385 414 8
161 415 12
181 415 14
68 415 8
272 415 8
50 415 8
32 415 11
375 415 10
210 416 8
30 416 11
416 445 11
416 420 11
166 416 12
115 416 9
137 416 9
369 417 10
174 417 14
417 430 11
362 417 9
233 417 9
180 418 11
418 439 10
347 418 9
206 418 11
419 460 7
43 419 9
314 419 10
152 419 12
36 419 9
86 419 13
311 420 12
419 420 9
420 428 8
420 499 13
297 420 8
206 421 10
348 421 11
421 432 14
398 421 12
88 421 12
220 422 11
88 422 11
422 448 12
411 422 15
225 422 6
349 422 10
423 495 13
161 423 12
423 482 12
89 423 9
424 479 10
133 424 11
414 424 9
319 424 7
424 496 13
278 424 11
79 424 11
192 425 14
125 425 9
54 425 6
283 425 9
178 425 12
177 426 15
333 426 10
208 426 10
41 426 10
263 427 10
427 495 14
4 427 8
334 427 8
388 427 12
245 427 10
30 428 11
61 428 9
382 428 11
69 428 12
199 428 16
429 472 10
429 446 10
81 429 8
429 493 12
430 490 9
135 430 12
413 430 8
32 430 16
145 430 9
154 431 11
202 431 10
155 431 12
275 431 9
432 451 9
102 432 7
274 432 10
136 432 10
15 432 11
432 455 10
132 433 10
71 433 11
389 433 13
234 433 9
112 433 8
53 433 8
333 434 13
290 434 10
434 496 11
372 434 9
374 434 10
8 435 8
363 435 8
118 435 9
435 441 11
205 435 12
9 436 9
18 436 12
436 457 10
412 436 10
142 436 11
211 436 10
402 437 12
287 437 14
72 437 12
198 437 13
437 457 12
293 438 11
377 438 12
222 438 9
392 438 10
137 438 11
333 439 14
98 439 13
297 439 11
153 439 8
173 440 10
17 440 8
199 440 11
440 455 8
352 440 12
59 441 10
148 441 12
176 441 12
441 478 10
149 441 7
211 442 12
27 442 12
207 442 10
1 442 12
424 442 9
68 443 9
57 443 11
191 443 13
146 443 8
387 443 10
84 444 12
355 444 7
444 469 9
391 444 11
172 444 11
444 455 12
316 445 10
116 445 11
400 445 12
369 445 10
96 446 12
443 446 6
327 446 15
260 446 14
106 447 10
132 447 13
174 447 7
200 447 9
210 447 7
182 448 9
117 448 11
248 448 12
188 448 10
200 448 12
343 448 9
141 449 10
227 449 13
333 449 10
133 449 12
372 450 8
273 450 16
450 478 9
450 461 14
234 450 9
350 450 8
129 451 13
451 470 14
348 451 11
189 451 10
95 451 8
313 451 13
395 451 11
452 459 9
173 452 12
49 452 12
99 452 6
132 453 10
172 453 13
200 453 7
317 453 10
279 453 12
304 454 7
454 481 12
387 454 11
194 454 13
455 473 9
126 455 13
431 455 5
20 455 11
339 455 13
275 455 14
296 456 15
353 456 11
452 456 9
65 456 11
392 457 11
56 457 8
64 457 13
374 457 10
353 457 11
221 458 8
216 458 14
151 458 11
89 458 9
242 458 13
5 459 11
17 459 11
333 459 12
459 467 15
37 460 13
369 460 14
173 460 10
124 460 13
65 460 11
383 460 9
461 471 8
167 461 11
401 461 12
159 461 9
137 461 9
410 462 9
100 462 11
421 462 9
462 475 10
54 463 13
41 463 13
152 463 10
405 463 12
283 463 9
13 463 8
439 464 8
40 464 12
34 464 12
240 464 10
437 464 9
328 465 11
286 465 14
465 473 9
33 465 14
94 466 9
25 466 12
38 466 12
466 471 11
169 466 7
357 466 9
154 467 12
348 467 10
467 488 11
330 467 7
313 467 7
88 467 9
40 468 9
468 475 12
126 468 8
129 468 10
150 469 17
242 469 8
249 469 8
396 469 8
392 469 12
447 469 9
182 470 12
432 470 12
234 470 11
422 470 13
208 470 12
250 470 11
333 471 6
221 471 13
357 471 13
225 471 11
44 471 10
196 472 8
24 472 13
177 472 10
472 476 10
255 472 11
105 472 10
28 473 12
275 473 12
26 473 12
290 473 12
446 473 8
237 473 9
224 474 14
188 474 12
261 474 13
326 475 10
306 475 10
225 475 10
92 475 12
104 475 12
476 490 11
342 476 10
152 476 14
102 476 14
216 476 11
132 476 9
277 477 11
119 477 13
282 477 11
7 477 13
93 477 10
478 481 7
55 478 7
437 478 11
203 479 12
479 495 9
409 479 11
304 479 12
204 479 14
232 479 11
358 479 11
328 480 8
119 480 13
480 485 9
151 480 11
65 480 11
225 480 12
359 481 9
452 481 12
305 481 10
69 481 8
307 481 11
3 481 9
118 482 7
124 482 8
374 482 8
382 482 14
435 482 9
232 483 10
33 483 12
139 483 9
309 483 9
477 483 8
442 484 12
300 484 10
472 484 11
74 484 9
16 484 9
111 484 11
82 485 8
461 485 12
269 485 10
178 485 14
122 485 12
177 486 12
470 486 8
287 486 9
198 487 13
17 487 15
187 487 9
40 487 7
345 488 12
168 488 8
252 488 12
19 488 13
482 488 11
226 488 12
149 489 11
484 489 13
440 489 9
309 489 11
131 489 9
345 490 10
244 490 10
91 490 11
332 490 11
423 490 13
174 491 11
389 491 13
390 491 9
245 491 9
411 492 11
174 492 11
389 492 9
391 492 11
420 492 11
384 492 8
319 493 9
267 493 8
96 494 12
389 494 9
65 494 11
168 494 12
283 494 12
362 495 8
45 495 9
130 495 14
306 495 9
93 495 10
212 496 12
19 496 10
388 496 14
134 496 11
383 497 12
337 497 13
167 497 11
329 497 8
495 497 10
128 497 10
239 497 7
335 498 10
361 498 8
477 498 11
237 498 7
307 498 13
183 499 14
127 499 7
406 499 11
298 499 9
