500
0
7
9
5
2
4
4
7
4
4
7
9
1
9
6
10
8
3
1
8
8
9
9
1
1
4
7
3
4
6
8
9
2
2
7
8
3
10
7
7
6
8
10
7
9
9
3
7
6
8
5
10
2
8
3
2
6
4
3
9
6
6
4
2
4
8
4
2
2
10
7
1
3
1
8
2
5
6
9
2
1
5
9
5
3
9
7
3
9
2
6
3
9
8
4
7
7
2
6
2
6
10
2
2
2
8
6
6
10
2
2
5
3
6
9
6
10
7
6
1
1
4
3
9
10
6
5
7
7
5
8
9
7
2
6
8
1
6
3
4
10
9
7
8
3
1
1
5
4
7
2
4
5
6
9
7
7
2
4
6
8
9
2
5
4
10
2
7
3
10
2
9
6
4
3
2
6
4
8
5
4
2
3
6
2
2
10
8
7
7
8
3
5
3
4
6
9
2
3
6
9
10
7
5
10
7
2
9
9
1
2
7
2
9
2
3
5
10
8
9
3
8
10
7
10
3
9
2
9
9
8
1
8
7
5
6
5
3
7
9
9
10
2
8
4
3
7
8
2
9
3
4
6
6
8
5
7
7
8
9
3
2
2
10
2
9
10
2
3
1
9
4
5
7
4
1
1
8
10
5
4
5
5
6
6
3
9
4
4
2
2
7
5
2
9
3
6
5
7
7
8
8
9
7
6
5
3
6
1
2
3
3
5
5
6
3
9
2
10
4
10
9
3
1
6
4
6
4
6
4
4
6
9
4
3
1
4
1
4
3
1
4
3
7
3
9
8
7
9
6
3
8
9
5
8
2
9
3
7
6
9
1
8
2
4
4
5
2
6
2
6
9
3
6
7
6
10
8
4
9
5
6
3
4
1
4
7
8
7
6
5
8
7
9
9
6
5
3
3
5
3
6
1
8
7
3
4
4
2
2
7
5
1
9
2
2
7
4
7
2
6
6
8
4
1
7
1
5
9
7
4
3
4
5
8
5
5
9
4
6
4
6
3
4
9
3
4
3
7
1
9
9
8
3
9
3
2
3
4
4
9
9
4
6
6
6
6
8
4
9
4
9
10
1
2
6
3
4
7
9
5
1
6
8
2
9
8
7
7
6
5
2
10
9
9
4
5
9
6
3
0 340 8
0 427 11
0 46 14
0 203 13
1 128 10
1 2 8
1 274 10
1 135 9
1 360 11
2 442 15
2 119 10
2 21 8
2 153 12
2 27 12
3 157 10
3 469 12
3 330 12
3 148 14
4 251 10
4 486 11
4 109 12
4 155 12
4 477 9
4 347 8
5 9 7
5 183 11
5 204 11
5 438 9
5 171 12
6 247 11
6 60 10
6 163 8
6 416 10
6 375 8
6 332 17
7 323 10
7 471 14
7 243 10
7 28 8
7 83 12
8 246 10
8 284 12
8 197 12
8 464 13
8 218 9
9 119 9
9 496 11
9 19 10
4 9 12
9 66 7
10 216 11
10 88 13
10 213 11
10 491 9
10 355 9
10 112 10
11 21 13
11 169 13
11 188 6
11 146 7
11 227 7
12 383 8
12 402 12
12 204 12
12 381 11
12 306 9
12 316 8
13 277 11
13 418 6
13 42 10
13 232 11
13 407 9
14 288 11
14 133 11
14 117 11
14 197 7
14 388 11
15 276 9
3 15 8
15 95 7
15 184 10
15 180 13
9 16 12
16 426 6
16 485 13
16 376 9
16 129 12
16 361 15
17 405 9
17 478 10
17 235 13
17 360 14
18 165 9
18 294 10
18 128 13
18 261 12
18 330 8
18 412 10
19 193 12
19 325 11
8 19 11
19 145 12
19 289 11
20 244 13
20 252 8
20 450 8
20 240 12
20 387 11
21 63 9
21 23 11
21 420 8
21 165 12
22 389 10
22 338 9
22 33 15
22 34 9
23 73 9
23 396 10
23 70 10
23 446 11
23 384 12
23 64 11
24 190 9
24 195 11
24 121 13
24 89 9
24 302 11
25 321 11
25 287 6
25 462 10
25 193 12
25 210 13
26 176 13
26 433 8
26 429 12
26 148 10
27 217 11
27 347 11
22 27 11
27 279 14
27 323 14
28 163 13
28 181 11
28 478 11
28 384 11
28 366 11
29 407 7
29 305 13
29 434 7
29 312 10
7 29 11
30 475 7
30 145 9
30 346 12
30 131 11
30 274 9
31 183 9
16 31 13
25 31 13
31 84 8
31 324 12
31 68 13
32 461 7
32 170 10
32 129 11
32 34 10
26 32 12
33 67 9
33 358 13
33 138 13
33 206 12
33 90 6
34 413 9
34 73 11
34 402 6
14 34 12
34 128 10
34 92 11
34 328 11
34 277 11
35 242 11
35 171 13
35 377 13
35 215 12
8 35 12
35 388 9
36 483 9
36 201 12
36 133 12
36 443 13
37 246 6
37 192 12
37 177 11
37 222 14
37 166 11
38 294 12
38 203 12
38 67 11
38 262 10
16 38 13
38 242 10
39 419 10
39 187 9
39 259 8
39 455 9
40 441 12
40 283 9
40 310 13
40 59 10
40 240 11
40 436 12
41 448 12
41 133 11
41 195 12
41 156 12
41 65 14
41 271 8
42 249 6
42 453 10
42 266 7
42 176 10
43 406 11
19 43 9
43 309 12
43 191 6
44 114 13
44 253 13
44 213 9
44 434 9
44 385 9
44 354 12
44 45 10
45 90 8
45 368 11
45 174 11
45 497 12
46 89 12
46 407 11
46 374 10
46 434 10
46 362 9
46 49 9
47 149 11
47 136 11
47 403 8
47 151 12
47 434 10
47 137 10
48 89 12
48 112 12
48 415 13
35 48 9
48 417 12
49 115 10
49 460 11
49 405 10
49 131 6
23 49 9
50 480 12
50 359 10
50 471 8
2 50 10
51 365 8
51 136 12
51 350 9
12 51 11
51 284 10
51 66 12
52 310 13
52 290 15
52 407 9
40 52 11
52 444 11
52 287 10
53 260 10
53 73 9
53 54 8
54 176 9
54 73 14
54 333 9
54 356 10
54 60 12
11 55 10
55 243 12
55 212 9
55 301 9
55 424 11
56 241 11
56 259 8
56 459 10
56 178 11
56 478 9
57 86 14
57 495 9
57 313 12
57 215 16
58 440 11
58 239 14
58 88 11
58 163 10
58 349 15
58 78 11
58 476 10
59 196 16
59 458 8
44 59 8
59 64 10
59 490 10
60 290 13
60 461 11
60 493 9
60 200 10
60 78 6
61 110 9
19 61 11
61 329 10
61 365 8
62 87 9
62 160 10
62 251 11
63 432 9
63 296 9
40 63 10
63 244 9
63 236 10
60 63 11
64 186 10
64 488 7
64 424 10
64 482 14
64 71 13
65 171 9
65 293 13
65 435 11
65 271 13
66 291 11
66 427 9
66 198 11
13 66 10
66 457 11
5 67 9
67 459 10
67 481 15
67 437 7
56 68 8
12 68 9
68 477 11
68 112 10
69 405 9
69 189 8
69 388 10
69 454 10
69 191 10
69 199 12
70 129 9
70 478 10
70 196 10
2 70 7
70 73 9
70 265 10
70 234 12
63 71 10
71 371 8
71 193 10
71 305 9
71 212 14
71 80 12
71 185 8
72 122 12
60 72 13
72 308 13
72 392 12
72 289 11
73 474 7
73 419 10
38 73 9
73 342 14
74 463 10
74 317 14
74 200 10
74 379 9
74 456 7
75 486 10
37 75 11
75 393 14
75 250 16
75 383 13
75 484 10
75 341 7
76 201 9
76 333 10
76 214 9
76 279 13
77 333 9
77 264 11
77 305 14
77 146 8
78 361 9
78 212 12
78 241 10
78 115 12
78 87 12
78 114 11
79 150 8
79 442 13
79 321 15
80 225 11
80 235 14
80 319 14
81 346 12
81 161 8
81 143 9
81 224 7
82 331 10
82 177 9
82 234 11
82 186 11
7 82 9
82 356 10
83 336 10
83 195 12
83 433 10
83 146 8
83 211 9
84 403 11
84 187 9
84 291 10
9 84 14
61 84 12
21 84 12
84 347 11
85 420 8
85 442 10
85 176 11
85 250 12
85 301 12
86 324 11
86 343 10
86 121 11
86 401 8
59 86 13
87 307 6
14 87 11
0 87 10
87 497 10
87 367 9
87 152 11
88 368 6
88 240 12
88 115 10
88 236 6
89 183 9
89 420 12
89 175 12
14 89 8
55 89 11
10 89 12
20 90 11
90 439 9
90 260 11
90 291 12
14 90 12
91 417 14
91 155 9
16 91 8
91 354 8
91 117 9
91 163 9
92 283 13
92 357 7
92 272 10
92 239 14
57 93 10
93 183 11
93 315 15
35 93 11
93 145 9
46 93 11
29 94 12
94 484 11
94 208 9
94 431 12
14 94 12
94 475 10
95 434 8
95 333 11
95 228 10
40 95 13
95 425 11
95 424 7
96 183 10
96 422 11
96 215 7
96 274 12
96 480 8
97 284 10
97 157 8
97 210 13
87 97 7
14 97 12
97 135 8
97 355 13
3 97 10
98 418 11
98 425 10
56 98 14
98 271 9
60 98 10
98 223 8
99 322 10
99 306 12
93 99 10
45 99 9
100 391 8
43 100 12
100 235 14
100 285 7
100 111 9
101 347 10
101 340 13
101 451 9
70 101 11
101 426 13
102 167 13
0 102 12
102 160 9
102 498 13
102 282 9
46 102 10
103 407 11
103 236 12
103 440 8
103 153 7
103 330 13
103 482 10
104 378 11
104 313 11
104 286 14
104 426 11
11 104 11
32 104 10
105 352 12
105 201 12
105 436 12
105 176 13
105 202 8
6 105 13
42 106 12
52 106 12
106 493 12
106 248 9
106 302 7
107 325 10
76 107 8
107 126 10
107 425 8
107 210 9
107 442 13
108 113 14
108 120 11
108 217 10
108 273 8
109 430 11
109 110 12
109 266 12
109 475 11
109 237 13
24 109 9
109 236 13
110 390 12
110 405 10
21 110 10
110 221 10
110 321 8
110 466 9
110 301 8
111 489 8
111 198 10
111 201 11
66 111 14
111 498 10
112 200 11
112 213 10
53 112 15
112 433 13
112 165 11
112 321 14
113 285 13
113 210 11
0 113 11
113 422 9
114 457 11
114 304 8
114 129 10
114 387 10
114 363 11
114 127 10
115 425 11
115 382 9
115 426 13
115 280 7
1 115 8
116 462 9
116 440 10
100 117 12
117 142 10
117 157 13
72 118 12
118 128 10
104 118 11
118 272 12
118 309 9
119 457 12
55 119 9
119 153 12
119 424 11
120 212 8
120 226 13
120 152 11
120 161 11
113 121 13
121 367 9
121 488 9
121 498 13
122 222 10
122 431 12
122 395 11
99 122 9
0 122 10
123 449 10
123 281 8
123 307 9
18 123 7
124 378 8
124 403 11
48 124 10
110 124 12
124 202 12
125 268 11
125 305 8
125 396 12
23 125 9
125 480 9
93 125 13
65 126 8
126 445 8
126 338 8
30 126 12
126 478 15
127 353 12
127 493 7
127 158 10
6 127 9
127 257 12
104 127 11
93 128 9
128 346 13
128 172 10
128 249 10
128 404 11
128 130 11
44 129 9
64 129 7
129 156 11
129 360 10
130 305 16
130 209 8
130 345 6
130 369 8
131 158 12
131 150 8
124 131 10
63 131 10
131 436 13
131 449 15
38 132 13
132 468 11
26 132 11
126 132 12
133 420 10
133 157 7
133 309 10
24 133 9
134 471 11
134 476 10
134 480 13
134 397 15
134 231 10
135 418 12
135 184 8
135 385 12
135 191 10
129 135 10
38 135 10
136 401 10
136 393 13
135 136 9
136 281 11
136 145 11
136 370 11
137 225 8
137 320 9
137 481 9
137 440 8
48 137 11
138 274 10
138 489 8
104 138 12
101 138 11
138 150 8
1 139 12
139 484 10
139 222 11
139 365 12
139 216 12
125 140 9
25 140 12
140 402 8
141 419 11
66 141 14
141 290 10
142 257 12
118 142 12
142 392 12
77 142 13
9 143 10
75 143 15
143 340 10
143 432 12
8 143 9
144 242 12
144 421 9
144 153 12
48 144 13
144 152 13
35 145 10
145 444 6
145 267 9
145 317 12
145 301 10
146 390 11
146 375 13
70 146 10
146 224 8
146 313 13
52 146 13
147 202 6
147 153 15
147 269 10
148 337 10
148 362 10
148 419 12
149 154 14
149 223 11
149 157 14
149 409 12
150 306 7
77 150 11
150 370 11
150 330 11
150 491 11
101 151 12
151 375 14
151 303 11
151 439 9
151 313 7
152 478 11
152 366 12
152 490 14
152 256 8
153 226 11
153 250 6
36 153 5
153 367 12
153 359 12
45 153 7
137 154 12
100 154 12
154 193 12
154 314 10
154 447 11
149 155 9
155 468 13
109 155 11
155 357 9
156 236 11
156 348 9
156 419 10
0 156 11
156 379 9
157 188 9
157 495 6
127 157 8
157 380 9
157 219 10
84 158 12
158 391 12
158 175 9
158 236 8
159 235 7
159 260 11
13 159 9
45 159 12
159 170 12
115 160 13
100 160 7
160 228 10
161 343 13
161 332 10
45 161 11
161 441 7
84 161 12
62 161 12
69 162 11
162 427 8
162 252 12
65 162 8
105 163 12
163 326 9
163 412 14
11 163 10
163 348 13
163 353 12
1 164 8
14 164 11
164 263 8
164 464 9
164 424 11
164 380 9
165 444 8
165 422 8
165 211 11
165 309 8
165 221 11
166 461 7
156 166 12
74 166 11
167 234 10
167 194 10
67 167 11
101 167 16
167 382 7
108 168 13
168 439 9
121 168 7
168 172 5
169 401 15
159 169 11
169 436 14
169 171 14
117 169 12
69 170 10
170 199 13
17 170 9
125 170 10
78 170 9
40 171 9
154 171 8
152 171 12
171 400 11
171 443 9
172 182 13
6 172 10
172 478 12
173 440 10
173 366 12
173 496 11
173 492 6
173 252 13
174 208 8
174 191 9
174 229 10
174 271 12
174 404 10
175 390 11
115 175 12
137 175 13
175 371 14
175 350 9
176 257 5
176 485 9
176 183 11
176 249 10
6 176 10
177 233 11
177 389 12
177 293 11
177 273 10
177 379 9
178 226 15
178 314 13
178 376 11
119 178 11
178 438 10
178 340 8
179 228 12
179 273 9
179 287 10
13 179 6
180 219 9
180 449 9
109 180 6
180 332 11
180 445 12
180 390 14
181 495 13
3 181 6
7 181 9
181 365 10
181 442 11
74 182 9
182 255 12
182 235 9
182 212 12
182 261 13
182 374 10
183 476 11
183 192 10
148 183 10
183 277 11
183 383 12
183 445 11
184 369 10
184 269 8
184 270 12
134 184 11
137 184 10
24 185 9
185 260 8
185 222 12
48 185 9
186 231 11
186 227 10
138 186 13
23 186 13
186 322 8
11 187 8
155 187 13
187 465 10
146 187 10
187 309 8
0 187 9
188 469 10
38 188 10
188 216 11
188 358 9
11 189 7
189 429 11
189 416 10
189 205 8
189 278 7
94 189 7
190 229 10
156 190 9
190 420 11
31 190 10
99 190 14
190 306 13
12 191 10
191 418 12
191 221 11
157 191 8
191 357 8
191 382 12
138 192 11
192 194 11
192 345 14
93 192 12
51 193 11
34 193 8
193 453 11
193 449 9
181 193 10
193 276 8
194 487 13
194 373 12
194 431 11
194 308 11
194 465 13
195 345 10
195 490 10
195 425 10
195 210 9
195 377 8
114 195 6
195 440 11
196 209 10
196 210 10
14 196 11
13 196 10
97 197 11
86 197 15
119 197 12
197 351 6
174 197 14
198 406 13
79 198 8
108 198 10
198 458 12
198 383 11
198 382 11
198 323 13
199 425 10
162 199 10
0 199 10
200 419 12
200 404 11
200 439 11
72 200 10
201 436 11
191 201 11
63 201 14
113 201 9
106 201 10
202 210 12
20 202 10
53 202 15
142 202 10
203 363 8
203 361 10
203 231 12
56 203 13
203 332 11
88 203 12
204 251 11
204 385 10
204 439 8
204 434 13
68 205 9
205 397 7
205 360 8
146 205 9
140 205 13
206 477 11
126 206 9
206 329 13
94 206 7
159 206 10
206 310 10
207 394 13
207 359 11
207 372 11
203 207 13
29 207 13
192 208 9
208 284 11
104 208 11
208 312 9
209 229 8
69 209 11
116 209 13
209 395 14
209 354 8
180 209 11
83 210 11
210 468 12
53 210 8
210 228 10
123 210 10
210 438 13
211 308 12
211 423 13
48 211 10
4 211 9
212 227 12
212 299 8
179 212 11
212 434 11
212 324 7
125 212 8
213 320 11
213 428 11
213 444 11
32 214 12
214 485 13
51 214 10
44 214 13
198 214 7
215 337 10
215 415 11
215 321 9
124 215 12
190 216 14
216 474 12
203 216 10
216 327 6
216 469 13
216 258 6
217 329 8
217 484 9
217 313 10
93 217 12
217 228 13
170 217 10
189 218 14
218 277 7
218 440 7
218 351 8
218 243 11
172 219 9
65 219 11
219 451 11
196 220 7
220 486 6
220 237 9
192 220 13
221 238 10
221 400 10
146 221 12
216 221 11
221 365 10
222 386 10
222 441 6
56 222 14
222 442 8
73 222 10
199 223 11
97 223 8
223 335 9
223 390 9
136 223 12
224 304 12
88 224 9
94 224 10
209 224 8
179 225 11
83 225 8
225 271 9
225 401 8
118 225 10
225 319 8
226 238 14
226 465 16
91 226 12
182 226 10
226 492 8
227 448 10
227 352 10
227 411 11
227 320 10
141 227 6
228 350 12
228 439 12
195 228 14
228 473 9
119 228 8
204 229 14
180 229 11
229 418 11
42 229 14
229 477 14
129 229 9
229 233 11
230 436 6
146 230 11
230 238 10
230 422 8
231 361 10
231 284 12
56 231 9
178 231 11
231 435 10
6 231 14
231 268 11
172 232 10
203 232 11
206 232 11
119 232 7
120 232 10
233 341 11
164 233 11
116 233 12
233 345 11
62 233 13
234 236 11
234 316 12
7 234 11
234 243 14
234 405 10
216 234 10
235 352 10
232 235 11
52 235 10
235 243 12
235 433 11
209 235 10
236 330 9
236 476 13
236 341 7
236 428 11
192 237 13
237 241 10
237 327 12
237 452 9
237 394 6
238 285 10
27 238 10
238 311 12
45 238 10
31 238 12
238 350 15
239 420 8
239 273 11
65 239 13
93 239 12
239 415 9
240 424 14
16 240 10
64 240 11
240 363 11
63 241 10
241 308 7
60 241 13
37 241 12
132 241 11
241 404 10
242 256 11
242 453 11
242 272 11
67 242 9
19 243 16
243 292 9
243 491 9
220 243 11
244 251 9
244 386 11
244 336 11
243 244 11
151 244 12
142 244 7
245 378 13
245 440 11
133 245 10
228 245 13
21 246 7
246 497 6
113 246 13
49 246 9
48 246 10
247 280 11
110 247 8
247 405 10
247 472 12
247 398 12
33 248 12
111 248 11
248 323 13
248 387 13
248 340 12
249 333 13
125 249 8
249 444 11
110 249 10
249 339 12
249 293 9
162 250 11
15 250 13
250 340 13
32 250 10
61 250 10
250 491 11
98 251 10
3 251 11
48 251 13
251 326 15
251 465 9
222 252 12
154 252 8
128 252 7
215 253 9
253 419 12
253 383 12
33 253 12
12 253 10
253 372 11
77 254 7
254 445 10
254 285 8
254 301 10
254 415 9
254 282 9
239 255 11
255 362 10
254 255 8
255 303 9
255 315 9
236 256 11
48 256 11
217 256 10
256 307 9
256 410 10
130 257 10
72 257 11
248 257 13
227 257 11
257 335 10
225 258 9
258 431 9
258 295 11
176 258 11
258 421 9
127 258 8
185 259 9
116 259 12
259 335 8
259 374 12
259 475 10
259 426 12
70 260 11
144 260 13
14 260 13
235 260 9
260 458 11
154 260 11
261 269 13
143 261 10
249 261 9
150 261 11
261 453 9
261 262 9
262 359 12
262 394 7
21 262 9
256 263 11
185 263 11
81 263 11
263 419 12
263 289 12
263 271 9
264 480 10
264 448 11
139 264 11
250 264 11
207 264 10
265 497 12
42 265 8
265 284 11
265 377 11
265 333 10
266 389 13
266 303 11
12 266 11
148 266 10
266 452 11
133 266 8
267 493 11
97 267 11
66 267 9
86 267 14
267 340 11
36 268 10
268 354 11
200 268 12
112 268 9
268 313 10
106 269 9
231 269 7
138 269 9
269 400 11
269 426 13
270 495 12
270 480 11
270 280 12
65 270 10
47 270 14
269 271 9
203 271 10
134 271 11
158 271 12
125 271 10
207 271 10
266 272 14
272 422 9
272 462 13
116 272 13
245 272 11
238 273 11
102 273 10
253 273 8
273 479 10
92 273 15
261 274 11
274 288 4
98 274 14
274 457 11
274 487 8
275 450 10
227 275 10
11 275 10
203 275 8
276 478 11
137 276 8
276 369 9
92 276 11
276 447 12
103 276 7
217 276 8
68 276 9
235 277 11
277 405 11
277 396 12
255 277 13
277 469 15
277 286 9
265 278 12
278 285 7
85 278 11
278 440 11
278 363 10
105 279 11
279 396 13
146 279 12
279 458 12
89 280 12
280 395 15
152 280 13
280 441 12
280 409 12
58 280 8
220 281 10
112 281 12
63 281 10
281 348 11
281 425 12
255 281 13
258 281 14
282 488 9
282 433 10
119 282 14
138 282 9
131 282 10
106 283 6
252 283 15
277 283 11
126 283 5
284 296 9
54 284 14
284 291 10
284 287 13
18 284 11
221 285 13
285 337 10
129 285 13
81 285 11
285 485 9
54 285 12
76 286 10
152 286 10
38 286 10
256 286 9
237 287 11
208 287 12
259 287 11
2 287 6
287 461 11
288 408 11
254 288 7
67 288 15
288 350 10
140 288 6
288 395 11
289 444 12
289 492 13
289 460 10
267 289 9
59 289 11
289 301 8
290 457 11
290 321 10
246 290 9
131 290 13
168 290 10
265 291 10
291 494 10
19 291 9
172 291 10
292 305 12
239 292 12
292 415 10
292 350 10
42 292 10
293 417 11
100 293 8
160 293 15
53 293 8
144 293 8
293 342 11
294 480 9
294 493 10
294 394 10
294 433 13
16 294 14
259 295 10
295 383 8
295 344 12
295 376 12
44 295 10
36 296 11
37 296 9
247 296 16
296 476 10
296 451 10
297 342 10
297 377 14
297 457 12
297 471 10
298 476 11
298 323 9
277 298 7
3 298 10
299 347 11
99 299 10
299 324 12
299 397 12
299 437 8
282 300 10
254 300 13
110 300 8
102 300 13
300 301 13
241 300 12
73 301 11
41 301 13
236 301 11
18 302 10
68 302 9
19 302 10
136 302 11
302 405 8
109 303 10
221 303 9
213 303 9
24 303 13
26 303 10
303 337 10
68 304 8
41 304 12
304 491 12
0 304 12
265 304 11
230 305 10
260 305 10
305 343 11
216 305 12
306 401 10
87 306 11
306 359 11
54 306 11
300 306 13
202 307 11
307 327 13
73 307 7
226 307 9
137 308 8
171 308 8
197 308 15
308 385 11
308 359 10
308 459 9
220 309 13
309 424 11
14 309 11
309 317 9
168 309 14
309 333 12
182 310 7
195 310 12
187 310 12
269 310 13
264 310 11
109 311 12
311 442 8
311 313 9
170 311 8
293 311 8
312 393 9
312 400 8
305 312 7
241 312 9
167 312 12
127 313 12
210 313 13
223 313 13
313 390 13
313 342 8
314 498 13
149 314 8
96 314 10
314 491 8
314 326 9
223 314 9
222 315 12
100 315 11
92 315 8
315 328 13
315 481 11
299 316 11
59 316 8
138 316 7
27 316 9
316 444 8
316 427 14
69 317 14
186 317 12
133 317 11
317 402 13
92 317 10
52 317 13
318 475 12
318 481 10
289 318 10
311 318 10
276 319 11
319 341 13
4 319 11
104 319 10
320 430 10
320 413 7
19 320 10
7 320 10
282 320 12
260 321 8
162 321 6
321 414 12
165 321 10
163 321 8
321 353 12
322 416 11
236 322 9
322 371 7
322 438 10
229 322 14
122 322 15
231 323 8
87 323 8
323 427 6
29 323 9
323 492 9
122 324 8
137 324 10
324 330 11
324 403 9
325 417 10
86 325 8
2 325 12
325 495 10
62 325 11
326 361 13
295 326 10
326 368 10
47 326 15
178 327 11
327 393 10
327 360 12
327 408 9
17 328 7
151 328 10
324 328 11
326 328 13
170 328 11
21 328 10
258 329 12
326 329 10
329 393 9
99 329 10
330 499 8
179 330 10
330 400 10
44 330 10
287 330 8
330 437 13
259 331 11
331 337 10
273 331 14
331 487 11
3 331 12
173 331 11
2 332 9
153 332 11
332 391 9
177 332 9
116 332 9
333 404 11
333 344 9
57 333 11
223 333 9
97 333 10
313 333 11
88 334 11
213 334 8
262 334 14
334 415 10
334 486 9
296 334 11
62 335 12
180 335 12
335 434 9
163 335 10
316 335 12
4 336 10
265 336 11
336 358 10
276 336 9
336 370 13
135 337 15
291 337 10
337 401 5
337 369 10
338 389 9
241 338 12
321 338 8
103 338 12
109 338 10
8 339 10
39 339 11
300 339 9
141 339 7
38 339 10
339 485 7
340 374 8
330 340 6
340 438 8
108 340 13
341 366 9
290 341 12
140 342 10
302 342 12
332 342 10
30 342 7
343 367 10
113 343 10
246 343 12
239 343 11
319 344 12
248 344 9
165 344 10
344 379 10
206 344 12
335 344 8
247 345 12
243 345 14
27 345 12
132 345 15
163 346 10
202 346 10
118 346 9
144 346 10
231 346 10
9 346 7
347 416 8
208 347 12
248 347 10
347 474 9
16 347 13
80 348 13
5 348 11
348 475 11
288 349 10
144 349 12
272 349 12
138 349 9
92 349 8
56 349 9
57 350 9
350 476 10
242 350 9
176 350 12
96 351 11
304 351 11
259 351 11
32 351 11
7 351 11
351 498 15
218 352 9
4 352 10
352 392 10
47 352 10
102 352 11
335 353 12
208 353 12
275 353 10
153 353 14
167 354 12
130 354 11
43 354 9
354 481 10
46 355 9
192 355 13
264 355 13
8 355 13
355 456 13
85 355 11
316 356 8
138 356 9
97 356 11
94 356 13
48 356 12
357 363 12
357 460 10
125 357 13
357 414 10
36 357 14
126 358 14
5 358 12
88 358 11
22 358 10
80 358 11
172 359 8
359 462 13
137 359 10
193 359 10
333 359 8
359 490 8
94 359 12
360 394 7
219 360 11
106 360 10
83 360 12
258 360 9
140 360 10
229 360 12
59 361 12
361 495 11
201 361 5
49 361 16
22 361 13
334 362 13
39 362 11
362 471 12
146 362 11
43 362 11
195 362 9
363 378 11
332 363 7
363 492 9
14 363 8
156 364 13
364 442 15
190 364 12
10 364 8
364 494 12
336 365 12
270 365 12
323 365 13
197 366 11
366 436 10
336 366 11
366 468 9
366 448 7
302 366 9
229 366 10
177 367 11
367 398 13
108 367 10
367 372 12
109 367 12
331 368 6
48 368 8
325 368 9
365 368 10
65 368 11
321 368 9
261 369 12
369 445 15
369 373 10
369 493 9
214 369 12
18 370 11
370 394 12
370 441 13
170 370 12
127 371 11
371 403 8
53 371 11
36 371 10
371 453 13
150 372 12
101 372 12
268 372 10
228 372 12
360 373 10
373 383 13
324 373 8
351 373 11
374 499 11
308 374 8
205 374 8
33 374 10
198 375 13
375 421 13
341 375 8
270 375 9
17 375 9
364 376 9
176 376 12
376 390 10
128 376 11
65 376 11
95 377 13
362 377 10
377 439 12
5 377 13
139 377 11
125 378 7
222 378 10
378 476 13
0 379 12
53 379 10
132 379 8
188 379 12
325 380 10
31 380 13
52 380 8
208 380 11
178 380 14
380 447 11
67 380 12
198 381 14
322 381 11
18 381 12
333 381 7
23 381 11
382 475 10
120 382 12
348 382 10
197 383 9
383 410 6
340 383 12
16 383 10
117 383 10
279 384 13
87 384 13
317 384 14
280 384 13
57 385 9
385 482 8
385 405 9
13 385 8
203 385 14
305 386 12
333 386 14
259 386 12
1 386 9
243 386 8
205 386 15
387 429 10
221 387 8
387 394 10
296 387 13
30 387 12
352 388 11
211 388 11
205 388 8
388 490 8
384 389 14
318 389 9
285 389 8
253 389 12
354 389 9
167 390 13
358 390 9
320 390 9
390 451 12
390 490 12
200 391 13
7 391 12
343 391 6
308 391 11
241 391 11
391 408 13
276 392 10
98 392 10
126 392 14
392 398 13
102 392 13
392 408 13
103 392 11
115 393 11
264 393 8
393 446 14
50 393 10
394 453 12
394 499 11
394 463 9
0 394 17
131 394 7
58 394 11
394 430 10
194 395 10
296 395 8
395 432 13
153 395 14
285 396 13
150 396 12
235 396 10
174 396 11
271 397 11
255 397 10
256 397 13
250 397 11
383 397 7
128 398 12
398 468 14
33 398 7
354 398 14
398 414 11
194 398 9
399 434 10
92 399 10
334 399 11
284 399 10
56 399 9
98 399 8
109 400 11
1 400 9
400 413 7
360 400 9
157 401 8
89 401 11
326 401 8
289 401 11
398 401 12
122 401 12
365 402 12
262 402 11
329 402 9
402 490 11
219 402 9
203 403 11
403 497 12
71 404 7
131 404 9
320 404 12
243 404 8
210 405 14
405 479 11
61 405 12
355 405 10
168 406 8
81 406 9
406 493 12
285 406 13
406 478 8
167 407 10
407 466 9
190 407 10
249 407 9
75 407 12
407 454 6
35 408 12
408 486 12
408 441 6
276 408 9
110 409 11
104 409 11
321 409 10
191 409 13
148 409 8
410 439 12
101 410 9
138 410 10
346 410 15
77 411 8
411 477 11
404 411 8
345 411 12
412 489 15
412 419 12
262 412 10
364 412 9
143 413 12
170 413 9
194 413 9
413 417 7
93 413 12
293 413 11
355 413 12
414 452 12
257 414 11
414 473 7
248 414 13
414 460 8
380 414 11
274 415 11
195 415 8
415 454 10
170 416 9
194 416 11
416 449 10
412 416 9
312 417 13
31 417 9
57 417 10
266 417 10
114 417 10
123 417 9
87 418 12
369 418 10
47 418 7
93 418 9
108 418 13
292 419 12
321 419 13
294 419 8
419 445 12
198 419 12
181 419 7
420 472 10
339 420 12
250 420 16
187 420 12
165 420 12
249 421 10
421 431 13
260 421 7
349 421 9
421 450 10
420 422 8
125 422 12
129 422 12
147 422 10
277 423 10
404 423 8
270 423 11
24 423 11
349 423 10
145 423 11
326 423 12
172 424 10
424 445 10
424 485 12
290 425 9
367 425 8
15 425 11
357 425 10
264 426 12
426 483 11
108 426 7
334 426 12
200 427 12
204 427 12
383 427 12
94 427 13
57 427 9
336 428 9
32 428 8
428 444 12
275 428 11
97 428 15
18 429 12
78 429 10
132 429 11
429 476 9
193 430 13
291 430 9
430 487 12
19 430 10
430 482 8
430 475 8
255 430 13
36 431 14
431 464 12
105 431 10
341 431 11
417 432 11
432 438 10
306 432 10
25 432 8
285 433 14
320 433 8
433 472 10
227 433 14
150 433 11
434 443 10
107 434 11
196 434 9
75 434 12
227 434 6
76 435 10
426 435 12
129 435 8
63 435 11
20 435 12
164 435 10
360 436 10
9 436 13
39 436 11
285 436 7
248 437 10
28 437 10
66 437 14
358 437 10
403 437 9
230 437 10
353 437 9
412 438 12
148 438 11
288 438 10
14 438 11
380 438 10
131 438 10
146 439 9
98 439 10
143 439 11
359 439 14
188 440 9
37 440 11
187 440 11
15 440 11
216 440 10
235 441 13
184 441 7
123 441 11
108 442 11
354 442 10
373 442 12
349 442 11
221 442 12
315 443 8
348 443 12
99 443 7
316 443 15
369 443 11
425 444 8
356 444 9
440 444 9
171 444 8
176 444 8
73 445 9
118 445 7
188 445 13
175 445 9
410 445 6
9 446 10
437 446 11
39 446 11
307 446 10
163 447 12
404 447 11
39 447 9
447 491 11
256 447 10
367 448 8
195 448 8
422 448 11
197 448 11
408 449 9
206 449 14
449 467 10
120 449 9
140 450 9
256 450 11
450 468 7
324 450 10
385 450 12
167 450 13
231 450 9
73 451 6
191 451 11
83 451 11
307 451 10
119 451 9
67 451 11
226 452 11
421 452 12
346 452 10
197 452 9
314 453 9
127 453 8
129 453 10
21 453 11
342 454 9
454 489 12
364 454 12
354 454 10
381 454 9
91 454 4
333 455 14
366 455 14
399 455 10
455 460 14
222 456 7
197 456 11
177 456 9
403 456 11
10 456 8
30 457 11
123 457 11
347 457 11
322 457 10
330 457 15
338 457 14
49 458 10
458 460 10
155 458 12
22 458 9
458 493 8
419 459 12
249 459 10
337 460 13
409 460 9
349 460 9
208 460 10
144 461 12
121 461 12
283 461 12
353 461 11
129 461 7
242 461 11
314 461 11
36 462 12
88 462 9
124 462 13
11 462 12
211 463 11
83 463 11
463 470 8
163 464 11
318 464 12
233 464 10
355 464 10
85 464 9
178 465 11
63 465 12
428 465 8
141 465 9
291 465 11
36 465 10
375 466 9
391 466 11
309 466 12
219 466 11
393 466 12
463 466 10
460 467 15
138 467 11
246 467 10
76 467 10
438 467 9
347 468 11
440 468 12
468 477 8
420 468 10
309 469 12
198 469 13
370 469 11
28 469 11
32 470 13
104 470 8
112 470 12
346 470 11
325 470 8
150 470 11
407 471 12
452 471 9
65 471 11
85 471 12
442 472 9
301 472 10
150 472 10
242 472 9
171 473 12
166 473 9
1 473 10
157 473 14
292 473 11
318 474 12
308 474 14
474 499 14
93 474 9
333 474 11
3 475 9
328 475 10
169 475 9
53 475 12
445 476 12
435 476 8
83 476 8
319 476 11
249 477 8
170 477 11
296 477 10
386 477 10
439 477 12
333 478 12
350 478 12
368 478 9
478 494 10
217 478 9
103 479 10
204 479 8
253 479 12
150 479 6
12 479 10
436 480 15
411 480 12
67 480 12
307 480 11
173 480 9
99 481 8
427 481 12
475 481 9
344 481 10
404 481 9
185 481 9
338 482 11
304 482 10
28 482 7
474 482 11
479 482 11
252 482 11
431 483 9
77 483 12
85 483 7
450 483 10
30 484 13
355 484 11
262 484 12
206 484 11
43 484 12
289 485 8
347 485 7
450 485 11
485 494 8
422 486 10
93 486 8
319 486 11
255 486 13
481 486 10
247 487 8
351 487 12
180 487 10
373 487 10
266 488 8
280 488 11
331 488 11
181 488 9
237 488 11
380 489 11
409 489 5
265 489 8
82 489 8
59 489 13
438 489 10
262 490 10
490 499 10
216 490 13
86 490 7
380 491 7
280 491 9
316 491 14
7 491 11
117 492 10
478 492 10
122 492 8
466 492 11
204 492 11
135 492 9
49 492 13
484 493 10
464 493 6
84 493 13
128 493 15
41 493 9
104 493 11
494 499 11
193 494 10
388 494 12
173 495 11
482 495 10
326 495 11
265 495 13
169 495 11
477 496 15
260 496 10
246 496 11
175 496 9
240 497 9
323 497 13
116 497 13
152 498 15
284 498 12
273 498 13
288 498 11
474 498 10
380 498 8
256 498 13
334 498 11
397 499 11
491 499 10
258 499 5
311 499 10
