500
0
5
4
10
3
8
5
9
4
3
3
7
7
4
5
10
6
5
4
6
6
7
1
8
2
2
6
4
6
4
9
7
1
9
4
10
5
4
1
3
8
10
6
1
3
6
7
6
3
3
2
8
3
4
6
3
6
7
2
5
3
2
3
6
6
3
7
7
3
8
4
3
4
5
7
9
7
4
2
10
2
5
3
2
2
2
5
3
5
3
1
2
7
4
4
8
2
9
3
3
2
8
4
5
10
9
9
3
8
8
3
1
7
4
4
10
3
3
4
4
4
6
5
10
9
8
8
4
6
4
5
2
6
5
9
3
10
10
10
3
8
5
4
3
7
9
8
4
1
2
9
10
4
8
5
3
8
7
3
5
7
7
6
6
2
10
9
7
7
5
9
3
3
9
2
8
8
10
5
2
5
1
8
3
2
8
5
5
4
9
7
1
9
4
7
10
4
9
5
3
7
2
3
7
10
9
6
9
2
9
8
7
6
7
6
10
3
3
6
9
6
1
2
3
4
6
9
6
2
9
3
10
4
9
6
5
9
7
8
2
6
4
8
5
4
9
4
3
6
9
4
3
8
2
3
7
3
8
9
7
2
6
1
1
7
9
6
7
10
8
2
5
6
7
2
1
6
8
7
6
5
6
2
8
4
3
4
6
8
8
7
8
10
7
2
5
6
3
10
7
5
6
7
10
8
8
5
7
7
7
5
8
1
10
4
8
4
5
1
1
5
4
3
3
7
1
6
3
4
6
3
5
1
7
6
8
9
2
5
5
9
9
3
9
3
8
6
5
10
6
8
3
4
2
9
10
4
3
2
1
4
9
1
7
7
10
8
3
6
9
2
6
4
4
8
4
8
7
6
4
9
4
2
1
2
7
3
7
2
2
2
8
6
3
9
2
4
2
6
2
7
3
3
5
3
8
6
4
2
8
10
7
8
7
9
2
2
10
5
7
2
3
5
1
4
10
10
6
2
3
5
7
2
5
7
1
4
6
1
7
4
7
9
6
8
4
2
8
8
9
2
1
2
4
1
5
7
7
3
7
3
6
7
9
9
4
9
8
1
2
4
8
3
1
6
1
4
6
7
9
9
6
4
2
7
5
6
6
7
6
10
8
6
9
5
9
3
3
2
7
0 230 11
0 423 11
1 295 11
1 92 12
2 415 15
2 82 8
2 334 13
2 419 6
3 359 6
4 274 10
4 197 11
4 434 11
4 414 12
5 338 11
5 210 10
5 18 7
6 179 9
6 271 11
6 488 8
7 55 10
7 102 15
7 117 12
7 417 9
8 139 7
8 152 16
8 121 10
8 460 10
9 361 12
9 225 7
0 9 9
10 162 12
10 475 14
10 205 7
10 153 9
11 317 14
11 214 8
12 214 13
12 171 10
5 12 12
13 125 9
13 314 9
4 13 8
14 415 6
14 316 10
15 411 10
15 387 10
16 279 11
16 281 6
16 456 12
17 76 9
17 212 11
18 162 7
18 75 10
18 390 13
18 29 7
19 99 13
19 445 12
19 494 11
19 68 7
20 192 8
20 434 14
0 20 10
20 267 10
20 197 11
21 430 12
21 281 9
21 201 8
22 399 11
22 364 12
23 481 10
23 458 8
23 91 12
23 334 11
24 186 14
24 477 11
24 383 10
25 375 11
25 304 12
25 218 8
26 72 9
26 297 11
26 46 8
26 132 8
27 188 10
27 396 8
28 342 11
28 349 12
28 186 9
28 363 9
29 350 11
29 162 11
29 377 9
29 174 9
30 117 10
31 82 8
31 381 11
31 269 9
32 193 14
33 369 12
33 259 8
33 274 10
33 452 11
34 357 8
34 290 11
35 384 11
35 338 7
36 231 8
36 473 7
36 213 11
37 381 8
37 175 9
37 221 9
38 88 9
38 172 13
38 173 10
39 360 9
39 157 12
39 399 7
40 112 11
40 130 9
40 54 7
41 161 11
41 362 13
41 203 10
41 168 11
42 370 13
42 473 10
42 170 12
42 276 11
43 360 11
44 496 13
44 476 10
44 473 9
45 255 10
45 244 8
45 331 14
45 202 10
46 376 10
46 469 8
12 46 11
46 396 11
47 122 12
48 321 12
48 377 14
48 433 9
48 241 13
49 104 8
50 207 6
12 50 11
51 386 10
52 259 13
52 352 10
44 52 10
52 411 16
53 171 12
53 460 6
53 415 12
53 439 11
54 187 12
54 69 11
55 278 11
55 213 9
56 375 12
56 92 10
56 319 13
57 347 10
57 292 10
58 177 10
37 58 15
59 388 10
59 67 15
3 59 9
60 220 6
60 462 10
60 385 11
61 291 12
6 61 11
62 360 10
62 112 15
62 469 11
63 209 9
63 68 10
63 101 12
63 489 10
64 98 6
64 342 7
64 110 9
64 366 11
65 198 9
65 324 11
66 77 11
66 130 7
67 145 9
67 74 9
67 199 12
68 209 13
68 83 10
5 68 9
69 419 14
41 69 11
70 376 12
70 416 12
71 245 9
71 427 12
71 251 5
71 453 11
72 430 8
35 72 11
73 268 8
73 176 10
73 239 11
6 74 12
74 384 7
74 353 9
75 172 14
75 340 9
76 317 13
76 308 11
76 172 10
76 423 9
77 131 11
77 415 12
77 168 10
78 427 5
78 237 12
78 106 11
79 142 10
79 155 13
79 153 15
57 80 10
80 414 8
81 365 8
81 438 10
82 379 10
82 252 12
82 134 14
83 205 9
83 204 13
21 83 12
83 254 8
84 331 13
84 316 8
48 84 10
43 85 9
85 376 9
30 85 8
86 321 8
86 126 11
86 217 7
86 457 12
58 87 11
87 113 9
88 274 10
62 88 8
88 385 12
88 410 8
33 89 9
89 417 10
13 90 10
90 293 12
90 239 11
90 354 9
91 464 8
92 432 10
92 376 13
92 100 8
93 115 9
1 93 10
94 323 13
94 95 10
95 499 11
95 450 12
96 182 8
96 455 11
96 306 9
97 127 7
62 97 7
98 454 12
98 125 7
98 159 15
98 352 11
99 250 8
99 375 10
99 282 12
99 256 10
99 228 12
100 235 11
31 100 9
100 469 12
100 250 12
101 479 8
43 101 12
101 183 14
102 439 9
102 463 10
102 258 10
103 449 9
103 107 10
43 104 11
104 320 12
105 459 13
105 321 13
105 157 12
105 278 10
11 106 13
106 397 9
106 332 12
45 106 12
20 106 14
107 257 7
108 188 13
108 387 9
108 324 13
109 420 10
109 366 12
109 279 13
104 110 14
110 406 11
110 450 15
110 298 9
1 111 12
111 239 11
111 478 9
111 152 15
112 279 7
7 112 10
112 458 11
112 488 10
112 167 13
113 331 9
113 431 8
1 113 10
114 189 11
114 292 10
114 468 11
46 115 8
115 290 13
115 414 14
115 295 9
101 115 10
116 385 12
116 208 10
117 182 13
117 147 10
117 426 9
37 117 9
118 317 14
119 392 9
119 203 13
119 482 11
96 120 11
120 369 10
54 120 10
120 459 10
108 121 8
54 121 10
121 321 12
122 228 12
105 122 10
122 260 8
123 218 11
17 123 11
123 245 7
73 123 9
124 342 14
124 246 8
125 145 12
125 207 14
125 477 10
38 126 13
126 436 9
126 357 11
126 411 11
127 335 8
65 127 12
128 191 14
128 179 9
128 239 9
128 312 8
128 224 11
129 421 12
129 177 8
44 129 12
46 130 12
103 131 11
131 234 10
131 345 12
132 184 12
132 299 13
132 240 8
132 423 6
7 132 12
133 425 12
133 430 12
133 345 8
133 495 11
58 133 11
97 134 9
134 383 9
134 255 10
134 488 13
24 135 8
64 135 9
135 258 8
136 449 12
136 176 10
136 323 10
137 358 10
138 247 11
3 138 13
61 138 12
139 254 8
78 139 14
140 372 7
140 447 14
141 487 10
141 360 14
141 310 15
14 141 9
142 290 9
142 339 10
142 496 9
143 353 7
143 494 12
143 290 10
144 236 8
144 432 10
41 144 11
145 266 12
145 312 12
145 218 15
146 405 14
146 258 10
147 206 9
147 367 11
83 147 6
147 229 12
147 437 9
148 385 11
148 225 10
149 322 12
21 149 9
149 337 13
12 149 12
67 149 9
150 294 11
103 150 14
150 432 13
151 379 7
99 151 9
132 151 11
152 302 9
152 468 10
152 276 14
152 308 9
26 152 11
39 153 11
153 477 14
153 164 13
53 153 11
69 153 13
56 154 11
154 390 6
14 154 11
155 478 8
110 155 13
155 160 11
156 176 11
42 156 7
156 258 12
156 405 10
156 188 8
157 315 10
17 157 13
157 269 11
158 199 13
158 299 8
158 346 9
80 159 11
14 160 13
160 348 11
160 442 9
161 485 11
161 223 10
127 161 11
161 436 11
162 211 8
162 294 15
162 412 9
163 412 14
151 163 10
163 276 14
39 163 15
164 387 12
94 164 10
165 393 8
165 295 11
165 253 12
166 268 9
166 432 11
166 372 10
166 178 11
45 167 11
167 260 11
91 167 7
168 357 12
168 425 10
168 306 10
169 324 10
169 361 8
169 321 11
87 170 10
158 170 7
170 296 11
128 170 5
170 493 8
171 222 10
171 287 9
74 172 11
107 172 10
172 253 10
173 253 9
173 287 14
13 173 10
174 192 9
174 262 11
174 464 13
175 332 15
175 344 12
176 269 12
46 176 10
67 177 11
177 393 10
177 493 11
8 178 12
178 278 9
73 178 6
93 178 16
179 424 9
54 179 13
102 179 9
122 180 10
180 212 12
181 254 16
22 181 7
182 381 11
87 182 12
183 278 15
183 345 14
184 454 9
184 231 10
12 185 12
38 185 12
185 259 12
186 413 8
186 473 9
187 267 10
187 271 11
187 480 9
159 187 11
60 188 8
146 188 16
188 285 7
44 189 12
189 384 12
190 487 11
183 190 11
191 466 11
9 191 12
191 245 7
192 308 10
192 299 12
192 405 13
92 192 9
193 276 8
192 193 11
193 370 7
194 424 11
134 194 7
194 320 11
194 345 10
90 195 14
195 456 9
195 340 11
195 215 12
173 196 9
196 305 10
7 196 11
43 196 12
118 197 12
197 483 12
197 449 6
198 300 10
147 198 9
198 368 15
2 198 11
198 289 10
97 199 6
43 199 10
199 411 9
200 391 12
200 248 12
200 366 7
190 200 10
78 201 8
17 201 10
201 479 8
201 433 10
202 442 14
202 238 11
202 303 14
202 214 13
94 203 11
203 319 10
203 370 10
203 427 8
204 240 11
144 204 10
204 328 11
204 274 10
120 205 13
205 485 12
203 206 9
206 224 14
207 431 9
9 207 11
51 207 14
207 256 6
208 312 7
208 227 12
208 471 13
154 209 11
118 209 8
187 209 8
210 330 8
210 476 12
210 454 12
211 240 8
41 211 12
32 212 11
143 212 5
213 495 13
18 213 12
142 213 11
213 393 12
213 494 11
214 321 15
215 404 12
215 349 13
144 215 9
215 492 14
150 216 11
139 217 8
160 217 10
101 217 7
120 217 10
218 255 9
102 218 10
218 313 8
218 328 9
219 414 9
157 219 12
104 219 13
220 235 9
220 482 8
221 318 9
218 221 10
120 222 11
79 222 11
223 267 12
223 231 6
8 224 10
224 411 10
111 224 8
224 291 9
160 225 9
150 225 8
225 295 8
226 390 13
226 411 11
226 342 12
227 477 14
125 228 11
228 280 7
228 418 13
181 229 9
229 249 11
222 229 10
230 276 13
230 357 10
230 246 9
170 230 10
231 441 11
232 234 14
232 477 10
181 233 9
180 233 9
138 234 7
103 234 10
201 234 12
82 235 14
235 260 6
116 235 10
46 236 10
236 289 8
236 398 10
159 236 9
206 237 7
237 410 6
237 450 13
155 238 7
201 238 11
238 245 10
229 239 12
80 239 7
239 465 9
239 336 9
240 489 12
240 499 8
240 296 10
49 241 11
5 241 12
241 366 8
77 241 11
80 241 10
242 322 11
67 243 11
244 377 10
244 412 11
46 244 9
32 244 10
123 244 10
245 312 11
245 483 11
167 245 10
171 246 11
96 246 9
246 287 8
190 246 5
247 268 9
247 434 11
237 247 12
247 336 9
214 248 10
248 306 11
248 491 12
165 248 11
198 249 12
249 348 11
55 249 9
249 379 10
250 285 10
250 481 14
250 430 10
251 262 11
252 480 13
85 252 7
252 465 9
252 314 10
111 253 10
253 468 10
144 253 12
253 452 13
254 466 9
94 254 9
254 492 13
255 374 9
119 255 9
256 401 8
256 339 13
202 256 11
257 445 9
257 264 9
53 257 9
157 258 12
258 308 10
259 485 8
46 259 10
247 259 13
259 435 10
246 259 14
79 260 13
261 378 14
261 430 11
262 471 10
212 262 7
242 262 13
84 262 11
263 373 10
227 263 11
263 320 7
118 263 11
264 481 11
40 264 12
221 264 8
264 265 9
31 265 7
265 288 14
265 334 14
165 266 10
101 266 11
91 266 6
199 266 13
267 375 11
215 267 13
268 398 7
268 466 10
170 268 13
180 269 8
240 270 10
270 341 11
215 270 10
270 399 10
270 285 12
18 271 10
196 272 9
213 272 10
273 306 11
68 273 11
274 341 14
158 275 13
70 275 11
275 496 9
275 356 9
276 301 10
25 276 11
276 482 10
277 463 12
277 449 10
277 305 10
278 334 15
278 339 12
278 323 7
235 278 9
163 279 9
157 279 8
280 296 7
267 280 7
280 332 12
199 281 12
281 400 10
15 281 10
163 281 12
282 371 11
80 282 13
282 438 11
61 282 9
31 282 10
283 499 8
179 283 9
283 449 9
284 464 7
193 284 9
285 358 11
39 285 11
32 285 13
286 319 10
286 384 12
86 286 7
287 429 7
12 287 11
26 288 10
288 385 9
239 288 13
288 389 7
166 288 7
123 289 12
42 289 12
290 298 10
290 479 9
290 398 10
290 399 10
291 456 11
291 486 9
125 291 10
291 326 11
291 480 12
240 292 14
292 332 10
95 292 10
292 449 14
20 293 9
161 293 11
164 293 10
293 451 10
49 294 12
294 487 9
19 295 12
135 295 7
295 422 13
60 296 10
296 351 11
296 318 12
77 296 8
245 297 8
13 297 12
220 297 9
157 297 8
96 298 8
59 298 12
159 298 10
182 298 10
261 299 9
299 416 9
152 300 9
195 300 15
88 300 10
59 300 13
300 310 11
218 301 10
129 301 12
25 302 6
302 316 11
19 302 11
249 303 14
272 303 12
0 304 12
304 341 11
304 429 12
106 304 10
239 305 11
215 305 9
85 305 11
226 305 7
306 360 8
244 306 10
304 306 9
102 306 10
134 306 8
155 307 12
307 345 9
307 405 12
36 308 9
308 434 8
309 383 11
38 309 12
256 310 13
31 310 10
92 310 11
226 311 15
311 321 10
306 311 9
18 311 12
218 311 11
270 312 13
164 313 9
272 313 11
313 414 13
314 418 12
140 314 12
179 314 12
67 314 12
272 315 5
315 390 9
278 316 11
316 320 10
316 428 11
240 317 12
317 386 11
213 317 10
317 490 10
318 342 8
318 396 7
314 318 9
58 318 10
54 319 9
267 319 8
319 380 13
88 319 11
127 320 11
204 320 12
52 320 10
216 320 12
305 321 13
141 322 11
322 443 10
322 374 11
190 323 10
95 323 11
324 369 12
45 324 10
295 324 8
96 325 8
167 325 10
225 325 9
220 325 12
41 326 12
326 394 8
326 388 10
128 327 8
246 327 14
327 434 10
317 328 11
328 496 9
296 328 12
191 328 13
92 328 9
226 329 12
84 329 12
329 409 9
53 330 16
160 330 7
39 330 11
66 330 12
265 331 12
242 331 10
264 331 12
290 331 10
189 332 12
151 332 14
97 332 11
333 445 13
333 413 9
149 333 13
332 333 14
334 471 10
334 438 14
210 334 6
335 340 8
335 382 8
97 336 10
336 348 13
336 395 11
336 440 16
337 409 11
337 403 12
205 338 9
77 338 8
197 338 12
339 439 8
315 339 10
270 339 15
340 403 9
340 447 10
93 340 11
339 341 12
342 493 9
328 342 10
198 342 10
343 363 10
223 343 10
343 382 11
248 343 10
28 343 11
344 493 11
286 344 11
344 470 11
151 344 9
300 345 11
246 346 10
183 347 13
347 438 7
7 347 10
187 348 11
348 387 8
348 371 11
14 348 11
159 349 9
349 462 10
127 350 9
58 350 9
330 351 15
351 362 11
15 351 11
351 481 9
56 352 6
178 352 11
17 352 12
352 425 10
352 384 10
6 353 12
223 353 15
199 353 10
108 353 9
142 354 12
344 354 7
286 354 13
354 498 8
130 354 10
279 355 9
355 486 10
230 355 9
355 379 12
89 356 9
356 466 11
120 356 9
320 357 12
12 357 10
351 357 9
101 358 9
358 476 10
127 358 11
358 383 10
274 359 9
359 370 9
19 359 13
320 360 10
178 360 7
361 390 9
298 361 10
68 361 11
361 449 15
361 363 11
253 361 11
139 362 15
362 376 9
363 459 9
99 363 15
314 363 8
363 463 10
143 364 10
84 364 12
335 364 12
365 384 13
41 365 12
363 365 11
169 365 10
366 392 10
366 420 10
271 366 11
367 435 14
367 456 10
130 368 11
148 368 8
180 369 12
369 473 12
75 370 11
159 370 11
371 495 13
331 371 11
313 371 9
203 372 9
372 483 14
127 372 11
372 375 9
358 373 10
49 373 8
94 373 11
217 374 12
374 391 10
193 374 13
86 374 13
34 374 13
375 385 13
375 481 8
166 375 14
98 375 11
375 418 10
39 376 9
158 376 10
377 379 10
197 377 5
216 378 13
180 378 9
379 403 6
294 379 11
18 379 12
182 379 11
97 380 10
263 380 9
227 380 8
3 381 11
326 382 8
329 382 12
207 383 10
53 383 9
379 383 9
383 496 11
384 470 10
384 478 12
384 419 9
316 385 9
251 385 12
257 385 8
386 457 9
102 386 11
386 468 13
86 387 13
119 387 13
331 387 12
143 387 9
166 387 10
44 388 14
375 388 13
154 388 13
25 389 7
389 399 12
390 423 14
231 390 8
245 390 11
390 429 9
265 391 10
391 401 13
368 391 11
392 426 11
325 392 9
214 392 12
15 393 12
343 393 13
286 394 13
394 451 6
117 394 11
216 395 10
395 495 9
395 399 13
24 396 7
90 396 11
63 396 11
273 397 8
397 497 12
147 397 10
142 398 12
24 398 11
398 478 12
287 399 12
362 399 11
76 400 12
387 400 11
284 400 8
351 401 14
190 401 12
271 401 11
318 402 11
402 447 10
284 402 11
319 402 8
166 403 11
365 403 5
345 403 9
404 481 7
60 404 12
54 404 11
376 404 8
135 404 13
128 405 15
316 405 8
218 405 10
360 406 11
77 406 10
217 406 12
188 407 13
202 408 11
408 454 13
37 408 11
200 409 11
409 421 11
55 410 8
38 410 13
339 411 12
329 411 11
181 411 8
290 412 14
412 438 11
98 412 15
262 412 7
370 413 9
354 413 12
50 413 8
338 414 9
209 414 8
169 414 11
351 415 12
333 415 13
271 415 13
311 416 10
286 416 11
416 442 9
416 424 10
291 417 9
404 417 15
273 418 11
418 481 7
104 418 12
252 418 10
55 419 5
419 456 9
6 420 10
267 421 10
421 451 10
246 422 6
307 422 12
165 422 8
218 422 14
423 459 13
417 423 8
357 423 13
145 424 9
393 425 10
5 425 11
386 425 12
250 426 14
426 487 12
143 427 12
382 427 10
391 427 10
223 427 8
15 427 8
290 428 10
242 428 9
107 428 12
83 428 9
406 429 9
32 429 12
429 486 8
314 430 12
430 462 11
104 430 10
78 431 11
91 431 11
142 431 13
255 432 9
180 432 10
383 432 10
329 432 9
125 433 6
298 433 9
433 458 10
19 433 8
319 434 13
324 434 11
298 434 16
331 435 11
435 462 9
349 435 13
27 435 13
429 435 12
340 436 11
16 436 10
282 436 10
164 437 12
32 437 12
211 437 11
161 438 7
438 471 13
146 438 11
314 438 6
203 438 10
26 439 8
143 439 10
408 439 9
236 439 8
155 440 10
372 440 14
106 440 9
57 440 11
59 441 8
435 441 12
273 441 8
372 442 11
120 442 8
351 442 8
443 495 9
52 443 7
189 443 12
171 443 11
421 443 7
8 444 14
59 444 11
333 444 10
20 445 11
81 445 15
310 445 14
242 446 9
47 446 11
238 446 10
282 447 11
31 447 13
270 448 8
360 448 11
155 448 12
205 449 10
13 449 10
323 449 7
372 449 7
412 450 10
437 450 11
76 450 14
261 450 11
190 450 12
323 451 8
175 451 11
286 451 11
287 452 10
76 452 13
62 453 10
416 453 11
172 453 10
347 454 13
62 454 11
369 455 12
74 455 11
143 455 11
438 455 13
265 455 13
57 456 14
456 471 10
456 472 10
56 456 13
172 457 9
73 457 12
19 458 8
319 458 8
128 458 13
2 459 11
459 491 12
273 459 14
24 459 6
11 460 9
124 460 10
175 461 14
436 461 11
249 461 11
294 462 11
54 462 12
53 463 11
18 463 12
329 463 11
309 463 13
457 464 7
313 465 11
331 465 10
448 465 11
176 465 11
297 466 10
397 466 16
121 466 13
404 467 10
184 467 8
145 467 10
292 468 13
51 468 13
175 468 11
121 469 10
102 469 10
175 469 12
426 470 9
258 470 8
293 470 12
369 470 11
172 470 9
378 471 10
97 471 13
87 471 12
72 471 9
56 472 7
111 472 9
436 472 11
296 473 13
119 473 10
3 473 9
244 473 10
112 474 11
298 474 10
248 474 12
362 475 10
455 475 14
42 476 14
117 476 10
57 476 13
325 477 12
445 477 9
35 477 11
133 478 13
130 478 10
143 478 12
150 479 11
227 479 10
329 480 10
31 480 13
242 480 11
444 480 9
5 480 11
249 481 14
4 481 14
292 481 11
194 482 12
55 482 11
383 482 12
311 483 7
46 483 7
238 483 9
48 483 9
347 484 12
206 484 9
194 484 13
31 485 12
80 485 13
108 485 11
1 486 9
292 486 8
235 486 9
205 487 10
140 488 11
413 488 11
161 489 11
358 489 12
5 489 8
412 489 9
446 490 11
170 490 9
312 490 13
328 491 7
477 491 8
460 491 11
443 492 10
78 492 12
163 493 10
433 493 11
250 493 9
104 493 11
59 494 14
41 494 12
83 494 11
310 495 11
160 495 8
122 495 11
432 496 7
253 496 11
85 496 7
32 497 11
216 497 9
299 497 11
237 497 9
200 498 12
387 498 11
109 498 11
445 498 12
180 498 7
77 499 12
252 499 10
123 499 10
