500
0
5
6
6
10
2
8
6
8
6
6
9
1
2
3
3
6
8
1
7
5
4
7
2
3
4
6
2
8
2
5
5
8
1
6
9
3
4
6
2
8
9
8
9
5
7
5
3
7
6
8
5
2
7
4
9
2
2
4
10
5
8
7
5
7
8
4
2
3
2
8
6
9
4
2
7
9
4
5
7
3
8
8
4
1
9
3
2
6
6
8
7
1
6
5
6
10
2
3
5
7
5
2
8
5
10
5
9
4
6
7
3
7
9
6
6
9
3
9
4
7
4
9
5
5
7
10
1
9
9
9
3
3
7
8
4
8
8
3
4
8
6
8
9
4
8
4
2
4
2
5
9
2
2
1
6
4
7
6
9
7
4
5
9
7
4
8
2
2
5
9
7
7
3
5
1
2
7
7
2
7
5
9
9
4
8
7
7
3
7
3
2
7
1
8
2
5
2
8
8
4
7
4
9
6
6
7
6
3
3
5
2
8
2
3
10
7
5
8
5
10
7
4
8
8
7
5
2
5
3
7
4
3
4
4
7
6
3
1
6
7
2
2
6
1
2
3
8
8
3
7
4
5
8
2
1
3
8
6
6
7
2
7
4
8
5
2
1
1
5
2
7
6
1
7
9
7
2
7
4
3
7
1
7
10
10
2
9
2
4
9
1
5
7
5
9
1
2
5
5
10
7
3
10
5
2
6
9
9
6
6
3
8
6
2
3
3
10
5
3
9
4
9
8
6
7
4
2
8
4
9
1
4
8
2
5
2
4
5
8
8
3
4
10
2
5
5
9
9
2
7
2
4
9
4
7
4
4
5
4
7
5
9
5
2
7
10
4
7
4
10
7
7
5
6
10
5
4
6
2
10
10
8
8
8
2
2
3
6
2
5
5
9
1
9
5
2
2
7
5
2
10
8
10
7
8
7
6
6
4
3
2
2
7
9
3
5
2
6
2
9
4
4
6
7
4
9
7
7
6
3
2
7
8
7
1
3
3
7
7
10
3
7
10
7
4
1
9
10
6
4
8
5
2
5
8
5
8
8
10
5
2
9
8
10
1
9
2
6
3
8
7
9
6
9
2
5
5
3
5
8
7
4
2
5
3
2
2
4
3
3
6
5
2
2
2
9
3
9
6
0 466 9
0 413 9
0 107 13
0 210 12
0 215 12
0 385 11
0 232 11
0 434 10
0 437 10
0 356 7
1 375 8
1 209 9
1 185 10
1 188 8
1 484 9
1 401 11
1 345 12
1 47 13
1 332 9
2 389 11
0 2 10
2 308 11
2 288 10
2 339 11
2 39 10
2 475 11
2 119 11
2 212 12
2 294 10
2 265 7
3 117 10
3 498 11
3 167 11
3 357 9
3 271 12
3 228 14
3 200 12
3 166 12
3 131 10
4 180 17
4 416 9
4 377 12
4 430 10
4 361 9
4 11 9
4 43 6
4 47 11
4 69 8
4 486 8
4 490 11
4 126 8
5 201 6
5 47 11
5 411 11
5 236 14
5 76 11
5 84 12
5 6 10
5 371 8
5 462 12
5 320 10
6 27 11
6 19 10
6 263 10
6 325 8
6 346 11
6 460 14
6 15 11
6 153 9
6 331 9
6 413 7
7 185 11
7 276 11
7 114 13
7 162 10
7 369 11
7 325 8
7 320 8
7 478 12
7 79 13
8 444 12
8 377 10
8 224 9
8 422 10
0 8 14
7 8 14
8 109 9
8 34 14
8 133 12
8 164 12
8 380 12
9 129 11
9 467 9
9 346 10
9 460 9
9 225 10
9 35 12
9 12 13
9 89 10
9 435 9
9 134 11
10 52 10
10 150 11
10 233 9
10 297 12
10 438 9
10 137 11
10 198 11
10 329 13
10 167 8
10 306 12
11 408 13
11 183 6
11 296 11
11 256 11
11 355 9
11 376 8
11 452 11
11 311 12
11 423 13
11 391 9
12 349 11
12 258 12
12 237 15
12 226 14
12 449 8
12 395 8
12 412 8
12 385 11
12 464 7
12 224 11
12 497 8
13 14 10
13 185 8
13 77 10
13 411 10
13 140 12
13 438 10
13 18 13
13 245 11
13 53 13
13 85 6
13 493 11
14 491 16
14 312 8
14 407 13
14 403 12
14 45 11
14 95 9
14 433 13
14 269 11
14 290 11
14 365 7
15 477 17
15 66 9
15 292 9
15 96 11
15 252 11
15 168 12
15 61 11
15 93 9
16 395 10
16 344 10
16 141 13
16 286 12
16 435 10
7 16 8
16 102 11
16 154 11
16 446 10
16 377 10
15 17 8
17 176 10
17 308 11
17 228 11
17 372 13
17 493 13
17 180 12
17 478 7
17 418 10
17 236 11
17 23 8
17 296 11
18 281 9
18 297 11
18 375 12
18 429 12
18 96 12
18 43 11
18 308 12
18 193 9
18 405 12
19 338 10
19 359 13
19 195 11
19 252 12
19 205 14
19 124 9
19 112 9
19 286 9
19 66 9
19 283 12
19 225 11
16 20 7
20 153 10
20 289 11
20 216 12
20 309 10
20 165 13
20 53 9
20 484 14
20 479 11
20 239 10
20 390 10
20 416 13
21 223 11
21 337 15
21 108 9
21 475 10
21 52 9
21 370 9
21 86 15
21 130 13
21 436 9
21 378 12
21 99 12
21 140 12
22 39 9
22 104 9
22 62 10
22 77 9
22 324 10
22 383 8
22 103 8
22 482 12
22 213 13
22 444 12
22 270 7
23 418 12
12 23 12
23 283 12
23 339 12
23 76 12
23 102 9
23 436 10
23 44 8
15 24 9
24 438 10
24 490 12
24 109 9
24 127 11
24 477 8
24 184 9
24 200 10
24 369 6
24 238 14
25 442 11
25 144 9
25 411 11
25 389 9
25 170 11
25 64 13
14 25 11
25 96 10
25 336 11
25 406 13
26 305 11
26 51 11
26 250 11
26 434 12
17 26 13
26 236 12
26 323 11
26 396 9
26 495 9
26 462 10
27 302 15
27 126 10
27 244 12
27 417 15
27 335 13
27 182 14
27 89 6
27 52 13
27 148 10
27 444 11
27 239 9
28 325 8
28 293 15
28 290 13
9 28 11
28 57 11
28 266 10
28 349 11
28 231 10
28 403 12
28 59 12
29 295 15
29 267 8
29 364 14
29 79 11
29 181 12
29 372 10
29 316 10
29 273 9
29 398 10
29 80 12
6 30 8
30 419 8
30 234 6
30 339 8
30 74 10
30 81 12
30 435 11
30 476 8
30 163 12
30 395 10
30 283 10
31 74 11
31 172 12
31 286 12
31 56 11
31 57 13
31 110 9
31 277 11
31 341 12
31 171 9
31 365 11
32 257 12
32 228 8
32 426 11
32 331 9
32 358 11
32 123 12
32 149 13
32 263 8
32 306 8
32 43 10
33 55 10
33 149 7
33 215 7
33 191 12
33 217 15
33 314 10
33 347 10
33 136 12
10 33 14
33 400 10
34 113 10
34 461 10
34 404 13
9 34 11
14 34 10
34 99 12
34 280 8
34 201 12
34 278 11
35 482 13
35 320 15
35 381 12
35 190 14
35 85 8
35 403 8
35 189 8
35 56 12
35 235 9
36 68 16
36 56 10
36 240 10
36 278 9
36 399 12
36 191 11
36 256 9
36 92 7
36 392 12
36 39 7
36 428 10
37 338 9
37 195 12
37 380 10
37 253 10
7 37 12
37 77 15
37 275 10
37 417 9
37 330 9
37 454 11
37 247 8
38 312 15
38 84 12
38 484 14
38 203 9
38 223 7
38 44 11
38 128 10
38 414 11
38 237 10
38 340 12
39 479 12
39 308 13
39 66 11
39 221 12
39 279 8
39 420 9
39 312 9
39 480 11
39 80 9
39 173 10
39 236 9
40 349 9
40 360 12
40 398 11
40 204 11
40 66 6
40 154 9
40 464 10
40 135 13
40 364 11
40 407 9
41 326 10
41 123 9
41 98 8
41 394 9
41 79 11
41 431 11
41 117 8
41 494 9
41 126 7
42 96 10
42 381 12
34 42 10
42 267 13
42 77 11
42 230 11
42 104 10
42 466 11
42 428 12
42 303 7
42 294 11
43 208 11
43 182 4
34 43 13
43 357 11
43 377 11
43 464 9
43 413 10
43 94 13
43 72 11
43 445 11
43 429 13
44 192 10
18 44 9
44 429 11
44 272 11
44 318 12
44 167 15
44 136 11
44 483 10
31 44 9
45 129 11
45 46 12
45 267 8
45 220 12
45 54 9
45 359 10
45 135 10
45 187 7
45 291 11
45 376 13
46 233 11
46 255 10
46 239 10
46 301 15
46 329 9
46 176 13
46 261 10
46 444 12
46 271 9
47 259 9
47 489 14
47 123 8
47 185 8
47 463 8
47 378 11
47 197 9
47 179 11
47 478 10
48 104 13
48 362 12
48 406 10
48 81 12
48 238 11
48 67 9
48 400 11
48 426 12
48 227 12
48 196 11
21 48 11
49 403 7
49 442 12
49 103 10
49 255 12
49 292 11
49 296 12
49 439 11
38 49 12
49 429 11
49 454 10
50 145 10
50 476 10
50 322 10
50 394 12
50 347 12
50 418 10
50 332 12
50 441 11
50 277 10
50 446 12
50 489 9
50 74 12
51 419 11
51 227 8
51 147 12
51 165 9
47 51 7
51 54 12
51 195 14
51 431 9
51 302 12
1 52 11
52 77 10
52 214 10
52 138 12
19 52 11
52 97 11
52 285 11
52 100 6
14 52 12
53 367 11
53 400 10
53 105 12
53 128 11
49 53 10
53 421 12
53 350 13
53 173 12
53 372 7
53 317 7
54 117 13
19 54 9
54 322 10
54 471 9
54 70 10
54 194 17
54 287 11
54 266 15
54 497 9
55 320 11
55 490 11
23 55 10
55 485 13
55 165 11
55 336 11
53 55 11
55 414 7
55 487 7
55 215 8
56 156 8
56 414 9
56 265 11
56 250 11
56 449 11
56 456 10
56 68 8
56 151 9
41 56 13
56 79 11
56 280 12
57 85 13
57 64 10
57 62 8
57 411 8
57 130 13
57 279 10
57 267 11
57 394 5
57 154 12
58 106 11
33 58 10
58 367 14
58 476 9
58 467 10
2 58 8
58 429 8
58 270 10
59 319 14
59 288 4
29 59 10
59 287 9
59 166 7
59 255 8
59 155 11
59 227 10
59 449 7
60 446 12
60 352 10
60 332 9
60 451 13
60 359 10
60 408 10
60 330 14
60 486 12
60 399 12
61 257 6
61 255 13
61 404 8
61 469 13
61 140 9
61 128 12
61 198 9
61 142 7
61 262 7
61 306 11
62 458 10
62 392 8
62 255 11
54 62 8
0 62 10
62 251 10
62 420 14
4 62 10
62 226 8
50 63 10
63 483 12
63 264 12
63 138 11
63 168 10
63 422 11
63 289 8
63 86 14
63 183 13
63 82 14
4 63 12
64 185 13
64 210 15
64 384 10
64 446 13
64 140 10
64 398 13
64 399 8
49 64 9
64 162 9
65 318 13
53 65 15
65 296 9
65 134 12
65 463 10
65 462 11
65 391 12
65 390 14
65 316 13
65 388 9
66 366 11
66 388 9
66 420 14
34 66 13
66 334 5
66 289 12
66 428 10
66 172 10
67 472 10
67 401 12
67 116 11
67 264 14
67 307 11
67 232 7
67 191 12
36 67 13
62 68 11
68 491 11
68 76 7
68 435 7
68 379 13
68 315 11
68 264 10
68 254 11
68 82 8
69 477 10
69 493 12
69 336 10
69 120 9
37 69 10
69 272 9
69 252 7
69 470 9
69 209 11
70 310 10
70 253 12
70 128 11
70 457 14
70 202 7
70 133 13
70 467 9
22 70 9
70 323 13
71 414 12
71 456 13
71 229 9
71 482 8
71 118 8
71 378 9
71 346 12
71 113 9
71 179 6
21 71 10
71 124 14
72 314 10
72 277 11
72 398 7
72 77 9
72 459 9
72 309 10
28 72 10
72 183 10
72 469 10
73 187 12
73 397 13
73 254 8
73 439 10
73 147 13
73 272 9
73 467 10
73 239 11
55 73 8
73 492 10
74 436 9
74 319 13
74 226 10
74 193 11
74 203 10
74 336 10
16 74 15
74 304 8
74 303 9
28 74 13
75 115 11
75 280 9
75 330 11
75 121 9
75 443 12
75 212 9
75 213 9
75 253 13
75 415 9
75 251 9
4 75 10
75 483 9
76 177 12
76 107 9
52 76 11
76 485 11
76 213 12
76 258 12
76 104 12
76 330 12
76 449 8
76 89 9
12 76 10
76 439 7
77 120 12
77 157 10
77 449 7
77 382 8
77 277 9
77 305 12
77 141 11
77 445 9
77 407 11
53 77 12
77 316 7
78 484 12
78 161 12
78 217 9
78 327 10
78 281 13
67 78 9
78 305 16
78 149 11
78 278 11
78 203 13
78 194 6
79 309 15
79 369 13
21 79 9
79 269 10
79 325 13
79 408 8
79 433 8
79 276 13
79 432 7
79 342 10
80 274 10
4 80 12
80 459 10
80 497 11
80 445 11
80 221 10
80 326 11
80 241 12
81 171 12
69 81 8
81 167 11
76 81 8
81 393 11
81 377 10
81 270 10
81 340 9
81 412 13
5 81 10
81 356 11
82 494 13
41 82 10
16 82 15
56 82 12
82 160 13
61 82 10
82 179 10
82 134 16
82 201 13
83 250 11
83 133 13
83 472 11
83 174 9
83 348 11
83 118 10
83 163 10
83 294 13
84 340 13
84 481 11
84 338 9
84 144 10
84 493 15
84 244 11
43 84 12
84 468 11
26 84 14
84 303 11
85 292 6
85 274 12
85 257 11
85 270 9
85 264 14
16 85 7
85 360 11
22 85 12
85 307 11
20 85 10
86 226 10
86 128 12
86 90 8
86 181 8
86 147 10
86 273 10
86 106 11
86 256 12
86 324 9
64 87 14
87 261 12
87 150 12
87 182 11
87 178 12
87 482 12
87 343 9
87 211 12
87 452 11
87 166 12
88 184 9
88 359 7
88 451 8
88 370 8
88 464 7
49 88 8
88 315 8
88 212 9
88 329 11
89 376 11
89 348 8
89 259 9
89 179 10
89 462 8
89 427 12
89 298 8
89 228 9
90 486 11
90 153 12
69 90 14
90 293 12
90 280 7
90 287 9
72 90 9
90 497 15
28 90 9
90 208 9
91 174 11
62 91 9
91 151 8
91 166 12
91 481 10
86 91 11
91 175 10
91 405 7
91 132 12
91 217 11
91 356 8
92 456 9
82 92 7
92 217 14
92 283 11
92 343 11
92 233 13
92 185 8
92 280 12
92 256 9
92 271 7
93 359 8
93 213 10
93 252 10
93 145 10
93 211 9
93 490 15
7 93 11
93 491 9
93 493 15
93 422 12
94 107 9
63 94 10
94 169 10
94 185 7
94 295 12
94 331 10
94 102 10
94 484 14
94 256 16
94 416 7
94 210 13
95 190 7
95 240 9
95 285 11
67 95 10
95 347 8
44 95 12
95 295 10
28 95 9
95 498 11
60 95 12
96 189 12
96 157 10
96 101 7
96 397 8
96 238 10
96 215 13
96 283 13
96 407 10
96 106 9
96 399 7
97 413 7
97 438 13
97 193 11
97 372 10
27 97 10
97 342 11
97 385 12
97 316 11
97 409 11
65 97 11
98 274 9
98 375 12
98 386 12
98 295 11
98 282 9
26 98 12
98 328 13
98 331 9
50 98 9
81 98 10
62 98 9
99 138 13
94 99 11
99 114 13
99 180 12
41 99 7
99 309 11
99 298 13
99 260 8
99 164 8
100 290 11
100 428 14
100 232 10
100 292 13
100 435 9
100 212 10
100 129 11
100 476 11
100 473 11
100 386 8
100 173 15
101 457 8
101 350 11
101 400 10
101 132 11
71 101 9
101 483 12
101 314 8
101 279 11
19 101 13
101 203 9
101 465 10
102 295 8
102 277 6
102 132 10
26 102 14
102 342 15
102 384 11
102 140 10
58 102 9
102 389 11
103 144 10
103 192 10
103 230 15
21 103 11
103 133 8
103 176 10
103 400 11
2 103 12
58 103 11
103 274 10
104 123 11
104 272 11
104 397 11
104 175 13
104 424 10
104 323 8
104 441 13
104 471 9
57 104 9
105 136 13
105 284 7
105 194 12
105 219 11
105 123 11
105 485 10
105 408 12
17 105 13
105 215 9
105 335 9
105 127 9
106 204 9
106 492 11
106 117 11
41 106 11
106 209 12
106 491 14
106 286 9
35 106 9
8 106 11
107 181 13
107 268 11
85 107 11
107 433 9
107 317 9
107 492 12
107 245 15
53 107 12
13 107 14
107 242 8
107 386 13
108 134 10
108 423 9
100 108 9
108 341 14
103 108 9
108 170 11
108 392 9
108 441 9
108 325 11
109 290 8
109 495 12
109 452 12
109 331 9
109 166 11
109 368 14
109 183 10
109 360 9
109 123 11
110 469 10
110 162 9
110 279 11
110 385 10
110 297 10
110 368 11
110 211 13
110 233 10
110 131 6
110 126 8
78 111 14
109 111 8
111 211 8
111 151 11
111 280 7
12 111 6
111 190 9
27 111 10
111 272 10
41 111 10
7 112 13
112 487 11
112 486 11
112 439 6
112 376 8
112 236 10
42 112 11
112 457 10
112 307 12
112 194 12
112 480 8
113 328 12
14 113 10
113 386 12
92 113 10
113 411 13
113 182 11
79 113 9
16 113 14
113 461 8
113 313 8
114 317 11
56 114 10
34 114 11
23 114 8
114 212 9
114 327 10
114 238 13
114 336 10
114 349 7
55 114 9
114 281 8
32 115 9
115 245 9
115 438 10
115 398 10
115 205 13
115 387 13
115 147 8
25 115 12
115 451 11
116 210 9
116 173 9
116 172 10
116 150 10
116 297 10
116 188 7
116 261 15
116 222 10
29 116 8
116 497 9
117 354 11
39 117 10
40 117 14
117 322 12
117 349 13
117 331 10
117 179 10
117 299 9
117 221 9
10 117 9
33 117 14
42 118 9
118 320 8
118 193 5
118 433 9
26 118 13
118 286 10
118 229 12
80 118 13
118 301 9
28 119 10
119 134 10
31 119 11
119 457 9
119 294 12
119 261 11
33 119 13
58 119 12
86 119 11
119 395 10
119 285 14
119 229 11
120 182 13
120 276 10
120 314 9
70 120 11
120 209 9
120 393 10
3 120 10
53 120 10
56 120 12
120 474 14
79 121 9
83 121 13
74 121 10
30 121 10
121 428 10
121 406 10
121 333 11
57 121 10
121 231 12
121 263 7
121 439 10
122 450 10
122 328 10
107 122 10
122 203 11
9 122 9
122 248 12
122 453 13
122 136 13
122 327 6
44 123 10
123 315 11
123 415 11
15 123 6
5 123 10
123 168 12
77 123 13
123 473 10
123 189 12
80 124 10
124 467 12
124 254 9
124 155 14
124 448 10
124 326 11
124 382 10
124 138 11
124 450 15
124 185 9
124 169 10
125 355 12
91 125 10
125 374 8
43 125 10
125 367 11
125 228 12
125 470 10
125 414 12
125 463 14
125 303 10
125 395 11
126 341 12
126 266 11
20 126 9
95 126 11
126 131 10
126 472 11
126 402 12
126 237 8
74 126 11
127 493 13
127 471 10
22 127 6
127 161 11
127 207 12
17 127 9
76 127 10
55 127 11
127 499 12
128 378 11
128 242 9
128 195 11
128 486 9
10 128 12
128 411 8
128 183 14
42 128 12
128 173 7
128 350 10
115 129 9
129 479 7
16 129 8
129 343 9
129 169 8
129 158 7
129 400 6
129 224 11
129 386 11
103 129 14
129 288 10
1 130 10
130 290 9
130 385 12
130 405 11
130 133 13
130 402 8
130 179 12
69 130 15
130 142 9
131 307 8
27 131 11
131 227 15
131 273 12
117 131 10
131 395 12
131 259 13
61 131 8
131 474 10
11 131 9
131 452 11
132 219 7
132 134 11
90 132 11
132 247 10
26 132 8
132 483 11
23 132 10
132 303 12
132 251 10
132 386 9
132 180 9
133 393 12
133 175 14
133 168 13
119 133 11
133 335 11
133 416 10
133 305 13
23 133 14
133 320 7
91 133 12
134 289 7
134 243 8
31 134 11
105 134 9
134 166 7
134 163 8
107 134 11
96 134 10
134 324 11
135 381 11
135 385 11
67 135 16
135 383 14
3 135 12
135 206 12
135 486 12
80 135 10
135 337 11
14 135 12
135 148 11
136 450 12
136 305 10
136 279 9
125 136 10
136 451 9
43 136 9
136 468 12
136 322 10
26 137 4
137 401 9
137 152 11
137 186 10
114 137 9
107 137 11
23 137 13
137 167 8
137 269 10
137 361 13
138 388 10
137 138 9
37 138 12
138 447 9
138 151 10
93 138 11
138 399 12
138 411 9
18 138 13
14 138 9
98 139 11
137 139 10
139 490 11
139 231 8
139 164 11
139 184 9
139 346 11
139 350 11
139 200 12
140 287 12
140 176 8
140 245 11
82 140 12
140 286 10
140 272 9
140 244 12
140 351 10
140 184 11
140 341 10
140 186 11
141 351 9
141 471 12
141 421 14
38 141 10
141 337 13
64 141 8
141 370 6
141 490 10
141 197 9
85 142 11
142 378 8
82 142 8
142 165 12
142 375 13
142 439 10
19 142 7
142 146 11
39 142 12
143 467 11
143 394 8
143 282 9
143 310 13
143 147 11
143 265 10
143 351 12
143 437 6
143 259 8
143 405 6
90 144 12
144 231 11
144 281 13
144 210 14
144 312 13
144 192 8
144 183 10
144 497 12
144 493 8
21 145 8
145 490 11
145 323 11
145 407 11
145 329 13
28 145 6
145 318 9
145 481 8
4 145 11
146 241 10
146 303 14
146 465 12
146 163 9
146 211 7
146 491 11
146 328 13
146 369 9
125 146 12
37 146 9
120 146 9
146 372 14
147 332 12
147 168 6
147 440 9
147 353 13
147 497 15
147 233 11
147 184 11
147 365 10
147 377 10
147 234 9
147 336 8
148 367 10
118 148 16
148 288 10
148 298 9
116 148 14
148 365 9
18 148 9
65 148 8
148 276 14
148 306 9
40 148 10
149 401 9
51 149 11
149 290 10
41 149 9
149 491 7
149 364 9
149 451 11
149 177 15
149 436 9
149 385 9
149 396 11
150 392 8
150 417 6
142 150 10
33 150 9
74 150 10
150 362 6
8 150 10
150 420 9
150 434 13
150 360 11
57 151 12
52 151 11
151 355 12
145 151 11
151 302 10
76 151 11
151 480 8
151 154 11
151 317 10
151 408 9
54 151 13
73 152 14
152 344 11
145 152 12
143 152 14
152 475 7
119 152 8
152 367 13
152 372 14
6 152 11
133 153 11
153 273 12
101 153 8
153 169 12
153 257 10
0 153 6
153 236 10
108 153 11
153 331 10
153 205 12
153 315 12
154 233 6
121 154 9
154 187 15
56 154 9
154 194 11
114 154 9
154 370 10
154 390 12
85 154 12
154 200 9
154 274 10
155 309 8
155 384 11
155 397 8
155 234 9
155 433 9
100 155 10
155 421 13
68 155 9
155 203 7
156 174 13
156 164 14
156 275 6
156 181 12
156 384 9
55 156 10
156 406 11
156 248 11
156 230 11
49 156 14
105 156 9
157 196 13
157 275 10
114 157 14
3 157 9
27 157 8
157 390 12
42 157 7
157 391 11
157 208 8
157 233 12
126 157 9
157 430 9
158 469 9
158 181 13
88 158 8
158 487 9
158 403 13
158 321 9
23 158 6
123 158 11
158 491 11
5 158 9
159 396 7
159 176 10
159 454 15
108 159 9
159 385 12
159 249 11
159 216 9
159 161 12
7 159 9
159 367 15
159 456 11
160 351 9
160 232 11
160 243 11
160 459 10
160 308 12
160 346 9
160 474 10
56 160 7
160 262 10
160 462 10
161 449 12
161 465 10
161 458 10
123 161 9
161 422 12
161 262 5
37 161 9
161 270 11
161 496 11
161 374 9
162 288 12
33 162 13
162 375 10
162 336 11
162 285 7
162 484 14
69 162 10
162 388 11
162 258 5
162 225 10
14 163 14
163 457 15
163 166 14
104 163 11
163 212 10
163 458 8
163 465 12
163 272 8
163 247 8
164 355 13
164 228 12
138 164 15
164 199 11
164 454 11
102 164 9
95 164 10
164 180 11
42 164 11
164 370 10
43 165 11
165 368 12
165 214 8
165 451 12
165 460 12
165 289 11
165 215 15
165 364 12
165 463 12
166 416 9
98 166 10
166 318 7
166 197 11
51 166 12
166 476 13
120 166 10
166 343 10
166 269 12
154 166 10
166 363 12
167 331 12
6 167 10
167 273 11
147 167 14
108 167 6
167 471 8
167 278 13
167 269 12
167 292 10
75 167 10
168 278 8
168 291 10
71 168 8
168 474 10
168 433 11
168 297 10
168 409 9
23 168 10
44 168 12
168 310 12
36 169 9
169 251 7
169 425 11
169 282 12
149 169 11
6 169 9
169 216 11
122 169 11
169 190 12
169 358 9
87 169 12
73 170 6
41 170 11
170 342 9
155 170 8
170 285 10
170 172 9
170 178 9
170 381 15
170 339 9
170 225 10
6 171 11
171 199 11
171 449 10
171 327 8
171 227 12
171 358 11
171 177 9
122 171 10
126 171 8
172 322 11
168 172 10
150 172 11
1 172 8
172 212 12
17 172 11
172 275 11
84 172 10
149 172 14
172 433 11
173 297 12
173 400 6
173 468 9
173 216 8
173 327 11
173 221 8
173 235 8
173 438 12
102 173 10
173 238 11
51 173 11
174 210 10
28 174 9
174 197 12
59 174 14
174 454 10
174 240 7
170 174 11
24 174 9
174 306 10
174 410 12
175 353 12
169 175 14
168 175 10
14 175 10
39 175 7
92 175 9
175 438 11
175 418 13
29 175 10
176 453 14
176 409 12
176 332 9
176 497 10
38 176 11
176 210 12
7 176 6
147 176 10
176 457 13
176 249 9
36 177 12
177 298 10
177 294 11
177 267 12
177 481 11
177 433 8
60 177 7
177 219 11
177 254 12
177 372 10
178 321 6
178 285 12
178 262 11
178 314 11
28 178 10
178 356 9
48 178 8
178 355 10
178 368 12
178 282 12
179 279 9
179 370 14
179 477 9
179 368 11
179 404 10
179 272 8
179 329 11
85 179 10
37 179 11
179 286 11
180 492 12
66 180 13
180 240 13
180 249 11
150 180 13
14 180 11
180 212 11
180 219 12
180 252 8
180 437 10
180 441 11
181 352 12
181 363 14
181 425 9
181 308 8
124 181 11
151 181 9
181 399 10
87 181 13
181 299 12
181 279 14
182 499 9
168 182 12
179 182 13
30 182 8
163 182 13
22 182 10
182 355 12
182 185 11
182 310 10
183 321 14
183 205 12
183 327 8
183 265 12
57 183 10
183 227 9
183 323 8
73 183 11
183 394 8
183 371 12
115 184 13
184 190 7
184 373 10
184 299 9
184 239 11
184 488 11
184 451 10
184 475 12
184 339 11
185 397 10
185 388 14
185 473 8
185 336 11
185 399 11
185 465 7
185 385 10
185 338 8
163 185 7
185 265 9
186 419 10
17 186 10
149 186 11
186 382 5
186 300 13
186 298 10
186 410 9
186 442 11
186 192 10
187 256 8
187 333 8
182 187 11
187 260 11
187 364 13
146 187 11
187 463 13
85 187 11
187 226 12
187 395 9
187 404 11
188 462 10
188 243 12
188 368 9
188 219 10
188 404 13
188 331 11
11 188 9
53 188 11
185 188 9
172 188 13
154 189 11
189 404 11
189 431 12
38 189 12
189 387 11
189 447 7
189 381 12
189 202 10
104 189 13
190 358 11
136 190 10
21 190 12
190 326 12
48 190 11
190 204 10
52 190 7
190 423 10
190 414 10
127 191 8
191 308 10
191 416 10
191 358 9
191 441 8
79 191 9
1 191 13
191 233 9
191 216 9
142 192 9
192 277 14
192 450 14
192 410 10
192 210 11
19 192 11
192 388 10
192 318 10
48 192 9
57 192 10
106 193 12
193 335 11
123 193 7
193 431 8
193 198 9
193 299 8
145 193 11
16 193 8
51 193 13
193 341 9
192 193 8
194 280 8
172 194 12
194 385 6
194 228 10
194 229 11
176 194 11
194 321 12
194 313 9
194 305 11
135 194 11
195 248 9
195 354 11
107 195 11
195 384 10
195 356 9
125 195 9
1 195 11
123 195 7
63 195 12
195 213 10
195 222 7
196 429 10
196 428 11
138 196 4
196 340 8
18 196 10
153 196 10
196 303 13
196 400 12
196 350 14
196 367 11
196 199 11
197 200 9
197 319 15
197 475 13
197 456 10
43 197 8
197 397 10
72 197 9
197 282 12
197 426 9
198 353 10
198 283 12
27 198 7
198 289 11
132 198 11
198 499 9
108 198 9
173 198 9
198 226 11
198 286 15
157 198 11
169 199 11
199 410 13
199 418 14
199 281 14
113 199 12
175 199 12
92 199 11
199 375 10
144 199 11
167 199 10
198 200 10
1 200 11
126 200 8
199 200 11
107 200 11
81 200 9
200 489 7
27 200 11
20 200 12
200 472 12
173 201 12
201 306 10
201 297 11
201 345 10
201 370 11
201 420 11
201 356 10
201 432 12
201 486 10
8 201 10
168 202 12
202 376 11
202 421 12
202 434 11
93 202 9
19 202 8
191 202 9
202 478 13
202 226 9
202 465 12
203 301 11
165 203 11
203 310 7
21 203 12
203 450 11
144 203 8
61 203 12
133 203 9
107 203 12
204 424 10
15 204 9
150 204 13
84 204 12
62 204 13
204 220 12
204 310 13
204 492 8
135 204 10
205 435 11
98 205 11
40 205 9
205 281 7
164 205 16
205 449 9
84 205 9
205 456 10
205 357 8
205 302 12
205 347 11
206 384 7
206 306 12
206 342 12
25 206 11
206 227 11
40 206 11
173 206 9
206 245 9
92 206 10
33 206 13
207 482 10
207 278 11
207 435 12
163 207 10
168 207 9
207 302 8
157 207 7
207 309 10
208 377 14
160 208 12
208 491 7
208 295 14
32 208 9
208 321 14
78 208 13
206 208 14
208 396 9
131 208 13
98 209 10
93 209 10
209 389 13
167 209 8
57 209 13
169 209 10
25 209 11
80 209 8
209 404 10
209 293 13
209 267 11
209 480 13
210 450 8
49 210 10
210 360 9
210 369 14
29 210 10
210 393 10
210 441 9
210 251 9
210 499 10
210 460 12
211 479 7
0 211 11
203 211 7
211 377 12
211 445 9
82 211 8
99 211 10
172 211 9
145 211 15
211 383 12
20 212 7
212 258 8
212 339 10
64 212 8
113 212 11
33 212 10
212 411 12
102 212 11
212 350 8
140 212 10
213 365 12
213 350 15
213 319 11
178 213 12
213 360 16
213 473 9
213 251 9
213 443 9
213 376 13
214 491 7
24 214 12
214 485 17
214 480 14
214 420 11
214 250 10
72 214 10
214 364 11
184 214 9
37 214 10
130 214 10
9 215 10
215 291 9
215 323 8
215 429 9
215 363 7
215 486 12
215 454 12
215 299 12
126 215 11
215 451 11
19 215 14
186 216 12
216 333 12
34 216 9
216 254 10
96 216 12
72 216 13
27 216 11
216 285 13
26 216 7
165 216 9
150 216 10
14 217 9
217 230 13
81 217 11
217 290 10
208 217 11
217 344 14
217 406 12
86 217 9
43 217 9
113 218 10
218 327 9
218 295 9
218 463 8
130 218 12
218 433 10
218 284 5
218 492 10
218 328 9
218 311 13
219 240 13
164 219 9
219 402 9
219 452 4
216 219 6
219 465 12
219 440 10
219 391 13
15 219 10
121 219 9
52 220 9
220 244 8
220 347 10
47 220 10
220 372 12
172 220 12
220 339 9
193 220 13
116 220 9
220 425 9
220 348 10
221 268 11
221 483 13
130 221 10
45 221 9
221 245 10
221 342 11
221 433 10
221 303 12
221 255 11
73 221 9
36 221 8
67 222 9
146 222 8
222 255 8
222 458 9
222 470 12
63 222 12
217 222 13
222 355 12
222 460 15
196 222 6
222 225 9
223 499 10
47 223 12
223 433 9
69 223 10
128 223 12
223 288 10
73 223 12
193 223 7
171 223 8
45 224 10
224 240 8
224 319 6
89 224 9
35 224 11
19 224 7
224 495 7
224 440 10
37 224 7
224 375 10
81 225 10
225 430 9
225 287 10
225 330 9
225 265 14
51 225 13
225 286 15
225 285 8
17 225 12
134 225 7
82 225 11
225 259 9
32 226 10
226 336 10
144 226 7
226 490 10
11 226 11
226 280 11
151 226 9
104 226 10
227 372 12
168 227 9
227 312 10
227 310 11
227 369 10
50 227 11
227 313 13
227 255 11
227 329 10
214 227 14
54 228 13
228 265 9
70 228 8
228 468 9
228 290 9
117 228 13
228 390 12
228 490 9
76 228 12
229 262 10
116 229 8
229 443 7
229 265 12
128 229 9
229 433 12
229 250 10
228 229 8
229 251 9
230 285 14
230 499 9
230 449 11
158 230 14
230 405 13
230 304 11
230 441 11
230 419 14
187 230 9
2 230 12
231 475 12
231 471 12
24 231 10
231 407 10
38 231 14
231 436 13
231 287 8
231 249 10
231 307 10
231 394 12
40 232 9
232 492 8
162 232 8
117 232 11
179 232 14
60 232 11
232 495 12
232 463 11
233 466 10
31 233 7
233 261 12
233 426 9
199 233 11
233 275 11
233 304 10
181 233 13
233 498 12
89 233 13
34 234 11
65 234 7
105 234 8
175 234 13
234 491 12
93 234 11
234 262 7
160 234 14
215 235 7
145 235 12
127 235 12
235 421 11
235 329 10
162 235 11
235 302 13
152 235 8
14 235 8
235 405 10
148 236 10
236 317 11
236 354 10
122 236 13
236 307 13
236 314 9
156 236 9
236 329 7
117 236 9
144 237 5
237 411 14
41 237 9
210 237 12
237 401 9
51 237 13
237 278 11
74 237 12
237 470 10
105 237 12
238 396 9
8 238 8
14 238 13
238 483 7
169 238 8
238 354 13
108 238 14
184 238 12
127 238 14
46 238 10
201 238 13
239 499 11
239 470 14
239 259 12
239 396 9
239 323 13
239 361 11
239 353 10
214 239 8
239 392 12
195 239 13
239 491 9
223 240 8
221 240 10
240 242 8
144 240 10
9 240 10
234 240 14
229 240 10
240 348 9
240 482 12
113 241 12
226 241 10
241 342 9
241 476 12
151 241 10
239 241 13
191 241 10
184 241 12
235 241 14
88 242 10
242 421 9
117 242 10
242 469 11
167 242 10
242 322 8
242 389 11
242 375 15
60 242 9
242 423 12
214 242 9
243 424 13
222 243 13
243 478 12
243 278 10
243 398 12
243 246 11
243 294 10
83 243 12
243 451 10
43 243 14
244 296 7
116 244 15
60 244 9
103 244 11
164 244 8
6 244 11
165 244 11
239 244 9
80 244 7
244 463 11
244 358 10
245 315 10
102 245 12
245 314 11
152 245 15
16 245 11
245 454 12
245 349 9
245 270 9
245 380 12
50 245 12
245 331 12
246 343 9
165 246 10
246 483 10
246 409 12
9 246 10
94 246 8
33 246 6
246 268 10
246 466 10
247 263 12
86 247 10
247 431 9
98 247 10
202 247 12
247 347 9
247 251 11
247 461 12
247 270 14
189 247 9
164 247 12
248 471 12
146 248 10
109 248 10
248 260 11
208 248 11
45 248 12
248 425 8
248 475 7
234 248 12
249 319 10
249 252 9
249 379 9
172 249 7
26 249 10
249 376 9
249 296 12
249 309 12
128 249 9
249 429 8
250 269 10
156 250 12
20 250 11
19 250 13
250 378 12
250 350 12
93 250 12
250 488 9
44 250 10
250 453 11
212 251 13
211 251 8
251 353 14
251 319 8
209 251 12
32 251 9
251 293 10
96 251 8
205 251 13
252 324 7
236 252 10
130 252 10
252 310 12
252 318 10
252 467 9
73 252 11
252 277 10
220 253 10
6 253 14
253 485 9
142 253 9
253 405 12
253 328 10
10 253 15
253 449 8
253 372 14
253 415 12
86 254 12
190 254 7
254 288 10
99 254 9
254 435 11
254 487 11
254 409 11
254 490 10
254 271 10
254 346 11
255 258 12
255 380 13
255 349 14
255 323 10
168 255 14
255 392 12
131 255 9
205 255 9
255 426 10
149 255 9
255 441 9
245 256 8
256 462 13
256 293 10
213 256 10
40 256 12
256 309 8
219 256 8
256 439 12
256 382 14
191 256 11
73 256 13
50 257 9
38 257 9
257 364 12
257 443 10
257 420 9
145 257 7
148 257 9
257 343 9
257 302 12
258 427 8
258 382 11
37 258 14
258 301 9
28 258 11
258 468 10
258 261 15
197 258 12
216 258 9
258 368 12
258 496 8
258 300 10
240 259 11
175 259 10
157 259 12
153 259 6
23 259 11
259 311 8
259 290 11
259 403 13
259 381 10
150 259 9
260 439 12
97 260 10
260 443 12
260 280 15
260 481 12
260 343 11
199 260 9
260 395 10
253 260 12
65 260 9
12 261 10
221 261 14
261 341 10
111 261 10
4 261 8
27 261 6
261 311 12
261 300 11
253 261 10
261 328 10
262 408 11
262 287 7
262 439 8
262 354 11
262 437 11
18 262 14
106 262 11
102 262 8
141 262 14
262 421 14
263 470 12
263 472 13
263 412 9
256 263 14
39 263 8
263 377 13
263 490 12
257 263 7
263 418 7
263 398 10
263 443 11
231 264 11
264 328 12
175 264 11
195 264 13
264 493 12
264 286 12
87 264 9
264 304 13
149 264 11
145 264 10
264 440 7
265 454 11
109 265 6
265 268 9
265 468 9
265 472 8
265 409 5
134 265 13
265 351 11
149 265 17
14 265 8
104 266 11
52 266 11
266 351 11
53 266 10
160 266 11
134 266 6
266 476 10
257 266 13
266 297 12
112 266 9
93 267 9
23 267 6
100 267 13
267 436 10
267 398 11
267 301 8
267 466 13
155 267 10
267 329 12
184 267 11
267 371 11
268 324 11
112 268 11
268 339 10
154 268 13
268 464 16
140 268 12
207 268 9
268 281 11
113 268 8
268 480 6
220 268 10
269 309 16
269 422 13
0 269 9
105 269 8
132 269 10
269 295 10
269 285 8
1 269 7
204 269 14
97 270 11
270 298 8
270 478 11
7 270 13
270 428 11
250 270 9
42 270 10
180 270 8
238 270 12
270 336 12
121 270 10
271 275 8
133 271 12
271 405 11
271 472 11
240 271 12
205 271 8
271 328 9
271 486 11
271 375 14
71 271 9
29 271 8
272 437 11
264 272 12
272 468 13
272 430 7
33 272 15
62 272 13
101 272 10
50 272 8
272 475 9
193 272 12
183 273 10
76 273 12
250 273 11
273 407 11
272 273 6
273 367 14
273 408 8
273 352 7
99 273 11
14 273 9
274 442 12
191 274 8
102 274 13
203 274 10
117 274 12
155 274 10
42 274 13
32 274 13
36 275 11
275 329 10
90 275 10
113 275 7
275 484 14
64 275 11
275 425 11
275 408 10
73 275 8
275 326 9
257 276 6
230 276 9
276 365 11
276 287 9
276 311 11
276 487 11
102 276 10
276 490 10
277 299 9
71 277 12
277 305 12
277 283 10
21 277 11
277 331 10
277 329 9
95 277 11
277 477 11
278 311 10
278 319 10
48 278 11
216 278 10
278 495 13
176 278 7
278 291 11
160 278 10
227 278 10
20 278 11
117 279 9
279 482 7
54 279 9
279 449 10
279 436 9
279 364 8
249 279 8
279 462 10
279 480 12
280 338 11
271 280 10
280 284 4
148 280 13
280 287 11
230 280 9
3 280 12
280 460 9
176 280 12
65 280 10
280 313 10
215 280 7
68 281 11
281 452 8
281 315 12
281 303 12
281 488 10
281 365 9
252 281 10
100 281 9
281 414 11
193 281 12
282 374 12
282 401 11
15 282 10
175 282 10
39 282 10
282 384 11
248 282 9
282 322 10
100 282 11
116 283 11
283 321 5
283 439 11
191 283 11
55 283 8
283 332 11
146 283 9
283 389 15
284 446 11
284 366 13
284 409 9
72 284 9
284 421 9
267 284 11
284 402 12
284 313 9
284 367 12
221 285 9
181 285 8
1 285 15
285 468 15
285 448 13
285 434 11
96 285 11
285 370 13
49 285 10
286 366 12
111 286 10
252 286 14
76 286 9
286 389 11
134 286 11
286 345 12
286 394 7
287 469 7
287 401 9
194 287 7
274 287 12
109 287 11
287 349 11
287 335 10
233 287 8
168 287 11
151 288 11
288 404 7
215 288 12
288 409 6
236 288 14
288 492 9
288 459 10
288 346 14
53 288 11
69 288 11
242 288 9
25 288 13
281 289 10
131 289 10
267 289 11
68 289 9
28 289 10
70 289 8
289 376 8
214 289 11
4 289 9
289 371 13
289 421 7
97 290 15
281 290 12
283 290 14
140 290 10
48 290 13
229 290 12
290 330 10
290 423 13
139 290 15
291 446 11
176 291 10
57 291 5
221 291 11
58 291 11
287 291 9
126 291 9
91 291 10
129 291 9
130 291 11
291 416 11
291 423 13
292 448 10
87 292 15
264 292 8
76 292 12
94 292 11
292 375 13
162 292 11
292 326 9
52 292 12
32 292 7
187 293 10
282 293 9
293 319 11
55 293 14
292 293 11
293 316 11
293 468 11
150 293 10
293 331 10
145 293 10
294 381 7
235 294 9
294 348 13
56 294 13
293 294 11
32 294 13
294 476 8
294 351 10
294 309 11
294 396 10
295 420 8
295 483 14
32 295 10
295 363 10
57 295 10
150 295 12
295 454 11
259 295 7
48 295 11
9 295 5
136 296 11
296 397 13
56 296 11
296 463 12
227 296 11
296 494 10
285 296 11
146 296 9
296 421 13
296 325 10
6 296 11
233 297 10
91 297 9
97 297 7
297 326 12
297 448 10
73 297 6
37 297 10
248 297 13
297 480 10
284 297 13
298 353 14
120 298 11
298 350 13
239 298 15
56 298 11
224 298 8
28 298 12
37 298 12
298 422 10
298 317 8
298 388 14
189 298 9
299 321 9
76 299 10
128 299 11
249 299 8
71 299 9
20 299 12
299 302 8
267 299 10
299 356 9
299 333 9
299 376 9
262 300 15
22 300 9
81 300 11
300 310 11
222 300 10
14 300 14
300 395 11
236 300 6
300 324 11
270 300 10
185 301 11
301 310 7
67 301 10
199 301 8
146 301 12
301 465 9
175 301 12
166 301 8
301 407 8
270 301 11
302 330 13
302 412 10
198 302 10
94 302 11
242 302 9
174 302 9
302 328 11
195 302 12
302 347 9
39 302 9
302 424 11
282 303 12
303 445 9
303 370 10
82 303 8
303 335 11
137 303 6
4 303 12
30 303 12
156 303 11
75 303 7
270 303 12
304 323 11
239 304 11
304 449 11
112 304 8
304 364 11
231 304 13
304 339 6
304 443 10
113 304 13
304 473 12
135 305 12
1 305 11
146 305 9
253 305 10
305 327 8
157 305 10
241 305 9
262 305 12
75 305 10
2 305 6
306 309 9
176 306 9
294 306 12
275 306 11
306 416 11
180 306 9
24 306 11
216 306 15
69 306 10
212 306 9
184 306 10
307 370 9
218 307 10
307 329 10
307 363 13
307 391 14
110 307 9
307 351 10
175 307 8
33 307 13
197 307 11
307 318 10
250 308 10
308 434 9
308 474 12
308 442 11
308 397 7
308 326 10
289 308 9
35 308 11
52 308 9
308 352 12
33 309 9
309 338 8
309 434 11
309 337 13
110 309 7
112 309 12
106 309 8
37 309 13
86 309 13
233 309 11
107 310 12
310 470 13
310 406 11
310 464 11
201 310 9
95 310 9
25 310 8
310 416 14
243 310 10
310 333 7
20 311 10
213 311 9
124 311 9
311 495 8
224 311 15
311 422 7
311 331 12
311 333 10
169 311 7
312 414 6
312 424 10
253 312 11
35 312 12
312 428 9
249 312 12
95 312 12
296 312 10
235 312 11
26 312 11
311 313 8
39 313 14
219 313 13
313 490 8
127 313 11
313 453 10
23 313 5
37 313 9
313 414 12
314 471 11
175 314 9
314 489 9
314 371 12
275 314 10
314 401 9
314 381 9
314 384 13
311 314 13
248 314 13
314 472 14
164 314 9
214 315 11
82 315 12
315 319 11
315 340 12
90 315 10
59 315 13
315 438 10
315 388 10
70 315 12
89 315 12
195 315 12
286 316 15
316 431 12
316 458 10
94 316 10
316 369 15
316 329 11
64 316 9
92 316 8
316 332 5
12 316 11
185 317 11
134 317 10
63 317 11
317 460 9
317 465 14
317 467 11
82 317 11
317 444 10
263 317 12
155 318 9
318 337 9
318 467 10
101 318 10
86 318 10
54 318 13
254 318 13
318 323 12
318 332 9
207 318 11
318 388 10
138 319 12
2 319 11
287 319 13
319 428 13
61 319 7
319 384 10
319 433 9
162 319 10
319 373 9
296 319 11
310 320 11
320 395 12
132 320 10
14 320 11
25 320 8
320 408 10
77 320 9
210 320 9
320 442 11
320 345 10
320 426 10
145 321 11
114 321 12
321 379 12
235 321 11
159 321 7
161 321 14
87 321 11
321 444 10
321 424 10
322 468 9
322 470 9
322 417 9
24 322 11
322 425 11
269 322 11
108 322 9
119 322 9
91 322 10
93 322 11
233 322 12
210 323 10
323 339 11
291 323 14
280 323 7
323 406 17
323 412 13
257 323 11
323 455 10
176 323 11
165 323 6
77 324 12
179 324 11
324 444 15
39 324 7
285 324 14
274 324 10
324 356 10
188 324 12
168 324 10
324 401 10
325 497 9
106 325 12
95 325 12
303 325 11
149 325 7
325 380 8
277 325 9
264 325 13
18 325 11
326 477 8
326 451 10
326 447 7
189 326 10
140 326 11
120 326 11
142 326 10
130 326 13
312 326 10
126 326 13
154 326 9
8 326 14
1 327 15
327 396 10
327 472 8
327 473 9
66 327 11
220 327 11
285 327 11
327 346 8
3 327 9
38 328 11
234 328 8
169 328 11
19 328 11
243 328 11
16 328 7
56 328 14
257 328 12
66 328 11
173 328 10
328 440 10
64 328 10
118 329 11
293 329 11
265 329 5
35 329 11
76 329 10
329 460 10
329 447 8
329 471 12
282 329 12
78 329 16
329 491 14
185 330 8
330 492 8
205 330 11
330 348 10
86 330 11
19 330 9
323 330 15
23 330 8
330 433 10
200 331 10
13 331 11
49 331 13
331 395 10
204 331 11
295 331 11
331 388 12
285 331 10
270 331 11
234 332 12
17 332 13
129 332 11
332 371 11
332 496 11
95 332 9
45 332 6
179 332 13
237 332 9
111 332 12
159 332 11
31 333 10
184 333 15
333 468 13
333 359 11
333 385 11
11 333 10
203 333 9
53 333 8
247 333 12
334 372 9
334 371 8
257 334 13
102 334 9
221 334 14
11 334 13
334 361 12
189 334 12
334 484 9
209 334 8
306 335 11
286 335 10
296 335 11
203 335 12
335 467 7
335 391 11
264 335 13
335 446 8
180 335 10
335 398 8
335 423 15
117 335 12
171 336 10
336 338 13
336 398 10
278 336 12
154 336 11
256 336 13
336 479 10
236 336 11
336 352 10
83 337 15
233 337 10
337 459 14
166 337 10
272 337 10
146 337 10
267 337 11
337 364 9
127 337 11
337 389 13
94 337 9
338 474 10
338 343 10
43 338 8
288 338 9
79 338 11
310 338 11
246 338 11
338 444 11
102 338 9
34 338 9
135 338 11
297 338 11
339 361 11
339 432 10
6 339 8
131 339 12
16 339 12
313 339 13
47 339 8
153 339 11
32 339 10
126 339 13
290 339 10
132 339 7
292 340 10
74 340 12
340 362 11
229 340 10
237 340 11
261 340 8
22 340 10
46 340 7
340 463 15
235 340 11
161 340 14
165 341 13
341 457 12
341 430 11
341 414 10
341 395 14
341 474 13
136 341 10
10 341 8
341 450 12
19 341 9
342 380 8
127 342 13
148 342 13
139 342 11
217 342 12
70 342 12
342 444 14
342 404 8
342 443 11
343 402 11
343 345 9
300 343 8
73 343 11
333 343 11
343 353 9
189 343 9
288 343 10
343 467 10
254 344 11
176 344 9
296 344 11
19 344 11
344 439 13
344 354 9
344 393 12
162 344 10
188 344 9
141 345 11
63 345 6
323 345 12
345 421 2
345 346 10
93 345 12
129 345 12
328 345 10
55 345 10
73 345 13
345 365 10
16 346 10
83 346 11
133 346 10
1 346 10
161 346 15
150 346 13
141 346 13
320 346 9
346 439 11
114 346 12
270 346 13
338 347 12
347 393 12
347 351 11
296 347 7
120 347 8
309 347 13
347 472 9
318 347 9
86 347 11
332 347 14
334 348 12
130 348 9
205 348 9
54 348 9
299 348 11
348 364 9
253 348 6
78 348 11
76 348 6
346 348 12
36 348 14
228 349 8
223 349 12
349 471 12
183 349 9
71 349 11
29 349 10
3 349 9
79 349 11
233 349 10
146 350 8
176 350 9
350 368 9
169 350 12
193 350 9
342 350 11
350 382 13
295 350 11
330 350 8
102 351 11
47 351 11
112 351 11
351 428 11
351 354 10
78 351 9
177 351 10
90 351 10
29 351 10
73 352 11
186 352 9
77 352 9
313 352 9
352 367 9
55 352 12
352 401 14
131 352 11
340 352 12
9 352 13
353 456 8
61 353 8
296 353 12
169 353 11
216 353 11
265 353 10
353 414 8
146 353 10
345 353 11
322 354 9
139 354 7
145 354 13
166 354 9
354 468 15
218 354 11
354 436 12
191 354 9
354 463 9
337 355 12
203 355 8
355 491 10
31 355 11
355 356 10
16 355 9
148 355 7
133 355 14
102 356 12
341 356 13
239 356 9
90 356 13
92 356 13
9 356 11
356 496 8
356 460 10
61 356 8
356 365 9
158 356 11
357 408 13
271 357 11
318 357 14
243 357 9
357 491 9
327 357 9
169 357 11
274 357 7
357 462 14
54 357 11
345 357 6
76 357 11
142 358 12
172 358 8
358 422 8
358 448 12
334 358 7
351 358 10
117 358 11
358 432 14
358 446 12
14 358 12
358 403 10
180 359 8
359 413 9
359 477 13
115 359 10
359 383 12
359 425 10
318 359 11
35 359 11
359 411 8
272 359 12
359 490 11
33 360 8
222 360 11
360 490 9
39 360 11
340 360 10
176 360 11
96 360 11
36 360 11
91 360 11
91 361 9
93 361 9
219 361 7
0 361 11
12 361 9
64 361 8
320 361 15
96 361 9
131 361 11
251 361 13
163 362 11
330 362 14
343 362 8
101 362 12
350 362 12
233 362 12
265 362 13
167 362 13
226 362 10
298 362 10
59 363 14
1 363 9
171 363 7
20 363 12
120 363 15
184 363 10
191 363 10
193 363 12
354 363 10
175 363 10
254 363 14
329 364 9
233 364 8
56 364 11
250 364 8
171 364 11
325 364 9
133 364 13
220 364 12
287 364 6
300 365 10
365 478 11
22 365 9
365 418 11
20 365 13
365 445 12
255 365 13
365 442 15
37 365 12
61 366 11
366 407 7
366 461 8
281 366 8
34 366 10
160 366 9
345 366 11
366 476 11
121 366 7
4 367 7
96 367 12
326 367 14
36 367 10
367 388 8
334 367 12
73 367 7
327 367 10
253 367 8
183 367 11
309 368 10
343 368 12
274 368 12
333 368 8
160 368 11
234 368 11
126 368 12
205 368 11
164 368 9
368 484 12
270 368 5
369 430 9
369 479 12
53 369 9
225 369 11
369 455 8
369 381 11
131 369 9
111 369 13
370 413 11
370 421 10
370 480 12
245 370 7
66 370 10
25 370 10
344 370 11
131 370 15
242 370 12
133 370 9
370 373 11
78 371 11
371 467 10
371 495 12
32 371 10
371 463 11
2 371 9
156 371 10
131 371 12
238 371 10
93 372 10
28 372 12
184 372 11
129 372 14
372 393 8
22 372 12
141 372 12
181 372 12
372 459 9
372 451 8
41 372 8
372 494 10
373 490 10
250 373 9
60 373 11
143 373 15
335 373 10
59 373 13
373 381 14
305 373 7
328 373 8
230 373 11
265 373 11
374 432 13
374 394 11
287 374 11
15 374 12
291 374 10
301 374 8
374 481 10
17 374 12
374 484 8
171 374 9
169 374 8
177 375 7
252 375 12
55 375 11
375 412 9
375 431 14
228 375 7
375 447 10
240 375 10
190 375 10
376 479 9
204 376 9
68 376 14
40 376 10
173 376 9
376 380 10
376 377 8
16 376 10
365 376 13
376 459 9
376 485 11
352 377 14
110 377 13
377 488 11
338 377 9
25 377 12
227 377 10
259 377 9
242 377 12
377 463 11
378 483 12
280 378 10
320 378 14
16 378 15
137 378 8
92 378 13
167 378 11
378 401 14
334 378 11
344 378 10
372 379 12
92 379 13
379 466 10
181 379 15
170 379 11
133 379 9
379 400 11
379 460 10
223 379 6
379 490 12
364 379 10
218 380 10
380 437 8
107 380 13
201 380 12
96 380 8
224 380 8
380 431 11
380 451 9
293 380 12
381 401 10
50 381 12
366 381 14
381 407 11
46 381 8
297 381 13
305 381 12
381 487 13
381 489 12
381 492 10
148 382 6
375 382 13
245 382 11
159 382 9
382 462 11
382 438 12
47 382 14
382 491 9
382 431 13
382 483 11
319 382 13
268 383 10
275 383 12
47 383 10
357 383 11
383 459 11
285 383 10
159 383 9
59 383 12
183 383 13
244 383 14
336 384 5
384 441 15
384 407 10
271 384 12
344 384 14
335 384 11
384 419 7
150 384 10
384 478 11
353 384 9
192 385 14
318 385 8
385 399 12
19 385 11
107 385 13
385 446 8
228 385 10
77 385 14
279 385 12
385 484 15
329 386 8
386 460 8
293 386 10
15 386 10
195 386 10
145 386 11
62 386 9
32 386 7
386 479 8
319 387 9
177 387 10
200 387 12
130 387 13
350 387 7
351 387 10
52 387 10
324 388 10
226 388 13
209 388 11
285 388 13
181 388 7
388 418 12
388 391 8
234 388 10
156 389 11
92 389 11
132 389 10
306 389 13
323 389 12
89 389 10
267 389 14
207 389 12
272 389 13
268 390 8
390 435 11
390 489 11
186 390 10
197 390 11
238 390 13
390 440 12
298 390 10
213 390 8
390 442 8
187 390 10
244 391 13
1 391 12
391 426 13
391 403 9
368 391 10
94 391 10
104 391 14
188 391 11
130 391 10
323 391 10
145 392 11
75 392 10
30 392 11
51 392 11
289 392 14
233 392 13
181 392 8
29 392 14
275 392 11
209 392 10
127 392 13
119 393 7
393 428 8
393 460 11
393 433 10
104 393 12
131 393 7
128 393 9
288 393 11
393 474 7
33 393 10
340 393 9
280 393 11
11 394 11
342 394 12
384 394 12
394 421 10
153 394 10
159 394 11
394 462 10
229 394 11
167 394 12
361 394 11
395 476 7
228 395 10
395 413 10
215 395 10
229 395 13
365 395 11
57 395 7
26 395 11
362 395 10
395 499 10
396 427 10
189 396 8
396 436 13
131 396 9
123 396 14
342 396 10
228 396 7
396 466 7
396 468 13
354 396 14
278 396 10
222 397 13
334 397 12
397 474 11
397 436 7
254 397 10
10 397 11
338 397 8
267 397 10
327 397 13
95 397 13
35 397 13
290 398 10
306 398 12
304 398 12
106 398 9
137 398 11
144 398 9
398 492 10
255 398 10
398 417 9
152 398 13
192 399 9
375 399 13
389 399 14
200 399 12
41 399 11
355 399 11
294 399 7
399 453 9
52 399 9
51 399 16
85 399 8
34 399 12
102 400 8
400 493 10
301 400 12
205 400 13
400 486 14
72 400 14
400 445 10
38 400 10
267 400 11
95 400 9
400 464 8
389 400 13
19 401 10
346 401 11
23 401 8
350 401 13
401 473 9
330 401 11
193 401 8
401 471 13
194 402 11
105 402 8
367 402 11
402 445 9
18 402 11
248 402 12
402 438 8
137 402 11
402 453 10
393 402 14
0 402 10
240 403 13
121 403 9
318 403 14
100 403 11
359 403 8
224 403 15
199 403 10
8 403 8
31 403 5
403 465 10
319 403 11
24 404 10
404 426 14
227 404 8
404 466 13
404 415 14
380 404 11
178 404 7
168 404 12
217 404 15
405 447 9
324 405 12
217 405 8
8 405 8
284 405 14
125 405 8
37 405 11
275 405 10
405 409 14
87 405 13
354 405 9
315 406 11
95 406 10
304 406 11
269 406 12
102 406 13
406 430 12
406 423 12
406 469 9
338 406 12
117 406 10
407 463 13
53 407 6
370 407 7
206 407 12
174 407 10
407 433 11
407 497 11
407 428 6
100 407 8
282 407 11
408 446 10
4 408 11
283 408 8
408 421 12
316 408 9
285 408 9
344 408 12
210 408 10
259 408 11
408 445 13
45 409 12
316 409 9
318 409 8
409 474 14
409 460 9
409 482 9
56 409 14
409 473 12
283 409 10
262 409 11
32 410 12
184 410 13
131 410 12
410 479 8
266 410 10
134 410 10
115 410 11
11 410 10
62 410 9
362 410 10
400 411 9
287 411 8
133 411 13
387 411 8
166 411 9
208 411 13
362 411 11
367 411 12
31 411 13
209 412 6
120 412 11
296 412 9
64 412 9
382 412 11
395 412 12
412 449 13
129 412 13
4 412 11
147 412 7
413 477 9
265 413 10
193 413 13
177 413 10
212 413 13
148 413 16
77 413 8
372 413 11
211 413 10
26 414 13
302 414 11
81 414 13
265 414 10
25 414 9
258 414 9
11 414 8
407 414 10
371 414 13
414 441 12
102 414 13
355 414 13
256 415 7
38 415 7
350 415 11
124 415 10
219 415 10
91 415 11
5 415 13
401 415 13
352 415 12
86 415 10
16 415 10
416 451 10
360 416 11
170 416 13
344 416 8
47 416 15
416 434 10
152 416 10
5 416 12
416 487 11
342 416 9
213 417 9
106 417 7
327 417 10
241 417 10
399 417 11
249 417 10
395 417 8
211 417 12
417 454 11
417 460 13
332 418 12
57 418 9
143 418 10
26 418 11
418 441 9
378 418 10
127 418 13
105 418 10
109 418 10
102 418 10
76 419 5
357 419 10
71 419 12
104 419 12
197 419 11
36 419 8
299 419 10
49 419 13
89 419 3
224 419 11
282 420 10
56 420 11
369 420 8
420 456 13
420 491 11
377 420 13
157 420 11
260 420 12
421 464 11
421 459 10
405 421 10
416 421 14
114 421 11
98 421 10
323 421 8
27 421 10
95 422 11
103 422 9
422 437 12
303 422 7
282 422 12
107 422 11
313 422 9
212 422 12
35 422 12
371 423 10
355 423 8
66 423 7
305 423 10
199 423 9
423 495 11
423 475 8
173 423 11
40 424 13
361 424 7
424 445 8
320 424 13
112 424 14
116 424 7
365 424 11
28 424 8
317 424 12
252 424 12
311 424 7
309 425 11
280 425 10
48 425 12
135 425 8
425 447 12
372 425 12
312 425 13
267 425 11
241 425 9
425 453 9
136 425 10
386 425 13
280 426 10
170 426 10
349 426 12
96 426 10
414 426 12
24 426 10
16 426 13
224 426 10
264 426 11
156 427 9
148 427 13
311 427 11
427 449 11
78 427 11
368 427 11
45 427 11
222 427 11
61 427 11
401 427 8
427 498 10
349 428 9
86 428 13
428 461 10
138 428 14
191 428 13
408 428 10
78 428 8
417 428 9
326 428 9
246 428 10
290 428 12
338 429 9
145 429 10
420 429 8
374 429 11
111 429 12
289 429 10
77 429 12
363 429 10
83 429 9
344 429 10
218 430 9
145 430 8
112 430 10
193 430 8
378 430 14
8 430 9
182 430 16
279 430 13
376 430 13
131 430 8
313 431 14
100 431 11
109 431 9
49 431 9
350 431 13
254 431 10
406 431 9
205 431 13
431 463 8
390 431 10
163 431 11
125 431 9
432 482 11
32 432 13
50 432 8
61 432 12
230 432 11
366 432 9
432 488 14
432 495 10
359 433 8
193 433 13
47 433 10
237 433 14
294 433 10
161 433 8
171 433 10
409 433 12
99 433 10
433 474 11
62 434 9
228 434 12
284 434 14
347 434 14
41 434 10
434 467 13
277 434 12
30 434 9
408 434 12
93 434 11
32 435 9
434 435 10
388 435 9
208 435 10
228 435 12
80 435 16
235 435 10
343 435 13
182 435 10
315 435 10
335 436 14
137 436 12
113 436 7
69 436 11
361 436 12
204 436 10
190 436 13
10 436 9
275 436 14
331 436 8
77 436 9
53 437 10
61 437 12
437 498 12
184 437 11
199 437 11
136 437 9
273 437 10
202 437 11
352 437 8
208 437 11
313 438 10
31 438 10
254 438 14
387 438 8
419 438 10
319 438 10
438 468 12
255 438 12
438 443 11
44 438 11
360 439 12
439 453 12
102 439 9
122 439 11
154 439 8
400 439 9
276 439 9
134 439 12
439 457 10
47 439 8
79 440 10
28 440 10
440 497 13
251 440 10
227 440 11
176 440 8
265 440 6
102 440 14
440 453 11
215 440 10
145 441 13
215 441 10
308 441 11
397 441 12
22 441 9
441 458 9
404 441 10
285 441 9
259 441 12
346 442 10
278 442 11
83 442 8
155 442 12
396 442 11
61 442 7
62 442 9
169 442 9
136 442 11
346 443 10
154 443 9
52 443 10
220 443 4
56 443 11
437 443 9
262 443 14
370 443 9
379 443 9
433 444 10
444 471 7
100 444 11
153 444 14
103 444 12
316 444 13
309 444 12
384 444 9
141 444 11
121 444 9
78 444 14
154 445 15
445 447 11
118 445 5
401 445 12
236 445 9
409 445 9
407 445 8
333 445 9
246 445 12
179 445 12
277 446 12
107 446 8
37 446 10
198 446 10
53 446 11
261 446 10
6 446 8
151 446 11
380 446 12
401 447 9
385 447 10
92 447 13
152 447 12
434 447 7
79 447 10
447 497 13
212 447 12
12 447 12
156 447 9
144 447 9
149 448 10
192 448 9
423 448 12
54 448 12
311 448 11
143 448 11
144 448 9
56 448 13
248 448 9
442 448 11
446 449 8
356 449 7
299 449 16
439 449 8
422 449 6
159 449 9
78 449 9
332 449 10
282 449 13
320 449 8
320 450 9
450 495 7
410 450 11
32 450 14
47 450 10
375 450 13
41 450 7
206 450 15
167 450 9
300 450 9
70 451 10
292 451 10
396 451 12
451 499 12
96 451 8
451 463 11
66 451 7
266 451 8
120 451 13
451 491 7
346 451 11
376 452 14
146 452 11
443 452 9
202 452 9
115 452 11
197 452 11
52 452 14
392 452 12
401 452 11
136 452 8
21 452 11
24 453 10
107 453 8
236 453 11
162 453 11
290 453 11
67 453 8
393 453 9
360 453 13
453 499 8
127 453 10
110 454 11
220 454 11
447 454 13
316 454 10
25 454 11
142 454 12
170 454 10
44 454 10
60 454 10
235 454 10
447 455 11
185 455 13
455 461 11
431 455 11
229 455 14
331 455 11
250 455 7
182 455 9
203 456 14
456 491 9
376 456 12
456 496 10
341 456 11
397 456 9
157 456 8
439 456 13
114 456 9
175 456 13
197 457 12
362 457 8
421 457 11
266 457 13
423 457 11
427 457 9
30 457 11
202 457 12
383 457 7
377 457 11
238 457 11
23 458 8
37 458 11
75 458 8
277 458 11
368 458 14
127 458 10
315 458 13
383 458 10
159 458 10
360 458 10
435 459 10
112 459 12
352 459 12
137 459 8
192 459 8
186 459 12
162 459 12
388 459 10
333 459 11
304 459 11
241 459 12
350 460 10
190 460 8
176 460 8
76 460 9
443 460 13
304 460 11
460 479 9
425 460 13
344 460 11
248 461 9
391 461 9
272 461 13
1 461 10
92 461 6
14 461 11
432 461 11
300 461 9
21 461 7
370 462 12
291 462 7
419 462 9
462 477 11
119 462 13
327 462 11
354 462 11
462 488 12
288 462 14
275 462 9
286 463 11
242 463 12
362 463 11
463 496 12
363 463 11
160 463 6
140 463 13
66 463 13
204 463 11
98 463 9
161 463 13
327 464 11
141 464 9
194 464 15
237 464 11
247 464 10
249 464 12
236 464 11
46 464 8
431 464 10
377 464 10
252 464 9
269 465 12
360 465 12
386 465 10
305 465 11
306 465 11
60 465 12
342 465 10
383 465 13
178 465 11
433 465 10
384 466 9
30 466 12
113 466 9
250 466 12
205 466 11
430 466 11
323 466 13
341 466 10
126 466 11
438 467 13
241 467 12
400 467 12
173 467 7
432 467 8
141 467 12
262 467 12
41 467 7
254 467 10
439 467 11
251 468 10
468 473 8
27 468 9
85 468 7
61 468 10
211 468 12
47 468 9
321 468 11
82 468 11
64 468 9
469 493 12
227 469 9
75 469 10
469 494 10
292 469 10
147 469 7
399 469 11
127 469 9
21 469 10
445 469 9
47 469 11
234 470 12
45 470 14
117 470 7
149 470 5
229 470 15
120 470 11
33 470 9
68 470 9
105 470 10
385 470 7
195 471 10
162 471 8
457 471 11
339 471 9
239 471 9
217 471 8
259 471 11
203 471 9
39 471 12
311 472 9
395 472 11
323 472 12
142 472 9
243 472 10
415 472 7
259 472 6
124 472 13
234 472 11
163 472 9
228 472 9
472 475 13
214 473 9
255 473 16
310 473 8
2 473 10
278 473 13
58 473 15
271 473 9
66 473 10
237 473 11
303 473 5
165 473 12
471 473 11
263 474 12
459 474 11
455 474 9
210 474 11
293 474 13
321 474 9
179 474 10
177 474 8
451 474 15
345 474 10
348 474 8
357 475 12
125 475 7
475 498 10
0 475 7
341 475 11
140 475 12
334 475 13
90 475 13
475 492 12
404 475 11
66 476 10
476 498 8
182 476 13
121 476 9
2 476 9
193 476 12
52 476 10
421 476 10
406 476 9
438 476 9
284 477 11
437 477 10
45 477 10
373 477 10
13 477 11
182 477 14
137 477 7
367 477 9
477 498 10
423 478 11
165 478 8
422 478 11
157 478 10
1 478 12
272 478 12
192 478 10
478 491 11
224 478 8
268 478 14
205 479 11
298 479 12
230 479 10
342 479 14
33 479 9
366 479 11
116 479 12
131 479 12
333 479 10
266 480 11
158 480 14
435 480 9
79 480 12
231 480 11
344 480 9
462 480 9
429 480 13
232 480 11
413 480 15
190 480 15
196 481 13
418 481 12
387 481 8
80 481 9
43 481 11
466 481 11
284 481 13
7 481 8
228 481 10
377 482 8
442 482 11
369 482 12
263 482 8
356 482 11
425 482 10
153 482 12
426 482 12
330 483 14
256 483 13
218 483 11
350 483 10
302 483 12
240 483 13
191 483 9
321 483 7
212 483 12
54 483 12
145 483 13
199 484 13
259 484 10
448 484 11
277 484 10
269 484 10
380 484 6
204 484 12
222 484 8
281 485 9
14 485 11
118 485 13
485 494 14
261 485 9
433 485 10
186 485 8
342 485 9
393 485 10
54 485 10
163 486 11
312 486 10
88 486 11
125 486 12
404 486 14
85 486 14
210 486 7
211 486 14
55 486 7
416 486 10
71 487 8
5 487 9
186 487 4
22 487 10
202 487 9
199 487 8
359 487 11
340 487 10
435 487 7
289 487 10
412 488 9
243 488 14
204 488 11
393 488 12
175 488 9
436 488 11
324 488 13
481 488 10
454 488 9
164 489 17
377 489 12
477 489 6
130 489 13
363 489 9
121 489 11
347 489 12
297 489 9
40 489 8
445 489 8
406 489 13
111 490 14
348 490 9
23 490 10
362 490 11
140 490 8
244 490 10
278 490 9
14 490 10
287 490 10
179 490 11
405 491 13
433 491 13
391 491 12
159 491 12
261 491 8
16 491 10
448 491 12
166 491 12
24 492 8
35 492 12
329 492 11
255 492 10
390 492 12
21 492 8
253 492 7
483 492 11
422 492 8
477 492 13
68 493 11
332 493 11
371 493 7
322 493 12
223 493 9
191 493 9
378 493 11
114 493 6
281 493 12
183 494 8
191 494 10
239 494 9
25 494 11
313 494 9
180 494 8
35 494 13
28 494 10
277 494 9
173 494 14
313 495 13
87 495 11
111 495 12
284 495 11
45 495 12
43 495 11
212 495 11
84 495 12
359 495 13
439 496 13
88 496 12
487 496 11
278 496 11
113 496 8
360 496 10
163 496 11
62 496 9
480 496 9
455 496 11
443 497 12
40 497 12
418 497 13
442 497 14
225 497 10
416 497 13
173 497 13
367 497 11
398 497 10
11 497 11
192 497 11
169 498 10
483 498 11
4 498 4
72 498 11
86 498 10
273 498 10
488 498 7
347 498 10
311 498 10
438 499 11
434 499 13
493 499 11
94 499 12
356 499 8
211 499 8
325 499 9
84 499 9
371 499 13
