500
0
1
4
2
9
7
2
6
5
4
2
7
7
9
4
8
8
3
2
5
2
2
3
9
6
8
4
7
8
9
8
7
7
4
3
8
4
10
6
1
6
9
2
2
9
8
7
5
8
2
2
5
5
10
2
8
10
9
7
3
10
8
6
2
8
9
6
4
9
8
9
6
1
2
6
2
5
6
2
8
8
7
5
9
3
5
4
8
6
6
2
2
10
9
2
6
7
9
2
8
10
6
3
8
8
9
2
7
6
8
2
1
10
10
10
3
9
9
4
7
4
2
8
1
1
2
8
6
5
3
9
8
2
9
7
4
9
4
5
2
6
4
6
7
8
9
7
6
6
5
2
8
6
8
9
2
9
3
8
8
6
6
8
10
8
5
3
4
6
7
6
5
8
3
5
8
6
5
7
6
4
6
5
9
10
10
7
1
4
5
8
8
3
5
4
9
9
8
1
2
10
9
3
4
5
1
2
6
1
9
4
9
9
7
3
8
2
6
6
2
3
5
8
10
7
1
7
7
6
10
8
2
3
4
7
10
5
5
6
1
5
9
2
3
4
7
2
2
5
9
2
9
10
4
8
4
1
6
2
6
6
3
4
5
8
9
4
1
2
9
7
8
4
5
4
8
9
5
5
9
10
9
6
1
8
2
2
3
3
10
9
8
2
8
8
1
7
1
3
3
8
10
9
8
8
4
10
9
2
1
2
8
9
1
9
8
8
3
4
5
3
2
6
8
3
6
10
2
8
10
8
5
2
5
6
6
9
1
5
6
7
6
7
8
6
6
7
9
4
6
4
9
3
8
4
8
8
9
3
3
8
10
9
7
9
2
3
4
4
2
10
8
6
8
6
2
5
5
8
2
10
4
6
7
10
5
7
2
5
2
5
7
2
3
4
7
6
1
4
3
2
8
2
10
10
9
10
8
6
4
6
1
5
4
5
9
5
9
4
5
8
3
10
9
6
7
6
6
2
5
7
2
2
6
8
2
5
4
10
5
4
1
3
5
2
9
3
9
6
9
2
5
9
6
2
2
8
9
4
7
5
3
9
9
10
6
2
7
5
7
6
8
10
2
10
7
4
9
8
2
3
7
3
3
5
2
5
9
7
2
3
7
8
3
9
5
2
3
6
10
0 177 13
0 78 11
0 175 7
0 100 9
0 17 13
0 312 11
0 173 10
0 424 11
0 200 11
0 145 11
0 238 10
1 106 12
1 487 8
1 192 12
1 479 11
0 1 10
1 463 10
1 48 12
1 338 5
1 476 8
1 57 12
1 423 11
2 468 14
2 78 13
2 329 12
2 404 9
2 433 14
2 150 13
2 324 7
2 11 10
2 174 16
2 7 11
3 54 8
3 360 12
3 435 8
3 420 10
3 107 12
3 485 8
3 462 14
3 341 8
3 275 12
3 477 11
4 382 8
4 418 10
4 341 13
4 222 12
4 74 11
4 499 11
4 440 11
4 310 11
4 337 13
5 43 13
5 284 9
5 282 10
5 438 13
5 9 9
5 409 10
5 475 10
5 285 9
5 351 12
6 108 10
6 320 11
6 89 10
6 29 9
6 485 9
6 395 10
6 228 11
6 202 12
6 238 10
6 492 9
7 400 7
7 377 10
7 271 10
7 185 13
7 312 10
7 453 9
7 382 8
7 464 11
7 73 10
7 490 11
7 410 11
7 122 11
8 128 10
8 109 10
8 372 9
8 207 7
8 160 11
8 150 13
8 295 12
8 105 11
8 146 12
8 254 9
9 438 9
9 433 9
9 371 12
9 37 9
9 38 12
9 188 7
9 150 12
9 388 11
10 133 13
10 235 11
10 262 14
10 214 10
10 146 11
10 350 13
10 397 7
10 489 10
10 453 8
10 271 11
11 158 11
11 92 9
11 283 10
11 182 12
11 36 10
11 273 9
11 108 11
11 141 9
9 11 9
11 334 9
12 444 8
12 138 9
12 160 9
12 452 11
12 228 9
12 208 9
12 122 12
12 371 9
12 227 10
12 405 7
13 164 11
13 460 8
13 138 11
13 112 10
13 257 10
13 49 10
13 41 9
13 380 11
13 275 7
13 415 13
14 419 9
14 59 11
14 350 11
14 231 11
14 62 13
14 213 11
14 309 9
14 56 12
14 202 10
14 281 8
15 180 9
15 150 12
15 487 9
15 469 10
15 64 9
15 486 9
15 430 9
15 305 11
15 436 8
15 219 11
16 241 13
16 385 11
16 231 12
16 464 13
16 303 10
16 452 10
16 348 14
16 154 7
16 405 9
17 108 9
17 92 12
17 418 14
1 17 10
17 360 8
17 203 9
17 353 9
17 284 8
17 177 8
17 372 12
17 33 11
17 395 9
18 356 10
18 65 8
18 481 14
18 119 10
18 457 7
18 316 11
18 483 11
18 360 10
18 350 9
18 415 10
18 142 10
19 326 11
19 201 11
19 384 16
19 248 10
19 175 7
19 383 8
19 485 8
19 301 7
19 213 9
19 403 13
19 110 13
20 338 10
20 404 10
20 313 8
20 334 10
20 60 11
20 119 9
20 152 9
20 228 10
20 108 10
20 87 11
21 192 8
21 103 12
21 302 12
21 448 12
21 395 11
21 166 14
21 398 11
21 170 12
21 80 13
21 75 6
22 279 8
22 182 13
22 380 9
22 99 10
22 452 10
22 302 7
22 486 11
22 132 11
23 119 7
23 378 12
23 245 13
23 29 12
23 32 9
23 449 12
23 307 11
23 202 12
20 23 11
23 155 11
23 360 10
24 37 4
24 221 11
24 119 10
24 300 10
24 431 11
24 158 12
24 150 9
24 238 10
24 346 11
25 152 12
25 68 13
25 102 13
25 320 11
25 314 8
25 490 10
25 340 9
25 147 8
25 170 9
25 278 9
26 424 12
26 261 8
26 245 10
26 208 10
26 57 11
26 392 12
26 127 10
26 497 13
26 332 12
26 279 7
27 48 9
5 27 10
27 374 8
27 138 11
27 344 9
27 65 11
27 82 10
27 330 11
27 311 5
27 222 13
27 32 10
28 161 9
28 289 12
28 139 10
28 162 8
28 206 12
28 307 10
28 490 11
28 123 14
28 192 12
28 275 12
29 349 10
29 408 9
29 109 11
29 66 13
29 138 8
29 256 13
29 400 11
29 303 12
29 117 10
29 243 9
30 309 12
30 113 11
30 90 11
30 352 11
30 263 9
30 111 11
30 411 10
30 41 8
30 147 8
30 386 13
31 256 11
31 381 9
31 319 13
31 422 6
31 304 12
31 443 11
31 211 11
31 261 11
31 363 12
32 272 14
32 67 7
32 249 8
32 116 10
32 340 11
32 39 10
32 215 13
32 438 10
32 205 12
13 32 13
14 33 11
33 134 12
33 383 11
33 367 12
33 321 8
33 472 8
33 187 13
33 362 14
33 225 9
33 205 9
33 136 8
34 461 14
34 306 9
34 113 11
34 77 8
34 155 13
34 290 14
34 310 10
34 58 13
34 192 12
34 175 9
35 49 10
35 82 10
35 405 13
35 255 9
35 118 11
35 466 7
35 136 9
35 413 12
35 400 12
35 83 8
36 208 13
36 280 10
36 366 8
36 79 9
36 358 11
36 75 13
36 275 12
36 454 10
37 454 9
37 494 12
37 445 9
37 473 12
37 270 11
37 339 11
37 306 9
37 390 12
37 110 10
37 395 11
38 233 14
38 423 15
38 72 10
38 453 12
38 47 13
38 179 11
38 424 13
38 494 11
38 117 14
39 388 10
39 472 9
39 418 10
39 271 13
39 410 13
39 481 13
39 195 10
39 425 8
39 496 12
39 433 8
40 440 10
40 86 10
40 92 9
40 219 12
40 157 13
40 282 12
40 143 11
40 451 11
40 287 9
40 443 12
41 410 7
41 287 8
41 138 11
41 193 9
41 316 11
41 195 8
41 439 8
41 299 9
24 41 13
41 330 10
42 125 10
42 460 10
42 96 13
42 131 12
42 137 9
42 228 8
42 257 12
42 449 8
4 42 11
42 116 15
43 269 11
43 258 11
43 414 9
43 475 8
43 82 11
43 168 11
43 51 12
43 491 13
28 43 9
43 489 12
44 115 13
44 298 7
44 356 10
44 395 9
44 98 11
27 44 12
44 456 11
44 153 11
44 282 12
44 165 11
45 230 12
33 45 10
45 484 11
45 160 8
45 475 10
45 396 9
45 56 12
45 88 10
45 282 11
45 85 8
45 291 12
46 408 10
46 442 13
46 96 11
46 462 13
4 46 4
46 125 11
46 341 13
46 110 11
46 208 9
1 46 14
47 55 9
47 225 11
47 477 7
47 337 10
47 102 11
47 106 14
47 105 12
47 311 11
47 156 11
47 297 10
48 318 9
48 387 8
48 315 9
0 48 11
48 144 8
48 232 8
48 312 12
48 119 11
48 51 10
49 406 11
49 448 11
49 346 13
49 363 11
49 115 8
49 245 12
49 155 7
49 140 13
50 221 8
50 184 8
50 71 7
50 220 11
50 368 9
44 50 10
50 137 14
50 460 9
50 225 10
50 101 10
50 236 9
51 440 10
51 459 11
51 174 13
2 51 10
51 245 13
51 278 9
51 206 14
51 280 10
51 323 10
52 409 11
52 170 12
52 302 11
52 229 10
52 88 10
52 290 11
52 192 10
52 267 10
52 292 12
9 53 10
53 86 12
53 318 9
53 338 11
53 349 7
31 53 8
53 352 14
49 53 11
53 204 10
53 472 11
53 464 12
54 421 8
54 59 6
54 196 11
54 317 10
54 136 10
54 156 14
54 470 11
54 148 9
54 293 12
55 431 10
55 426 10
55 411 14
32 55 12
55 296 9
55 422 8
55 241 11
55 410 13
55 430 11
55 91 12
56 249 12
17 56 8
56 346 7
56 101 11
56 400 7
56 262 13
56 237 10
56 217 11
56 240 11
56 72 13
57 311 13
57 174 10
57 356 11
57 213 12
57 496 11
57 373 9
57 169 12
47 57 9
57 466 13
31 57 12
58 382 12
58 182 11
58 456 9
58 410 11
58 436 11
58 188 8
58 435 12
58 239 10
58 267 11
58 460 15
59 128 12
55 59 10
59 227 11
59 406 10
59 493 9
59 240 12
59 220 9
59 471 11
59 102 7
59 235 11
60 208 8
60 253 12
60 239 13
2 60 12
60 123 14
60 399 17
60 73 9
43 60 13
60 136 10
61 450 14
61 157 14
61 170 10
61 384 11
61 232 10
61 355 11
61 469 9
61 130 11
61 320 12
61 451 14
62 250 9
62 104 6
62 264 11
62 124 12
62 149 11
62 332 11
62 165 8
62 186 11
62 231 13
62 312 9
63 141 12
63 96 11
63 456 11
63 419 12
63 478 10
63 284 9
63 274 11
63 439 13
63 385 10
63 92 7
37 64 7
64 226 10
64 481 13
64 419 10
64 206 14
64 117 14
64 136 10
64 248 12
64 120 11
64 477 10
65 376 13
65 210 11
65 497 13
65 368 9
65 75 10
24 65 11
65 97 5
65 174 13
65 489 13
21 65 9
38 66 10
66 334 8
66 285 9
66 418 7
66 454 11
50 66 7
66 448 7
66 148 12
24 66 14
66 421 8
66 455 11
66 105 11
67 331 15
67 147 12
14 67 11
67 208 10
67 466 9
67 212 8
67 74 10
68 94 9
68 84 10
68 123 9
68 351 6
68 266 8
68 176 10
68 380 9
68 322 7
68 384 13
68 113 10
69 138 8
69 229 8
69 290 11
69 399 12
69 323 8
69 462 13
69 232 8
69 272 7
69 177 14
69 149 12
70 104 6
70 337 11
70 418 12
2 70 6
70 123 10
70 298 13
70 300 10
70 294 12
70 214 14
68 70 10
71 215 13
71 479 6
71 199 8
71 227 11
71 421 10
71 178 8
71 457 8
71 242 11
71 442 14
71 494 14
71 360 12
71 324 8
72 277 13
72 229 13
72 232 9
72 122 12
72 147 10
72 398 10
17 72 14
12 72 10
72 336 10
72 250 14
73 348 10
73 267 9
73 210 9
73 421 9
73 274 6
73 266 13
73 449 11
2 73 11
73 75 15
73 353 7
74 477 12
74 437 12
74 390 11
74 298 13
74 382 10
74 135 7
74 481 9
74 124 10
74 161 13
48 74 9
75 77 10
75 452 13
27 75 12
75 193 12
75 163 12
71 75 9
58 75 13
75 201 10
75 387 9
75 369 10
75 263 8
75 189 9
76 141 10
76 117 11
76 209 14
76 235 9
76 388 9
56 76 12
76 241 11
76 435 10
76 439 6
76 330 13
76 319 15
77 293 11
77 452 9
77 429 8
77 241 10
77 378 11
0 77 9
77 366 11
77 477 8
37 77 10
77 411 13
77 304 12
78 81 10
78 228 13
78 385 11
78 395 9
78 235 10
78 151 8
78 455 13
78 88 12
78 401 11
79 119 9
79 109 9
67 79 10
79 373 10
79 464 13
79 287 13
70 79 7
79 463 12
80 333 12
80 229 11
80 452 13
80 208 12
80 96 9
26 80 11
80 373 13
80 253 13
80 466 14
81 445 8
81 194 12
81 223 13
34 81 8
81 488 9
81 301 13
81 151 7
81 376 9
81 401 13
81 484 7
82 284 11
82 436 10
82 159 10
82 170 7
5 82 12
82 209 9
62 82 13
82 232 12
82 403 13
82 367 11
83 228 12
83 165 10
83 253 8
48 83 11
83 106 10
55 83 11
83 272 7
83 361 10
84 241 12
84 136 11
84 194 11
84 481 12
84 389 9
84 465 6
84 482 11
84 425 13
84 120 7
84 355 11
84 291 10
85 382 12
85 269 13
85 351 12
85 409 10
85 142 13
85 101 15
85 473 9
85 467 10
85 266 11
85 250 10
86 228 13
86 240 13
86 407 6
86 136 10
47 86 7
86 123 9
86 189 9
86 272 11
86 416 10
86 279 9
86 295 10
87 387 13
87 295 11
87 401 10
87 262 13
87 394 7
87 169 9
87 457 14
87 128 11
87 219 11
87 438 13
87 469 10
88 213 12
88 404 9
88 327 6
88 142 11
88 194 12
5 88 12
88 297 11
88 329 7
88 438 15
88 423 14
88 325 10
89 102 10
89 151 14
89 431 10
89 348 10
89 451 7
54 89 14
89 184 8
12 89 9
89 296 10
89 233 11
89 161 8
90 192 9
90 109 13
90 264 4
90 432 9
90 188 9
90 124 12
90 92 11
22 90 12
90 490 8
90 356 7
91 250 14
91 272 14
91 223 8
91 338 8
74 91 10
91 190 5
51 91 12
91 94 9
91 457 9
92 221 12
92 173 8
92 313 7
92 160 11
92 435 12
92 428 11
92 305 11
92 281 13
92 223 8
92 218 12
92 366 10
92 182 8
93 217 9
93 121 9
93 336 16
63 93 11
93 295 8
93 432 7
93 444 9
93 437 7
93 201 13
93 253 10
94 402 9
94 281 10
94 455 9
94 150 10
9 94 9
94 293 11
94 372 8
94 433 10
94 417 11
94 462 9
95 437 12
95 433 9
69 95 8
61 95 8
95 325 13
95 400 11
57 95 13
95 196 10
95 248 7
95 408 12
95 415 7
64 95 12
96 208 10
96 406 8
0 96 12
27 96 11
96 329 13
96 125 9
96 114 13
96 400 12
96 304 10
96 191 12
45 97 8
97 253 10
41 97 12
97 226 6
97 382 8
97 319 11
97 307 11
97 378 11
97 306 7
97 278 12
22 98 10
98 293 10
98 133 11
98 286 11
98 390 10
98 125 10
98 413 8
98 342 10
98 306 16
85 98 7
93 99 10
99 234 12
99 489 12
99 331 10
99 439 12
99 475 13
99 387 9
62 99 12
99 415 13
99 334 14
100 375 15
100 229 12
100 200 10
100 172 10
4 100 8
100 212 12
100 440 13
48 100 9
100 423 12
100 452 10
11 100 11
101 220 12
101 407 13
101 355 13
101 471 14
101 243 10
32 101 15
101 121 12
101 472 8
53 101 9
101 235 15
102 219 13
20 102 10
102 311 11
102 130 13
102 413 8
102 331 11
102 162 7
38 102 16
102 187 11
102 416 6
103 435 8
103 241 10
103 496 10
103 145 12
103 321 13
103 443 10
46 103 12
103 370 6
103 298 10
104 343 12
104 450 11
7 104 12
104 207 9
104 230 11
104 155 11
104 361 7
104 241 9
104 105 10
104 223 9
91 105 11
40 105 9
105 142 10
105 183 10
105 119 8
105 267 10
86 105 9
36 105 12
105 167 11
61 106 11
106 441 10
106 287 10
85 106 11
106 264 13
106 498 11
106 403 10
106 224 11
106 123 9
106 331 9
44 107 11
107 111 8
107 148 9
33 107 13
76 107 10
107 305 14
107 161 11
107 122 14
107 195 11
107 133 11
108 165 10
108 170 10
108 387 6
108 447 7
101 108 15
29 108 9
108 121 10
108 181 10
108 113 11
108 397 10
98 109 8
109 373 12
109 182 12
109 328 12
109 234 12
109 330 9
86 109 13
109 490 13
109 298 11
109 151 13
110 205 12
110 385 11
110 219 10
110 331 8
110 126 7
110 158 13
110 405 10
30 110 10
86 110 7
110 123 13
110 381 14
110 444 11
103 111 10
111 216 12
111 298 13
111 325 10
111 286 10
111 345 10
111 429 11
111 269 10
111 372 8
111 281 12
82 111 13
112 309 13
112 286 11
112 184 10
8 112 10
41 112 12
11 112 10
112 288 10
112 204 5
112 488 12
113 378 8
113 207 13
113 336 8
113 264 10
113 169 9
113 469 12
113 363 11
113 474 11
113 166 10
34 114 11
114 483 10
114 210 11
108 114 12
114 181 8
114 344 14
114 473 10
88 114 10
6 114 16
114 267 11
114 131 10
114 183 9
115 183 13
115 238 13
27 115 10
115 214 12
74 115 7
20 115 11
115 207 12
115 131 13
115 471 10
115 405 10
116 485 8
116 272 13
116 269 8
116 312 11
116 216 11
6 116 11
116 124 12
116 271 13
3 116 9
116 433 11
117 402 13
117 308 9
117 162 8
117 298 10
117 316 9
117 366 11
117 274 8
117 149 4
31 118 10
118 353 12
118 360 11
98 118 10
118 364 12
118 193 10
118 467 9
118 387 8
118 462 12
118 274 8
118 213 6
119 336 12
97 119 16
14 119 10
119 256 11
119 235 13
22 119 14
119 237 14
119 303 10
119 154 8
11 120 8
37 120 9
120 377 15
120 455 12
120 450 9
120 428 9
120 423 13
120 427 12
120 365 13
120 425 9
120 497 11
65 121 10
97 121 10
121 270 8
121 347 6
121 209 7
121 381 11
121 308 9
121 403 9
114 121 6
121 421 10
121 268 12
122 384 11
122 390 9
122 431 15
114 122 10
122 394 9
122 362 9
122 350 10
52 122 10
122 231 8
122 425 12
123 431 13
123 451 10
15 123 11
123 482 8
123 377 10
123 479 12
73 123 10
123 400 12
90 123 9
124 451 9
124 388 11
124 423 14
124 473 9
124 231 12
124 242 11
124 301 14
124 271 9
124 291 10
124 305 8
125 219 13
125 412 7
125 282 13
125 365 12
125 181 7
111 125 11
125 448 13
125 314 9
125 283 7
125 383 9
126 272 9
126 196 10
126 163 11
126 316 10
126 166 12
126 330 10
126 160 14
126 388 12
126 438 11
126 297 15
127 283 11
43 127 10
101 127 12
42 127 9
127 222 12
127 444 14
17 127 10
127 392 12
127 437 9
31 127 10
128 366 9
128 466 8
128 170 10
128 416 10
128 171 7
44 128 13
128 160 8
128 402 13
128 486 15
128 210 11
128 142 11
129 215 9
11 129 12
95 129 5
129 263 9
36 129 12
129 224 4
129 436 9
129 339 12
129 316 11
129 132 11
126 129 9
0 129 8
130 336 11
97 130 12
130 408 12
36 130 13
130 291 10
130 197 10
130 198 10
124 130 10
130 241 13
130 271 11
22 130 12
131 208 7
131 138 14
131 327 12
131 211 9
131 241 13
86 131 12
131 301 13
131 260 13
43 131 11
131 280 10
131 254 12
131 413 10
132 147 14
132 165 8
15 132 10
132 321 10
121 132 11
132 178 8
57 132 12
40 132 10
132 412 11
132 276 9
132 313 10
133 424 9
133 232 15
133 216 9
133 327 7
133 402 11
133 405 10
8 133 9
56 133 10
133 247 12
133 143 10
134 416 13
134 190 13
134 247 13
57 134 15
134 312 10
134 388 13
134 349 9
134 328 12
25 134 8
134 254 11
96 134 10
20 134 13
60 134 11
135 198 12
135 310 10
135 460 14
9 135 10
135 488 11
135 171 11
117 135 11
101 135 14
136 157 12
90 136 10
1 136 12
127 136 11
136 343 6
136 400 10
93 136 10
55 136 9
136 373 9
136 256 10
3 137 13
137 142 14
137 381 8
137 403 10
89 137 9
137 468 9
137 363 14
137 356 9
137 258 11
138 287 11
110 138 12
58 138 7
138 294 9
18 138 10
138 298 11
138 403 11
138 242 15
138 362 10
17 138 10
6 139 5
139 486 13
139 485 10
23 139 11
139 268 13
64 139 11
139 407 9
139 367 11
139 195 7
74 139 10
140 356 10
140 283 11
137 140 12
140 337 10
140 380 13
140 373 12
140 156 10
140 392 12
133 140 7
99 140 12
141 417 11
141 232 13
141 229 11
141 426 12
141 383 6
141 491 11
10 141 12
141 472 12
142 298 10
142 324 7
70 142 9
142 358 12
77 142 11
142 271 11
142 201 5
142 222 13
142 260 9
142 203 8
142 177 8
143 468 13
143 321 13
21 143 15
61 143 11
132 143 10
143 498 10
143 279 12
143 376 12
33 143 9
143 180 7
143 449 8
144 399 10
144 359 10
144 322 13
144 145 10
10 144 12
144 495 11
42 144 10
144 370 12
144 148 15
145 291 10
24 145 9
145 440 9
145 154 10
145 367 9
145 479 12
145 490 10
54 145 9
145 231 13
146 398 13
146 314 11
146 365 11
102 146 9
146 429 10
146 311 9
146 281 10
146 262 11
76 147 11
147 313 13
55 147 10
147 294 10
147 158 11
29 147 10
20 147 8
147 445 12
82 147 12
147 210 11
59 147 9
147 403 12
148 172 11
148 292 9
148 353 8
148 398 14
148 227 11
43 148 13
21 148 11
148 306 10
148 458 15
148 254 10
149 282 10
17 149 9
149 417 10
132 149 9
149 306 11
149 346 12
149 389 13
10 149 11
143 149 10
149 232 10
149 445 8
61 150 9
150 297 11
150 383 12
150 173 11
150 314 9
150 365 10
150 304 11
150 240 9
150 222 9
150 377 12
151 444 8
44 151 11
151 401 11
151 485 10
151 280 13
151 466 7
151 250 10
151 350 13
151 328 10
151 293 11
152 242 11
135 152 15
152 165 9
152 181 14
152 401 12
39 152 8
152 251 8
152 266 13
110 152 10
137 152 9
152 494 11
153 160 9
153 156 10
153 390 11
78 153 11
153 446 9
153 400 11
93 153 13
115 153 9
153 266 10
153 238 14
153 246 11
154 344 11
154 171 11
154 259 10
99 154 12
154 314 11
154 178 10
154 418 10
154 424 9
154 382 8
36 155 12
155 466 14
142 155 10
155 318 14
155 174 12
155 239 8
155 171 14
155 449 12
61 155 13
55 155 12
156 187 13
156 456 10
29 156 9
156 202 7
156 190 10
156 315 7
156 181 9
156 390 10
156 325 10
156 302 8
156 349 10
157 414 12
2 157 12
124 157 14
157 234 11
157 188 10
157 232 9
157 294 10
157 469 9
157 181 11
133 157 9
157 212 11
158 410 11
158 270 11
142 158 8
52 158 9
158 317 11
158 208 9
158 323 10
102 158 9
158 242 14
158 255 9
159 496 10
159 299 11
159 256 8
61 159 13
11 159 11
159 260 13
159 480 12
159 233 8
33 160 9
68 160 8
160 170 9
160 281 11
160 185 12
37 160 8
160 449 15
160 379 15
29 160 10
160 203 13
161 487 6
161 220 11
161 266 8
161 338 12
108 161 10
161 276 7
161 391 13
161 398 12
105 161 9
114 161 8
161 325 9
161 339 11
145 162 10
85 162 8
66 162 9
11 162 11
162 447 13
162 292 12
162 296 12
162 389 11
162 421 10
162 202 11
162 453 11
163 179 10
163 206 13
163 187 4
50 163 12
130 163 10
83 163 8
58 163 11
163 358 5
164 482 10
164 403 9
145 164 10
127 164 8
164 303 10
106 164 15
164 216 11
164 451 13
164 201 11
150 164 9
165 366 11
165 331 12
165 196 11
125 165 11
165 361 8
165 325 6
165 375 14
165 369 14
165 481 10
159 166 11
166 375 13
166 491 7
73 166 13
166 273 11
59 166 9
166 281 14
166 260 9
166 439 11
166 252 12
167 171 13
167 357 9
144 167 9
121 167 13
167 434 6
167 311 9
167 389 9
167 333 10
167 471 13
85 167 11
168 419 12
158 168 6
147 168 13
168 388 10
27 168 7
168 297 12
168 488 11
75 168 11
168 242 9
155 168 12
168 415 9
49 169 12
169 218 6
169 392 10
169 330 9
167 169 15
145 169 9
104 169 13
83 169 9
169 303 15
169 349 10
169 287 14
53 170 8
170 498 8
110 170 12
170 496 12
170 289 9
170 296 15
148 170 11
170 246 11
170 314 10
171 256 8
99 171 12
146 171 13
171 452 11
158 171 12
171 407 10
89 171 12
77 171 8
16 171 11
171 255 16
19 171 13
172 393 13
172 301 10
172 190 13
87 172 11
172 180 11
172 361 10
172 398 9
110 172 10
172 297 12
146 172 11
172 366 10
173 221 13
173 239 11
173 380 9
173 346 8
173 456 8
173 363 10
173 488 12
105 173 9
174 394 14
174 451 10
1 174 11
174 264 11
174 367 10
94 174 9
149 174 11
174 265 10
73 174 12
52 174 11
134 175 9
175 446 13
175 463 13
126 175 8
175 375 11
175 388 9
1 175 9
175 369 9
22 175 9
176 429 11
2 176 10
176 251 10
176 208 9
167 176 12
176 449 15
118 176 11
98 176 12
126 176 11
176 352 8
62 176 13
177 428 9
177 335 12
177 204 11
144 177 11
177 408 12
177 391 11
177 363 10
177 261 12
177 353 10
22 178 10
164 178 8
178 454 12
29 178 11
88 178 11
173 178 7
178 374 9
147 178 12
178 478 9
178 434 11
178 457 12
179 450 13
179 494 11
179 402 10
41 179 10
51 179 8
179 347 11
59 179 12
179 351 16
20 179 10
60 179 10
156 180 13
180 312 10
180 369 12
180 308 11
180 204 11
61 180 9
180 226 12
180 380 10
104 180 13
180 267 11
92 180 14
181 419 10
181 497 10
181 390 13
181 198 7
137 181 8
54 181 8
181 448 10
109 181 13
181 484 13
181 282 9
181 300 8
86 181 8
62 182 7
126 182 9
150 182 12
182 265 9
182 308 9
18 182 9
182 481 7
7 182 14
32 182 14
183 363 9
183 333 9
183 255 13
183 259 11
156 183 13
2 183 8
183 355 13
183 431 13
183 250 14
132 183 8
183 444 13
184 372 8
184 472 11
161 184 10
184 186 12
184 193 10
184 300 10
184 187 10
184 413 13
184 289 12
185 200 13
4 185 10
9 185 13
185 368 12
33 185 13
154 185 10
13 185 10
143 185 9
185 189 8
185 472 9
185 304 9
49 186 8
186 476 12
186 377 10
186 385 11
186 409 8
186 391 12
186 326 15
186 239 9
118 186 10
186 489 9
17 186 11
187 498 11
123 187 10
57 187 13
187 238 10
42 187 7
53 187 11
187 378 14
187 281 10
187 291 14
40 187 8
174 188 14
188 318 10
188 497 11
153 188 14
188 293 11
106 188 11
109 188 10
188 371 8
93 188 13
144 189 9
189 381 11
189 416 11
189 339 17
189 333 13
189 403 8
4 189 12
39 189 10
189 487 11
190 280 11
46 190 8
190 433 8
190 212 10
181 190 12
190 324 14
190 456 8
7 190 9
95 190 8
190 369 8
189 190 12
191 202 12
191 452 10
110 191 9
191 258 7
105 191 8
144 191 8
191 466 9
191 481 11
191 455 8
191 257 7
78 191 8
128 191 11
192 314 11
192 196 15
192 207 13
192 378 11
115 192 11
54 192 7
192 457 10
180 192 6
192 399 7
57 192 10
192 224 12
193 358 11
193 230 10
111 193 9
159 193 12
193 269 11
193 334 11
193 270 11
123 193 9
131 193 9
13 193 12
193 477 9
5 193 10
59 194 13
194 403 10
194 241 9
194 456 9
194 208 11
181 194 6
194 349 11
125 194 10
18 194 9
66 194 9
194 484 10
177 194 11
195 222 11
195 426 9
195 280 13
195 304 11
79 195 8
195 339 10
195 346 12
195 334 11
47 195 13
15 196 11
150 196 11
196 490 11
178 196 11
196 406 11
4 196 12
196 354 11
196 377 10
196 214 15
196 372 11
197 433 10
197 223 14
197 291 11
197 366 12
197 205 6
197 340 12
197 435 6
197 335 8
49 197 7
91 197 10
5 198 10
198 351 14
198 278 11
101 198 13
198 396 10
198 384 12
198 433 13
198 260 12
197 198 9
164 198 11
2 198 11
199 369 9
103 199 12
199 359 13
199 382 10
199 272 12
199 447 7
199 449 8
199 377 9
128 199 6
199 434 10
199 339 13
199 379 8
92 200 10
200 414 10
200 383 12
200 211 13
200 436 12
200 396 12
200 462 13
200 350 8
5 200 8
200 379 14
200 241 10
185 201 13
201 217 8
107 201 8
201 302 10
201 343 8
57 201 11
201 204 9
201 488 14
201 429 9
202 304 8
28 202 11
202 297 14
39 202 9
202 363 9
102 202 8
81 202 11
202 368 11
107 202 9
77 202 9
203 366 9
203 299 12
203 408 10
203 328 10
3 203 12
49 203 9
203 295 11
195 203 12
42 203 11
203 344 11
58 203 8
204 220 11
36 204 12
204 366 9
93 204 12
32 204 15
204 373 9
152 204 13
204 249 9
204 398 11
204 481 10
204 482 8
205 218 9
205 373 11
205 460 13
2 205 10
205 264 14
204 205 15
205 379 10
205 245 9
205 283 10
202 206 9
206 273 13
86 206 10
71 206 11
206 289 11
185 206 14
206 220 12
206 286 11
52 206 11
207 388 12
207 347 12
123 207 13
201 207 11
143 207 10
207 282 10
95 207 9
117 207 11
207 311 11
208 428 9
208 435 14
208 281 13
208 442 9
208 324 11
75 208 11
128 208 11
208 340 9
166 208 9
187 209 12
32 209 10
209 275 6
168 209 9
209 457 12
43 209 11
130 209 11
185 209 10
197 209 12
209 325 9
209 289 10
197 210 9
210 391 12
210 270 11
210 349 10
210 325 9
191 210 12
117 210 11
119 210 11
210 429 15
210 265 9
211 235 7
211 447 11
80 211 12
211 460 11
162 211 11
211 357 10
54 211 10
92 211 10
211 483 10
211 328 12
211 415 12
212 471 10
61 212 12
212 476 12
46 212 7
212 253 8
14 212 10
131 212 9
212 358 13
212 347 13
212 245 9
38 213 14
213 357 8
213 260 7
125 213 10
46 213 12
209 213 11
85 213 8
213 288 13
214 458 10
214 478 9
2 214 11
214 243 12
214 370 10
214 310 8
101 214 10
214 287 8
214 349 13
215 271 14
215 346 11
215 371 12
5 215 13
139 215 14
215 407 8
51 215 6
215 246 11
216 359 11
216 291 12
216 450 15
176 216 10
216 240 8
216 224 9
29 216 9
55 216 6
188 216 12
216 402 12
217 410 14
104 217 7
217 400 11
217 242 14
217 424 10
149 217 8
48 217 9
218 421 12
218 276 9
218 438 6
218 359 12
218 495 8
218 303 12
173 218 10
218 329 12
213 218 10
218 496 11
219 341 13
188 219 11
219 376 9
37 219 9
219 438 10
70 219 13
219 241 11
72 219 10
220 488 13
220 372 13
134 220 12
27 220 10
145 220 11
220 299 9
75 220 7
82 220 7
220 455 9
220 498 12
220 374 11
221 309 8
210 221 7
90 221 14
221 341 12
130 221 10
205 221 12
221 476 8
221 265 10
181 221 12
197 221 9
221 496 9
222 234 10
222 496 10
62 222 10
222 257 13
222 314 11
55 222 10
222 288 14
76 222 7
99 222 14
223 492 12
223 403 13
223 302 13
25 223 11
223 330 9
48 223 11
223 434 8
223 481 14
223 329 7
223 450 12
67 224 10
176 224 12
2 224 12
224 315 12
199 224 7
224 362 11
111 224 16
224 357 10
224 463 11
224 300 8
225 282 15
225 236 9
225 332 10
224 225 12
225 435 11
225 404 10
146 225 13
37 225 9
59 225 11
225 307 8
99 226 7
226 359 9
226 457 9
62 226 15
210 226 11
176 226 12
16 226 7
33 226 12
226 384 7
226 337 10
226 237 13
227 427 8
108 227 11
196 227 14
227 334 12
114 227 11
217 227 12
227 487 9
227 278 10
95 227 11
227 245 10
227 324 9
228 499 8
89 228 13
228 266 11
228 257 12
211 228 12
21 228 11
191 228 11
213 228 8
228 361 12
110 228 11
229 448 9
149 229 11
229 377 9
229 352 13
229 464 15
29 229 11
213 229 11
49 229 11
229 258 11
229 332 10
230 310 16
102 230 10
25 230 12
230 408 12
52 230 8
230 379 14
230 417 11
222 230 10
56 230 12
113 231 12
78 231 9
186 231 8
231 349 10
231 306 9
231 319 12
231 317 11
158 231 14
231 271 11
111 231 10
26 232 10
213 232 10
171 232 12
101 232 13
4 232 11
170 232 11
176 232 9
116 232 7
14 232 9
232 420 10
231 233 11
233 412 12
233 466 12
115 233 11
60 233 8
233 465 11
233 435 11
233 286 8
233 351 12
216 233 11
234 438 10
234 410 10
114 234 9
234 297 11
234 240 9
72 234 10
203 234 10
234 378 10
234 457 12
56 235 8
207 235 11
235 257 8
24 235 13
129 235 13
209 235 10
235 259 10
158 235 9
145 236 9
210 236 11
66 236 11
236 453 10
147 236 13
236 354 11
41 236 9
236 255 9
236 237 11
237 303 9
237 402 10
125 237 15
79 237 10
237 323 11
111 237 12
179 237 9
203 237 9
237 403 12
171 237 11
237 389 7
63 238 8
238 282 11
238 440 13
51 238 11
238 344 8
238 315 7
131 238 12
238 308 11
238 460 12
238 332 12
238 419 7
67 238 10
239 458 13
239 478 12
239 408 10
236 239 10
159 239 15
202 239 11
85 239 11
239 420 9
112 240 11
145 240 10
240 470 10
180 240 11
240 392 11
240 433 10
240 461 13
240 304 10
41 240 15
240 315 7
136 241 10
241 340 11
159 241 11
132 241 9
151 241 10
241 476 14
239 241 10
172 241 10
241 319 10
240 241 9
241 384 13
93 241 11
242 352 12
219 242 8
242 322 6
242 280 12
86 242 12
109 242 9
242 392 12
221 242 9
205 242 10
243 396 10
243 329 14
25 243 15
211 243 12
243 459 7
243 292 12
240 243 12
168 243 7
6 243 15
244 386 5
30 244 8
239 244 12
33 244 8
244 290 11
240 244 7
244 431 13
244 476 11
43 244 10
244 355 13
54 244 13
112 244 10
167 245 6
245 496 8
74 245 11
245 404 7
245 291 13
245 425 11
245 254 11
163 245 11
245 357 14
146 245 12
158 245 14
246 405 11
145 246 13
7 246 13
246 473 9
246 477 11
246 300 7
106 246 10
246 279 12
246 344 11
247 253 8
136 247 7
247 284 11
247 492 9
116 247 9
63 247 8
12 247 8
247 306 12
120 247 11
247 330 14
247 314 11
248 262 10
248 439 8
133 248 12
248 327 11
33 248 10
139 248 8
248 436 8
36 248 8
68 248 9
248 340 8
102 249 12
100 249 8
249 445 14
249 270 8
97 249 10
120 249 9
113 249 10
186 249 10
249 319 9
243 249 10
15 250 11
221 250 11
250 441 9
250 379 12
250 331 8
135 250 11
21 250 12
137 250 10
250 476 12
250 482 10
110 251 11
246 251 7
251 294 11
251 468 8
251 313 11
251 302 13
99 251 10
251 259 11
251 366 9
251 458 7
252 357 11
249 252 13
100 252 12
53 252 10
252 402 9
252 343 9
252 324 9
69 252 9
252 493 13
252 463 9
252 439 11
46 252 11
253 477 7
253 289 11
237 253 11
171 253 9
253 449 11
149 253 9
253 305 12
240 253 7
61 253 12
95 253 7
41 253 12
163 254 13
254 372 9
254 469 9
254 306 12
254 441 13
19 254 9
178 254 11
114 254 12
254 394 11
207 255 13
1 255 11
39 255 12
17 255 7
24 255 11
179 255 9
58 255 12
255 308 15
255 382 8
71 255 8
255 479 11
158 256 10
61 256 9
256 285 14
255 256 13
256 362 14
256 379 12
256 452 9
256 276 14
256 280 9
214 256 13
257 499 9
257 259 12
257 385 11
205 257 11
257 471 12
257 325 6
257 333 9
112 257 11
257 274 10
87 257 13
2 258 10
258 348 11
258 356 9
12 258 10
59 258 8
254 258 9
258 274 8
236 258 11
258 308 10
258 377 9
148 258 13
141 259 9
259 464 9
259 356 9
175 259 8
239 259 6
129 259 9
96 259 13
209 259 11
259 359 8
190 259 8
66 259 9
21 260 11
260 273 15
260 390 8
260 272 11
210 260 12
260 417 9
260 337 10
260 369 12
260 268 12
261 319 13
235 261 10
72 261 15
148 261 15
261 485 10
261 360 10
261 267 9
53 261 8
21 261 9
83 261 9
261 436 10
221 261 11
262 417 11
49 262 10
188 262 10
202 262 10
262 446 6
262 415 10
262 384 9
219 262 10
262 392 12
109 263 11
263 357 13
76 263 13
263 431 8
263 305 16
263 355 12
132 263 8
123 263 14
263 415 13
263 384 8
224 264 10
264 388 7
264 307 9
71 264 9
264 404 10
51 264 10
152 264 11
264 283 8
264 462 11
265 465 10
265 491 12
36 265 8
21 265 12
257 265 10
2 265 13
265 282 12
265 309 9
265 413 12
265 324 12
266 377 12
18 266 10
188 266 10
266 281 9
74 266 11
138 266 11
266 436 9
195 266 10
171 266 12
25 266 14
266 321 11
240 267 10
93 267 12
264 267 11
267 358 8
267 397 8
267 335 11
239 267 9
35 267 10
267 350 11
267 383 15
267 438 12
126 268 10
268 427 11
194 268 9
268 428 9
20 268 10
90 268 9
268 314 11
214 268 13
268 320 12
67 268 13
268 296 9
269 369 9
32 269 12
269 437 7
232 269 10
269 413 13
269 451 10
269 416 12
138 269 12
269 315 11
19 269 11
269 469 7
269 377 15
270 446 9
10 270 14
270 489 12
270 347 11
270 458 13
71 270 15
167 270 11
270 275 9
270 474 12
270 381 11
262 270 13
271 475 9
224 271 11
271 484 8
271 345 11
133 271 12
70 271 14
173 271 13
92 271 6
271 492 15
104 271 7
2 271 7
213 272 11
19 272 9
272 465 10
272 364 12
272 442 11
272 370 11
272 278 9
272 499 11
272 385 11
273 306 12
2 273 13
203 273 13
273 495 12
45 273 10
273 278 7
273 429 12
93 273 8
273 451 9
273 415 11
274 471 14
274 305 11
274 349 10
274 324 9
274 364 10
274 426 11
115 274 10
265 274 10
79 274 12
274 374 14
22 274 9
70 275 13
275 410 12
275 285 12
273 275 13
6 275 8
160 275 10
275 417 9
10 275 9
179 275 9
276 455 11
142 276 8
199 276 11
276 321 11
181 276 14
276 334 12
143 276 14
276 340 11
277 301 10
245 277 11
277 489 11
18 277 9
277 408 12
277 483 12
264 277 8
277 330 13
277 350 8
118 277 8
278 338 12
278 468 10
75 278 13
39 278 12
36 278 14
278 304 12
46 278 11
226 279 12
120 279 10
274 279 10
279 372 12
148 279 9
279 497 10
191 279 11
279 328 14
129 279 12
109 280 10
73 280 7
280 441 14
191 280 9
238 280 12
280 408 14
280 380 8
20 280 8
233 280 11
239 280 9
210 280 12
6 280 9
281 416 11
281 457 11
281 350 12
281 465 12
281 393 13
281 347 12
281 471 15
112 281 9
281 494 13
281 380 10
282 334 14
282 401 7
282 477 13
240 282 10
167 282 12
278 282 12
282 346 9
89 282 12
282 297 8
282 391 6
283 406 10
283 394 12
170 283 10
100 283 13
271 283 9
283 390 14
56 283 8
110 283 10
283 475 9
58 283 13
273 284 11
132 284 9
284 400 11
284 343 14
264 284 11
173 284 10
284 390 11
230 284 8
51 284 11
284 299 9
285 484 12
150 285 10
282 285 13
285 437 7
274 285 11
285 461 9
285 297 13
285 363 10
285 316 13
285 307 11
103 286 12
286 352 10
14 286 9
265 286 12
215 286 11
286 492 12
191 286 12
136 286 7
116 286 8
125 286 8
205 286 13
287 378 10
287 482 12
287 374 11
287 370 11
155 287 12
183 287 12
131 287 12
53 287 9
288 415 10
158 288 9
141 288 10
274 288 8
99 288 13
272 288 9
256 288 9
218 288 8
288 442 11
288 371 13
166 288 13
289 353 8
289 453 11
289 454 13
221 289 7
289 488 9
289 332 11
289 308 10
1 289 9
290 339 11
290 399 8
290 415 10
290 405 8
0 290 12
266 290 9
290 292 9
113 290 7
80 291 11
38 291 7
208 291 12
291 380 11
204 291 7
291 414 10
152 291 10
291 358 10
291 420 10
140 292 11
225 292 14
292 404 10
20 292 10
167 292 10
94 292 10
292 437 10
0 292 11
233 292 11
293 449 10
25 293 7
293 469 8
293 437 9
62 293 11
235 293 12
222 293 7
115 293 10
293 497 11
293 300 13
294 348 12
294 440 11
89 294 13
294 436 15
294 303 13
118 294 10
242 294 13
156 294 11
66 294 12
216 294 13
85 295 11
295 373 11
295 472 12
295 457 8
208 295 16
283 295 9
124 295 8
96 295 9
258 295 7
295 478 12
228 295 8
296 344 9
296 416 12
296 465 12
271 296 11
232 296 8
267 296 13
296 450 11
296 332 10
234 296 8
239 297 10
228 297 9
20 297 12
158 297 8
221 297 9
297 448 13
114 297 10
297 393 11
297 396 8
298 333 12
237 298 12
256 298 11
281 298 9
166 298 11
298 397 13
17 298 14
144 298 10
245 298 9
164 299 10
299 396 9
283 299 10
299 484 11
299 359 11
73 299 11
173 299 14
169 299 13
299 323 11
214 299 12
171 300 13
166 300 11
284 300 11
300 340 9
300 399 13
130 300 9
300 337 13
238 300 8
59 300 11
53 301 8
232 301 8
301 432 9
301 458 10
217 301 11
136 301 11
301 464 11
301 435 9
39 302 11
302 395 12
112 302 10
271 302 10
302 449 13
100 302 11
192 302 12
290 302 14
300 302 9
203 302 9
296 302 11
125 303 12
280 303 11
201 303 13
303 328 10
264 303 11
214 303 10
211 303 11
189 303 10
303 456 8
303 445 11
304 479 9
304 341 10
299 304 11
256 304 10
102 304 11
304 388 7
19 304 6
25 304 10
304 476 10
276 304 11
203 305 10
26 305 11
77 305 13
133 305 8
229 305 12
46 305 11
305 432 12
305 333 14
172 305 12
305 394 13
305 307 12
244 306 10
306 455 10
88 306 11
306 408 12
93 306 12
74 306 12
42 306 9
211 306 8
289 306 13
306 361 11
303 307 12
106 307 9
307 383 9
276 307 12
307 319 10
307 384 8
60 307 13
307 432 8
252 307 9
214 307 13
307 404 13
308 372 11
243 308 9
304 308 8
51 308 11
242 308 9
308 368 11
228 308 11
308 365 13
29 308 11
161 308 7
218 308 7
251 309 12
184 309 13
256 309 10
120 309 12
267 309 11
309 478 7
286 309 8
242 309 10
92 309 6
158 309 10
309 467 17
90 310 9
310 435 13
38 310 9
283 310 9
310 445 11
310 374 12
195 310 13
286 310 9
175 310 10
310 487 14
225 310 9
117 310 10
274 310 8
42 311 11
138 311 11
311 477 13
286 311 14
225 311 11
311 356 10
233 311 11
311 365 11
304 311 12
257 311 9
60 312 12
81 312 11
93 312 11
312 374 8
265 312 13
312 395 13
110 312 12
151 312 7
178 312 12
312 319 14
305 313 11
122 313 12
249 313 10
313 415 12
308 313 9
244 313 12
51 313 6
110 313 11
313 440 14
313 363 11
6 313 10
314 497 11
215 314 10
314 498 8
314 363 11
13 314 9
186 314 10
181 314 10
314 449 8
151 314 11
129 314 10
74 315 12
315 388 9
315 456 10
47 315 10
315 372 8
69 315 8
81 315 11
302 315 8
315 410 9
11 316 12
95 316 12
316 375 10
112 316 11
242 316 12
58 316 10
316 432 10
316 323 13
284 316 9
156 317 12
256 317 8
317 389 12
317 459 8
317 417 10
53 317 9
255 317 12
317 398 11
317 487 13
235 317 12
172 317 11
317 416 10
318 450 9
312 318 10
307 318 12
318 402 9
77 318 12
34 318 10
10 318 10
318 434 7
313 318 10
172 318 12
318 384 10
220 318 13
69 318 11
300 319 11
29 319 10
301 319 11
159 319 10
173 319 13
319 468 9
22 319 11
62 319 10
180 319 12
319 436 7
319 439 11
320 492 9
196 320 11
320 342 13
49 320 11
320 401 8
320 494 11
92 320 8
320 337 10
321 322 12
163 321 9
236 321 10
126 321 13
203 321 16
321 416 9
321 474 15
321 382 7
185 321 10
321 411 13
146 322 9
25 322 12
148 322 12
316 322 10
322 489 12
322 494 8
117 322 10
322 441 10
246 322 11
240 322 12
221 322 11
264 322 13
218 322 9
93 323 10
122 323 11
323 472 10
174 323 12
323 462 10
204 323 8
219 323 10
323 463 11
323 452 4
323 461 8
264 324 9
57 324 12
116 324 8
324 410 9
324 363 9
324 396 11
173 324 14
324 408 13
212 324 10
268 324 12
123 324 11
151 325 11
325 347 11
276 325 8
325 383 13
325 496 7
62 325 9
325 380 8
325 393 10
325 478 11
326 354 12
326 349 15
90 326 11
326 398 9
131 326 7
74 326 9
21 326 12
309 326 12
206 326 11
193 326 12
325 326 8
187 327 8
179 327 10
153 327 10
327 484 9
327 450 11
327 352 8
172 327 9
118 327 10
90 327 13
48 328 12
328 355 10
148 328 9
299 328 11
328 422 6
328 337 9
14 328 12
219 328 6
147 328 11
328 391 9
328 335 8
329 350 13
36 329 12
329 371 13
95 329 9
329 488 12
329 480 10
167 329 11
182 329 15
329 419 7
136 330 10
330 365 8
145 330 12
330 476 12
112 330 8
159 330 9
260 330 10
330 440 14
46 330 9
257 331 10
80 331 9
331 443 14
331 450 8
63 331 8
331 355 8
251 331 18
331 425 10
156 331 8
42 331 11
198 332 13
332 430 12
332 344 7
332 412 11
77 332 8
255 332 11
285 332 10
282 332 13
25 332 11
93 332 9
332 408 7
220 333 10
199 333 12
84 333 9
333 491 9
61 333 14
333 361 10
105 333 7
14 333 12
33 333 11
136 334 12
334 432 9
323 334 12
13 334 11
264 334 12
56 334 12
316 334 13
168 334 11
334 498 14
334 478 9
173 335 12
227 335 12
335 415 15
324 335 9
335 491 11
335 353 11
60 335 7
172 335 11
335 433 13
336 448 12
170 336 10
91 336 11
336 419 11
273 336 9
311 336 14
336 349 8
336 462 11
336 392 11
202 336 8
217 336 15
57 336 10
250 337 12
154 337 9
335 337 10
61 337 12
337 437 10
35 337 9
43 337 10
101 337 11
121 337 9
173 337 11
251 337 8
337 338 10
73 338 9
338 376 11
158 338 13
338 495 14
338 354 9
153 338 9
208 338 13
338 449 8
117 338 11
338 352 12
338 482 10
339 491 9
53 339 10
339 467 12
45 339 12
3 339 13
339 346 11
339 449 9
339 389 11
83 340 11
42 340 11
340 472 12
340 398 10
118 340 14
73 340 8
340 397 11
340 462 11
340 374 10
80 340 11
123 340 11
112 341 11
72 341 7
341 414 10
226 341 11
144 341 10
204 341 10
23 341 10
217 341 10
341 478 15
17 341 11
227 342 10
19 342 12
238 342 10
312 342 14
342 444 11
132 342 12
9 342 11
159 342 10
250 342 10
343 437 11
343 442 9
343 488 11
343 360 14
343 387 10
296 343 11
198 343 10
343 489 8
216 343 13
207 343 8
248 343 10
344 369 11
342 344 9
209 344 9
199 344 9
45 344 11
239 344 10
292 344 12
324 344 9
344 383 7
101 344 11
344 472 11
134 345 9
318 345 10
68 345 9
89 345 8
73 345 8
345 430 13
345 457 10
74 345 8
280 345 9
314 345 15
346 479 10
346 374 13
346 436 8
34 346 8
290 346 9
346 490 9
346 407 13
288 346 11
346 491 10
182 347 11
347 356 8
323 347 12
168 347 9
167 347 10
91 347 11
288 347 10
13 347 12
155 347 7
288 348 13
259 348 12
348 363 10
334 348 11
315 348 12
215 348 12
256 348 11
71 348 11
128 348 13
348 385 10
75 348 11
14 349 12
238 349 10
349 375 10
87 349 7
349 456 12
349 393 12
349 429 9
349 438 9
349 451 9
268 349 13
324 349 8
350 432 10
350 400 13
350 469 12
119 350 7
217 350 12
350 422 11
350 452 14
212 350 10
350 457 14
306 350 12
16 351 13
222 351 8
351 451 9
109 351 12
351 490 12
317 351 9
292 351 10
99 351 13
236 351 8
66 352 13
131 352 8
269 352 12
352 390 10
342 352 8
142 352 7
352 415 10
233 352 11
224 352 10
12 352 10
353 472 6
353 358 12
353 380 9
244 353 9
136 353 8
224 353 8
353 377 11
92 353 8
28 353 10
353 412 6
35 354 8
354 369 8
354 465 10
354 375 11
301 354 8
209 354 7
92 354 8
91 354 8
136 354 8
354 407 9
278 354 10
177 355 13
292 355 7
184 355 12
205 355 7
355 414 9
317 355 9
121 355 12
355 406 11
193 355 11
49 355 9
355 408 12
356 387 7
12 356 14
85 356 8
237 356 7
150 356 13
356 496 10
356 361 10
161 356 10
275 356 12
59 356 8
11 357 13
321 357 9
271 357 7
357 367 13
41 357 16
357 451 7
235 357 10
203 357 10
357 472 7
345 357 11
241 357 9
212 357 10
358 406 11
308 358 11
49 358 11
358 424 14
126 358 9
358 494 7
358 436 9
358 473 16
203 358 9
300 358 15
281 359 11
219 359 10
239 359 9
279 359 8
359 459 13
359 473 10
359 400 11
227 359 15
152 359 11
359 431 6
359 469 10
194 359 9
360 424 13
149 360 8
39 360 10
360 410 11
246 360 13
8 360 14
266 360 10
160 360 13
64 360 10
236 361 7
143 361 12
187 361 10
124 361 11
155 361 10
322 361 10
113 361 12
200 361 11
102 361 8
123 361 13
362 373 9
261 362 11
242 362 9
179 362 9
362 363 8
362 466 12
16 362 15
362 418 10
3 362 11
272 362 9
363 439 10
120 363 11
114 363 12
145 363 13
363 412 12
363 396 14
244 363 5
40 363 8
302 363 10
255 363 11
363 488 13
12 364 13
196 364 11
364 397 8
364 399 7
200 364 7
19 364 6
364 479 11
227 364 14
226 364 7
361 364 11
243 364 10
365 492 12
181 365 8
302 365 12
168 365 9
365 385 10
83 365 11
259 365 14
365 448 12
69 365 11
346 365 10
366 403 14
366 478 7
157 366 10
96 366 11
84 366 9
366 386 9
366 381 10
80 366 8
216 366 8
367 436 11
347 367 11
212 367 9
70 367 12
367 467 11
76 367 12
224 367 8
111 367 11
285 367 9
367 474 8
368 465 9
49 368 15
182 368 12
48 368 9
368 412 12
364 368 9
368 447 8
97 368 10
316 368 10
149 369 4
147 369 10
50 369 10
365 369 12
294 369 12
45 369 12
12 369 10
289 369 11
137 369 9
324 369 13
81 369 12
370 461 11
244 370 12
254 370 9
38 370 12
274 370 12
370 400 8
370 412 9
370 458 11
370 481 8
0 371 8
195 371 9
60 371 8
371 474 9
371 417 12
371 483 8
352 371 10
371 433 13
56 371 10
371 383 11
252 371 10
216 372 10
372 459 14
9 372 7
39 372 12
57 372 8
90 372 11
118 372 11
169 372 11
235 372 13
18 372 11
82 372 11
102 373 11
231 373 11
311 373 9
318 373 11
257 373 10
263 373 15
373 434 13
31 373 11
181 373 10
372 374 9
374 460 11
231 374 11
46 374 7
193 374 9
374 446 10
119 374 11
268 374 14
21 374 12
42 374 9
374 486 12
307 374 11
109 375 9
151 375 12
370 375 14
210 375 6
375 474 8
198 375 9
183 375 7
375 439 12
262 375 10
299 375 10
170 375 11
375 496 11
225 376 8
246 376 12
376 478 13
223 376 14
376 465 14
58 376 10
83 376 9
376 426 10
361 376 6
327 376 9
136 376 10
377 484 12
377 499 12
80 377 10
327 377 10
377 423 7
377 400 12
314 377 10
377 426 9
168 377 8
227 377 10
229 378 10
335 378 12
131 378 11
34 378 10
269 378 10
160 378 7
325 378 9
140 378 8
26 378 8
53 378 12
378 452 11
30 379 10
75 379 11
120 379 8
18 379 8
372 379 8
379 479 12
379 408 11
377 379 8
295 379 13
62 379 12
362 379 14
256 380 8
76 380 12
269 380 9
380 397 10
380 491 8
41 380 9
34 380 10
380 489 9
58 380 12
381 495 9
129 381 11
28 381 13
293 381 13
381 412 13
130 381 13
210 381 10
136 381 12
381 422 10
269 381 12
382 490 11
382 467 13
378 382 14
382 396 9
221 382 12
382 457 13
57 382 8
164 382 9
382 389 11
134 382 9
160 383 11
257 383 14
339 383 9
383 480 12
48 383 9
322 383 11
35 383 13
362 383 14
365 383 12
246 383 10
384 487 9
118 384 13
154 384 11
384 425 7
367 384 13
23 384 8
272 384 12
166 384 9
289 384 11
43 384 9
384 412 9
70 384 12
108 385 10
154 385 10
34 385 10
385 414 10
385 463 8
135 385 7
233 385 11
363 385 6
49 385 9
385 408 9
33 385 10
386 457 10
96 386 10
26 386 14
12 386 11
386 461 10
52 386 7
269 386 12
10 386 13
276 386 12
386 404 11
102 386 14
286 387 14
178 387 8
267 387 11
42 387 8
387 414 10
228 387 12
384 387 11
387 485 11
104 387 10
387 434 10
88 387 11
332 388 10
388 401 11
25 388 13
48 388 13
112 388 11
147 388 10
388 449 12
388 475 11
99 388 7
358 388 13
196 389 11
241 389 10
160 389 7
379 389 9
113 389 13
74 389 7
272 389 10
180 389 11
163 389 12
349 389 9
23 389 11
390 414 11
390 495 13
197 390 7
259 390 9
16 390 12
390 397 12
390 415 11
390 481 10
225 390 11
350 391 13
284 391 14
348 391 9
157 391 9
298 391 12
152 391 8
391 497 9
207 391 9
49 391 12
298 392 12
255 392 11
243 392 9
112 392 6
392 461 9
247 392 12
212 392 12
184 392 12
392 404 14
392 459 10
12 392 8
69 393 9
219 393 10
95 393 12
262 393 14
393 412 10
162 393 12
193 393 8
224 393 10
109 393 10
393 422 7
394 442 9
253 394 6
394 449 12
345 394 9
266 394 11
325 394 10
394 427 5
389 394 9
138 394 11
394 491 10
287 395 10
213 395 11
356 395 16
395 495 8
315 395 14
395 447 10
238 395 13
117 395 14
131 395 9
320 395 10
395 491 11
396 472 11
93 396 12
396 447 12
186 396 8
396 410 15
396 485 11
13 396 7
235 396 15
350 396 14
275 397 11
226 397 8
397 467 11
397 474 11
145 397 8
124 397 10
213 397 7
84 397 8
397 416 12
57 398 11
328 398 11
319 398 12
398 489 11
299 398 10
150 398 8
138 398 11
398 405 9
398 454 8
261 398 10
324 399 13
226 399 12
172 399 9
399 490 8
179 399 13
399 435 12
195 399 8
372 399 12
103 399 10
82 400 11
240 400 10
400 420 8
40 400 7
241 400 11
81 400 8
293 400 9
400 462 10
373 400 11
130 400 13
300 400 11
401 420 11
223 401 11
281 401 8
187 401 11
401 414 11
195 401 11
379 401 12
238 401 9
108 401 8
339 401 8
226 402 11
339 402 13
49 402 12
166 402 8
398 402 12
402 492 10
131 402 8
291 402 13
39 402 8
191 402 10
396 402 11
266 403 10
352 403 7
403 478 10
403 407 10
111 403 13
403 419 10
152 403 12
403 467 10
403 499 10
346 403 10
325 404 14
377 404 10
151 404 10
38 404 12
132 404 5
281 404 10
404 460 11
404 484 13
67 404 12
404 445 10
235 405 9
355 405 13
52 405 9
147 405 10
197 405 12
316 405 6
361 405 12
204 405 9
103 405 10
330 405 12
285 405 11
0 406 8
147 406 11
406 448 10
246 406 11
309 406 10
207 406 11
406 450 12
21 406 11
229 406 13
406 465 9
272 407 13
407 496 11
83 407 15
95 407 10
407 443 12
146 407 12
407 471 12
188 407 11
245 407 15
335 407 9
12 408 9
32 408 12
243 408 12
49 408 11
27 408 9
408 469 9
334 408 12
187 408 9
287 408 11
409 415 10
18 409 13
334 409 12
386 409 14
317 409 9
409 420 11
409 486 13
153 409 8
325 409 9
409 456 9
410 418 10
388 410 10
20 410 12
349 410 10
193 410 12
410 469 10
382 410 9
410 490 12
225 410 14
68 410 10
410 452 8
184 411 14
224 411 18
295 411 12
94 411 10
253 411 10
411 485 9
163 411 11
292 411 12
412 487 10
382 412 12
216 412 10
75 412 12
293 412 8
412 426 11
37 412 11
412 452 5
412 479 13
247 412 9
293 413 14
194 413 7
413 453 14
200 413 12
168 413 10
369 413 9
71 413 12
270 413 11
56 413 10
413 421 11
414 446 11
307 414 11
414 460 8
209 414 10
241 414 8
297 414 10
204 414 13
94 414 9
239 414 10
149 414 12
311 414 12
244 415 13
34 415 9
108 415 12
223 415 11
374 415 12
52 415 14
23 415 7
167 415 7
312 415 11
77 415 12
250 416 12
137 416 13
79 416 13
394 416 7
187 416 10
279 416 9
416 446 11
330 416 10
169 416 12
416 448 11
69 417 7
407 417 9
226 417 11
123 417 10
88 417 7
244 417 12
291 417 11
186 417 12
236 417 12
219 417 10
357 418 12
418 468 10
271 418 13
46 418 11
142 418 12
38 418 13
112 418 10
143 418 6
278 418 15
367 418 8
324 419 9
249 419 10
384 419 10
338 419 13
122 419 13
419 420 14
339 419 11
419 423 12
392 419 12
361 419 8
296 420 9
195 420 12
140 420 9
137 420 10
112 420 8
350 420 11
420 491 10
267 420 13
257 420 11
155 420 9
60 421 11
340 421 13
159 421 12
421 478 8
149 421 11
401 421 13
87 421 12
183 421 10
329 421 8
421 436 11
349 421 8
377 422 9
98 422 8
110 422 8
166 422 11
16 422 11
20 422 7
78 422 7
35 422 12
307 422 12
305 422 8
151 422 11
325 423 11
423 432 14
423 436 11
341 423 4
18 423 11
423 459 6
326 423 10
407 423 11
423 437 13
217 423 13
398 424 4
100 424 11
400 424 11
299 424 13
348 424 7
278 424 12
424 495 14
311 424 8
153 424 6
206 425 11
121 425 7
319 425 14
227 425 10
268 425 7
401 425 12
138 425 14
54 425 7
51 425 10
107 425 9
425 455 10
386 426 10
172 426 7
129 426 12
264 426 10
319 426 12
384 426 8
237 426 11
263 426 10
35 426 11
180 427 11
202 427 10
314 427 14
229 427 10
424 427 11
341 427 11
361 427 9
427 434 9
96 427 11
302 427 12
259 428 13
203 428 8
428 456 11
301 428 10
359 428 12
96 428 9
94 428 9
79 428 12
215 428 13
393 428 7
51 428 12
148 429 9
429 467 10
223 429 13
346 429 12
133 429 9
380 429 11
27 429 10
243 429 10
87 429 8
344 430 12
417 430 8
178 430 11
420 430 10
134 430 10
49 430 11
125 430 14
70 430 12
135 430 11
431 439 13
350 431 13
100 431 8
23 431 8
32 431 11
418 431 9
74 431 9
178 431 12
431 471 14
420 431 9
176 432 11
217 432 8
271 432 9
115 432 8
235 432 14
432 496 8
212 432 13
211 432 10
286 432 10
69 432 10
51 432 11
136 432 10
342 433 10
149 433 11
355 433 11
147 433 15
136 433 9
333 433 9
431 433 10
433 454 11
238 433 13
433 450 12
183 434 11
17 434 9
94 434 11
434 468 10
321 434 8
395 434 7
233 434 10
239 434 13
338 434 10
343 434 14
126 435 10
213 435 9
435 461 8
435 487 10
417 435 9
435 467 9
435 493 13
317 435 8
410 436 14
151 436 13
149 436 10
271 436 11
324 436 10
199 436 9
207 436 11
34 436 11
357 436 11
437 455 10
109 437 13
29 437 10
340 437 13
254 437 12
85 437 10
176 437 12
104 437 9
245 437 11
113 437 10
263 437 11
9 437 8
430 438 11
438 486 12
213 438 13
236 438 10
438 471 11
69 438 9
277 438 13
120 438 7
387 438 10
256 439 9
210 439 13
149 439 10
439 495 10
439 458 12
342 439 10
273 439 12
37 439 10
30 439 9
439 474 9
80 439 8
440 487 13
120 440 10
317 440 10
285 440 14
421 440 13
440 466 10
87 440 12
325 440 12
154 440 10
399 440 14
180 440 9
439 441 8
182 441 10
334 441 11
194 441 15
158 441 14
329 441 12
441 472 13
18 441 11
132 441 9
222 441 12
142 442 9
210 442 12
432 442 11
91 442 15
245 442 10
69 442 10
229 442 10
122 442 10
242 442 12
3 442 13
94 442 11
443 446 11
245 443 14
336 443 6
117 443 8
443 463 8
105 443 10
182 443 11
169 443 14
440 443 10
225 443 12
8 443 14
444 471 13
94 444 8
120 444 10
44 444 13
193 444 8
388 444 7
337 444 10
53 444 9
208 444 8
186 445 12
323 445 11
117 445 10
36 445 7
230 445 11
157 445 11
106 445 12
445 496 11
333 445 8
415 445 11
0 445 11
446 455 11
232 446 14
437 446 9
446 473 10
129 446 8
224 446 7
251 446 11
32 446 11
233 446 14
397 447 14
177 447 9
185 447 9
418 447 10
113 447 11
59 447 14
377 447 10
430 447 12
54 447 8
336 447 12
372 448 10
88 448 12
220 448 14
164 448 13
402 448 11
392 448 14
440 448 11
195 448 9
287 448 8
68 449 9
127 449 9
81 449 10
120 449 10
420 449 13
337 449 14
418 449 12
449 479 12
103 449 9
422 449 12
40 449 12
354 450 8
21 450 9
332 450 10
450 457 9
39 450 9
221 450 12
191 450 10
213 450 9
421 451 9
411 451 11
199 451 10
67 451 10
47 451 8
249 451 9
334 451 14
69 451 11
114 451 8
218 451 12
432 451 10
423 452 11
238 452 13
331 452 11
355 452 10
452 454 11
139 452 9
115 452 9
267 452 11
388 452 10
38 452 11
5 453 14
46 453 8
175 453 8
261 453 6
73 453 9
210 453 10
107 453 11
453 477 13
52 453 8
74 453 8
108 454 8
28 454 10
216 454 7
454 491 9
195 454 16
454 499 12
454 477 12
443 454 11
7 454 12
384 454 10
123 455 8
317 455 11
194 455 10
47 455 13
109 455 11
439 455 12
261 455 11
284 455 8
347 456 12
210 456 13
39 456 11
237 456 11
121 456 10
419 456 11
29 456 12
361 456 10
139 456 11
318 456 12
131 457 12
202 457 8
186 457 13
148 457 12
216 457 9
407 457 10
153 457 12
322 457 8
394 457 11
71 458 10
191 458 9
54 458 15
258 458 10
377 458 11
259 458 16
260 458 10
449 458 15
247 458 11
458 495 9
312 458 7
228 459 9
212 459 11
174 459 5
14 459 9
222 459 14
459 473 10
176 459 12
334 459 11
459 483 11
87 459 14
116 460 7
65 460 11
98 460 13
99 460 6
109 460 12
361 460 9
147 460 10
448 460 9
304 461 10
438 461 9
231 461 11
259 461 12
220 461 13
461 479 10
317 461 10
447 461 10
461 480 10
179 461 8
390 462 11
342 462 14
24 462 12
413 462 10
36 462 9
16 462 9
111 462 13
426 462 10
53 462 10
463 490 11
9 463 6
211 463 14
168 463 10
74 463 13
321 463 10
100 463 11
318 463 8
278 463 12
272 463 10
85 464 11
37 464 15
410 464 13
426 464 11
345 464 10
464 483 10
110 464 11
316 464 16
133 464 9
406 464 12
61 465 12
235 465 11
465 467 12
128 465 11
319 465 13
45 465 11
283 465 11
78 465 8
246 465 14
141 466 10
137 466 9
261 466 10
36 466 10
466 482 13
466 491 10
466 494 12
12 466 9
227 466 10
408 466 11
459 466 10
124 467 11
100 467 13
467 476 11
136 467 9
29 467 12
165 467 14
17 467 10
373 467 9
447 467 8
160 468 11
36 468 10
113 468 10
351 468 12
293 468 12
64 468 11
455 468 9
14 468 10
44 468 11
177 468 13
220 468 8
384 469 7
261 469 9
198 469 13
27 469 11
321 469 14
229 469 9
285 469 11
128 469 11
381 469 8
204 470 11
250 470 10
371 470 11
68 470 10
282 470 8
414 470 8
156 470 12
164 470 12
354 470 9
242 470 6
275 471 10
376 471 11
95 471 8
63 471 12
85 471 9
249 471 8
335 471 12
246 471 10
122 471 12
341 472 11
351 472 11
38 472 13
14 472 13
421 472 10
173 472 9
430 472 8
155 472 9
237 473 7
278 473 14
253 473 12
464 473 9
473 487 12
409 473 16
258 473 12
467 473 7
76 473 13
456 473 10
145 474 13
271 474 11
197 474 10
411 474 12
186 474 6
190 474 5
306 474 8
58 474 12
149 474 13
78 475 9
64 475 12
142 475 11
392 475 11
401 475 10
295 475 12
328 475 10
47 475 12
406 475 9
141 475 9
54 475 13
4 476 8
476 490 10
40 476 11
59 476 11
122 476 10
112 476 12
42 476 10
113 476 11
82 476 14
93 476 12
161 476 9
95 477 10
133 477 12
380 477 11
204 477 8
101 477 10
104 477 13
81 477 9
363 477 12
233 477 12
414 477 11
144 478 10
412 478 7
166 478 10
466 478 16
203 478 9
133 478 10
431 478 6
420 478 12
387 478 10
110 478 9
46 478 10
478 485 10
403 479 8
415 479 8
470 479 10
60 479 8
435 479 10
284 479 12
232 479 9
367 479 12
436 479 15
77 479 6
313 479 9
266 480 11
182 480 12
298 480 10
37 480 7
469 480 8
328 480 9
162 480 12
119 480 12
176 480 12
212 481 11
273 481 10
25 481 12
93 481 15
448 481 13
228 481 13
286 481 10
308 481 11
53 481 7
42 481 11
307 481 9
379 482 12
359 482 12
415 482 9
39 482 7
47 482 12
66 482 11
48 482 14
6 482 10
26 482 12
79 482 8
399 482 7
103 483 10
53 483 9
74 483 12
440 483 10
385 483 14
439 483 9
8 483 6
112 483 13
267 483 11
432 484 14
37 484 9
222 484 11
155 484 10
161 484 12
484 497 11
429 484 7
420 484 11
456 484 11
146 484 7
284 484 10
209 485 10
123 485 14
274 485 10
170 485 12
326 485 14
238 485 9
311 485 12
278 485 14
159 485 9
42 486 8
97 486 12
285 486 9
157 486 12
293 486 9
211 486 9
196 486 10
190 486 9
195 486 15
452 486 10
217 487 11
451 487 12
329 487 10
425 487 11
114 487 11
487 490 8
332 487 9
270 487 9
39 487 15
410 487 6
81 487 12
230 488 10
238 488 13
248 488 16
488 492 15
381 488 7
149 488 14
2 488 10
242 488 12
488 495 10
217 489 10
122 489 14
177 489 12
366 489 11
40 489 9
246 489 11
39 489 6
9 489 12
464 489 10
275 489 10
4 489 9
54 489 13
5 490 10
465 490 10
183 490 8
378 490 11
288 490 11
232 490 11
362 490 10
307 490 10
200 490 10
344 491 10
100 491 8
24 491 9
202 491 9
456 491 12
94 491 11
165 491 10
157 491 11
326 491 12
146 491 9
9 492 8
21 492 12
15 492 7
278 492 7
435 492 11
408 492 8
447 492 12
222 492 13
196 492 10
371 492 12
292 493 9
133 493 12
54 493 11
22 493 12
158 493 9
440 493 9
35 493 14
465 493 14
491 493 10
176 493 9
186 494 10
197 494 11
199 494 10
249 494 10
316 494 10
262 494 11
169 494 7
403 494 11
214 494 8
290 494 12
445 495 9
383 495 10
282 495 10
375 495 9
75 495 9
8 495 10
312 495 11
5 495 10
317 495 11
219 496 12
359 496 10
4 496 13
236 496 11
181 496 11
440 496 12
489 496 11
140 496 13
393 496 13
150 497 12
458 497 11
232 497 9
310 497 12
249 497 8
255 497 7
354 497 9
287 497 9
99 497 11
125 498 12
439 498 10
168 498 11
337 498 14
307 498 12
102 498 11
406 498 11
20 498 10
182 498 14
95 498 11
213 499 9
331 499 10
477 499 10
344 499 11
133 499 7
459 499 8
285 499 9
381 499 12
483 499 9
