750
0
10
10
6
4
1
6
9
4
6
5
4
3
7
7
1
8
4
1
6
3
9
3
5
4
8
9
9
7
2
2
2
4
4
9
3
2
3
3
6
7
4
4
4
6
7
8
7
2
6
4
6
5
7
4
9
4
9
8
5
1
3
1
10
5
5
10
4
7
5
4
8
6
3
2
7
6
5
7
5
4
9
6
9
4
4
9
3
1
10
4
9
8
4
10
4
4
8
10
2
6
7
9
7
6
8
6
9
9
9
8
6
7
8
2
5
1
6
1
5
1
6
4
5
6
10
4
9
4
4
3
3
4
2
10
8
9
3
8
7
3
7
7
3
3
3
2
6
2
10
4
7
8
2
4
5
6
1
1
4
9
5
8
7
3
10
6
10
4
9
4
2
9
5
10
6
6
8
1
7
3
3
9
9
6
4
2
7
6
6
7
9
4
2
1
3
4
8
8
6
4
4
9
8
10
4
7
4
3
9
10
7
1
7
7
10
7
8
4
3
7
10
6
9
4
10
7
3
10
6
9
9
7
2
6
4
3
9
3
4
6
10
3
8
2
7
2
8
7
3
2
6
2
5
9
7
7
3
3
4
4
7
7
5
4
9
5
7
4
9
10
10
2
4
6
5
7
10
9
5
3
8
3
9
8
1
8
7
6
6
10
5
10
4
4
8
5
2
8
6
6
8
3
5
7
7
7
7
10
1
2
3
6
10
4
7
8
8
1
8
5
8
6
5
4
7
8
7
9
7
2
10
9
3
3
3
3
8
3
7
2
10
5
10
8
6
5
6
5
5
4
6
3
9
6
6
8
8
9
4
8
5
9
5
2
4
1
4
5
10
7
9
9
6
6
6
9
4
1
1
3
4
6
6
6
2
6
6
9
2
2
7
8
6
2
2
5
3
2
9
8
4
1
7
9
6
3
3
2
3
7
3
10
2
4
2
4
10
6
7
9
5
3
5
10
5
5
3
4
2
8
4
9
4
2
6
2
5
3
7
1
6
9
2
4
9
3
2
8
10
9
5
8
8
9
10
10
4
3
4
8
9
7
9
6
5
3
5
5
6
7
4
8
2
3
2
8
6
3
8
5
8
7
2
2
2
5
5
4
9
7
10
4
7
7
1
8
4
4
8
9
6
9
7
2
8
5
3
6
3
6
8
5
4
9
2
8
5
2
10
9
2
8
1
5
8
3
6
8
9
7
4
8
8
2
5
5
4
10
8
6
6
7
2
8
9
5
4
4
3
8
3
10
3
10
9
6
5
6
7
6
2
8
3
7
4
9
2
10
1
9
2
3
8
2
9
5
6
2
9
6
8
6
3
9
6
9
1
6
5
5
9
8
4
7
8
1
4
2
5
10
7
6
7
3
2
1
4
5
6
1
7
4
9
9
4
7
9
3
3
4
1
7
4
9
2
3
2
3
8
4
10
10
9
8
5
7
1
8
5
9
6
1
1
3
9
8
8
5
4
5
8
5
2
8
8
4
2
3
5
7
8
9
1
5
3
4
1
3
8
2
10
3
5
7
2
4
7
10
3
2
3
1
9
8
2
7
4
2
6
7
8
8
3
6
1
5
3
4
6
5
2
9
9
7
9
7
7
7
1
9
2
10
4
3
6
7
6
8
9
2
5
9
3
1
5
2
9
8
2
5
10
4
7
3
8
5
8
4
9
6
2
6
5
1
3
9
1
2
2
0 537 12
0 294 10
0 669 8
0 360 10
1 478 9
1 448 10
1 125 12
1 651 11
1 665 9
2 25 11
2 522 11
2 65 10
2 747 11
3 654 11
3 401 11
3 257 14
3 130 11
4 13 9
4 284 10
4 641 12
4 150 14
4 734 12
5 420 10
5 81 9
5 496 13
5 182 11
5 135 11
5 296 12
6 389 12
6 396 11
6 689 13
6 152 11
6 291 9
6 139 13
6 298 12
7 417 12
7 360 9
7 666 10
7 721 10
7 733 13
7 634 9
8 503 9
8 60 14
8 678 14
8 390 7
8 364 13
8 708 10
8 201 12
9 702 9
9 663 7
9 189 12
9 718 10
9 489 8
9 448 9
9 294 11
10 53 7
10 662 11
10 570 10
11 742 13
11 107 9
11 685 10
11 687 9
11 728 8
12 235 7
12 122 7
12 345 8
12 285 9
13 86 13
13 478 12
13 318 12
13 620 11
13 221 11
14 692 11
14 256 10
14 300 12
14 347 14
14 434 11
15 128 11
15 479 13
15 179 10
15 404 12
16 240 11
16 212 11
16 157 12
17 733 8
17 421 14
17 454 9
17 734 9
18 281 10
18 510 12
18 609 8
19 699 12
19 253 10
19 419 9
19 711 12
19 249 11
20 247 11
20 593 10
20 326 12
20 176 12
20 659 11
21 479 12
21 274 11
21 584 11
22 553 7
22 436 12
22 543 12
22 319 13
22 414 8
22 125 11
23 165 10
23 201 10
23 207 11
23 667 9
23 345 14
24 51 9
24 192 9
24 176 13
24 47 10
24 565 10
24 646 7
25 131 9
25 254 12
25 404 13
25 389 9
6 25 11
26 326 11
26 37 11
26 116 11
26 302 11
26 538 11
26 710 11
27 353 11
27 78 6
27 116 13
27 428 6
28 214 12
28 177 10
28 76 11
28 100 16
28 262 13
29 645 13
29 186 10
29 149 12
29 537 9
30 616 10
30 149 9
30 702 6
30 749 13
30 75 8
31 149 11
31 237 9
31 517 7
31 516 6
31 587 11
32 466 9
32 705 7
32 636 13
32 340 8
0 32 12
33 471 14
33 345 11
33 323 9
33 437 10
34 745 10
34 513 7
34 449 9
34 517 11
34 86 11
34 181 11
35 289 9
35 653 6
35 343 10
35 617 10
35 598 8
36 557 8
36 339 11
36 244 10
36 356 10
36 257 7
37 166 14
37 569 9
37 99 8
37 695 8
38 374 10
38 277 13
38 720 13
38 108 12
38 543 13
38 110 10
39 152 6
39 162 10
39 115 12
39 543 9
39 132 9
40 640 9
40 589 9
40 309 10
40 213 9
40 701 9
41 684 9
41 702 9
1 41 9
41 612 9
41 442 11
42 163 11
30 42 12
42 402 12
42 600 10
0 42 6
42 397 10
42 185 12
43 686 12
43 489 8
43 581 10
43 542 9
43 674 12
43 56 11
44 341 9
44 215 8
44 677 14
44 352 12
45 400 12
45 429 9
45 364 10
45 518 9
45 100 14
45 349 11
45 235 12
45 370 14
46 234 14
46 202 9
46 180 7
46 165 11
47 451 11
47 558 11
47 222 10
47 460 12
47 696 10
47 710 11
47 204 10
33 48 10
48 80 14
48 456 12
48 278 10
48 147 9
48 159 14
49 200 12
49 436 9
49 422 8
49 311 9
49 258 13
50 353 12
50 181 11
50 149 12
15 50 8
50 246 11
50 232 6
50 563 14
51 290 11
8 51 8
51 114 9
51 714 11
51 563 12
51 633 12
52 243 16
52 518 10
52 543 7
52 81 9
53 464 14
53 667 6
53 450 11
9 53 9
53 175 6
24 54 12
54 595 10
55 198 11
55 171 9
55 383 8
55 370 6
55 629 13
56 354 15
56 222 12
56 377 10
56 617 8
56 198 9
57 561 8
57 645 13
57 60 12
57 84 9
57 346 11
58 709 11
58 577 10
58 207 10
59 642 9
59 426 10
59 431 8
59 289 10
60 623 8
60 747 11
60 464 10
60 342 11
49 61 12
61 125 12
61 522 12
62 498 11
62 516 11
62 143 9
62 719 14
63 316 11
63 674 11
63 385 12
57 63 12
63 256 10
64 524 14
64 146 11
4 64 10
23 64 9
64 411 12
65 163 11
65 205 12
65 511 12
65 458 12
65 288 8
66 123 11
66 561 10
66 624 8
66 496 10
12 66 11
67 173 9
67 536 8
67 501 11
67 302 12
67 183 10
67 685 15
67 577 10
67 108 13
68 284 11
68 350 9
68 226 8
68 120 11
68 287 11
69 187 11
69 104 11
69 749 7
69 635 7
70 539 11
70 373 11
70 399 11
70 668 12
70 401 13
17 70 10
71 152 10
71 719 10
71 469 9
71 278 13
71 228 10
71 673 5
72 628 14
72 689 10
72 425 9
72 718 10
72 269 11
72 474 10
73 324 11
73 265 12
73 90 12
73 379 9
73 102 9
73 433 10
73 524 11
74 528 10
74 746 11
74 101 12
74 582 14
74 263 11
74 433 12
74 674 6
75 327 9
75 142 9
75 321 10
75 449 11
76 145 9
76 552 12
76 280 11
76 559 8
77 648 13
77 564 9
77 100 12
77 361 11
78 201 10
78 554 12
78 673 8
78 133 7
78 350 9
79 666 11
79 581 12
79 297 13
79 352 12
79 86 14
80 740 12
80 618 9
80 727 7
80 387 11
81 434 11
36 81 7
81 259 8
81 88 11
29 82 10
82 246 12
82 241 11
82 229 12
73 83 13
83 289 10
83 475 9
83 744 10
83 326 16
71 84 9
84 521 11
84 319 11
84 239 9
84 266 14
7 85 8
42 85 9
85 145 11
74 85 12
85 569 12
80 86 13
85 86 11
86 141 10
86 435 12
86 677 12
86 322 11
87 606 10
32 87 10
87 163 11
87 306 13
87 566 11
87 242 9
88 472 7
88 242 10
16 88 10
88 648 8
88 673 9
89 555 11
89 104 11
89 169 13
89 489 8
89 209 11
90 313 10
90 549 8
90 280 12
90 165 13
90 585 11
90 742 10
91 201 11
91 403 10
91 118 11
91 275 13
14 91 12
91 614 7
92 289 8
92 556 8
11 92 10
92 593 10
92 723 11
93 578 12
93 248 14
93 260 9
93 309 12
93 447 8
93 544 11
44 94 10
94 175 12
94 468 14
94 275 11
95 315 8
95 351 9
95 362 13
95 334 6
95 198 12
59 96 9
96 426 11
96 318 7
96 705 11
96 450 8
97 438 10
97 616 9
97 161 10
97 516 11
97 115 12
97 543 12
98 564 9
78 98 14
98 509 14
98 543 10
74 98 9
98 567 10
98 297 10
99 538 7
99 647 10
3 99 11
99 186 9
99 445 12
99 611 9
100 576 14
100 189 7
100 491 11
100 612 13
100 532 11
20 101 9
49 101 9
101 267 11
101 605 10
101 112 12
102 530 9
83 102 10
102 306 10
102 514 7
103 106 11
103 466 9
103 153 11
103 642 7
104 606 10
104 312 12
54 104 15
105 244 9
105 491 11
79 105 8
105 309 13
105 474 7
95 106 12
106 475 11
66 106 11
106 258 12
106 491 13
107 690 11
107 603 9
93 107 10
107 386 13
108 734 12
108 605 9
108 328 10
108 219 8
108 467 9
108 509 14
108 346 13
109 148 8
109 397 11
109 626 14
83 110 11
110 740 11
110 694 10
110 451 13
96 110 12
110 455 9
111 629 12
111 659 12
111 523 6
13 111 14
111 642 11
111 578 12
111 390 12
112 719 11
112 263 11
112 453 9
112 734 11
113 746 14
113 631 11
113 223 9
113 401 11
10 113 10
113 130 10
113 416 10
114 573 11
114 562 7
114 123 12
114 672 10
99 114 14
114 208 12
114 499 8
115 742 12
26 115 11
115 125 7
115 509 11
116 450 13
116 749 11
116 275 10
116 612 9
116 748 10
116 343 11
117 266 10
117 632 11
117 677 10
117 747 13
117 392 11
118 658 12
118 684 14
118 258 11
119 163 10
119 409 10
119 402 13
119 515 12
119 460 8
120 412 12
120 295 10
120 702 9
120 370 11
120 165 14
121 701 10
121 622 5
121 604 10
121 399 10
121 488 9
121 526 12
122 733 12
122 683 8
10 122 9
123 229 12
123 685 8
123 151 13
123 634 13
123 413 13
123 314 11
124 568 10
124 484 11
124 574 14
124 404 13
125 463 10
125 446 10
125 196 10
125 415 7
125 536 13
125 349 9
126 744 8
126 348 13
126 481 9
126 623 9
78 126 14
127 736 13
127 245 11
127 471 11
127 582 9
3 128 12
128 218 8
128 263 12
32 128 12
128 132 9
129 644 11
129 337 9
129 158 12
129 726 11
33 129 10
129 373 10
129 677 10
130 561 11
88 130 13
130 703 9
130 347 12
72 130 11
131 580 11
131 300 7
131 664 10
131 730 8
131 367 13
132 186 9
132 341 9
121 132 10
132 171 10
132 245 10
71 133 13
133 480 12
133 364 10
133 389 9
133 516 10
134 548 9
134 466 9
49 134 9
42 134 11
135 569 9
135 581 10
135 503 13
135 225 8
135 290 11
135 629 11
16 135 11
93 136 10
136 652 8
136 221 7
136 666 11
136 452 13
136 261 9
114 137 8
1 137 12
51 137 10
137 314 13
137 336 13
138 322 10
138 654 11
56 138 14
139 413 14
114 139 14
113 139 12
28 139 13
140 240 12
140 522 9
140 330 6
82 140 10
140 153 9
141 499 11
141 363 11
141 716 13
68 141 10
141 562 11
142 460 11
142 564 10
142 440 10
142 430 10
142 609 10
142 402 6
143 215 13
17 143 8
143 254 10
144 364 9
144 465 8
144 563 11
144 514 10
144 407 10
144 443 13
144 579 9
145 591 9
145 504 11
89 145 10
145 341 8
145 452 10
145 195 14
146 744 11
146 211 10
146 703 9
146 451 13
146 550 10
147 455 11
147 259 10
111 147 15
148 528 11
50 148 10
148 414 6
148 627 10
46 148 13
105 148 11
149 558 14
149 277 6
107 149 9
112 149 10
150 679 10
150 312 6
150 395 9
17 150 11
150 343 12
151 509 11
151 541 14
151 441 11
34 151 6
151 537 10
152 706 9
152 713 12
152 326 12
152 350 9
152 608 12
153 483 10
2 153 13
15 153 10
153 487 10
154 657 10
154 382 10
154 277 9
154 294 11
155 685 10
119 155 11
155 536 10
155 648 11
155 640 13
156 382 10
156 532 12
156 560 9
156 720 6
156 391 10
157 207 9
157 649 9
157 234 12
157 293 14
120 157 12
158 598 14
158 413 12
15 158 9
158 326 11
158 457 9
159 414 10
159 276 10
159 743 10
159 341 14
160 687 10
3 160 11
160 417 9
136 160 9
160 281 9
161 517 13
161 556 9
161 261 12
46 161 10
161 606 7
162 595 11
100 162 9
162 566 11
162 432 10
162 307 10
163 680 12
43 163 12
163 487 10
163 338 12
164 619 10
164 499 8
164 635 10
164 548 10
51 164 10
165 279 12
165 354 11
165 439 9
165 618 12
165 677 9
166 337 10
166 229 9
166 243 12
156 166 13
167 550 10
167 310 9
98 167 11
167 207 8
168 603 8
168 673 9
168 339 13
168 348 8
169 714 9
55 169 9
169 391 14
169 509 12
169 721 11
170 403 14
170 371 13
170 545 9
3 170 10
170 423 11
171 520 11
171 283 13
171 260 8
134 171 12
171 741 11
171 445 9
171 174 11
171 172 10
108 172 11
172 573 11
172 717 14
172 626 11
172 653 11
172 594 10
173 528 11
173 658 12
93 173 11
173 529 11
173 380 12
130 174 11
174 264 9
174 364 7
147 174 8
174 438 12
174 547 12
175 556 11
175 494 10
175 386 10
175 242 10
139 175 13
175 698 10
176 454 11
176 277 7
176 452 11
168 176 9
176 429 9
177 407 11
94 177 8
177 700 9
177 548 11
177 220 11
178 359 12
178 336 10
178 436 12
29 178 12
178 548 10
179 220 9
153 179 10
179 301 8
179 375 9
179 714 15
180 509 11
180 290 8
39 180 10
180 639 11
180 583 10
181 375 6
181 216 9
181 685 11
181 618 13
182 623 11
182 711 8
182 503 10
182 560 8
182 396 12
183 340 11
183 528 10
51 183 8
20 183 11
183 422 12
121 183 11
184 430 8
184 666 9
184 485 10
184 549 8
184 519 8
185 453 8
89 185 15
153 185 8
186 605 12
186 627 12
186 661 10
186 697 7
187 511 12
187 342 13
187 471 12
187 629 15
42 187 11
188 484 12
139 188 10
188 517 9
188 473 8
188 608 8
188 480 10
189 701 10
189 466 11
41 189 11
189 620 15
189 222 8
15 190 11
11 190 10
64 190 11
100 190 12
190 535 12
88 190 12
191 397 11
191 459 9
129 191 7
191 723 12
178 192 10
41 192 11
99 192 11
193 488 12
193 684 12
68 193 11
193 566 10
193 609 12
186 194 10
10 194 12
194 244 12
194 399 12
9 194 14
195 254 12
195 717 11
195 339 8
195 364 11
195 621 11
195 690 9
195 392 11
61 196 10
196 577 13
196 385 10
196 492 11
8 196 8
196 354 15
197 246 10
197 319 6
197 207 9
197 291 10
192 198 6
198 610 15
198 261 11
198 614 11
198 407 10
198 274 12
198 645 10
169 199 12
199 317 13
28 199 10
15 199 13
182 199 9
142 199 12
55 199 12
199 454 9
158 200 8
200 618 12
179 200 9
105 200 14
200 380 11
201 324 6
201 450 10
201 686 13
201 343 11
201 364 11
109 202 9
202 439 10
37 202 11
202 289 9
188 202 11
81 202 11
40 203 10
203 416 9
203 247 11
154 203 10
203 401 11
204 206 11
204 484 12
204 500 9
204 311 9
183 204 9
205 256 7
205 307 12
205 584 10
205 235 8
205 429 10
130 205 12
206 571 6
206 348 12
206 732 10
206 477 9
206 376 11
207 528 14
207 687 10
207 630 13
207 486 9
150 207 12
207 484 11
208 426 10
208 273 10
208 724 7
209 720 11
165 209 10
127 209 9
209 388 11
166 209 7
209 233 13
210 519 9
85 210 11
210 350 10
210 744 11
210 307 7
21 211 9
45 211 11
211 397 10
212 668 12
212 367 11
194 212 12
212 279 11
212 717 11
82 212 11
213 734 10
213 685 12
213 389 5
213 346 9
214 748 7
214 469 8
214 330 13
194 214 7
214 388 13
93 214 11
214 715 10
215 499 9
201 215 11
41 215 8
215 262 10
215 461 9
215 328 14
216 361 9
216 376 8
91 216 10
67 216 10
217 233 13
217 306 10
217 611 12
217 505 11
217 312 9
217 380 12
218 288 9
218 521 9
218 523 8
218 711 10
218 290 9
219 726 10
219 256 12
219 416 12
219 694 12
219 375 11
85 220 11
220 714 8
220 654 11
220 327 11
136 220 15
220 605 9
211 220 15
221 513 12
221 517 8
221 528 12
221 426 8
211 222 8
159 222 9
161 222 10
222 650 8
67 222 9
223 624 9
223 460 10
49 223 12
223 559 9
224 682 9
224 467 9
55 224 12
224 626 9
15 224 13
224 639 8
225 254 10
225 684 11
85 225 9
226 595 9
226 560 10
114 226 11
226 647 10
226 506 10
227 664 12
12 227 13
227 661 14
227 670 13
227 728 11
227 584 10
228 711 9
228 351 10
228 645 11
228 339 14
228 367 7
229 302 12
223 229 9
229 499 9
229 495 11
92 229 13
229 630 7
229 293 14
230 442 9
193 230 12
230 681 8
230 231 8
230 233 8
230 729 14
230 277 10
230 245 12
147 231 8
231 437 12
231 552 12
231 428 10
231 699 9
232 621 11
232 419 12
232 302 11
223 232 10
1 232 12
12 232 7
233 469 13
233 420 8
128 233 11
233 709 11
21 233 11
168 234 10
234 690 7
234 296 10
234 329 11
234 607 11
164 234 7
229 235 5
235 329 15
142 235 10
235 539 8
53 235 13
21 236 10
236 716 12
205 236 9
236 328 11
237 258 10
171 237 9
237 613 11
237 534 10
237 300 11
238 325 11
238 599 11
221 238 14
238 509 8
142 238 12
239 687 11
235 239 11
239 305 8
239 387 11
127 239 11
240 272 12
240 726 11
240 600 10
240 497 9
240 418 10
240 447 11
241 584 13
178 241 12
241 477 10
241 440 10
241 386 10
241 666 8
241 420 13
129 242 10
55 242 14
165 242 11
242 536 8
74 242 11
72 242 11
243 395 13
243 564 9
108 243 10
243 474 11
243 390 9
161 244 10
43 244 12
244 344 12
244 616 7
174 244 11
245 361 11
135 245 12
245 647 9
105 245 9
245 432 9
246 543 11
89 246 12
171 246 11
53 246 12
246 284 11
247 493 9
247 267 13
8 247 8
247 343 11
247 291 12
242 247 8
248 440 10
248 312 8
92 248 10
248 370 12
248 551 12
68 249 10
95 249 11
249 280 10
249 286 10
18 250 12
250 731 13
250 642 12
213 250 11
250 496 11
251 453 10
83 251 11
251 347 12
251 351 10
251 328 11
252 354 10
104 252 10
252 481 11
61 252 12
252 306 12
252 504 12
253 428 10
253 635 6
253 497 12
253 721 15
253 618 10
254 639 10
254 582 11
251 254 13
254 313 8
254 701 9
184 254 9
30 255 11
255 614 9
255 304 10
255 504 11
199 255 12
256 555 16
256 592 12
256 571 11
256 427 13
256 597 10
257 738 12
257 717 13
138 257 11
257 697 12
257 405 14
258 342 11
25 258 8
258 361 9
236 258 9
215 258 9
259 416 16
36 259 12
259 297 8
260 414 8
127 260 13
260 554 11
75 260 8
260 329 11
20 260 10
112 261 11
261 734 8
261 671 10
261 475 9
261 640 11
261 292 11
151 262 13
137 262 12
262 341 12
262 272 10
77 262 10
262 270 9
263 568 12
263 550 15
43 263 8
263 295 7
264 668 10
175 264 11
264 730 9
264 690 11
264 741 13
265 447 10
224 265 11
27 265 13
265 289 10
265 671 10
205 265 12
135 266 8
266 598 11
266 527 12
266 517 11
233 266 10
267 536 10
267 734 7
267 331 11
267 434 9
19 268 9
268 415 11
268 309 9
268 306 8
268 594 7
268 742 12
268 588 8
13 269 8
269 335 9
269 717 11
269 448 10
269 507 6
269 384 10
269 309 7
270 715 12
270 382 10
270 406 12
270 390 10
270 745 12
166 270 12
213 271 14
271 649 11
271 308 13
271 628 11
6 271 9
216 271 9
272 314 8
272 626 10
272 476 11
181 272 13
273 499 8
273 634 11
273 529 11
273 637 14
273 507 13
274 746 8
274 698 8
274 747 11
227 274 10
274 714 10
275 744 9
275 625 10
275 408 13
275 743 10
275 724 11
133 275 13
210 276 11
276 569 9
2 276 10
276 703 8
83 276 12
277 286 8
174 277 9
277 281 9
58 277 13
277 469 10
277 392 9
278 556 10
278 501 9
278 388 8
278 577 8
153 278 8
258 278 12
279 572 11
279 551 13
35 279 13
279 382 10
279 479 11
97 280 11
213 280 12
280 487 9
280 601 13
280 525 12
281 700 9
281 712 12
281 304 11
281 515 8
281 311 11
282 422 14
282 474 8
217 282 12
212 282 6
282 389 11
158 283 14
283 472 12
283 323 11
283 536 11
57 283 11
228 283 11
283 703 7
284 329 15
269 284 8
24 284 11
284 639 11
18 284 9
284 560 8
284 393 9
285 738 9
52 285 9
119 285 9
152 285 11
285 503 12
285 300 12
286 563 8
248 286 14
181 286 12
93 286 12
286 288 11
251 287 11
86 287 11
33 287 7
287 313 6
110 287 12
288 545 7
288 639 10
288 412 8
288 576 13
288 304 13
288 613 11
289 729 15
289 625 13
289 576 12
20 289 13
263 290 11
183 290 6
86 290 8
290 502 10
290 503 12
97 290 10
55 291 9
291 420 16
249 291 7
291 295 11
292 506 11
244 292 9
260 292 13
243 292 15
292 490 13
293 661 6
293 409 9
208 293 9
293 313 5
217 294 12
294 580 8
275 294 10
88 294 11
294 714 11
295 615 11
295 600 11
295 459 12
174 295 13
295 675 12
296 546 11
296 433 13
296 500 12
93 296 13
42 296 9
297 659 12
220 297 12
297 650 6
144 297 10
297 508 7
298 582 11
298 732 8
284 298 8
298 304 8
68 298 8
299 611 9
52 299 9
299 316 11
299 354 11
204 299 12
129 299 7
166 300 10
111 300 11
300 415 9
232 300 7
280 300 12
61 301 10
171 301 9
301 605 12
301 688 12
61 302 13
287 302 8
302 461 11
254 302 11
302 477 12
47 303 10
303 549 11
162 303 10
257 303 10
303 726 9
303 362 8
207 304 11
203 304 10
260 304 11
23 304 13
305 468 12
146 305 15
305 504 9
44 305 13
255 306 10
245 306 9
306 339 9
93 306 11
57 306 10
23 307 13
307 556 10
307 545 9
307 736 11
307 368 7
84 308 12
308 607 8
308 538 9
308 671 11
309 353 12
309 424 10
309 626 12
310 684 12
310 742 13
310 449 9
310 494 12
250 310 8
311 416 9
311 338 7
120 311 10
311 521 9
311 349 12
311 471 13
171 312 16
312 530 12
312 468 9
113 312 13
257 312 10
168 313 12
313 374 10
313 637 11
313 536 8
313 451 11
29 313 12
213 314 11
314 499 12
92 314 13
314 381 11
314 544 12
314 553 11
91 315 11
315 562 10
47 315 8
315 637 12
301 315 9
219 315 11
60 315 10
316 324 10
316 408 12
215 316 12
275 316 15
317 368 9
317 736 9
317 405 13
317 369 13
318 368 11
147 318 11
155 318 10
318 520 12
319 330 11
231 319 13
319 622 10
319 621 10
320 523 9
320 478 9
320 638 7
320 717 12
320 356 9
321 608 10
321 687 10
321 344 9
321 446 12
259 322 12
322 324 13
322 729 8
51 322 12
50 323 12
36 323 11
323 503 8
105 323 10
323 500 11
228 323 9
324 466 12
119 324 11
324 712 10
324 741 13
70 324 10
324 355 10
324 370 13
324 575 13
175 325 7
325 416 11
325 659 9
325 419 7
43 325 9
325 387 15
326 471 10
326 333 13
326 725 13
326 551 10
326 529 13
95 327 11
327 465 12
327 728 10
327 625 12
327 705 10
328 427 9
147 328 10
328 712 9
243 328 10
328 647 12
111 328 14
198 329 11
329 609 11
329 434 12
252 329 11
329 735 12
330 509 10
38 330 8
330 594 13
118 330 13
330 613 14
331 488 8
199 331 11
331 424 16
301 331 11
257 331 9
332 410 11
22 332 9
266 332 7
113 332 8
212 333 10
333 355 13
333 706 10
333 351 11
333 698 9
334 670 11
334 429 11
334 726 13
87 334 7
334 565 5
198 335 7
335 618 10
56 335 10
209 335 10
336 535 12
336 406 9
59 336 8
232 336 12
235 336 10
337 691 14
337 576 10
337 715 9
337 453 11
192 337 10
338 523 6
338 643 13
177 338 10
102 338 13
339 592 7
104 339 9
339 578 11
181 339 6
339 392 12
270 340 11
340 734 13
340 418 12
221 340 11
340 666 11
340 552 12
341 552 12
324 341 9
170 341 8
63 341 12
342 737 14
342 576 10
81 342 12
342 425 13
289 342 14
104 342 10
342 674 9
37 343 10
343 666 15
106 343 11
343 644 10
344 464 10
239 344 12
344 693 14
344 610 10
344 676 11
237 345 11
225 345 10
277 345 9
345 582 11
345 523 11
345 462 7
346 347 8
136 346 12
289 346 12
346 538 10
347 391 11
178 347 13
347 563 13
347 536 7
347 542 9
347 599 12
348 748 8
71 348 12
333 348 11
348 588 9
349 706 10
349 736 8
258 349 11
349 511 9
349 641 11
232 350 8
350 540 11
283 350 14
9 350 8
351 461 6
351 580 9
11 351 12
214 351 11
313 351 14
131 351 11
352 609 10
352 664 12
125 352 10
123 352 10
353 389 10
320 353 9
353 509 11
24 353 10
40 353 11
354 397 11
346 354 15
354 577 7
354 700 11
276 354 15
355 584 8
197 355 9
65 355 9
16 355 11
260 355 14
356 364 9
356 674 14
108 356 11
356 546 10
356 554 12
195 357 10
357 668 10
19 357 10
357 575 9
221 357 7
357 635 12
358 688 11
14 358 10
358 480 11
82 358 11
358 632 11
235 359 9
323 359 13
359 564 9
357 359 11
164 359 9
359 510 10
360 620 12
86 360 9
360 710 10
360 396 11
60 360 7
297 360 11
200 361 13
361 577 11
361 714 11
361 727 7
306 362 9
174 362 12
84 362 10
362 494 8
102 363 9
363 411 10
26 363 12
363 502 11
10 363 10
35 364 11
266 364 16
364 576 11
364 395 11
364 489 12
114 365 12
365 380 11
233 365 11
329 365 13
150 366 9
285 366 12
208 366 11
261 366 10
366 580 12
253 367 13
367 372 12
19 367 12
367 694 12
367 652 10
194 367 11
368 619 10
368 531 11
362 368 10
368 672 8
71 369 11
221 369 11
274 369 10
369 488 6
5 370 9
370 606 11
370 598 11
135 370 10
63 370 11
371 730 12
371 372 9
371 449 11
3 371 6
353 371 11
372 469 11
372 462 12
372 482 8
183 372 10
113 372 15
325 373 11
204 373 11
373 484 8
373 644 11
373 486 6
74 373 10
11 374 13
244 374 8
136 374 11
35 374 10
374 626 9
375 388 11
375 728 9
375 720 12
19 375 12
375 643 10
319 375 9
211 376 11
217 376 14
64 376 8
376 651 11
346 377 13
38 377 11
377 658 16
377 496 12
377 677 13
70 377 7
378 493 14
81 378 9
378 476 12
188 378 9
219 378 12
378 565 8
80 379 10
14 379 11
380 561 10
380 398 7
306 380 11
196 380 8
380 393 8
380 489 10
177 380 11
274 380 12
381 485 8
381 386 10
240 381 8
381 478 10
35 381 13
382 426 12
314 382 10
382 402 9
383 554 12
164 383 13
383 423 11
39 383 11
210 383 6
83 384 12
384 638 11
384 391 9
385 587 12
74 385 14
385 481 7
384 385 11
385 449 10
386 618 11
386 548 15
386 581 7
386 467 10
192 387 10
387 582 14
269 387 12
327 387 8
387 575 9
387 445 13
378 388 15
388 430 9
388 618 10
174 388 13
353 388 14
388 746 8
388 666 8
388 567 11
154 389 7
277 389 10
32 389 11
14 389 12
389 407 12
253 390 11
115 390 9
390 673 13
390 703 11
390 452 12
73 390 11
391 529 12
391 691 11
210 391 8
293 391 12
181 391 13
391 583 10
261 391 9
135 392 7
88 392 12
392 684 9
321 392 9
70 392 6
392 713 11
97 392 11
393 436 8
111 393 7
392 393 9
48 393 12
393 644 11
393 483 12
43 393 11
393 493 13
394 577 7
383 394 10
394 731 10
394 623 10
394 639 9
394 688 11
123 395 9
395 735 12
122 395 8
105 395 12
227 396 16
396 659 9
285 396 11
66 396 7
396 640 11
345 397 9
55 397 8
227 397 13
217 397 9
398 659 7
257 398 10
398 585 16
398 445 9
160 399 11
399 591 9
399 446 8
344 399 10
174 399 8
400 685 10
400 565 14
400 618 9
47 400 10
401 565 11
401 580 7
401 674 14
401 408 11
386 401 12
401 497 12
393 402 10
307 402 14
1 402 9
402 444 10
218 402 12
403 603 9
190 403 12
292 403 10
403 747 9
61 403 13
163 404 7
309 404 13
111 404 10
36 404 11
373 404 8
405 546 12
405 736 13
218 405 12
277 405 14
406 548 11
278 406 10
406 653 15
406 651 14
406 606 11
248 406 8
405 407 8
183 407 9
132 407 14
398 407 12
407 608 10
48 408 12
408 670 10
66 408 9
408 722 10
408 601 13
409 543 12
409 639 14
178 409 11
409 516 9
409 591 7
410 660 7
227 410 12
410 744 10
168 410 12
270 410 12
410 454 15
260 411 12
276 411 12
411 503 13
411 473 10
411 749 10
82 412 10
412 419 10
412 515 14
198 412 7
257 412 9
349 412 8
324 413 10
272 413 9
19 413 5
401 413 10
249 414 13
414 595 10
407 414 12
74 414 8
414 536 17
414 626 9
415 671 9
415 680 8
62 415 11
220 415 9
244 415 11
415 435 9
416 615 10
416 462 12
132 416 12
223 416 8
249 417 11
209 417 8
417 546 10
417 621 10
413 417 6
119 417 12
418 681 9
161 418 14
418 605 11
419 559 15
34 419 9
419 436 11
157 419 10
75 419 13
420 652 11
125 420 9
360 420 10
175 420 6
242 421 8
153 421 9
283 421 8
37 421 11
422 699 9
364 422 7
422 537 9
365 422 14
100 423 9
423 685 10
423 509 11
316 423 11
423 524 14
423 461 8
423 547 12
424 729 10
424 601 8
424 591 8
45 424 11
424 541 16
425 709 14
425 548 6
91 425 9
26 426 14
426 657 14
106 426 15
278 426 10
12 426 12
394 426 11
148 426 7
25 427 10
413 427 7
247 427 7
427 600 7
427 515 8
74 427 13
428 702 8
16 428 10
362 428 9
363 429 9
132 429 12
429 673 10
429 739 6
429 729 9
430 522 13
270 430 9
207 430 10
60 430 11
430 441 8
150 431 10
249 431 10
431 700 10
196 431 12
149 431 12
431 669 10
431 432 9
196 432 11
292 432 12
432 558 11
432 586 11
181 432 9
433 601 13
78 433 8
427 433 9
179 433 6
280 434 10
303 434 11
52 434 11
197 434 8
103 435 7
243 435 7
73 435 10
240 435 12
198 435 9
435 561 11
336 435 12
391 435 9
436 493 9
436 612 8
317 436 11
142 436 8
158 436 9
143 436 12
373 436 13
292 437 10
66 437 12
282 437 8
437 511 12
437 472 10
438 491 9
227 438 9
438 718 9
438 487 9
439 681 13
208 439 7
395 439 9
193 439 11
43 439 13
316 439 11
440 559 9
180 440 9
285 440 9
14 440 16
149 441 10
305 441 14
369 441 10
441 690 8
351 441 10
441 593 8
259 442 10
341 442 10
442 540 8
258 442 11
419 443 12
159 443 10
90 443 8
228 443 13
252 443 11
97 444 10
73 444 10
127 444 10
173 444 11
307 444 13
1 445 9
18 445 9
445 544 13
445 642 12
306 446 8
446 518 8
73 446 7
446 728 11
14 446 10
446 703 13
359 447 11
447 504 9
436 447 9
305 447 13
203 447 10
448 544 12
6 448 8
319 448 10
443 448 13
448 616 14
29 448 8
449 712 11
449 481 11
328 449 10
334 449 10
91 449 11
362 449 10
80 450 11
257 450 12
450 726 10
450 618 14
385 450 10
386 451 9
451 592 11
451 735 8
105 451 9
363 452 12
162 452 7
184 452 11
452 473 12
212 453 10
277 453 12
172 453 12
443 453 9
453 527 11
360 453 11
453 585 10
285 454 12
454 461 8
110 454 8
454 663 10
111 454 14
454 479 9
375 455 8
455 577 9
455 613 9
455 740 12
456 613 12
456 677 12
456 550 13
456 665 10
457 591 10
457 575 10
314 457 9
283 457 14
457 556 10
458 661 3
448 458 11
458 545 9
458 731 8
458 712 8
446 458 10
459 581 6
319 459 9
307 459 9
101 460 10
99 460 13
460 719 11
221 460 13
460 724 11
247 461 6
372 461 7
461 662 10
461 713 14
442 461 10
462 631 13
128 462 11
251 462 12
235 462 5
462 532 12
161 462 7
463 637 11
463 662 11
463 558 11
11 463 9
35 464 10
464 622 12
464 670 14
128 464 11
465 622 9
147 465 13
377 465 9
465 580 13
465 495 13
270 466 8
370 466 10
437 466 10
451 466 8
274 466 9
467 603 10
467 741 10
243 467 9
467 723 11
178 467 13
109 468 12
468 722 8
468 560 12
345 468 12
214 468 7
469 521 11
35 469 9
469 640 10
244 469 11
320 469 11
329 469 6
469 487 12
470 522 8
470 550 9
470 637 12
470 674 9
261 471 10
175 471 10
330 471 8
243 471 6
288 471 11
472 502 11
472 709 8
208 472 13
472 521 9
334 472 9
241 472 10
473 590 11
473 651 10
406 473 10
473 614 12
145 473 12
473 678 11
207 474 11
429 474 12
271 474 10
474 656 10
12 474 8
289 475 11
50 475 10
105 475 11
140 475 10
475 564 11
476 558 12
421 476 13
78 476 11
476 633 11
209 477 9
163 477 8
329 477 14
59 477 12
229 477 10
90 477 7
68 477 12
313 478 11
383 478 13
298 478 8
478 643 11
447 478 10
219 478 11
479 710 10
479 506 8
76 479 13
328 479 8
480 678 11
480 644 9
33 480 11
480 717 11
426 480 14
263 481 9
481 509 10
261 481 15
481 523 11
481 728 10
482 526 9
122 482 10
482 595 6
92 483 13
483 490 11
69 483 7
180 483 10
309 483 11
484 564 13
85 484 8
125 484 14
481 484 11
476 484 11
258 484 8
307 484 10
63 485 10
133 485 11
485 675 11
485 599 9
486 505 13
105 486 11
486 717 11
486 727 11
114 487 10
487 605 13
487 670 9
409 487 11
487 611 8
488 696 10
466 488 11
488 692 10
24 488 11
383 489 10
168 489 11
489 596 9
489 537 12
490 503 10
490 656 7
41 490 10
490 669 9
490 518 8
491 692 9
307 491 13
491 739 9
491 565 9
491 569 9
5 492 9
492 559 12
293 492 10
492 547 13
347 492 9
182 493 13
89 493 8
461 493 11
493 608 13
220 494 5
476 494 9
256 494 7
494 590 10
210 494 14
132 494 10
54 494 13
158 494 12
209 495 7
128 495 9
495 665 9
488 495 8
197 495 8
482 496 10
319 496 12
496 637 12
175 496 12
215 496 12
167 497 13
497 614 10
497 591 12
497 689 12
303 497 8
24 497 11
497 590 10
301 498 14
193 498 11
454 498 11
226 498 9
375 499 13
69 499 11
75 499 11
499 626 11
15 499 11
499 580 7
395 500 11
383 500 14
493 500 15
271 500 10
500 547 11
150 501 9
246 501 13
501 719 6
501 540 11
354 501 9
501 502 11
502 516 9
82 502 11
360 502 12
502 551 10
503 673 8
318 503 11
503 711 13
503 684 11
474 503 8
504 530 10
496 504 11
501 504 12
504 566 9
173 504 12
505 679 11
505 581 15
505 686 9
505 690 13
276 505 8
506 532 11
90 506 9
506 670 11
167 506 12
54 506 11
465 506 7
55 506 8
177 507 11
507 511 10
507 630 11
369 507 10
384 507 9
58 507 9
507 632 12
508 560 8
508 551 14
508 664 12
27 508 13
351 508 10
509 729 8
509 620 12
509 608 7
509 558 7
287 509 9
36 509 12
509 589 7
398 510 12
104 510 13
510 709 12
255 510 11
341 511 9
511 629 11
371 511 12
285 511 9
31 511 8
289 512 11
438 512 11
40 512 10
463 512 12
165 513 12
12 513 12
513 659 10
407 513 13
313 513 11
267 513 9
29 513 11
514 716 9
509 514 12
371 514 12
514 636 7
37 514 13
514 679 13
145 514 11
348 515 11
455 515 8
408 515 9
421 515 12
128 515 6
516 690 10
398 516 10
0 516 10
476 516 10
11 516 10
15 516 9
463 517 9
455 517 4
517 695 11
328 517 9
63 517 13
517 651 11
498 518 11
518 618 11
12 518 9
24 518 10
518 546 12
519 536 7
519 561 10
224 519 11
275 519 14
10 519 12
337 519 10
212 520 12
520 699 13
484 520 12
520 525 8
329 521 14
238 521 11
485 521 10
171 521 8
102 521 10
146 521 13
407 521 8
297 521 11
522 738 9
522 676 12
42 522 12
522 660 12
522 583 13
522 673 11
523 552 12
523 738 8
523 638 14
158 523 11
523 692 12
498 524 11
30 524 10
430 524 9
142 524 9
276 524 13
511 524 11
202 525 8
525 593 12
321 525 10
525 695 12
223 525 14
205 525 11
526 546 10
526 711 10
253 526 11
219 526 12
344 526 16
526 555 10
165 527 8
413 527 14
443 527 12
380 527 13
333 528 11
254 528 12
528 662 11
367 528 11
462 528 10
50 528 12
24 529 11
529 741 9
125 529 8
524 529 10
19 530 11
287 530 10
143 530 10
530 701 13
421 530 11
459 531 6
367 531 8
324 531 12
462 531 14
217 531 7
113 532 13
83 532 13
121 532 9
532 667 15
533 622 13
300 533 10
254 533 15
185 533 11
250 534 12
284 534 10
498 534 10
155 534 16
120 535 11
350 535 9
277 535 7
422 535 13
27 535 13
536 730 12
496 536 11
373 536 14
536 735 13
537 548 11
130 537 11
478 537 11
195 537 10
359 537 13
34 538 10
476 538 8
538 565 10
141 538 9
461 539 12
198 539 11
539 693 9
539 604 10
539 580 10
540 600 11
476 540 8
249 540 11
391 540 8
173 540 9
540 714 8
239 541 13
541 579 9
396 541 7
63 541 14
266 541 10
354 541 11
226 541 10
408 542 16
36 542 11
92 542 11
11 542 8
383 542 12
12 543 11
543 600 14
275 543 11
543 688 9
48 544 10
95 544 7
397 544 11
54 544 9
1 544 8
532 544 14
454 545 12
472 545 15
545 705 10
483 545 12
66 546 10
245 546 12
546 647 7
546 552 11
183 546 11
547 707 10
547 630 10
130 547 13
164 547 11
41 547 12
474 547 8
507 548 10
482 548 11
433 548 13
548 672 12
548 657 12
394 549 12
125 549 10
367 549 14
549 718 10
68 550 10
350 550 9
23 550 9
378 550 9
551 558 11
351 551 10
9 551 13
327 551 12
133 551 12
183 552 10
7 552 10
552 577 9
459 552 13
82 552 8
552 680 12
182 553 15
147 553 9
47 553 12
553 710 9
507 553 9
80 554 11
83 554 9
259 554 10
360 554 6
257 554 14
474 554 7
11 555 11
472 555 13
439 555 12
555 726 10
27 555 10
79 555 10
555 651 9
441 556 11
490 556 11
556 643 12
556 668 11
312 556 14
171 557 14
557 637 11
436 557 8
557 654 10
558 678 7
395 558 9
210 558 13
491 558 13
481 559 9
253 559 8
559 723 12
331 559 10
67 560 10
560 674 11
314 560 13
560 602 14
182 561 13
561 701 9
551 561 10
353 561 8
499 562 11
562 637 13
408 562 6
194 562 9
352 562 7
405 562 9
563 566 9
49 563 9
563 643 9
13 563 9
265 564 8
172 564 12
356 564 10
564 611 12
216 564 10
513 564 12
135 565 9
142 565 11
20 565 12
22 565 11
269 565 7
271 565 10
380 566 9
362 566 10
526 566 10
566 655 9
39 566 6
313 567 11
411 567 10
537 567 14
552 567 9
564 567 13
558 567 9
345 568 9
373 568 12
327 568 9
448 568 10
134 568 10
48 568 9
93 568 12
569 698 11
569 667 10
569 590 7
514 570 16
157 570 10
329 570 12
246 570 12
528 570 10
317 571 13
146 571 8
130 571 9
144 571 9
100 571 11
572 612 9
572 720 11
572 683 13
134 572 13
563 573 11
511 573 13
11 573 10
155 573 11
558 573 12
574 718 9
17 574 11
541 574 13
574 749 7
286 575 12
408 575 10
266 575 14
365 575 13
330 575 13
103 576 11
548 576 8
523 576 13
401 576 13
21 576 12
259 576 9
577 744 10
17 577 12
4 577 10
472 577 11
358 577 11
506 578 10
413 578 12
238 578 9
383 578 8
89 579 11
334 579 15
464 579 9
308 579 12
522 579 11
579 620 9
450 580 11
413 580 8
199 580 11
323 580 11
473 581 9
430 581 8
26 581 9
348 581 10
503 581 10
582 594 15
20 582 13
48 582 11
62 582 12
370 582 10
310 582 12
476 583 9
544 583 9
336 583 10
583 695 7
584 645 10
443 584 7
26 584 7
549 584 12
584 598 10
187 585 14
109 585 10
585 635 11
407 585 10
585 700 7
297 586 10
533 586 14
187 586 10
418 586 12
562 586 10
391 587 6
4 587 11
544 587 7
587 667 7
6 587 12
25 588 10
180 588 11
588 730 13
145 588 12
588 594 11
75 589 9
431 589 10
461 589 11
341 589 8
590 606 11
339 590 11
56 590 8
117 590 10
400 590 14
590 624 10
591 746 11
42 591 13
591 662 8
492 591 12
306 591 12
18 592 7
360 592 14
105 592 8
341 592 11
95 592 14
526 593 9
446 593 14
165 593 8
593 708 12
593 674 12
414 593 8
431 594 11
594 731 9
327 594 8
594 735 10
36 594 14
513 594 12
25 595 10
577 595 10
114 595 12
141 595 12
424 595 9
595 742 10
285 596 10
596 622 10
596 645 10
544 596 13
585 596 9
596 618 11
360 596 10
396 596 10
232 597 7
223 597 12
597 673 13
474 597 12
92 597 12
598 705 6
566 598 13
598 718 9
21 598 13
544 598 10
102 598 13
169 599 7
459 599 10
131 599 11
428 599 6
521 599 12
519 600 16
257 600 12
173 600 12
126 600 11
91 601 12
467 601 12
49 601 14
291 601 9
601 710 8
377 602 10
165 602 9
102 602 11
82 602 9
135 603 8
489 603 12
565 603 11
358 603 11
603 673 12
45 604 8
604 650 11
604 708 12
484 604 10
604 631 14
436 604 12
411 605 13
135 605 13
385 605 9
528 605 8
364 605 11
17 606 10
373 606 16
459 606 10
169 606 12
387 606 10
470 607 13
502 607 8
363 607 7
383 607 9
558 608 9
608 714 8
197 608 11
501 608 13
344 608 12
484 608 13
351 608 13
316 609 14
29 609 11
609 739 11
397 609 7
65 610 10
234 610 10
449 610 7
41 610 12
271 611 7
65 611 12
167 611 11
596 611 10
444 611 9
407 612 8
148 612 10
31 612 13
299 612 11
347 612 11
117 613 10
293 613 11
368 613 9
340 613 10
264 613 7
304 614 10
302 614 12
340 614 13
411 614 11
305 615 11
610 615 8
513 615 13
194 615 11
615 710 12
423 616 9
138 616 14
110 616 15
53 616 7
447 617 8
239 617 10
74 617 12
617 740 12
618 636 7
296 618 13
22 618 12
618 640 12
142 619 9
349 619 12
126 619 14
198 619 6
309 619 12
280 620 6
8 620 8
620 652 7
620 625 11
524 620 9
34 621 11
226 621 12
259 621 10
39 621 12
535 621 9
234 622 14
384 622 9
622 735 11
270 622 9
584 622 8
622 742 12
245 623 12
550 623 14
623 632 13
218 623 15
253 623 15
234 623 4
404 624 9
55 624 11
624 676 10
107 624 8
494 624 9
625 663 4
447 625 8
445 625 11
172 625 11
398 626 11
331 626 13
626 703 8
491 626 11
25 626 14
395 627 10
260 627 9
213 627 10
417 627 10
489 628 11
179 628 10
361 628 10
619 629 11
98 629 12
629 639 10
214 629 8
129 629 12
630 690 11
630 671 8
630 684 11
257 630 14
196 631 13
631 689 10
500 631 6
602 631 11
631 648 12
502 631 13
382 632 10
484 632 14
359 632 7
258 632 10
354 632 9
491 632 9
102 633 8
32 633 11
459 633 11
406 633 10
230 633 11
634 723 7
634 671 13
200 634 11
634 696 11
302 635 15
543 635 7
192 635 12
537 635 11
635 647 9
636 709 15
636 658 11
204 636 8
54 636 9
403 636 11
380 636 13
44 637 8
637 736 9
278 637 11
266 637 13
249 638 18
440 638 6
288 638 10
211 638 5
283 639 11
150 639 13
639 647 9
265 639 9
639 651 10
442 639 9
211 640 14
129 640 13
464 640 12
547 640 10
42 640 8
640 705 9
522 641 11
171 641 10
587 641 9
508 641 11
641 724 16
275 642 8
322 642 8
642 729 9
642 741 12
530 642 11
187 642 10
200 642 11
428 643 11
75 643 6
643 686 12
266 643 14
127 643 12
483 643 11
644 645 10
485 644 11
161 644 9
138 644 11
451 644 12
25 644 14
545 645 9
645 674 10
645 692 7
252 645 11
412 645 13
204 645 12
645 690 11
646 725 9
507 646 8
418 646 10
188 646 9
338 646 9
331 647 14
427 647 8
445 648 12
336 648 10
146 648 14
31 648 9
27 648 9
358 649 6
213 649 8
378 649 9
33 650 11
76 650 10
90 650 12
585 650 12
398 650 10
651 655 10
343 651 12
452 651 11
322 651 12
83 651 8
191 651 12
357 652 12
403 652 9
516 652 11
401 652 11
622 652 13
653 741 12
653 673 9
332 653 11
42 653 7
188 653 13
477 654 9
559 654 11
383 654 7
655 744 9
256 655 11
540 655 9
473 655 11
589 655 10
358 655 11
456 656 11
656 732 14
115 656 11
340 656 12
78 657 10
345 657 13
58 657 9
657 676 9
69 657 10
21 657 10
588 658 10
356 658 11
453 658 9
236 658 12
198 658 10
442 659 11
348 659 13
522 659 14
659 689 11
345 659 8
426 660 11
459 660 11
577 660 7
507 660 14
45 660 10
85 661 13
339 661 12
609 661 12
181 661 8
97 661 11
112 662 14
662 717 13
19 662 9
344 662 9
662 711 8
168 663 9
544 663 16
450 663 9
572 663 8
312 663 9
664 738 14
331 664 8
561 664 8
621 664 10
665 708 10
574 665 10
665 701 7
315 665 11
665 719 15
152 666 13
529 666 8
53 666 13
250 666 7
638 667 12
589 667 11
391 667 9
667 747 9
278 667 12
156 668 11
385 668 11
588 668 11
270 668 10
667 668 12
107 669 10
474 669 8
280 669 10
479 669 12
669 726 13
13 669 9
259 670 11
194 670 13
432 670 13
109 670 12
467 670 12
45 671 11
644 671 10
487 671 12
497 671 8
326 671 9
470 671 8
466 672 13
17 672 8
672 707 10
189 672 8
641 672 8
661 672 8
396 673 15
69 673 13
127 673 11
36 673 12
24 674 9
577 674 11
658 674 8
372 674 12
675 731 12
662 675 11
308 675 9
491 675 11
675 732 12
451 676 9
92 676 14
71 676 7
388 677 12
491 677 7
33 677 9
677 731 11
677 733 12
615 678 8
317 678 10
576 678 8
45 678 11
128 678 13
667 679 10
679 718 7
171 679 12
320 680 11
397 680 10
224 680 8
53 680 10
28 680 11
61 680 10
585 681 10
261 681 11
644 681 13
290 681 10
223 681 12
124 681 14
315 682 12
214 682 9
153 682 10
344 682 7
94 682 13
326 682 14
163 683 9
577 683 13
623 683 7
529 683 12
230 683 11
684 734 13
517 684 12
611 684 12
417 684 12
288 685 12
685 701 14
57 685 10
522 685 10
374 685 9
574 686 12
686 748 10
46 686 14
686 707 8
193 686 14
408 687 8
231 687 9
687 704 12
645 688 13
688 711 13
623 688 9
212 688 13
581 689 15
653 689 9
259 689 7
649 689 9
689 696 13
427 690 11
283 690 11
624 690 9
458 690 10
208 690 8
252 690 10
18 690 10
497 691 9
420 691 16
19 691 10
598 691 11
325 691 9
238 692 10
358 692 13
586 692 10
242 692 11
47 692 11
33 693 13
650 693 10
451 693 15
372 693 13
582 693 11
613 694 12
27 694 12
153 694 11
587 694 10
664 694 6
25 694 10
31 695 8
695 696 11
371 695 10
321 695 12
200 695 9
67 695 7
514 696 9
573 696 13
53 696 10
675 696 12
236 697 9
697 708 9
60 697 9
88 697 10
641 697 11
265 698 12
241 698 10
75 698 10
466 698 8
130 698 13
659 699 10
135 699 7
321 699 11
699 703 9
248 699 10
50 700 10
227 700 13
656 700 12
555 700 13
64 700 10
649 700 10
1 701 9
72 701 13
701 740 9
496 701 10
234 701 13
91 701 11
81 702 10
702 749 8
305 702 6
258 702 7
76 702 12
659 703 14
703 721 11
16 703 14
155 703 14
56 704 9
468 704 11
355 704 12
615 704 12
198 704 13
661 704 11
451 704 9
388 705 10
290 705 8
679 705 10
541 705 6
705 706 13
54 706 13
248 706 9
262 706 16
346 706 8
674 706 15
257 707 11
510 707 8
677 707 10
256 707 12
195 707 13
13 707 12
571 708 10
211 708 12
592 708 14
603 708 11
29 709 9
274 709 13
406 709 10
709 741 8
544 709 11
708 709 13
426 710 11
445 710 12
182 710 4
648 710 8
710 731 11
316 710 7
343 711 13
665 711 10
66 711 14
166 711 14
52 711 10
707 711 12
608 712 12
436 712 7
212 712 10
446 712 9
154 712 9
700 712 12
365 713 10
378 713 12
481 713 10
223 713 9
203 714 8
687 714 15
309 714 7
230 714 10
93 714 10
184 714 10
708 714 10
328 714 10
205 715 11
578 715 7
319 715 11
528 715 10
162 715 12
591 716 10
101 716 14
587 716 8
253 716 11
142 716 9
565 716 10
48 717 11
319 717 8
623 717 10
461 717 10
455 717 12
160 717 14
21 718 7
1 718 15
376 718 10
541 718 8
680 718 14
719 745 10
308 719 11
634 719 9
471 719 9
10 719 11
197 720 8
530 720 12
326 720 11
553 720 8
34 720 9
149 721 9
294 721 13
721 747 14
721 729 11
569 721 11
124 722 12
340 722 11
59 722 8
163 722 11
168 722 12
99 723 9
643 723 16
491 723 11
520 723 12
630 724 10
363 724 12
137 724 9
218 724 8
0 725 8
522 725 10
356 725 9
556 725 11
57 725 10
667 726 11
160 726 10
453 726 10
78 726 10
725 726 10
46 726 11
643 727 14
248 727 10
624 727 8
702 727 8
155 728 12
147 728 6
676 728 11
169 728 13
36 728 12
370 728 10
692 729 12
682 729 9
566 729 7
701 729 12
442 729 10
316 729 12
245 729 9
347 730 6
485 730 10
476 730 10
443 730 13
462 731 9
664 731 8
43 731 9
422 731 11
615 731 10
8 731 8
559 732 7
212 732 13
153 732 5
330 732 9
199 732 6
311 732 9
199 733 9
591 733 10
492 733 11
30 733 13
393 733 11
228 733 8
337 734 13
469 734 11
172 734 9
362 734 12
393 734 8
219 734 7
238 734 11
166 735 10
61 735 10
245 735 12
120 735 9
517 736 12
302 736 11
316 736 10
722 736 10
124 736 11
484 736 11
283 736 12
111 737 10
128 737 9
436 737 13
533 737 13
412 737 9
49 737 16
343 738 10
686 738 12
448 738 9
270 738 7
341 738 12
24 739 10
200 739 7
29 739 9
341 739 10
243 740 13
102 740 12
25 740 12
450 740 14
467 740 10
667 740 12
188 740 5
346 741 10
193 741 12
128 741 8
568 741 11
572 741 11
235 742 12
223 742 12
389 742 14
446 742 10
80 742 13
627 743 11
487 743 8
9 743 8
64 743 13
187 743 9
104 744 8
141 744 9
633 744 13
325 744 13
576 744 12
139 745 11
165 745 11
712 745 12
574 745 9
589 746 9
198 746 10
470 746 10
560 746 14
519 746 12
440 747 14
196 747 13
439 747 10
391 747 10
487 747 10
351 748 10
106 748 12
568 748 11
75 748 10
599 748 10
191 749 10
358 749 9
88 749 10
236 749 11
101 749 6
605 749 14
