750
0
1
3
2
7
6
3
3
8
8
10
4
3
4
3
6
9
2
6
6
5
9
6
9
6
3
3
9
9
5
2
7
5
7
3
7
6
4
7
9
9
3
9
5
1
3
10
6
3
9
6
4
6
1
4
6
6
3
7
5
4
4
2
4
10
5
7
7
6
4
2
8
9
10
2
5
10
3
2
5
4
7
2
6
4
8
2
4
7
1
3
6
8
3
7
10
2
3
2
4
9
10
9
9
9
6
3
5
4
8
3
7
3
9
7
5
7
2
10
10
2
9
7
7
2
4
1
10
1
2
7
4
3
6
4
6
3
3
8
9
9
2
3
7
6
5
1
6
1
7
2
6
10
1
7
4
8
8
4
6
7
4
7
7
4
1
9
9
3
3
4
2
2
9
6
5
7
5
4
3
10
4
8
3
4
7
2
5
2
5
8
7
3
1
4
3
5
9
1
9
4
10
9
4
4
8
3
5
6
9
6
10
3
4
8
6
1
5
5
1
7
1
9
2
6
10
7
6
1
6
4
9
3
2
5
10
6
7
7
9
3
3
3
2
2
2
10
10
6
6
8
7
2
6
3
1
1
1
8
6
1
5
3
2
2
4
6
7
2
5
2
7
9
8
9
3
2
3
8
10
3
3
8
1
9
8
10
4
4
2
10
9
5
3
5
1
8
8
9
10
6
7
3
6
5
1
4
3
5
2
1
5
9
5
2
4
10
9
4
9
5
10
5
6
3
7
10
3
3
5
8
8
1
1
10
6
4
1
3
4
2
10
2
8
4
3
7
4
2
1
9
3
4
6
3
6
5
3
6
5
8
3
3
6
6
4
2
3
4
10
7
8
8
10
9
3
6
6
8
5
9
7
8
5
8
2
9
8
8
10
6
9
1
8
6
5
4
1
3
9
9
3
10
4
2
5
9
1
6
9
1
7
9
6
3
10
5
3
7
9
10
8
3
2
2
5
9
5
2
3
4
5
9
1
10
7
6
1
4
6
7
4
9
5
5
1
5
1
7
2
5
1
7
2
9
9
9
8
6
2
8
3
7
5
5
10
8
8
9
8
8
6
7
4
3
2
5
7
9
6
5
5
6
1
3
7
4
4
9
10
4
3
4
5
6
4
7
8
10
5
9
3
6
4
4
10
5
3
7
5
6
3
8
5
8
6
7
4
9
2
4
2
6
5
5
6
9
3
5
2
2
3
8
4
4
7
8
1
5
4
8
9
2
8
2
6
5
7
8
7
7
7
8
9
5
6
4
7
4
6
7
9
7
5
5
7
6
9
9
9
7
5
1
4
7
7
10
10
9
4
7
8
1
6
3
2
5
2
9
5
9
7
4
3
6
9
8
7
6
9
5
3
5
7
3
8
2
5
7
8
4
9
6
5
2
8
1
8
4
3
3
2
5
2
4
2
3
3
4
8
2
5
1
8
2
3
2
4
6
2
5
9
1
1
3
5
7
10
3
9
9
7
8
7
3
4
3
5
5
2
9
10
2
5
5
7
7
1
4
7
9
5
6
4
2
7
4
2
8
6
8
3
4
3
4
5
6
3
3
6
9
9
7
2
4
2
7
1
6
8
2
7
10
4
8
2
6
2
8
4
9
5
5
5
3
5
10
6
5
8
6
4
1
6
9
7
8
2
7
7
8
6
9
1
7
5
6
3
7
3
1
5
1
4
6
8
3
5
6
5
0 475 11
0 276 6
0 681 8
1 734 10
1 534 6
1 294 10
2 31 9
2 571 8
2 306 12
3 69 11
3 472 11
3 716 12
3 560 10
4 441 10
4 412 10
4 501 9
4 639 9
5 186 9
5 635 9
6 306 12
6 43 10
6 113 12
6 83 13
7 167 10
7 355 12
7 57 13
7 384 9
8 151 10
8 701 12
8 61 9
9 602 12
9 89 9
10 207 8
10 419 14
10 330 9
11 728 11
11 345 8
12 540 8
12 149 10
13 616 9
13 133 9
13 645 13
13 366 13
14 78 10
14 215 13
15 406 10
15 542 9
15 187 11
16 54 9
16 735 15
16 683 9
17 413 7
17 152 13
17 77 7
17 269 10
18 431 14
18 265 11
5 18 10
18 723 11
19 616 9
19 21 10
20 166 10
20 57 12
20 417 11
21 405 11
21 304 10
21 71 10
21 196 13
22 230 14
22 43 8
23 481 11
23 359 9
23 589 12
24 136 8
24 648 9
24 370 12
24 621 7
25 175 9
25 247 12
25 719 13
26 574 8
26 683 9
26 255 10
27 177 11
27 46 12
21 28 9
28 723 10
28 347 8
29 496 9
29 184 10
30 320 10
30 647 9
30 538 8
31 573 9
31 279 10
31 53 8
31 650 8
31 108 12
32 457 12
33 494 10
33 396 9
34 307 9
34 496 13
34 128 11
35 306 11
35 506 12
29 35 12
36 424 11
36 408 10
36 195 9
36 561 11
36 727 12
37 38 11
37 742 10
37 373 10
38 366 12
38 713 11
38 531 8
38 353 12
39 667 14
39 453 11
39 372 11
40 396 8
40 738 12
40 158 10
40 332 10
41 251 11
41 507 8
29 41 9
42 62 10
42 48 8
43 365 12
44 380 11
44 236 9
45 701 12
45 551 11
45 126 12
46 501 11
46 420 12
46 551 12
47 738 9
47 608 12
46 47 12
48 602 11
49 146 10
9 49 9
49 310 11
50 509 11
50 346 9
50 510 9
50 631 11
51 266 13
52 387 8
53 140 12
53 712 12
54 550 14
54 707 11
54 686 12
55 718 10
56 244 12
56 253 10
56 398 10
57 515 13
57 601 10
57 126 13
57 267 11
58 496 11
58 393 7
58 556 11
58 109 14
59 637 12
59 278 13
60 178 8
60 305 11
60 124 8
61 575 10
61 404 10
36 61 11
62 682 13
62 388 11
63 578 6
63 455 9
64 376 9
64 338 12
64 67 12
65 234 7
66 585 11
66 353 10
66 493 9
66 555 15
66 141 9
67 184 10
67 221 8
67 479 9
67 442 13
67 218 11
68 218 7
68 697 8
68 617 12
69 684 10
69 602 11
69 105 12
69 197 8
34 69 9
70 469 8
70 520 9
71 743 8
71 289 11
1 71 9
72 347 13
72 236 5
73 269 9
73 473 10
73 401 11
73 298 10
73 736 11
74 575 10
74 337 10
75 198 11
75 515 11
35 75 11
75 662 8
76 703 12
76 427 14
76 720 8
76 334 10
76 626 12
35 77 11
77 414 11
77 478 12
77 264 9
78 672 11
19 78 14
78 608 9
78 740 4
78 421 8
79 719 11
79 141 10
79 574 12
79 114 9
80 270 11
20 80 12
81 668 7
81 372 14
82 262 8
82 274 14
64 82 10
83 323 6
83 501 9
84 333 13
84 532 12
53 84 11
84 262 9
84 377 13
85 737 14
85 330 8
85 369 12
85 461 12
86 393 7
86 630 11
86 518 10
87 693 13
87 290 10
87 653 13
29 88 11
88 140 8
88 701 15
89 505 10
89 223 12
89 739 8
90 558 8
90 409 9
90 108 11
14 90 11
90 200 9
91 93 11
91 604 13
13 91 9
92 583 10
92 233 12
17 92 8
92 311 10
92 386 10
93 156 11
93 629 10
93 552 12
93 204 7
94 425 13
26 94 11
95 579 14
95 344 12
95 383 10
95 522 11
96 599 10
50 96 13
96 519 11
63 96 11
97 622 8
98 108 12
98 533 16
98 166 9
98 467 8
99 485 11
99 524 13
99 352 12
99 158 11
99 237 13
45 100 8
100 585 11
100 400 14
12 100 10
32 101 9
102 490 11
102 631 10
102 388 12
102 103 10
43 102 13
103 578 11
103 139 11
103 340 12
104 363 5
104 176 6
105 671 12
105 398 7
105 607 7
105 338 11
106 255 8
68 106 13
106 640 10
106 203 11
107 720 14
107 365 6
107 158 10
108 545 8
72 108 6
69 108 13
108 494 14
65 109 11
109 328 11
109 418 7
110 125 12
110 513 9
59 110 12
111 422 11
111 345 10
19 111 13
112 366 9
112 419 14
112 509 10
113 665 13
113 291 10
63 113 11
114 586 11
114 725 11
115 403 9
115 510 8
115 473 12
62 116 13
116 457 11
116 696 6
117 208 10
117 639 10
117 403 8
118 246 15
118 325 10
118 688 12
118 625 7
119 705 10
89 119 12
119 429 10
120 711 10
120 132 13
120 211 9
120 595 14
121 414 12
121 551 8
94 121 11
121 501 10
122 710 11
12 123 14
123 517 12
124 313 5
124 126 9
124 391 9
125 128 12
125 681 14
125 255 11
125 748 9
125 365 10
126 201 8
126 749 13
126 469 13
127 518 13
127 481 11
127 509 11
127 212 13
128 593 11
128 605 9
128 135 8
59 129 11
52 129 9
129 460 9
77 129 9
130 154 12
130 159 12
130 358 10
52 131 10
131 284 10
131 253 11
131 348 11
132 669 12
132 292 10
133 744 11
134 517 10
18 134 10
134 136 11
135 405 10
135 578 10
135 727 9
36 136 8
91 136 11
137 500 11
137 658 13
137 346 9
137 407 9
138 425 11
138 307 9
139 546 9
139 535 12
121 140 9
140 352 12
114 141 9
55 141 15
141 612 8
142 582 9
142 744 11
142 270 8
143 746 9
50 143 9
144 379 10
144 737 7
145 297 10
145 715 14
145 367 10
145 596 7
146 390 10
146 215 9
115 146 11
146 467 12
95 146 11
147 534 11
147 494 13
148 484 6
89 148 8
149 570 11
149 258 12
149 331 10
150 741 9
74 150 11
150 676 8
151 395 6
81 151 10
91 151 9
152 703 9
149 152 13
152 449 6
153 391 9
8 153 15
49 153 13
154 545 10
154 681 6
132 154 12
155 604 13
155 625 12
155 528 11
156 431 9
128 156 10
157 541 9
157 537 9
158 542 14
158 479 10
159 257 8
159 180 15
159 585 12
159 328 11
159 317 13
160 436 7
160 394 10
160 416 11
161 449 12
161 708 11
63 161 5
162 407 7
162 619 6
163 435 12
163 721 10
163 309 7
3 163 10
164 189 8
164 229 9
164 303 11
165 257 11
165 341 11
165 676 8
166 443 9
5 166 10
166 336 16
166 586 12
59 167 10
52 167 11
14 168 8
168 370 12
168 386 12
168 173 9
169 527 10
169 434 11
92 169 9
170 449 10
170 557 12
171 693 10
171 706 12
172 587 11
172 481 10
67 172 12
173 180 11
173 354 11
19 174 13
174 212 12
43 174 8
175 589 12
162 175 9
176 387 10
176 509 9
176 644 12
177 507 14
66 177 9
178 311 10
178 366 10
179 243 9
179 517 12
62 179 13
179 187 13
180 573 11
180 204 8
180 475 12
181 190 11
181 719 11
181 408 11
182 365 10
182 695 10
48 182 9
183 209 10
183 256 11
183 690 11
184 573 9
184 556 11
185 227 12
185 403 14
186 391 9
186 460 5
187 470 10
187 195 9
188 360 11
188 523 11
188 528 12
131 188 8
120 189 10
189 329 10
114 189 5
190 362 11
190 286 9
190 378 13
191 472 11
191 574 15
191 543 11
192 740 12
192 694 11
192 461 10
192 517 12
193 337 10
193 503 13
9 193 9
194 340 14
194 338 11
194 280 12
107 194 11
194 342 8
195 538 10
195 413 9
195 559 6
178 196 8
196 593 12
196 236 15
36 196 9
197 424 9
197 200 6
182 197 10
198 453 11
198 200 11
62 198 8
199 697 7
199 284 10
199 613 12
199 540 15
14 199 11
200 259 8
200 280 8
66 201 10
201 732 12
202 417 11
70 202 9
33 203 12
203 519 12
204 611 12
204 338 10
175 204 8
205 463 7
205 667 12
89 205 8
205 456 9
206 674 12
206 386 11
206 501 10
89 207 8
19 207 9
207 422 12
146 207 9
208 695 13
60 208 12
208 248 12
160 208 13
209 322 7
49 209 12
209 252 13
210 531 13
210 342 10
210 251 8
120 210 11
211 280 8
138 211 11
212 223 8
206 212 9
213 594 11
213 738 12
183 214 12
214 733 11
214 719 10
215 544 13
150 215 11
215 226 8
216 323 11
216 244 6
217 729 10
217 679 7
217 235 12
217 474 10
218 382 10
203 218 10
159 218 6
219 453 12
219 436 12
129 219 9
219 671 10
219 558 9
220 426 8
220 701 11
125 220 10
221 253 12
42 221 12
222 279 9
222 326 11
222 677 6
14 223 8
223 262 10
224 425 11
225 654 4
225 335 10
96 226 13
226 735 8
226 298 9
227 690 8
60 227 13
86 228 10
228 400 8
228 704 9
229 445 12
95 229 15
188 229 11
229 657 10
230 390 9
112 230 7
192 230 10
230 386 9
231 603 7
231 731 13
231 506 10
231 232 9
232 608 12
232 358 12
232 741 10
86 232 11
201 232 8
233 336 12
234 749 11
234 591 12
234 733 10
234 544 13
57 235 13
235 435 10
130 236 9
227 237 10
140 237 10
237 331 11
237 636 11
238 267 8
238 683 8
238 422 11
239 369 11
239 386 9
239 495 14
240 546 11
240 382 11
166 240 10
90 241 9
241 291 8
241 536 14
242 546 9
62 242 12
243 383 8
243 429 9
244 384 9
244 726 6
245 394 10
245 665 12
245 598 10
246 618 14
179 246 11
247 374 12
247 559 8
247 477 12
194 247 12
248 517 10
248 713 13
248 643 11
248 487 12
117 248 10
249 374 12
249 250 9
155 249 9
225 250 10
190 251 14
251 313 15
251 729 11
251 657 9
225 252 10
252 539 7
68 252 9
51 253 9
253 543 9
253 648 11
253 273 13
253 331 12
242 253 11
254 484 11
254 573 7
222 254 6
255 371 12
255 421 7
138 255 8
256 328 10
256 424 12
34 256 8
256 364 13
257 465 14
97 257 11
257 264 10
90 257 13
258 495 13
258 344 12
258 549 8
30 258 9
258 450 10
259 701 9
163 259 12
259 576 14
119 259 13
260 464 8
231 260 7
161 260 9
67 261 11
261 431 11
262 581 12
262 446 10
262 626 12
263 465 13
211 263 10
263 534 8
264 654 11
264 741 7
264 467 12
208 264 9
66 265 10
265 352 10
265 267 12
265 354 11
266 304 8
266 447 10
217 266 13
267 629 13
74 267 12
268 304 10
211 268 10
149 269 11
32 269 12
129 269 14
269 487 11
270 520 11
270 585 12
270 692 12
270 651 13
137 271 10
271 355 11
271 688 13
272 608 11
53 273 13
273 324 11
110 274 12
274 674 8
274 442 7
275 415 10
276 432 12
276 743 9
276 536 9
277 390 13
277 565 14
277 514 12
277 672 7
47 278 10
278 286 11
278 613 13
279 465 7
279 396 11
154 280 10
280 516 16
280 427 13
280 441 12
160 281 13
192 281 9
281 416 10
133 281 13
282 317 12
282 534 12
282 593 11
283 687 11
167 283 5
284 644 11
284 576 8
284 551 10
166 284 10
285 612 10
256 285 6
188 285 12
214 286 8
286 746 12
286 492 13
287 573 8
287 499 12
189 287 12
287 715 7
288 445 12
289 331 9
221 289 12
199 289 11
289 728 9
289 371 13
290 537 11
290 484 14
291 457 12
291 539 10
1 291 11
10 291 14
90 292 11
292 392 9
292 531 10
292 322 11
268 292 11
20 293 8
293 581 10
293 709 10
278 293 11
294 369 13
118 294 8
295 705 11
295 698 7
257 295 11
296 662 8
296 487 11
223 296 12
297 426 13
297 446 12
164 297 11
260 298 9
244 298 9
142 298 8
299 612 10
299 664 12
300 385 11
300 657 12
300 633 10
181 301 13
118 301 13
302 514 12
302 391 7
302 420 17
303 421 8
270 303 11
30 303 11
160 303 9
304 341 10
223 304 10
19 304 10
305 571 10
305 661 11
200 305 10
112 306 9
306 586 10
306 399 11
271 307 11
297 307 11
307 337 8
308 309 11
308 327 13
308 707 9
308 339 8
85 309 7
243 309 11
53 310 12
103 310 10
310 626 7
175 311 12
266 311 10
82 311 12
148 311 9
312 388 10
312 385 12
284 313 6
313 748 12
313 533 12
313 540 7
314 578 8
247 315 7
224 315 12
203 315 8
296 315 7
311 315 14
316 559 10
316 493 11
218 317 9
317 392 9
243 318 12
318 425 14
318 589 10
91 318 10
101 319 12
173 319 13
112 319 12
319 447 12
219 319 11
320 439 11
288 320 12
157 320 12
72 320 11
321 406 7
321 462 12
321 419 8
321 529 14
285 322 10
239 322 14
302 322 13
142 323 9
244 323 12
241 323 11
7 324 8
324 562 11
216 325 12
310 325 11
196 326 4
326 598 10
136 326 8
327 335 10
61 327 6
121 327 10
248 328 15
328 597 10
329 543 11
329 745 13
217 329 11
330 746 9
330 487 9
305 330 11
330 345 11
302 331 10
7 331 12
331 671 10
331 478 13
332 566 9
174 332 9
332 394 10
135 332 14
333 690 13
94 333 10
333 372 8
124 334 8
334 748 6
334 432 10
335 562 8
336 662 15
336 715 10
336 661 14
275 337 9
289 337 11
249 338 9
338 349 6
339 649 14
340 341 8
125 340 8
154 340 7
308 340 9
340 745 8
341 599 11
341 532 11
341 437 12
170 341 9
342 496 14
319 342 12
343 485 12
343 585 11
344 377 8
42 344 14
289 345 8
160 345 9
345 714 11
346 623 8
346 428 11
346 670 14
347 630 13
15 347 13
347 413 10
16 347 8
348 667 9
348 379 12
32 349 13
350 372 9
350 604 10
350 419 12
350 418 10
103 350 11
351 724 10
197 351 10
351 728 13
351 670 12
351 519 12
352 391 6
352 630 11
352 539 11
271 353 11
353 711 9
40 354 8
48 354 12
211 354 11
355 645 12
355 707 12
33 355 10
355 537 10
356 676 10
139 356 11
357 508 9
358 590 12
305 358 9
10 358 9
74 358 13
359 659 13
54 359 8
359 543 14
360 566 9
360 523 12
220 361 9
236 362 7
362 627 14
249 362 8
362 496 11
269 363 6
114 363 12
358 363 16
364 558 8
365 420 10
174 365 13
61 366 10
137 366 10
183 367 7
367 452 10
87 367 9
305 367 12
368 601 13
351 368 7
368 659 10
369 712 12
176 369 8
106 369 11
143 369 11
217 370 9
370 747 7
187 370 9
163 371 14
184 371 11
372 701 13
110 372 13
372 397 11
147 372 10
373 472 10
373 412 12
373 725 13
332 373 11
374 410 10
374 717 10
375 698 12
369 375 10
375 541 8
376 396 10
301 376 13
39 377 11
377 584 12
377 457 7
378 712 10
378 492 9
378 651 11
378 401 14
165 379 12
13 379 14
76 379 13
90 379 11
42 380 10
380 542 8
187 380 9
381 435 14
381 526 8
355 382 9
364 382 8
382 473 10
292 382 12
383 529 10
383 520 11
53 383 10
384 552 10
384 670 12
384 724 14
355 384 12
385 662 15
136 385 12
87 385 15
386 672 13
81 386 6
223 387 11
321 387 8
193 387 10
79 387 13
388 538 9
303 388 12
388 632 13
72 389 12
245 390 10
390 510 9
108 390 12
184 391 15
391 410 11
391 638 9
212 392 8
393 730 11
393 676 9
393 570 10
394 474 13
116 394 8
139 394 10
77 395 13
7 395 11
395 640 12
396 581 9
396 427 11
396 653 12
305 396 11
397 717 13
397 492 9
235 397 9
398 599 12
398 675 10
68 398 14
169 398 13
399 578 14
159 399 12
399 555 6
400 682 9
400 678 11
328 401 11
401 562 9
158 401 9
336 402 9
111 402 13
244 402 9
194 402 11
403 689 9
403 635 10
399 403 11
241 403 11
299 403 10
404 641 11
404 421 10
295 404 11
405 434 11
405 599 9
406 484 9
196 406 8
312 406 11
406 572 8
407 730 11
407 621 11
401 408 13
408 537 8
408 651 7
116 409 11
107 409 12
103 409 9
410 601 10
410 443 10
410 530 12
410 544 12
411 549 13
53 412 15
411 412 8
318 412 15
413 494 10
379 413 14
414 624 10
414 562 12
414 446 9
269 414 11
154 415 9
415 539 10
144 416 11
384 416 8
416 621 11
161 417 6
417 695 13
173 417 9
236 417 8
209 418 13
418 469 9
419 510 12
419 627 11
420 723 14
242 420 14
421 732 8
81 421 14
141 421 9
234 421 10
422 514 13
422 681 10
227 422 12
423 624 11
285 423 9
423 740 13
34 423 9
189 424 10
363 424 9
205 424 12
195 425 12
425 443 13
425 655 9
425 502 11
116 426 11
426 712 10
426 719 8
225 427 15
427 573 12
174 427 13
115 428 11
428 714 11
105 428 10
159 428 14
429 506 7
108 429 10
99 429 13
120 430 7
430 490 13
58 430 13
430 595 14
430 535 13
311 431 13
431 454 10
313 431 12
283 432 10
165 432 7
63 433 10
433 603 12
433 482 12
223 433 9
434 642 7
434 461 10
393 435 13
435 493 11
436 526 11
437 449 9
206 437 11
306 438 10
131 438 10
66 438 10
439 529 11
439 678 9
34 439 12
440 478 9
242 440 12
440 624 10
213 441 10
222 441 12
337 441 7
217 442 9
93 442 11
442 578 9
443 496 9
273 443 12
443 522 11
444 463 10
444 456 12
444 735 12
445 462 12
305 445 12
445 574 12
211 445 10
446 608 13
206 447 11
447 597 13
96 447 9
393 448 10
448 577 10
214 448 12
448 467 7
448 635 15
221 449 12
121 449 10
450 706 10
450 460 8
450 696 11
451 632 11
451 676 13
399 452 12
316 452 11
452 643 11
317 453 12
397 453 9
453 507 11
86 453 11
454 645 8
449 454 13
255 454 8
455 528 12
455 662 11
456 718 6
350 456 11
456 747 15
456 600 7
456 715 10
388 456 15
147 457 14
105 457 12
457 571 11
457 721 13
376 457 11
458 469 9
458 668 12
459 500 10
459 488 7
459 600 8
459 596 12
460 577 9
62 460 9
456 461 9
443 461 12
51 461 9
401 461 11
82 462 7
13 462 10
462 699 8
463 618 9
463 547 12
463 553 11
436 463 9
430 464 10
464 535 12
386 464 12
424 465 11
11 465 12
365 465 13
234 466 10
49 467 11
376 467 9
467 732 12
318 467 10
245 468 8
139 468 16
468 643 12
89 469 11
438 469 8
180 470 14
470 592 16
470 621 11
211 470 9
299 470 9
471 642 11
219 471 14
431 471 10
274 471 10
388 472 12
229 472 8
47 472 13
304 472 8
400 473 9
473 725 9
473 639 9
296 473 12
474 604 6
195 474 7
182 475 10
475 565 9
161 476 14
476 656 10
69 476 10
239 477 9
275 478 8
478 639 7
283 478 9
365 478 8
97 479 11
132 480 11
370 480 11
480 719 11
50 481 7
481 684 12
233 482 11
182 482 9
482 564 9
72 483 9
382 483 11
173 483 14
218 484 10
117 484 11
484 743 12
199 484 11
374 484 12
194 484 10
485 496 11
23 485 12
375 485 9
486 747 9
83 486 9
77 486 12
370 487 7
149 487 11
314 487 11
446 487 10
460 487 11
488 555 10
363 488 10
488 567 10
321 489 10
32 489 11
222 489 14
95 490 12
490 610 10
491 687 12
491 551 11
491 508 13
439 492 8
492 733 9
492 679 11
493 513 10
444 493 12
460 494 11
494 512 14
136 494 13
399 494 8
278 494 14
145 495 9
200 495 11
495 721 12
303 496 15
496 513 13
365 496 9
497 711 9
497 619 7
39 497 12
444 498 7
275 498 8
499 624 9
499 649 13
499 716 9
88 499 7
489 500 7
253 500 12
500 541 13
422 500 12
77 501 13
296 502 9
502 537 13
174 502 12
502 652 6
502 574 10
503 610 11
288 503 10
503 614 9
499 504 13
245 504 6
504 654 6
399 504 9
268 504 10
505 548 10
190 505 7
234 505 8
505 581 12
505 676 10
506 640 10
477 506 11
506 601 7
485 506 13
405 507 9
507 697 8
70 508 14
508 571 10
150 509 11
509 653 10
404 509 14
113 509 10
40 509 12
509 599 12
92 510 13
486 510 10
510 617 11
511 650 10
511 654 12
102 512 10
360 512 10
256 513 8
513 740 11
513 619 13
513 598 10
16 514 9
255 514 13
514 697 10
15 514 8
69 515 10
39 515 8
315 515 12
15 516 13
6 517 9
517 689 9
188 517 10
152 518 8
154 518 12
518 530 8
273 518 9
519 609 12
519 705 9
400 519 10
318 519 12
520 533 6
168 520 12
453 520 10
40 521 15
351 521 10
521 641 11
198 522 7
151 522 11
442 522 14
46 522 11
388 523 11
523 729 7
502 523 10
523 678 8
137 524 13
453 524 12
459 525 12
325 525 6
85 525 11
293 526 11
120 526 13
293 527 11
527 588 10
220 527 11
527 688 7
60 528 11
528 730 13
442 529 12
406 529 9
364 529 8
530 617 10
530 626 14
313 530 8
362 530 8
269 531 11
380 531 8
196 531 12
531 596 11
532 608 15
41 532 11
47 533 9
533 666 11
288 533 7
154 533 8
130 534 12
509 534 12
534 569 11
242 534 13
22 535 15
10 535 12
176 535 11
85 535 11
424 536 11
376 536 3
384 536 10
463 536 6
537 610 9
409 537 11
538 565 9
84 538 9
534 538 10
343 538 12
91 538 10
539 581 8
225 539 8
186 539 12
339 540 9
329 540 13
197 540 9
371 540 11
541 730 8
247 541 10
489 541 11
349 542 10
313 542 15
230 542 9
188 543 13
259 544 10
280 544 9
530 544 10
484 545 10
10 545 9
250 545 7
381 546 12
427 547 10
547 633 12
502 547 9
537 547 6
236 547 12
548 608 10
393 548 9
548 645 12
60 549 11
549 728 12
143 549 11
94 550 9
550 551 13
550 654 13
209 551 6
551 603 10
505 551 11
21 551 9
308 552 8
553 640 11
553 661 10
554 630 11
17 554 11
215 554 9
555 708 10
174 555 10
407 555 11
148 556 7
489 556 12
454 557 8
328 557 10
547 557 12
331 557 7
527 558 12
29 558 11
401 559 13
559 683 13
512 559 10
71 560 13
511 560 10
2 560 14
128 561 11
477 561 7
476 562 13
529 562 10
185 562 11
507 562 11
37 563 11
563 727 11
556 564 8
209 564 12
565 641 11
191 565 7
269 565 11
391 566 7
566 648 10
307 567 11
567 652 10
142 568 11
568 690 13
203 568 11
569 726 13
422 569 8
569 709 9
58 570 9
313 570 9
570 575 11
202 571 14
571 696 10
429 571 14
572 591 12
20 572 11
231 572 13
572 606 7
573 638 9
503 574 14
574 664 11
527 574 10
575 641 7
575 733 10
576 737 6
312 576 12
576 663 11
577 597 13
577 709 9
578 654 14
384 578 15
578 736 11
578 617 9
579 637 9
73 579 10
202 579 8
500 580 9
502 580 11
490 580 10
503 581 9
581 627 12
569 582 14
582 635 10
308 582 11
550 582 9
273 582 13
260 583 7
581 583 8
161 583 12
203 584 8
274 584 10
467 585 9
585 643 11
545 586 10
575 586 11
176 587 9
330 587 10
476 587 15
394 588 12
462 588 9
588 623 9
353 589 11
532 589 10
590 698 8
461 590 14
500 591 13
591 745 10
486 592 9
305 592 8
350 592 11
593 622 11
227 593 9
570 594 8
131 594 14
541 595 10
595 641 12
233 595 9
596 715 13
203 596 12
529 596 11
300 597 14
18 597 9
408 597 10
260 598 12
598 705 7
314 598 12
598 677 17
433 598 8
539 599 12
353 599 11
265 599 11
528 600 12
87 600 7
166 601 11
306 601 9
148 601 7
383 601 11
315 601 9
373 602 9
529 602 9
602 617 10
559 602 11
199 603 8
403 604 10
604 628 11
397 605 11
605 695 12
25 605 14
185 605 10
327 606 9
606 629 12
526 606 10
576 606 10
184 607 13
558 607 8
116 607 11
608 609 11
310 608 8
407 608 10
397 609 10
609 732 10
609 684 12
610 680 10
252 610 11
598 610 12
274 611 8
208 611 11
382 612 13
443 612 12
550 612 8
191 612 10
613 635 9
322 613 11
613 665 12
395 614 9
614 721 8
614 720 8
485 615 9
5 615 9
573 615 12
440 616 14
616 643 10
464 616 10
616 646 10
554 617 11
295 617 11
81 618 11
618 636 10
344 619 13
176 619 7
84 620 13
378 620 9
621 679 9
313 621 9
268 621 13
143 621 15
261 622 12
622 646 9
3 622 13
548 623 10
270 623 11
559 623 9
268 624 13
45 624 9
239 625 10
435 625 13
94 626 13
487 626 7
89 626 11
463 627 11
152 627 11
628 743 11
225 628 10
56 628 9
159 629 10
224 629 15
180 629 13
158 630 9
271 630 8
166 630 11
144 630 11
526 631 11
631 685 13
105 631 12
323 631 10
632 647 12
146 632 11
56 632 10
633 745 9
375 633 8
269 634 12
213 634 8
94 635 13
161 635 10
479 635 10
523 636 12
406 636 10
534 636 11
535 636 9
126 637 11
11 637 10
490 638 14
152 638 9
331 638 10
578 639 8
194 639 9
59 639 8
400 640 11
211 640 12
213 640 9
127 641 11
641 740 10
641 742 10
13 642 10
58 642 12
370 642 10
89 642 9
292 643 7
117 643 13
631 643 13
272 644 13
508 644 15
444 644 10
623 644 13
604 645 5
646 744 10
607 646 11
303 647 12
51 647 10
19 647 11
648 685 6
251 649 9
176 649 7
649 710 9
579 650 8
590 650 12
450 650 9
321 650 9
369 651 12
63 651 9
341 652 10
14 652 10
332 652 10
652 730 8
49 653 9
653 699 12
303 653 10
333 653 10
83 654 12
491 654 11
627 654 9
655 676 12
272 655 12
442 655 12
185 655 12
656 732 11
44 656 11
473 657 10
312 657 10
480 658 12
658 679 12
289 658 13
454 658 12
658 719 10
177 659 11
97 659 13
4 659 13
598 660 10
148 660 12
142 660 12
327 661 12
23 661 11
313 661 12
661 709 13
635 662 10
550 662 9
451 663 8
415 663 11
360 663 12
212 663 9
444 664 11
430 664 9
333 664 10
664 683 13
337 664 11
311 665 10
417 665 12
330 665 10
392 665 7
531 665 10
666 716 9
666 710 9
575 666 10
242 667 11
64 667 12
451 667 10
575 667 8
598 668 9
24 668 13
664 668 10
304 668 14
619 669 14
306 669 11
467 669 9
611 669 10
670 728 13
453 671 10
570 671 9
365 672 8
150 672 10
151 672 11
444 673 10
225 673 11
411 674 13
306 674 11
637 674 9
230 674 10
515 674 8
294 675 10
350 675 9
137 675 9
285 675 11
484 676 11
346 676 9
160 676 8
330 677 13
652 677 14
112 678 13
517 678 7
550 679 7
113 679 11
203 680 10
593 680 13
148 680 12
626 681 11
325 681 11
374 682 13
381 682 9
682 735 10
180 682 12
18 683 10
252 683 10
683 688 13
566 684 12
60 684 9
684 704 9
2 685 10
53 685 12
84 685 9
343 685 13
339 686 10
97 687 8
655 687 11
657 687 7
427 688 8
42 689 13
247 689 11
180 689 12
45 690 7
399 691 10
178 691 12
79 691 5
227 691 12
539 692 6
156 692 10
103 692 13
685 693 11
3 693 11
505 693 8
21 694 12
14 694 8
637 694 9
464 694 7
695 704 8
93 696 10
696 744 11
298 696 10
273 697 7
201 697 14
220 697 13
224 697 9
142 698 12
471 698 11
534 698 6
63 699 12
13 700 9
681 700 7
407 700 6
361 701 10
376 701 14
136 701 11
613 701 7
573 702 12
693 702 11
314 702 9
641 702 14
660 703 7
68 703 10
636 704 9
35 704 11
563 704 13
42 705 6
417 705 6
472 705 14
542 705 8
634 705 13
544 706 13
124 706 11
583 706 11
360 706 12
684 707 10
169 707 11
202 708 10
64 708 8
96 708 12
87 709 14
579 710 8
675 710 11
591 711 11
190 712 11
219 712 12
178 712 11
35 712 9
195 713 10
143 713 8
626 713 13
225 713 9
141 714 10
13 714 8
567 715 11
218 715 9
247 715 8
158 716 15
364 716 11
75 716 8
448 716 12
586 717 9
717 723 10
81 718 12
718 749 9
113 718 13
475 718 11
432 719 7
682 719 14
352 720 11
546 720 9
624 720 10
720 722 14
580 721 13
676 721 9
245 721 11
168 722 11
379 722 9
708 722 12
349 722 9
535 723 11
680 723 13
723 724 14
724 745 10
591 724 12
701 725 11
15 725 11
208 725 7
249 726 8
597 726 10
291 727 9
303 727 11
565 728 10
102 729 13
608 729 8
154 730 10
127 730 11
435 730 13
269 730 10
145 731 11
168 731 9
575 731 10
680 732 11
142 732 10
698 732 13
407 733 13
189 733 12
604 734 10
335 734 12
549 735 12
8 735 11
719 736 11
653 736 12
31 737 8
550 737 15
732 738 7
125 738 12
504 738 10
290 738 12
110 738 8
640 739 10
647 739 8
111 739 10
707 740 9
640 740 12
720 740 13
676 741 8
359 741 10
296 742 11
353 742 10
121 742 12
603 742 13
669 743 9
285 744 14
341 744 9
570 744 11
172 745 13
611 745 9
709 745 9
380 746 13
138 746 14
706 747 12
688 747 14
725 748 12
244 748 11
378 748 10
325 749 11
93 749 10
66 749 8
