750
0
5
3
10
8
1
8
9
3
4
5
7
8
8
8
4
7
8
7
4
3
2
2
5
3
5
6
5
6
3
7
6
10
3
3
7
8
7
3
7
9
4
5
6
2
6
5
2
3
7
8
7
8
9
7
8
8
7
7
8
3
2
4
4
1
2
3
2
2
9
8
1
8
9
6
4
3
10
3
2
5
10
7
8
4
6
8
5
9
10
9
6
1
6
9
2
6
4
7
2
8
1
3
3
8
5
6
4
5
2
2
10
4
6
2
6
9
6
7
10
7
7
6
5
5
5
7
9
6
1
5
7
4
5
4
7
5
6
7
4
5
7
6
4
3
3
4
1
2
3
9
4
4
10
1
8
9
2
5
4
5
5
1
6
6
10
3
4
10
6
6
4
10
9
9
9
9
3
1
4
10
4
7
9
4
4
9
5
5
9
9
9
7
2
5
7
5
3
3
6
3
3
2
4
8
10
2
9
2
8
4
7
8
5
1
9
6
10
8
7
9
9
6
10
5
3
6
1
7
3
5
10
3
6
3
9
7
9
10
10
6
6
5
3
8
7
2
5
9
8
6
8
5
6
6
1
8
3
5
6
8
8
7
8
8
5
3
3
6
7
5
7
4
9
3
8
3
8
5
8
6
8
9
2
7
5
7
2
4
3
9
4
6
3
5
9
10
6
3
6
4
7
6
7
5
5
6
8
8
6
7
5
8
7
8
5
6
8
4
3
1
8
3
4
9
9
6
4
1
9
4
3
6
5
3
7
3
9
3
10
2
9
3
9
8
8
2
3
7
2
8
8
7
2
7
5
3
6
8
8
7
7
2
3
8
5
8
7
4
8
8
3
5
6
9
7
3
8
3
8
10
4
2
3
7
5
2
3
5
4
7
3
10
9
4
7
6
9
8
10
1
4
4
4
10
3
6
3
9
2
3
3
7
2
4
3
3
10
2
5
8
5
10
10
3
6
10
2
7
4
5
2
6
9
3
4
5
3
6
4
2
9
7
4
10
5
7
8
4
8
1
6
10
9
6
7
8
2
3
1
6
9
5
9
8
9
6
10
7
6
6
2
5
10
6
5
5
8
9
6
5
10
2
2
8
10
3
8
9
8
7
9
2
4
3
10
4
8
4
5
9
3
2
4
3
1
2
7
4
5
6
9
8
4
4
4
9
5
3
3
2
4
9
3
4
7
8
10
6
5
5
4
1
3
3
9
9
6
5
7
3
1
7
4
2
7
4
4
10
5
7
1
8
7
5
7
10
5
2
10
8
3
3
10
1
5
6
5
2
4
4
9
5
7
1
7
2
7
1
2
5
5
8
8
4
4
7
8
5
8
1
8
4
2
5
3
6
3
6
6
2
5
7
5
3
3
1
5
4
5
7
5
1
5
3
6
7
4
6
5
3
6
10
6
1
8
4
3
9
9
3
4
6
7
6
1
5
6
7
7
9
3
2
3
10
1
9
2
5
4
10
9
3
3
8
4
4
7
3
7
8
5
10
4
6
8
6
8
9
3
8
2
4
3
2
9
2
9
7
2
1
5
3
2
7
9
6
2
8
10
6
8
9
9
3
6
8
9
9
3
3
4
9
7
2
2
3
4
9
5
3
7
5
9
7
9
7
5
4
7
6
7
5
9
7
4
2
3
9
2
4
10
4
6
8
6
3
1
8
8
6
7
5
6
6
7
4
8
7
6
0 109 13
0 29 11
0 598 7
0 327 12
0 80 10
0 221 11
1 574 12
1 364 14
1 534 10
1 448 11
1 406 5
2 82 14
2 603 10
2 158 12
2 333 12
2 700 8
3 434 12
3 295 12
3 629 13
4 342 9
4 656 12
4 123 9
4 719 10
4 144 11
4 288 13
5 525 8
5 458 10
5 36 14
5 113 12
5 642 9
6 18 11
6 357 11
6 21 12
6 105 11
6 209 8
7 331 11
7 525 13
7 92 11
7 680 8
7 179 9
8 566 8
8 251 8
8 193 12
8 628 10
8 526 11
8 658 12
9 73 13
6 9 10
9 197 6
9 736 11
9 421 12
9 192 13
10 394 13
10 265 8
10 314 9
11 457 11
11 345 8
11 509 14
11 170 11
11 705 11
12 484 12
12 595 10
12 19 10
12 725 9
13 107 10
13 556 12
13 469 8
13 335 10
13 652 11
13 686 8
14 490 9
14 213 10
14 204 9
15 119 9
15 120 11
15 167 8
15 714 14
16 96 14
16 486 11
16 18 9
16 283 11
16 19 10
16 237 13
17 628 9
17 269 8
17 174 7
17 332 9
18 98 11
18 486 12
18 229 13
5 18 8
19 69 11
19 391 12
19 643 11
19 743 9
19 492 13
20 451 11
20 160 9
20 235 11
20 292 13
21 153 10
21 373 10
16 21 11
21 454 10
21 239 12
22 110 13
22 203 10
22 287 6
22 595 8
22 569 8
23 463 13
23 624 12
23 369 10
23 351 7
23 436 13
23 250 12
24 120 9
24 202 10
24 589 11
25 142 10
25 153 10
25 374 10
25 543 11
26 585 11
26 318 10
26 412 10
26 734 11
26 690 9
27 315 9
27 407 11
27 415 13
27 546 12
27 453 11
28 179 6
28 173 10
28 740 7
28 730 12
28 49 15
28 36 13
29 400 13
29 427 10
29 68 11
30 559 12
30 303 11
30 60 12
30 496 12
30 189 10
30 345 11
31 585 12
31 38 11
31 290 12
31 118 9
32 128 8
32 358 11
32 595 10
32 454 9
32 570 9
32 577 10
33 594 9
33 442 12
33 673 12
33 265 10
33 668 13
34 238 9
34 654 7
34 455 13
34 554 9
34 481 12
34 703 12
35 560 10
35 601 11
35 687 11
35 744 11
35 185 9
36 228 5
36 116 10
36 158 6
36 505 9
36 150 10
36 142 12
37 599 10
29 37 11
37 692 14
37 715 8
37 99 10
38 344 9
17 38 11
38 58 13
29 38 9
38 246 10
38 293 11
39 556 13
39 743 14
39 605 9
39 699 9
40 345 8
40 208 12
40 535 14
40 536 13
40 103 5
41 316 9
41 483 10
41 738 8
41 339 12
41 741 12
42 326 12
42 216 7
42 182 11
42 233 12
43 142 8
43 744 15
43 576 10
43 373 11
43 82 10
43 67 11
44 680 11
44 414 13
44 635 8
44 235 12
44 306 13
44 664 11
45 254 4
45 437 10
45 257 12
45 169 8
45 537 13
45 571 12
45 717 11
46 464 11
46 83 14
46 396 12
46 70 13
46 205 8
46 142 11
47 677 9
47 146 10
47 676 12
47 390 11
47 623 9
48 591 11
48 594 11
48 165 8
49 560 7
49 221 13
49 694 8
49 547 10
49 261 14
49 708 13
50 607 11
50 399 10
50 142 10
50 254 10
50 596 14
51 501 13
51 183 9
51 57 9
51 143 11
51 559 13
52 287 8
52 450 8
52 213 12
52 368 8
52 129 15
53 88 10
53 421 8
53 424 13
29 53 9
54 61 12
54 299 11
54 372 8
54 584 12
54 516 13
55 531 10
55 192 10
37 55 12
45 55 11
55 566 13
55 575 15
56 648 8
56 632 10
56 560 11
56 459 11
56 117 11
57 631 9
18 57 11
57 422 10
57 746 9
57 408 8
58 495 9
58 385 9
58 534 12
59 389 9
59 327 8
59 201 6
59 209 13
60 116 9
60 560 12
60 139 10
61 658 12
61 472 12
4 61 7
61 596 11
49 61 11
62 446 12
62 589 12
62 655 11
62 272 8
62 109 12
58 63 14
63 142 8
63 424 15
63 108 9
63 579 11
64 297 12
64 360 13
64 65 11
30 64 9
64 497 11
65 193 9
65 323 11
65 433 11
66 181 11
66 716 11
66 601 14
66 104 12
66 140 8
66 282 12
67 510 12
67 522 11
67 744 7
67 709 9
68 281 7
68 116 9
68 664 10
68 132 8
68 718 13
68 421 6
69 520 15
69 417 13
69 253 8
69 223 7
69 139 7
70 600 10
70 693 13
70 505 14
70 712 10
70 643 11
70 648 12
70 713 9
71 286 11
71 531 11
71 345 11
71 688 9
71 694 10
68 71 12
72 196 9
72 710 15
72 369 12
73 499 16
73 146 9
73 373 10
73 450 12
73 121 7
74 603 9
74 509 9
74 700 9
74 320 13
68 75 13
75 221 10
75 527 12
75 414 10
75 323 10
21 75 9
76 308 10
76 498 9
76 588 11
77 570 11
77 677 14
77 618 11
77 106 6
28 77 11
78 401 10
78 544 13
78 563 9
78 250 12
38 78 13
78 150 11
57 79 12
79 726 14
79 594 12
79 209 10
79 743 10
79 416 10
79 148 7
80 558 9
9 80 12
80 137 11
80 149 7
81 166 7
81 669 12
81 101 13
81 434 10
81 449 8
81 349 15
82 476 8
82 531 10
82 460 14
82 478 9
82 684 10
83 570 10
83 547 11
83 382 9
83 432 10
84 701 12
84 636 10
84 456 10
84 704 12
85 495 10
85 577 11
85 314 4
85 689 12
85 140 11
86 567 10
86 279 5
82 86 10
86 549 10
86 200 13
86 518 14
87 676 8
87 602 8
87 195 9
87 238 13
87 533 15
82 88 10
17 88 10
88 597 8
88 292 10
89 534 9
23 89 11
89 242 10
59 89 13
89 480 8
89 355 12
90 201 10
90 452 12
90 585 7
90 165 7
90 210 6
90 505 11
91 204 12
91 346 14
91 523 10
91 205 13
91 116 11
92 213 12
92 482 10
92 328 11
92 333 11
92 445 8
55 93 13
93 357 13
93 349 9
93 109 7
94 170 11
94 102 10
94 690 12
94 450 10
94 724 9
94 423 10
6 95 6
95 449 10
95 524 8
95 371 13
96 253 11
96 129 5
96 348 12
96 706 9
97 259 16
97 592 11
97 559 11
97 311 10
73 97 12
98 481 11
98 484 10
67 98 11
98 488 7
98 666 7
98 150 9
99 331 16
99 480 10
99 104 9
99 606 9
100 264 11
100 538 9
100 645 10
100 172 9
100 621 12
73 101 13
101 323 10
101 422 7
101 193 8
101 391 6
102 508 11
69 102 9
67 102 12
102 649 13
102 294 12
102 270 7
103 393 12
103 534 10
103 735 12
103 514 14
103 426 12
103 110 9
104 660 8
104 652 10
104 350 9
105 123 11
105 497 11
105 432 10
105 381 14
105 499 10
106 394 7
106 674 10
106 203 11
106 702 7
107 566 7
107 339 10
107 240 11
107 307 10
107 134 11
108 662 10
108 388 13
108 538 9
108 691 12
109 689 8
9 109 9
109 147 12
109 475 9
110 231 12
110 296 11
110 352 11
89 110 13
110 117 8
111 530 13
111 596 12
111 623 10
111 649 11
111 735 12
112 237 11
112 483 11
112 303 10
112 146 9
112 594 9
113 282 11
113 586 9
113 456 12
113 510 13
113 658 11
69 113 13
114 339 13
114 598 10
114 708 10
76 114 11
114 428 10
114 530 11
115 140 9
115 722 11
8 115 12
115 352 12
115 471 11
115 301 13
116 264 11
116 344 10
116 716 12
116 429 11
116 650 11
117 344 9
117 177 11
117 166 10
117 599 13
117 366 9
118 398 12
118 421 13
37 118 9
118 133 13
24 119 12
119 667 13
95 119 10
119 139 11
76 119 9
119 547 11
120 625 10
10 120 13
120 584 8
121 699 11
10 121 9
121 661 11
121 424 9
121 471 9
122 473 7
122 241 10
122 416 9
90 122 8
122 351 10
123 749 11
17 123 9
10 123 10
53 123 10
123 278 9
123 251 11
124 624 10
124 220 14
47 124 9
125 419 8
125 206 9
125 545 12
125 239 13
125 342 13
125 597 11
126 472 8
126 445 11
126 585 11
99 126 8
126 382 11
127 284 10
127 672 10
91 127 8
127 159 14
127 249 10
128 140 12
128 452 10
128 633 12
128 400 11
128 469 7
129 352 9
129 411 7
129 309 11
122 129 8
129 199 11
130 459 14
130 461 9
130 561 9
130 491 12
131 209 9
131 499 8
131 200 12
127 131 12
131 329 10
55 132 11
121 132 7
132 421 8
132 172 11
132 492 11
133 721 13
133 548 9
133 543 10
69 133 13
133 257 15
134 374 9
134 220 8
134 498 13
95 134 10
134 348 13
103 135 9
135 724 8
136 286 8
136 674 10
136 595 11
136 195 11
137 153 11
137 568 12
137 203 10
137 270 8
137 184 12
138 476 12
70 138 8
138 456 9
138 249 11
138 620 10
138 722 10
5 139 10
139 278 12
47 139 10
18 139 11
36 139 10
140 352 11
140 595 12
140 359 11
140 675 9
122 140 11
141 284 14
141 228 8
72 141 11
141 285 8
141 589 5
141 360 12
142 665 7
142 514 13
142 224 10
142 679 10
142 315 11
142 340 11
54 143 11
143 189 7
143 472 11
143 699 11
59 143 9
26 143 9
144 711 13
144 163 11
144 337 5
14 144 10
144 387 10
144 674 13
145 361 8
145 638 11
145 521 13
17 145 10
145 243 9
145 471 9
138 146 14
146 267 13
146 250 8
146 317 10
147 689 11
147 242 9
147 257 11
147 420 11
27 147 11
148 573 10
148 344 10
148 166 10
121 148 14
148 240 12
148 474 12
149 169 6
89 149 14
149 316 10
149 208 9
149 389 8
149 375 10
150 617 13
150 175 8
64 150 9
150 231 11
150 523 11
150 274 14
151 349 7
151 339 8
151 530 10
151 585 13
151 240 12
152 722 10
152 182 10
112 152 11
152 452 8
152 580 10
152 398 8
102 152 12
132 153 12
4 153 11
153 432 9
153 706 11
153 545 12
154 546 10
154 200 12
154 330 14
154 432 10
41 154 9
155 590 9
110 155 14
155 523 12
155 578 13
155 233 7
155 339 10
156 505 11
51 156 12
107 156 13
67 156 12
156 392 9
156 645 8
157 395 11
111 157 11
157 485 10
157 460 10
157 260 7
78 158 11
158 636 8
158 572 10
158 710 12
158 272 10
159 723 11
159 297 9
159 566 11
159 383 10
160 471 16
160 651 12
160 528 10
160 348 10
160 188 8
57 161 11
161 549 12
161 233 14
161 467 11
161 438 9
76 161 10
79 162 12
162 381 13
52 162 12
162 293 11
162 316 10
162 594 11
163 469 13
163 643 9
163 738 10
163 318 10
163 672 11
160 164 16
164 311 13
53 164 10
164 491 9
165 489 10
29 165 8
165 607 12
165 359 14
165 448 10
165 248 14
166 380 11
166 392 10
2 166 10
166 313 12
167 467 6
167 233 12
1 167 12
167 738 12
167 503 12
168 713 11
53 168 9
168 178 8
158 168 9
168 257 12
169 619 12
169 320 11
169 653 11
169 546 10
169 173 10
170 586 13
170 329 7
170 242 11
84 170 13
121 170 12
171 666 12
171 674 10
171 638 10
40 171 9
172 559 10
172 591 10
172 496 8
172 571 12
98 172 14
78 172 8
173 739 13
173 387 12
173 326 12
173 688 11
173 453 8
173 685 14
174 180 13
174 187 8
174 402 14
174 523 9
174 349 11
174 507 11
58 175 10
89 175 11
175 255 11
175 210 11
175 289 11
176 643 11
176 399 10
176 505 14
176 363 9
176 402 10
177 443 9
177 472 13
115 177 9
78 177 7
84 177 9
178 249 14
97 178 10
178 637 10
178 610 8
92 179 12
179 725 10
179 747 10
179 730 11
180 413 8
24 180 10
180 459 11
180 189 8
181 502 8
172 181 12
181 360 10
181 367 8
175 181 7
181 512 12
181 531 10
182 482 7
182 224 12
182 679 12
182 601 11
182 279 10
183 670 10
183 476 11
183 527 9
97 183 10
16 183 10
161 184 8
184 519 15
97 184 13
184 325 9
184 720 13
185 455 12
185 615 13
185 417 10
185 362 8
99 186 10
186 745 10
186 302 11
186 469 11
186 467 14
187 376 11
77 187 8
187 504 12
187 289 6
187 523 10
188 636 9
188 432 9
188 375 10
35 188 8
188 400 7
62 189 10
189 280 9
189 194 11
190 598 10
190 552 11
190 328 11
190 528 14
190 436 10
191 461 11
191 632 11
191 522 10
69 191 16
191 682 8
192 206 12
192 235 10
192 651 7
193 341 10
193 277 12
193 364 11
119 193 13
193 588 14
194 685 13
60 194 10
11 194 10
194 686 10
195 487 15
195 524 10
195 745 8
195 273 12
195 555 11
196 525 9
196 464 11
196 565 7
196 558 8
196 538 11
196 216 11
197 307 11
197 211 13
139 197 12
197 466 14
197 513 10
198 682 6
94 198 12
198 350 12
198 295 8
198 712 12
132 198 12
199 518 8
199 263 10
199 224 12
199 286 10
26 199 10
200 658 11
200 616 8
200 274 12
194 200 8
201 251 13
201 357 7
189 201 8
136 201 6
51 201 10
202 296 8
202 304 6
202 256 7
117 202 7
202 606 11
203 677 11
203 558 9
185 203 8
203 315 12
203 661 12
203 353 10
203 625 13
204 677 9
204 545 11
204 319 12
10 204 7
69 205 9
153 205 10
205 393 8
162 205 10
205 712 8
205 367 11
206 537 11
25 206 10
206 307 12
206 293 6
51 206 9
206 468 7
206 327 10
207 576 12
207 367 11
197 207 12
207 565 8
208 463 12
208 388 10
62 208 14
27 208 13
208 361 10
209 562 11
209 384 11
158 209 15
70 209 11
144 210 9
210 377 11
163 210 11
210 579 12
210 668 9
210 699 13
211 719 9
211 471 9
211 434 13
211 374 13
211 518 13
33 211 9
212 556 12
212 708 9
212 636 6
212 231 12
212 237 13
212 240 10
213 395 13
213 719 10
213 481 8
13 213 16
213 335 13
213 239 10
214 652 7
214 623 11
53 214 9
214 415 10
215 706 14
215 556 10
215 327 11
215 501 12
215 483 8
78 215 13
216 564 11
216 388 11
216 673 12
216 636 11
216 591 14
216 612 13
217 436 9
217 665 9
217 540 11
217 616 9
218 254 15
218 377 8
218 663 12
218 473 9
218 645 8
219 705 9
219 300 13
219 745 13
93 219 10
219 523 13
219 575 12
220 229 13
220 628 9
220 509 9
136 220 12
75 220 11
220 365 9
220 447 12
220 712 13
9 221 10
221 668 11
130 221 12
221 634 14
4 222 11
222 533 13
222 558 11
222 743 8
223 561 10
223 286 12
84 223 9
223 296 11
223 553 8
224 464 11
65 224 11
224 665 10
224 274 10
224 446 12
225 593 8
217 225 11
225 578 8
206 226 11
226 637 13
208 226 13
226 496 10
226 574 12
226 568 9
227 328 11
227 632 12
227 554 11
227 679 10
227 609 12
228 551 12
228 412 8
228 521 11
153 228 12
228 660 9
228 407 11
228 428 12
228 702 4
229 504 4
229 380 10
229 725 12
109 229 16
191 229 12
230 749 12
230 242 8
230 691 8
230 286 12
44 230 8
231 491 10
231 718 9
231 442 10
231 708 11
172 231 11
232 519 14
232 275 13
232 685 10
232 719 9
87 232 10
210 232 11
233 414 10
143 233 7
233 616 12
233 483 12
233 471 10
233 263 8
234 265 13
234 629 8
198 234 11
4 234 11
47 234 11
234 457 14
78 234 10
235 687 11
235 698 11
37 235 12
173 235 10
138 235 13
235 246 10
236 604 13
101 236 12
236 465 10
236 573 10
117 237 8
237 418 11
237 715 9
237 442 11
237 381 14
154 238 14
238 732 11
186 238 12
92 238 7
238 265 7
239 532 13
239 585 12
239 662 10
239 649 10
239 390 10
240 343 10
240 495 10
240 513 10
240 535 11
240 405 7
202 240 13
58 241 9
216 241 11
241 545 10
241 504 14
242 414 9
127 242 9
129 242 11
242 386 9
242 564 13
243 621 13
243 451 9
243 692 8
243 724 8
243 672 7
244 343 11
244 689 13
244 411 5
244 423 8
245 637 11
245 363 12
152 245 12
245 639 11
117 245 9
246 612 10
246 498 9
246 609 8
246 722 10
246 686 13
246 391 11
229 247 12
247 678 13
247 440 9
226 247 13
81 248 10
248 367 10
248 695 11
31 248 8
248 673 9
232 248 8
145 249 12
159 249 12
249 492 11
249 435 12
4 250 10
123 250 9
134 250 13
250 391 10
250 317 12
251 450 13
251 370 11
71 251 8
251 312 9
251 707 12
251 323 11
252 360 10
252 432 8
252 494 10
252 550 9
252 643 9
70 252 12
215 252 9
252 616 10
253 510 10
253 711 10
253 261 14
133 254 12
254 441 12
254 496 11
243 254 11
254 285 10
197 255 11
255 741 11
255 387 9
255 611 10
256 727 9
256 452 13
256 654 15
60 256 13
1 256 13
256 525 10
174 257 7
257 409 12
185 257 8
257 657 11
213 258 11
258 290 9
252 258 7
75 258 8
258 332 12
259 694 14
15 259 10
259 742 12
182 259 6
123 259 13
110 259 12
7 260 10
260 525 14
69 260 10
260 491 12
260 541 11
174 260 13
187 261 10
261 317 11
261 438 15
261 601 11
247 261 10
262 700 10
177 262 10
262 346 10
263 685 10
263 438 5
34 263 11
263 591 11
263 446 12
264 311 7
81 264 13
264 442 12
264 508 8
117 264 13
239 264 12
265 305 11
265 342 10
265 302 12
15 265 10
266 355 13
266 595 7
130 266 12
119 266 9
266 462 9
266 390 9
253 266 10
95 267 11
267 619 10
267 370 11
267 694 13
267 441 9
267 438 11
131 268 11
268 459 8
268 709 10
268 688 7
268 368 8
268 468 12
107 269 9
269 646 12
96 269 12
269 522 10
269 274 12
269 445 10
0 270 10
270 708 12
236 270 13
128 270 12
270 695 9
271 634 10
271 668 11
271 664 13
271 724 10
272 391 12
126 272 9
272 554 13
272 737 14
273 520 9
142 273 14
273 599 11
273 331 9
126 273 13
213 274 10
242 274 11
274 369 10
274 335 10
274 591 11
275 291 10
275 317 10
275 403 10
275 665 9
275 334 9
275 697 8
121 276 7
276 560 7
44 277 13
277 374 11
277 666 8
158 277 12
277 583 10
242 278 11
278 377 12
278 629 14
76 278 10
95 278 10
279 478 11
225 279 5
279 719 11
278 279 9
279 367 10
100 279 11
253 279 11
280 496 11
280 639 7
280 737 8
190 280 10
281 390 11
218 281 13
51 281 9
281 293 9
234 281 13
281 730 13
25 281 12
250 282 12
282 747 5
282 668 7
282 690 12
282 693 7
283 451 10
283 623 10
180 283 12
158 283 12
215 284 12
74 284 10
284 468 8
195 284 13
3 285 10
285 629 11
285 433 13
286 666 14
286 328 11
176 286 11
286 369 11
287 332 9
95 287 11
287 568 12
287 504 9
107 287 12
242 288 12
288 577 11
288 681 11
225 288 13
289 403 9
289 316 12
289 480 12
289 553 9
290 564 11
290 589 8
127 290 13
239 290 9
290 601 16
123 290 9
291 542 8
291 622 13
291 414 10
291 459 9
291 413 12
138 291 13
292 667 11
292 696 12
205 292 9
235 292 9
293 729 12
293 503 10
293 437 11
120 293 8
293 633 10
101 293 13
265 294 15
294 509 10
12 294 8
120 294 12
294 570 15
294 421 13
295 372 8
295 514 8
295 670 12
295 580 13
77 296 8
257 296 8
263 296 14
296 403 11
296 619 12
10 297 9
297 390 11
115 297 10
289 297 11
298 404 10
298 329 13
10 298 10
34 298 12
298 548 9
30 299 11
71 299 10
81 299 10
118 300 10
127 300 11
300 745 12
300 528 12
300 517 10
301 515 8
122 301 10
301 421 14
301 598 14
235 302 13
302 694 9
302 676 12
302 518 11
20 302 12
52 302 10
303 470 10
303 351 10
303 359 10
36 303 9
303 661 7
182 303 13
186 304 10
304 608 12
304 513 13
304 599 11
76 305 11
305 735 10
244 305 13
305 486 11
66 305 13
306 679 12
306 647 9
39 306 7
306 408 9
306 397 10
307 539 8
183 307 8
307 606 11
215 308 11
168 308 12
155 308 15
152 308 12
308 370 8
308 473 11
189 309 8
8 309 11
74 309 12
309 395 13
309 383 7
310 557 11
310 518 12
141 310 6
310 730 12
310 540 12
310 738 11
311 597 9
311 465 8
143 311 9
298 311 9
311 348 13
189 311 10
312 603 12
312 401 8
312 492 12
174 312 13
312 494 12
262 313 9
302 313 11
218 313 11
107 313 13
314 445 13
314 646 11
252 314 11
154 314 10
315 708 13
304 315 12
51 315 11
251 316 11
9 316 12
316 569 10
163 316 12
316 740 13
316 531 13
238 317 12
317 486 10
294 317 14
317 398 11
86 317 13
317 542 13
182 317 11
318 404 10
318 569 9
318 397 8
196 319 10
127 319 14
300 319 12
109 319 8
319 375 10
208 319 9
149 320 9
320 355 9
320 667 8
320 551 12
321 547 11
180 321 13
321 383 13
237 321 9
292 322 10
322 726 8
322 554 10
158 322 10
322 744 12
323 738 12
284 323 11
190 323 10
173 323 11
323 488 12
323 584 12
324 367 10
324 485 11
185 324 8
156 324 10
324 330 10
149 325 10
325 340 11
325 724 7
325 477 10
318 326 9
326 360 13
36 326 11
76 326 12
326 724 9
327 740 14
327 474 8
327 451 11
327 560 8
161 327 10
39 328 10
88 328 10
328 540 8
328 413 9
328 657 10
157 329 10
130 329 13
14 329 11
329 646 11
54 329 9
14 330 11
330 615 9
330 662 12
331 705 11
92 331 10
113 331 8
331 556 9
147 331 6
250 331 13
332 407 11
303 332 10
266 332 9
196 332 8
66 332 11
333 746 13
253 333 7
333 725 8
301 333 12
229 333 11
334 590 8
59 334 11
214 334 9
335 590 10
25 335 6
335 450 11
280 335 9
335 508 7
67 336 8
336 537 9
54 336 10
336 435 9
58 336 9
299 336 9
38 337 10
76 337 12
337 683 11
337 742 9
337 689 7
225 338 11
338 363 9
6 338 10
338 415 14
338 581 13
139 339 9
299 339 10
300 339 13
153 339 11
339 354 12
130 339 13
47 340 12
340 661 9
266 340 7
340 682 12
340 656 11
183 340 14
93 341 14
341 487 13
39 341 8
38 341 9
341 572 9
238 342 9
342 736 10
242 342 12
253 342 14
342 707 9
343 725 12
223 343 9
343 644 10
228 343 10
174 343 10
199 343 9
153 344 13
261 344 11
339 344 10
344 587 13
344 368 10
75 344 11
181 345 7
251 345 11
202 345 10
5 345 8
345 648 12
189 346 8
346 615 14
296 346 8
347 352 11
152 347 10
347 396 10
347 479 11
339 348 11
348 655 8
71 348 7
75 348 9
348 503 13
348 365 14
349 544 9
164 349 12
349 354 7
261 350 7
350 445 11
350 354 10
350 738 13
350 602 11
351 726 13
351 618 15
351 400 9
138 351 12
351 610 7
290 352 12
352 707 9
352 386 8
352 639 11
87 353 11
329 353 10
254 353 12
353 433 10
353 537 11
353 457 11
53 354 9
354 609 11
118 354 9
354 390 10
354 640 10
354 395 10
355 442 10
163 355 13
355 628 9
355 567 9
65 355 11
95 355 12
356 536 6
356 570 12
356 706 9
356 580 9
249 356 11
158 357 13
357 466 8
42 357 8
358 636 9
358 711 13
358 394 12
358 736 9
321 358 7
359 669 11
174 359 13
359 654 6
359 672 9
39 360 11
360 533 8
349 360 7
360 386 10
361 493 9
281 361 12
193 361 9
105 362 6
348 362 10
13 362 9
362 628 7
362 541 8
363 428 10
178 363 12
60 363 11
179 363 9
55 363 10
363 587 8
267 364 12
181 364 14
364 719 12
364 376 10
365 381 9
300 365 6
59 365 8
365 434 13
365 510 11
366 524 8
199 366 11
366 411 12
169 366 9
207 366 10
366 603 13
367 373 7
367 475 9
73 367 8
367 729 11
368 442 10
368 725 11
368 691 10
297 368 9
368 612 10
275 368 6
231 369 14
369 630 12
369 678 13
31 369 10
83 369 11
369 651 6
370 540 10
370 554 11
370 644 7
370 571 12
370 465 14
370 664 11
40 371 10
164 371 12
371 717 9
259 371 10
153 371 15
341 372 9
372 440 11
358 372 10
372 616 11
372 485 11
373 463 10
154 373 13
373 418 13
103 373 11
374 427 11
374 614 13
374 457 11
374 547 13
374 637 14
70 375 12
227 375 11
327 375 8
375 461 12
375 673 14
240 375 13
351 375 10
376 460 12
208 376 11
99 376 9
243 376 12
196 376 11
377 651 9
377 571 9
377 668 11
377 628 10
250 377 11
176 377 11
274 378 11
60 378 12
378 710 8
378 388 9
379 422 7
329 379 10
315 379 11
272 379 11
379 433 7
41 380 9
228 380 6
380 744 12
380 662 11
380 580 12
273 380 8
381 515 9
344 381 10
381 643 8
381 512 8
278 381 12
382 519 11
346 382 10
382 501 11
298 382 12
382 640 7
371 383 9
353 383 11
383 614 11
383 520 14
383 455 9
384 715 9
162 384 11
263 384 13
384 485 9
384 527 8
300 384 10
253 384 10
385 557 12
199 385 12
59 385 11
269 385 11
200 386 11
85 386 11
198 386 12
386 526 13
387 591 8
310 387 13
387 628 9
155 387 11
388 485 6
339 388 16
116 388 8
388 590 10
157 388 8
388 594 13
389 569 12
389 459 11
155 389 11
389 506 9
15 389 13
390 553 7
390 708 12
128 390 11
390 509 9
292 390 11
329 390 10
391 636 10
391 631 8
287 391 13
391 433 13
391 669 10
149 391 11
391 734 7
299 392 10
392 428 9
95 392 8
392 742 10
284 393 11
115 393 12
106 393 12
250 393 11
393 595 9
394 671 10
343 394 8
394 576 9
193 394 10
50 394 8
87 395 14
395 747 11
256 395 12
395 453 11
395 699 10
237 396 14
301 396 10
396 705 9
396 494 8
396 624 10
396 554 10
169 396 11
192 397 10
397 552 10
376 397 11
397 635 11
397 651 15
294 398 9
377 398 9
389 398 11
264 398 12
306 398 10
200 399 11
399 632 9
327 399 9
400 640 11
400 455 7
80 400 11
280 400 14
268 400 10
400 582 10
113 401 9
401 678 12
289 401 11
401 510 11
294 401 12
45 401 10
395 402 10
402 431 14
356 402 9
129 402 8
123 402 13
402 413 10
403 421 13
243 403 11
403 546 15
150 403 12
403 462 6
380 404 11
103 404 6
354 404 10
404 558 9
404 470 9
404 444 11
405 481 13
27 405 11
316 405 10
405 476 9
405 686 15
405 707 8
238 406 10
406 462 9
128 406 10
407 579 9
315 407 14
407 503 10
407 608 9
408 417 11
283 408 10
271 408 11
408 606 8
408 668 6
392 408 11
234 409 5
409 678 10
409 554 12
409 582 11
127 410 9
330 410 10
410 487 9
410 460 11
410 413 9
411 705 10
160 411 13
411 640 10
411 507 10
261 412 10
412 652 7
366 412 7
412 447 14
262 412 10
412 450 12
144 413 14
126 413 11
380 413 11
413 436 10
370 413 12
133 413 8
414 515 12
65 414 9
411 414 7
388 414 11
414 701 11
47 415 10
38 415 12
65 415 15
217 415 8
415 706 12
250 416 15
416 699 12
416 683 13
394 416 11
416 647 11
417 441 14
417 434 9
409 417 10
186 417 10
45 417 11
263 418 10
214 418 12
418 632 9
418 567 7
131 418 9
37 419 12
208 419 10
419 666 8
419 572 9
122 420 11
67 420 12
78 420 12
420 562 10
343 420 10
47 421 10
102 421 15
421 656 11
421 579 9
421 620 10
422 567 14
422 743 11
103 422 8
346 422 14
423 480 11
272 423 10
234 423 10
423 741 11
304 423 10
423 668 12
423 704 12
424 450 12
126 424 9
39 424 11
226 424 8
422 424 8
384 424 12
425 506 11
159 425 9
425 538 8
126 425 11
425 591 11
311 426 11
426 527 9
39 426 8
205 426 15
427 593 8
427 464 13
427 473 13
427 518 10
427 682 11
287 428 9
206 428 11
429 446 11
429 545 11
137 429 11
429 495 11
169 429 9
430 521 13
430 666 14
200 430 11
430 452 11
431 466 11
312 431 9
170 431 10
349 431 12
48 431 12
432 710 10
432 594 9
432 709 10
421 433 10
433 470 13
172 433 10
259 433 11
214 433 15
434 475 11
188 434 10
434 586 10
434 472 12
363 435 11
435 670 11
435 533 9
380 435 9
42 435 10
436 581 11
170 436 11
218 436 12
355 436 14
436 574 13
437 714 8
166 437 9
396 437 13
159 437 13
8 437 10
236 438 12
234 438 11
438 560 11
438 595 9
439 746 10
439 638 10
364 439 10
439 553 8
12 440 10
406 440 10
401 440 10
329 440 10
441 694 17
441 557 10
274 441 11
441 713 10
442 586 12
442 461 12
156 442 7
442 539 9
340 442 12
443 725 8
443 487 5
443 562 8
443 506 11
429 444 10
444 553 12
444 527 13
169 444 10
444 569 11
112 444 11
232 444 10
445 453 13
181 445 11
445 616 11
345 445 9
81 446 10
446 613 10
446 685 8
446 546 14
446 543 12
331 446 11
446 526 11
447 609 11
105 447 12
115 447 11
66 447 13
210 447 11
447 699 10
391 448 8
448 561 9
243 448 8
448 627 12
327 448 13
169 449 10
211 449 8
195 449 12
336 449 10
168 449 11
449 663 10
129 450 10
283 450 12
64 450 11
168 450 12
450 452 9
241 451 7
153 451 12
352 451 11
451 579 12
91 451 8
6 451 11
59 452 12
452 685 12
452 675 12
182 452 6
314 452 13
452 735 11
321 453 9
313 453 12
126 453 11
453 583 10
454 514 11
353 454 10
454 528 12
454 723 9
354 454 12
64 455 13
455 709 11
455 735 8
403 455 10
455 493 8
456 492 8
23 456 11
104 456 11
22 456 10
160 456 12
456 647 8
46 457 11
457 698 9
457 719 10
458 580 10
75 458 9
288 458 9
458 495 13
310 458 10
384 459 11
94 459 11
459 511 18
302 459 7
459 554 10
317 459 8
442 459 13
91 460 14
436 460 7
314 460 13
460 594 11
238 460 12
230 461 8
461 572 7
394 461 10
100 461 7
429 461 10
262 461 10
26 461 10
462 749 10
265 462 14
462 611 7
145 462 6
462 654 10
462 581 9
463 520 12
463 627 10
193 463 10
127 463 7
357 463 13
85 464 13
464 742 13
230 464 9
464 542 11
342 464 11
121 465 7
465 477 9
309 465 11
465 466 11
465 515 11
117 466 10
164 466 13
466 618 11
467 659 12
92 467 11
467 536 10
467 522 8
371 467 9
57 468 12
43 468 10
353 468 14
468 563 16
469 741 12
129 469 10
374 469 12
469 515 9
327 469 11
470 737 10
470 650 5
470 682 9
133 470 6
470 479 11
471 557 8
192 471 12
227 471 10
471 726 11
472 564 8
472 677 9
472 596 12
9 472 10
336 472 10
123 473 10
439 473 10
231 473 9
301 473 10
473 746 12
380 474 8
114 474 10
45 474 9
411 474 10
474 625 8
364 475 12
475 515 11
160 475 12
84 475 8
476 540 6
447 476 11
476 592 12
476 638 15
228 476 10
50 476 12
176 477 9
477 570 11
318 477 13
477 597 12
477 531 11
354 478 8
61 478 9
475 478 11
77 478 13
112 479 10
263 479 10
479 609 11
215 479 9
479 579 10
316 479 12
168 479 11
166 480 14
152 480 9
480 593 7
179 480 9
480 548 13
236 480 11
480 626 13
53 481 7
421 481 10
481 586 11
388 482 10
247 482 11
398 482 10
194 482 11
483 719 10
442 483 12
483 721 13
454 483 11
409 483 12
483 668 10
484 596 10
484 677 12
91 484 11
484 549 11
93 484 11
375 485 12
485 514 12
416 485 8
133 485 11
173 485 11
486 525 12
290 486 11
405 486 7
216 486 10
257 486 9
23 487 8
487 743 8
47 487 12
487 498 14
462 487 12
487 612 14
488 668 11
334 488 13
102 488 12
488 560 12
399 488 10
390 489 12
489 746 13
489 582 8
46 489 13
274 490 8
490 738 8
280 490 11
469 490 10
102 491 11
325 491 6
197 491 11
425 491 12
492 626 14
492 676 11
492 553 14
397 492 14
15 492 8
390 492 8
493 707 11
493 562 14
51 493 15
493 542 9
488 493 11
282 493 10
494 729 11
494 630 9
173 494 14
473 494 7
191 494 10
472 494 11
4 495 11
359 495 9
325 495 9
157 495 11
496 501 11
320 496 13
496 591 12
496 664 12
449 496 13
347 497 12
391 497 11
497 606 7
108 497 12
498 683 8
132 498 9
449 498 14
397 498 10
426 498 9
498 648 10
499 739 14
499 579 13
291 499 10
71 499 8
341 499 9
306 500 9
94 500 10
500 539 13
123 500 11
276 501 11
501 725 9
306 501 10
289 501 12
501 508 10
139 502 11
418 502 9
236 502 11
64 502 13
502 638 13
343 503 11
24 503 12
503 541 13
503 685 10
503 703 9
253 504 13
215 504 9
290 504 7
505 539 10
505 709 9
505 514 9
320 505 12
272 505 10
279 506 7
294 506 9
310 506 12
68 506 10
506 659 11
342 507 12
385 507 6
344 507 11
178 507 9
143 507 12
497 508 10
489 508 12
433 508 12
0 508 8
202 509 12
448 509 8
119 509 9
510 665 9
510 695 11
59 510 7
510 550 11
132 511 8
392 511 11
511 594 13
92 511 9
152 511 11
512 697 8
88 512 7
261 512 10
513 657 9
130 513 10
72 513 11
513 538 10
149 513 13
212 514 10
514 563 12
291 514 9
514 579 11
136 514 7
514 669 13
15 515 12
114 515 12
502 515 9
205 515 11
266 516 11
516 533 13
516 544 13
248 516 11
472 516 10
143 516 10
106 517 11
72 517 11
288 517 10
247 517 13
517 709 7
34 518 8
293 518 12
166 518 9
12 518 10
412 518 11
23 518 10
65 519 14
180 519 11
162 519 9
346 519 11
50 519 16
348 519 12
360 520 11
520 602 11
447 520 9
44 520 10
520 686 9
349 521 11
460 521 11
521 598 9
347 521 14
521 531 12
521 645 10
202 522 10
140 522 12
408 522 13
345 522 11
508 523 9
324 523 8
188 523 14
523 745 10
8 523 11
33 523 11
523 713 12
523 722 11
524 706 8
470 524 12
524 554 11
524 628 13
525 629 15
4 525 13
322 525 11
242 525 13
525 574 13
131 526 12
526 608 9
15 526 14
91 526 11
351 526 12
344 527 8
527 639 13
46 527 7
527 732 8
527 741 11
509 527 7
528 573 9
86 528 10
416 528 12
395 528 10
57 528 11
96 528 16
529 553 11
15 529 11
108 529 11
529 736 12
529 561 10
86 530 10
530 555 13
530 578 7
530 638 10
530 735 9
106 531 10
483 531 13
447 531 9
144 531 10
497 531 10
99 532 11
444 532 6
79 532 9
532 654 11
533 633 11
56 533 13
325 533 10
533 735 9
267 533 11
475 533 10
14 534 10
197 534 10
311 534 11
507 534 8
534 580 12
118 535 12
192 535 11
443 535 12
6 535 10
238 535 11
242 535 11
427 536 11
536 681 12
199 536 10
536 708 10
97 536 9
52 536 10
308 536 12
30 537 11
537 746 11
185 537 10
113 537 10
169 537 9
143 537 8
135 538 9
538 642 13
206 538 15
177 538 8
96 538 11
129 539 15
284 539 9
61 539 13
128 539 13
260 540 10
118 540 10
80 540 12
540 647 11
456 540 8
263 541 13
541 606 14
57 541 11
442 541 10
441 541 8
541 712 11
58 541 7
153 542 12
95 542 11
368 542 9
393 542 12
227 542 7
19 543 16
176 543 10
543 669 9
543 576 10
543 735 15
124 543 8
464 544 9
408 544 11
24 544 10
52 544 6
13 544 10
544 665 10
161 545 9
148 545 6
545 555 10
0 546 12
3 546 9
221 546 12
546 691 13
172 546 12
546 643 13
546 572 12
433 547 10
547 615 12
547 743 6
213 547 10
547 575 8
548 684 13
548 722 7
548 617 7
548 696 10
548 631 11
549 627 12
296 549 11
549 675 10
211 550 5
542 550 12
337 550 13
323 550 10
128 551 13
551 561 11
192 551 11
192 552 11
337 552 12
259 552 8
552 688 8
552 586 13
105 552 9
166 552 11
239 553 9
516 553 12
15 553 7
553 657 16
121 553 7
130 554 13
453 554 11
132 554 10
554 634 12
427 554 10
264 555 15
300 555 13
17 555 12
555 649 9
217 556 11
299 556 9
556 744 11
556 672 10
556 708 12
326 556 9
157 557 11
15 557 11
274 557 12
209 557 12
557 645 12
400 557 11
136 557 11
286 558 8
347 558 10
429 558 14
322 558 11
407 558 12
252 559 13
559 579 9
248 559 9
438 559 13
539 560 14
560 706 10
6 560 8
277 560 9
560 645 8
560 646 12
514 561 14
402 561 10
561 580 12
59 561 11
561 685 7
147 562 13
561 562 11
502 562 13
562 652 12
482 562 9
166 562 10
90 563 9
9 563 11
563 608 9
465 563 13
479 563 11
73 563 8
410 564 11
70 564 10
482 564 12
564 730 11
564 614 10
380 564 10
23 565 11
565 641 13
545 565 10
339 565 5
291 566 11
266 566 8
566 685 17
42 566 14
549 566 14
494 567 12
520 567 12
89 567 11
479 567 14
156 567 10
376 568 12
568 617 7
492 568 14
568 716 11
551 569 11
167 569 11
150 569 11
395 569 14
412 569 12
569 570 15
284 570 9
380 570 11
483 570 13
344 570 12
543 570 11
12 571 11
511 571 12
409 571 8
149 571 11
571 716 11
261 571 7
572 681 10
572 715 10
522 572 9
232 572 12
549 572 13
572 724 12
572 637 13
79 572 11
488 573 10
466 573 11
75 573 10
29 573 12
393 573 8
573 670 9
38 574 7
357 574 12
330 574 12
574 614 12
141 575 11
236 575 8
573 575 10
302 575 11
9 575 11
105 576 10
203 576 9
113 576 12
320 576 9
42 577 11
291 577 6
405 577 9
204 577 9
219 577 11
522 578 10
192 578 7
578 656 8
578 711 9
445 578 9
495 579 8
477 579 12
10 579 9
579 580 8
239 580 7
411 580 13
525 580 9
533 580 9
54 580 10
261 581 13
149 581 12
268 581 12
173 581 9
3 581 12
581 659 11
224 582 13
96 582 10
227 582 8
234 582 9
167 582 12
458 582 8
228 582 11
240 582 10
267 583 9
250 583 11
133 583 11
583 603 11
217 584 13
210 584 12
584 589 9
584 645 9
584 666 11
202 585 12
275 585 10
330 585 15
47 585 8
113 585 5
125 585 14
455 585 10
586 597 11
74 586 13
441 586 12
586 703 13
586 678 9
568 587 10
307 587 15
472 588 9
2 588 10
238 588 15
86 588 13
588 694 12
518 589 12
278 589 13
258 589 9
559 589 6
589 714 11
517 590 11
20 590 7
116 590 9
590 693 13
249 590 10
590 686 11
441 591 11
591 642 9
398 591 14
265 591 12
162 591 8
318 592 5
577 592 10
167 592 10
500 592 13
39 593 8
283 593 10
420 593 9
116 593 8
207 593 8
313 593 13
89 594 10
481 594 11
402 594 14
255 594 11
209 595 12
515 595 9
475 595 11
327 595 8
573 595 12
595 628 14
329 596 13
562 596 8
101 596 11
589 596 10
440 596 9
85 596 10
293 597 9
82 597 7
585 597 9
367 597 7
545 597 15
50 598 14
598 684 11
316 598 7
591 598 12
599 667 7
149 599 9
159 599 10
575 599 12
530 599 11
347 599 11
266 600 12
370 600 12
535 600 11
394 600 9
600 734 11
223 601 8
518 601 10
601 717 11
295 601 10
601 666 12
142 602 11
347 602 13
322 602 11
288 602 13
359 602 13
603 703 13
22 603 11
603 718 7
603 633 13
78 603 9
604 663 9
604 685 7
543 604 12
604 707 9
484 605 10
356 605 10
97 606 10
209 606 10
595 606 10
532 606 14
606 684 10
234 607 10
441 607 10
467 607 10
80 607 7
201 607 12
336 608 10
31 608 12
608 643 10
608 703 10
310 609 10
561 609 9
477 609 9
106 609 9
24 609 11
321 609 12
256 610 11
558 610 11
522 610 8
75 610 9
159 611 13
323 611 14
611 721 11
6 611 12
39 611 11
525 611 10
66 612 12
506 612 9
612 709 9
437 612 13
612 720 11
612 711 7
96 613 11
613 681 9
397 613 13
481 613 12
202 614 9
186 614 10
226 614 12
417 614 8
209 614 10
615 630 9
607 615 6
258 615 12
316 616 12
242 616 9
285 616 15
616 733 9
96 616 6
244 616 12
617 640 14
235 617 12
284 617 11
351 617 9
618 733 6
342 618 14
341 618 9
540 618 7
59 619 12
548 619 11
576 619 8
233 619 11
523 619 11
275 619 12
351 620 10
273 620 10
561 620 12
620 659 12
620 652 9
621 652 8
621 691 12
284 621 8
576 622 16
61 622 12
364 622 15
189 622 12
281 623 10
623 668 11
1 623 11
623 669 9
442 623 12
604 624 10
130 624 12
572 624 11
191 624 5
589 624 14
524 624 10
381 625 13
562 625 11
223 625 11
463 626 12
432 626 11
478 626 12
450 626 9
533 626 14
69 627 11
65 627 13
444 627 10
194 627 9
570 627 9
68 628 12
449 628 11
628 658 10
112 628 11
113 629 11
531 629 11
629 668 11
86 629 10
249 629 12
600 629 11
287 629 11
221 630 12
62 630 11
320 630 11
189 630 13
9 630 11
630 659 9
544 631 12
631 639 13
551 631 9
391 632 10
632 737 12
631 632 9
209 632 12
633 711 9
349 633 10
342 633 10
27 633 12
365 634 8
615 634 13
634 742 10
444 634 11
211 634 10
410 635 8
84 635 11
58 635 10
635 655 12
306 635 11
636 713 11
636 656 15
190 636 10
251 636 9
52 636 9
317 636 10
385 637 10
173 637 9
283 637 9
273 638 10
562 638 12
341 638 14
138 638 13
638 639 8
431 638 10
90 639 10
639 669 8
639 687 11
126 639 13
322 639 12
377 640 11
226 640 9
491 640 10
426 640 8
640 666 11
641 731 7
357 641 9
462 641 9
317 641 8
127 641 10
615 642 15
239 642 9
10 642 9
53 642 11
208 643 10
643 709 11
642 643 11
40 644 11
52 644 9
568 644 10
496 644 7
16 644 8
551 645 8
607 645 10
358 645 12
276 646 7
176 646 6
501 646 9
622 646 12
552 647 12
539 647 9
437 647 13
301 648 11
240 648 13
50 648 13
302 648 8
65 648 9
633 649 12
453 649 11
128 649 8
377 649 9
335 649 10
622 650 9
435 650 10
434 650 10
43 650 12
299 650 10
380 651 6
611 651 10
177 651 10
368 651 12
639 651 11
188 652 8
572 652 11
454 652 8
652 724 11
585 652 10
241 652 12
69 652 11
619 653 11
112 653 10
653 732 11
653 724 15
653 740 12
124 653 8
654 661 10
97 654 10
514 654 9
239 654 11
96 654 10
303 655 9
459 655 12
329 655 9
365 655 5
655 683 13
207 655 9
488 655 11
39 656 8
233 656 6
656 730 14
656 660 8
178 656 10
249 657 12
295 657 10
128 657 9
147 657 13
641 658 10
126 658 10
366 658 9
595 658 11
370 659 11
659 686 8
209 659 10
104 659 9
659 736 12
46 659 9
495 659 11
642 660 11
233 660 9
122 660 7
591 660 11
313 660 8
241 661 9
53 661 11
543 661 12
2 661 12
510 661 13
72 662 12
219 662 10
188 662 8
645 662 8
121 662 13
291 662 14
616 662 9
220 663 10
650 663 10
639 663 7
474 663 11
0 663 10
231 663 10
87 664 10
156 664 9
600 664 13
303 664 11
328 664 11
364 665 8
505 665 9
84 665 11
244 665 11
354 665 11
665 701 10
436 666 10
666 668 7
345 666 12
323 666 13
666 727 14
390 667 10
667 742 14
180 667 11
667 702 6
317 667 12
611 668 9
232 668 13
479 668 6
552 668 11
545 669 9
424 669 13
360 669 8
298 669 10
335 669 12
373 669 11
548 670 12
24 670 10
670 688 12
93 670 12
506 670 12
0 670 8
277 670 8
556 671 11
88 671 10
426 671 10
647 671 10
317 671 11
255 671 13
251 672 13
205 672 10
491 672 11
672 682 14
68 672 8
26 673 11
619 673 12
298 673 11
673 700 13
318 673 10
445 674 12
472 674 13
674 742 10
467 674 9
474 674 11
447 675 10
101 675 8
489 675 11
236 675 9
556 675 10
675 703 14
133 676 10
567 676 11
219 676 11
630 676 12
338 676 9
627 676 8
677 707 8
145 677 10
152 677 10
486 677 9
179 677 8
563 678 11
231 678 10
286 678 12
249 678 11
444 678 13
350 679 11
679 739 10
543 679 9
603 679 8
215 680 11
548 680 11
331 680 8
87 680 14
163 680 11
680 683 12
681 723 10
177 681 12
548 681 15
58 681 10
400 681 11
552 682 10
573 682 12
372 682 11
585 682 12
98 682 12
616 682 13
196 683 8
451 683 12
674 683 9
490 683 15
164 683 10
448 684 12
118 684 10
393 684 9
412 684 11
29 684 12
113 684 10
548 685 10
483 685 9
214 685 13
247 685 11
620 685 10
17 686 12
686 740 7
451 686 13
569 686 12
296 687 9
379 687 7
89 687 14
317 687 11
682 687 12
209 688 11
228 688 9
51 688 9
462 688 11
103 688 12
511 688 10
112 689 7
108 689 10
436 689 10
93 689 11
105 689 10
690 747 10
38 690 10
666 690 11
96 690 11
478 690 13
690 725 10
691 720 10
305 691 7
63 691 13
307 691 10
551 691 10
209 692 13
229 692 9
513 692 9
372 692 10
625 692 12
610 692 11
693 694 5
514 693 11
296 693 9
607 693 11
21 693 13
370 694 12
694 728 8
269 694 9
472 694 10
13 694 10
480 695 10
304 695 11
627 695 12
203 695 13
695 743 14
113 696 12
200 696 11
330 696 11
497 696 13
70 697 11
426 697 10
474 697 13
498 697 14
635 697 11
410 698 14
472 698 13
86 698 12
649 698 11
364 698 14
102 699 7
105 699 12
273 699 10
642 699 8
507 699 10
100 700 11
345 700 9
662 700 8
27 700 11
449 701 8
430 701 11
448 701 9
702 707 11
576 702 12
485 702 12
567 702 13
487 702 9
5 702 10
87 703 7
262 703 13
474 703 9
273 703 9
136 703 11
90 704 13
15 704 12
35 704 10
488 704 9
5 704 11
130 705 6
421 705 12
597 705 10
19 705 8
443 706 15
475 706 11
636 706 10
18 706 8
277 706 13
134 706 9
38 707 12
542 707 14
379 707 10
360 707 9
473 707 10
39 708 12
630 708 11
650 708 14
332 708 7
47 708 12
248 709 12
591 709 11
687 709 7
106 709 7
433 710 6
499 710 7
710 741 14
179 710 10
710 715 7
59 710 11
378 711 9
636 711 7
251 711 14
215 712 9
201 712 14
16 712 11
644 712 9
530 712 9
138 713 11
212 713 10
188 713 7
57 713 12
628 714 7
411 714 10
2 714 9
196 715 12
699 715 7
235 715 9
197 715 12
216 715 9
15 715 12
12 716 11
333 716 10
107 716 10
40 716 8
357 716 6
244 716 13
370 716 11
699 716 11
649 717 6
565 717 11
18 717 11
402 717 10
468 717 11
667 717 14
234 718 13
306 718 11
612 718 9
718 733 6
254 719 13
231 719 13
344 719 13
182 719 10
465 719 12
87 720 12
702 720 8
305 720 11
445 720 10
551 721 10
216 721 11
118 721 13
228 722 8
457 722 12
576 722 13
643 722 10
674 722 13
14 723 11
561 723 9
285 723 14
124 723 11
362 723 10
542 723 8
386 724 9
678 724 10
720 724 8
426 724 12
489 724 13
672 724 11
53 725 15
595 725 11
524 725 8
659 725 11
5 725 8
9 725 11
716 725 9
384 726 8
656 726 8
395 726 10
501 726 11
391 727 9
348 727 9
689 727 10
603 727 6
449 728 12
728 737 8
119 728 14
19 728 9
26 729 13
418 729 12
377 729 12
276 729 12
402 730 11
546 730 13
20 730 10
55 730 12
123 730 13
370 731 10
166 731 10
140 731 13
731 746 11
109 731 12
13 731 13
532 732 9
651 732 10
344 732 11
467 732 8
400 733 9
487 733 11
461 733 10
159 733 8
335 734 13
147 734 9
598 734 12
14 734 12
544 734 8
389 734 8
268 734 12
218 735 9
575 735 10
484 735 10
508 735 11
251 735 5
172 736 11
634 736 13
649 736 11
605 736 12
110 737 9
48 737 8
404 737 8
15 737 9
575 737 12
479 737 10
187 738 10
407 738 12
13 738 8
573 738 12
326 739 11
483 739 13
380 739 12
644 739 9
709 739 11
66 739 8
323 739 8
588 740 12
460 740 13
522 740 13
484 740 7
180 740 7
146 741 10
203 741 12
159 741 11
730 741 10
140 741 10
132 742 8
180 742 13
532 742 9
298 742 8
580 742 14
405 742 11
366 743 9
652 743 9
480 743 14
478 743 11
554 744 9
249 744 9
346 744 10
668 744 10
205 744 8
34 745 10
580 745 8
65 745 11
218 745 12
685 746 12
614 746 10
179 746 9
185 746 10
20 746 13
29 746 13
403 747 8
346 747 10
310 747 11
176 747 13
86 747 9
476 748 11
352 748 10
422 748 10
491 748 12
475 748 10
292 749 10
572 749 12
165 749 13
69 749 12
