750
0
9
6
4
3
3
10
6
1
9
4
6
9
1
8
7
9
4
8
2
8
9
8
9
9
10
8
10
5
1
5
10
10
2
5
5
8
3
9
3
6
9
9
3
10
3
9
2
9
4
8
2
7
2
10
5
10
7
4
4
2
9
9
9
3
7
8
7
3
4
2
7
6
4
4
9
9
4
3
8
10
9
9
5
8
8
7
6
4
4
8
3
6
3
4
2
9
5
3
9
7
1
8
7
8
1
9
3
5
6
6
5
3
7
1
1
10
3
2
3
2
9
1
6
1
6
3
3
4
5
5
6
8
2
4
1
10
7
2
7
10
5
9
6
8
9
4
4
3
2
4
7
5
9
9
5
10
5
8
10
3
9
8
7
6
8
10
3
6
2
4
6
5
6
4
9
6
5
6
3
9
5
3
2
6
5
4
7
6
5
2
1
3
8
5
4
6
9
6
9
6
6
1
3
1
3
8
4
5
5
8
7
8
6
2
5
4
2
9
2
8
5
9
6
3
3
2
9
2
9
6
5
8
6
6
2
4
6
10
5
9
4
9
6
7
2
6
7
5
6
6
9
6
5
6
6
4
3
3
9
5
7
3
7
7
7
1
4
10
7
5
8
9
5
7
2
1
7
10
2
4
6
8
6
6
10
1
5
9
3
2
7
1
6
10
8
6
7
5
8
9
4
3
3
2
6
7
5
6
6
9
6
6
5
10
6
3
2
6
9
6
2
2
3
4
9
9
7
2
6
6
9
9
8
10
5
4
3
4
6
5
6
3
9
3
4
8
9
7
3
5
6
8
5
2
2
10
3
4
7
7
6
2
1
8
3
7
6
5
10
5
3
2
3
5
7
8
10
5
10
1
2
2
1
8
3
9
6
6
4
6
5
10
4
5
7
2
5
7
7
3
9
7
7
2
7
7
5
7
1
7
8
9
5
8
5
5
3
6
5
9
3
9
2
3
9
8
5
9
5
10
5
5
5
8
3
7
9
10
8
6
8
3
4
2
8
3
8
2
6
8
3
4
8
1
4
2
5
3
9
1
7
6
5
5
2
5
5
7
2
8
8
7
7
2
2
7
8
4
10
2
4
8
9
7
3
6
6
4
7
4
10
8
9
2
10
9
5
4
6
8
9
5
7
7
3
6
9
6
5
2
2
8
3
9
2
4
4
6
8
4
6
2
10
8
3
9
7
8
3
3
8
5
6
1
6
8
3
3
6
7
3
6
6
6
2
10
8
5
7
3
7
7
7
8
6
4
10
9
7
6
4
3
3
6
2
9
9
6
2
2
8
10
2
4
5
1
5
8
5
4
6
6
8
1
8
5
3
7
2
1
6
6
8
3
6
6
2
6
4
6
7
9
10
7
1
2
6
2
9
5
6
8
6
4
5
5
3
6
4
3
1
9
9
7
7
7
9
5
4
8
2
3
9
3
2
1
8
8
3
1
7
9
8
7
9
5
6
6
2
2
4
10
8
4
3
7
1
6
2
6
9
4
4
9
1
4
8
10
3
9
6
1
3
2
3
5
3
7
4
3
1
4
3
5
2
2
5
6
5
8
9
2
9
5
7
3
7
6
5
7
8
5
5
5
8
3
9
4
8
7
4
3
9
4
8
5
5
10
8
3
2
7
5
6
2
9
9
5
5
1
6
5
10
6
4
4
1
5
3
2
9
9
1
3
3
2
6
6
9
0 319 11
0 228 13
0 378 9
0 91 9
0 216 12
0 220 9
0 652 9
0 666 8
0 646 14
0 267 11
0 519 11
1 323 7
1 156 11
1 85 16
1 87 10
1 439 10
1 28 11
1 396 10
1 667 12
1 611 9
1 54 6
1 489 9
2 419 11
2 230 10
2 713 11
2 305 8
2 407 13
2 108 13
2 131 8
2 646 13
2 562 11
2 73 10
1 2 11
2 741 11
3 177 10
3 629 10
3 653 12
3 233 12
3 33 10
3 530 12
3 727 12
3 410 9
3 630 10
4 609 9
4 45 10
4 689 11
4 389 8
4 380 10
4 275 7
4 209 8
4 537 12
4 513 6
5 362 8
5 511 12
5 56 10
5 616 9
5 260 8
5 168 11
5 322 11
5 297 9
5 397 8
5 89 10
6 510 13
6 180 11
6 599 7
6 697 13
6 113 12
6 17 14
6 442 9
6 49 15
6 201 12
7 310 13
7 265 12
7 419 9
7 641 9
7 613 10
6 7 10
7 716 10
7 68 9
7 80 11
7 729 11
7 512 9
8 660 10
8 546 11
8 357 10
8 472 12
8 486 11
8 148 10
8 288 9
8 54 11
8 567 12
8 454 9
9 316 9
9 235 10
9 616 7
9 367 10
9 294 11
9 55 8
9 350 11
5 9 12
9 715 10
10 205 11
10 214 14
10 501 10
10 423 10
10 508 11
10 347 11
10 570 12
10 703 10
10 604 11
10 364 12
11 92 12
11 467 12
11 699 11
11 240 10
11 227 8
11 422 11
11 654 10
11 704 11
11 466 9
11 369 10
11 403 8
12 705 9
12 393 11
12 527 11
12 102 8
12 223 10
12 190 9
12 392 9
12 31 13
12 730 12
13 542 9
13 742 13
13 36 7
13 420 9
13 295 12
13 117 11
13 177 12
13 38 10
13 734 9
6 13 9
14 739 8
14 563 10
14 640 9
14 616 7
14 175 12
14 134 6
14 515 10
14 280 13
14 275 9
14 415 9
14 96 11
15 557 8
15 419 10
15 656 7
15 220 13
15 602 10
15 500 11
15 390 10
15 263 10
15 271 8
15 417 12
15 471 12
15 479 8
15 58 10
16 85 11
9 16 12
16 176 6
16 60 12
16 522 10
16 431 10
16 429 12
16 119 12
16 43 9
16 287 12
16 500 11
17 666 10
17 277 10
17 702 10
17 210 10
17 627 12
17 273 13
17 146 9
17 419 9
17 668 7
4 17 9
17 533 10
18 267 11
18 138 8
18 365 12
18 296 9
18 580 10
18 647 12
18 357 11
18 627 10
18 20 13
18 353 10
18 355 9
19 250 9
19 552 7
19 657 9
19 316 13
19 68 12
19 687 9
19 557 13
19 120 12
19 473 13
19 461 8
20 209 11
20 241 10
20 431 11
20 210 14
20 119 7
20 91 11
20 632 10
20 619 10
20 137 12
21 690 10
21 356 10
21 421 11
21 471 9
21 140 7
1 21 10
21 531 9
21 473 10
21 71 10
21 634 13
21 658 9
22 324 13
22 581 13
22 495 14
22 567 10
22 27 11
22 257 11
22 718 12
22 271 14
22 443 11
23 577 9
23 144 10
23 338 7
23 363 14
23 509 17
23 85 13
23 520 11
23 309 12
23 147 10
23 710 10
23 143 10
24 80 9
24 354 11
24 735 12
24 291 11
24 59 11
24 450 8
24 362 6
24 570 8
24 624 9
24 659 7
24 366 9
1 25 12
25 471 9
25 391 9
25 134 12
25 579 10
25 637 14
25 91 13
25 445 13
25 526 7
26 446 9
26 190 14
26 704 12
26 664 9
26 311 9
26 653 10
26 286 10
26 159 11
26 95 9
26 514 5
27 167 11
27 512 10
27 520 10
27 358 12
27 301 11
27 193 9
27 528 12
27 671 9
27 54 12
27 653 11
27 113 12
27 399 9
28 429 10
28 323 9
28 296 10
28 145 9
28 477 12
28 87 12
28 189 12
28 85 11
28 89 10
28 367 14
28 138 10
29 417 11
29 360 8
29 201 9
29 348 9
29 196 10
29 329 10
29 367 11
29 305 11
29 94 7
29 146 9
30 472 11
30 458 9
30 81 10
30 118 11
30 301 10
30 714 11
30 277 11
23 30 9
30 726 10
30 141 11
31 300 9
31 304 14
31 424 11
31 521 15
31 261 11
31 681 12
31 291 8
31 79 11
20 31 13
24 31 12
32 73 12
32 130 13
32 522 12
32 396 11
6 32 11
32 442 12
32 242 12
32 169 9
32 82 9
32 446 11
32 539 14
33 357 12
33 583 9
33 405 12
33 620 13
33 285 14
33 373 8
33 655 11
33 473 13
33 341 8
33 375 14
33 208 10
34 522 10
34 357 12
34 62 11
34 220 8
34 116 10
34 608 11
34 167 11
34 607 11
34 737 9
34 646 12
34 475 10
35 702 7
35 412 9
35 315 13
35 117 11
35 747 8
35 696 10
35 542 9
35 548 11
35 690 12
35 253 11
35 394 10
36 349 12
36 586 11
36 112 8
36 562 8
36 321 10
36 133 9
36 374 7
36 432 15
36 448 11
36 473 11
36 598 11
37 125 12
37 720 11
37 359 9
37 543 11
37 231 9
37 142 12
37 647 13
37 655 12
37 421 14
38 215 12
38 734 10
38 695 13
38 148 9
38 510 10
38 63 10
38 341 10
38 406 14
39 123 9
39 95 11
39 695 12
39 394 11
39 261 13
39 89 13
39 387 7
39 321 9
39 96 11
39 59 9
40 674 8
40 214 11
40 668 10
40 510 10
40 99 10
40 80 13
40 109 12
40 506 9
40 167 10
40 439 9
40 694 10
40 464 7
41 377 10
41 412 12
41 275 7
5 41 12
41 52 14
41 660 10
41 75 8
41 277 13
41 689 14
41 46 10
42 233 9
42 555 10
42 504 9
42 367 15
42 505 11
42 110 13
42 402 10
42 584 12
42 90 11
42 281 12
42 135 12
43 511 10
43 401 11
43 647 10
43 173 12
43 449 9
43 117 11
43 204 10
43 639 8
43 616 12
43 68 8
43 235 9
13 44 9
44 649 9
44 509 12
44 596 13
44 614 11
44 546 10
44 602 8
44 538 10
44 219 11
44 152 10
44 483 11
45 282 13
45 540 10
45 391 10
45 435 13
45 372 12
45 175 11
45 578 12
45 448 11
45 684 12
45 369 12
45 63 7
45 120 6
46 462 10
46 341 11
46 605 11
46 601 11
46 94 11
46 153 10
46 583 12
46 734 9
46 109 13
47 267 7
47 506 9
47 104 12
47 530 11
47 475 10
47 418 11
47 677 9
36 47 10
47 650 6
47 348 10
47 56 11
47 226 11
48 438 9
48 398 9
48 156 13
48 86 11
48 515 6
45 48 12
48 656 14
48 245 9
48 242 5
49 653 10
49 719 10
49 572 10
49 651 12
49 252 12
49 261 12
49 731 13
49 227 9
49 338 11
49 274 7
50 189 9
18 50 10
50 153 12
50 95 12
50 409 9
50 683 14
50 68 11
50 656 10
51 677 10
25 51 8
51 66 11
51 503 12
51 301 9
51 201 10
51 411 12
51 643 14
51 114 12
51 662 13
51 702 14
52 396 6
52 212 8
52 268 13
52 511 13
52 213 10
52 413 10
52 724 8
52 67 13
52 93 10
52 694 9
53 311 5
53 75 9
53 687 11
53 78 11
53 411 14
53 165 12
29 53 12
53 492 11
11 53 10
53 301 9
54 732 13
54 334 12
54 709 12
54 746 8
54 253 12
54 105 10
54 198 10
54 86 7
54 282 9
54 112 9
55 253 12
55 310 11
39 55 14
55 507 7
55 632 10
55 455 11
55 514 12
55 701 7
55 369 9
55 85 9
55 233 11
56 106 13
56 305 12
56 735 9
56 701 10
56 67 11
56 605 13
56 137 10
56 707 7
56 124 10
56 604 10
25 56 13
57 450 7
57 732 8
57 213 10
57 159 8
57 670 10
57 312 11
57 641 12
57 198 12
57 713 10
57 560 10
53 58 13
58 121 9
58 607 13
4 58 12
58 688 14
58 404 11
58 689 14
58 286 12
58 606 12
58 236 9
58 408 12
59 364 12
59 75 10
59 124 8
59 567 10
59 601 8
59 488 8
59 273 16
59 447 9
59 367 13
59 346 10
60 163 9
60 128 12
60 728 13
60 392 9
60 724 13
60 486 9
60 379 8
60 722 11
60 676 11
60 116 13
61 299 12
61 321 11
61 323 13
61 271 15
61 312 14
61 594 10
61 98 9
61 131 15
61 79 11
61 413 14
62 414 12
62 504 12
62 201 12
62 347 11
62 124 9
62 377 12
62 627 11
62 187 11
62 656 12
62 697 13
63 88 14
63 220 9
63 295 10
63 109 11
63 163 8
63 105 9
63 540 12
37 63 10
63 729 10
63 263 11
64 387 10
64 693 11
64 483 9
64 278 9
64 611 9
64 701 7
64 247 11
64 115 9
16 64 9
64 557 9
65 523 10
65 476 13
65 443 9
65 207 11
65 173 12
65 95 14
65 417 8
65 732 8
65 273 11
65 347 10
66 278 12
66 221 11
66 520 8
66 78 15
29 66 14
66 510 9
66 381 12
66 567 17
66 104 12
66 488 11
67 453 11
67 552 9
67 439 10
67 156 12
67 167 12
67 487 10
67 109 11
67 467 9
67 601 13
67 745 13
53 67 12
68 341 11
68 237 9
68 408 12
68 141 12
39 68 8
68 552 11
68 654 11
68 251 11
69 605 13
69 711 16
69 724 12
69 622 9
69 740 14
69 462 15
69 369 8
69 107 11
36 69 13
70 473 10
70 263 12
70 515 9
70 276 8
70 225 12
70 635 12
70 234 14
70 482 9
70 156 14
70 659 13
71 196 12
71 689 11
71 738 8
71 729 9
71 260 9
71 382 14
71 393 10
15 71 11
71 531 6
71 247 11
72 301 14
72 488 13
72 344 11
72 521 12
72 364 13
72 718 12
72 117 10
72 629 10
31 72 13
73 175 7
73 629 11
28 73 9
73 441 12
73 234 10
73 389 9
73 301 12
73 695 13
73 388 10
74 599 12
74 395 11
74 264 10
74 128 11
74 116 10
74 374 11
74 707 8
74 737 11
74 649 9
74 370 12
75 501 9
75 574 13
75 719 12
40 75 9
75 76 11
75 173 11
75 129 9
75 422 9
75 530 9
75 271 14
75 438 15
76 176 11
76 518 10
76 419 13
76 275 9
20 76 11
19 76 9
76 154 11
76 418 10
76 109 10
76 128 9
76 655 9
57 77 7
77 95 10
77 520 11
77 418 15
77 650 12
77 730 9
19 77 14
77 377 8
77 584 12
77 399 8
77 445 11
14 77 12
78 354 9
78 280 11
11 78 13
78 523 9
78 609 9
78 667 14
78 511 11
52 78 10
0 78 14
78 635 10
79 108 11
79 488 11
79 109 10
79 208 9
79 586 14
79 554 10
79 504 8
79 532 10
79 473 11
79 734 12
80 672 9
80 229 13
80 278 11
23 80 10
80 195 11
80 361 11
80 258 10
80 267 9
76 80 8
80 621 11
81 504 10
81 320 10
81 227 6
81 481 11
81 537 7
81 256 9
81 193 9
81 228 11
81 656 8
81 550 11
50 82 13
82 357 10
82 364 9
82 123 13
82 394 12
21 82 12
82 629 12
82 147 12
82 426 9
82 749 14
83 521 11
83 428 12
83 196 7
83 410 11
83 522 10
83 729 13
83 127 7
83 303 9
83 648 10
83 227 10
84 448 8
84 584 14
84 660 13
84 682 11
84 592 9
84 92 11
84 356 11
84 292 10
84 245 12
85 733 11
85 424 10
85 488 12
85 456 9
85 122 9
82 85 6
85 301 10
85 609 12
58 85 8
85 515 11
86 653 12
13 86 10
86 690 10
86 332 6
86 328 9
86 259 12
86 139 11
30 86 7
87 284 12
3 87 11
87 203 12
87 306 13
87 309 12
71 87 10
84 87 12
87 660 7
87 445 10
87 593 11
88 408 11
88 601 10
88 175 13
88 490 8
17 88 11
88 266 10
88 499 9
88 425 10
88 351 10
88 715 9
89 266 10
89 462 13
89 468 8
89 374 7
89 247 13
89 227 8
89 493 7
89 476 8
89 692 14
90 298 10
90 136 12
90 249 10
90 183 6
90 735 10
90 305 9
90 236 11
90 134 10
90 541 12
91 568 12
91 525 9
91 426 10
91 377 10
91 723 8
91 662 13
91 370 8
5 91 11
91 412 12
91 604 7
91 591 9
92 411 10
92 654 10
92 107 8
92 540 10
92 594 11
92 210 7
92 574 11
92 343 8
92 276 11
93 259 12
93 265 9
93 538 11
93 570 9
93 448 13
93 423 15
93 512 16
93 334 12
93 585 10
93 581 12
12 94 10
94 387 6
94 371 10
94 207 9
94 293 6
19 94 8
94 141 11
94 380 7
94 114 9
95 196 8
95 522 9
95 472 11
95 691 10
95 713 10
95 438 14
95 390 9
95 427 10
69 95 10
42 95 9
95 296 10
96 191 13
94 96 11
96 167 12
28 96 9
96 258 14
29 96 11
96 389 11
96 560 10
96 492 8
97 373 10
97 471 13
97 206 10
97 259 9
97 521 10
97 209 9
97 159 12
7 97 9
97 162 10
97 306 10
98 291 6
98 522 7
48 98 9
98 693 12
98 658 13
98 519 14
98 395 10
98 590 11
98 509 9
99 690 13
99 743 12
99 694 10
99 598 12
99 516 7
99 358 12
99 484 10
99 249 13
99 114 9
99 416 9
100 300 13
100 365 7
100 586 8
100 127 6
100 506 11
77 100 13
79 100 12
100 203 7
100 313 9
65 101 8
84 101 12
101 388 10
101 710 12
101 331 10
101 395 8
101 391 7
101 667 14
101 613 9
101 154 7
102 712 10
25 102 14
44 102 14
102 295 11
102 288 8
102 470 12
102 214 11
102 517 10
102 168 10
103 104 9
103 491 10
103 479 13
103 580 9
103 192 10
103 628 10
103 139 12
103 272 13
103 493 8
103 570 11
104 364 9
104 697 10
9 104 10
104 584 8
40 104 13
104 689 9
26 104 10
104 326 14
104 173 12
105 352 11
105 581 10
52 105 12
105 124 10
105 503 11
105 605 12
105 164 10
105 735 12
105 451 11
105 602 11
106 559 12
106 162 8
106 614 13
106 294 8
106 739 14
106 383 10
106 122 9
106 346 9
106 713 9
106 721 7
107 335 11
107 731 11
107 748 12
107 161 9
107 547 8
107 561 12
107 519 11
107 397 11
107 372 7
91 107 9
107 697 12
47 108 10
108 385 11
108 739 10
108 694 10
108 426 12
108 378 9
108 177 11
108 621 8
108 168 13
108 495 11
109 310 12
109 409 9
109 544 11
109 630 11
109 713 13
109 550 12
109 480 12
109 668 11
109 399 9
109 297 12
109 469 8
1 110 9
110 143 14
110 416 14
46 110 11
110 678 10
110 342 10
110 544 7
110 673 14
110 353 11
110 512 7
20 111 12
111 215 11
111 252 14
111 231 8
111 389 9
111 634 12
111 118 12
111 370 12
64 111 13
112 689 4
112 273 8
21 112 12
112 512 11
112 130 11
112 142 8
112 420 11
112 583 12
112 717 10
42 112 12
112 270 8
11 113 13
113 600 13
113 414 10
113 411 9
113 208 12
113 504 11
113 406 9
110 113 8
113 443 10
113 193 10
114 180 10
114 676 12
61 114 8
114 500 13
114 677 14
114 718 10
114 402 14
114 577 13
114 352 10
115 351 10
115 155 9
115 742 12
26 115 9
115 289 10
96 115 8
115 659 10
103 115 11
115 294 8
115 541 12
116 425 10
116 136 12
116 263 10
93 116 13
116 481 9
116 552 9
116 298 15
116 124 9
116 547 9
27 117 8
117 388 11
117 372 11
117 471 12
117 489 12
100 117 12
117 162 10
117 657 13
117 614 10
117 139 9
118 608 13
118 148 13
118 669 13
118 159 12
88 118 6
118 417 12
118 210 11
118 616 9
118 603 11
119 291 9
119 138 9
10 119 9
22 119 11
94 119 14
119 198 13
50 119 9
119 286 8
119 185 11
119 595 11
20 120 8
120 552 9
62 120 11
120 411 10
120 217 10
120 610 12
120 319 12
120 593 15
120 619 10
3 120 15
120 451 13
121 237 12
121 193 12
47 121 12
121 525 11
121 261 12
121 138 9
121 569 12
121 202 7
121 512 9
49 122 10
20 122 10
122 581 13
122 602 12
122 401 16
122 479 11
122 543 9
122 605 6
122 150 12
123 146 11
123 498 11
97 123 11
50 123 14
123 284 12
87 123 14
123 660 12
123 716 9
123 168 12
124 374 13
61 124 8
124 670 10
4 124 9
124 493 14
83 124 12
124 277 15
18 124 9
124 171 9
124 184 9
125 684 12
125 148 5
125 241 13
125 393 8
125 533 11
62 125 10
125 201 8
31 125 11
125 301 11
126 301 10
126 310 7
126 132 8
126 353 14
126 575 11
126 662 11
126 664 12
126 291 7
126 582 8
44 126 16
80 126 9
126 307 10
127 548 11
127 330 11
127 630 13
127 158 14
55 127 12
127 743 6
127 453 11
127 234 9
127 572 7
127 260 10
128 454 7
128 164 10
128 692 11
128 160 9
128 153 15
128 468 10
33 128 11
128 723 8
128 192 10
128 175 9
128 395 10
129 561 4
129 708 13
129 478 11
129 620 9
129 720 10
129 660 10
129 446 11
129 432 12
129 427 10
130 197 9
130 449 12
130 261 13
130 363 12
130 242 11
130 154 8
130 405 11
130 299 13
130 655 8
131 582 11
90 131 13
131 288 6
131 136 14
131 399 13
131 387 10
44 131 14
131 154 15
131 251 11
131 561 12
131 638 12
132 485 11
132 727 9
132 337 10
132 490 12
132 222 9
132 515 10
132 627 10
81 132 10
132 192 8
132 478 10
132 592 7
133 461 9
133 221 11
133 165 9
131 133 12
133 656 10
5 133 8
133 438 12
16 133 10
133 256 12
133 486 10
134 747 12
134 638 11
134 614 9
134 746 9
134 244 11
134 322 14
134 721 10
134 475 11
134 165 8
134 424 15
134 268 11
135 674 9
43 135 11
120 135 8
135 412 11
135 499 5
135 315 11
135 334 7
135 194 14
135 501 10
136 687 13
127 136 8
136 541 11
74 136 7
136 577 14
72 136 15
37 136 9
136 282 10
136 202 12
136 696 6
136 535 9
64 137 12
137 522 11
137 267 10
137 485 11
137 617 13
21 137 8
137 598 8
137 392 8
137 725 7
137 294 9
79 137 12
138 219 10
138 488 10
104 138 11
138 581 9
138 504 11
138 606 12
138 730 10
138 165 11
84 138 11
138 347 10
139 660 9
29 139 9
139 736 8
139 453 7
139 376 9
139 570 11
139 200 9
137 139 10
139 535 13
140 505 6
140 389 10
41 140 9
140 488 11
140 669 9
140 361 9
140 263 14
98 140 11
140 340 11
121 141 11
141 342 11
81 141 9
141 698 11
141 674 13
31 141 8
141 338 7
141 572 10
113 141 11
141 322 10
141 552 10
141 707 9
142 741 12
142 692 8
142 150 10
142 151 9
127 142 9
142 210 10
142 187 13
142 234 9
142 710 10
142 443 10
142 274 13
143 584 10
143 560 8
143 226 12
143 258 11
143 218 11
143 619 13
143 236 9
143 373 11
143 255 11
144 334 9
144 305 12
144 182 7
139 144 12
144 666 12
128 144 11
144 409 14
144 370 11
144 259 13
144 688 10
79 144 8
41 145 10
145 556 9
145 495 11
145 165 11
145 358 7
145 326 7
145 576 8
145 253 10
145 244 8
145 600 10
88 145 9
146 731 13
146 404 10
146 513 11
146 496 11
146 732 11
146 707 11
146 209 13
146 596 9
146 159 15
146 251 12
146 471 8
146 516 10
147 590 14
147 720 12
16 147 10
147 587 9
147 205 13
147 313 12
147 178 8
60 147 13
147 468 7
69 147 12
147 718 12
148 419 9
14 148 9
148 279 10
148 695 12
148 659 10
148 679 12
148 513 11
15 148 12
68 148 12
149 506 9
149 207 11
149 445 11
149 611 7
149 184 11
117 149 12
149 485 9
149 291 10
62 149 10
149 602 16
149 651 7
150 500 10
130 150 8
150 530 6
150 323 11
150 739 8
150 243 12
150 418 12
88 150 9
37 150 11
0 151 12
151 414 11
4 151 8
151 560 10
151 406 16
151 622 11
151 701 10
151 691 13
151 165 8
1 151 9
151 468 8
152 588 10
152 373 10
152 591 8
152 343 10
152 730 6
152 318 14
152 434 13
137 152 12
79 152 11
152 197 7
152 379 13
153 660 11
153 572 11
8 153 9
153 517 8
153 722 8
153 717 10
153 525 12
153 609 14
153 160 7
81 154 13
154 674 8
154 366 13
154 429 11
154 438 13
74 154 7
46 154 10
154 203 7
154 209 9
154 739 14
154 665 9
60 155 9
155 497 7
155 472 16
10 155 12
155 257 14
155 163 11
155 621 9
155 424 3
155 366 8
156 575 10
156 553 10
156 231 13
156 211 12
156 186 8
156 257 12
156 720 12
156 383 11
141 156 6
156 191 10
156 267 10
156 264 9
21 157 10
14 157 11
157 702 11
157 281 9
157 329 11
157 581 12
157 420 11
157 642 9
158 567 14
158 622 9
158 484 12
158 631 13
158 213 11
158 550 11
76 158 11
158 545 11
158 726 10
158 441 9
158 436 11
158 319 11
31 159 11
156 159 13
159 502 7
159 183 11
159 313 11
159 226 10
8 159 10
159 273 13
159 588 10
159 182 10
122 159 14
159 361 12
159 622 10
159 620 14
160 355 9
160 478 13
160 255 8
160 675 8
160 620 13
160 629 12
103 160 12
160 376 9
160 483 12
160 663 12
114 160 12
142 161 12
161 520 13
161 312 11
161 358 13
161 163 10
161 216 9
161 446 12
114 161 12
67 161 13
136 161 11
162 658 15
162 381 10
162 534 9
162 487 13
162 227 14
162 467 10
162 670 14
162 537 13
162 256 7
163 486 10
149 163 12
163 437 7
147 163 10
163 184 12
163 234 10
135 163 8
163 628 12
164 537 11
111 164 10
86 164 11
101 164 11
164 166 11
164 495 8
17 164 10
39 164 11
164 580 10
16 164 7
80 164 9
165 294 15
165 236 11
28 165 11
165 602 11
165 175 10
60 165 12
165 727 6
165 169 13
166 708 13
166 526 12
166 452 9
94 166 13
15 166 14
23 166 8
166 424 12
166 470 10
166 298 10
10 166 12
166 284 8
157 167 13
90 167 10
167 330 9
159 167 9
167 300 8
167 536 11
167 348 11
167 555 16
167 455 13
167 259 9
167 541 13
168 170 11
110 168 10
41 168 10
168 437 13
168 189 11
168 588 10
168 248 8
156 168 9
168 474 9
168 480 12
96 168 7
169 391 11
169 476 7
169 466 10
169 744 10
132 169 10
121 169 15
169 504 8
169 630 9
169 696 8
46 169 11
39 170 7
170 716 9
170 507 9
170 558 10
170 339 9
170 588 7
170 264 11
10 170 11
171 555 12
171 308 12
171 204 11
171 328 9
171 676 7
171 648 11
171 226 12
171 257 8
171 291 14
79 171 12
171 327 10
172 696 12
172 723 12
172 433 10
172 725 10
172 302 7
172 249 9
172 605 12
172 412 10
172 303 13
36 173 11
173 658 12
173 217 14
173 739 12
173 423 8
173 537 14
173 229 11
140 173 12
173 335 8
141 174 10
139 174 8
174 324 9
174 418 12
174 494 12
174 712 9
40 174 12
174 404 14
174 419 11
174 321 13
174 426 11
175 461 11
104 175 9
175 667 7
175 610 12
175 629 9
175 555 10
110 175 9
175 632 6
175 254 11
176 490 9
90 176 9
176 210 10
176 702 11
176 204 7
176 202 11
148 176 11
176 349 9
176 689 8
176 656 12
177 396 7
177 527 8
177 567 13
177 358 13
177 634 9
133 177 6
177 587 11
177 365 12
5 177 14
177 622 13
178 736 11
57 178 12
178 610 12
178 357 10
89 178 10
46 178 9
178 414 10
157 178 12
178 409 12
178 197 8
178 553 9
153 179 6
164 179 13
179 418 8
179 396 13
179 391 15
179 497 11
179 264 12
179 375 11
179 422 12
180 259 11
132 180 12
180 658 12
180 426 11
21 180 9
144 180 9
180 473 15
180 243 10
180 380 6
41 181 13
181 732 11
181 313 8
181 394 10
181 579 12
178 181 11
181 485 8
181 340 11
67 181 11
128 181 9
181 453 11
182 312 9
182 267 11
71 182 14
182 496 9
182 248 12
154 182 12
182 219 9
182 543 8
182 452 10
182 721 11
163 182 13
182 581 9
158 183 13
183 414 10
165 183 10
183 294 9
183 390 11
183 283 15
183 344 11
183 334 14
183 513 16
184 564 10
84 184 11
184 657 10
184 702 8
184 396 11
184 272 8
184 317 11
49 184 14
76 184 10
21 185 12
185 497 10
185 356 9
185 655 14
185 317 12
185 573 9
158 185 5
185 410 8
185 360 8
185 453 8
186 647 10
68 186 8
99 186 10
186 719 13
52 186 13
186 663 14
186 749 11
186 620 11
186 388 10
140 186 14
186 600 9
187 198 7
187 438 13
187 370 14
5 187 9
93 187 11
187 379 14
187 698 16
187 300 13
187 341 9
187 337 14
187 221 11
188 569 10
8 188 12
125 188 12
188 238 9
188 235 13
188 248 11
31 188 10
188 427 9
22 188 11
68 188 9
189 491 9
189 530 9
66 189 8
189 357 9
189 218 11
189 420 9
132 189 8
189 566 12
27 189 10
189 335 13
189 463 10
190 490 10
190 330 12
74 190 11
106 190 9
190 649 13
190 683 8
190 502 13
190 460 11
29 190 11
167 191 8
26 191 9
191 583 14
30 191 11
181 191 13
191 748 10
66 191 9
191 223 11
173 191 10
158 191 10
192 286 13
192 392 12
192 358 13
192 372 9
192 274 11
192 619 11
192 238 10
192 283 11
192 609 9
192 745 7
87 192 10
193 481 13
18 193 11
193 237 12
193 736 12
193 453 9
188 193 9
55 193 11
193 562 13
193 740 13
163 193 13
194 497 10
194 458 11
194 441 12
194 681 7
194 283 11
194 490 12
194 428 12
194 252 6
194 336 11
194 439 11
195 552 10
195 403 9
195 471 9
195 486 12
195 536 9
195 430 10
195 594 14
195 701 10
195 363 12
72 196 8
196 457 10
196 740 8
184 196 13
196 411 10
196 458 12
196 308 14
196 632 14
196 416 10
196 735 11
158 197 12
197 205 14
197 712 10
70 197 13
197 272 11
30 197 13
197 704 10
136 197 13
197 311 8
197 242 11
198 618 11
198 223 7
16 198 11
124 198 11
198 477 10
198 489 9
198 715 10
198 602 7
198 659 10
198 530 10
199 375 10
199 364 13
199 391 10
199 388 12
199 647 12
199 677 8
185 199 12
199 611 11
199 537 9
2 199 7
199 541 11
133 200 14
200 383 11
18 200 7
138 200 12
200 400 12
163 200 12
155 200 12
200 712 10
200 482 10
200 544 12
201 402 9
201 662 13
201 333 7
176 201 7
201 729 12
201 696 12
201 532 12
201 286 11
201 664 10
202 333 15
124 202 11
202 580 9
64 202 7
202 376 10
1 202 11
172 202 13
202 610 12
202 615 10
202 499 10
202 332 7
203 604 11
203 343 11
17 203 9
171 203 13
65 203 11
72 203 12
183 203 12
189 203 8
203 273 6
204 274 11
8 204 8
11 204 10
204 237 13
204 640 13
204 341 11
204 329 9
204 512 9
204 588 7
205 645 7
205 364 7
205 611 9
181 205 12
151 205 13
205 643 8
205 616 14
205 629 11
205 301 10
205 553 10
100 205 10
104 206 9
206 220 8
206 463 14
206 625 12
94 206 11
206 682 10
206 399 12
206 430 10
206 563 12
206 307 10
146 206 11
207 493 12
207 712 10
207 705 9
207 597 8
207 476 7
25 207 16
31 207 10
207 690 11
207 551 9
207 492 12
176 207 8
208 721 14
208 422 11
208 436 8
132 208 7
208 749 9
208 475 13
208 748 12
125 208 11
208 690 14
208 695 12
35 209 9
209 560 11
209 684 8
0 209 9
34 209 8
209 682 10
209 645 11
209 700 13
209 520 10
24 210 15
210 735 12
210 360 10
207 210 8
210 367 7
67 210 10
210 535 10
210 285 13
210 727 12
210 729 10
116 211 10
4 211 10
211 424 11
211 514 15
209 211 11
97 211 10
11 211 9
211 612 13
18 212 11
212 591 11
212 330 9
212 428 10
212 607 11
59 212 13
212 355 7
212 277 11
212 524 10
131 213 11
213 359 9
213 633 8
21 213 11
213 381 10
213 722 8
213 669 10
213 343 12
213 409 11
214 392 10
214 375 11
214 699 13
214 254 8
214 562 11
214 464 10
214 337 15
214 437 11
214 713 8
214 219 10
215 472 10
215 231 11
215 685 9
215 306 11
20 215 10
215 356 11
215 275 7
215 350 8
215 317 14
216 620 13
216 382 9
216 441 13
216 739 9
216 222 12
216 637 11
216 395 11
216 609 11
216 718 12
216 394 9
200 216 10
175 217 11
217 746 12
217 548 7
217 661 9
121 217 14
217 406 11
217 615 12
60 217 9
217 350 13
117 217 13
158 218 12
218 280 11
218 412 11
218 718 9
218 422 14
218 694 10
218 314 10
8 218 8
140 218 8
218 579 12
218 534 9
218 363 11
219 695 12
219 233 12
219 438 9
108 219 11
219 615 5
219 413 10
117 219 14
219 496 11
169 219 11
219 553 9
182 220 13
220 224 9
220 527 9
199 220 8
220 300 13
220 521 13
220 616 11
220 390 11
87 220 11
220 237 10
221 725 8
221 290 10
221 400 6
221 741 11
19 221 10
58 221 10
221 455 14
52 221 10
106 221 12
222 389 12
222 625 7
93 222 11
204 222 9
222 599 14
222 592 13
45 222 9
222 683 12
222 387 8
100 222 8
223 454 7
223 458 11
116 223 12
223 542 10
175 223 12
223 599 13
112 223 13
181 223 11
218 224 11
224 232 8
107 224 10
224 281 10
224 265 14
224 423 11
26 224 10
224 670 9
224 598 10
77 225 14
225 234 8
225 509 10
225 532 9
110 225 13
225 535 9
225 239 10
225 723 12
114 225 12
225 400 11
65 226 11
226 578 12
226 574 16
226 602 7
226 304 14
226 451 11
226 430 13
226 254 11
226 328 7
227 232 8
227 334 12
227 288 10
227 404 9
227 685 11
165 227 12
227 493 14
227 384 10
227 746 14
180 228 11
228 541 9
228 363 8
228 389 12
228 352 12
228 587 11
228 415 10
228 711 11
228 435 9
198 228 6
189 229 10
229 494 12
53 229 12
106 229 7
229 748 11
229 447 10
229 603 10
32 229 10
229 661 9
229 515 11
229 623 13
230 305 13
230 636 12
230 338 10
229 230 12
230 475 10
230 263 10
230 374 12
152 230 11
231 340 12
231 380 13
231 682 14
231 612 10
154 231 10
231 581 9
231 317 12
196 231 13
231 381 9
10 232 12
232 530 8
232 491 13
134 232 10
232 263 12
232 294 11
232 420 10
232 358 10
233 472 11
53 233 11
233 666 11
233 734 13
233 540 8
233 636 10
233 515 7
233 675 11
233 703 12
233 465 15
234 268 11
234 265 6
234 492 10
234 270 6
234 560 10
234 612 14
234 464 10
234 634 9
234 367 14
235 560 8
235 289 10
87 235 12
61 235 8
70 235 11
235 658 8
235 318 13
235 591 9
235 446 9
236 453 11
27 236 13
236 490 11
236 435 10
236 551 15
51 236 10
50 236 11
236 661 6
236 622 11
118 236 13
237 556 10
109 237 10
237 242 13
237 241 11
237 487 6
237 658 12
135 237 10
237 457 10
237 528 10
237 418 10
237 282 7
90 238 12
238 323 13
5 238 14
238 598 8
223 238 11
238 280 9
141 238 11
238 572 11
98 239 12
239 321 16
143 239 10
239 487 7
239 440 11
239 310 13
239 373 7
239 417 12
239 306 9
239 283 10
239 532 7
240 454 7
240 448 6
240 472 11
240 326 9
240 244 12
240 340 13
240 668 13
240 667 10
100 240 13
240 666 13
240 723 11
241 504 9
241 284 7
241 322 14
241 533 8
241 296 8
241 523 8
241 421 6
241 709 10
241 401 12
151 241 9
200 241 6
195 241 8
242 527 11
173 242 10
242 672 13
242 623 13
40 242 11
242 404 12
125 242 7
166 242 10
243 635 13
243 604 13
243 741 13
215 243 13
243 280 12
243 549 10
243 748 10
243 535 12
243 590 14
244 726 10
244 340 10
244 467 11
27 244 10
220 244 14
113 244 9
244 382 8
184 244 10
244 714 11
244 488 12
244 432 14
231 245 12
245 689 14
99 245 10
245 368 9
245 602 12
2 245 10
169 245 11
245 282 11
245 436 12
245 298 8
246 404 15
246 486 9
246 440 10
246 672 6
246 717 11
246 397 10
246 718 11
246 303 6
246 415 6
31 246 14
246 741 10
247 535 12
247 272 6
77 247 8
247 516 15
247 454 9
247 285 12
247 447 13
149 247 9
240 247 6
153 247 11
247 526 8
248 667 6
5 248 10
248 280 11
248 513 13
248 493 10
248 572 12
248 362 11
248 701 11
248 304 10
249 376 11
243 249 11
249 542 13
249 305 10
249 265 7
249 340 8
110 249 7
249 254 6
112 249 9
146 250 11
250 299 7
250 555 11
117 250 11
250 576 10
250 713 12
120 250 11
27 250 13
82 250 10
251 480 11
251 362 8
251 695 8
251 418 8
113 251 13
251 671 11
251 540 6
251 694 11
251 443 12
251 468 8
252 748 9
252 606 12
252 583 10
252 519 11
252 387 12
252 585 15
138 252 13
252 738 9
136 252 10
252 386 12
252 623 11
170 253 7
222 253 13
253 353 11
253 556 11
218 253 5
72 253 10
253 407 13
253 355 10
76 253 13
253 411 8
254 682 11
254 615 10
244 254 12
254 446 8
254 646 10
254 401 10
254 576 12
209 254 9
23 254 12
255 280 12
255 337 8
255 642 11
255 697 9
121 255 12
255 277 6
186 255 9
52 255 14
87 255 11
125 256 14
256 286 10
256 297 13
256 603 5
89 256 12
256 526 13
256 500 10
155 256 14
204 256 7
97 257 15
257 315 11
142 257 10
257 341 9
257 566 10
168 257 10
257 489 9
257 274 11
257 445 11
257 505 10
257 711 10
257 693 10
258 694 8
68 258 10
258 260 12
131 258 9
15 258 12
258 714 7
258 561 10
258 327 9
258 507 11
259 352 10
62 259 9
5 259 9
101 259 8
245 259 13
259 639 11
51 259 10
259 358 12
260 451 11
129 260 10
260 381 8
260 623 9
260 549 10
260 692 13
116 260 12
260 448 9
248 260 13
260 741 11
260 479 12
71 261 8
261 702 10
261 362 12
261 679 14
38 261 8
261 284 11
261 499 12
261 718 7
261 736 10
262 663 11
262 578 8
262 429 12
262 321 11
31 262 11
262 484 11
262 265 12
262 550 8
262 521 10
263 647 11
6 263 11
263 437 8
263 502 13
263 441 10
263 543 14
263 460 9
233 263 7
66 263 12
263 461 12
127 263 9
185 264 9
196 264 16
25 264 11
264 642 14
264 397 12
4 264 10
264 509 7
215 264 8
264 694 8
264 322 10
265 298 7
265 420 14
265 337 12
36 265 13
265 574 9
265 293 8
173 265 13
265 616 8
265 607 10
266 336 11
113 266 12
266 300 12
63 266 13
266 664 9
260 266 12
59 266 10
42 266 12
266 596 9
267 362 12
267 291 13
267 289 10
267 370 11
267 304 10
204 267 9
185 267 13
267 458 10
267 590 10
268 743 9
28 268 9
268 497 11
176 268 12
121 268 10
227 268 8
114 268 10
268 704 10
268 634 10
268 378 8
269 274 11
78 269 12
269 597 12
269 464 10
269 493 13
269 655 10
51 269 9
269 353 11
269 356 10
270 697 9
270 480 8
270 679 10
57 270 12
270 408 11
270 313 9
270 343 10
270 741 13
209 270 9
270 692 13
270 586 12
271 438 15
271 409 14
271 674 5
271 380 14
271 512 13
271 309 12
271 299 12
216 271 10
272 393 11
263 272 4
73 272 11
272 675 7
272 334 10
98 272 11
272 509 10
272 707 11
272 346 11
272 321 8
273 657 12
273 620 10
273 526 12
129 273 12
100 273 11
251 273 14
273 713 10
273 472 8
76 273 11
273 385 10
147 273 10
274 481 8
274 380 8
84 274 11
154 274 12
109 274 15
274 322 8
274 622 13
274 611 10
151 274 9
147 274 11
43 275 11
101 275 10
214 275 9
275 304 11
275 655 8
275 434 10
181 275 9
275 343 13
10 275 9
275 301 12
97 276 10
276 550 10
254 276 14
276 717 9
276 291 8
276 557 13
160 276 9
73 276 10
276 504 14
277 300 10
277 493 7
277 419 9
277 496 8
277 373 8
241 277 11
277 317 9
277 710 10
277 473 12
277 320 10
277 605 13
278 404 10
278 357 13
278 423 11
278 514 8
278 379 9
276 278 8
278 575 8
278 734 10
51 278 13
3 278 13
279 402 13
68 279 12
159 279 11
279 468 9
279 550 9
96 279 10
279 520 9
279 565 9
280 611 8
280 345 10
280 553 11
101 280 11
280 688 10
280 636 8
280 501 9
280 654 11
280 350 12
7 280 13
281 524 11
281 712 12
281 296 9
281 611 10
144 281 8
281 550 11
141 281 9
69 281 7
63 281 10
0 281 10
281 376 11
91 282 11
282 504 12
97 282 12
104 282 11
282 445 14
282 452 12
282 546 6
282 588 11
220 282 13
282 591 11
282 700 8
282 413 13
129 283 11
283 284 14
283 529 7
283 603 11
227 283 13
283 720 11
283 562 12
283 570 8
283 398 11
283 567 10
284 363 11
284 559 9
284 372 13
284 477 14
284 704 10
284 400 10
284 578 13
284 288 6
285 661 10
285 523 14
285 495 12
285 674 8
285 571 12
285 474 8
285 303 9
285 422 6
21 285 11
286 532 11
286 336 7
286 631 13
286 422 9
286 374 10
286 408 11
286 716 11
286 691 7
286 459 12
287 500 12
225 287 10
287 534 14
287 380 10
210 287 10
287 692 11
153 287 14
157 287 10
287 429 15
287 667 12
151 288 11
288 385 11
288 391 10
16 288 12
288 622 11
288 379 12
288 532 14
57 288 10
288 480 12
182 289 14
237 289 11
289 552 11
231 289 10
263 289 11
104 289 10
289 384 8
289 487 8
289 362 10
289 537 8
289 353 9
290 653 11
4 290 10
57 290 12
275 290 10
51 290 7
290 619 14
106 290 11
290 325 10
99 290 10
290 470 9
281 290 11
263 291 9
281 291 11
6 291 10
86 291 13
291 389 12
15 291 11
291 459 15
135 291 8
153 291 8
291 447 11
63 292 12
292 513 9
292 554 10
286 292 11
292 629 8
292 473 10
166 292 11
292 709 13
112 292 11
243 292 12
293 522 10
258 293 12
293 496 9
120 293 11
27 293 13
260 293 7
89 293 8
293 516 8
293 294 13
293 591 7
294 695 10
294 472 10
212 294 11
294 536 12
153 294 9
282 294 10
294 534 12
294 334 11
13 294 10
294 369 7
295 712 10
295 609 10
295 349 11
295 602 10
71 295 11
236 295 11
295 419 12
295 342 11
248 295 13
295 325 11
137 296 10
296 554 13
296 406 11
251 296 11
296 387 9
296 382 15
296 337 14
296 573 9
119 296 12
296 453 12
297 359 12
297 355 8
103 297 11
297 369 10
286 297 12
186 297 11
297 354 9
185 297 11
297 476 9
297 747 11
119 298 12
1 298 10
168 298 7
130 298 11
298 586 12
298 383 11
298 607 12
243 298 10
298 539 10
299 305 8
299 328 11
299 565 18
49 299 11
299 425 11
245 299 11
284 299 12
193 299 9
198 299 10
300 376 14
300 301 10
300 513 9
300 412 10
274 300 12
300 684 11
300 470 12
300 577 12
300 663 12
300 704 5
300 469 11
285 301 14
23 301 12
301 660 9
118 301 12
301 586 11
45 301 11
301 622 6
16 301 9
206 301 11
194 301 8
150 302 10
276 302 10
302 355 10
63 302 14
302 708 10
302 451 11
232 302 9
302 424 10
164 302 10
194 303 11
303 344 7
303 606 11
151 303 9
303 352 12
44 303 14
41 303 8
303 576 10
261 303 13
304 544 12
304 350 9
183 304 10
271 304 9
304 626 12
246 304 9
276 304 12
304 340 11
304 528 13
209 304 12
304 555 9
184 304 11
305 342 12
210 305 10
305 320 13
47 305 12
305 606 9
74 305 10
305 484 10
305 409 13
305 519 13
305 719 8
10 306 15
83 306 7
306 705 9
241 306 11
306 369 7
306 566 8
223 306 11
306 614 12
194 306 14
106 307 12
307 646 11
307 711 12
307 699 8
307 393 11
307 419 11
307 700 13
278 307 9
307 747 9
308 615 11
308 711 13
308 310 10
308 728 8
308 528 12
308 638 10
308 666 10
118 308 9
91 308 12
309 611 11
309 368 9
309 502 12
203 309 13
309 391 12
309 412 10
196 309 8
7 309 12
309 460 12
309 553 9
310 416 8
310 312 9
270 310 12
148 310 10
214 310 13
310 391 8
310 664 10
310 598 8
255 310 14
13 310 10
49 310 11
311 360 9
21 311 5
311 582 7
311 472 9
158 311 7
311 350 10
311 505 12
119 311 12
5 311 10
311 594 7
312 654 14
17 312 9
312 341 10
312 354 11
312 426 13
296 312 9
268 312 11
304 312 13
312 535 13
23 312 11
313 480 12
225 313 11
313 483 9
259 313 11
75 313 10
0 313 14
146 313 9
91 313 9
313 731 11
313 328 13
286 314 14
314 352 10
280 314 14
314 503 12
1 314 9
314 734 9
273 314 11
200 314 9
314 479 11
314 731 10
100 314 11
45 315 11
6 315 14
315 680 9
315 481 9
265 315 7
315 402 13
188 315 11
315 497 10
260 315 10
315 382 13
316 714 12
269 316 11
316 530 11
81 316 8
316 480 11
65 316 10
316 354 11
316 670 12
311 316 10
296 316 11
317 543 9
180 317 10
317 457 11
317 436 9
317 477 11
177 317 9
255 317 12
240 317 13
317 699 10
318 399 10
318 636 12
215 318 13
257 318 10
318 716 11
318 563 10
318 481 13
297 318 10
318 504 9
318 375 12
318 383 13
319 464 13
319 387 11
319 381 9
180 319 10
319 346 10
319 414 8
319 320 11
319 649 14
319 599 8
319 490 9
231 319 9
319 692 8
272 320 9
320 735 11
108 320 9
12 320 9
320 617 15
320 744 8
320 694 10
290 320 12
320 483 12
320 321 9
257 321 9
321 716 11
321 379 14
321 417 10
321 552 9
286 321 11
315 321 13
321 463 13
322 587 10
322 330 14
102 322 8
315 322 13
322 325 8
322 491 12
322 455 6
322 490 11
322 344 9
322 517 10
71 322 8
322 469 14
323 702 9
323 552 8
33 323 11
323 519 11
323 648 9
323 749 12
316 323 15
135 323 12
323 399 11
324 414 11
324 330 8
324 364 14
231 324 14
324 627 9
324 398 9
324 557 10
147 324 6
67 324 10
275 324 13
24 325 12
325 710 10
206 325 10
325 498 12
325 579 7
127 325 12
325 636 9
325 443 10
325 654 6
306 325 11
325 391 10
246 325 14
326 740 12
326 648 12
29 326 11
167 326 7
224 326 10
82 326 13
302 326 9
326 474 12
326 652 9
121 326 12
92 326 8
327 508 10
327 539 9
327 494 11
327 732 14
161 327 8
327 387 9
327 354 11
327 622 10
105 327 7
327 588 11
327 653 12
236 328 9
328 428 9
328 597 13
328 398 10
328 442 10
328 415 9
328 635 9
328 698 13
208 328 10
8 328 8
312 328 10
328 596 9
329 437 11
115 329 10
94 329 12
22 329 7
329 408 10
324 329 11
329 491 9
329 614 9
64 329 12
329 404 12
248 330 13
51 330 10
330 461 12
330 358 16
233 330 9
266 330 11
330 383 10
330 484 7
330 635 9
130 330 10
331 465 11
4 331 10
251 331 11
331 405 10
304 331 11
331 534 10
331 509 10
183 331 11
60 331 13
331 368 11
331 336 9
97 332 8
28 332 10
291 332 9
237 332 8
254 332 12
154 332 14
54 332 9
332 485 11
229 332 12
91 332 6
333 538 11
333 576 9
333 524 10
333 527 10
124 333 12
290 333 12
158 333 12
333 657 9
334 714 11
334 643 6
334 420 9
258 334 11
219 334 9
309 334 11
70 334 11
334 534 13
320 334 12
241 334 10
295 334 13
335 560 7
154 335 7
190 335 9
335 487 11
5 335 10
50 335 10
320 335 7
140 335 8
335 636 10
335 516 11
336 622 7
336 358 9
285 336 12
36 336 10
336 503 11
336 649 13
336 631 12
336 435 9
321 337 9
337 601 9
174 337 10
337 414 12
29 337 11
337 474 8
3 337 9
337 344 12
198 337 12
237 337 11
338 638 8
338 597 9
330 338 11
338 608 10
338 565 9
338 699 9
338 424 8
70 338 11
339 566 10
339 619 9
277 339 10
339 593 11
339 392 10
339 507 9
339 374 12
120 339 11
339 575 9
200 339 12
339 349 10
311 340 8
340 643 11
340 361 13
83 340 11
340 408 11
340 568 8
76 340 13
309 340 10
319 340 7
124 340 12
10 340 11
341 411 6
158 341 11
341 684 10
111 341 10
341 637 12
341 429 10
341 396 11
341 378 9
341 676 11
341 377 13
342 734 9
342 726 15
342 547 10
159 342 13
127 342 13
342 383 11
342 403 9
222 342 11
73 342 14
342 408 11
343 656 11
343 377 10
73 343 16
200 343 5
343 451 12
266 343 12
343 723 10
184 343 12
282 343 12
268 343 8
343 490 12
344 512 9
344 660 9
23 344 12
127 344 9
20 344 11
344 584 11
278 344 9
344 545 14
344 705 13
94 344 9
345 363 15
345 467 12
298 345 12
345 354 9
22 345 10
345 569 9
345 606 12
196 345 12
263 345 11
345 429 12
345 509 11
346 451 8
19 346 15
251 346 14
235 346 13
130 346 11
337 346 12
346 651 13
61 346 14
346 743 9
162 346 12
346 547 7
296 347 7
347 586 11
324 347 12
347 556 12
96 347 9
347 535 11
151 347 8
101 347 9
347 456 8
347 510 11
18 348 14
348 493 11
348 604 7
58 348 8
340 348 10
348 417 16
348 550 11
201 348 9
348 639 8
348 701 9
158 349 9
199 349 11
178 349 9
47 349 8
64 349 10
251 349 11
349 624 12
349 698 8
266 350 11
40 350 11
350 677 13
350 501 9
350 477 10
62 350 11
350 588 14
212 350 10
350 699 13
117 350 9
351 603 12
220 351 12
351 547 9
351 672 11
351 635 14
273 351 9
351 372 10
29 351 9
74 351 10
247 351 8
109 352 11
304 352 10
220 352 10
352 430 11
352 576 9
352 503 12
98 352 7
352 642 11
352 574 11
352 490 10
353 644 11
202 353 11
353 579 12
83 353 13
353 390 13
353 419 11
353 398 10
222 353 12
4 353 10
15 353 8
354 700 11
354 358 11
196 354 10
330 354 13
354 644 13
354 721 13
289 354 8
354 547 12
354 632 10
354 731 12
103 355 10
355 632 5
355 491 6
355 577 9
355 612 9
355 613 10
101 355 11
355 474 6
355 578 9
356 672 13
265 356 11
356 721 8
356 397 11
356 390 11
28 356 4
356 566 11
23 356 11
217 356 10
130 356 10
93 357 13
338 357 9
357 407 9
357 601 12
230 357 8
235 357 10
357 641 10
357 498 11
357 586 10
148 358 8
132 358 11
206 358 10
358 600 9
22 358 7
358 702 9
10 358 8
288 358 8
358 538 10
280 358 13
359 620 8
359 610 9
359 616 10
359 561 13
359 562 10
359 426 10
192 359 9
359 744 11
97 359 11
359 553 10
360 541 15
347 360 9
360 537 9
32 360 12
223 360 11
360 638 9
11 360 12
133 360 9
360 363 10
186 360 10
361 657 7
267 361 10
27 361 10
71 361 12
28 361 12
361 431 8
194 361 12
361 615 12
361 684 11
35 362 10
167 362 12
362 497 13
362 614 15
164 362 10
362 472 13
362 494 11
109 362 9
362 392 11
98 362 9
363 526 11
363 675 10
103 363 10
131 363 11
363 687 11
60 363 10
43 363 10
363 639 11
364 377 13
355 364 10
177 364 10
25 364 13
364 387 11
364 384 10
55 364 10
364 735 10
364 403 15
364 622 12
307 364 14
291 364 9
365 545 12
365 741 14
106 365 13
307 365 8
365 625 11
137 365 7
365 628 12
297 365 10
306 365 13
43 365 14
365 366 9
366 569 9
191 366 16
366 429 10
366 747 10
268 366 8
366 601 12
366 611 9
251 366 11
366 686 10
202 367 13
367 390 8
367 462 12
367 438 9
367 458 13
367 630 13
367 643 7
367 697 11
147 367 7
37 367 9
367 696 8
368 440 8
368 600 10
368 715 13
368 590 11
368 470 13
368 605 8
368 646 9
368 742 11
368 402 9
368 551 14
38 369 10
52 369 14
369 599 11
27 369 12
369 379 11
181 369 10
369 738 8
369 483 10
196 369 13
137 369 10
369 431 11
370 559 11
370 743 13
370 417 11
370 384 12
241 370 11
240 370 11
370 699 14
105 370 13
244 370 11
68 370 10
371 689 9
362 371 12
371 649 11
144 371 12
118 371 7
371 641 10
359 371 12
49 371 15
371 581 9
361 371 9
46 372 8
270 372 12
299 372 5
372 506 10
246 372 14
372 725 11
99 372 10
372 590 10
149 372 13
327 373 12
373 742 11
269 373 10
373 701 10
373 467 12
373 533 10
200 373 13
373 728 10
63 373 7
143 374 13
119 374 7
25 374 11
116 374 9
207 374 9
374 533 12
374 573 10
374 503 8
374 377 10
19 375 11
375 662 11
0 375 7
375 606 7
375 688 11
375 602 11
375 630 12
157 375 8
22 376 11
376 414 11
376 517 13
341 376 12
261 376 7
88 376 12
24 376 11
127 376 12
376 563 12
377 413 10
377 595 13
66 377 9
342 377 9
377 674 11
327 377 10
377 476 10
377 743 11
377 697 11
377 436 10
220 378 10
378 493 9
378 582 10
378 520 10
183 378 10
45 378 9
378 552 11
281 378 12
241 378 7
378 651 9
180 378 8
379 384 10
379 396 10
357 379 13
379 733 13
74 379 12
33 379 11
149 379 9
292 379 13
239 379 10
379 526 10
380 561 8
218 380 9
380 641 9
330 380 10
265 380 12
380 620 9
6 380 13
381 739 14
381 539 14
271 381 16
273 381 10
381 509 9
1 381 8
381 567 10
381 513 14
223 381 8
381 633 7
11 382 9
50 382 11
335 382 11
203 382 12
382 694 12
328 382 15
382 461 11
382 558 12
382 419 10
383 687 13
383 613 6
383 500 12
383 711 10
336 383 9
383 525 13
76 383 10
349 383 10
340 383 13
383 466 9
265 384 9
384 749 9
384 426 14
123 384 8
305 384 7
384 544 10
326 384 11
384 649 10
48 384 11
384 646 6
384 501 8
385 437 11
51 385 11
385 459 8
279 385 7
385 439 8
385 619 8
385 547 12
189 385 13
385 531 10
385 742 12
386 686 12
9 386 9
170 386 12
386 600 10
7 386 7
386 481 12
363 386 12
167 386 9
386 567 11
236 386 12
386 699 12
387 677 11
89 387 10
351 387 5
87 387 11
387 610 11
20 387 13
120 387 13
387 423 14
5 387 14
387 693 9
388 518 11
1 388 11
317 388 10
240 388 10
388 708 12
388 545 9
388 533 9
388 516 12
141 388 9
233 388 9
306 389 11
389 676 15
389 484 11
389 529 11
302 389 13
389 568 8
276 389 10
389 447 8
389 424 8
48 389 11
389 727 10
111 390 11
204 390 13
110 390 9
155 390 9
301 390 10
130 390 12
271 390 9
390 622 10
33 390 7
275 391 11
59 391 12
40 391 9
391 728 12
237 391 13
391 717 8
292 391 11
232 391 8
283 391 11
201 392 12
392 664 13
392 730 7
347 392 9
279 392 11
206 392 14
392 671 12
392 723 12
392 733 9
392 416 12
393 620 9
393 411 8
393 499 10
393 527 14
286 393 10
393 610 11
196 393 8
393 592 13
7 393 9
393 564 10
394 496 10
301 394 11
80 394 9
196 394 11
394 586 6
394 647 13
394 693 12
394 550 8
226 394 11
129 394 5
394 505 10
395 540 9
395 630 11
50 395 10
32 395 13
380 395 7
130 395 11
395 575 12
395 546 11
395 543 10
19 395 10
396 541 11
396 600 9
87 396 7
396 450 10
263 396 13
396 509 10
396 669 10
396 748 8
305 396 12
396 621 7
396 659 13
148 397 10
397 473 10
397 532 13
397 416 11
397 493 13
397 702 14
397 740 13
140 397 12
52 397 11
397 544 12
398 631 13
51 398 10
263 398 10
371 398 8
347 398 13
349 398 9
398 466 13
398 609 11
96 398 7
4 398 9
398 521 11
235 399 8
399 741 9
40 399 12
389 399 11
395 399 9
229 399 10
399 547 9
382 399 9
399 682 12
400 514 10
400 612 7
273 400 8
400 576 12
400 445 9
153 400 16
124 400 13
400 605 11
314 400 11
400 590 12
13 401 14
401 615 11
155 401 10
401 634 9
115 401 10
181 401 9
100 401 10
169 401 9
208 401 14
40 401 11
401 573 15
401 739 7
199 402 11
268 402 14
193 402 10
5 402 12
80 402 8
402 588 11
168 402 11
51 402 9
402 547 12
401 403 18
378 403 11
206 403 11
398 403 8
403 749 11
44 403 9
403 533 13
403 636 14
279 403 12
220 404 10
186 404 10
404 508 12
281 404 12
168 404 10
404 435 9
272 404 14
42 404 12
404 671 13
404 428 11
404 452 9
352 405 12
405 653 9
248 405 14
405 582 10
218 405 10
40 405 10
339 405 11
94 405 12
405 601 9
406 487 11
406 616 11
124 406 8
284 406 12
406 462 6
406 737 15
406 598 10
406 653 8
406 746 11
164 406 11
406 588 14
407 635 8
407 624 10
407 464 11
12 407 6
130 407 13
398 407 10
407 698 11
50 407 8
331 407 11
100 407 13
408 612 9
325 408 13
8 408 10
408 538 11
408 688 8
408 738 10
314 408 13
302 408 12
408 533 11
380 408 8
409 429 11
409 657 13
409 743 12
17 409 9
63 409 11
409 717 9
223 409 12
309 409 12
409 524 14
10 409 12
409 607 12
40 410 11
258 410 10
410 600 11
410 460 9
388 410 11
410 530 12
162 410 8
372 410 12
127 410 9
357 410 8
303 410 13
70 411 13
411 661 12
276 411 11
1 411 11
156 411 11
411 745 11
296 411 11
411 556 12
411 579 11
219 411 9
14 412 12
93 412 8
412 575 11
396 412 13
30 412 10
176 412 12
261 412 12
174 412 8
405 412 12
46 412 13
132 413 13
24 413 8
81 413 9
162 413 8
413 489 8
180 413 9
413 533 11
413 630 10
413 660 13
413 588 13
414 647 12
414 548 12
35 414 11
216 414 8
414 480 11
414 650 9
168 414 11
57 414 10
205 414 13
414 547 10
171 414 12
415 743 13
415 510 9
415 432 6
415 450 5
415 744 11
415 670 10
143 415 13
415 439 9
274 415 9
415 733 8
332 416 13
17 416 7
307 416 8
416 517 9
94 416 9
416 654 9
408 416 10
246 416 10
239 416 11
190 416 9
400 417 8
417 542 12
417 589 10
417 635 12
99 417 10
417 573 7
314 417 12
373 417 9
417 642 12
298 417 15
177 418 11
418 653 11
302 418 10
341 418 12
418 498 14
418 632 8
418 487 13
101 418 10
92 418 11
419 510 11
419 731 13
419 454 10
419 555 11
419 606 9
419 597 11
419 581 12
330 419 11
419 529 10
94 419 10
35 420 10
358 420 9
178 420 12
420 683 10
154 420 9
116 420 8
97 420 9
83 420 11
294 420 9
420 677 10
227 421 10
181 421 14
421 679 13
312 421 9
264 421 11
421 440 13
421 613 6
246 421 11
421 621 10
388 421 9
421 576 10
94 422 8
389 422 8
23 422 12
404 422 11
422 437 11
264 422 12
151 422 6
72 422 11
317 422 10
422 493 14
423 530 9
423 552 7
423 627 11
285 423 12
400 423 14
215 423 10
423 611 13
194 423 10
56 423 9
109 423 12
424 590 10
300 424 12
276 424 11
182 424 13
424 683 12
0 424 9
424 578 10
354 424 10
157 424 13
425 469 9
178 425 11
270 425 10
425 650 10
425 578 9
122 425 13
425 729 14
405 425 12
425 722 13
426 451 5
361 426 9
426 470 8
426 690 7
426 715 11
426 706 7
13 426 9
426 589 10
29 426 10
270 426 11
427 598 8
136 427 10
427 439 13
380 427 11
427 664 10
323 427 11
357 427 10
142 427 9
133 427 11
428 724 13
428 730 8
166 428 12
285 428 9
259 428 9
129 428 12
428 668 14
403 428 11
428 729 12
428 590 8
357 429 13
367 429 10
386 429 10
429 576 8
271 429 9
429 742 12
343 429 11
429 740 14
429 588 11
355 430 11
430 684 7
126 430 11
430 618 11
430 747 11
430 604 10
430 525 12
368 430 10
80 430 10
232 430 10
420 431 11
92 431 10
431 590 11
431 435 14
431 450 11
150 431 12
431 526 11
431 628 9
152 431 10
432 609 12
432 509 11
432 648 11
432 489 7
138 432 11
320 432 12
432 477 9
209 432 9
432 672 8
433 700 16
433 683 10
242 433 9
433 660 11
412 433 12
433 494 13
433 555 12
433 556 12
182 433 11
434 584 8
425 434 10
434 580 10
434 636 9
434 575 10
385 434 10
434 735 9
434 447 9
370 434 13
434 593 8
434 614 10
264 435 13
435 618 7
48 435 11
435 566 10
58 435 8
364 435 10
67 435 9
435 583 7
435 569 7
435 549 13
436 623 11
436 502 11
436 621 13
179 436 12
436 485 13
436 697 12
260 436 11
72 436 9
436 473 6
437 636 9
370 437 10
105 437 9
278 437 12
82 437 7
307 437 10
437 675 13
25 437 10
438 612 12
343 438 11
100 438 7
162 438 11
290 438 12
6 438 11
438 744 9
438 465 12
164 439 9
402 439 8
203 439 10
439 660 10
439 510 15
439 460 11
196 439 10
398 439 12
439 571 14
440 579 8
440 562 9
406 440 11
61 440 8
440 517 10
207 440 12
427 440 12
53 440 12
118 440 9
192 440 11
391 441 14
102 441 15
388 441 12
307 441 9
441 582 9
441 461 12
441 545 10
441 615 12
441 495 8
11 442 12
442 706 11
442 739 10
183 442 12
333 442 10
442 466 11
442 541 12
152 442 10
291 442 10
442 444 13
298 443 10
443 588 11
434 443 11
316 443 8
33 443 12
173 443 12
443 655 13
443 626 9
443 674 9
21 443 10
369 443 10
391 443 10
29 444 12
145 444 11
415 444 11
36 444 5
24 444 6
444 506 13
384 444 9
224 444 12
83 444 13
444 705 10
444 616 9
322 445 9
286 445 10
445 640 11
445 690 12
445 483 10
445 683 7
143 445 12
372 445 13
430 445 10
176 446 13
170 446 11
135 446 12
317 446 8
17 446 11
446 662 13
422 446 6
281 446 10
415 446 9
283 446 12
416 447 10
18 447 10
394 447 9
225 447 11
254 447 10
231 447 10
447 629 11
265 447 9
147 447 12
447 718 13
101 448 8
425 448 10
261 448 11
108 448 8
448 576 7
15 448 9
298 448 8
448 542 10
448 570 11
276 449 13
326 449 10
39 449 13
114 449 10
449 496 10
449 470 11
449 676 10
77 449 8
449 502 5
200 450 8
203 450 9
450 650 13
232 450 10
450 594 10
44 450 11
375 450 11
327 450 10
223 450 14
450 610 10
451 524 9
451 520 12
451 732 11
451 680 11
451 464 11
397 451 13
289 451 12
61 451 10
201 451 11
289 452 11
452 564 7
452 633 10
452 707 12
452 531 7
88 452 10
420 452 9
452 512 12
435 452 10
235 453 11
428 453 9
280 453 9
14 453 11
221 453 11
453 517 9
362 453 14
453 531 12
453 682 9
38 453 10
227 453 7
144 453 11
385 454 9
132 454 7
137 454 12
172 454 8
454 516 11
338 454 9
454 742 12
70 454 8
454 625 10
454 489 11
454 455 13
337 455 15
435 455 13
88 455 11
147 455 6
455 694 13
170 455 12
455 509 8
418 455 13
245 455 13
455 668 11
456 631 8
21 456 8
411 456 11
222 456 10
146 456 15
220 456 9
276 456 9
456 644 6
456 698 13
456 656 12
413 457 11
5 457 5
457 514 9
457 668 9
457 510 12
268 457 12
252 457 9
403 457 12
111 457 12
384 457 10
149 458 8
255 458 14
151 458 9
382 458 9
279 458 9
457 458 14
458 680 14
5 458 11
325 458 9
458 734 14
459 704 9
199 459 10
302 459 10
459 580 10
410 459 10
459 664 11
459 541 12
459 650 11
56 459 10
68 460 12
192 460 14
37 460 9
413 460 10
220 460 11
184 460 11
307 460 6
228 460 10
162 460 10
460 537 9
460 557 8
461 529 11
47 461 8
119 461 12
278 461 9
193 461 10
292 461 9
260 461 7
187 461 10
461 481 15
461 551 5
462 484 11
58 462 11
462 628 13
462 731 9
310 462 8
462 632 12
15 462 10
462 695 11
258 462 10
277 462 12
255 462 11
99 463 10
26 463 7
218 463 10
463 693 9
463 625 8
208 463 10
38 463 14
28 463 7
463 662 14
2 464 13
174 464 9
464 686 10
259 464 11
334 464 8
273 464 8
464 532 10
223 464 10
464 643 11
50 464 12
385 464 9
117 465 10
209 465 16
321 465 13
465 676 13
463 465 8
311 465 10
431 465 14
347 465 9
89 465 9
59 465 11
465 729 8
137 466 10
31 466 14
466 522 14
466 601 12
310 466 13
103 466 12
70 466 14
432 466 12
466 508 9
466 557 9
467 485 10
467 576 9
467 674 12
467 573 12
78 467 12
101 467 9
467 710 11
203 467 9
364 467 11
468 743 9
35 468 10
468 732 9
468 481 10
468 664 12
107 468 10
190 468 12
468 655 10
178 468 10
234 469 9
469 735 6
469 597 11
199 469 12
375 469 9
469 478 6
298 469 12
469 526 10
465 469 13
469 714 8
40 470 11
308 470 11
63 470 12
470 500 10
444 470 14
333 470 7
470 566 12
470 531 7
470 712 13
470 641 13
270 471 10
433 471 13
436 471 13
253 471 9
298 471 7
471 718 12
40 471 9
471 561 7
184 471 11
93 471 10
219 472 8
342 472 11
452 472 8
246 472 9
55 472 10
250 472 10
142 472 7
468 472 11
333 472 11
472 648 12
79 472 9
473 631 13
6 473 15
473 498 9
318 473 11
173 473 8
257 473 13
308 473 9
473 477 10
473 715 13
473 520 11
473 532 10
105 474 12
474 615 12
320 474 11
474 591 10
156 474 10
474 617 12
102 474 11
240 474 10
238 475 10
475 680 10
251 475 9
475 606 9
213 475 9
475 581 15
67 475 14
308 475 9
475 502 12
475 560 10
11 475 13
143 476 10
321 476 10
173 476 9
203 476 7
194 476 11
356 476 9
283 476 11
249 476 9
476 719 9
134 477 11
477 573 11
185 477 8
342 477 9
291 477 10
378 477 12
477 734 12
477 521 9
186 477 9
478 696 12
218 478 13
478 619 11
115 478 11
138 478 12
335 478 11
38 478 10
478 583 10
478 531 14
478 654 9
372 479 9
98 479 6
350 479 7
479 718 11
107 479 9
442 479 10
303 479 10
403 479 12
53 479 12
479 632 11
435 480 13
480 557 12
446 480 11
74 480 9
480 568 10
322 480 12
247 480 9
59 480 12
374 480 10
454 480 11
448 480 8
280 481 13
198 481 11
331 481 10
481 672 13
466 481 12
87 481 8
365 481 9
131 481 15
482 669 7
482 705 10
482 634 10
383 482 9
482 512 12
33 482 9
14 482 13
248 482 11
441 482 9
482 680 9
175 483 11
483 715 10
416 483 11
266 483 8
131 483 12
483 645 13
291 483 10
483 749 13
483 559 14
226 484 12
364 484 10
8 484 11
484 610 10
340 484 12
343 484 11
167 484 11
258 485 9
125 485 13
162 485 7
485 735 13
200 485 12
148 485 10
485 729 11
378 485 14
360 485 11
355 485 11
211 486 9
486 605 10
49 486 10
486 739 11
486 503 9
486 526 14
20 486 12
396 486 9
486 696 11
305 486 12
454 487 8
105 487 9
261 487 9
487 557 16
352 487 13
487 511 9
386 487 9
487 575 13
147 487 13
142 487 9
487 645 13
488 552 12
212 488 11
275 488 9
488 653 13
488 722 11
389 488 12
488 633 11
80 488 10
488 577 11
215 488 13
407 489 14
489 530 13
18 489 6
2 489 7
489 588 13
489 653 8
120 489 15
246 489 11
238 490 13
490 733 9
459 490 12
392 490 14
368 490 9
490 600 8
490 736 13
193 490 14
490 710 10
4 490 8
490 520 7
74 491 8
270 491 11
180 491 10
36 491 10
251 491 12
491 504 11
349 491 12
491 591 10
491 555 11
420 492 14
473 492 10
79 492 8
492 583 8
492 746 12
492 590 13
255 492 10
232 492 13
492 715 11
493 499 9
493 700 9
493 614 11
493 640 9
164 493 14
493 612 12
292 493 12
493 683 7
493 665 10
494 597 10
140 494 8
494 642 15
455 494 12
402 494 8
64 494 7
314 494 11
211 494 14
494 700 11
422 494 14
279 495 10
495 571 11
495 589 11
185 495 10
495 561 10
474 495 13
495 653 13
495 657 11
5 495 11
495 579 11
335 496 7
496 518 13
3 496 12
62 496 13
124 496 15
496 529 8
47 496 13
496 622 11
496 627 11
339 496 6
59 497 13
32 497 11
423 497 12
497 698 12
18 497 7
103 497 8
497 694 12
173 497 10
497 674 8
224 497 12
331 497 13
452 498 14
498 612 16
107 498 7
493 498 11
498 549 7
498 728 12
498 663 11
261 498 10
119 498 11
456 498 10
293 499 13
64 499 7
223 499 10
499 571 12
499 703 8
499 595 8
195 499 11
336 499 11
499 522 11
383 499 10
499 649 13
413 500 13
226 500 8
381 500 6
494 500 7
500 724 10
61 500 13
500 574 10
358 500 10
12 500 10
422 500 7
219 501 9
342 501 10
501 567 11
348 501 11
369 501 16
247 501 10
501 718 12
110 501 8
452 501 13
167 501 8
341 502 11
298 502 7
502 612 13
446 502 8
418 502 10
502 623 12
126 502 7
249 502 10
365 502 9
502 695 13
502 661 9
260 503 14
503 582 11
412 503 10
355 503 11
271 503 8
377 503 9
503 512 10
71 503 13
217 503 6
216 503 10
503 671 7
2 504 12
395 504 11
167 504 8
499 504 10
110 504 13
504 657 10
90 504 10
118 504 12
470 504 12
504 637 11
505 532 13
505 697 9
505 549 8
505 710 10
277 505 11
258 505 11
505 536 11
505 719 8
239 506 13
1 506 9
506 518 14
305 506 11
506 640 12
4 506 13
506 523 8
506 618 11
506 624 8
474 506 8
146 506 11
123 507 10
507 537 9
69 507 14
34 507 14
507 721 12
507 698 10
507 669 11
15 507 11
29 507 13
320 507 13
501 508 12
71 508 11
508 743 10
393 508 12
70 508 11
289 508 8
40 508 10
508 558 10
498 508 10
228 508 8
168 508 13
130 509 7
509 515 14
509 725 12
509 575 12
509 683 13
509 605 11
105 509 11
380 509 12
296 509 9
510 715 7
436 510 11
95 510 10
154 510 10
485 510 10
122 510 16
59 510 12
420 510 9
207 510 15
283 510 7
511 671 10
430 511 9
511 570 11
58 511 12
392 511 13
374 511 11
368 511 11
117 511 10
479 511 12
511 596 7
330 512 8
290 512 12
463 512 9
512 588 13
48 512 12
201 512 11
361 512 13
423 512 10
512 692 11
511 512 8
493 512 15
58 513 13
346 513 11
513 573 10
343 513 8
134 513 9
95 513 12
27 513 12
20 513 14
513 657 11
269 513 11
445 513 13
13 513 10
514 710 9
468 514 12
326 514 9
514 593 9
152 514 8
452 514 11
514 612 11
414 514 13
514 692 10
185 515 10
310 515 7
306 515 7
515 625 10
515 628 13
465 515 7
386 515 10
226 515 10
220 515 14
143 515 13
52 515 15
516 525 9
516 742 9
116 516 12
208 516 10
516 560 13
516 648 9
336 516 9
419 516 10
218 516 11
439 517 10
517 718 9
517 675 9
517 729 12
122 517 9
517 725 10
486 517 11
319 517 6
380 517 8
71 517 9
390 518 10
518 621 14
509 518 15
97 518 11
518 563 8
518 537 12
210 518 8
275 518 13
276 518 8
518 592 14
445 519 11
469 519 11
40 519 7
519 529 8
172 519 13
343 519 10
62 519 8
75 519 10
519 667 11
306 520 13
122 520 10
52 520 12
520 538 10
296 520 14
520 613 13
347 520 13
520 683 9
408 520 12
479 520 10
142 520 10
300 521 11
314 521 12
336 521 11
521 525 13
228 521 10
346 521 10
46 521 14
122 521 9
522 601 9
474 522 14
185 522 9
30 522 12
522 603 10
85 522 13
134 522 8
392 522 12
120 522 6
265 522 12
138 523 9
317 523 11
131 523 9
55 523 13
15 523 8
303 523 8
523 627 8
523 633 10
164 523 14
363 523 10
524 611 11
403 524 6
331 524 11
524 543 7
213 524 12
524 621 10
524 727 11
471 524 13
142 524 12
11 524 9
437 524 13
240 525 10
525 684 11
278 525 13
525 548 9
525 543 9
105 525 12
437 525 10
418 525 11
382 525 11
525 678 8
508 526 11
190 526 9
526 561 12
526 544 13
68 526 12
328 526 11
343 526 11
398 526 11
2 526 14
526 592 8
526 607 14
527 749 14
50 527 11
81 527 9
449 527 10
411 527 6
527 696 13
377 527 13
60 527 12
228 527 11
64 527 13
518 527 13
239 527 8
174 528 10
390 528 7
310 528 9
281 528 11
80 528 9
251 528 11
528 700 9
256 528 12
528 611 15
380 528 9
507 529 13
529 714 11
96 529 10
354 529 12
529 719 12
158 529 11
209 529 11
529 530 12
20 529 9
89 529 11
529 656 14
470 529 11
453 530 8
496 530 11
54 530 10
227 530 13
530 585 7
530 581 10
380 530 12
505 530 13
105 530 10
153 530 11
195 531 10
216 531 12
152 531 12
531 663 8
531 576 13
531 614 10
448 531 10
35 531 11
456 531 12
442 531 12
96 531 10
172 532 9
470 532 9
376 532 12
532 648 7
169 532 10
499 532 12
425 532 11
327 532 10
433 532 12
496 532 12
532 593 10
420 532 9
533 722 8
326 533 9
513 533 11
477 533 11
79 533 10
533 707 9
309 533 12
526 533 11
533 548 11
19 533 11
174 534 9
484 534 6
534 600 9
534 546 9
285 534 9
534 623 10
319 534 12
360 534 12
445 534 10
265 534 11
10 534 8
535 578 7
535 538 13
535 652 10
27 535 13
83 535 7
535 550 12
219 535 12
535 674 10
166 535 9
535 732 9
82 536 8
536 633 12
208 536 13
143 536 13
140 536 10
223 536 15
165 536 10
15 536 9
410 536 9
536 681 11
120 537 11
510 537 9
251 537 10
537 649 13
118 537 9
105 537 12
501 537 11
243 537 9
396 537 9
87 538 9
201 538 15
538 605 8
442 538 10
459 538 9
92 538 9
538 741 10
50 538 10
262 538 11
273 538 12
486 539 12
331 539 11
260 539 8
191 539 10
323 539 10
56 539 11
539 699 10
114 539 10
539 660 12
143 539 13
518 540 10
483 540 12
219 540 18
499 540 10
189 540 11
173 540 10
67 540 13
540 744 11
540 676 6
130 540 13
192 541 7
165 541 9
541 633 7
541 622 11
541 549 12
541 585 14
99 541 12
330 541 10
320 541 12
244 541 12
542 554 12
542 603 11
328 542 11
443 542 6
542 570 10
542 590 13
146 542 11
431 542 10
239 542 9
514 542 9
17 542 14
66 543 14
543 565 16
543 680 10
543 678 9
543 599 10
301 543 10
543 603 10
489 543 9
173 543 12
332 543 15
543 652 11
377 544 15
544 590 8
452 544 10
544 627 9
386 544 7
238 544 14
99 544 12
544 586 10
434 544 10
313 545 10
429 545 11
230 545 6
545 596 10
10 545 10
545 696 10
210 545 12
545 658 11
484 545 11
452 545 9
242 545 11
429 546 7
10 546 12
250 546 10
434 546 10
543 546 10
17 546 13
161 546 9
489 546 11
466 546 15
546 593 11
168 546 9
0 547 12
547 560 10
430 547 13
541 547 13
11 547 13
218 547 16
547 677 11
547 663 13
357 547 9
176 547 10
285 548 10
476 548 8
115 548 12
30 548 11
124 548 12
548 614 14
435 548 11
548 605 8
548 551 10
548 745 11
549 628 8
6 549 8
4 549 12
549 598 14
78 549 9
466 549 10
91 549 9
278 549 12
28 549 15
520 549 11
550 655 10
353 550 10
511 550 10
471 550 12
196 550 8
246 550 11
550 650 12
116 550 9
24 550 9
550 660 11
550 713 8
411 550 8
551 702 12
212 551 8
551 674 12
392 551 12
233 551 11
549 551 14
551 573 13
95 551 9
356 551 10
533 552 12
509 552 9
552 740 8
429 552 10
72 552 9
552 617 12
189 552 11
55 552 12
552 568 9
527 552 10
113 553 9
553 707 9
193 553 12
15 553 12
417 553 8
553 649 12
245 553 15
553 619 12
138 553 9
553 566 8
446 554 9
554 649 9
12 554 8
159 554 10
519 554 11
255 554 11
180 554 5
554 724 10
554 628 10
531 554 14
176 554 10
317 555 10
196 555 12
555 668 12
555 747 10
555 640 10
366 555 9
80 555 12
530 555 10
555 649 11
224 555 13
555 671 8
404 555 11
174 555 6
556 586 6
556 667 16
556 631 12
556 574 10
406 556 13
191 556 9
550 556 11
113 556 12
205 556 11
556 735 8
243 557 10
286 557 11
52 557 8
541 557 8
557 685 8
315 557 13
71 557 9
496 557 14
482 557 11
161 557 10
507 558 11
78 558 10
504 558 13
510 558 10
284 558 9
34 558 12
138 558 10
330 558 11
152 558 10
117 559 10
313 559 12
201 559 8
316 559 12
559 720 11
535 559 8
289 559 10
444 559 10
559 606 13
227 559 9
342 559 12
203 560 11
274 560 11
560 625 9
271 560 11
404 560 11
21 560 11
560 628 8
165 560 11
233 560 10
531 560 11
561 687 12
51 561 9
101 561 12
561 655 9
561 689 11
414 561 11
356 561 11
381 561 10
561 665 12
52 562 11
421 562 12
562 606 11
562 682 10
406 562 11
208 562 12
562 737 9
509 562 12
413 562 11
153 562 8
329 562 11
234 563 12
311 563 10
563 687 11
175 563 7
167 563 10
198 563 11
563 651 10
352 563 9
163 563 14
153 563 10
263 563 11
206 564 11
522 564 14
301 564 11
564 597 9
266 564 11
564 742 11
280 564 15
201 564 11
365 564 12
564 715 14
39 564 9
341 565 11
565 724 11
202 565 10
564 565 11
538 565 11
248 565 8
222 565 8
134 565 8
550 565 11
565 681 12
109 566 11
537 566 10
193 566 7
566 581 13
566 637 12
73 566 11
76 566 14
566 707 13
521 566 10
452 566 13
545 567 12
11 567 11
195 567 8
567 692 6
567 624 8
225 567 9
567 596 12
546 567 9
113 567 10
567 610 8
235 568 9
219 568 13
93 568 14
168 568 13
521 568 9
568 722 12
316 568 12
568 655 10
568 664 13
302 568 11
544 568 13
568 678 5
81 569 9
569 656 10
6 569 7
39 569 9
176 569 13
268 569 12
74 569 10
460 569 12
534 569 12
310 569 12
527 570 9
81 570 10
421 570 9
126 570 14
570 626 7
570 579 8
161 570 7
284 570 11
388 570 11
570 616 10
248 570 8
547 571 9
189 571 8
571 614 10
10 571 8
157 571 13
85 571 13
245 571 11
217 571 11
113 571 10
146 571 10
572 628 8
525 572 13
250 572 12
119 572 9
336 572 10
415 572 12
206 572 13
572 642 9
84 572 8
426 573 8
100 573 8
67 573 13
458 573 13
398 573 11
288 573 8
573 678 10
432 573 10
564 574 12
379 574 12
574 722 8
337 574 13
72 574 9
574 746 9
501 574 6
443 574 11
574 594 8
131 574 10
90 575 10
374 575 10
497 575 14
575 636 8
453 575 10
575 731 10
229 575 12
56 575 12
575 708 8
385 575 10
576 674 7
69 576 11
457 576 7
576 660 9
398 576 10
576 654 11
576 599 14
45 576 11
127 576 6
8 576 14
288 577 8
50 577 11
577 691 9
577 609 12
318 577 5
423 577 9
510 577 9
2 577 12
577 694 11
277 578 8
235 578 10
62 578 11
212 578 13
184 578 10
505 578 6
578 720 12
578 691 11
578 591 10
293 578 9
24 578 8
35 579 11
579 654 8
26 579 11
564 579 10
259 579 10
579 662 11
579 725 15
515 579 12
366 579 9
541 580 11
193 580 10
580 649 11
200 580 12
184 580 12
334 580 8
431 580 11
151 580 10
363 580 13
567 580 12
580 749 12
285 581 12
581 742 9
244 581 10
368 581 11
435 581 10
581 592 11
158 581 12
526 581 12
581 617 10
581 597 14
144 582 11
453 582 14
146 582 11
510 582 10
222 582 11
383 582 12
320 582 10
361 582 14
372 582 10
83 582 7
166 582 11
126 583 10
583 638 7
67 583 11
465 583 14
47 583 13
9 583 7
583 680 16
199 583 14
74 583 9
446 584 14
584 650 11
565 584 13
584 741 12
270 584 7
584 585 8
1 584 11
584 690 10
548 584 11
584 743 9
160 585 10
240 585 7
335 585 11
520 585 9
352 585 9
494 585 15
192 585 12
107 585 10
269 585 11
585 643 13
251 586 6
192 586 11
586 657 8
586 704 8
586 646 9
398 586 12
376 586 7
199 586 12
75 586 8
586 604 7
226 587 13
398 587 10
485 587 10
341 587 11
587 738 5
583 587 11
503 587 11
403 587 8
410 587 8
151 587 6
178 588 10
268 588 11
346 588 12
4 588 8
588 598 9
386 588 7
588 617 10
438 588 12
588 732 11
466 589 10
358 589 9
589 664 12
4 589 11
8 589 13
557 589 9
589 629 11
589 679 10
186 589 9
311 590 11
590 628 9
177 590 7
418 590 10
560 590 10
355 590 6
590 618 9
186 590 10
304 590 12
41 590 15
591 619 9
237 591 11
161 591 9
115 591 11
233 591 10
481 591 9
70 591 10
528 591 10
502 591 10
349 592 8
254 592 7
326 592 15
588 592 10
552 592 9
268 592 13
263 592 9
352 592 12
231 592 12
128 593 14
152 593 11
134 593 13
287 593 7
491 593 13
140 593 9
593 736 7
18 593 11
327 593 8
557 594 14
160 594 15
50 594 11
102 594 12
594 653 11
180 594 11
594 745 11
374 594 14
320 594 12
594 682 16
254 594 5
595 696 10
467 595 13
194 595 10
447 595 10
33 595 12
595 638 9
313 595 11
0 595 10
595 604 12
236 595 11
102 595 14
596 661 8
576 596 10
418 596 8
258 596 10
88 596 4
596 628 9
411 596 14
427 596 11
348 596 16
596 644 8
309 597 10
44 597 9
597 622 11
597 602 11
43 597 12
423 597 12
341 597 12
475 597 10
476 597 14
285 597 7
81 598 11
598 613 9
223 598 12
131 598 12
507 598 10
375 598 11
286 598 14
285 598 8
74 598 12
200 599 10
599 746 11
362 599 8
599 648 9
100 599 12
110 599 11
56 599 13
598 599 11
45 599 9
211 600 10
1 600 9
147 600 8
600 628 8
96 600 12
362 600 8
51 600 9
205 600 7
600 665 5
359 601 11
105 601 10
495 601 13
215 601 13
601 671 8
92 601 10
253 601 9
563 601 13
29 601 13
327 602 9
602 739 9
51 602 10
590 602 5
602 685 10
602 644 10
340 602 10
446 602 8
176 602 11
72 602 6
591 602 8
249 603 9
287 603 9
174 603 10
31 603 11
603 720 11
411 603 12
248 603 9
603 610 15
400 603 9
64 604 11
254 604 8
604 623 10
44 604 7
604 613 7
338 604 8
596 604 11
137 604 13
256 604 10
228 604 11
31 604 11
605 666 12
501 605 12
143 605 14
106 605 12
92 605 11
465 605 9
197 605 8
278 605 12
286 605 10
336 605 10
446 605 10
83 606 10
69 606 7
473 606 12
359 606 11
470 606 9
432 606 9
127 606 12
507 606 7
236 606 9
498 606 8
315 606 13
109 607 11
65 607 10
352 607 11
348 607 7
471 607 11
46 607 11
86 607 10
198 607 9
97 607 10
479 608 11
158 608 11
608 678 11
66 608 8
387 608 11
608 610 11
350 608 8
608 664 8
160 608 9
524 608 11
435 609 10
501 609 10
425 609 10
208 609 10
276 609 15
300 609 7
366 609 10
341 609 9
213 609 8
374 609 9
320 609 10
152 610 6
258 610 9
54 610 8
206 610 14
610 633 10
52 610 10
394 610 11
443 610 8
325 610 10
611 744 11
554 611 10
482 611 12
555 611 13
408 611 11
325 611 8
83 611 14
395 611 12
565 611 7
195 611 10
246 611 7
375 611 12
612 683 10
177 612 14
57 612 10
612 749 12
174 612 9
289 612 8
612 745 10
612 631 11
32 612 9
276 612 11
613 667 15
490 613 11
613 631 8
440 613 9
281 613 13
30 613 15
77 613 9
613 731 14
613 614 11
440 614 12
614 629 12
399 614 11
358 614 11
614 717 10
118 614 9
614 669 10
454 614 13
34 614 13
453 614 13
615 637 9
270 615 9
598 615 9
548 615 6
442 615 10
209 615 7
303 615 12
372 615 7
299 615 12
175 615 10
362 616 15
334 616 13
489 616 12
291 616 8
363 616 11
484 616 15
129 616 6
616 687 12
616 705 12
390 616 11
296 617 13
138 617 9
319 617 9
617 697 10
617 632 7
114 617 6
370 617 13
154 617 11
408 617 8
589 617 9
559 618 8
551 618 16
62 618 13
618 735 13
307 618 12
228 618 13
553 618 11
561 618 9
41 618 11
75 619 12
426 619 13
416 619 8
80 619 10
8 619 12
520 619 13
619 690 11
619 665 13
590 619 11
352 619 12
620 622 10
284 620 14
454 620 10
304 620 12
349 620 12
570 620 8
190 620 11
156 620 13
387 620 12
427 620 11
354 621 13
208 621 15
573 621 10
608 621 13
350 621 10
248 621 10
621 688 12
24 621 12
621 737 11
621 654 13
79 622 13
15 622 8
130 622 9
622 747 10
592 622 11
322 622 10
454 622 9
622 680 8
83 622 8
72 622 10
223 623 10
482 623 9
612 623 8
435 623 12
156 623 12
548 623 12
280 623 11
623 635 9
176 623 10
409 623 10
30 623 10
283 623 13
624 663 11
624 641 12
395 624 7
624 682 12
241 624 7
27 624 8
617 624 12
142 624 13
505 624 11
164 624 8
122 625 12
183 625 13
625 735 12
578 625 5
361 625 12
625 673 11
583 625 15
403 625 9
625 733 10
259 625 11
625 647 12
161 626 11
473 626 11
362 626 8
604 626 9
336 626 9
138 626 10
121 626 12
126 626 9
478 626 7
627 668 15
253 627 9
394 627 11
207 627 11
148 627 9
454 627 10
159 627 11
73 627 10
569 627 10
230 627 8
331 628 9
628 734 8
116 628 11
51 628 12
263 628 8
418 628 7
121 628 11
114 628 13
140 628 8
628 737 7
473 628 9
402 628 13
377 628 11
141 629 12
333 629 10
558 629 16
629 651 8
37 629 8
494 629 8
625 629 12
23 629 11
506 629 13
271 629 12
629 696 12
630 749 9
630 738 4
306 630 8
105 630 9
175 630 9
186 630 10
607 630 11
301 630 11
597 630 12
248 630 11
97 630 14
270 631 11
94 631 11
27 631 11
338 631 14
425 631 12
505 631 12
404 631 9
518 631 12
369 631 8
467 631 12
70 631 10
631 636 12
356 632 13
525 632 8
632 693 9
362 632 9
632 719 12
605 632 14
81 632 11
632 701 11
357 632 9
633 647 9
633 676 8
292 633 11
144 633 9
334 633 12
351 633 10
228 633 13
155 633 7
124 633 10
143 634 7
586 634 6
495 634 8
77 634 13
175 634 13
558 634 6
173 634 12
499 634 12
81 634 10
422 634 9
565 634 9
634 690 8
411 635 7
98 635 5
635 655 12
598 635 9
22 635 13
474 635 10
635 685 9
635 703 10
108 635 10
449 636 8
148 636 11
251 636 11
332 636 10
445 636 8
636 642 8
2 636 12
555 636 12
404 636 12
225 637 11
289 637 12
585 637 9
187 637 6
90 637 9
637 727 9
546 637 9
63 637 7
423 637 10
154 637 8
56 638 12
257 638 15
551 638 13
387 638 11
588 638 11
156 638 11
370 638 8
490 638 6
117 638 11
24 639 11
639 654 13
493 639 8
322 639 11
513 639 11
25 639 11
449 639 10
627 639 7
413 639 8
6 639 10
152 640 10
640 707 9
640 643 8
347 640 10
301 640 7
74 640 11
138 640 12
640 746 6
619 640 8
640 726 13
219 641 13
85 641 11
528 641 8
489 641 11
502 641 12
35 641 9
13 641 10
86 641 11
60 641 10
374 641 9
496 641 8
195 641 11
475 642 11
538 642 10
452 642 12
146 642 10
239 642 13
332 642 10
620 642 11
439 642 13
410 642 7
417 643 11
331 643 11
47 643 9
339 643 9
118 643 10
19 643 11
39 643 8
101 643 9
377 643 8
529 643 10
0 644 13
92 644 9
221 644 10
20 644 9
637 644 10
594 644 12
175 644 12
644 736 9
562 644 8
249 645 10
645 651 13
344 645 10
398 645 9
59 645 9
645 698 11
436 645 9
371 645 10
430 645 13
471 645 8
563 645 10
606 646 7
71 646 8
66 646 13
349 646 11
428 646 13
177 646 7
65 646 9
255 646 14
166 646 7
296 646 8
646 739 11
647 669 8
311 647 8
638 647 11
391 647 10
297 647 12
574 647 13
184 647 13
57 647 14
433 647 11
78 647 10
314 647 11
647 666 8
547 648 6
587 648 13
253 648 7
591 648 11
63 648 11
120 648 12
170 648 12
487 648 10
648 666 8
53 648 11
315 649 14
268 649 10
159 649 12
349 649 11
238 649 11
188 649 10
375 649 9
409 649 9
457 649 8
324 649 11
379 650 9
143 650 8
514 650 13
521 650 13
489 650 9
441 650 9
563 650 7
119 650 13
538 650 11
490 650 9
590 650 12
651 738 7
347 651 9
241 651 9
628 651 12
650 651 8
91 651 13
337 651 10
651 709 12
115 651 9
491 651 14
332 652 13
598 652 10
562 652 16
481 652 11
652 702 13
202 652 11
577 652 10
652 701 9
53 652 9
422 652 10
653 744 11
653 711 4
36 653 8
131 653 14
266 653 12
123 653 10
106 653 15
44 653 11
385 653 12
470 654 10
654 672 11
237 654 9
623 654 10
150 654 12
133 654 14
395 654 8
136 654 10
337 654 9
520 654 4
654 731 10
197 654 14
222 655 11
655 724 12
650 655 12
115 655 10
496 655 10
655 670 11
355 655 14
655 728 10
440 655 7
418 655 6
156 656 8
189 656 13
287 656 8
214 656 9
654 656 12
8 656 11
40 656 8
426 656 10
120 656 11
306 656 12
435 657 10
389 657 7
284 657 7
53 657 10
160 657 14
554 657 6
131 657 11
610 657 12
498 657 7
589 657 8
657 674 9
656 657 11
45 658 15
652 658 8
217 658 10
233 658 11
309 658 8
7 658 9
465 658 15
496 658 12
512 659 13
271 659 3
424 659 9
209 659 10
471 659 10
312 659 12
164 659 10
102 659 9
631 659 12
591 659 10
66 660 9
375 660 11
642 660 9
498 660 13
554 660 12
593 660 10
73 660 10
288 660 13
599 660 11
661 744 10
374 661 9
5 661 10
656 661 11
661 715 9
53 661 10
171 661 11
442 661 13
661 709 7
595 661 11
156 662 11
20 662 9
492 662 7
287 662 9
34 662 10
274 662 13
614 662 10
369 662 7
395 662 12
341 663 10
508 663 12
663 703 10
201 663 11
169 663 10
663 737 9
257 663 11
510 663 12
247 663 8
342 663 11
663 678 9
541 664 13
645 664 10
152 664 8
38 664 7
370 664 10
226 664 10
197 664 9
664 665 6
447 664 9
558 664 7
346 665 12
433 665 11
665 675 12
530 665 11
92 665 8
487 665 14
104 665 8
510 665 7
336 665 11
27 665 10
659 666 12
253 666 12
6 666 8
666 716 10
238 666 14
262 666 10
619 666 12
562 666 12
394 666 11
646 666 9
336 667 13
642 667 10
665 667 10
500 667 9
667 687 8
650 667 14
667 676 14
348 667 11
472 667 10
660 667 12
186 668 10
161 668 11
463 668 11
400 668 11
350 668 14
245 668 10
419 668 7
516 668 12
152 668 13
405 668 9
190 668 7
512 669 9
24 669 13
392 669 10
189 669 15
669 703 13
669 709 11
120 669 11
620 669 12
586 669 10
670 740 11
402 670 10
440 670 9
50 670 12
539 670 10
670 675 11
255 670 10
671 726 11
619 671 9
488 671 11
531 671 11
89 671 8
523 671 9
671 703 9
135 671 13
598 671 11
168 671 11
226 672 10
30 672 11
672 693 7
523 672 9
461 672 10
189 672 11
664 672 12
250 672 8
520 672 8
135 673 9
622 673 13
133 673 9
154 673 10
282 673 10
627 673 10
673 704 12
401 673 8
126 673 11
384 673 9
542 673 12
174 674 14
73 674 12
527 674 9
26 674 14
125 674 9
247 674 9
22 674 6
60 674 8
163 674 9
575 674 8
530 674 9
210 674 11
368 675 14
38 675 11
443 675 13
237 675 9
489 675 12
645 675 12
675 691 13
49 675 11
628 675 9
316 675 13
655 676 15
221 676 12
13 676 11
189 676 10
239 676 10
676 736 9
471 676 10
32 676 11
132 676 10
518 676 12
85 677 11
677 731 9
113 677 11
380 677 9
612 677 13
364 677 12
303 677 13
68 677 10
376 677 10
233 677 9
129 677 11
678 717 11
516 678 8
371 678 12
662 678 10
614 678 7
504 678 12
325 678 9
483 678 8
641 678 11
153 678 9
120 679 4
259 679 9
600 679 11
274 679 11
395 679 10
44 679 13
241 679 7
239 679 12
679 710 10
101 679 11
390 680 7
374 680 12
576 680 10
479 680 11
385 680 10
146 680 13
680 689 10
166 680 13
349 681 10
12 681 11
476 681 10
394 681 17
681 706 10
307 681 11
681 744 11
626 681 8
305 681 9
361 681 9
682 739 14
208 682 13
244 682 15
682 718 10
125 682 13
284 682 11
240 682 11
489 682 10
615 682 9
682 711 15
556 682 10
354 683 10
391 683 10
630 683 9
26 683 11
547 683 10
254 683 9
107 683 11
683 742 13
68 683 13
133 683 11
28 684 12
270 684 8
73 684 9
606 684 8
336 684 11
183 684 12
93 684 13
13 684 8
420 684 10
121 684 10
685 692 10
64 685 10
85 685 8
478 685 11
575 685 9
330 685 10
685 705 8
163 685 11
588 685 9
160 685 13
398 685 10
250 686 12
209 686 9
442 686 10
303 686 12
582 686 10
686 696 13
133 686 8
407 686 7
374 686 13
687 738 11
453 687 7
116 687 9
172 687 10
687 733 10
604 687 10
434 687 10
543 687 10
14 687 12
687 729 7
688 725 9
21 688 11
473 688 13
519 688 12
486 688 9
209 688 13
322 688 9
496 688 8
213 688 14
476 688 13
52 688 12
239 689 9
187 689 11
202 689 8
247 689 11
478 689 10
607 689 14
445 689 11
428 689 12
162 689 10
440 689 15
576 690 11
648 690 11
650 690 9
604 690 9
629 690 9
16 690 13
343 690 14
186 690 14
376 690 11
597 690 13
436 690 11
9 691 7
216 691 9
464 691 11
333 691 5
87 691 13
485 691 10
303 691 12
270 691 9
209 691 9
418 691 14
184 691 12
242 691 11
432 692 11
167 692 8
160 692 13
477 692 8
73 692 12
413 692 8
254 692 12
48 692 9
217 692 11
531 693 13
410 693 9
681 693 10
306 693 10
662 693 8
434 693 9
693 748 9
568 693 9
642 693 12
271 693 13
74 694 7
627 694 9
304 694 9
667 694 12
204 694 11
158 694 11
132 694 13
22 694 9
224 694 12
676 695 11
94 695 10
123 695 11
422 695 13
616 695 13
197 695 10
31 695 12
214 695 11
337 695 12
419 695 10
517 695 11
369 696 9
151 696 11
390 696 10
160 696 10
696 726 12
39 696 15
338 696 11
310 696 10
257 696 12
584 696 7
471 696 13
68 696 10
612 697 8
175 697 7
697 738 11
520 697 10
299 697 13
210 697 11
7 697 13
115 697 10
564 697 9
502 698 10
516 698 14
175 698 11
590 698 14
65 698 9
698 746 12
409 698 13
331 698 8
531 698 10
10 699 10
699 717 10
489 699 12
563 699 9
484 699 8
174 699 11
585 699 12
439 699 12
238 699 12
243 699 13
582 700 12
293 700 14
459 700 10
700 748 7
419 700 8
487 700 9
424 700 8
163 700 14
136 700 10
603 700 10
137 700 8
270 701 13
643 701 11
528 701 13
530 701 12
212 701 7
549 701 11
82 701 9
356 701 12
243 701 9
625 701 10
242 702 12
379 702 11
503 702 12
251 702 13
507 702 11
416 702 11
702 740 10
297 702 13
488 702 8
206 702 10
632 703 12
643 703 10
598 703 10
107 703 8
496 703 7
472 703 10
422 703 13
137 703 7
172 703 11
663 704 11
337 704 10
396 704 10
640 704 9
558 704 9
393 704 12
442 704 12
646 704 12
611 705 10
258 705 11
554 705 8
110 705 10
349 705 9
225 705 11
316 705 13
267 705 7
583 705 11
682 705 7
35 706 11
666 706 9
602 706 13
698 706 9
622 706 14
273 706 16
590 706 8
656 706 10
253 706 10
37 706 10
298 707 10
326 707 13
391 707 8
546 707 9
330 707 14
331 707 8
60 707 9
531 707 11
596 707 12
43 707 9
509 707 12
422 708 10
20 708 9
633 708 12
397 708 12
619 708 14
708 748 10
308 708 10
45 708 13
373 708 13
484 709 11
75 709 8
504 709 6
625 709 11
252 709 10
64 709 12
73 709 8
139 709 10
520 709 12
689 709 9
153 710 10
664 710 14
222 710 13
185 710 12
607 710 9
388 710 12
25 710 12
303 710 10
209 710 11
88 710 11
562 710 7
459 710 11
356 711 12
230 711 10
526 711 13
421 711 12
270 711 9
439 711 8
51 711 8
644 711 12
198 711 8
609 711 11
199 711 7
691 712 12
79 712 10
173 712 10
707 712 7
680 712 12
32 712 8
146 712 10
712 743 10
33 712 10
476 712 10
176 713 10
666 713 11
446 713 11
480 713 12
358 713 11
365 713 13
645 713 9
18 713 12
696 713 11
231 713 11
83 713 11
395 713 10
387 714 9
252 714 12
707 714 9
638 714 11
200 714 13
180 714 10
266 714 13
336 714 11
223 714 10
92 714 5
469 715 9
336 715 10
341 715 10
28 715 8
343 715 11
46 715 13
412 715 11
185 715 7
520 715 9
92 715 11
306 716 12
515 716 8
464 716 12
680 716 8
162 716 12
255 716 12
475 716 13
243 716 8
10 716 9
362 716 11
232 716 10
632 717 12
717 725 11
281 717 10
495 717 11
717 720 12
109 717 8
717 743 11
551 717 13
493 718 7
671 718 12
192 718 12
329 718 10
703 718 12
583 718 12
81 718 11
376 718 11
405 718 11
220 718 9
537 718 9
323 719 10
423 719 9
74 719 9
430 719 14
581 719 9
577 719 10
331 719 10
139 719 11
132 719 15
251 719 14
462 720 13
25 720 10
60 720 9
585 720 13
190 720 9
203 720 8
666 720 12
720 745 11
454 720 8
61 720 14
187 720 8
93 721 15
558 721 9
721 737 10
252 721 8
721 722 11
685 721 12
90 721 14
480 721 6
64 721 8
386 721 8
285 722 10
183 722 10
393 722 12
636 722 12
585 722 10
455 722 10
709 722 11
221 722 12
394 722 10
84 722 12
18 723 9
421 723 13
648 723 10
366 723 12
279 723 12
157 723 11
54 723 12
270 723 12
472 723 11
89 723 10
206 724 9
239 724 9
315 724 12
141 724 10
376 724 14
126 724 11
395 724 11
560 724 11
97 724 8
234 724 10
154 724 11
211 725 11
333 725 9
225 725 12
370 725 10
537 725 13
640 725 11
325 725 10
334 725 12
8 725 10
229 725 10
248 726 7
598 726 12
327 726 10
229 726 14
563 726 14
67 726 11
568 726 10
508 726 13
273 726 7
423 726 10
475 726 10
644 726 16
682 727 11
614 727 6
706 727 9
373 727 8
282 727 11
717 727 10
268 727 8
20 727 11
694 727 6
577 728 10
182 728 10
547 728 9
245 728 9
324 728 8
506 728 10
481 728 7
694 728 11
698 728 12
410 729 7
97 729 14
295 729 10
264 729 15
694 729 10
197 729 11
616 729 11
604 729 8
3 729 11
212 730 9
176 730 11
28 730 9
516 730 11
424 730 10
313 730 9
522 730 13
106 730 10
322 730 16
233 730 12
618 730 13
721 731 10
37 731 8
581 731 10
532 731 9
257 731 10
167 731 12
597 731 10
263 731 12
499 731 9
508 732 11
684 732 10
86 732 8
714 732 12
416 732 11
445 732 9
361 732 6
421 732 11
397 733 10
679 733 13
331 733 8
354 733 10
528 733 9
509 733 8
453 733 13
97 733 15
94 733 7
594 733 8
229 733 8
321 734 7
355 734 9
581 734 11
249 734 14
403 734 13
669 734 9
272 734 12
557 734 12
364 734 12
288 734 13
65 735 12
552 735 8
4 735 13
236 735 11
43 735 9
95 735 10
370 735 13
290 735 9
735 746 8
650 735 7
326 736 11
516 736 7
728 736 8
258 736 10
220 736 12
506 736 10
736 739 7
495 736 11
221 736 11
713 736 9
283 737 9
449 737 8
96 737 9
250 737 9
573 737 13
725 737 15
55 737 9
423 737 10
653 737 9
116 737 11
632 737 15
317 738 10
492 738 9
463 738 11
269 738 10
39 738 8
72 738 10
154 738 11
34 738 11
192 738 13
376 738 8
149 739 12
695 739 12
465 739 10
623 739 13
548 739 7
54 739 11
595 739 11
304 739 14
714 739 9
396 739 10
174 739 9
271 740 12
277 740 11
454 740 14
219 740 14
513 740 9
712 740 12
220 740 9
55 740 12
577 740 9
191 740 12
71 741 11
378 741 10
166 741 13
518 741 9
495 741 9
612 741 11
535 741 9
726 741 11
188 741 9
571 741 9
611 742 11
647 742 12
220 742 13
210 742 7
181 742 8
391 742 9
2 742 9
560 742 12
67 742 8
358 743 17
253 743 10
595 743 14
248 743 8
171 743 9
697 743 11
296 743 10
237 743 10
538 743 11
153 744 8
564 744 9
718 744 10
638 744 10
262 744 8
39 744 12
172 744 11
333 744 11
398 744 9
292 745 11
455 745 14
22 745 10
33 745 11
704 745 11
621 745 10
342 745 11
700 745 10
278 745 10
425 745 10
731 746 11
408 746 6
154 746 11
421 746 8
411 746 9
274 746 6
247 746 12
713 746 9
426 746 11
480 746 9
184 747 10
715 747 12
632 747 8
216 747 8
269 747 11
240 747 12
666 747 9
514 747 9
693 747 10
687 747 14
287 748 10
164 748 13
573 748 9
284 748 12
297 748 10
658 748 9
256 748 8
632 748 14
182 748 11
309 748 11
228 748 16
582 749 15
8 749 7
24 749 9
562 749 10
48 749 11
291 749 9
69 749 8
262 749 13
559 749 10
709 749 8
