750
0
2
2
1
3
2
7
1
9
3
2
6
7
8
3
4
5
1
9
2
2
2
10
8
3
6
10
2
8
10
8
6
3
4
8
2
4
10
9
7
6
4
9
2
3
9
2
5
8
8
4
3
4
1
9
10
7
9
9
2
4
10
6
7
5
7
5
10
6
10
6
2
2
3
4
7
8
5
2
6
7
10
9
1
8
5
9
2
5
10
5
1
2
6
8
4
5
9
2
9
9
8
9
8
2
4
4
5
4
7
9
4
6
6
5
6
2
4
7
8
3
10
8
2
3
7
8
10
6
6
3
2
2
3
4
9
10
9
6
4
3
6
7
7
9
4
9
5
10
7
7
6
10
8
6
3
6
1
8
8
9
3
7
10
4
8
6
5
9
8
8
1
5
1
9
6
5
2
2
5
6
1
2
10
5
2
10
10
8
8
3
4
8
2
3
7
5
6
10
1
7
9
6
3
8
3
6
5
8
7
7
5
2
6
8
6
4
3
6
10
5
3
5
10
4
1
10
5
3
5
9
4
5
9
10
5
6
2
5
4
10
10
9
7
2
2
3
3
4
10
3
9
3
6
6
9
7
3
1
9
5
10
5
8
2
10
6
8
8
3
3
10
6
10
6
4
6
9
4
10
9
8
5
6
8
3
8
5
9
7
2
6
3
9
4
8
5
6
10
7
3
3
9
8
3
3
7
4
7
10
10
2
5
4
3
7
8
10
3
7
4
3
9
5
1
1
4
4
1
9
7
2
7
1
9
4
4
6
5
2
7
3
2
9
10
2
3
4
2
4
6
3
7
4
4
4
7
3
7
9
3
9
2
6
2
8
8
6
9
6
7
5
1
6
10
2
6
5
7
5
7
5
6
2
2
5
3
6
3
4
2
4
5
3
1
7
3
3
7
5
6
10
1
6
7
4
3
4
8
2
8
2
8
5
6
9
8
8
6
6
3
10
7
10
9
1
2
4
1
8
2
4
10
3
3
9
7
5
3
3
3
3
9
7
6
3
8
9
4
3
9
2
4
7
5
4
8
9
7
2
8
5
5
8
2
3
5
5
9
3
8
3
7
8
6
9
1
7
6
5
3
3
8
3
8
9
9
7
7
5
8
10
4
4
9
10
4
5
9
5
9
5
8
2
1
2
7
7
7
5
9
8
8
7
6
9
9
5
10
7
8
1
3
2
1
5
6
8
2
5
6
8
9
10
9
4
2
6
2
7
8
7
2
10
2
8
4
2
7
8
5
9
1
1
9
6
8
8
3
4
6
5
2
10
6
8
1
7
2
8
4
9
5
5
9
6
6
7
7
3
9
7
8
8
5
5
4
6
6
6
10
9
4
8
3
7
6
7
5
4
7
1
6
7
10
8
6
4
7
9
9
6
9
3
9
3
1
1
3
3
4
9
9
8
2
9
9
2
8
6
3
5
6
6
3
1
9
3
10
1
5
3
9
2
5
3
8
3
3
9
2
1
7
10
8
4
6
10
9
3
9
3
9
8
9
10
6
3
8
2
10
7
4
9
6
8
1
6
1
6
4
8
2
10
10
1
8
2
4
4
5
8
8
8
1
3
3
4
4
4
3
5
8
1
3
5
6
7
9
2
4
7
3
5
5
2
8
1
8
1
5
9
8
3
1
5
9
2
6
6
9
10
5
9
7
6
7
2
5
2
7
8
2
3
4
7
4
9
8
5
0 451 7
0 433 12
0 724 7
0 376 8
0 578 11
0 190 14
0 460 9
0 69 11
0 431 11
0 120 12
1 410 9
1 290 11
1 601 7
1 31 11
1 574 9
1 70 13
1 545 11
1 241 11
1 204 11
1 746 9
2 321 11
2 5 8
2 542 9
2 617 15
2 484 10
2 342 12
2 97 11
2 418 6
2 678 8
3 30 9
3 554 12
3 414 10
3 551 9
3 564 10
3 590 13
3 63 11
3 661 9
4 679 9
4 551 11
4 600 12
4 458 11
4 619 10
4 669 9
4 90 8
4 569 11
4 172 9
5 638 9
5 361 9
5 653 11
5 219 10
5 124 11
5 715 12
5 565 10
5 591 11
5 86 12
5 515 11
6 103 12
6 315 14
6 358 13
6 200 13
6 288 13
6 171 10
6 552 12
2 6 11
6 439 10
6 526 12
6 725 12
7 478 9
7 157 12
7 394 9
7 616 10
7 267 10
7 143 13
7 471 14
7 20 9
7 458 8
7 524 6
8 93 12
8 405 12
8 72 12
8 202 10
8 332 8
8 119 12
8 446 9
8 646 7
8 687 11
8 306 10
8 480 13
9 638 8
9 237 7
9 406 14
9 728 11
9 266 11
9 385 12
9 242 9
9 22 10
9 358 13
9 109 8
9 712 10
10 101 10
10 643 10
10 490 8
10 480 10
10 499 9
10 308 12
10 333 10
10 593 8
10 716 11
10 498 12
11 185 12
11 292 11
6 11 10
11 148 13
11 534 9
11 378 9
11 545 12
11 699 10
11 703 12
11 537 11
11 504 13
12 505 15
12 336 13
12 38 7
12 48 10
12 52 14
12 393 15
12 374 12
12 41 12
12 309 7
12 686 6
12 125 12
12 401 12
13 136 12
13 430 10
13 137 10
13 251 10
13 253 9
13 93 11
13 294 12
13 459 10
13 252 7
13 373 11
14 200 13
14 67 12
14 192 12
14 72 8
14 226 8
14 592 13
14 605 10
0 14 13
14 376 10
15 375 14
15 414 11
15 636 10
15 612 13
15 151 10
15 94 10
15 395 12
15 378 14
15 436 10
16 587 8
16 690 9
16 66 12
16 445 12
16 147 13
16 393 13
16 57 11
16 385 10
16 186 7
16 601 7
16 323 11
17 220 11
17 324 8
17 141 11
17 476 12
17 208 8
17 74 10
17 189 9
17 72 12
17 174 10
17 646 11
18 426 9
18 671 8
18 172 13
18 465 11
18 160 14
18 265 10
18 577 11
18 291 11
18 522 12
18 351 8
18 242 16
19 27 7
19 86 13
19 61 10
19 296 9
19 124 11
19 519 11
19 248 10
19 473 15
19 642 11
19 725 12
20 262 13
20 535 12
20 236 12
20 35 12
20 441 11
20 97 11
20 680 13
20 678 12
20 213 11
20 413 8
20 456 11
21 707 8
21 639 9
21 576 10
21 289 7
21 409 10
21 167 11
21 573 9
21 484 11
21 438 8
22 475 10
22 283 14
22 293 13
22 122 10
22 119 11
22 502 10
22 569 12
22 570 9
22 154 10
22 695 10
22 668 13
23 195 12
23 646 10
23 40 11
23 366 12
23 720 13
23 652 13
23 621 7
23 738 14
23 685 12
24 270 11
24 678 11
24 223 11
24 126 8
24 346 7
24 623 10
24 162 8
24 278 11
24 304 13
24 148 11
24 696 12
25 486 11
25 62 13
25 130 12
25 607 12
25 473 13
25 97 12
25 235 12
25 492 12
25 389 8
26 584 12
26 565 9
26 510 13
26 455 9
26 676 11
26 107 12
26 179 10
26 210 13
26 211 9
27 222 9
27 136 7
27 415 9
27 716 9
27 674 10
27 314 8
27 525 10
27 433 11
27 78 12
27 483 10
28 417 10
13 28 9
28 498 12
28 298 8
28 431 9
28 724 9
28 257 13
28 308 9
28 633 13
28 607 10
29 195 9
29 151 12
29 216 11
29 407 12
29 358 9
29 718 12
29 176 13
29 742 9
29 115 9
29 226 12
29 101 10
30 591 11
30 361 9
30 359 8
30 89 12
30 249 11
30 553 9
30 84 8
30 357 11
30 333 12
30 154 10
30 446 8
31 622 10
31 228 12
31 70 10
31 237 10
31 710 9
31 104 17
31 400 10
31 390 15
31 593 12
31 303 10
32 128 9
32 728 11
32 190 15
32 526 10
32 47 10
32 56 10
32 154 10
32 326 7
32 561 12
33 234 10
33 314 13
33 224 14
33 695 10
33 728 9
33 403 12
33 304 11
33 700 7
33 432 10
33 279 11
33 651 12
34 374 10
34 636 9
34 709 11
34 682 11
34 689 9
34 647 12
34 252 10
34 386 10
34 326 13
34 112 11
34 311 14
35 480 12
35 741 12
35 79 11
35 190 14
35 426 11
35 126 8
35 679 13
35 289 15
35 441 11
35 431 7
35 547 13
35 308 12
36 94 11
36 603 7
36 434 10
36 730 13
36 266 10
36 729 12
36 277 7
36 613 12
36 693 8
36 103 12
36 435 10
36 382 10
34 37 10
37 454 13
37 654 10
37 632 8
37 741 8
4 37 13
37 252 9
37 602 11
37 334 10
10 37 11
37 523 11
37 417 11
38 224 11
38 155 11
38 449 11
22 38 11
38 303 9
38 164 11
38 666 11
38 351 9
38 744 9
39 655 13
39 538 10
39 119 12
39 676 8
39 196 12
39 92 10
39 61 8
39 432 10
39 423 8
40 55 11
40 505 11
40 320 9
12 40 12
40 372 11
40 221 11
40 509 13
40 567 13
40 294 10
41 192 13
41 590 11
41 668 8
41 274 10
41 290 10
41 694 10
41 132 13
41 498 14
41 665 11
42 316 7
42 106 12
42 720 9
42 107 12
42 638 12
42 683 11
42 492 15
42 153 11
43 92 9
43 737 10
43 297 10
43 354 10
43 204 10
43 89 14
43 173 11
43 138 9
43 497 9
44 664 9
44 121 7
44 434 13
44 657 11
44 720 8
44 731 11
44 481 13
44 120 10
44 735 15
44 475 17
45 489 11
45 92 9
45 396 10
45 205 12
45 273 12
45 173 9
45 512 9
42 45 11
45 723 12
46 533 11
46 83 10
46 509 11
46 678 9
46 465 9
46 188 9
46 712 11
46 466 11
46 99 11
46 168 8
46 498 11
46 486 10
46 384 12
47 338 8
47 293 9
46 47 12
47 598 10
47 497 8
47 682 11
47 276 9
47 515 10
47 224 11
48 184 12
48 451 8
48 385 10
48 620 9
48 696 11
48 671 9
48 546 10
48 613 7
49 352 10
49 378 12
49 466 13
32 49 8
49 692 13
49 178 12
49 62 11
49 208 14
49 239 13
49 580 9
50 532 12
50 379 11
40 50 14
50 343 6
50 197 10
50 105 10
50 303 12
50 543 10
50 281 9
51 620 15
51 120 12
51 273 13
51 244 13
51 374 10
51 288 12
51 591 10
16 51 9
51 688 8
51 470 11
52 187 11
52 601 11
52 87 11
52 556 9
52 669 13
52 719 10
52 605 9
52 92 11
52 99 13
52 729 10
53 157 8
53 606 12
53 544 12
53 568 8
53 578 12
53 684 13
53 114 11
46 53 7
53 330 9
53 362 8
54 613 12
54 747 8
54 386 10
54 626 10
54 425 10
54 325 13
54 362 13
54 464 10
54 460 9
55 250 8
55 749 10
55 655 10
55 239 14
55 647 11
55 306 11
55 295 6
55 318 11
56 440 11
56 320 12
56 607 11
56 80 12
56 603 14
56 531 9
56 486 13
56 511 7
56 488 8
56 108 9
56 341 10
57 193 10
57 104 13
53 57 8
57 335 8
57 368 11
57 442 11
57 555 10
57 109 13
57 314 8
57 608 6
57 469 11
58 686 12
58 485 9
58 749 9
58 732 13
58 162 12
58 347 9
58 202 11
58 297 13
58 479 10
52 59 13
59 70 8
59 511 8
59 582 10
59 327 10
59 524 11
59 439 15
59 204 11
59 317 7
33 59 10
59 133 10
60 699 10
60 421 8
60 356 13
60 600 11
60 192 8
60 209 13
60 109 11
60 235 9
60 636 9
60 542 10
60 590 8
61 150 11
61 63 8
4 61 12
61 729 10
61 627 10
61 688 12
61 700 13
61 717 11
61 136 8
61 552 7
61 353 13
62 159 12
62 484 9
62 186 11
62 443 12
62 410 9
62 269 13
62 348 11
62 593 10
62 205 11
62 726 8
62 125 10
63 485 10
8 63 15
63 329 9
37 63 9
63 634 12
26 63 10
63 361 13
63 368 10
63 112 10
63 136 8
64 263 9
64 582 11
64 628 7
64 526 12
50 64 10
64 124 11
64 423 9
64 540 9
64 415 12
64 271 10
64 666 9
65 289 12
65 576 7
65 387 11
65 487 11
65 732 10
65 389 12
65 710 13
65 663 11
65 694 9
65 512 8
66 272 12
66 547 12
66 646 10
66 350 8
66 319 13
66 545 9
66 131 8
66 331 12
67 108 10
67 721 11
67 333 9
67 604 8
67 68 13
67 505 7
67 396 8
67 450 9
67 560 12
67 384 9
67 552 14
68 211 9
68 474 10
68 95 12
68 366 13
68 567 11
68 589 14
68 261 12
68 298 12
68 454 12
68 357 13
22 69 11
69 193 12
69 345 12
69 310 14
21 69 6
69 349 14
69 532 10
69 500 10
69 543 12
69 690 12
69 656 10
70 252 11
70 217 11
70 248 14
70 287 8
70 296 11
70 567 14
70 385 8
70 671 9
70 635 10
70 264 11
25 70 14
71 145 8
29 71 6
71 283 14
71 549 13
71 292 15
71 322 9
31 71 12
69 71 13
71 704 11
71 662 9
72 540 17
72 321 12
72 276 10
1 72 9
72 578 9
72 285 12
72 392 11
54 72 12
72 482 9
72 573 6
72 552 8
72 729 9
73 399 9
73 433 13
73 477 11
73 527 11
73 353 14
73 291 11
73 478 13
73 648 12
43 73 13
53 74 12
74 636 13
74 380 10
74 517 7
74 577 8
74 77 13
74 345 8
21 74 8
74 272 14
74 284 11
75 545 12
75 592 9
75 186 11
75 472 9
75 671 12
75 79 8
31 75 7
75 626 13
75 510 13
75 474 10
54 75 12
7 75 8
76 290 10
76 273 14
76 471 13
76 245 9
76 519 16
76 646 5
76 534 8
76 645 10
76 148 13
76 655 12
76 515 10
76 200 9
77 639 10
77 736 13
77 605 12
77 445 10
77 198 13
77 732 9
77 626 7
77 554 9
77 729 9
77 195 10
78 310 13
78 702 11
28 78 8
78 300 11
78 527 10
78 337 11
78 360 12
78 476 10
78 91 9
78 340 11
78 604 9
79 739 9
79 714 12
79 701 7
79 675 11
79 570 12
79 228 10
79 266 14
79 579 12
79 457 6
79 299 9
80 574 18
80 695 13
80 85 11
80 323 13
80 261 11
80 201 9
80 83 11
80 552 11
80 367 12
80 609 9
80 208 12
4 80 7
64 81 11
81 305 10
81 447 10
81 532 10
81 342 13
76 81 12
81 680 14
81 453 9
81 186 12
9 81 13
82 495 8
82 458 13
43 82 7
82 405 13
82 473 10
14 82 9
82 129 12
82 216 10
82 106 11
83 332 10
83 665 8
83 615 12
83 673 13
83 582 9
38 83 11
83 617 14
83 737 11
84 391 10
84 493 12
84 574 15
84 534 13
84 169 10
84 306 8
84 551 11
84 514 11
84 723 10
84 398 10
85 688 8
85 580 12
85 646 9
85 354 12
85 576 9
85 378 11
85 520 9
82 85 9
85 272 13
86 108 9
59 86 13
86 264 9
86 356 8
86 107 9
86 596 10
86 376 10
86 168 11
87 284 10
87 639 11
87 270 15
87 195 9
87 675 10
87 99 11
87 271 13
87 686 9
87 253 13
87 354 9
87 534 11
88 505 12
88 441 12
88 207 7
88 321 13
88 389 10
36 88 9
88 693 11
88 555 11
88 271 15
88 515 11
48 89 8
89 566 6
89 616 11
89 394 12
37 89 13
5 89 10
89 548 8
89 396 8
89 723 9
90 211 8
90 550 12
90 698 13
90 386 11
90 702 12
90 744 6
90 555 10
90 524 12
90 512 14
90 217 8
90 209 10
91 350 12
91 673 12
91 635 10
91 648 10
91 465 14
91 244 12
91 451 12
69 91 13
91 453 12
91 731 9
56 92 8
92 233 10
92 271 12
92 308 8
92 377 11
92 129 12
92 280 11
92 524 12
92 571 10
92 369 9
93 411 8
60 93 10
57 93 13
93 305 10
49 93 13
93 122 10
93 293 12
40 93 13
70 93 13
93 345 13
93 587 10
94 560 8
94 502 6
94 454 14
94 685 12
94 311 8
21 94 10
94 171 10
94 712 9
94 607 9
95 129 10
95 123 13
95 99 11
95 748 12
95 563 10
95 157 12
92 95 9
95 100 10
95 264 10
95 274 11
4 96 10
96 744 5
96 552 12
96 444 8
96 165 11
96 607 15
26 96 13
96 431 9
87 96 10
96 357 10
96 348 11
97 197 12
97 507 12
97 144 9
97 688 11
97 209 12
97 574 12
97 740 13
97 164 8
97 187 14
97 361 13
97 593 8
98 741 12
98 365 9
98 574 15
83 98 10
98 188 11
98 199 9
98 427 11
98 705 10
90 98 7
98 314 11
32 99 11
99 464 13
99 572 8
99 399 11
99 435 13
39 99 9
44 99 11
99 508 9
99 646 6
33 99 12
100 111 7
100 442 9
100 358 12
100 379 10
100 365 14
100 724 14
100 667 12
100 454 12
100 439 13
101 332 8
101 719 8
101 668 11
101 630 6
94 101 9
101 503 6
101 600 10
101 301 11
101 475 10
102 112 10
32 102 11
102 538 13
100 102 11
102 433 9
102 437 12
94 102 9
102 432 12
101 102 10
102 542 9
96 103 10
103 419 11
103 325 10
103 670 9
103 447 12
103 286 14
103 613 5
103 508 11
103 409 11
103 481 12
104 278 9
104 733 11
58 104 9
104 552 10
104 703 10
104 313 10
104 510 10
104 460 13
104 423 11
104 345 8
105 547 9
105 572 14
105 156 9
105 444 8
105 153 10
105 253 10
105 188 9
105 440 12
105 264 10
105 719 9
106 637 12
106 644 12
106 163 10
106 423 11
106 296 10
30 106 10
106 652 11
40 106 8
106 606 11
106 218 11
107 289 7
107 335 10
107 537 13
107 690 11
107 267 10
107 705 14
107 579 11
107 610 9
107 398 7
107 131 12
108 520 11
108 412 12
108 123 8
108 749 7
108 668 12
108 264 9
108 423 10
108 497 9
109 346 9
109 442 11
109 205 11
109 627 5
109 329 12
109 661 12
109 413 10
109 262 9
109 557 13
109 461 12
110 371 9
110 145 12
110 667 11
110 272 12
110 558 11
110 271 18
110 581 7
110 579 10
110 588 11
110 587 12
111 629 12
111 180 15
111 228 6
111 361 9
111 470 14
31 111 10
93 111 9
102 111 13
111 337 10
111 471 10
112 298 10
112 415 11
112 242 13
112 402 10
21 112 10
112 303 11
112 258 7
112 297 8
112 674 10
112 512 7
112 573 11
113 550 11
8 113 7
113 746 11
113 328 9
57 113 10
113 618 11
113 486 13
7 113 11
113 474 10
113 414 10
113 415 7
114 234 9
114 513 13
114 699 9
114 444 7
114 307 12
114 605 9
22 114 11
114 169 12
115 354 11
115 568 12
115 715 12
115 454 12
115 651 10
115 644 12
115 398 9
115 565 7
115 690 7
64 115 12
106 115 12
116 132 12
116 171 11
116 505 12
116 484 12
116 675 8
116 151 12
116 345 10
116 279 6
116 502 14
116 416 9
117 569 13
117 645 14
46 117 13
117 734 9
117 478 12
117 610 9
117 427 8
117 384 8
117 176 6
73 117 11
117 279 8
117 686 11
118 680 9
118 409 12
118 320 15
118 717 9
118 379 11
47 118 10
118 230 12
118 509 14
118 452 12
118 473 11
119 202 13
119 565 13
119 404 10
119 464 10
92 119 10
119 658 8
43 119 11
5 119 8
69 119 13
119 205 7
120 454 9
120 349 10
120 492 11
120 737 9
120 698 8
120 210 9
120 397 9
120 626 9
83 121 10
121 240 15
121 465 8
121 217 8
121 195 9
99 121 12
121 448 10
121 206 14
88 121 11
121 145 11
122 739 8
122 340 14
122 367 11
122 190 12
122 387 11
122 618 12
122 525 10
122 356 8
123 699 12
123 446 8
123 354 11
123 385 13
123 614 9
123 714 11
123 710 12
123 539 8
123 557 11
123 562 14
119 123 9
123 479 11
124 310 11
124 680 9
66 124 9
124 204 11
124 238 11
124 225 11
124 393 11
32 124 10
124 145 12
124 711 11
125 656 12
125 229 10
125 357 12
125 339 12
125 128 10
125 498 13
125 224 14
125 453 14
125 268 7
125 383 8
125 705 9
126 689 10
126 284 14
126 235 12
126 721 9
126 178 9
126 177 10
81 126 12
126 237 12
126 208 10
126 631 8
126 660 10
127 129 10
127 641 12
127 235 9
127 255 9
127 622 8
127 327 13
34 127 10
127 588 12
127 587 9
127 712 11
127 531 8
127 151 13
50 128 11
128 165 10
128 136 12
3 128 14
128 298 5
128 158 10
128 449 11
128 144 11
128 697 10
128 675 13
128 478 13
129 598 13
129 317 8
129 507 12
129 331 15
129 190 10
37 129 10
129 349 11
129 491 10
129 492 13
129 457 14
129 488 9
130 718 12
10 130 10
130 442 12
130 586 7
130 418 11
130 743 9
130 243 8
130 211 12
131 157 11
92 131 10
131 735 9
131 463 9
85 131 13
131 501 11
131 408 12
131 723 12
131 254 9
131 299 10
131 284 11
131 746 9
132 349 11
93 132 12
81 132 8
132 164 10
132 440 10
3 132 13
38 132 10
132 638 10
132 413 10
89 133 12
133 154 10
51 133 12
133 739 10
133 723 9
22 133 12
133 725 12
133 381 8
133 494 11
133 476 13
23 133 13
134 250 8
134 481 11
50 134 11
134 342 11
134 644 13
134 495 9
134 170 11
134 550 10
134 672 10
134 702 10
135 275 10
34 135 12
135 139 8
135 143 9
91 135 12
135 171 9
88 135 10
135 294 11
135 583 10
16 135 7
136 228 10
16 136 14
136 337 12
136 549 7
136 396 10
136 350 15
136 699 10
136 728 13
136 371 7
137 362 11
137 231 12
137 351 15
137 262 7
102 137 9
41 137 12
137 235 11
69 137 12
137 688 14
137 708 9
3 138 11
45 138 13
138 584 12
138 566 11
138 698 9
138 716 9
116 138 8
138 381 13
58 139 11
139 597 14
24 139 12
139 681 11
139 341 12
139 608 9
139 262 11
139 486 11
4 139 11
140 287 9
90 140 12
140 275 13
64 140 12
140 532 13
140 479 12
140 263 9
140 395 13
140 623 13
141 303 11
141 230 10
141 467 11
2 141 10
141 291 12
141 317 11
141 474 13
40 141 12
141 512 13
142 708 11
142 159 11
142 330 17
142 442 10
142 468 10
142 533 9
46 142 13
142 723 8
142 271 11
142 420 14
142 504 10
143 228 10
143 502 8
143 442 9
143 430 10
143 539 10
143 443 9
143 389 8
143 421 10
143 172 10
144 682 11
144 178 12
68 144 13
144 234 11
144 265 10
51 144 11
144 404 10
144 434 12
145 476 7
145 217 8
145 271 13
145 490 9
132 145 10
145 406 12
145 743 13
7 145 9
145 239 12
125 145 11
145 668 10
145 508 9
146 379 11
146 530 6
146 449 9
146 301 12
146 642 11
146 557 11
146 645 9
146 421 11
147 582 12
147 685 13
147 614 7
147 257 10
147 429 8
147 414 15
147 717 11
147 560 15
147 418 7
148 174 9
148 589 12
148 311 14
148 394 10
148 585 8
148 652 10
148 543 6
148 526 8
148 537 9
148 573 11
102 148 12
149 738 15
79 149 11
149 341 12
149 664 11
149 532 14
98 149 6
149 274 10
149 545 8
149 598 10
46 149 14
150 428 9
150 516 12
150 468 11
150 440 8
150 256 12
150 410 10
150 717 13
150 702 12
55 150 11
150 280 10
150 528 11
150 505 13
151 680 7
151 720 9
151 572 9
151 624 8
56 151 11
151 575 13
151 641 12
151 407 10
151 291 10
152 593 15
152 652 10
89 152 11
51 152 11
117 152 9
152 340 9
152 392 9
152 443 7
152 602 9
152 220 10
153 330 10
153 209 10
153 723 15
153 331 16
82 153 7
153 292 10
153 343 13
153 732 7
153 243 11
154 289 11
154 499 13
154 532 7
154 680 11
154 160 10
154 241 14
154 531 8
154 623 11
14 154 13
154 536 10
155 240 13
155 206 9
155 208 11
155 276 12
155 303 13
51 155 11
155 166 14
155 224 10
155 437 14
155 718 7
156 675 11
156 350 8
59 156 11
156 484 13
123 156 11
156 627 9
156 643 11
156 472 10
156 646 12
156 418 13
157 448 11
41 157 11
157 376 13
124 157 12
126 157 12
157 218 13
157 481 14
113 157 10
157 310 9
157 607 9
158 462 11
158 692 11
158 386 14
106 158 15
86 158 9
158 378 9
23 158 15
158 197 10
158 507 12
158 336 10
159 168 11
159 658 8
159 527 7
159 275 11
159 665 12
159 186 7
159 283 9
159 641 8
129 159 10
159 393 11
160 203 8
160 471 8
160 731 12
160 288 10
160 579 10
160 420 10
67 160 12
160 198 10
160 523 11
160 733 6
161 438 11
161 721 13
161 660 9
161 656 12
161 722 10
148 161 11
154 161 11
161 232 10
161 408 8
161 601 10
162 364 12
162 736 11
102 162 9
162 190 10
162 617 10
43 162 13
162 340 10
162 651 14
162 719 10
162 352 11
40 162 10
59 163 11
163 407 15
163 193 7
163 689 10
58 163 12
163 173 10
163 259 14
143 163 11
163 498 10
163 623 11
164 711 13
164 347 9
37 164 12
164 185 10
164 480 12
164 385 7
164 594 9
164 733 13
164 627 10
88 164 8
165 444 15
165 451 9
165 518 12
0 165 13
165 485 6
165 173 9
165 533 10
21 165 11
165 585 11
166 386 11
166 253 11
166 481 10
166 615 12
166 315 11
166 291 11
166 302 9
166 519 9
77 166 15
66 166 8
167 383 10
167 458 12
167 443 13
167 535 12
167 429 11
167 184 12
167 285 12
167 625 12
56 167 10
167 511 10
112 167 10
168 228 13
168 597 14
168 354 13
168 714 9
7 168 13
168 587 12
27 168 8
168 591 13
19 168 10
169 626 8
169 454 11
169 656 10
18 169 11
169 536 8
169 693 8
169 232 7
169 324 11
169 436 10
169 392 9
117 170 5
69 170 10
170 216 8
170 442 10
111 170 12
170 664 9
170 616 8
2 170 13
170 190 9
170 611 14
152 171 12
171 677 7
171 423 9
171 580 9
171 194 10
156 171 10
171 710 10
171 301 11
171 438 11
171 369 13
171 179 10
172 597 10
172 201 12
172 463 15
172 510 9
172 467 11
172 514 9
172 592 11
172 570 11
172 210 11
172 460 13
172 748 11
172 586 12
173 613 13
29 173 11
173 537 10
173 358 9
135 173 11
173 270 9
173 472 13
173 239 12
114 173 9
173 655 9
174 178 10
174 571 9
174 488 7
174 217 8
109 174 12
174 508 9
174 523 8
3 174 11
174 355 11
175 439 8
175 490 10
175 224 10
175 356 11
175 484 13
175 668 9
124 175 9
74 175 11
175 649 13
175 628 12
158 176 10
176 729 12
176 370 10
6 176 10
176 181 9
176 494 10
176 600 12
176 516 9
122 176 11
46 176 12
177 281 11
177 395 10
144 177 12
16 177 10
177 671 9
61 177 12
98 177 9
177 488 15
15 177 10
177 644 9
177 242 11
178 671 11
178 744 10
138 178 11
178 642 9
178 438 9
23 178 11
178 484 11
178 723 9
178 542 6
179 303 10
113 179 11
36 179 11
179 471 10
179 222 10
77 179 6
179 708 13
179 495 10
179 670 10
179 544 10
30 179 12
180 664 12
52 180 11
89 180 10
172 180 6
180 583 10
180 651 12
180 346 10
180 371 9
180 391 8
61 180 13
91 180 8
180 526 11
181 403 7
181 447 12
181 643 9
181 345 9
181 217 8
0 181 7
181 373 10
181 721 12
181 257 10
63 181 13
182 268 10
182 323 14
182 556 12
52 182 12
6 182 11
29 182 14
182 618 11
85 182 11
182 464 10
182 731 12
32 183 13
118 183 10
183 287 11
80 183 8
124 183 13
183 662 9
183 523 10
183 276 7
183 217 10
183 387 12
184 538 11
184 501 10
184 321 10
184 692 11
124 184 10
184 304 13
84 184 9
184 404 11
184 723 13
185 425 12
6 185 14
185 223 12
185 579 7
185 429 11
185 548 15
185 384 13
185 467 11
185 322 9
185 488 9
186 724 10
186 223 13
178 186 11
186 356 15
186 651 9
162 186 11
186 256 11
186 575 11
186 431 12
186 347 13
186 413 11
187 550 14
187 583 12
187 587 11
187 745 9
103 187 9
187 328 9
187 692 8
187 343 12
187 569 12
187 617 10
29 187 9
188 447 6
49 188 7
117 188 14
188 680 10
188 699 7
188 549 10
188 300 13
188 306 12
188 453 11
189 520 12
97 189 10
189 343 11
189 651 10
189 393 10
189 415 10
189 322 14
52 189 11
189 327 9
110 189 11
190 679 12
81 190 11
190 731 13
190 372 11
190 681 10
78 190 12
190 689 13
190 427 10
190 338 14
78 191 12
191 433 10
191 290 9
191 506 10
101 191 10
191 200 9
191 411 11
191 313 11
191 627 11
191 401 10
192 737 12
192 297 12
192 562 9
192 357 9
192 700 11
103 192 13
192 385 7
192 641 10
192 214 12
36 192 12
49 193 13
193 247 13
94 193 13
193 568 11
193 274 11
193 630 11
193 306 9
193 223 12
193 433 11
194 614 6
194 233 13
194 471 10
102 194 8
194 297 9
194 204 11
194 421 12
194 536 8
194 272 4
55 194 11
118 195 10
195 523 16
195 624 11
195 589 11
195 227 8
195 556 11
195 559 11
195 347 10
195 293 6
195 354 12
195 722 12
180 196 14
181 196 12
196 729 10
38 196 10
196 323 10
196 603 9
40 196 10
196 299 10
196 722 11
94 196 12
89 197 8
197 542 13
197 261 13
30 197 11
197 726 9
197 371 9
197 258 11
197 355 9
197 468 11
197 641 9
198 465 13
198 475 11
198 692 5
198 600 8
198 473 9
198 333 10
198 545 9
95 198 11
198 697 11
199 507 10
143 199 9
199 743 12
149 199 11
199 464 9
199 738 13
84 199 13
106 199 8
199 247 8
148 199 14
200 740 11
200 403 9
127 200 14
200 723 8
200 630 12
101 200 13
200 278 9
45 200 14
143 200 6
200 285 12
201 729 11
182 201 11
201 294 13
201 617 12
105 201 12
201 668 11
112 201 9
201 596 6
201 670 11
61 201 12
201 613 9
202 739 10
202 285 12
202 394 10
202 277 12
84 202 10
202 563 10
202 506 9
202 445 13
54 202 12
202 508 9
202 289 10
86 203 11
203 432 10
88 203 10
203 360 12
203 642 11
173 203 10
203 660 4
203 207 10
203 735 14
187 203 13
203 573 7
204 209 10
51 204 10
204 687 9
204 716 10
204 226 10
204 607 10
130 204 9
204 695 12
80 204 7
204 684 8
59 205 8
205 513 9
205 541 11
205 708 9
205 290 15
205 295 8
75 205 11
205 232 11
205 495 7
205 638 10
205 327 11
206 600 10
184 206 11
206 315 9
206 629 12
206 466 10
206 214 13
206 382 9
206 533 7
12 206 10
206 345 11
206 516 10
206 562 12
207 427 10
207 541 9
207 432 10
158 207 10
207 357 6
207 697 12
207 457 11
207 548 13
103 207 10
207 303 10
108 207 11
208 630 10
208 673 10
195 208 10
208 326 11
208 480 10
208 212 7
208 429 11
208 210 12
208 703 13
208 611 11
208 482 11
209 226 9
209 640 9
146 209 9
209 650 11
186 209 7
209 647 7
12 209 10
209 670 7
209 326 10
113 209 13
209 332 11
133 210 10
210 235 12
74 210 12
210 661 10
210 660 13
210 217 11
210 442 8
210 348 9
210 324 11
44 210 12
211 483 7
56 211 11
211 378 9
37 211 14
162 211 12
70 211 11
172 211 10
211 650 10
177 211 11
173 211 6
212 724 7
212 553 13
212 669 10
212 703 14
212 625 9
212 457 12
212 653 10
70 212 7
212 607 7
184 213 11
213 226 10
213 242 11
213 745 11
38 213 11
128 213 10
213 721 11
213 347 10
213 581 9
213 248 13
214 464 7
214 581 12
214 225 11
214 514 10
214 590 13
214 247 11
33 214 10
214 516 11
214 488 10
185 214 13
214 510 8
214 748 12
215 699 13
215 333 12
215 466 10
215 516 5
215 350 10
215 447 11
164 215 11
140 215 11
214 215 9
216 440 13
216 620 13
208 216 10
216 424 14
216 461 10
216 602 11
143 216 7
216 388 12
216 583 9
216 301 9
57 217 11
217 531 10
217 319 7
217 643 10
217 503 13
217 281 8
133 217 10
217 589 11
217 732 7
136 217 10
218 414 10
218 457 12
183 218 9
191 218 10
210 218 11
218 352 8
218 613 10
218 510 7
218 360 11
218 545 12
218 747 10
122 218 11
219 653 12
219 626 11
219 357 11
219 520 10
219 683 7
44 219 6
219 591 10
219 395 11
219 660 11
220 486 11
96 220 11
220 745 12
220 662 14
191 220 10
220 417 10
220 354 8
220 377 9
220 289 10
220 374 15
220 716 9
32 221 6
94 221 15
221 282 9
116 221 12
221 269 12
221 493 12
221 735 14
175 221 11
221 323 10
221 327 13
221 410 10
222 261 13
222 410 14
222 731 10
222 461 7
154 222 8
222 317 8
222 502 10
222 579 10
209 223 12
223 474 8
223 500 9
151 223 8
223 350 12
223 515 13
223 421 11
124 223 9
223 398 11
224 589 16
224 283 15
224 600 8
224 539 12
224 389 14
71 224 14
224 437 9
20 224 12
224 458 8
225 514 10
131 225 8
142 225 10
223 225 13
149 225 10
225 367 11
27 225 11
225 587 10
226 234 10
226 452 10
226 608 11
226 470 8
226 233 13
226 569 9
144 226 12
226 254 10
227 556 9
227 624 10
227 594 14
227 706 11
101 227 11
227 388 12
209 227 13
73 227 12
227 418 11
227 465 10
216 227 9
158 228 14
228 382 11
195 228 13
228 471 9
85 228 10
161 228 11
228 310 8
89 228 12
228 707 8
228 578 10
229 420 11
229 575 9
210 229 8
63 229 13
229 538 11
229 578 9
205 229 12
229 455 10
229 312 5
229 686 10
229 381 11
28 230 7
230 336 12
230 589 11
230 295 8
230 357 8
230 417 10
230 333 6
230 344 7
230 309 11
230 625 11
230 246 13
231 746 14
231 472 7
231 658 14
92 231 13
93 231 10
231 522 10
231 517 10
231 569 7
232 618 9
232 689 10
232 444 9
232 589 8
232 625 9
232 574 11
232 334 13
232 659 12
232 460 12
232 464 11
232 505 12
233 678 15
233 524 15
188 233 9
55 233 14
233 277 9
233 720 9
233 449 11
233 476 12
182 233 13
233 522 11
233 655 9
4 234 14
234 518 12
234 575 10
234 326 9
234 533 13
148 234 11
234 673 9
230 234 13
199 234 14
234 252 12
36 235 12
95 235 10
235 437 9
235 341 11
235 711 12
88 235 10
184 235 8
235 622 10
56 235 9
61 235 14
139 235 10
79 235 11
236 644 11
236 259 11
236 488 11
236 468 8
236 424 11
236 240 10
91 236 9
220 236 9
194 236 5
136 236 6
31 236 10
237 529 10
209 237 14
237 247 13
237 306 12
8 237 12
237 697 15
81 237 12
237 738 11
237 475 10
238 664 10
238 590 10
238 259 11
238 279 12
238 335 13
238 611 11
238 730 14
238 423 13
238 618 11
238 433 9
239 634 10
239 497 8
239 342 12
239 489 12
153 239 11
176 239 11
239 248 12
2 239 10
239 301 7
157 239 13
103 239 10
240 672 9
240 613 9
100 240 10
240 361 8
87 240 11
240 739 9
240 583 11
240 676 7
240 737 10
240 695 9
240 651 9
60 240 11
241 414 12
241 313 10
241 375 11
241 482 10
241 383 11
73 241 10
241 445 9
241 656 10
241 552 10
242 451 13
166 242 9
220 242 10
242 243 9
242 347 8
3 242 12
50 242 11
242 506 13
15 242 9
242 342 14
78 242 10
5 243 10
243 470 8
221 243 10
236 243 9
243 568 9
243 312 6
243 265 9
214 243 10
196 243 12
23 243 13
243 359 11
141 244 10
146 244 11
244 688 9
244 724 13
244 575 8
139 244 7
21 244 10
244 640 13
244 683 11
245 311 11
245 399 9
55 245 13
245 501 8
53 245 12
245 342 9
225 245 8
245 273 11
245 557 9
245 474 11
245 748 12
246 642 8
246 357 11
135 246 15
246 377 11
246 624 14
246 296 7
206 246 15
246 374 10
246 700 14
246 682 9
246 749 9
247 417 9
247 542 9
247 740 11
247 497 4
247 487 9
247 314 12
232 247 14
247 274 10
186 247 11
247 635 11
247 659 4
56 248 12
248 572 12
248 390 8
248 541 12
114 248 15
248 636 12
248 510 11
248 472 11
249 690 8
249 574 11
145 249 9
249 260 10
69 249 11
249 481 10
249 641 8
249 423 10
23 249 13
249 692 9
250 552 14
250 629 6
250 619 10
250 252 12
250 737 10
250 478 9
250 635 10
250 697 6
250 422 11
250 438 12
251 617 12
251 454 10
175 251 10
251 557 14
251 745 10
251 718 11
123 251 6
244 251 13
251 376 7
251 563 9
169 252 9
252 555 13
252 724 10
252 460 14
252 566 13
107 252 7
252 390 9
252 593 7
252 491 10
252 470 6
252 280 11
22 253 8
159 253 11
253 666 12
253 274 10
253 682 15
253 415 12
26 253 11
253 422 9
253 629 10
225 253 8
253 564 10
253 628 8
254 291 10
254 296 13
56 254 11
175 254 9
254 425 11
11 254 8
106 254 14
254 373 10
27 254 12
74 254 12
255 548 11
255 445 7
255 470 14
255 517 8
255 479 7
255 285 12
255 270 12
255 340 12
202 255 9
255 716 11
181 256 8
256 465 14
256 733 8
256 363 12
256 683 13
256 384 11
256 701 10
256 270 13
256 425 11
257 372 10
257 445 9
78 257 9
104 257 10
232 257 11
257 380 10
257 742 14
257 358 13
148 257 12
58 257 12
257 703 10
258 673 11
258 651 8
106 258 9
62 258 10
258 373 7
258 730 11
258 399 12
258 544 10
258 612 13
141 258 12
65 258 11
258 624 11
50 259 11
259 747 7
242 259 10
259 325 12
259 737 9
208 259 11
128 259 10
259 328 12
259 526 10
259 381 12
224 259 8
215 260 10
35 260 11
72 260 12
260 538 11
260 508 9
7 260 13
176 260 11
23 260 11
125 260 13
260 318 11
260 642 12
161 261 10
261 400 7
261 285 9
261 523 11
95 261 10
261 522 10
261 263 11
261 626 10
261 570 13
262 538 9
262 270 11
11 262 10
262 684 11
59 262 11
262 347 8
262 346 10
262 320 11
263 331 11
263 580 7
263 590 10
176 263 11
263 296 14
263 512 13
263 638 12
63 263 9
263 535 8
263 636 9
157 264 8
264 695 11
259 264 11
264 624 10
243 264 11
264 721 15
264 429 11
264 297 13
40 264 11
264 613 12
230 264 8
51 264 9
265 481 11
263 265 11
265 361 12
36 265 11
22 265 7
265 629 14
77 265 8
265 434 9
196 265 7
35 265 12
266 696 10
266 302 13
50 266 12
142 266 10
266 652 8
121 266 9
266 306 8
266 313 7
266 598 9
267 332 10
267 675 12
267 288 13
215 267 8
267 556 7
267 664 12
267 313 8
267 701 6
267 384 13
267 463 8
268 343 8
268 572 12
212 268 10
117 268 9
221 268 10
268 588 13
268 661 11
268 454 10
268 672 12
268 401 14
268 715 11
269 735 12
269 377 7
144 269 7
223 269 11
186 269 9
97 269 12
269 422 10
269 359 9
242 269 11
270 555 9
270 413 8
185 270 8
270 596 11
270 274 10
270 289 7
222 270 12
270 594 13
163 271 11
27 271 12
271 298 8
271 592 13
271 539 11
18 271 11
271 523 10
271 634 10
271 409 12
210 271 11
97 272 11
272 643 9
151 272 11
272 484 3
272 627 10
272 695 7
272 422 13
272 653 12
272 547 10
272 664 12
129 273 12
125 273 10
50 273 14
228 273 12
273 353 12
273 660 11
273 364 11
273 715 9
273 564 9
225 274 11
274 703 11
125 274 10
244 274 14
20 274 10
274 397 10
274 310 13
274 300 8
19 274 12
274 390 9
184 275 9
275 537 14
275 314 10
275 376 11
61 275 11
275 284 11
275 375 10
169 275 9
275 714 14
275 477 11
138 275 8
276 404 9
276 366 9
44 276 8
276 717 12
276 700 10
276 510 9
276 605 8
103 276 10
119 276 13
276 521 10
277 727 7
277 463 10
277 692 11
277 503 10
139 277 8
277 672 8
277 384 8
277 623 9
277 629 11
277 332 12
31 278 9
278 544 12
129 278 8
278 517 10
278 744 15
278 549 11
278 727 9
278 663 9
278 370 12
96 278 11
279 507 10
279 585 9
279 304 11
125 279 13
279 596 10
279 542 11
217 279 8
259 279 10
280 727 11
280 446 9
280 412 10
84 280 10
131 280 9
21 280 13
68 280 11
29 280 16
280 536 13
88 281 10
92 281 12
204 281 6
281 676 12
281 541 12
281 355 10
281 601 10
239 281 11
281 551 10
237 281 10
281 572 11
146 282 13
282 449 13
282 334 9
282 546 10
212 282 11
158 282 6
136 282 9
282 475 8
282 675 9
283 447 10
283 625 12
60 283 9
69 283 7
121 283 10
186 283 9
283 407 10
17 283 8
283 609 12
269 284 8
21 284 10
284 624 11
186 284 11
112 284 9
201 284 10
260 284 11
284 584 12
284 488 11
285 345 11
285 373 12
285 290 10
285 738 11
281 285 11
285 516 10
285 662 12
285 627 11
285 405 8
285 293 8
285 477 11
286 291 10
286 456 11
286 365 12
167 286 13
286 654 10
272 286 9
155 286 10
22 286 11
267 286 9
286 468 13
287 607 12
164 287 8
287 666 9
287 679 11
287 529 13
209 287 12
287 667 12
41 287 11
287 514 7
287 712 12
176 288 14
171 288 10
288 296 13
288 406 9
288 709 13
194 288 10
288 571 12
112 288 11
172 288 12
288 665 13
183 289 11
289 694 14
8 289 6
0 289 9
215 289 11
289 413 10
289 332 11
289 747 9
289 456 8
290 538 11
290 741 10
290 638 10
290 546 10
290 402 9
290 573 12
84 290 12
290 666 10
290 566 12
26 290 8
291 343 10
291 376 13
291 516 12
120 291 10
291 659 13
207 291 10
291 462 9
291 372 9
291 541 12
291 718 9
291 380 16
120 292 12
292 503 13
292 336 11
21 292 10
292 719 10
292 504 8
292 454 14
292 586 12
292 509 12
109 292 11
207 292 8
293 358 12
43 293 10
293 675 12
293 369 11
293 633 9
293 489 9
293 593 8
293 562 12
293 613 9
100 293 13
294 360 8
158 294 7
294 634 6
242 294 11
38 294 9
294 576 9
294 665 8
294 508 10
295 495 11
295 389 9
239 295 13
295 336 11
295 651 8
48 295 9
273 295 9
295 562 11
56 295 6
111 296 9
35 296 8
163 296 9
296 508 13
88 296 11
176 296 10
100 296 13
296 392 9
296 622 11
214 296 11
12 296 12
33 297 11
297 496 12
297 625 11
297 551 10
69 297 11
297 723 13
297 547 13
297 740 12
286 297 9
298 693 11
270 298 7
179 298 12
298 426 14
132 298 12
298 349 8
259 298 9
298 723 9
35 298 9
298 496 12
205 298 12
299 388 9
299 576 10
299 338 9
45 299 13
123 299 14
299 557 11
299 375 10
274 299 8
236 299 8
299 430 11
116 300 9
231 300 12
300 426 13
107 300 10
157 300 10
300 336 12
79 300 13
300 384 11
300 369 8
8 300 10
301 699 12
301 615 10
285 301 12
301 390 9
301 471 11
301 376 10
258 301 10
301 727 12
302 326 9
302 491 11
302 450 5
132 302 9
272 302 9
274 302 14
69 302 13
208 302 7
20 303 12
303 545 12
294 303 9
144 303 10
119 303 7
49 303 12
303 483 11
154 303 9
303 324 13
303 522 11
304 670 11
304 363 11
304 349 10
304 434 11
127 304 9
304 749 12
304 517 9
304 642 8
305 326 12
180 305 12
305 357 10
305 379 10
303 305 15
305 497 11
305 595 10
305 312 7
4 305 11
306 380 10
306 315 7
16 306 11
306 562 9
185 306 9
147 306 12
306 359 10
306 314 9
306 351 6
207 306 12
307 533 10
307 378 14
307 409 11
307 396 9
307 734 12
42 307 8
307 714 9
76 307 13
22 307 13
268 307 13
307 424 12
308 716 11
308 417 12
308 409 10
308 720 9
308 626 14
162 308 11
230 308 14
308 438 10
308 386 10
94 308 8
266 309 13
309 649 12
282 309 13
309 440 9
309 466 10
309 703 12
309 680 10
309 323 11
75 309 10
153 309 10
278 310 9
46 310 8
62 310 7
299 310 13
310 484 14
56 310 10
310 482 10
310 352 10
310 656 7
196 310 5
310 675 14
212 311 6
239 311 10
311 450 8
250 311 13
127 311 11
281 311 8
311 582 13
240 311 7
311 516 11
311 314 13
312 700 8
312 487 12
312 571 12
7 312 11
312 606 11
312 421 10
78 312 10
312 672 13
312 343 6
277 312 10
313 343 13
313 609 11
313 643 11
13 313 11
10 313 11
146 313 9
313 594 8
313 721 9
313 473 9
313 601 10
314 408 8
253 314 8
314 713 11
314 737 11
314 566 10
127 314 12
314 490 11
309 314 10
314 677 10
314 674 8
315 331 12
315 362 8
315 635 10
315 609 12
196 315 13
315 705 10
315 734 9
315 733 11
137 315 8
147 316 10
316 328 6
316 445 8
32 316 9
67 316 9
316 643 9
216 316 8
316 676 12
155 316 11
317 367 12
317 494 9
62 317 10
317 499 14
314 317 13
317 537 9
317 690 12
2 317 10
224 317 8
157 317 12
317 521 13
318 519 7
318 560 10
318 723 13
318 351 9
318 383 10
318 425 10
183 318 11
318 395 8
133 318 12
318 495 9
319 496 11
11 319 9
184 319 12
319 421 7
27 319 10
319 559 15
36 319 12
211 319 14
319 620 14
320 402 12
237 320 9
320 565 10
261 320 9
320 382 14
181 320 15
156 320 11
9 320 10
320 625 9
270 320 8
249 320 13
321 333 13
321 626 12
321 375 12
321 621 10
26 321 12
110 321 8
321 416 11
321 580 13
201 321 8
321 581 9
89 322 9
322 611 9
5 322 8
147 322 9
322 642 13
46 322 10
322 627 10
322 568 11
32 322 9
48 322 13
193 323 9
79 323 13
228 323 8
323 536 8
235 323 11
323 438 11
90 323 13
323 625 10
323 740 11
323 618 12
324 732 11
324 677 12
324 446 11
324 714 10
324 571 11
4 324 10
324 561 10
324 403 10
51 324 10
325 741 8
175 325 8
325 602 9
325 507 9
325 603 10
325 518 13
224 325 13
325 347 7
325 629 9
325 349 11
326 513 9
156 326 13
194 326 10
274 326 9
326 739 10
31 326 13
189 326 12
317 326 6
70 326 9
122 326 10
326 601 11
145 327 17
47 327 11
310 327 11
327 438 12
327 638 10
327 420 10
327 651 9
327 452 10
327 383 11
226 328 13
85 328 11
328 477 10
328 648 11
328 401 12
328 638 12
249 328 8
180 328 14
194 328 11
328 489 12
328 705 9
328 371 10
329 352 12
329 485 9
150 329 9
270 329 14
317 329 10
329 717 12
329 463 8
228 329 11
329 503 11
329 428 9
330 536 12
330 666 11
330 732 11
330 501 8
330 390 12
330 495 8
330 581 13
330 421 12
330 649 7
330 433 8
330 343 6
331 694 9
114 331 10
119 331 9
331 570 7
331 599 9
331 481 10
34 331 11
331 346 8
45 331 12
332 401 13
239 332 12
332 443 12
69 332 10
332 715 13
332 397 14
332 644 12
332 387 10
332 576 8
42 332 8
333 497 12
11 333 8
333 576 13
142 333 14
333 734 10
333 602 10
58 333 8
333 729 9
116 333 10
85 333 9
334 605 8
316 334 10
180 334 8
334 342 14
313 334 16
334 744 12
171 334 12
298 334 10
334 691 10
334 695 12
242 334 13
0 335 9
335 704 13
335 445 8
335 549 7
335 560 7
335 607 10
202 335 9
335 519 11
300 335 9
335 739 8
274 335 11
335 528 8
298 336 9
336 337 9
32 336 12
336 409 10
189 336 11
306 336 11
336 722 11
3 336 8
98 336 10
336 468 10
251 337 9
311 337 11
337 602 10
337 365 9
337 513 9
337 612 11
337 712 7
337 646 10
337 606 10
338 648 12
338 638 11
338 423 10
93 338 11
338 347 9
318 338 6
277 338 13
338 379 8
338 721 10
338 519 11
339 479 8
31 339 8
339 565 6
339 675 12
339 735 9
234 339 14
57 339 9
339 663 7
62 339 10
339 748 10
340 581 14
340 596 11
340 390 15
340 377 12
340 370 10
282 340 10
197 340 10
340 612 7
340 664 14
132 341 13
212 341 13
341 347 7
341 395 10
200 341 12
296 341 11
186 341 12
103 341 11
95 341 10
12 341 12
166 341 9
341 673 11
267 342 10
233 342 9
342 656 11
342 734 11
342 356 13
342 618 10
342 523 9
325 342 7
342 597 6
50 342 7
342 465 11
255 342 10
343 660 14
7 343 11
343 684 13
343 655 9
343 645 9
343 516 13
167 343 11
343 386 9
28 343 11
343 691 8
343 429 14
344 608 9
7 344 12
182 344 11
314 344 9
40 344 11
344 695 8
14 344 11
22 344 12
344 631 8
345 486 12
187 345 8
345 589 8
345 451 9
234 345 13
59 345 14
267 345 7
12 345 9
345 426 12
346 511 12
195 346 11
346 673 10
63 346 14
346 467 12
156 346 9
346 489 15
346 530 12
346 715 9
189 346 12
347 645 11
347 620 15
306 347 6
347 514 12
347 700 15
97 347 11
347 612 11
144 347 12
347 715 7
347 478 11
297 348 11
348 356 14
54 348 10
348 359 8
308 348 12
348 723 9
348 692 7
332 348 16
348 383 8
14 348 9
307 349 8
349 384 10
34 349 12
210 349 10
152 349 13
140 349 8
67 349 12
349 642 11
349 450 8
337 350 13
198 350 9
74 350 9
333 350 8
350 454 13
350 446 9
350 467 9
201 350 8
350 503 13
200 350 11
351 478 9
351 628 14
263 351 12
123 351 10
51 351 12
182 351 8
351 438 9
231 351 9
352 363 12
345 352 8
106 352 11
352 545 10
289 352 9
352 681 12
352 672 9
71 352 10
271 352 7
352 618 12
34 353 10
219 353 8
353 375 11
353 666 9
353 617 12
353 486 12
184 353 7
186 353 9
353 405 11
255 353 10
353 732 10
354 452 10
95 354 8
16 354 8
71 354 7
354 515 8
241 354 14
354 729 11
354 601 9
354 536 11
39 354 13
355 458 7
355 463 16
303 355 12
273 355 8
130 355 13
355 612 11
136 355 10
280 355 12
355 614 10
192 355 12
356 361 11
331 356 10
356 453 10
356 668 11
356 465 10
137 356 8
356 398 11
321 356 14
13 356 9
357 412 16
357 581 9
70 357 9
357 443 12
315 357 12
205 357 10
357 425 13
357 374 11
57 357 10
357 510 11
358 748 9
358 415 12
66 358 12
288 358 9
72 358 9
358 586 10
150 358 11
358 433 12
116 358 8
251 359 14
150 359 11
359 703 11
359 635 14
359 570 11
359 428 10
359 542 11
320 360 7
185 360 8
257 360 9
313 360 10
360 585 13
360 741 8
168 360 7
360 401 15
270 360 16
292 360 9
361 440 12
241 361 9
130 361 9
361 591 12
361 438 13
361 580 9
116 361 13
361 601 9
361 385 7
362 581 11
362 445 12
14 362 10
155 362 8
119 362 12
362 501 14
362 661 12
43 362 10
362 390 13
248 363 11
363 379 15
363 554 10
363 693 15
363 604 12
363 611 11
363 415 11
364 723 9
364 729 10
364 397 9
364 429 10
364 436 9
364 614 7
364 391 14
203 364 12
364 413 11
364 517 10
343 365 11
318 365 12
132 365 10
365 696 10
274 365 14
103 365 10
365 584 7
365 631 12
43 365 13
242 365 11
366 607 11
324 366 6
366 520 7
113 366 13
366 412 7
350 366 11
344 366 10
366 688 12
249 366 7
125 366 14
97 367 12
367 474 11
247 367 14
367 398 10
367 558 8
230 367 11
367 416 10
196 367 12
338 367 11
367 691 11
229 368 10
368 433 12
368 746 10
368 413 10
368 639 12
65 368 12
274 368 14
68 368 13
79 368 10
218 368 10
346 369 14
369 706 12
356 369 13
213 369 11
369 542 10
369 463 10
369 528 9
369 687 10
369 552 9
189 369 12
315 370 8
370 661 13
370 749 8
197 370 10
370 410 9
281 370 11
370 509 11
19 370 7
65 370 11
45 370 10
371 705 9
339 371 11
371 544 12
371 411 11
371 629 11
107 371 10
141 371 6
371 656 13
0 371 9
371 506 8
173 371 10
326 372 10
372 468 10
372 689 12
60 372 14
193 372 11
372 528 10
37 372 12
372 663 11
372 603 11
102 372 7
137 372 13
373 556 11
55 373 12
373 394 13
373 489 11
373 386 11
3 373 15
324 373 12
373 423 8
373 657 10
373 537 11
374 723 9
374 468 15
148 374 13
311 374 13
374 395 15
374 547 11
373 374 13
374 428 13
374 587 11
374 625 9
77 375 11
375 543 9
11 375 11
136 375 11
375 748 17
375 526 10
375 734 11
358 375 10
344 375 10
376 742 11
369 376 11
305 376 8
354 376 15
323 376 14
376 577 8
376 630 10
201 376 8
377 452 8
377 516 9
190 377 11
311 377 11
320 377 11
313 377 9
377 546 15
377 437 13
160 377 10
377 734 9
334 378 10
371 378 12
378 659 11
378 435 14
1 378 9
155 378 11
378 646 8
249 378 11
199 378 9
379 411 10
379 388 11
179 379 10
353 379 10
379 584 10
35 379 9
379 602 11
379 566 13
173 380 9
380 745 12
123 380 11
214 380 9
380 440 9
380 490 11
380 744 13
141 380 10
380 388 10
68 380 10
364 380 12
279 380 11
381 394 10
381 451 8
201 381 11
151 381 9
381 538 11
381 405 11
381 554 12
147 381 10
186 381 11
117 381 8
375 382 15
382 696 11
249 382 9
103 382 11
242 382 13
50 382 11
367 382 13
382 503 9
383 497 16
383 700 14
105 383 9
383 691 12
383 525 12
383 518 12
43 383 12
383 405 9
383 675 8
383 421 7
384 658 11
384 591 15
384 706 10
255 384 10
208 384 5
384 509 11
384 628 11
75 384 10
384 485 12
356 385 11
385 647 9
385 416 10
385 456 11
385 400 12
319 385 8
385 652 12
385 724 12
385 478 7
30 385 11
279 385 8
386 690 12
386 563 7
386 692 10
359 386 10
386 647 11
386 494 14
206 386 8
175 386 10
228 386 10
126 387 8
387 517 9
387 514 11
387 624 11
77 387 11
66 387 11
337 387 9
387 529 9
7 387 7
229 387 8
50 388 10
207 388 10
388 509 12
365 388 9
214 388 7
388 637 7
388 677 12
388 487 12
283 388 11
303 388 9
161 388 8
389 422 9
389 699 8
244 389 9
59 389 13
389 454 6
330 389 12
389 607 9
174 389 12
389 524 14
389 579 9
117 390 11
390 695 11
390 597 10
225 390 9
390 445 11
326 390 6
390 478 10
197 390 9
390 667 8
75 390 13
390 543 8
295 390 9
195 391 11
391 445 9
277 391 10
391 683 13
175 391 11
202 391 12
391 431 7
391 514 11
355 391 13
352 391 12
392 443 10
18 392 14
251 392 12
392 518 11
392 421 10
157 392 14
392 633 9
336 392 8
392 611 10
393 698 7
393 494 8
143 393 10
346 393 10
21 393 11
176 393 12
119 393 10
353 393 11
0 393 10
125 393 10
18 394 10
179 394 13
394 709 12
3 394 10
41 394 12
265 394 10
394 470 12
394 448 11
278 394 13
394 616 11
248 395 7
12 395 11
395 737 14
287 395 10
304 395 10
395 439 7
395 537 13
395 551 16
396 419 10
248 396 11
396 489 12
396 639 9
396 612 11
44 396 11
396 428 9
396 616 12
31 396 7
186 396 13
135 396 9
397 670 10
324 397 8
21 397 10
374 397 13
397 663 12
397 503 8
228 397 12
397 641 11
397 703 9
388 398 10
398 617 12
289 398 9
398 690 11
398 727 11
177 398 10
398 665 9
207 398 7
398 550 12
398 643 8
283 399 8
389 399 9
394 399 12
399 703 9
399 519 10
399 457 9
399 640 10
253 399 10
94 399 14
11 400 14
400 716 12
370 400 11
400 429 12
400 424 10
126 400 11
119 400 10
400 432 10
155 400 15
400 663 11
401 544 9
401 405 11
401 698 12
99 401 13
401 587 14
59 401 13
231 401 12
401 622 9
301 401 11
401 486 8
401 584 10
215 402 10
71 402 9
148 402 8
402 583 11
12 402 11
402 467 10
307 402 10
343 402 9
402 472 14
402 700 9
402 539 11
403 547 11
403 482 13
403 500 7
403 742 9
279 403 7
403 461 13
272 403 11
403 549 8
41 403 7
357 404 9
199 404 11
404 742 10
258 404 12
404 706 12
404 718 11
14 404 8
297 404 9
142 404 10
312 404 9
204 404 11
260 405 11
4 405 13
405 494 9
405 583 14
405 685 13
405 616 7
244 405 12
158 405 13
126 405 12
317 405 12
324 406 11
329 406 6
221 406 13
235 406 12
406 624 8
263 406 12
22 406 8
205 406 10
406 467 12
406 551 11
406 683 10
407 464 12
363 407 10
407 746 13
355 407 9
407 463 9
407 726 9
407 527 9
407 444 10
407 427 10
407 710 9
408 583 12
46 408 9
408 713 10
162 408 8
408 584 11
340 408 10
84 408 13
408 549 8
72 408 11
351 408 9
409 514 12
182 409 10
409 495 12
9 409 9
324 409 9
409 545 9
74 409 7
105 409 12
331 409 12
234 409 11
409 629 14
410 735 11
158 410 7
320 410 9
410 695 7
410 419 9
123 410 10
410 734 10
410 499 11
323 410 7
317 411 8
282 411 7
411 679 12
389 411 11
110 411 10
411 588 8
6 411 11
152 411 11
411 504 13
411 471 10
0 412 12
140 412 11
132 412 10
393 412 11
42 412 10
125 412 7
327 412 10
412 584 13
368 412 9
210 413 8
160 413 10
413 445 8
413 713 6
357 413 9
138 413 10
413 612 11
413 474 11
314 413 12
94 414 5
414 712 12
2 414 11
341 414 8
320 414 11
301 414 10
414 648 5
414 729 12
414 670 12
414 738 9
415 679 11
415 693 10
415 742 8
415 526 11
156 415 13
351 415 11
415 632 12
415 689 8
240 415 8
354 416 11
353 416 11
88 416 13
416 664 11
416 555 10
249 416 10
43 416 12
164 416 10
332 416 8
416 530 12
27 417 13
176 417 12
345 417 8
417 429 11
417 612 12
417 473 11
326 417 9
233 417 12
417 578 11
342 417 6
418 489 7
418 646 8
418 607 9
214 418 11
418 709 8
418 684 12
418 591 8
418 701 11
72 418 9
33 418 11
169 418 10
419 692 7
419 583 11
213 419 10
341 419 10
419 467 10
419 707 9
419 446 10
419 557 9
419 544 9
420 657 13
31 420 10
250 420 13
392 420 10
357 420 10
344 420 11
420 485 9
50 420 12
420 703 8
90 420 10
225 420 8
421 737 12
421 547 13
381 421 10
68 421 11
421 544 11
261 421 9
421 664 11
81 421 8
113 421 10
239 421 9
284 421 10
155 422 12
325 422 8
350 422 12
271 422 9
422 453 8
422 679 9
80 422 6
327 422 8
177 422 13
422 645 11
423 512 13
423 517 8
423 463 11
316 423 8
423 731 12
423 597 10
292 423 14
423 738 9
423 502 12
423 627 11
268 423 8
218 424 10
424 718 10
389 424 13
424 682 11
424 440 8
174 424 15
313 424 14
424 684 10
230 424 13
425 595 10
283 425 10
425 735 8
425 555 7
425 698 14
380 425 6
425 656 12
353 425 10
5 425 13
251 426 10
426 431 14
389 426 12
116 426 6
426 689 16
175 426 10
340 426 10
130 426 12
426 499 12
426 531 6
427 431 9
140 427 14
25 427 11
377 427 8
427 482 10
427 621 11
427 699 9
427 538 8
61 427 10
428 647 8
318 428 11
428 435 10
388 428 11
428 487 10
428 739 10
330 428 12
428 510 8
429 497 12
310 429 13
342 429 8
429 584 12
429 477 11
129 429 8
7 429 11
134 429 9
429 674 10
429 557 7
282 430 11
430 625 13
153 430 9
430 502 10
115 430 8
314 430 11
430 727 12
430 475 8
430 695 10
420 431 4
40 431 9
431 455 12
199 431 8
431 643 10
333 431 10
353 431 11
431 586 13
431 483 12
432 499 9
377 432 12
327 432 13
389 432 11
432 610 15
171 432 8
147 432 14
7 432 10
432 663 9
109 433 14
369 433 9
433 641 9
319 433 8
433 531 12
433 728 8
433 588 10
433 448 12
120 433 12
434 575 10
434 614 11
46 434 15
407 434 13
434 677 8
434 469 8
434 445 12
154 434 13
123 434 9
185 434 10
435 513 10
327 435 15
339 435 9
364 435 10
260 435 10
367 435 11
435 480 12
399 435 8
435 591 11
436 578 14
436 460 9
208 436 10
436 572 13
94 436 10
436 625 13
436 627 9
436 443 10
436 673 16
436 541 16
391 436 11
299 437 11
301 437 11
137 437 10
398 437 10
437 542 12
437 669 13
188 437 14
68 437 10
127 437 10
438 652 9
438 693 14
133 438 9
230 438 9
132 438 7
438 673 13
290 438 11
131 439 12
398 439 7
149 439 12
255 439 9
263 439 9
439 589 8
27 439 11
439 505 10
439 655 10
192 439 11
439 594 12
440 520 12
98 440 8
128 440 8
294 440 12
79 440 11
440 506 11
440 599 11
440 686 11
440 665 13
274 440 12
196 440 6
441 544 12
122 441 13
340 441 10
441 689 14
73 441 8
283 441 11
441 728 17
441 573 13
188 441 7
441 675 11
442 585 12
152 442 11
442 445 11
426 442 11
95 442 11
16 442 10
236 442 8
352 442 10
341 442 15
423 443 12
443 722 11
443 581 12
314 443 8
127 443 9
290 443 7
50 443 12
415 443 8
443 613 9
335 444 10
193 444 10
444 551 7
416 444 10
444 646 11
287 444 11
444 730 10
304 444 10
199 444 8
120 444 15
445 481 13
118 445 7
232 445 13
445 510 11
333 445 9
437 445 13
445 718 11
154 445 10
15 445 13
103 446 12
357 446 11
16 446 10
135 446 11
274 446 11
184 446 11
173 446 9
446 600 11
446 612 10
410 446 12
446 657 8
447 652 9
447 644 8
104 447 13
227 447 8
447 452 13
447 593 9
394 447 11
447 483 11
447 692 12
448 583 5
448 607 15
294 448 11
448 541 10
448 554 13
448 643 5
250 448 11
163 448 7
211 448 13
448 733 9
119 448 11
428 449 11
207 449 11
60 449 8
392 449 10
449 695 12
87 449 8
449 679 9
225 449 13
449 509 8
449 527 14
212 450 11
253 450 10
309 450 9
450 562 8
450 451 12
450 682 12
450 570 9
165 450 9
423 450 11
419 451 11
451 686 8
9 451 10
451 498 14
451 616 11
4 451 8
367 451 8
60 451 11
374 451 9
451 676 12
361 451 10
106 452 9
416 452 8
452 639 10
452 507 11
434 452 9
452 484 12
452 469 8
452 545 12
453 508 12
133 453 8
117 453 13
453 514 11
453 742 6
267 453 7
30 453 13
366 453 8
231 453 15
454 496 11
454 594 7
22 454 11
263 454 15
131 454 12
454 610 10
257 454 8
454 698 10
119 454 13
252 454 10
124 455 10
455 705 10
455 467 12
455 731 9
455 693 12
398 455 10
384 455 7
183 455 10
383 455 12
456 595 11
456 634 10
284 456 9
335 456 14
417 456 12
250 456 10
456 718 12
383 456 10
331 456 11
126 456 12
123 456 10
457 583 11
457 739 9
457 580 12
62 457 11
157 457 8
457 586 7
457 507 9
457 608 12
457 719 7
457 592 9
440 458 10
129 458 11
156 458 11
269 458 9
210 458 7
458 542 8
458 607 9
458 656 11
388 458 12
193 458 12
190 459 8
448 459 12
426 459 11
459 541 11
394 459 12
459 560 8
331 459 9
24 459 14
278 459 9
124 459 10
460 651 11
345 460 10
460 528 11
262 460 11
324 460 12
302 460 9
163 460 11
460 705 13
314 460 11
461 628 9
461 600 10
461 707 8
347 461 11
232 461 12
175 461 13
122 461 11
461 491 9
132 461 9
461 629 10
61 461 5
462 487 10
462 495 8
344 462 12
462 557 8
326 462 8
132 462 9
240 462 9
435 462 13
407 462 11
401 462 9
341 462 12
438 463 12
424 463 8
463 511 10
463 732 10
463 655 14
176 463 12
224 463 11
256 463 9
107 463 13
463 494 12
463 673 10
459 464 13
464 645 9
222 464 8
209 464 8
230 464 9
338 464 14
165 464 11
19 464 8
464 678 9
464 707 9
465 554 15
30 465 8
288 465 11
465 496 14
221 465 9
465 662 10
379 465 9
431 466 12
466 547 8
189 466 9
18 466 8
355 466 9
466 682 10
466 543 10
302 466 8
466 656 11
383 467 13
467 524 10
377 467 8
279 467 14
354 467 8
210 467 12
92 467 14
129 467 12
288 467 6
145 467 13
467 672 9
468 604 13
466 468 13
209 468 8
7 468 11
191 468 10
468 606 9
425 468 12
211 468 13
219 468 10
468 543 11
469 517 11
252 469 12
450 469 10
236 469 6
469 536 15
104 469 11
469 744 12
393 469 10
469 525 11
469 718 10
470 598 9
470 725 8
324 470 12
470 627 9
282 470 8
470 673 9
470 748 12
12 470 12
470 535 7
455 470 13
45 470 8
471 645 12
471 743 14
170 471 6
187 471 10
471 535 9
469 471 8
398 471 10
471 533 10
471 726 10
45 471 8
247 471 13
315 472 10
175 472 8
68 472 10
472 647 6
472 631 10
204 472 10
30 472 13
33 472 10
472 511 10
472 662 15
473 611 8
473 716 10
298 473 12
473 731 6
95 473 11
473 588 15
473 647 11
473 722 9
139 473 9
473 740 11
128 474 11
474 690 11
143 474 11
474 687 10
244 474 6
97 474 9
416 474 13
474 718 9
252 474 12
474 581 8
10 475 12
475 705 13
228 475 10
335 475 10
475 658 10
475 645 7
188 475 14
155 475 10
475 678 12
147 476 10
476 699 11
313 476 9
46 476 8
120 476 9
355 476 9
429 476 12
337 476 11
238 476 11
476 643 10
476 626 10
377 477 10
64 477 10
205 477 14
477 568 9
349 477 12
477 614 10
469 477 17
306 477 12
474 477 10
310 477 15
333 478 11
332 478 13
329 478 10
478 593 15
478 641 12
372 478 12
478 656 9
478 650 11
478 615 10
45 478 11
479 706 13
479 507 8
275 479 8
221 479 11
479 531 12
185 479 14
479 528 11
85 479 9
479 641 9
479 693 9
152 480 12
256 480 10
190 480 4
480 559 14
31 480 12
480 585 9
378 480 8
480 591 10
480 579 11
410 480 11
83 480 12
254 481 11
133 481 10
365 481 8
481 704 8
481 682 9
481 533 10
89 481 14
458 481 9
306 481 13
117 481 9
50 482 9
154 482 13
130 482 9
363 482 12
293 482 11
482 498 12
482 672 10
201 482 12
42 482 8
91 482 7
483 746 10
483 545 13
262 483 11
483 748 12
451 483 13
356 483 10
483 544 8
483 507 9
483 588 13
483 516 12
483 493 10
483 637 12
484 606 9
67 484 8
363 484 10
213 484 10
322 484 8
148 484 13
484 690 14
484 719 13
352 485 10
485 578 15
485 522 11
430 485 9
433 485 14
74 485 8
214 485 10
342 485 11
289 486 13
486 556 11
486 631 11
67 486 8
107 486 9
486 570 12
179 486 13
481 486 7
290 486 8
297 486 10
468 486 12
277 486 11
123 487 10
273 487 10
111 487 12
487 670 7
487 545 11
487 556 7
487 590 10
487 516 9
488 570 9
488 705 9
314 488 15
69 488 12
488 574 12
118 488 9
300 488 10
465 488 11
488 729 9
489 538 9
25 489 7
199 489 12
113 489 7
356 489 11
470 489 9
109 489 11
489 657 9
291 489 10
188 489 9
489 526 9
16 490 12
366 490 14
94 490 10
230 490 11
490 644 12
192 490 10
3 490 13
490 645 9
28 491 9
80 491 11
491 732 9
491 670 13
137 491 10
285 491 12
491 664 13
491 497 10
26 491 10
19 492 10
266 492 12
414 492 10
76 492 11
238 492 7
5 492 12
228 492 11
492 546 9
6 492 11
492 493 9
291 493 8
8 493 10
367 493 11
316 493 7
493 497 12
493 498 9
493 578 10
44 493 6
493 722 11
7 493 9
418 494 9
115 494 10
494 662 12
481 494 11
383 494 14
494 746 9
192 494 10
247 494 11
388 494 12
3 494 11
166 495 10
495 504 11
393 495 11
313 495 8
97 495 7
495 731 12
158 495 14
42 495 14
492 495 14
117 495 11
425 495 12
496 564 11
496 566 10
496 545 13
299 496 10
3 496 11
201 496 13
341 496 9
496 653 9
286 496 12
433 496 9
265 496 11
497 645 9
497 510 10
497 715 4
402 497 8
175 497 11
174 497 11
482 497 10
354 497 13
357 497 14
438 497 10
498 679 11
498 740 8
498 632 11
498 575 13
205 498 12
498 713 10
364 498 10
31 498 8
272 498 9
240 498 10
382 498 7
302 498 7
230 499 10
313 499 10
499 644 11
48 499 11
499 687 13
499 746 8
499 734 13
499 586 12
99 499 11
58 499 10
163 499 9
500 537 11
500 550 9
483 500 9
174 500 11
129 500 11
222 500 10
448 500 8
161 500 10
368 500 10
450 501 13
501 651 11
501 594 13
501 737 9
501 519 8
501 577 11
501 590 9
446 501 16
236 501 9
501 730 9
502 661 11
502 646 13
502 733 15
240 502 12
195 502 13
212 502 7
487 502 14
502 565 12
139 503 11
503 546 11
503 622 13
30 503 10
491 503 9
480 503 10
503 729 10
353 503 10
236 503 11
504 661 14
504 637 8
401 504 8
64 504 11
504 736 13
153 504 11
504 506 9
504 599 11
104 504 10
504 533 11
86 504 8
83 505 10
410 505 10
279 505 10
505 571 9
389 505 13
505 580 8
505 727 15
505 578 9
23 505 9
147 505 12
284 505 12
275 506 14
318 506 11
24 506 11
76 506 12
65 506 10
26 506 10
506 545 9
426 506 11
303 506 10
229 506 11
507 535 11
11 507 8
507 749 13
507 719 6
435 507 10
507 734 10
507 680 10
173 507 10
183 507 12
508 535 10
376 508 11
508 525 12
508 736 8
508 706 12
166 508 7
475 508 9
71 508 10
345 508 10
207 508 11
215 508 13
0 509 13
176 509 9
254 509 13
376 509 10
444 509 13
509 594 11
205 509 13
509 651 7
181 509 11
509 536 14
510 719 12
252 510 9
510 654 12
510 545 10
510 673 10
510 645 9
390 510 12
510 604 10
367 510 9
371 511 11
511 695 9
511 587 7
511 523 12
82 511 10
511 700 10
511 555 10
333 511 10
274 511 13
86 512 12
512 696 6
512 519 10
168 512 11
279 512 7
237 512 9
512 677 11
512 724 14
512 638 11
459 512 12
268 513 13
193 513 12
513 636 10
333 513 11
353 513 10
149 513 12
128 513 13
403 513 12
445 513 7
266 513 9
513 546 7
180 514 11
462 514 10
219 514 10
452 514 12
514 585 7
251 514 11
94 514 9
500 514 9
130 515 12
364 515 13
515 565 9
515 521 7
515 533 9
192 515 7
515 676 10
348 515 11
516 586 11
345 516 11
514 516 9
516 694 15
508 516 14
516 665 11
460 516 12
103 516 11
182 516 10
237 516 13
517 522 9
70 517 11
258 517 9
139 517 13
131 517 13
517 627 8
429 517 10
365 517 13
135 517 9
18 517 11
517 636 10
518 696 11
294 518 10
186 518 10
518 557 10
398 518 8
8 518 12
153 518 10
193 518 8
453 519 13
114 519 10
519 622 9
38 519 10
519 631 9
411 519 9
519 719 9
310 519 14
165 519 11
8 519 10
325 520 11
116 520 11
38 520 9
520 704 7
427 520 11
354 520 12
227 520 9
99 520 11
329 520 14
125 521 9
59 521 8
18 521 10
521 549 14
449 521 13
167 521 9
336 521 11
502 521 9
333 521 10
521 648 9
91 522 10
19 522 14
522 575 10
67 522 9
522 716 11
522 667 11
130 522 13
195 522 11
234 522 13
438 523 8
321 523 14
362 523 9
199 523 10
101 523 11
523 610 11
348 523 13
523 663 11
197 523 8
107 523 9
222 524 13
524 691 11
524 603 11
524 629 10
294 524 11
245 524 11
524 731 13
220 524 14
127 524 9
524 537 11
380 525 10
211 525 10
525 556 10
525 585 11
234 525 7
445 525 11
525 606 11
525 714 11
45 525 10
525 638 9
526 670 7
526 534 9
273 526 8
157 526 9
339 526 8
378 526 10
526 619 10
12 526 12
527 688 11
10 527 13
527 592 13
329 527 9
103 527 13
504 527 14
527 638 12
345 527 13
272 527 9
236 527 11
527 660 11
527 720 9
138 528 12
528 743 10
411 528 10
528 573 12
13 528 13
528 692 12
208 528 12
164 528 8
244 528 13
529 590 10
198 529 6
288 529 11
104 529 11
201 529 13
166 529 12
368 529 10
484 529 14
147 529 12
379 529 12
252 529 11
530 537 11
43 530 8
285 530 9
432 530 12
121 530 11
259 530 11
478 530 12
351 530 13
364 530 9
530 543 8
215 531 6
531 681 10
271 531 11
378 531 9
531 740 11
152 531 9
531 533 11
480 531 9
531 669 12
43 531 9
531 679 10
45 532 11
450 532 12
519 532 8
27 532 11
532 588 8
44 532 8
283 532 9
265 532 12
254 532 11
533 549 12
527 533 10
65 533 11
288 533 12
533 743 16
166 533 12
533 650 13
533 566 7
236 533 9
359 534 11
366 534 8
391 534 9
534 715 8
534 622 10
73 534 13
488 534 12
194 534 10
341 534 12
316 534 11
534 718 13
535 712 10
535 639 9
270 535 12
54 535 11
267 535 10
361 535 11
175 535 12
512 535 13
396 535 11
319 535 9
535 653 9
350 536 11
536 658 14
486 536 10
536 732 8
536 599 11
536 634 10
404 536 8
246 536 6
105 536 11
196 536 13
68 536 10
350 537 7
198 537 11
311 537 11
417 537 10
367 537 12
537 581 11
495 537 10
147 537 12
152 537 12
537 634 8
401 538 9
442 538 9
520 538 12
538 705 11
273 538 5
235 538 12
133 538 10
538 724 12
374 538 9
327 538 9
476 538 10
173 539 12
539 572 10
539 683 7
512 539 12
80 539 11
473 539 9
539 699 9
17 539 11
43 539 10
155 539 12
529 539 8
540 632 10
540 561 13
128 540 12
429 540 13
397 540 10
540 666 12
540 657 9
248 540 9
19 541 12
301 541 14
464 541 8
302 541 10
348 541 11
199 541 10
314 541 12
353 541 10
500 541 12
390 541 14
424 542 13
525 542 12
238 542 13
167 542 13
119 542 9
305 542 9
542 702 11
311 542 10
522 542 9
337 542 8
225 542 8
543 557 14
543 659 9
137 543 9
345 543 11
245 543 12
37 543 11
74 543 8
391 543 9
294 543 11
404 543 8
477 544 10
544 581 10
544 668 10
544 682 14
248 544 10
409 544 8
285 544 9
495 544 8
155 544 5
305 544 6
545 652 11
89 545 11
155 545 12
137 545 7
238 545 11
408 545 8
545 697 12
523 545 12
214 545 11
212 545 11
97 545 12
374 546 13
359 546 14
424 546 6
229 546 9
546 591 12
124 546 13
546 701 12
400 546 11
15 546 15
274 546 12
531 546 9
101 547 9
547 589 9
27 547 13
547 627 15
542 547 11
307 547 7
384 547 9
262 547 9
91 547 9
547 748 10
548 606 9
210 548 11
336 548 10
499 548 13
548 602 12
548 690 9
254 548 13
335 548 12
343 548 8
460 549 9
487 549 11
549 612 11
260 549 11
302 549 10
162 549 13
178 549 12
142 549 11
549 668 7
170 549 14
516 550 10
443 550 10
469 550 9
146 550 10
498 550 10
444 550 9
66 550 9
550 733 14
166 550 13
484 550 10
491 550 11
405 551 11
402 551 9
551 656 12
551 718 10
551 629 7
551 691 12
551 607 11
492 551 12
552 613 9
358 552 12
552 745 9
209 552 9
552 569 11
552 677 12
552 688 6
225 552 14
25 553 7
412 553 9
6 553 9
553 622 11
553 615 11
194 553 9
553 606 10
426 553 9
142 553 11
45 554 12
452 554 10
504 554 11
554 680 11
554 622 11
554 729 11
539 554 7
554 642 7
498 554 10
555 693 7
555 598 13
394 555 12
132 555 9
299 555 13
555 643 13
272 555 13
555 656 12
113 555 10
438 556 7
455 556 6
369 556 9
360 556 12
304 556 7
200 556 9
506 556 10
556 582 11
556 684 13
91 556 11
187 557 10
459 557 9
199 557 13
167 557 10
266 557 8
360 557 12
238 557 5
557 695 11
61 557 12
400 557 12
558 726 9
195 558 9
558 663 13
558 696 10
434 558 11
558 595 10
287 558 11
327 558 9
354 558 13
75 559 12
559 715 10
559 576 7
467 559 5
277 559 10
246 559 7
43 559 11
559 724 10
56 559 10
467 560 10
346 560 6
374 560 8
411 560 13
64 560 10
386 560 5
347 560 11
308 560 10
124 561 10
384 561 10
136 561 11
340 561 12
561 577 12
273 561 14
94 561 14
561 713 11
388 561 11
562 618 10
562 627 10
562 620 12
404 562 8
562 731 12
11 562 8
227 562 11
282 562 12
312 562 13
535 563 10
519 563 14
387 563 9
382 563 11
446 563 8
229 563 8
563 745 9
563 726 9
563 585 11
258 563 12
563 623 11
232 563 12
127 564 7
564 706 14
564 618 11
405 564 13
540 564 10
563 564 12
385 564 12
564 678 13
140 564 10
71 564 8
191 564 11
229 565 10
410 565 11
373 565 7
565 604 8
565 589 11
565 619 10
358 565 10
565 674 10
393 565 12
565 736 13
57 565 11
566 573 8
294 566 12
162 566 14
166 566 9
30 566 10
14 566 10
384 566 9
483 566 8
35 566 10
567 709 11
440 567 6
567 693 9
465 567 9
272 567 12
95 567 12
567 649 8
81 567 12
514 567 11
4 568 12
568 647 11
568 658 13
461 568 14
379 568 12
166 568 12
568 725 7
568 669 9
568 671 10
568 717 11
201 569 12
311 569 13
569 700 12
316 569 10
497 569 12
405 569 9
146 569 10
20 569 12
569 634 5
202 569 10
555 569 10
558 570 10
570 605 10
568 570 14
250 570 9
324 570 10
361 570 11
570 674 11
207 570 11
301 570 11
570 604 13
570 658 10
114 571 12
38 571 13
571 698 8
571 621 12
379 571 8
355 571 13
571 709 9
519 571 11
29 571 12
572 736 11
245 572 9
540 572 8
572 647 13
422 572 8
353 572 11
572 700 8
572 618 12
372 572 11
572 701 9
58 573 11
477 573 7
433 573 10
65 573 13
389 573 14
573 644 13
143 573 12
158 573 11
573 667 11
164 573 8
208 573 9
94 574 11
574 576 10
574 621 11
530 574 7
444 574 8
260 574 8
318 574 14
253 574 11
107 574 10
574 606 9
43 574 14
24 575 12
575 601 10
575 660 9
575 696 10
310 575 8
109 575 12
97 575 12
465 575 10
237 575 10
575 627 11
567 576 11
403 576 14
304 576 11
71 576 10
46 576 13
576 619 6
563 576 5
338 576 8
389 576 9
404 576 10
340 576 12
219 577 9
51 577 12
508 577 11
222 577 11
577 638 14
577 688 10
292 577 10
170 577 12
555 577 9
26 577 11
577 639 7
578 680 8
578 607 12
578 655 8
578 679 9
410 578 9
40 578 13
138 578 11
89 578 11
578 719 10
235 578 13
117 578 13
298 579 12
388 579 11
88 579 13
321 579 8
153 579 11
282 579 13
447 579 12
201 579 8
579 590 14
460 579 9
429 579 11
520 580 12
218 580 9
535 580 11
580 688 8
441 580 9
498 580 8
569 580 10
254 580 11
568 580 15
371 580 9
255 580 13
481 580 11
531 581 9
578 581 11
215 581 10
356 581 10
144 581 8
85 581 9
277 581 9
272 581 10
581 732 11
581 680 7
178 581 12
582 736 13
130 582 12
357 582 13
582 661 8
178 582 15
166 582 10
237 582 10
582 710 11
583 587 10
264 583 9
472 583 7
74 583 5
48 583 9
78 583 12
396 583 11
213 583 12
162 583 15
376 583 10
583 615 11
584 712 15
584 686 8
65 584 12
121 584 11
584 669 10
28 584 8
236 584 9
573 584 10
185 585 9
585 723 14
462 585 11
273 585 7
81 585 10
428 585 6
585 600 13
172 585 9
253 585 12
548 585 6
585 687 14
35 586 12
41 586 11
66 586 11
586 672 12
394 586 8
110 586 14
31 586 9
380 586 12
542 586 10
350 587 10
587 698 10
10 587 16
587 651 11
48 587 13
587 599 11
43 587 9
498 587 12
587 696 13
113 587 13
177 588 13
180 588 12
87 588 10
438 588 9
339 588 9
4 588 6
130 588 8
75 588 13
97 588 11
427 588 10
306 589 10
562 589 6
589 734 13
324 589 13
407 589 12
457 589 9
461 589 13
376 589 11
186 589 9
204 590 10
372 590 9
423 590 11
590 634 13
373 590 12
590 622 9
150 590 9
360 590 10
254 590 7
286 590 9
562 590 15
74 591 10
274 591 7
591 656 12
24 591 12
591 695 6
352 591 10
497 591 11
591 742 8
77 591 14
579 591 10
296 591 8
530 591 11
349 592 11
16 592 9
592 602 15
543 592 13
109 592 12
213 592 13
442 592 8
61 592 9
7 592 12
50 593 11
593 642 10
438 593 16
439 593 9
593 657 11
579 593 9
449 593 11
548 593 10
545 594 7
46 594 10
556 594 12
200 594 11
276 594 8
308 594 12
594 722 11
520 594 12
594 662 12
169 594 10
595 655 14
92 595 14
595 629 9
459 595 9
153 595 11
595 729 11
268 595 10
152 595 11
595 613 12
595 720 10
595 623 14
596 727 10
568 596 11
596 743 7
228 596 12
327 596 14
157 596 13
574 596 11
596 660 10
372 596 12
597 701 8
500 597 10
597 653 9
302 597 11
379 597 9
504 597 11
597 727 11
505 597 12
597 615 6
597 647 9
42 598 12
598 666 10
337 598 11
557 598 10
236 598 11
517 598 6
598 719 14
598 718 9
163 598 10
12 599 13
490 599 10
150 599 11
5 599 8
133 599 10
257 599 13
158 599 14
576 599 9
409 599 9
600 690 11
2 600 12
293 600 10
600 695 8
149 600 8
600 656 11
520 600 11
419 600 10
458 600 8
445 600 13
5 600 15
99 601 16
374 601 10
434 601 11
355 601 10
367 601 9
103 601 8
450 601 4
242 601 13
364 601 13
436 601 9
502 601 13
372 601 13
601 605 10
300 602 13
189 602 13
283 602 15
48 602 10
526 602 10
275 602 9
299 602 11
144 602 8
538 602 11
443 603 11
369 603 10
573 603 11
536 603 6
264 603 8
317 603 10
23 603 12
496 603 10
183 603 14
57 603 8
404 604 14
364 604 10
450 604 13
195 604 8
287 604 12
408 604 9
268 604 8
197 604 10
604 636 9
604 632 7
64 605 10
21 605 12
293 605 9
605 624 14
581 605 11
170 605 10
249 605 12
220 605 10
605 725 6
321 605 9
515 606 10
107 606 11
81 606 16
79 606 13
209 606 11
606 648 12
341 606 9
198 606 8
531 606 12
304 607 11
520 607 13
181 607 8
108 607 11
267 607 8
233 607 13
35 607 10
415 607 14
584 607 10
607 743 13
608 615 12
472 608 12
36 608 13
592 608 9
574 608 11
190 608 8
124 608 10
348 608 9
275 608 8
181 608 7
454 608 12
609 694 7
162 609 9
609 629 12
37 609 13
551 609 10
424 609 10
161 609 8
132 609 9
224 609 7
20 609 15
162 610 11
431 610 7
274 610 12
481 610 15
610 689 13
345 610 15
295 610 6
556 610 9
610 617 10
353 610 11
180 610 11
161 611 10
611 705 12
583 611 11
347 611 8
611 702 11
134 611 13
611 617 10
348 611 12
393 611 12
320 612 7
612 690 7
201 612 10
612 714 11
612 637 12
132 612 12
91 612 12
612 618 15
37 612 12
306 612 10
536 612 13
120 613 6
274 613 9
582 613 13
613 638 8
392 613 11
613 659 9
163 613 12
613 743 12
512 613 11
327 613 14
613 614 11
483 614 5
18 614 7
614 745 11
205 614 10
386 614 13
172 614 10
614 673 12
340 614 11
225 614 15
615 731 8
615 672 13
615 631 13
615 684 9
19 615 10
563 615 11
615 638 10
615 745 10
108 615 11
288 615 12
260 615 12
454 616 12
616 634 15
20 616 10
179 616 9
193 616 15
465 616 11
56 616 10
369 616 9
225 616 10
477 616 7
616 649 9
617 670 12
544 617 8
185 617 11
468 617 11
61 617 11
617 629 11
495 617 11
569 617 9
473 617 10
66 617 7
367 618 11
389 618 14
355 618 9
590 618 12
392 618 9
416 618 13
400 618 13
117 618 14
618 645 10
230 618 10
618 638 13
619 677 8
619 736 15
177 619 11
603 619 7
619 745 14
229 619 11
446 619 11
100 619 10
225 619 10
301 619 10
153 620 9
479 620 12
311 620 10
525 620 11
219 620 8
169 620 11
41 620 16
497 620 12
197 620 8
121 620 13
621 676 12
449 621 11
278 621 10
621 674 7
621 747 8
387 621 8
69 621 12
532 621 12
346 621 10
292 622 10
326 622 10
622 687 11
622 624 10
509 622 11
622 682 13
220 622 9
118 622 10
383 622 12
263 622 10
4 623 11
623 675 8
48 623 12
173 623 11
360 623 9
9 623 12
544 623 10
462 623 11
533 623 14
541 623 9
405 624 11
418 624 8
624 655 10
50 624 13
442 624 7
624 729 9
251 624 12
624 677 13
532 624 2
284 625 11
363 625 9
625 700 13
214 625 11
332 625 9
304 625 12
493 625 11
558 625 11
470 625 9
341 625 11
305 626 10
82 626 11
444 626 14
626 677 8
343 626 9
626 725 11
130 626 8
315 626 13
143 626 10
627 693 14
201 627 8
258 627 9
159 627 13
614 627 12
274 627 9
236 627 13
394 627 7
408 627 12
80 627 7
627 700 9
364 628 9
476 628 10
554 628 9
271 628 7
60 628 10
210 628 10
566 628 10
81 628 13
628 670 10
201 628 9
629 717 8
615 629 12
127 629 12
173 629 9
210 629 13
351 629 12
456 629 8
63 629 10
611 629 8
235 629 5
109 629 14
23 630 8
630 659 11
630 709 10
274 630 8
210 630 7
315 630 14
4 630 10
46 630 11
140 630 8
322 630 9
630 742 13
424 630 13
631 656 9
562 631 9
298 631 8
155 631 11
290 631 10
593 631 10
394 631 10
350 631 11
546 632 10
629 632 11
237 632 8
567 632 10
589 632 10
17 632 9
235 632 8
369 632 11
593 632 10
367 633 10
282 633 9
53 633 10
528 633 12
565 633 9
285 633 14
412 633 15
231 633 14
241 633 11
294 633 11
3 634 9
610 634 14
55 634 11
223 634 10
309 634 8
374 634 8
101 634 9
634 664 12
634 707 12
587 634 12
634 687 8
330 635 9
30 635 15
282 635 11
60 635 11
182 635 10
85 635 12
198 635 5
516 635 10
295 635 9
622 636 11
96 636 10
532 636 9
287 636 9
597 636 13
411 636 9
322 636 11
296 636 12
612 636 10
432 636 12
636 732 8
636 638 7
291 637 10
48 637 13
66 637 12
247 637 12
458 637 12
520 637 13
322 637 8
27 637 13
471 637 7
53 637 6
375 638 9
119 638 11
320 638 11
301 638 6
558 638 8
3 638 12
638 643 11
638 692 10
535 638 10
638 740 9
98 639 13
172 639 9
288 639 10
217 639 11
84 639 10
374 639 12
610 639 12
639 703 9
270 639 10
200 639 13
180 640 11
50 640 8
425 640 13
304 640 8
442 640 6
133 640 11
528 640 12
640 669 11
640 686 14
526 640 11
462 641 10
386 641 11
641 737 10
238 641 10
239 641 10
423 641 13
179 641 7
554 641 9
92 642 10
561 642 13
3 642 10
504 642 10
56 642 9
296 642 8
326 642 8
103 642 12
642 737 10
642 681 12
66 642 12
604 643 13
378 643 8
468 643 12
643 720 10
485 643 10
396 643 10
333 643 12
389 643 10
418 643 12
6 644 11
406 644 11
644 668 9
403 644 14
142 644 9
290 644 9
569 644 10
644 697 11
56 644 5
416 644 11
140 645 14
81 645 9
151 645 14
593 645 5
124 645 11
645 698 8
256 645 10
512 645 11
265 645 10
77 645 11
570 645 15
390 646 7
646 698 10
56 646 9
15 646 9
586 646 7
584 646 9
316 646 11
403 646 10
487 646 9
86 647 11
647 696 14
513 647 11
189 647 8
451 647 11
168 647 8
184 647 9
341 647 11
154 647 10
161 647 9
186 648 10
421 648 10
648 735 13
648 732 8
605 648 12
214 648 16
51 648 11
246 648 10
33 648 11
424 648 12
548 649 13
361 649 11
516 649 9
600 649 11
554 649 12
69 649 8
363 649 11
432 649 14
551 649 10
457 649 9
650 707 12
650 684 6
390 650 12
265 650 12
324 650 6
284 650 11
59 650 11
302 650 10
386 650 13
571 650 9
227 651 9
288 651 10
19 651 15
318 651 11
285 651 12
251 651 10
628 651 14
10 651 10
562 651 9
476 651 7
296 651 11
109 652 13
207 652 10
500 652 9
591 652 10
39 652 9
652 723 7
575 652 12
221 652 10
580 652 11
464 652 9
80 653 10
595 653 10
571 653 10
166 653 11
374 653 10
457 653 9
53 653 9
522 653 11
488 653 8
47 653 15
45 653 10
265 654 12
78 654 8
228 654 12
311 654 11
43 654 11
288 654 11
413 654 7
42 654 6
298 654 16
222 655 11
387 655 12
629 655 11
198 655 7
655 727 9
655 722 12
112 655 7
655 688 9
569 655 12
456 655 9
308 656 10
443 656 10
542 656 10
35 656 10
253 656 12
394 656 11
138 656 10
314 656 7
622 656 11
53 656 13
628 656 7
528 657 11
562 657 10
298 657 11
268 657 11
310 657 5
410 657 12
378 657 12
95 657 8
313 657 12
600 657 8
201 657 10
155 657 10
563 658 14
56 658 13
351 658 10
432 658 11
658 687 11
37 658 7
588 658 8
658 688 9
185 658 7
605 658 10
659 660 11
625 659 13
104 659 11
84 659 9
603 659 12
134 659 11
216 659 7
341 659 9
366 659 12
492 660 8
179 660 11
535 660 8
271 660 6
482 660 8
160 660 13
660 718 13
497 660 10
47 661 13
390 661 13
454 661 11
98 661 8
661 715 6
661 741 10
432 661 11
661 722 9
246 661 12
179 662 9
429 662 12
157 662 12
457 662 14
631 662 11
488 662 11
154 662 8
103 662 11
385 662 13
597 662 7
420 662 13
56 663 11
295 663 7
516 663 11
75 663 13
663 710 11
46 663 8
362 663 14
642 663 11
331 663 12
79 663 11
478 664 11
181 664 9
471 664 11
299 664 11
420 664 10
30 664 12
537 664 12
573 664 9
188 664 11
92 665 12
665 723 10
506 665 12
409 665 12
665 695 11
17 665 11
431 665 12
20 665 14
424 665 13
665 678 11
491 666 12
153 666 13
619 666 14
666 708 9
403 666 14
574 666 11
450 666 10
666 682 10
47 667 8
378 667 6
229 667 14
270 667 12
464 667 8
118 667 10
17 667 11
433 667 12
445 667 13
454 667 10
568 668 16
133 668 11
179 668 10
132 668 9
436 668 10
269 668 6
256 668 8
506 668 12
130 668 12
5 668 10
541 668 12
20 669 10
124 669 10
669 701 9
296 669 12
657 669 10
549 669 10
283 669 11
330 669 13
509 669 9
46 670 11
670 737 10
204 670 9
224 670 12
356 670 12
564 670 13
532 670 11
670 744 13
601 670 10
152 670 11
462 671 7
429 671 7
210 671 10
118 671 8
157 671 8
9 671 12
232 671 12
571 671 11
651 671 13
410 671 11
367 671 10
195 671 10
94 672 9
392 672 9
108 672 13
672 711 7
20 672 15
226 672 9
488 672 14
350 672 10
156 672 9
269 672 11
662 673 7
296 673 10
149 673 14
673 683 11
557 673 10
86 673 14
350 673 10
673 704 9
673 708 14
280 673 11
598 673 13
370 673 5
67 674 9
151 674 10
192 674 9
196 674 9
334 674 11
52 674 10
669 674 13
299 674 10
38 675 15
45 675 13
675 683 11
54 675 11
415 675 8
216 675 10
300 675 9
555 675 12
239 675 11
371 675 13
636 675 13
370 676 12
133 676 12
628 676 10
483 676 10
220 676 9
367 676 10
676 738 9
676 709 11
203 676 12
373 676 9
491 676 11
588 677 10
231 677 9
260 677 12
327 677 8
648 677 10
120 677 10
677 749 10
90 677 12
637 677 12
267 678 10
375 678 14
278 678 9
386 678 7
638 678 10
504 678 11
16 678 10
449 678 9
502 678 9
611 678 13
630 679 9
668 679 7
217 679 6
487 679 11
128 679 11
679 687 9
679 746 6
77 679 11
196 679 7
68 680 7
88 680 9
62 680 11
157 680 7
680 709 13
610 680 10
625 680 11
33 680 11
15 680 9
107 680 10
389 681 11
444 681 10
463 681 8
677 681 9
228 681 8
455 681 9
326 681 11
417 681 10
129 681 11
292 681 12
473 681 12
227 682 9
304 682 11
213 682 13
439 682 13
682 697 10
527 682 8
625 682 13
682 738 11
515 682 15
41 682 9
31 683 9
135 683 10
276 683 10
683 724 11
608 683 8
292 683 12
683 713 8
681 683 11
496 683 12
605 683 9
420 683 14
684 724 12
340 684 11
143 684 10
445 684 14
26 684 8
159 684 12
208 684 12
540 684 11
608 684 11
393 685 13
44 685 6
243 685 9
132 685 11
567 685 13
2 685 11
295 685 9
131 685 8
288 685 12
35 685 13
555 686 11
177 686 11
682 686 10
508 686 12
373 686 10
465 686 9
282 686 10
586 686 10
126 686 8
313 686 6
529 687 10
589 687 10
82 687 9
194 687 12
273 687 9
687 730 11
580 687 11
431 687 10
25 687 11
238 687 12
565 687 11
688 720 12
446 688 7
583 688 12
121 688 9
384 688 9
611 688 9
498 688 11
566 688 9
242 688 12
689 732 8
402 689 9
124 689 9
103 689 13
689 700 13
207 689 11
307 689 9
644 689 8
152 689 8
173 689 10
218 690 8
439 690 13
92 690 8
577 690 10
188 690 13
501 690 11
23 690 11
442 690 13
396 690 13
157 690 9
582 690 9
483 691 13
193 691 9
16 691 10
107 691 12
565 691 11
439 691 11
312 691 12
131 691 11
500 691 9
420 691 10
76 692 10
64 692 10
395 692 5
692 717 10
34 692 12
74 692 8
195 692 10
337 692 9
486 692 9
26 692 11
349 693 11
693 736 12
581 693 11
649 693 10
39 693 11
498 693 12
678 693 11
456 693 11
614 694 11
460 694 8
239 694 10
655 694 11
55 694 13
462 694 9
226 694 11
167 694 8
209 694 10
397 694 11
299 695 8
113 695 8
2 695 8
88 695 10
491 695 11
695 730 13
695 728 10
695 734 9
507 695 9
486 696 9
303 696 11
132 696 10
611 696 10
232 696 10
323 696 11
295 696 9
679 696 10
376 696 11
338 697 12
507 697 13
511 697 10
323 697 11
697 713 13
697 734 11
632 697 9
45 697 11
697 749 13
17 697 13
22 698 13
626 698 11
463 698 13
70 698 10
360 698 12
667 698 10
357 698 9
591 698 11
222 698 10
199 698 8
698 716 10
314 699 8
156 699 10
379 699 7
396 699 11
631 699 7
78 699 7
106 699 13
348 699 10
582 699 11
700 748 11
517 700 12
589 700 14
519 700 9
263 700 8
613 700 13
630 700 9
700 708 8
633 700 10
265 700 12
387 700 12
163 701 10
272 701 14
178 701 10
701 714 12
504 701 9
420 701 9
206 701 9
357 701 10
356 701 14
440 701 10
495 701 7
237 702 16
442 702 13
322 702 11
300 702 10
652 702 9
153 702 11
230 702 8
414 702 8
271 702 7
57 702 9
685 703 8
211 703 12
703 724 11
703 722 12
288 703 10
91 703 13
502 703 8
166 703 11
347 703 11
37 703 9
703 707 10
680 704 13
483 704 11
696 704 7
577 704 11
328 704 10
537 704 12
258 704 10
51 704 9
7 705 11
185 705 14
418 705 9
438 705 10
87 705 8
189 705 7
398 705 13
666 705 7
205 705 11
478 705 9
543 706 12
388 706 8
706 727 9
260 706 9
236 706 8
493 706 11
550 706 10
18 706 12
592 706 11
178 707 14
707 734 10
430 707 9
554 707 6
587 707 11
361 707 14
278 707 7
322 707 9
630 707 11
316 707 9
293 707 9
522 707 11
95 708 8
64 708 14
199 708 11
22 708 11
580 708 12
325 708 8
184 708 14
238 708 10
572 708 11
308 708 11
603 709 9
112 709 11
212 709 8
496 709 7
28 709 9
299 709 9
515 709 10
164 709 11
39 709 12
709 722 11
626 709 11
624 709 12
367 710 9
112 710 11
16 710 10
698 710 13
592 710 11
540 710 10
246 710 11
17 710 12
329 710 8
346 710 11
41 711 8
500 711 9
325 711 11
710 711 11
301 711 14
544 711 11
531 711 8
652 711 11
424 711 10
300 711 11
169 712 11
567 712 7
514 712 11
158 712 12
552 712 12
408 712 11
476 712 8
230 712 13
131 712 16
712 719 7
584 713 12
410 713 10
418 713 8
688 713 7
316 713 9
639 713 7
13 713 12
285 713 10
140 713 10
659 713 8
90 713 14
614 714 8
518 714 11
514 714 10
500 714 9
102 714 13
505 714 13
63 714 11
267 714 10
388 714 13
532 714 9
491 714 9
461 715 11
77 715 10
613 715 10
692 715 6
147 715 10
159 715 6
242 715 14
342 715 10
346 716 8
0 716 16
664 716 6
45 716 14
630 716 10
374 716 12
558 716 7
275 716 11
554 716 10
122 716 10
315 717 13
704 717 12
295 717 12
717 746 11
456 717 9
649 717 11
36 717 14
436 717 11
588 717 8
141 717 7
618 717 11
407 718 7
131 718 11
305 718 10
691 718 16
627 718 10
684 718 8
364 718 11
314 718 9
608 718 12
359 719 7
617 719 12
552 719 9
215 719 10
387 719 11
336 719 11
674 719 10
310 719 10
91 719 14
306 719 14
100 719 7
423 720 8
720 745 11
98 720 11
626 720 10
206 720 11
508 720 10
466 720 11
341 720 12
191 720 12
352 720 11
536 721 10
325 721 10
441 721 10
7 721 15
434 721 9
721 743 12
254 721 10
558 721 9
486 721 11
186 721 11
612 721 9
300 721 12
147 722 11
503 722 11
20 722 12
719 722 9
617 722 10
722 734 10
459 722 11
230 722 10
722 737 14
38 722 9
491 723 13
176 723 12
555 723 11
500 723 9
217 723 11
723 742 10
315 723 15
354 723 11
331 723 15
233 723 9
642 724 10
156 724 11
386 724 11
79 724 11
610 724 9
438 724 10
724 742 12
103 724 7
260 724 8
477 725 12
15 725 9
367 725 8
29 725 12
290 725 8
412 725 12
156 725 10
68 725 13
91 725 9
445 725 8
666 726 8
620 726 11
416 726 10
154 726 10
525 726 12
344 726 12
608 726 9
140 726 9
119 726 9
672 726 13
292 727 9
575 727 8
350 727 13
187 727 9
324 727 12
154 727 9
238 727 11
55 727 11
197 727 9
32 727 11
117 727 11
494 728 11
333 728 10
474 728 12
597 728 10
373 728 11
513 728 10
208 728 11
199 728 10
350 728 6
632 728 11
660 728 9
728 734 8
398 729 10
349 729 13
178 729 9
138 729 9
153 729 9
671 729 10
660 729 12
399 729 11
151 729 13
620 729 9
105 730 12
325 730 11
151 730 12
40 730 10
367 730 10
465 730 13
482 730 14
656 730 11
711 730 8
251 731 9
104 731 13
515 731 10
663 731 9
460 731 7
60 731 13
159 731 7
507 731 12
496 731 13
458 731 9
75 731 7
301 731 14
156 732 12
133 732 13
657 732 9
554 732 13
140 732 8
674 732 12
501 732 10
245 732 8
68 732 10
320 733 11
437 733 13
566 733 11
376 733 12
369 733 10
710 733 9
618 733 10
659 733 10
596 733 6
308 733 9
468 733 5
298 734 12
232 734 8
604 734 9
538 734 11
162 734 13
566 734 12
75 734 11
606 734 11
121 734 10
732 734 12
413 734 10
735 745 13
209 735 11
305 735 8
722 735 10
626 735 12
49 735 10
617 735 10
151 735 11
692 735 10
718 735 9
639 736 15
453 736 10
29 736 10
279 736 10
546 736 12
425 736 11
286 736 8
301 736 12
569 737 7
296 737 12
666 737 13
592 737 10
679 737 12
497 737 7
354 737 7
279 737 9
131 737 9
290 737 9
73 737 10
304 738 13
45 738 9
235 738 9
314 738 9
500 738 12
69 738 11
217 738 11
5 738 12
583 738 6
170 739 6
118 739 10
406 739 11
685 739 12
739 747 11
438 739 6
162 739 10
284 739 9
728 739 10
183 739 12
447 739 11
698 740 10
307 740 10
617 740 13
538 740 11
42 740 8
228 740 12
22 740 10
210 740 10
319 740 11
186 740 13
572 740 10
596 741 11
650 741 15
8 741 11
361 741 14
461 741 11
107 741 13
436 741 8
415 741 12
27 741 9
516 741 10
741 742 9
354 742 12
383 742 11
650 742 15
158 742 11
527 742 11
589 742 11
732 742 10
374 742 12
636 743 10
445 743 12
374 743 8
169 743 11
579 743 9
394 743 9
700 743 11
50 743 10
580 743 11
337 744 12
179 744 9
467 744 7
534 744 13
630 744 11
731 744 14
508 744 11
114 744 9
379 744 10
460 744 9
658 744 10
721 745 11
638 745 14
171 745 12
159 745 9
510 745 12
409 745 15
328 745 10
709 745 14
52 746 10
534 746 6
99 746 7
672 746 14
239 746 12
647 746 11
211 746 8
163 746 11
328 746 8
525 746 10
208 747 10
172 747 12
441 747 9
412 747 9
35 747 12
721 747 15
123 747 12
527 747 10
581 747 8
441 748 7
266 748 9
731 748 12
218 748 11
673 748 9
126 748 12
490 748 12
248 748 12
178 748 12
99 748 8
451 749 12
662 749 13
13 749 14
263 749 8
746 749 10
144 749 13
382 749 6
187 749 9
51 749 12
452 749 13
