750
0
7
4
6
2
7
7
9
6
2
6
3
1
3
7
4
6
6
5
10
4
10
5
6
5
3
5
7
2
1
3
7
5
1
6
3
5
4
4
3
8
8
6
4
10
1
7
2
1
1
2
3
2
10
8
7
9
2
6
8
6
10
5
8
6
10
8
1
2
7
10
5
8
6
9
6
7
10
8
2
6
8
1
9
2
6
7
5
2
5
6
8
4
9
2
2
4
7
3
10
6
4
3
5
6
4
2
7
5
3
7
1
2
9
2
3
7
8
1
8
1
9
1
6
6
8
6
10
9
8
2
7
8
5
7
8
6
9
2
7
1
7
5
8
9
3
3
8
1
2
9
4
2
7
5
3
3
7
9
9
8
2
2
10
2
9
5
8
10
8
2
2
9
9
2
8
8
6
5
6
2
2
1
3
5
10
6
4
6
4
6
4
5
8
5
6
4
7
2
6
8
5
7
8
4
4
4
4
9
2
4
2
2
6
6
9
9
2
4
8
5
6
2
7
7
1
10
8
5
10
1
4
2
5
4
6
1
7
2
5
6
2
8
9
9
4
4
7
5
2
9
10
5
6
6
5
6
3
6
7
2
10
5
6
4
8
2
7
7
7
9
8
9
8
10
9
3
2
7
8
5
3
9
4
10
9
5
1
9
8
6
10
5
9
2
3
2
8
3
7
8
3
2
3
4
1
6
5
3
7
6
6
4
4
4
8
10
3
7
1
6
4
3
4
9
4
9
9
1
3
4
6
3
9
7
6
10
7
8
3
1
2
4
4
3
6
7
1
8
7
4
4
1
2
8
10
5
6
4
4
3
1
5
5
4
1
8
5
5
5
1
7
4
6
5
4
3
7
6
9
2
8
6
7
4
4
2
3
7
9
8
2
5
6
6
7
9
6
2
1
5
8
9
3
8
6
8
8
6
2
5
2
1
4
10
5
2
3
3
3
9
9
1
9
6
5
4
9
6
8
7
9
4
6
8
3
9
8
4
5
7
3
2
9
8
3
9
5
4
8
4
2
5
2
7
2
2
3
10
3
5
3
1
4
9
4
7
6
7
9
3
4
2
7
1
7
2
8
3
3
10
5
4
5
2
3
3
2
1
4
6
5
3
5
3
4
9
9
10
2
6
2
8
4
10
4
6
2
7
2
6
7
3
6
5
7
9
9
5
9
9
1
2
5
6
2
9
10
3
5
5
5
2
9
6
4
7
8
10
6
8
7
8
6
3
7
7
10
10
2
6
10
2
6
1
5
6
4
4
6
9
4
2
4
2
7
4
4
5
4
3
6
7
1
9
6
4
3
8
2
1
3
8
5
5
6
6
4
8
8
2
7
3
9
5
1
6
1
5
5
10
4
10
3
1
5
2
5
2
9
9
1
8
8
5
4
8
2
6
9
5
9
5
6
2
8
10
4
6
8
6
8
10
4
6
5
4
6
5
6
6
8
3
9
3
3
5
2
1
6
9
1
9
7
7
9
4
8
10
6
9
9
5
2
8
7
7
1
2
4
6
3
8
8
6
4
6
9
5
8
10
4
6
8
8
6
6
9
10
5
7
10
5
6
8
9
3
10
2
2
8
5
8
5
3
4
2
9
8
4
4
7
8
9
9
4
9
1
3
7
3
3
7
2
4
9
6
5
6
2
7
6
8
1
1
2
5
1
5
8
8
1
6
7
2
1
3
7
1
3
0 75 5
0 497 12
0 344 10
0 373 6
0 4 10
0 12 9
0 562 10
0 608 7
0 231 8
1 251 9
1 278 8
1 346 8
1 352 10
1 343 9
1 359 8
1 301 14
1 173 12
1 331 13
1 423 7
2 47 9
2 722 10
2 681 9
2 240 9
2 179 12
2 521 10
2 615 7
2 710 11
2 406 10
2 354 8
2 113 9
3 498 8
3 146 8
3 699 7
3 330 10
3 44 8
3 599 10
3 89 11
3 439 11
3 478 13
3 221 9
4 265 14
4 128 8
4 229 11
4 565 11
4 658 10
4 412 8
4 23 11
4 27 8
1 4 10
4 472 9
5 678 13
5 319 13
5 395 13
5 502 8
5 67 11
5 39 11
5 393 7
5 138 14
5 257 9
5 498 8
6 625 12
6 269 14
6 578 16
6 604 12
6 668 12
6 394 10
6 235 11
6 76 9
6 111 9
6 698 10
6 652 11
7 682 10
7 691 10
7 390 10
7 444 7
7 378 12
7 44 12
7 667 13
7 99 7
0 7 11
7 568 9
8 671 12
8 215 11
8 600 12
8 618 9
8 704 11
8 319 11
8 204 10
8 329 10
8 732 14
8 365 8
9 541 11
9 198 7
9 128 8
9 660 11
9 261 10
9 272 7
9 209 12
9 337 11
9 732 13
9 333 6
10 142 10
10 744 10
10 432 13
10 92 8
10 689 10
10 265 10
10 529 13
10 725 7
10 329 8
11 473 11
11 463 14
11 183 9
11 188 7
11 586 11
11 181 9
11 219 12
11 655 10
11 283 10
11 679 12
11 548 8
12 116 11
12 177 11
12 412 14
12 681 15
12 413 11
12 276 10
12 688 8
12 168 12
12 677 9
13 385 11
13 630 11
13 21 9
13 414 12
13 281 15
13 655 8
13 540 6
13 345 12
13 423 11
13 746 12
14 482 10
14 694 13
14 167 13
14 555 14
10 14 13
14 709 11
14 366 10
14 478 8
14 594 9
14 312 9
14 572 7
14 597 13
15 314 13
15 190 12
15 214 12
15 296 15
15 469 12
15 235 6
13 15 10
15 238 9
15 34 10
16 529 14
16 640 11
16 299 7
16 451 11
16 645 13
16 34 11
16 123 12
16 317 11
12 16 11
16 522 9
16 527 13
17 82 11
17 421 13
17 388 10
17 447 9
17 183 9
17 141 9
17 328 12
17 616 10
17 33 8
18 124 7
18 657 10
18 134 12
18 701 13
18 455 12
18 22 12
18 672 14
18 217 9
18 150 10
19 307 9
19 634 10
19 615 10
19 661 10
19 272 10
19 141 11
19 447 14
19 429 10
19 576 10
19 250 13
20 227 6
20 247 12
20 261 11
20 707 6
20 148 11
20 343 11
20 521 12
14 20 12
20 670 13
10 20 8
20 623 11
21 581 7
21 414 10
21 34 10
21 401 5
21 627 10
21 82 8
21 497 9
21 561 12
21 252 8
21 61 10
22 136 11
22 439 10
22 533 10
22 453 9
22 717 9
22 670 14
22 735 9
22 644 9
22 421 13
22 582 10
9 22 6
23 205 10
23 150 12
23 523 12
23 183 9
23 107 9
23 47 10
23 601 11
23 50 10
23 255 8
23 552 10
23 452 10
24 644 13
24 500 13
19 24 12
24 626 9
24 688 12
24 297 11
8 24 11
24 453 12
24 193 11
24 615 11
25 330 8
25 497 9
25 246 14
25 115 13
25 62 10
25 171 12
25 609 10
25 445 10
25 335 10
25 470 8
26 427 15
26 458 9
26 151 13
26 216 14
26 29 9
26 711 13
26 437 9
26 332 12
26 249 12
26 619 16
27 412 15
27 485 8
27 411 12
27 93 10
27 479 10
27 242 11
27 356 8
3 27 10
27 112 11
27 433 10
27 290 11
28 489 11
28 734 7
28 86 12
28 621 12
28 301 10
28 67 12
28 204 11
28 162 11
28 418 8
28 38 13
29 349 10
29 376 9
29 543 11
29 215 10
29 533 9
29 460 11
29 358 10
29 63 13
29 493 11
29 231 13
30 257 13
30 464 9
30 677 12
30 320 12
30 643 12
30 518 7
30 102 10
30 188 13
30 204 15
31 731 12
31 308 9
31 540 10
31 201 8
31 543 9
31 484 9
31 420 11
31 390 10
31 63 14
31 99 9
32 604 9
32 586 12
32 93 12
32 124 11
32 649 8
32 464 12
32 573 10
32 565 11
32 383 12
32 385 9
33 527 6
33 243 9
33 330 12
33 231 12
14 33 11
33 418 14
12 33 14
33 368 11
34 226 11
34 650 11
34 415 11
34 271 7
34 643 11
34 284 8
34 185 10
34 264 9
34 482 7
34 171 11
34 479 11
35 356 11
35 141 12
35 42 9
35 175 9
35 590 12
35 178 9
35 697 11
35 669 6
35 700 8
35 290 10
35 719 10
4 36 10
36 749 7
36 672 5
36 613 8
36 222 10
36 302 10
36 262 10
36 138 12
37 467 10
37 401 9
2 37 8
37 400 9
37 89 11
37 131 12
37 198 11
37 330 11
37 425 13
37 144 11
37 715 11
38 493 9
38 632 13
38 382 9
38 435 8
38 571 7
38 524 10
38 267 10
38 125 9
38 215 15
38 111 8
39 488 8
39 451 14
39 670 10
39 297 11
39 281 11
39 350 11
39 70 12
39 93 9
39 194 9
39 720 16
40 392 8
40 666 13
40 54 10
40 675 14
40 511 11
40 176 7
40 149 13
40 328 13
40 234 11
40 45 11
40 580 8
14 41 10
41 597 10
41 187 9
41 706 12
41 460 9
41 276 9
41 506 14
41 430 8
41 520 13
41 44 7
41 151 12
42 307 9
42 489 13
42 316 13
42 673 10
42 121 8
42 369 8
14 42 9
42 288 11
42 633 10
42 320 9
42 65 13
43 53 11
43 158 6
43 301 9
43 385 11
36 43 14
43 89 7
43 561 13
43 239 9
43 216 8
44 184 13
44 123 13
44 680 9
44 350 9
44 553 9
44 136 12
44 225 12
44 633 9
44 502 8
44 530 13
44 308 10
45 620 10
45 188 8
45 402 11
45 708 10
45 704 10
45 614 10
45 329 8
45 173 13
45 633 10
18 45 10
46 647 9
46 433 12
46 258 10
46 426 11
46 669 12
46 563 12
46 342 8
46 666 10
46 739 10
46 75 13
46 323 10
47 156 10
47 300 13
47 510 13
47 549 12
47 261 9
47 130 9
47 558 14
47 533 8
47 196 9
47 341 13
47 532 9
48 317 9
48 247 11
48 196 13
48 172 11
48 272 10
48 553 13
48 722 10
48 433 13
48 650 12
48 313 11
6 49 10
49 442 9
49 552 7
49 437 10
49 158 13
49 699 8
49 667 12
49 172 9
49 149 11
49 365 11
49 258 10
19 50 11
50 651 7
50 507 12
50 216 10
50 514 9
50 331 10
50 393 12
50 236 13
50 602 7
39 50 8
50 738 9
51 102 15
51 566 11
51 335 10
51 164 8
51 361 13
44 51 10
51 555 14
51 547 13
51 410 6
51 140 11
52 622 12
52 150 13
52 375 11
52 151 10
52 644 11
52 435 11
52 697 8
18 52 7
52 164 12
53 723 13
53 181 10
53 249 10
53 337 10
53 561 11
28 53 9
53 254 11
53 283 11
53 424 10
54 213 12
54 165 10
54 425 10
54 654 12
54 410 13
54 103 12
54 102 13
54 676 12
54 498 11
55 418 11
55 666 12
55 387 8
55 369 10
10 55 13
55 281 14
55 527 12
55 365 11
55 749 10
56 347 12
56 172 7
56 222 9
56 362 10
56 233 10
56 452 10
56 733 9
56 220 11
56 259 11
56 539 11
57 507 11
57 140 12
57 396 10
57 179 10
57 697 10
57 68 10
57 521 13
57 87 11
57 173 9
30 57 11
58 340 11
58 74 11
58 89 12
58 720 10
58 695 9
58 245 13
58 596 9
58 635 9
58 414 8
58 412 12
58 211 8
59 161 14
59 392 11
59 258 10
21 59 8
59 154 10
59 321 11
59 99 10
59 247 11
59 329 15
55 59 9
59 220 7
60 662 8
60 588 10
60 388 12
18 60 10
60 652 9
60 416 13
60 663 11
60 574 8
60 508 7
61 708 11
61 670 12
61 274 6
61 294 12
61 596 11
61 458 13
61 607 7
61 702 9
61 487 12
61 337 10
61 127 11
62 113 8
62 534 11
62 565 13
62 631 12
62 505 12
62 442 10
62 213 12
62 306 10
62 553 13
62 205 12
52 62 14
63 238 10
63 645 10
63 456 12
63 74 12
63 101 13
63 348 15
63 386 13
63 656 8
63 241 8
64 77 10
64 688 12
64 530 11
64 644 12
64 354 10
64 168 12
64 356 8
64 255 10
64 161 9
64 187 10
64 702 10
65 342 9
65 165 11
65 161 11
38 65 11
65 316 9
10 65 11
65 349 12
56 65 8
65 627 9
63 65 10
65 314 10
14 65 11
66 630 9
66 313 7
66 414 13
66 223 12
12 66 9
66 220 5
66 529 9
66 594 12
6 67 10
67 695 11
67 237 7
67 337 12
67 387 11
67 172 11
67 266 13
67 470 7
67 739 7
67 483 9
68 290 8
43 68 9
68 484 9
68 322 11
68 181 14
68 361 13
68 333 6
68 657 8
68 524 6
68 498 16
69 422 10
69 270 13
69 497 7
69 744 12
69 361 11
69 580 13
69 216 13
69 253 12
69 155 9
70 206 8
70 633 8
70 496 7
70 228 14
70 287 11
70 251 12
70 535 8
70 376 12
71 312 14
71 399 11
71 359 13
71 111 10
71 275 12
41 71 11
71 446 9
71 259 17
69 72 9
72 587 10
72 553 8
72 223 7
72 383 10
72 490 14
72 705 11
41 72 10
72 187 12
72 574 12
73 162 11
73 625 13
26 73 12
73 163 12
73 309 11
73 345 13
73 457 10
73 316 13
49 73 15
74 276 8
74 420 13
74 152 13
74 591 10
74 468 11
74 576 10
74 390 14
74 508 12
74 151 11
10 74 11
74 380 12
75 693 11
75 136 11
75 721 13
75 625 10
75 545 12
75 738 15
75 387 9
75 192 10
75 274 9
75 663 8
75 279 6
75 557 9
76 564 9
22 76 14
76 542 14
76 357 9
76 544 10
76 600 8
76 654 7
76 526 14
76 567 13
76 359 11
77 90 10
77 703 8
77 547 10
77 325 12
77 449 12
77 453 11
77 452 9
77 520 9
77 279 11
77 488 9
77 674 10
77 693 11
19 78 12
78 684 12
78 226 10
78 326 10
61 78 12
78 300 11
78 564 8
78 609 11
78 745 9
78 440 12
78 109 12
79 308 8
79 101 14
79 118 11
79 477 14
79 103 12
79 613 9
79 719 12
79 513 10
79 137 8
80 503 10
9 80 11
80 255 11
80 511 13
80 703 15
80 184 10
80 261 10
80 582 14
80 123 9
48 80 12
80 367 11
81 379 13
3 81 10
81 233 8
81 109 13
81 582 10
81 652 14
81 237 11
81 255 13
81 513 10
81 231 10
81 188 12
82 514 9
82 570 4
82 200 10
82 399 11
82 394 9
37 82 10
82 317 10
82 155 15
82 176 9
28 82 11
82 410 10
83 538 11
83 443 12
83 309 12
83 624 10
76 83 11
83 454 6
83 543 5
83 739 8
83 431 9
83 107 10
83 145 9
84 212 15
84 341 10
84 574 11
32 84 8
2 84 16
84 207 9
84 501 14
84 262 12
84 199 7
84 191 8
13 84 10
67 85 13
85 453 11
85 317 10
85 454 12
85 700 11
85 737 13
85 188 7
85 566 13
85 693 13
86 243 12
86 127 11
86 485 11
86 264 11
86 240 6
86 198 12
86 161 7
84 86 12
86 93 9
86 305 8
87 714 11
87 633 11
87 409 11
87 746 10
87 170 10
46 87 8
87 109 10
23 87 9
87 708 10
20 87 10
87 292 10
88 94 10
88 555 12
44 88 10
88 363 11
88 671 11
88 182 10
88 301 13
88 460 9
88 184 10
35 88 12
88 249 11
89 616 11
89 632 12
89 692 8
89 248 9
89 706 13
89 472 13
89 126 6
89 383 13
64 89 15
89 401 14
25 90 8
90 180 9
90 372 13
90 272 11
90 695 10
90 518 9
90 228 13
90 506 13
90 92 11
90 262 9
91 344 11
91 412 10
91 139 12
86 91 11
91 666 7
91 217 11
91 576 14
91 95 10
91 214 6
91 568 12
91 687 10
92 361 6
92 485 13
92 741 9
92 389 13
92 197 9
92 713 13
92 242 13
53 92 7
92 717 9
93 263 11
93 232 11
93 418 9
93 291 10
93 344 11
65 93 9
93 99 9
93 300 10
93 705 16
93 319 12
94 311 7
94 491 9
94 632 12
94 681 13
94 588 10
94 614 16
94 483 13
94 95 9
94 405 11
94 304 11
94 104 11
95 553 13
95 604 12
95 135 10
95 247 9
95 266 10
95 498 9
95 441 10
93 95 11
95 361 9
95 509 10
96 300 15
96 282 8
96 365 13
96 532 8
96 580 10
96 283 12
96 184 10
96 660 11
96 209 11
96 602 9
96 614 11
96 102 11
96 515 13
97 600 9
97 721 9
97 453 10
97 531 11
97 665 14
97 450 10
97 121 11
97 186 7
8 97 12
98 588 7
98 112 13
98 309 11
98 343 13
98 221 8
74 98 7
65 98 10
98 123 12
98 534 11
98 499 10
99 237 8
99 184 11
99 721 9
99 614 13
99 120 10
99 447 11
99 747 9
99 114 12
25 99 8
99 592 6
99 209 9
100 328 9
98 100 12
100 698 12
100 200 10
100 372 9
100 223 11
100 671 9
100 367 8
100 618 11
100 521 11
101 628 13
101 236 10
28 101 14
41 101 10
101 181 8
101 525 9
101 687 9
78 101 9
101 434 11
101 593 13
102 471 12
3 102 11
102 743 8
102 618 12
67 102 8
102 285 12
102 462 10
102 256 13
102 400 11
102 280 11
103 371 6
103 480 11
103 333 10
103 715 13
103 617 12
103 400 11
103 239 11
103 603 7
41 103 10
104 498 10
104 637 8
104 344 13
66 104 12
104 456 12
104 299 9
104 577 11
104 301 9
104 142 10
104 235 5
104 623 12
104 445 9
105 336 10
105 206 10
105 436 12
105 205 12
105 449 12
105 208 10
105 434 13
105 501 12
77 105 11
105 360 9
106 692 13
106 506 11
106 503 12
106 123 10
106 638 10
106 741 11
68 106 9
106 440 10
106 236 11
106 260 12
107 708 12
107 487 9
107 551 12
107 709 9
88 107 12
107 388 10
107 557 8
107 363 8
107 211 10
37 107 8
107 139 13
25 108 9
108 340 13
108 152 11
108 627 9
108 730 7
8 108 9
47 108 12
108 734 7
108 115 9
108 358 12
109 577 13
61 109 13
109 126 13
109 546 8
94 109 10
109 316 10
109 168 10
109 361 12
109 507 10
109 131 11
110 123 10
110 615 9
110 370 12
110 624 12
71 110 10
110 740 9
110 456 9
110 242 12
110 577 8
93 110 11
111 129 13
111 656 9
111 621 12
111 368 14
106 111 10
111 289 10
111 703 9
111 462 8
111 439 9
112 132 13
112 541 10
112 299 9
112 341 13
112 438 11
54 112 13
112 316 13
112 211 11
112 463 9
113 441 11
113 336 11
113 114 11
113 657 12
113 609 11
113 656 14
113 125 8
113 326 10
113 320 10
114 354 12
114 402 7
114 738 9
55 114 10
114 370 13
114 641 12
114 276 9
114 472 14
96 114 12
70 115 9
115 186 14
115 119 10
115 572 9
115 528 9
115 578 9
115 630 10
54 115 13
53 115 9
115 241 7
116 118 11
116 514 10
116 606 9
116 640 12
116 193 9
116 480 13
33 116 10
116 170 10
116 551 12
116 126 8
116 566 12
116 633 12
117 576 15
117 424 10
117 124 11
117 586 10
117 556 10
117 158 12
84 117 11
117 747 12
117 173 12
87 117 11
117 258 15
118 453 6
50 118 10
118 120 7
118 484 11
118 165 10
80 118 11
33 119 11
119 515 11
119 280 10
119 650 14
119 578 9
119 151 11
119 565 10
119 189 8
119 402 10
119 520 8
109 119 11
120 231 8
120 411 12
120 572 7
24 120 10
120 565 11
120 379 11
120 377 8
120 250 15
120 730 13
121 149 13
121 423 10
121 515 12
121 365 10
46 121 13
7 121 9
121 172 13
121 498 10
121 318 12
121 433 14
121 655 10
122 273 8
122 321 13
122 552 13
122 558 11
122 580 12
122 486 6
122 385 8
30 122 9
122 153 9
122 684 6
123 743 13
123 722 10
123 324 11
123 328 11
123 205 9
123 199 9
70 123 11
123 703 10
123 562 13
124 362 12
124 280 11
124 557 12
56 124 12
123 124 10
124 532 10
124 314 11
124 646 12
124 355 10
124 316 6
124 437 13
18 125 9
125 203 10
125 273 11
125 614 9
125 416 12
125 715 12
125 729 10
125 382 9
125 458 10
125 589 13
125 213 9
126 269 12
126 349 8
125 126 13
72 126 4
126 166 9
126 255 13
126 157 13
126 429 11
32 126 13
126 655 9
127 307 14
127 616 10
127 278 11
127 698 11
127 287 11
127 240 12
127 735 12
127 219 14
127 325 12
127 365 9
128 303 10
128 264 8
128 322 8
128 681 9
128 223 9
128 133 9
128 231 10
128 564 9
128 622 13
129 688 11
129 527 13
129 159 11
119 129 11
129 630 10
129 595 9
129 635 12
129 637 10
129 660 12
130 480 7
46 130 11
41 130 11
130 376 11
130 456 9
130 308 10
130 348 12
64 130 7
130 217 10
130 577 6
131 407 11
131 143 15
131 459 15
131 741 11
131 267 11
131 638 7
70 131 13
131 418 8
131 236 10
132 728 12
132 660 16
132 652 12
132 311 6
132 466 13
132 249 8
132 422 9
132 459 8
29 132 8
132 658 10
133 711 11
133 542 12
133 144 10
133 583 11
133 270 10
19 133 11
133 265 11
133 597 10
133 620 7
133 287 13
134 272 13
134 330 9
134 648 8
134 306 11
42 134 8
134 397 14
134 431 10
134 601 8
134 442 8
134 621 12
134 170 11
134 280 14
134 370 11
135 737 12
135 628 10
135 584 10
135 184 10
135 156 10
86 135 11
135 408 9
135 661 8
101 135 8
136 476 14
136 351 10
136 269 12
131 136 8
136 152 5
136 686 12
136 595 9
136 610 12
136 163 9
136 659 12
73 137 11
137 161 9
96 137 10
137 729 11
137 301 10
137 437 16
137 242 11
137 257 10
137 145 9
138 513 7
138 339 11
26 138 7
138 593 10
138 267 12
138 517 12
112 138 11
138 505 12
139 404 9
139 450 10
139 405 10
139 273 7
139 524 9
139 612 11
139 257 10
139 391 15
139 453 11
87 140 11
140 311 10
140 444 9
140 668 10
140 672 10
140 503 12
37 140 12
140 531 9
140 384 12
48 140 8
140 425 11
39 141 8
133 141 9
141 501 12
141 224 9
141 728 12
141 422 12
141 561 9
115 141 11
142 656 14
142 170 6
142 163 14
142 456 12
115 142 7
22 142 10
142 195 11
142 611 14
142 345 9
142 259 10
143 394 12
143 578 7
143 227 12
49 143 12
143 356 14
117 143 7
143 741 13
143 521 13
92 143 12
144 518 9
144 171 9
144 551 8
144 388 12
144 724 12
144 395 10
75 144 10
144 160 13
144 654 11
144 739 11
144 719 11
145 419 11
145 676 11
56 145 7
145 186 10
145 360 10
145 255 13
102 145 9
145 317 11
145 667 9
145 187 11
146 178 11
146 479 10
146 385 11
146 664 12
146 621 13
146 199 10
146 325 12
115 146 9
49 146 11
146 328 7
147 613 10
147 587 8
147 381 9
147 723 12
147 445 11
147 324 13
144 147 10
147 251 10
147 749 8
147 705 10
147 515 14
148 257 11
148 615 11
148 404 9
148 375 8
148 695 13
148 428 9
148 472 11
148 689 12
148 150 8
148 311 9
149 664 9
4 149 12
149 558 9
149 407 9
149 221 10
149 173 10
149 652 8
149 231 9
84 149 14
149 374 12
150 288 10
150 317 12
67 150 11
150 473 7
150 238 12
150 708 11
150 489 11
150 272 9
150 658 11
151 486 11
151 569 13
151 714 14
151 426 9
151 471 9
151 477 7
151 467 16
151 367 8
151 560 11
151 374 9
151 272 13
151 389 12
152 686 12
152 498 9
152 640 14
152 634 10
152 472 10
152 534 13
152 610 12
152 196 10
26 152 10
152 648 9
56 152 16
153 349 10
153 538 15
153 348 9
153 277 9
153 642 10
153 466 13
22 153 11
153 584 8
153 552 10
154 342 11
154 201 10
154 412 8
154 350 10
125 154 11
154 630 14
154 615 13
154 627 10
154 588 11
154 238 13
155 323 10
155 634 14
155 199 12
155 660 8
155 453 15
44 155 11
155 568 12
75 155 9
155 395 13
155 651 11
156 745 11
96 156 12
156 505 9
156 423 13
156 691 14
156 698 11
34 156 11
156 666 11
156 395 11
156 727 9
157 186 8
157 592 10
157 682 10
157 290 10
157 744 15
157 406 12
55 157 8
157 490 10
157 477 15
157 299 11
158 685 8
127 158 11
158 177 9
158 377 11
158 619 10
158 518 12
158 729 10
65 158 9
158 192 9
158 159 14
120 159 10
159 265 11
159 666 8
159 691 12
159 386 8
159 694 12
159 350 13
159 403 8
159 491 9
160 284 9
160 594 13
160 220 7
160 207 11
160 171 11
121 160 10
160 541 12
160 256 9
160 568 9
160 495 9
161 682 10
161 356 12
161 732 11
161 372 10
161 712 10
161 184 8
161 510 9
161 554 13
161 561 8
15 162 9
162 181 12
162 346 14
162 410 11
162 631 11
162 581 12
162 737 10
162 320 8
127 162 15
72 162 12
162 623 10
163 164 11
76 163 12
163 352 10
163 668 9
163 621 11
163 557 11
163 392 8
163 436 10
163 584 11
87 164 14
164 686 10
155 164 11
164 329 12
164 266 11
146 164 12
164 539 12
164 545 10
164 399 10
164 726 12
165 262 13
165 551 12
165 373 11
165 502 11
165 267 11
165 407 7
165 439 13
165 435 8
165 310 9
165 627 14
165 450 8
120 165 10
166 218 14
61 166 11
166 174 10
93 166 8
166 486 8
151 166 10
166 214 12
166 167 15
166 285 12
166 192 14
167 272 11
63 167 8
167 216 11
167 628 12
167 314 11
167 252 10
167 669 8
167 318 10
167 729 9
168 285 9
168 613 9
168 648 12
168 616 12
168 598 11
100 168 11
135 168 13
168 232 11
168 255 9
168 549 14
168 521 9
145 168 7
168 172 14
169 274 11
67 169 11
169 561 10
151 169 9
169 381 12
6 169 14
82 169 13
170 576 9
23 170 5
170 286 9
170 480 12
170 223 9
170 561 11
170 203 12
28 170 12
170 470 11
171 283 12
171 708 14
171 651 9
171 370 12
117 171 9
171 439 14
164 171 11
171 622 11
171 488 13
4 171 10
38 171 16
171 207 14
172 438 12
172 630 9
156 172 10
22 172 10
172 515 10
172 725 11
172 606 11
172 662 12
172 520 11
172 238 10
172 556 10
173 212 10
173 192 10
162 173 11
173 229 12
173 715 14
173 275 8
173 221 9
173 665 11
173 362 12
173 699 9
173 250 9
54 174 12
174 455 6
73 174 11
174 619 8
174 697 7
174 722 9
134 174 9
148 174 12
174 327 13
174 533 8
174 572 12
171 174 16
175 437 9
175 367 12
175 389 13
175 372 9
175 638 9
86 175 11
175 469 10
7 175 13
175 251 11
175 493 8
176 237 14
176 472 14
85 176 9
77 176 11
176 684 11
176 371 10
65 176 5
176 346 11
176 377 12
176 287 10
176 500 10
177 679 12
177 669 13
177 721 12
177 740 10
177 451 10
177 365 14
177 717 12
177 297 10
177 378 12
140 177 10
178 331 10
178 346 12
78 178 11
126 178 9
178 402 11
178 389 7
178 635 9
178 217 12
174 178 10
3 179 12
179 377 9
179 646 13
179 329 7
167 179 10
179 360 12
179 467 10
179 375 11
154 180 8
180 250 12
180 460 10
120 180 12
103 180 13
135 180 10
180 439 12
180 410 10
178 180 9
180 302 11
181 453 8
169 181 8
181 320 13
181 313 6
0 181 14
181 312 10
181 398 13
89 181 13
65 181 11
181 627 10
182 467 8
182 506 9
182 571 11
182 546 10
182 203 12
182 672 13
182 631 15
182 317 9
155 182 6
142 183 9
110 183 11
183 563 12
183 445 10
183 707 9
183 569 9
183 492 13
183 617 14
183 547 12
184 215 10
184 232 13
184 209 12
184 221 12
184 243 9
184 383 13
184 643 13
184 561 13
184 259 11
184 565 10
185 614 11
185 419 10
23 185 13
185 362 9
185 363 10
75 185 13
185 350 14
185 680 11
186 598 15
143 186 13
186 677 9
186 376 11
186 219 8
186 312 8
186 594 12
47 186 10
186 504 8
186 235 12
143 187 12
187 736 10
187 454 9
187 308 11
187 687 9
187 281 11
187 612 12
187 604 9
187 479 12
187 675 15
83 187 9
188 408 11
185 188 13
139 188 12
26 188 10
188 539 10
188 574 11
10 188 10
188 715 13
188 201 10
189 259 13
123 189 9
59 189 11
189 260 7
189 471 9
189 378 11
189 522 13
35 189 10
189 494 9
189 453 9
189 458 13
189 497 13
190 609 8
190 724 7
190 731 11
190 393 12
190 314 7
190 236 11
190 584 9
190 496 12
190 249 9
190 421 13
191 514 12
111 191 15
123 191 13
191 497 14
191 407 8
191 381 10
14 191 13
191 464 8
191 429 10
191 366 10
192 584 9
192 251 10
192 269 12
192 319 11
192 675 14
192 307 10
192 607 12
192 482 8
192 407 11
60 193 12
193 359 10
193 499 11
193 399 11
173 193 12
193 544 7
193 563 13
58 193 15
193 688 10
193 523 11
194 659 14
54 194 10
19 194 10
16 194 7
194 241 7
194 669 11
194 738 9
194 649 7
195 278 10
195 368 10
195 373 8
129 195 11
195 566 12
195 621 12
195 475 9
195 418 12
195 586 9
7 195 11
195 662 11
43 196 13
196 654 12
42 196 12
196 274 9
27 196 17
2 196 13
145 196 7
196 255 11
133 196 14
197 386 14
107 197 11
197 395 13
197 336 14
155 197 10
197 401 9
23 197 12
45 197 9
96 197 12
34 198 12
198 237 14
198 227 9
54 198 13
153 198 8
198 508 13
198 592 12
198 226 11
198 423 13
198 206 12
198 371 8
199 690 11
199 359 11
199 587 12
199 331 9
199 700 11
50 199 9
199 203 8
199 432 11
185 199 12
186 199 9
199 265 13
199 284 11
200 246 8
200 260 10
155 200 11
200 327 9
200 681 15
200 574 11
154 200 10
200 335 9
200 709 14
136 201 12
201 244 12
201 528 12
69 201 9
201 216 8
201 548 9
201 281 8
201 691 12
201 412 10
112 201 12
202 651 11
202 418 9
152 202 10
23 202 7
133 202 7
202 256 10
202 224 13
202 703 12
180 202 10
26 202 10
202 731 15
203 425 11
102 203 14
203 364 11
203 432 11
108 203 10
99 203 7
203 349 11
203 660 11
203 522 11
81 203 12
203 697 10
204 634 11
204 584 10
204 741 10
204 344 10
113 204 12
204 642 10
204 255 12
204 532 10
204 300 11
204 350 10
205 336 10
205 406 12
86 205 12
25 205 10
205 481 12
205 398 9
205 287 10
205 209 13
134 205 8
205 696 10
89 205 9
205 594 9
84 205 10
114 206 9
21 206 8
206 249 13
206 478 11
206 280 9
206 225 9
206 320 7
206 426 11
206 652 12
207 659 11
207 254 12
54 207 11
207 547 14
68 207 9
167 207 8
207 562 13
207 430 15
199 207 12
207 586 10
207 443 12
32 208 9
132 208 9
208 489 11
90 208 15
208 323 12
208 219 6
208 631 14
177 208 11
208 346 13
143 208 12
208 666 11
209 593 12
173 209 11
127 209 13
38 209 12
56 209 14
209 338 11
209 658 11
209 602 9
209 731 11
209 529 12
122 209 11
210 420 12
210 481 12
210 541 13
114 210 15
210 269 11
210 612 11
210 621 12
210 703 9
71 210 9
210 308 11
210 217 11
211 279 8
211 490 7
63 211 12
211 450 8
85 211 11
190 211 9
211 305 11
211 263 11
48 211 10
211 564 10
212 448 11
212 240 13
212 670 11
212 591 9
29 212 10
212 643 10
125 212 12
212 305 8
212 502 8
212 245 13
212 468 13
5 212 13
152 213 7
213 317 6
213 397 11
213 330 11
167 213 7
213 717 11
213 246 8
149 213 11
10 213 11
213 425 11
214 742 8
214 694 12
23 214 13
19 214 11
214 483 7
214 577 9
214 550 10
214 406 10
22 214 10
3 214 10
4 214 8
41 215 10
10 215 4
133 215 11
215 417 10
215 562 8
215 283 9
215 270 11
215 346 10
215 234 9
215 387 9
215 717 9
216 464 8
216 634 12
138 216 11
216 353 11
216 521 14
216 466 13
216 476 9
216 333 9
216 307 11
216 410 8
217 469 8
217 497 12
65 217 14
217 602 9
217 353 15
217 501 13
217 553 13
217 743 11
217 461 9
218 299 11
218 261 10
218 364 12
119 218 10
218 641 9
218 679 12
218 636 11
218 490 9
218 583 12
218 356 13
218 471 9
219 646 9
154 219 8
219 440 13
219 318 10
219 645 13
167 219 7
219 558 13
219 608 9
219 594 9
213 220 13
130 220 8
69 220 9
220 469 11
220 508 11
220 622 10
220 434 8
220 473 9
220 492 10
220 700 5
221 558 10
220 221 13
216 221 8
221 488 6
221 649 12
15 221 8
51 221 9
101 221 8
221 282 13
221 269 11
188 222 8
21 222 13
222 228 13
190 222 10
222 383 12
222 627 12
222 289 12
222 633 13
222 657 12
222 257 13
98 223 10
223 517 14
9 223 11
11 223 13
223 318 6
223 717 11
107 223 12
223 231 13
196 223 11
223 433 11
224 721 8
224 464 10
159 224 8
111 224 12
224 326 10
177 224 12
224 723 6
224 268 9
225 743 8
72 225 11
151 225 10
225 608 9
193 225 9
225 530 10
225 448 11
225 659 11
62 225 11
225 342 13
226 294 6
226 304 12
226 628 10
226 558 13
226 546 9
226 622 8
226 600 10
226 240 12
226 359 11
226 654 12
227 266 11
227 271 9
227 435 13
227 381 11
227 304 12
227 715 14
227 500 9
36 227 11
116 227 8
180 227 13
37 227 6
59 228 11
228 270 7
228 575 12
228 555 9
228 422 12
115 228 11
72 228 9
228 373 10
228 694 10
228 496 9
228 503 9
38 229 13
229 239 11
91 229 8
229 682 9
229 670 9
87 229 12
229 280 8
229 565 12
229 618 11
163 229 8
229 240 11
230 316 12
170 230 11
230 287 7
66 230 11
148 230 13
230 511 13
82 230 10
230 650 13
99 230 9
160 231 12
231 664 14
231 628 12
231 450 9
231 252 9
231 605 9
75 231 10
231 505 12
153 231 13
154 231 10
231 621 11
232 451 11
232 468 12
232 715 10
81 232 9
193 232 10
207 232 12
5 232 11
232 293 12
232 465 8
232 285 12
233 743 9
19 233 12
64 233 13
233 467 14
226 233 11
1 233 13
233 501 8
233 456 16
202 233 9
234 268 11
234 681 10
184 234 9
234 558 9
201 234 8
234 400 8
189 234 10
121 234 10
234 636 11
234 718 12
234 511 12
235 437 10
235 701 13
235 547 13
235 551 9
235 249 10
235 301 11
235 501 12
235 336 8
236 727 11
236 502 12
18 236 11
236 697 9
236 717 9
59 236 11
196 236 10
198 236 11
236 438 10
236 685 13
236 253 12
237 527 11
32 237 10
237 322 10
237 510 10
237 636 12
237 467 9
195 237 14
237 396 5
237 465 11
237 645 13
238 375 10
238 426 12
216 238 13
238 685 10
238 669 12
238 693 10
238 466 13
238 532 9
146 238 10
238 282 9
177 239 12
65 239 10
16 239 12
239 559 8
239 264 9
239 566 11
239 307 12
239 402 8
239 474 11
239 715 16
240 474 7
75 240 5
43 240 13
240 295 7
240 615 8
240 653 7
240 385 10
240 451 7
140 240 10
241 605 10
241 299 8
241 514 12
241 651 10
241 413 15
89 241 13
241 466 14
241 613 8
241 411 8
39 241 11
242 519 9
242 622 9
198 242 10
30 242 10
242 627 15
242 675 10
242 338 12
242 331 11
242 585 8
222 242 11
233 242 12
155 243 13
243 247 11
243 244 11
243 526 10
243 749 11
243 354 8
243 664 8
243 706 15
244 662 10
97 244 7
76 244 10
29 244 13
244 635 10
244 554 14
154 244 10
244 452 12
244 653 12
67 245 9
224 245 7
215 245 10
205 245 13
245 292 13
74 245 7
245 602 13
245 342 10
241 245 7
245 505 9
78 246 9
95 246 16
146 246 10
246 498 12
246 623 12
246 585 10
246 628 11
246 401 16
207 246 10
246 662 10
246 326 11
246 539 9
94 247 13
174 247 11
247 426 14
247 548 10
106 247 9
247 539 12
247 598 13
92 247 11
49 247 12
2 247 13
248 299 10
248 300 7
248 466 8
248 266 10
248 478 11
248 456 13
215 248 11
248 607 9
222 248 8
248 736 8
21 249 13
249 519 13
249 568 11
249 688 8
198 249 13
249 311 10
249 641 10
249 542 13
249 251 8
234 249 8
250 342 12
197 250 10
250 275 10
109 250 10
250 483 12
48 250 13
224 250 10
121 250 9
11 250 10
105 250 12
251 437 6
230 251 12
251 284 8
166 251 9
251 504 12
251 674 13
38 251 11
251 280 11
251 677 12
59 251 11
212 252 10
42 252 11
252 472 11
252 265 12
252 340 14
145 252 11
119 252 10
87 252 6
252 392 8
253 343 7
253 527 7
253 636 12
253 735 10
253 434 14
55 253 11
253 530 11
253 389 11
253 653 10
253 344 12
254 502 4
254 378 10
65 254 10
254 495 12
254 443 10
254 607 10
254 589 12
254 445 8
254 520 12
254 575 14
254 679 10
255 371 11
202 255 15
255 384 10
109 255 9
255 617 10
255 421 10
165 255 14
148 255 9
12 255 10
255 594 16
38 255 7
256 258 8
256 265 9
256 444 9
136 256 14
256 574 13
118 256 10
256 435 12
256 602 10
256 524 12
257 465 10
257 622 6
257 406 9
6 257 7
236 257 14
257 719 7
257 458 9
104 257 11
257 705 13
257 382 9
258 492 12
258 336 10
108 258 12
258 501 11
258 408 9
258 424 8
258 461 9
258 441 10
56 258 12
259 553 12
259 377 15
259 299 8
179 259 10
1 259 10
242 259 13
138 259 12
259 748 10
259 569 7
101 259 13
156 260 11
232 260 9
28 260 12
260 579 11
260 418 7
260 527 11
260 358 12
260 382 9
26 260 12
260 432 10
260 616 9
261 305 12
261 710 13
44 261 12
24 261 7
261 329 10
261 400 11
261 287 11
261 641 7
261 494 12
261 518 7
262 316 10
262 443 9
34 262 10
67 262 13
262 481 8
240 262 6
262 438 9
262 322 9
262 390 10
262 421 12
263 332 15
263 268 13
263 542 9
263 351 11
210 263 14
263 615 11
263 508 12
33 263 10
263 607 15
222 263 14
24 264 14
264 484 10
264 628 10
264 491 12
264 534 12
264 502 8
95 264 14
264 316 12
264 728 9
264 746 10
264 425 9
265 564 12
25 265 11
265 467 9
265 538 10
265 731 15
265 614 8
45 265 12
137 265 12
265 510 9
265 580 11
265 431 8
265 658 10
266 355 10
53 266 12
266 295 12
266 483 10
266 507 13
266 644 12
266 517 9
266 425 12
266 521 8
266 556 10
55 267 11
267 681 10
267 470 12
267 725 10
267 346 15
267 488 10
267 465 11
156 267 14
267 362 11
209 267 8
267 283 10
268 287 10
268 536 10
268 719 12
268 474 10
268 269 10
268 696 7
268 516 12
268 739 9
268 412 10
268 443 8
238 268 10
2 269 9
72 269 7
64 269 11
269 494 8
91 269 12
269 650 10
269 461 11
248 269 12
269 329 11
141 269 10
17 269 10
269 386 8
53 269 10
191 270 12
270 368 13
270 382 12
270 419 12
270 575 11
270 523 12
243 270 9
244 270 11
270 351 11
192 271 11
271 318 13
271 382 10
244 271 9
271 420 11
271 684 11
271 302 10
67 271 11
271 532 13
272 670 13
233 272 13
272 496 12
272 451 11
191 272 11
272 358 8
272 389 10
55 272 10
272 510 10
272 634 10
98 273 7
44 273 10
273 736 13
115 273 11
273 417 13
273 512 9
222 273 11
273 627 8
116 273 9
273 690 11
268 274 8
274 328 10
199 274 10
121 274 15
274 695 11
274 704 13
274 576 7
171 274 10
274 669 11
220 274 8
52 275 11
275 540 9
275 317 11
275 720 9
275 686 8
132 275 10
119 275 14
96 275 12
275 739 9
275 295 13
276 644 11
276 371 8
159 276 8
276 631 9
220 276 10
276 620 12
276 385 11
8 276 11
276 507 10
277 320 7
277 661 12
277 547 10
168 277 7
277 506 11
277 462 8
277 463 11
277 699 9
277 538 11
277 457 12
117 277 12
217 278 9
278 328 12
278 441 9
3 278 14
128 278 7
278 613 8
29 278 13
229 278 9
278 719 9
92 279 14
279 324 8
279 591 9
279 615 9
279 533 13
279 341 13
67 279 7
169 279 10
280 526 13
280 536 11
104 280 6
225 280 12
62 280 11
221 280 14
280 361 12
280 706 8
281 362 10
110 281 14
281 698 10
281 294 13
161 281 8
177 281 10
137 281 8
198 281 11
63 281 10
281 550 11
281 613 10
282 704 10
282 565 6
282 745 8
91 282 10
282 725 7
282 738 13
282 315 8
200 282 13
187 282 8
282 372 12
95 283 10
283 401 14
283 707 11
283 420 11
283 425 11
100 283 10
283 664 14
283 649 12
22 283 11
283 716 9
57 283 9
231 284 11
284 288 13
16 284 7
284 461 13
155 284 11
284 396 13
264 284 8
243 284 9
284 531 11
284 326 8
285 409 11
78 285 9
71 285 10
40 285 15
164 285 7
285 586 7
285 344 6
154 285 9
285 552 10
286 598 13
275 286 13
281 286 8
196 286 11
270 286 9
286 402 12
55 286 10
125 286 8
286 651 11
60 286 12
201 287 14
287 475 10
287 577 14
287 717 11
113 287 10
287 342 11
208 287 9
24 287 12
107 287 12
287 457 11
287 650 12
240 288 11
288 490 9
161 288 8
288 465 7
130 288 11
288 552 11
288 714 9
288 350 11
288 748 11
288 579 10
288 686 13
289 557 12
289 583 8
238 289 12
289 712 11
289 329 9
159 289 11
289 319 10
53 289 11
289 594 11
289 313 12
108 290 11
290 485 11
165 290 11
290 724 10
203 290 11
201 290 12
290 323 11
43 290 10
290 744 9
14 291 13
291 428 11
266 291 13
166 291 13
291 685 11
291 540 11
16 291 10
117 291 11
154 291 9
291 615 17
292 306 9
237 292 11
132 292 10
160 292 11
292 630 12
292 585 7
292 736 9
292 613 8
107 292 10
148 292 13
83 293 9
293 644 14
293 664 9
289 293 7
268 293 9
261 293 11
172 293 12
168 293 8
164 293 12
293 726 12
294 700 13
126 294 8
119 294 9
294 400 8
294 318 13
10 294 11
294 372 8
294 563 12
38 294 12
294 365 10
13 295 14
295 717 9
295 623 12
295 539 13
295 630 8
295 550 10
124 295 9
295 307 10
295 494 13
296 473 12
259 296 10
40 296 9
53 296 9
296 450 12
296 715 12
296 458 10
296 300 13
296 459 11
296 718 10
296 431 10
193 297 13
14 297 12
297 518 13
71 297 9
297 654 12
63 297 3
297 412 11
143 297 11
297 559 9
297 681 11
7 298 10
298 488 9
298 736 11
94 298 12
23 298 13
298 663 13
298 593 5
298 554 13
298 605 11
297 298 11
298 364 13
60 299 11
199 299 10
71 299 10
299 365 11
286 299 11
231 299 13
299 681 10
299 348 10
300 718 8
300 634 12
300 561 9
83 300 11
49 300 11
300 630 11
12 300 7
243 300 10
184 300 7
58 300 11
301 729 11
301 607 11
301 627 12
301 469 11
6 301 13
301 737 10
52 301 8
301 496 11
107 301 14
8 302 13
302 347 14
227 302 7
302 511 12
302 471 13
302 380 12
302 469 11
302 314 11
302 736 8
302 742 11
302 496 13
303 394 9
303 477 12
293 303 9
303 436 7
303 571 14
94 303 9
186 303 9
130 303 11
303 553 11
290 303 8
303 747 10
303 322 9
304 323 12
11 304 11
304 355 8
304 576 11
304 513 9
121 304 12
304 446 9
51 304 14
304 581 14
304 317 14
305 534 11
305 308 10
305 667 8
305 449 10
291 305 8
305 706 11
98 305 9
305 316 10
305 692 12
305 465 7
306 504 14
306 468 11
266 306 13
271 306 9
19 306 14
50 306 7
306 393 8
306 590 11
90 306 12
306 396 12
307 468 7
307 691 11
28 307 7
307 372 11
307 745 14
41 307 9
52 307 11
307 416 8
307 578 12
308 468 8
308 492 13
185 308 11
157 308 11
308 456 7
166 308 11
86 308 5
308 546 10
308 361 7
309 405 13
309 346 11
55 309 10
309 702 7
109 309 14
309 380 9
309 685 8
191 309 9
309 518 11
310 391 7
310 448 10
310 426 12
310 608 12
288 310 9
310 469 8
139 310 14
36 310 9
310 338 12
310 354 10
311 320 11
275 311 10
85 311 10
90 311 8
311 402 10
311 441 13
311 448 10
311 711 13
164 311 11
97 311 9
311 508 8
311 367 11
312 343 8
312 623 9
11 312 9
312 400 7
208 312 11
312 421 13
312 569 9
312 477 15
113 312 6
312 723 11
35 313 9
313 652 10
313 330 12
309 313 9
162 313 9
313 324 9
313 366 11
312 313 8
313 410 11
184 313 13
9 313 11
314 605 11
314 382 11
314 365 9
314 588 6
314 718 12
314 594 9
294 314 8
101 314 8
222 314 11
314 320 8
315 555 7
146 315 11
315 580 8
240 315 13
140 315 11
49 315 11
181 315 13
315 680 11
32 315 10
315 457 9
315 407 13
215 316 8
316 465 8
316 479 14
261 316 11
204 316 9
316 401 6
316 393 10
316 728 10
27 316 12
316 466 9
285 317 9
317 374 10
205 317 11
292 317 12
317 728 9
317 528 10
317 684 8
317 614 11
317 514 7
318 710 12
0 318 9
318 421 10
318 479 8
17 318 12
318 417 12
318 484 10
275 318 11
318 626 15
319 669 11
172 319 13
100 319 12
319 748 9
52 319 12
211 319 11
319 409 8
319 469 10
319 402 11
178 319 9
198 320 12
320 350 10
302 320 10
320 376 12
320 698 11
89 320 14
320 323 12
320 742 10
269 320 10
320 476 10
220 320 10
26 321 10
321 595 10
145 321 9
321 419 12
101 321 11
321 716 12
238 321 10
321 328 13
293 322 7
322 644 10
322 531 10
322 430 10
65 322 13
322 722 9
229 322 8
89 322 8
322 458 10
322 617 10
323 661 11
303 323 10
323 622 9
323 388 10
259 323 11
286 323 13
323 633 9
323 471 13
74 323 10
57 323 12
260 323 7
294 323 11
324 727 12
324 588 10
324 657 12
324 451 7
172 324 11
252 324 9
324 675 8
324 401 12
324 460 10
324 471 12
324 350 13
325 683 8
325 747 4
325 590 10
325 437 11
325 461 10
325 343 10
297 325 9
51 325 11
325 701 14
325 403 11
147 325 11
326 471 11
326 402 13
326 457 10
209 326 13
73 326 10
258 326 7
326 360 9
326 625 12
161 326 12
327 495 10
222 327 13
327 559 10
39 327 10
327 529 11
327 704 10
327 404 8
327 445 11
327 347 8
327 642 11
327 339 9
0 328 9
328 569 10
328 605 12
328 347 16
126 328 9
328 365 12
298 328 10
318 328 9
256 328 10
328 468 12
328 582 9
2 329 11
286 329 9
242 329 12
205 329 11
329 363 13
329 587 8
172 329 11
144 329 8
329 406 8
21 330 9
330 345 7
330 607 12
314 330 7
5 330 10
330 481 15
70 330 9
330 385 10
330 467 13
65 330 9
331 553 10
331 714 10
331 352 9
331 538 9
331 579 8
139 331 12
331 430 13
331 720 10
331 671 6
94 331 10
48 332 10
332 511 12
199 332 9
247 332 8
332 693 10
332 547 11
66 332 8
332 539 11
333 399 10
250 333 8
333 403 12
333 477 7
333 519 10
333 417 13
333 351 8
333 346 13
333 712 14
333 339 10
134 333 10
334 355 9
107 334 12
26 334 14
281 334 11
263 334 10
130 334 11
334 636 14
236 334 9
135 334 12
334 559 13
335 563 9
335 647 11
129 335 10
244 335 10
335 587 10
326 335 12
335 375 14
290 335 11
144 335 10
336 358 9
336 564 11
127 336 12
336 416 10
336 431 8
336 630 9
336 547 7
336 557 12
291 336 13
337 483 14
100 337 10
290 337 11
337 696 11
271 337 9
337 662 8
337 717 9
337 414 12
338 647 9
300 338 10
338 511 15
333 338 10
169 338 12
53 338 13
338 351 11
338 599 9
274 338 9
96 338 13
298 338 12
338 366 7
339 548 13
328 339 11
222 339 10
339 560 9
265 339 15
339 353 10
159 339 11
339 716 10
339 379 14
297 340 9
340 546 14
220 340 8
37 340 11
189 340 10
340 520 7
120 340 12
133 340 15
340 347 7
60 340 10
341 512 10
191 341 9
341 410 12
317 341 14
341 733 11
324 341 13
341 364 9
101 341 10
341 676 10
341 655 10
342 729 9
342 544 13
342 462 14
342 362 11
87 342 10
342 738 9
233 342 10
342 594 10
342 583 9
342 646 9
343 686 12
343 524 12
343 684 10
280 343 11
343 391 9
144 343 11
343 716 12
343 604 10
343 551 7
17 344 13
76 344 9
344 550 13
77 344 11
344 523 7
123 344 13
329 344 9
344 435 13
234 344 10
19 344 9
344 477 14
273 344 11
101 345 11
345 582 8
26 345 9
345 668 11
345 357 10
345 674 9
206 345 11
345 566 11
310 345 11
346 374 8
346 684 12
346 498 8
346 550 11
134 346 14
14 346 13
213 346 10
346 630 12
346 352 9
347 358 11
347 598 12
347 505 9
80 347 10
347 583 8
161 347 11
347 669 11
347 568 11
47 347 9
153 347 10
141 348 14
348 668 8
348 528 12
14 348 10
348 467 7
348 448 13
200 348 7
348 599 10
348 691 9
104 348 13
348 399 9
349 517 12
298 349 13
75 349 8
178 349 10
62 349 8
248 349 14
256 349 10
331 349 13
187 349 10
46 349 7
339 349 8
19 350 13
137 350 8
287 350 8
238 350 12
49 350 11
99 350 8
350 532 8
289 350 9
350 521 10
350 594 13
302 350 7
351 676 13
351 404 11
110 351 9
351 542 12
351 400 8
194 351 7
61 351 6
342 351 12
130 352 11
96 352 12
145 352 11
352 512 10
352 599 9
352 428 13
352 717 8
5 352 10
327 352 11
180 352 10
353 479 13
150 353 10
42 353 11
140 353 5
72 353 9
318 353 14
353 435 6
321 353 11
353 735 10
335 354 12
169 354 9
354 578 10
354 726 12
354 641 13
354 360 10
268 354 8
354 426 12
56 354 10
224 354 10
341 354 10
355 613 11
104 355 12
171 355 12
259 355 10
176 355 11
273 355 9
50 355 8
355 714 8
355 652 9
228 355 14
176 356 9
195 356 11
356 429 6
356 611 9
259 356 11
356 520 13
340 356 11
356 533 7
40 356 10
166 357 14
357 570 9
357 403 13
357 623 7
11 357 12
194 357 16
347 357 12
357 622 7
33 358 10
358 480 10
358 516 10
23 358 13
182 358 8
358 359 9
358 391 9
273 358 10
331 358 12
358 551 11
359 685 7
359 553 13
359 361 13
129 359 12
359 503 9
359 523 10
359 406 7
284 359 12
69 359 9
360 408 8
205 360 9
360 378 13
356 360 11
148 360 9
360 490 13
87 360 10
178 360 8
343 360 11
77 361 10
361 387 9
232 361 13
361 462 7
140 361 15
361 594 13
139 361 12
361 703 9
262 361 10
216 361 12
115 362 10
362 506 9
362 650 8
288 362 7
362 516 10
362 411 11
362 445 15
362 642 9
42 363 10
363 715 13
336 363 6
363 733 8
363 606 10
181 363 11
363 719 14
238 363 8
121 363 5
221 364 12
322 364 12
364 501 4
364 634 12
364 507 8
364 386 13
364 610 13
23 364 11
364 583 8
364 563 12
365 679 14
365 705 5
235 365 11
365 420 11
164 365 8
365 562 10
365 484 9
365 684 9
346 365 12
365 468 9
365 516 12
366 419 10
75 366 10
366 557 13
366 571 10
366 388 11
134 366 11
366 381 13
358 366 10
184 366 12
366 529 9
30 366 12
367 615 12
362 367 11
9 367 5
305 367 13
367 379 10
195 367 14
367 601 9
367 410 10
367 602 9
367 497 10
316 368 11
115 368 12
134 368 8
368 449 10
368 616 13
368 718 7
17 368 8
10 368 13
368 435 8
221 368 15
170 369 12
369 518 9
343 369 8
369 540 9
369 417 10
369 479 9
369 513 12
342 369 12
369 426 8
223 370 12
7 370 14
27 370 12
46 370 10
370 509 13
370 397 6
21 370 6
370 702 11
370 546 11
370 478 9
371 585 13
371 714 10
371 535 13
79 371 11
371 446 7
182 371 10
371 425 9
371 401 9
371 715 9
156 372 10
265 372 13
123 372 8
372 616 12
372 436 12
372 487 9
372 564 12
286 372 9
372 544 8
264 373 12
263 373 12
373 638 13
373 483 11
373 520 11
285 373 13
8 373 11
311 373 12
373 445 8
332 373 10
225 373 9
235 374 6
374 413 8
374 447 8
374 427 10
374 414 16
374 684 12
189 374 16
296 374 10
374 419 11
343 375 10
286 375 9
375 558 9
249 375 13
375 525 13
338 375 8
173 375 12
375 397 11
132 375 12
12 375 13
301 376 12
376 627 8
62 376 9
141 376 14
376 495 13
56 376 6
149 376 12
219 376 13
263 376 8
14 377 8
377 728 10
377 486 13
175 377 9
377 455 9
377 677 11
230 377 11
84 377 12
377 674 11
377 710 13
301 378 11
378 465 10
378 549 11
211 378 8
319 378 12
76 378 8
345 378 7
282 378 10
23 378 12
378 430 11
378 652 11
3 379 11
51 379 7
379 429 10
214 379 9
110 379 10
379 565 10
379 679 10
379 540 14
379 399 12
379 678 10
177 379 10
379 691 12
380 590 8
380 448 9
380 601 11
248 380 9
380 498 13
307 380 12
380 429 10
231 380 12
169 380 8
380 596 15
70 381 10
381 525 10
381 688 14
381 716 9
26 381 10
167 381 10
381 388 11
381 707 12
381 646 9
244 382 11
382 710 11
273 382 9
382 600 10
295 382 9
382 427 12
382 473 9
60 382 11
382 615 10
189 382 8
383 521 9
383 618 11
383 621 10
140 383 12
383 487 9
132 383 12
383 556 11
164 383 12
384 627 9
47 384 11
122 384 12
384 685 9
384 490 9
298 384 8
311 384 15
384 704 14
252 384 9
88 384 13
384 574 12
385 579 9
17 385 11
385 591 6
385 430 12
385 610 9
385 548 10
385 616 11
385 545 10
385 680 11
24 385 7
386 491 13
359 386 6
386 570 12
363 386 11
102 386 10
386 651 8
192 386 13
134 386 11
387 743 11
224 387 13
121 387 10
124 387 9
264 387 11
387 489 9
146 387 10
201 387 10
387 527 12
387 391 9
388 616 14
99 388 13
337 388 12
388 459 8
272 388 12
388 707 7
195 388 8
356 388 10
388 603 11
388 569 13
374 388 15
376 389 9
127 389 13
389 515 8
389 735 12
389 563 10
389 627 13
389 696 7
227 389 9
304 389 9
390 510 12
379 390 10
390 651 8
89 390 10
390 462 13
157 390 12
244 390 11
368 390 8
390 685 11
91 390 11
390 394 12
289 390 10
318 391 14
128 391 10
253 391 9
173 391 10
275 391 7
391 686 9
232 391 11
391 529 12
391 414 7
344 391 12
391 488 12
392 689 9
392 403 10
205 392 11
392 588 9
392 401 9
392 646 11
99 392 7
357 392 10
392 730 15
162 393 11
174 393 8
393 532 12
393 524 13
206 393 13
393 415 11
393 699 9
208 393 12
196 393 8
255 393 12
394 426 9
364 394 10
306 394 13
222 394 12
118 394 15
394 551 12
193 394 8
148 394 8
69 394 10
249 394 13
394 511 10
75 395 11
28 395 14
395 749 10
180 395 7
239 395 13
395 513 8
395 550 8
318 395 9
217 395 7
396 742 8
396 511 8
396 534 12
396 684 8
286 396 8
396 439 9
340 396 8
396 495 8
396 605 9
396 544 9
397 423 9
292 397 12
397 469 15
397 505 12
168 397 11
397 591 12
397 743 12
397 407 9
264 397 6
148 397 10
397 425 10
198 398 12
398 556 7
398 566 11
398 551 7
398 539 6
398 414 12
398 627 11
398 542 7
253 398 14
398 731 11
399 419 12
399 453 8
125 399 10
399 704 11
399 705 13
118 399 12
370 399 10
399 732 10
399 617 9
74 399 12
297 399 13
400 597 10
15 400 11
371 400 12
400 538 10
400 489 14
201 400 9
400 741 11
230 400 9
176 400 9
401 409 10
297 401 10
311 401 13
304 401 8
67 401 8
7 401 13
49 401 12
242 401 10
201 401 11
53 402 11
136 402 11
402 446 7
402 478 11
83 402 10
385 402 9
185 402 13
402 582 8
402 404 9
24 402 9
403 453 11
403 545 13
403 627 13
403 496 10
403 481 8
403 575 10
305 403 12
403 414 11
403 473 11
304 403 16
176 404 7
404 555 12
404 621 9
143 404 11
267 404 13
385 404 12
404 562 11
303 404 10
362 404 8
209 405 9
351 405 10
405 703 9
405 599 8
335 405 6
405 579 13
405 707 8
405 578 9
405 571 8
405 522 10
406 575 11
406 523 10
258 406 9
406 612 10
224 406 13
305 406 10
406 546 13
3 406 12
43 406 10
249 407 9
407 672 10
407 660 13
407 518 11
66 407 10
407 709 11
246 407 12
407 460 8
143 407 14
86 407 7
118 408 11
408 422 12
408 520 9
408 592 8
395 408 13
408 652 11
247 408 11
110 408 13
408 574 9
408 432 14
274 408 10
409 410 10
275 409 9
409 667 10
409 634 13
154 409 9
409 678 9
345 409 10
334 409 9
409 573 7
409 531 13
410 554 9
155 410 10
343 410 14
410 608 10
258 410 10
410 584 11
410 739 12
398 410 10
410 655 10
266 410 13
411 736 13
176 411 6
411 717 9
411 462 11
41 411 8
99 411 9
411 550 12
134 411 6
355 411 12
103 411 10
412 624 11
214 412 11
145 412 10
23 412 9
387 412 8
135 412 14
412 480 8
86 412 8
412 460 8
114 412 9
412 717 8
412 502 7
223 412 12
152 413 11
413 690 9
274 413 8
358 413 11
54 413 9
413 550 8
413 717 8
258 413 8
236 413 9
316 413 9
377 414 8
250 414 11
414 583 11
206 414 10
39 414 9
414 543 12
270 414 8
75 414 13
414 494 8
370 414 12
415 740 8
415 441 11
415 603 12
415 575 12
406 415 10
392 415 10
180 415 12
159 415 11
207 415 15
192 415 10
288 416 9
75 416 9
353 416 13
161 416 10
170 416 11
35 416 8
286 416 11
223 416 12
416 418 8
416 599 10
372 416 10
320 417 9
62 417 11
417 647 8
233 417 16
49 417 13
374 417 11
417 644 12
417 419 14
74 417 14
48 417 11
186 418 10
163 418 11
418 583 10
418 689 11
418 425 11
418 721 7
349 418 14
418 481 10
38 418 9
165 418 14
419 667 14
35 419 8
419 631 9
419 449 10
419 648 10
335 419 13
419 558 10
26 419 13
419 638 11
419 544 12
420 680 12
397 420 12
420 525 14
146 420 11
245 420 10
420 424 12
420 623 13
212 420 11
420 660 11
417 420 7
421 467 9
24 421 11
215 421 8
421 618 9
234 421 7
421 741 9
347 421 12
78 421 14
421 688 10
8 422 8
83 422 7
300 422 14
214 422 13
422 570 13
48 422 13
236 422 13
235 422 12
19 422 10
422 695 11
423 434 12
166 423 12
423 726 12
45 423 12
92 423 8
423 528 11
386 423 12
294 423 11
56 423 10
293 423 10
423 588 10
424 480 13
424 530 8
278 424 9
113 424 11
378 424 8
357 424 12
424 649 10
231 424 9
424 525 14
328 424 12
349 425 9
316 425 13
324 425 11
425 610 11
425 644 8
14 425 13
425 441 12
304 425 11
425 478 10
204 425 10
425 442 12
307 426 8
252 426 10
411 426 9
426 635 9
25 426 9
324 426 14
78 426 10
426 640 13
253 426 11
426 539 10
409 427 10
427 516 10
274 427 11
360 427 12
427 693 12
427 473 4
427 491 10
111 427 12
103 427 12
427 692 8
76 427 11
136 427 11
58 428 12
428 590 16
428 507 13
428 500 13
276 428 11
428 536 11
428 487 13
15 428 13
428 742 16
311 428 6
85 428 8
429 557 10
391 429 12
321 429 10
429 510 12
9 429 8
68 429 8
362 429 11
429 728 10
429 722 12
107 429 10
15 430 11
407 430 10
430 729 11
192 430 11
430 550 11
104 430 10
430 448 10
430 536 10
430 735 10
202 430 12
396 431 12
125 431 11
373 431 14
122 431 9
387 431 10
12 431 13
431 510 11
241 431 14
304 431 11
432 580 13
366 432 6
432 484 12
108 432 9
204 432 14
432 650 12
269 432 11
432 520 8
125 432 11
22 433 11
33 433 11
95 433 15
129 433 13
201 433 10
433 438 10
433 599 9
433 495 11
433 542 12
403 433 12
362 433 9
167 434 11
434 491 10
196 434 11
164 434 7
115 434 12
55 434 9
425 434 8
434 442 15
30 434 11
435 508 12
170 435 11
435 618 11
107 435 11
248 435 7
325 435 11
435 492 13
435 710 10
435 465 11
97 435 12
436 569 6
436 442 7
121 436 12
206 436 11
436 468 10
436 707 9
273 436 7
276 436 11
436 462 14
436 474 7
436 559 9
116 436 8
232 437 14
3 437 9
437 642 8
274 437 12
98 437 10
437 516 9
271 437 11
437 687 9
404 437 9
437 493 11
366 437 12
438 462 14
438 571 8
438 677 12
438 506 11
304 438 12
438 667 10
195 438 8
153 438 13
141 439 10
439 670 10
439 655 11
131 439 13
411 439 9
373 439 10
319 439 9
325 439 11
439 719 11
440 599 13
154 440 10
436 440 9
344 440 11
440 657 10
349 440 8
440 710 11
440 560 13
440 456 12
440 633 12
441 527 12
100 441 8
400 441 13
441 680 9
47 441 11
441 471 9
397 441 11
441 605 12
191 441 8
441 467 9
441 528 8
395 442 10
12 442 9
179 442 12
442 688 11
16 442 10
442 670 8
407 442 10
421 442 11
285 442 13
442 485 11
443 623 13
391 443 11
272 443 8
443 655 9
443 491 11
230 443 15
443 512 9
232 443 9
443 669 10
310 443 9
269 443 10
444 446 9
444 741 13
27 444 12
348 444 8
143 444 11
167 444 9
16 444 11
209 444 8
95 444 13
445 547 13
393 445 10
445 612 11
445 489 13
75 445 12
201 445 9
116 445 8
59 445 13
102 445 11
278 446 11
294 446 11
446 560 12
117 446 12
386 446 11
387 446 8
23 446 11
114 446 12
447 594 9
447 496 13
370 447 10
210 447 10
9 447 10
447 733 7
447 451 13
447 617 9
447 729 8
139 447 11
350 447 6
448 462 10
419 448 11
235 448 10
391 448 8
448 475 14
448 503 10
230 448 11
95 448 15
448 695 9
449 523 10
100 449 11
388 449 7
155 449 10
449 622 7
449 603 10
144 449 8
373 449 11
348 449 10
178 449 8
450 687 11
450 621 12
436 450 10
450 748 12
450 543 13
49 450 10
450 729 12
450 560 9
404 450 11
119 450 11
367 450 8
50 451 11
451 645 12
451 627 10
451 555 14
451 527 11
14 451 11
252 451 15
451 635 10
57 451 10
161 451 9
183 451 9
172 452 8
452 531 12
452 614 11
452 497 11
452 475 11
415 452 10
452 741 12
332 452 9
452 521 10
453 590 11
453 723 10
281 453 6
453 741 10
363 453 7
394 453 11
453 624 13
453 658 9
453 566 11
113 453 13
454 569 13
177 454 11
454 602 8
454 487 11
249 454 7
42 454 10
454 611 12
189 454 10
454 556 11
414 454 10
454 678 9
399 455 12
455 712 11
287 455 10
455 599 12
333 455 10
455 605 13
455 597 11
392 455 13
455 482 11
314 455 12
455 613 8
455 641 12
282 456 12
451 456 12
31 456 9
4 456 12
47 456 7
383 456 8
456 464 8
456 523 7
318 456 11
456 702 13
143 457 13
457 603 5
457 581 13
402 457 11
149 457 11
70 457 11
292 457 11
160 457 9
49 457 8
289 457 10
224 458 10
458 471 12
458 583 11
326 458 9
267 458 11
388 458 8
17 458 7
432 458 10
403 458 12
54 459 11
246 459 9
38 459 9
76 459 11
459 614 12
459 547 13
244 459 12
459 676 8
459 589 10
459 649 10
183 459 10
299 459 11
242 460 11
460 693 8
460 732 14
58 460 12
460 470 13
460 737 8
449 460 10
394 460 11
350 460 9
317 461 12
64 461 10
129 461 10
278 461 9
57 461 10
116 461 9
300 461 8
461 555 11
52 461 11
461 539 12
202 462 8
84 462 10
462 492 11
462 600 9
457 462 14
25 462 13
271 462 11
462 641 12
227 462 7
462 678 10
326 463 10
344 463 14
369 463 10
17 463 8
463 570 10
87 463 11
307 463 10
389 463 12
463 590 12
3 463 9
463 706 10
440 464 11
277 464 6
464 496 8
0 464 11
464 712 7
365 464 13
151 464 10
274 464 9
464 601 10
362 465 11
327 465 9
465 531 7
380 465 10
217 465 13
465 697 9
465 515 11
465 669 8
68 465 8
74 466 13
37 466 12
66 466 11
466 570 9
357 466 10
152 466 9
170 466 12
466 682 12
363 467 12
467 552 10
467 688 13
467 645 15
325 467 13
72 467 11
356 467 9
467 522 9
204 467 9
135 467 10
468 578 11
468 657 14
225 468 13
97 468 6
14 468 11
408 468 8
235 468 13
312 468 9
468 602 13
142 468 6
469 549 12
126 469 9
69 469 12
469 471 9
469 522 15
178 469 15
68 469 8
460 469 8
63 469 8
469 727 11
470 512 7
444 470 13
470 589 11
222 470 12
452 470 15
470 630 11
81 470 11
470 480 12
117 470 13
470 574 11
121 470 12
367 471 7
197 471 11
471 635 10
471 586 11
471 517 10
231 471 14
196 471 16
471 539 11
296 471 8
471 576 10
472 654 12
472 564 11
472 696 12
163 472 9
201 472 9
387 472 11
472 486 7
166 472 11
472 673 11
330 472 11
249 473 6
281 473 8
423 473 6
473 475 11
3 473 9
235 473 8
86 473 5
278 473 9
466 474 12
133 474 12
252 474 10
369 474 11
243 474 15
380 474 11
474 609 11
474 550 8
299 474 13
475 498 10
221 475 10
475 499 10
118 475 11
120 475 8
228 475 10
50 475 9
114 475 8
476 572 13
71 476 10
476 699 11
394 476 9
445 476 12
131 476 8
245 476 10
476 616 11
477 579 11
477 728 11
477 646 9
44 477 7
477 515 9
467 477 11
211 477 10
24 477 10
465 477 13
478 707 12
478 557 13
333 478 11
11 478 10
228 478 9
16 478 8
478 620 10
478 749 12
397 478 9
277 479 9
252 479 5
479 693 8
176 479 8
479 505 12
479 521 11
480 637 11
324 480 9
176 480 12
263 480 14
259 480 8
480 520 6
391 480 9
480 605 11
480 703 12
294 480 12
87 480 12
16 481 9
481 582 10
360 481 10
76 481 9
473 481 12
343 481 10
481 707 13
38 481 13
213 481 11
481 519 11
372 482 9
482 548 12
482 695 11
482 709 11
482 579 12
10 482 12
129 482 8
482 485 11
479 483 11
261 483 10
417 483 7
105 483 10
483 708 11
483 497 11
483 599 10
349 483 14
254 483 10
25 483 8
70 484 9
176 484 13
20 484 6
484 727 10
484 657 8
90 484 15
313 484 10
484 513 11
485 642 8
463 485 12
163 485 14
485 584 9
331 485 9
33 485 9
485 681 11
485 531 11
41 485 7
485 523 7
316 486 11
486 738 12
486 595 12
486 674 7
201 486 12
235 486 8
11 486 9
108 486 11
208 486 10
487 684 8
487 528 9
487 622 13
487 676 12
268 487 10
350 487 11
318 487 11
487 732 10
402 487 9
290 487 15
488 698 11
488 692 11
488 521 10
178 488 12
231 488 10
306 488 9
488 510 15
57 488 16
465 488 9
340 489 13
489 585 10
489 572 8
448 489 10
489 665 14
24 489 9
293 489 9
489 580 11
214 489 10
265 489 11
490 623 11
39 490 9
490 590 11
405 490 14
70 490 11
441 490 10
126 490 11
342 490 9
490 709 11
187 491 10
368 491 11
243 491 14
316 491 9
491 656 10
491 607 7
360 491 7
355 491 13
467 491 11
5 491 6
492 734 11
492 501 11
482 492 11
492 570 12
492 602 9
490 492 8
492 742 10
492 508 13
492 717 12
156 492 10
382 493 10
332 493 11
493 632 8
51 493 14
145 493 10
70 493 10
411 493 10
160 493 12
400 493 8
47 493 10
471 494 12
494 641 6
494 626 7
19 494 11
429 494 13
270 494 11
476 494 12
433 494 12
385 494 14
422 494 11
333 495 11
155 495 9
495 497 9
179 495 10
22 495 10
355 495 12
30 495 11
495 618 11
31 495 11
496 594 11
108 496 8
273 496 11
496 532 10
496 523 9
96 496 9
496 618 10
181 496 9
496 570 11
327 496 11
19 497 10
20 497 12
235 497 6
497 719 10
497 749 12
497 553 13
87 497 11
284 497 17
122 497 9
496 497 12
408 497 11
498 706 13
463 498 10
371 498 11
498 726 7
434 498 9
138 498 11
157 498 15
498 522 10
256 498 10
479 498 9
499 652 10
499 743 12
1 499 12
110 499 11
248 499 9
161 499 8
265 499 8
379 499 9
484 499 9
273 499 14
155 499 9
500 598 10
349 500 11
500 714 14
200 500 8
73 500 10
107 500 10
500 668 10
344 500 9
8 500 8
500 690 12
501 701 11
501 589 9
249 501 9
138 501 12
501 676 7
48 501 8
80 501 11
163 501 10
32 501 8
501 510 10
145 502 9
62 502 8
341 502 10
250 502 9
502 660 11
350 502 10
502 600 12
210 502 12
364 502 12
53 503 10
503 706 13
503 660 10
503 632 13
503 612 9
166 503 8
60 503 8
503 526 10
503 516 9
503 541 6
503 531 12
504 628 10
504 654 11
144 504 13
11 504 14
504 702 10
259 504 10
504 627 7
480 504 12
23 504 11
449 505 10
174 505 10
341 505 10
190 505 12
491 505 10
467 505 11
47 505 15
317 505 11
505 684 10
435 505 11
383 506 11
86 506 10
201 506 9
372 506 11
449 506 10
268 506 12
207 506 7
506 688 11
470 506 10
384 506 10
190 506 10
507 659 8
414 507 8
154 507 11
185 507 11
424 507 8
453 507 9
507 567 11
507 716 9
338 507 11
417 507 10
168 508 9
35 508 12
419 508 8
216 508 9
365 508 12
508 667 10
0 508 9
508 694 10
508 628 10
508 692 11
352 509 15
461 509 8
52 509 9
310 509 10
509 707 10
177 509 10
509 538 11
17 509 9
295 509 8
452 510 9
421 510 10
221 510 11
440 510 9
464 510 11
192 510 10
510 707 10
324 510 9
226 510 12
496 510 10
511 549 11
321 511 12
157 511 12
135 511 10
286 511 12
18 511 14
155 511 13
192 511 7
511 635 11
512 628 12
404 512 12
512 546 11
172 512 11
113 512 11
512 701 11
512 643 12
161 512 11
397 512 7
348 512 15
447 512 11
513 674 7
513 586 10
400 513 11
383 513 11
288 513 13
402 513 10
227 513 12
159 513 11
227 514 11
514 599 11
144 514 6
80 514 12
514 644 11
103 514 14
179 514 9
342 514 12
457 514 9
514 568 13
51 514 10
495 515 10
346 515 9
515 547 7
515 732 7
238 515 11
220 515 10
47 515 15
92 515 13
515 746 11
382 515 9
49 516 11
29 516 10
101 516 10
516 583 11
516 611 10
295 516 12
236 516 8
516 565 10
451 516 10
165 516 13
244 517 7
103 517 11
517 528 12
517 584 13
35 517 12
517 645 12
242 517 7
220 517 13
384 517 8
177 517 12
233 517 12
458 518 8
296 518 9
353 518 7
232 518 11
141 518 11
518 724 11
518 620 13
394 518 10
299 518 9
14 518 9
517 519 12
513 519 11
519 679 11
519 619 10
519 676 5
519 573 11
289 519 8
91 519 14
520 589 11
520 534 10
327 520 10
520 544 9
442 520 11
190 520 12
520 701 10
503 520 9
181 520 11
429 521 10
87 521 12
521 731 12
218 521 13
521 562 11
432 521 5
521 682 10
443 521 14
372 521 11
251 522 9
409 522 13
126 522 8
398 522 11
468 522 12
122 522 10
411 522 9
397 522 9
522 607 10
523 534 11
523 546 8
523 735 10
53 523 11
52 523 9
3 523 12
523 549 11
523 629 12
321 523 9
523 743 8
74 523 13
468 523 13
524 530 9
168 524 10
62 524 11
50 524 5
524 580 13
225 524 11
524 587 11
338 524 11
524 714 9
525 702 11
525 745 9
412 525 12
150 525 8
116 525 11
160 525 12
366 525 8
525 542 12
190 525 9
525 686 9
461 526 6
422 526 6
111 526 13
368 526 7
526 693 9
45 526 8
526 639 14
245 526 8
278 526 10
13 527 6
527 583 9
527 746 8
527 690 8
230 527 9
264 527 9
333 527 8
527 557 10
449 527 9
355 527 11
527 592 11
452 528 8
200 528 12
163 528 8
1 528 12
162 528 10
18 528 11
61 528 13
483 528 10
3 529 10
465 529 10
529 690 10
420 529 10
529 604 11
221 529 9
36 529 10
261 529 14
91 529 10
143 529 10
136 530 7
103 530 8
530 620 9
17 530 12
530 624 9
313 530 12
530 604 5
160 530 9
320 530 12
530 710 11
158 531 6
434 531 10
70 531 10
171 531 11
531 582 7
531 559 7
531 552 13
531 733 11
237 531 10
232 531 11
531 555 11
422 532 12
105 532 11
168 532 6
457 532 13
500 532 10
532 585 8
451 532 10
269 532 10
532 639 12
488 532 11
376 533 10
52 533 11
328 533 13
433 533 10
409 533 11
216 533 10
533 707 11
23 533 9
448 533 10
324 534 9
51 534 10
80 534 12
534 712 9
116 534 6
534 556 9
534 554 7
52 534 11
403 534 7
253 534 10
302 534 10
339 535 9
359 535 7
478 535 12
503 535 7
258 535 12
404 535 8
153 535 13
519 535 9
408 535 11
535 622 10
443 536 11
279 536 14
536 601 9
536 610 12
454 536 10
67 536 12
536 703 13
188 536 11
536 630 9
536 570 9
537 733 12
537 684 13
537 582 13
508 537 11
537 673 13
381 537 11
418 537 9
537 708 13
2 538 12
336 538 11
284 538 11
29 538 11
67 538 11
211 538 9
112 538 11
538 703 9
56 538 6
24 538 11
538 555 9
245 539 13
62 539 11
413 539 14
451 539 11
506 539 11
127 539 11
167 539 12
539 677 12
288 539 9
539 709 9
80 540 12
540 585 9
222 540 7
525 540 10
540 559 12
381 540 10
520 540 11
359 540 9
502 540 12
541 545 9
81 541 12
541 659 13
541 678 7
223 541 12
78 541 14
114 541 14
136 541 12
7 541 8
541 585 10
541 554 12
542 707 12
542 566 7
67 542 10
237 542 12
474 542 10
313 542 9
22 542 9
458 542 8
157 543 9
471 543 10
543 622 10
543 663 9
63 543 9
543 595 10
159 543 15
100 543 9
544 601 12
205 544 10
92 544 11
473 544 11
489 544 13
17 544 11
269 544 8
16 544 14
544 612 13
544 629 13
544 558 10
545 637 8
242 545 11
12 545 10
465 545 10
253 545 11
337 545 9
545 696 7
545 557 14
420 545 10
545 642 9
536 546 10
546 624 12
37 546 11
493 546 8
162 546 10
273 546 7
491 546 14
546 733 10
187 547 11
547 594 8
547 655 12
418 547 11
499 547 11
547 665 12
547 696 8
171 547 16
64 547 13
307 547 13
95 547 13
514 547 9
312 548 11
483 548 11
548 737 13
419 548 14
334 548 7
234 548 11
438 548 13
248 548 10
168 548 10
207 548 8
549 714 10
382 549 13
190 549 9
549 607 9
440 549 9
143 549 13
439 549 9
253 549 11
549 699 7
242 549 13
68 549 9
25 550 9
405 550 6
8 550 11
363 550 12
550 737 12
550 715 11
550 682 8
15 550 12
456 550 14
288 550 10
472 551 9
405 551 7
551 602 10
349 551 12
397 551 13
176 551 9
148 551 12
379 551 8
114 551 9
103 551 11
25 552 10
170 552 10
552 631 11
431 552 9
552 699 8
280 552 9
552 598 8
166 552 14
552 710 7
103 552 13
202 552 11
138 553 7
118 553 7
509 553 13
518 553 10
75 553 6
510 553 13
43 553 9
418 553 12
116 553 13
97 554 9
397 554 8
429 554 10
554 743 12
554 696 10
46 554 10
450 554 12
250 554 11
171 554 12
554 578 10
181 554 8
106 555 11
555 612 9
532 555 10
542 555 10
142 555 11
555 631 11
432 555 14
24 555 12
376 555 11
556 577 13
493 556 11
556 662 12
438 556 7
556 635 9
300 556 9
507 556 9
5 556 9
533 556 9
201 557 14
42 557 7
500 557 8
306 557 16
169 557 12
436 557 13
443 557 8
37 557 13
178 557 10
329 557 10
558 674 10
102 558 12
558 717 9
202 558 13
507 558 9
285 558 6
81 558 11
165 558 10
263 558 14
351 558 12
64 559 3
394 559 8
169 559 9
559 665 11
559 611 13
293 559 14
253 559 10
365 559 7
417 559 13
277 559 12
489 560 12
511 560 10
11 560 13
97 560 10
66 560 12
318 560 12
356 560 11
192 560 9
505 560 11
561 567 12
561 741 9
380 561 11
442 561 13
280 561 10
561 690 7
19 561 6
491 561 10
288 561 14
561 591 16
561 616 10
562 634 14
129 562 11
212 562 9
354 562 10
528 562 10
260 562 12
98 562 11
471 562 11
78 562 9
64 562 15
563 696 12
563 741 8
445 563 9
563 612 12
83 563 7
185 563 7
276 563 12
437 563 10
563 706 10
90 563 11
564 740 13
564 588 10
32 564 12
564 714 10
564 749 8
564 638 11
564 592 12
564 724 11
561 564 8
95 564 11
484 565 10
135 565 13
450 565 12
287 565 8
465 565 11
565 630 10
324 565 13
54 565 14
97 565 8
565 575 10
149 566 9
448 566 10
459 566 13
242 566 11
510 566 12
237 566 12
325 566 8
75 566 9
441 566 12
363 567 9
567 713 11
149 567 8
258 567 12
225 567 6
391 567 14
301 567 10
262 567 11
567 721 10
510 568 11
415 568 12
296 568 8
246 568 11
149 568 13
463 568 12
472 568 8
1 568 13
568 580 10
356 568 13
569 611 7
569 630 9
554 569 12
569 607 9
569 665 13
569 575 10
545 569 14
558 569 9
263 569 8
350 569 8
221 570 10
570 743 11
397 570 7
570 592 12
170 570 9
401 570 15
567 570 9
301 570 11
471 571 9
337 571 9
483 571 11
571 620 13
571 642 10
571 669 12
50 571 9
74 571 8
377 571 11
571 703 8
442 572 13
572 665 14
331 572 11
330 572 9
572 623 8
16 572 14
188 572 13
352 572 13
269 572 9
124 572 15
399 572 10
240 573 14
297 573 10
67 573 14
242 573 12
362 573 12
551 573 10
5 573 10
573 724 12
177 573 14
70 573 9
310 573 10
196 574 12
257 574 7
111 574 10
553 574 12
136 574 12
277 574 12
255 574 11
237 574 7
148 574 14
525 574 9
104 575 9
575 679 9
343 575 12
496 575 9
483 575 12
364 575 11
440 575 12
575 629 12
226 575 11
498 576 14
109 576 10
576 703 11
13 576 11
355 576 9
260 576 14
576 581 10
576 659 11
576 746 10
37 576 6
80 577 14
577 733 11
577 599 11
147 577 8
114 577 10
345 577 9
69 577 10
204 577 14
63 577 10
557 577 12
485 577 9
395 578 10
168 578 10
497 578 9
226 578 9
289 578 11
269 578 12
57 578 7
425 578 9
203 578 13
407 578 6
579 624 14
579 627 9
579 700 14
579 582 7
259 579 13
296 579 11
470 579 11
543 579 9
579 612 12
579 650 8
80 579 11
580 637 8
580 643 11
580 630 8
580 628 5
146 580 13
27 580 14
176 580 13
303 580 14
469 580 12
253 580 12
8 580 6
174 581 9
581 669 13
358 581 12
441 581 9
185 581 6
196 581 11
160 581 11
396 581 13
274 581 10
581 666 12
391 581 9
582 662 11
297 582 9
21 582 13
496 582 9
443 582 11
176 582 9
582 692 9
341 582 12
191 582 12
582 683 12
418 582 10
217 583 11
338 583 11
541 583 10
583 651 9
156 583 12
122 583 10
294 583 14
313 583 10
580 583 12
323 583 9
148 584 9
547 584 8
104 584 12
289 584 11
124 584 10
562 584 9
239 584 10
95 584 11
379 584 11
174 584 13
585 676 10
585 719 11
70 585 9
585 660 12
161 585 12
462 585 10
547 585 10
118 585 12
127 585 7
421 586 10
150 586 11
586 647 13
470 586 13
119 586 9
28 586 13
382 586 13
586 703 9
268 586 8
277 586 9
325 587 13
587 709 12
512 587 15
587 735 8
202 587 8
183 587 12
386 587 11
29 587 10
118 587 9
112 587 11
170 587 11
454 587 7
418 588 9
588 644 14
588 716 12
202 588 8
279 588 11
211 588 11
472 588 10
588 746 11
588 733 15
383 588 10
137 589 10
196 589 11
426 589 6
358 589 11
542 589 13
577 589 10
382 589 10
589 638 13
589 649 11
532 589 12
589 706 11
63 589 14
590 609 12
336 590 8
112 590 9
373 590 10
34 590 12
561 590 11
190 590 11
299 590 11
369 590 8
590 706 8
326 591 12
123 591 10
434 591 9
49 591 10
45 591 16
352 591 10
338 591 9
27 591 13
38 591 6
472 591 11
336 591 8
375 592 11
180 592 11
436 592 12
287 592 13
571 592 13
203 592 11
431 592 12
555 592 9
208 592 8
592 738 12
313 592 8
389 593 14
361 593 12
593 658 13
137 593 8
151 593 8
548 593 11
593 728 8
234 593 7
593 649 9
241 593 7
225 594 11
481 594 8
594 602 10
177 594 11
326 594 12
227 594 9
425 594 11
594 671 13
90 594 8
119 595 12
310 595 8
104 595 10
595 715 8
223 595 8
595 728 7
252 595 11
130 595 12
21 595 12
530 596 13
294 596 11
227 596 9
251 596 8
596 629 10
596 684 11
134 596 8
492 596 14
519 596 11
442 596 14
349 597 12
300 597 11
253 597 10
592 597 9
96 597 10
118 597 7
525 597 10
597 639 12
578 597 11
438 597 8
358 597 12
597 674 11
597 721 9
598 720 9
598 653 9
377 598 10
598 735 8
406 598 11
59 598 10
576 598 7
598 632 9
539 598 12
523 598 10
225 598 13
18 599 9
350 599 11
453 599 12
599 710 10
269 599 11
596 599 11
134 599 7
30 599 11
430 599 14
600 694 8
256 600 9
254 600 9
518 600 12
88 600 11
600 640 10
209 600 9
117 600 13
560 600 10
67 600 11
498 601 9
55 601 7
352 601 8
589 601 9
434 601 11
601 713 13
433 601 11
20 601 10
299 601 10
601 737 8
602 643 11
116 602 11
110 602 7
334 602 13
270 602 10
408 602 11
560 602 9
505 602 10
602 613 6
87 603 11
603 719 12
581 603 10
164 603 9
344 603 9
200 603 11
603 691 12
440 603 12
579 603 11
286 603 10
603 726 9
162 604 11
82 604 8
465 604 12
392 604 12
511 604 12
604 639 13
498 604 12
152 604 13
57 604 11
604 680 8
177 604 8
576 605 10
591 605 9
605 635 12
273 605 13
605 653 13
367 605 10
316 605 10
605 693 8
11 605 13
554 605 12
605 737 10
605 742 12
606 688 11
385 606 10
242 606 11
396 606 10
146 606 8
606 711 8
513 606 11
450 606 12
91 606 9
28 606 9
123 606 11
385 607 9
437 607 9
607 723 10
542 607 10
333 607 6
445 607 10
416 607 12
249 607 12
141 607 14
146 608 13
608 622 12
608 646 12
47 608 9
534 608 10
294 608 9
15 608 14
527 608 11
116 608 10
154 608 10
555 609 8
274 609 12
183 609 13
272 609 12
539 609 15
609 692 9
111 609 10
203 609 16
215 609 4
441 609 4
80 610 6
503 610 10
290 610 9
592 610 9
303 610 9
143 610 10
48 610 9
43 610 14
562 611 11
467 611 10
5 611 11
611 673 10
276 611 12
611 667 13
288 611 9
595 611 10
564 611 10
611 648 12
300 612 12
576 612 10
272 612 10
612 631 13
402 612 8
262 612 10
397 612 13
255 612 13
221 612 13
526 613 12
288 613 10
527 613 13
461 613 11
352 613 9
613 691 13
447 613 12
613 614 12
581 613 13
613 634 10
9 613 11
168 614 10
393 614 11
243 614 10
601 614 12
445 614 9
614 699 4
614 636 12
554 614 12
451 614 11
139 615 9
615 619 6
283 615 7
482 615 12
210 615 8
339 615 9
308 615 11
100 615 10
151 615 11
14 615 13
181 615 9
561 615 11
290 616 12
131 616 13
279 616 9
609 616 12
149 616 10
419 616 9
565 616 10
446 616 10
364 616 7
382 616 10
617 671 9
126 617 11
189 617 11
174 617 13
617 697 11
17 617 11
208 617 13
407 617 9
615 617 10
159 617 13
20 617 10
618 695 14
618 630 9
131 618 8
244 618 10
157 618 14
515 618 10
438 618 9
351 618 17
391 618 7
518 618 10
153 619 15
539 619 10
619 691 9
548 619 8
234 619 12
310 619 9
576 619 10
182 619 10
363 619 12
478 619 12
620 648 11
262 620 15
271 620 9
437 620 10
520 620 9
620 639 13
557 620 13
77 620 11
163 620 8
620 730 9
227 620 9
447 621 10
621 636 5
84 621 10
398 621 11
284 621 10
334 621 10
403 621 10
621 674 12
621 725 8
7 622 12
622 641 12
9 622 8
622 746 9
622 671 10
183 622 10
622 739 7
116 622 8
580 622 9
385 623 13
284 623 11
331 623 9
28 623 12
332 623 10
213 623 9
249 623 9
623 627 10
297 623 8
301 624 10
594 624 13
191 624 10
501 624 11
525 624 11
624 696 8
298 624 9
68 624 10
624 702 9
251 624 6
625 745 11
569 625 11
342 625 13
625 653 13
483 625 12
247 625 9
509 625 9
445 625 12
489 625 10
626 702 10
626 639 13
583 626 11
393 626 10
461 626 10
232 626 5
355 626 10
582 626 12
123 627 9
627 719 10
128 627 7
566 627 13
420 627 12
291 627 11
627 736 10
386 627 9
264 627 9
627 686 12
421 627 13
6 628 10
202 628 13
309 628 11
628 652 9
227 628 11
628 688 11
23 628 12
628 648 10
542 628 11
344 628 12
279 628 11
90 629 9
629 652 9
629 719 8
562 629 12
45 629 10
629 696 8
11 629 12
629 703 12
58 630 8
472 630 13
398 630 12
317 630 8
28 630 11
209 630 7
459 630 10
630 720 10
29 630 11
239 630 14
622 630 15
219 631 12
482 631 14
574 631 10
478 631 10
627 631 13
381 631 11
197 631 11
631 728 15
247 631 8
548 632 12
632 683 13
632 685 14
432 632 12
535 632 10
370 632 10
184 632 9
632 711 12
512 632 7
632 705 12
582 633 11
262 633 9
376 633 9
633 727 9
317 633 11
142 633 13
603 633 15
596 633 6
633 699 11
166 633 6
339 633 12
516 634 11
176 634 6
595 634 13
486 634 11
634 722 11
384 634 8
271 634 12
267 634 11
392 634 9
499 635 12
635 656 11
635 678 7
237 635 7
635 691 10
635 681 10
459 635 13
119 635 11
95 635 9
212 636 9
636 698 11
376 636 15
229 636 10
625 636 9
116 636 12
543 636 9
164 636 10
636 749 13
277 636 12
110 637 7
637 686 9
314 637 8
637 700 13
396 637 12
637 675 10
637 692 12
637 671 10
204 637 8
434 637 10
364 637 9
637 739 11
629 638 12
337 638 11
518 638 8
80 638 10
638 749 10
15 638 10
293 638 11
251 638 11
349 638 10
216 639 11
307 639 13
621 639 10
77 639 11
60 639 14
533 639 12
309 639 12
455 639 11
217 639 12
513 640 9
173 640 10
161 640 12
314 640 10
640 680 11
640 652 9
640 645 9
272 640 14
97 640 11
37 640 12
2 640 10
2 641 10
372 641 13
191 641 9
485 641 9
375 641 10
629 641 13
600 641 11
309 641 10
641 734 11
64 642 9
187 642 10
174 642 7
409 642 8
562 642 13
556 642 9
642 746 6
387 642 10
497 642 11
251 642 10
551 642 6
643 653 9
632 643 9
540 643 14
238 643 11
511 643 10
96 643 12
130 643 11
338 643 9
536 643 10
312 644 12
135 644 9
58 644 13
580 644 11
644 732 8
74 644 10
10 644 7
239 644 13
611 644 12
153 644 9
369 644 10
645 716 10
152 645 9
235 645 8
171 645 13
372 645 10
413 645 13
645 711 10
77 645 13
346 645 11
645 706 14
621 645 12
521 645 9
200 646 10
643 646 9
629 646 11
243 646 12
604 646 10
646 662 14
259 646 11
21 646 9
181 646 9
8 647 10
508 647 10
13 647 11
647 668 9
52 647 10
647 652 12
628 647 10
28 647 9
287 647 12
499 647 10
368 647 11
105 648 13
555 648 10
124 648 13
231 648 10
239 648 11
402 648 11
260 648 9
648 670 11
648 665 8
94 648 10
649 718 9
482 649 9
366 649 12
407 649 12
146 649 14
649 670 11
649 745 11
523 649 11
381 649 11
310 649 9
489 650 7
477 650 9
337 650 14
443 650 9
84 650 6
623 650 11
650 743 13
265 650 9
311 650 11
492 650 9
192 651 9
651 700 11
550 651 12
525 651 11
232 651 10
651 749 13
455 651 10
231 651 7
651 731 12
627 651 8
282 651 10
651 733 14
474 652 10
164 652 10
326 652 12
59 652 13
470 652 12
636 652 11
429 652 12
544 652 10
298 652 11
122 652 11
615 653 9
148 653 12
511 653 14
260 653 11
254 653 9
646 653 12
653 712 12
304 653 7
342 653 12
653 738 13
31 653 10
541 654 8
100 654 12
496 654 8
39 654 10
649 654 12
553 654 12
583 654 14
294 654 10
450 654 9
654 671 12
511 655 9
655 717 8
546 655 9
266 655 10
575 655 8
551 655 10
604 655 11
271 655 12
115 655 9
58 656 11
355 656 10
85 656 4
656 690 16
320 656 9
641 656 12
500 656 8
74 656 12
25 656 11
72 656 11
374 657 13
526 657 7
397 657 10
467 657 10
654 657 12
290 657 11
618 657 10
398 657 9
396 657 11
387 657 8
159 657 11
657 663 10
320 657 14
133 658 7
71 658 13
658 666 9
305 658 13
325 658 12
431 658 11
125 658 8
613 658 13
108 658 9
30 658 13
196 659 13
658 659 10
255 659 9
157 659 13
468 659 13
413 659 9
272 659 13
239 659 11
563 659 11
102 659 10
659 695 12
539 660 14
86 660 10
281 660 11
116 660 15
328 660 11
492 660 8
194 660 11
278 660 13
477 660 10
660 733 10
307 661 8
64 661 11
564 661 9
245 661 11
460 661 11
545 661 8
241 661 14
408 661 10
246 661 10
501 661 8
333 662 7
239 662 14
662 687 12
608 662 10
230 662 9
461 662 11
3 662 10
587 662 11
538 662 9
493 663 16
90 663 8
232 663 12
25 663 11
647 663 11
555 663 8
311 663 11
158 663 10
663 743 11
288 663 7
67 664 10
330 664 11
624 664 8
371 664 9
180 664 8
534 664 8
368 664 11
296 664 9
485 664 12
39 664 10
194 664 9
239 665 9
351 665 13
397 665 7
90 665 11
665 692 13
433 665 12
588 665 10
447 665 8
221 665 8
431 665 12
458 665 10
78 666 9
104 666 12
606 666 11
194 666 9
526 666 9
15 666 12
454 666 8
666 703 10
71 666 14
667 747 8
264 667 10
76 667 10
72 667 12
468 667 13
312 667 11
421 667 9
130 667 9
449 668 10
587 668 15
518 668 10
48 668 9
246 668 13
332 668 12
668 721 11
632 668 12
368 668 11
461 668 9
27 669 11
49 669 12
669 745 13
659 669 12
470 669 9
309 669 12
580 669 9
269 669 10
192 669 11
99 669 9
511 670 12
387 670 12
586 670 9
449 670 13
489 670 12
466 670 10
334 670 10
451 670 12
382 671 16
491 671 9
671 677 10
344 671 9
157 671 11
671 700 9
661 671 11
213 671 13
444 671 9
337 671 12
305 672 12
11 672 9
159 672 10
75 672 9
480 672 13
672 726 8
506 672 16
476 672 12
236 672 7
176 672 11
636 673 10
561 673 12
35 673 9
322 673 12
605 673 13
414 673 7
304 673 12
673 725 9
606 673 11
162 674 8
157 674 7
503 674 14
203 674 10
9 674 10
409 674 6
136 674 7
431 674 10
416 675 9
455 675 12
181 675 10
92 675 10
428 675 11
582 675 9
245 675 10
20 675 11
112 675 12
164 675 9
676 747 11
126 676 12
420 676 10
116 676 7
658 676 13
12 676 11
464 676 9
676 679 11
581 676 9
499 676 13
297 677 9
545 677 8
201 677 10
675 677 14
594 677 9
528 677 11
62 677 11
426 677 10
478 677 9
232 677 12
459 677 14
248 678 7
558 678 11
618 678 12
468 678 10
521 678 8
407 678 9
661 678 10
540 678 13
92 678 15
445 678 13
297 679 9
378 679 9
86 679 11
449 679 12
549 679 12
317 679 13
434 679 12
328 679 11
344 679 12
469 680 12
45 680 10
680 715 12
1 680 10
597 680 9
74 680 11
422 680 10
527 680 8
447 680 10
437 680 8
680 745 11
198 680 11
208 681 10
681 732 8
67 681 12
296 681 9
681 728 10
653 681 8
309 681 12
620 681 9
482 681 10
508 681 13
540 682 8
682 699 9
185 682 12
682 735 11
528 682 10
170 682 9
216 682 11
130 682 12
339 682 12
683 703 12
8 683 10
683 684 9
683 698 7
683 685 10
28 683 11
284 683 8
574 683 10
495 683 12
477 683 9
684 712 11
684 742 8
634 684 14
655 684 11
544 684 8
139 684 10
527 684 11
132 684 11
192 684 12
70 684 13
150 685 11
552 685 8
589 685 12
616 685 9
323 685 10
685 749 10
75 685 11
68 685 9
685 738 8
485 685 9
510 685 8
411 686 7
686 711 9
444 686 11
148 686 9
512 686 7
189 686 9
589 686 12
534 686 10
686 699 12
458 686 11
537 687 10
582 687 12
590 687 8
68 687 15
347 687 9
350 687 9
249 687 13
681 687 11
274 687 8
688 742 11
374 688 10
417 688 13
2 688 9
7 688 10
334 688 12
558 688 13
629 688 8
408 688 10
689 694 13
244 689 12
32 689 8
108 689 9
53 689 13
434 689 10
677 689 12
451 689 12
143 689 15
314 690 11
502 690 11
690 728 12
9 690 13
241 690 14
494 690 10
157 690 15
177 690 13
336 690 12
379 690 9
301 691 12
69 691 10
240 691 10
215 691 10
473 691 12
16 691 7
263 691 12
691 692 10
446 691 13
220 691 10
473 692 12
350 692 12
81 692 12
425 692 14
683 692 9
36 692 14
272 692 11
254 692 14
652 692 11
692 720 10
438 692 8
693 716 15
350 693 11
461 693 14
575 693 10
530 693 15
3 693 11
105 693 12
113 693 10
437 693 12
214 693 9
434 694 12
58 694 10
63 694 10
694 722 8
185 694 10
505 694 13
662 694 13
161 694 10
403 694 11
694 719 7
352 695 8
603 695 12
269 695 11
444 695 9
277 695 11
129 695 9
464 695 12
169 695 9
456 695 8
396 695 11
5 696 11
606 696 9
256 696 9
574 696 11
650 696 11
555 696 7
239 696 10
521 696 9
254 696 9
249 696 10
626 697 9
213 697 11
134 697 14
511 697 8
414 697 11
387 697 14
58 697 7
41 697 10
697 747 8
271 697 11
348 698 7
615 698 10
362 698 11
427 698 7
299 698 10
198 698 9
617 698 10
380 698 17
420 698 10
193 699 9
666 699 12
68 699 7
657 699 12
501 699 10
91 699 9
51 699 11
627 699 12
13 699 11
16 699 13
425 700 10
262 700 9
352 700 13
697 700 11
512 700 10
539 700 10
56 700 8
68 700 9
31 700 12
471 700 11
148 700 9
562 700 9
481 701 12
510 701 9
701 745 14
119 701 10
674 701 7
157 701 7
257 701 10
353 701 12
701 748 9
598 701 10
269 701 10
564 702 11
698 702 10
384 702 8
257 702 9
333 702 9
131 702 10
332 702 10
243 702 11
453 702 13
290 702 9
364 702 11
518 703 14
703 728 13
155 703 12
428 703 10
703 734 12
496 703 11
695 703 9
691 703 11
340 703 12
703 718 12
703 723 12
704 741 12
332 704 11
704 749 8
545 704 13
156 704 10
99 704 7
635 704 15
601 704 13
153 704 9
18 705 6
445 705 10
475 705 9
114 705 9
34 705 10
463 705 9
660 705 8
31 705 10
336 705 8
97 705 16
615 705 11
132 706 13
597 706 10
368 706 14
706 733 10
706 723 11
442 706 9
670 706 8
95 706 9
85 706 7
336 706 11
100 707 10
596 707 14
368 707 11
422 707 9
545 707 11
361 707 14
707 742 10
667 707 15
75 707 9
557 707 11
708 731 11
423 708 9
435 708 13
245 708 11
266 708 9
635 708 8
375 708 12
298 708 11
536 708 8
204 709 12
68 709 10
504 709 14
456 709 14
618 709 7
421 709 8
359 709 7
589 709 10
173 710 12
396 710 13
394 710 13
0 710 12
488 710 9
133 710 11
564 710 11
221 710 9
300 711 10
243 711 10
339 711 10
109 711 9
296 711 15
525 711 10
143 711 11
343 711 11
436 711 9
117 712 13
235 712 11
584 712 7
451 712 12
72 712 13
659 712 10
149 712 12
712 745 8
138 712 8
305 712 13
631 712 8
269 713 11
412 713 9
566 713 10
314 713 10
520 713 13
181 713 11
197 713 9
3 713 10
531 713 6
367 713 11
357 713 13
25 714 9
76 714 13
263 714 10
21 714 14
316 714 8
52 714 11
706 714 10
111 714 14
592 714 10
290 714 9
714 735 10
59 714 12
229 715 14
398 715 12
413 715 12
487 715 9
287 715 11
265 715 10
645 715 12
517 715 12
182 715 12
10 715 7
215 716 10
136 716 9
563 716 11
446 716 12
93 716 11
408 716 13
167 716 10
401 716 10
716 736 9
294 716 12
493 716 11
341 717 11
50 717 10
245 717 10
701 717 12
488 717 12
717 745 7
370 717 8
685 717 11
315 717 10
437 717 13
634 718 12
657 718 11
404 718 13
209 718 8
401 718 9
319 718 10
230 718 10
315 718 9
210 718 11
25 718 11
372 718 14
355 719 11
71 719 13
237 719 11
630 719 12
352 719 14
265 719 13
719 741 8
371 719 11
713 719 10
377 719 8
219 719 12
525 720 12
716 720 14
529 720 12
346 720 13
3 720 9
391 720 10
176 720 11
170 720 10
321 721 12
119 721 12
225 721 10
195 721 12
44 721 10
593 721 10
157 721 12
519 721 10
661 721 9
688 721 11
616 722 12
267 722 10
61 722 10
19 722 10
247 722 9
118 722 13
642 722 10
447 722 11
483 722 12
620 722 10
721 722 12
325 723 11
721 723 12
248 723 11
490 723 10
634 723 8
673 723 12
59 723 8
532 723 10
230 723 12
88 723 14
551 723 10
365 723 11
179 723 9
642 724 9
522 724 13
394 724 12
478 724 11
447 724 10
183 724 14
578 724 13
405 724 9
299 724 14
172 724 11
178 725 9
295 725 11
133 725 13
291 725 10
236 725 7
144 725 11
228 725 9
350 725 8
262 725 9
18 726 12
378 726 9
111 726 14
726 749 11
654 726 15
664 726 12
686 726 13
363 726 10
599 726 9
312 727 9
39 727 12
248 727 9
164 727 8
501 727 9
166 727 11
365 727 11
597 727 14
165 728 9
83 728 9
604 728 14
35 728 11
175 728 9
47 728 13
265 728 13
644 728 9
610 728 9
441 728 8
10 729 7
229 729 11
475 729 12
329 729 13
102 729 6
388 729 11
108 729 9
484 729 9
139 729 12
20 730 12
51 730 6
246 730 9
351 730 8
669 730 9
730 742 9
625 730 11
3 730 9
356 730 13
562 730 12
525 731 10
655 731 10
560 731 12
233 731 8
212 731 9
173 731 11
535 731 8
307 731 9
341 731 11
421 731 8
450 731 15
300 732 12
570 732 14
245 732 10
91 732 15
728 732 13
669 732 11
19 732 9
34 732 6
75 732 15
340 732 12
292 733 9
107 733 11
210 733 9
683 733 10
409 733 14
147 733 11
659 733 10
44 733 12
205 733 12
111 733 12
5 734 10
666 734 9
734 746 8
20 734 9
250 734 11
669 734 12
253 734 15
386 734 15
320 734 12
189 734 12
25 735 12
194 735 9
420 735 12
325 735 10
365 735 8
422 735 10
693 735 12
344 735 9
244 735 9
690 735 13
122 736 9
234 736 8
87 736 9
232 736 12
518 736 10
527 736 10
79 736 11
16 736 14
436 736 9
674 737 11
575 737 10
394 737 10
54 737 13
306 737 11
13 737 8
156 737 11
671 737 12
659 737 7
489 737 8
519 737 9
352 738 7
53 738 13
279 738 10
164 738 11
658 738 12
142 738 11
716 738 13
187 738 11
124 738 12
120 739 9
14 739 8
346 739 9
642 739 11
339 739 13
329 739 16
211 739 13
366 739 12
737 739 10
134 740 7
735 740 8
513 740 12
16 740 6
200 740 12
565 740 12
176 740 12
29 740 10
109 740 10
705 740 12
16 741 9
60 741 16
348 741 12
534 741 12
483 741 13
470 741 11
465 741 9
460 741 9
648 741 14
242 741 10
644 741 13
733 742 11
55 742 11
513 742 12
33 742 6
114 742 9
660 742 11
588 742 10
591 742 8
554 742 11
20 742 10
642 742 12
153 743 9
375 743 10
389 743 12
164 743 15
419 743 9
592 743 10
589 743 11
63 743 8
246 743 6
377 743 11
485 743 9
243 744 12
711 744 8
284 744 9
568 744 6
161 744 9
662 744 8
598 744 9
492 744 8
595 744 6
5 745 7
134 745 11
124 745 10
634 745 8
151 745 10
259 745 9
559 745 8
506 745 8
292 745 13
656 746 10
139 746 11
526 746 9
448 746 10
678 746 12
30 746 13
480 746 11
306 746 12
406 746 9
690 746 7
4 747 8
165 747 11
122 747 14
222 747 9
642 747 10
550 747 12
197 747 12
419 747 9
692 747 8
219 747 9
124 748 9
312 748 9
745 748 11
20 748 10
714 748 8
122 748 7
677 748 12
252 748 9
121 748 10
650 749 9
518 749 9
225 749 9
259 749 9
635 749 13
586 749 14
666 749 11
33 749 9
577 749 8
