750
0
6
9
7
2
8
1
6
9
2
7
5
9
6
7
7
4
7
9
4
8
7
9
8
8
7
5
7
10
5
6
9
4
7
8
8
5
3
4
8
4
3
3
4
5
7
4
3
4
7
6
8
1
4
2
9
6
3
10
8
6
2
8
5
5
10
3
1
7
3
5
7
6
2
2
8
10
8
1
1
2
3
9
6
5
7
6
8
6
9
7
6
9
7
1
3
10
3
5
2
6
5
5
9
7
2
7
5
3
1
9
6
9
6
4
9
2
10
2
1
9
3
8
6
7
8
10
5
3
4
5
5
6
3
8
9
9
3
7
9
2
7
6
3
2
9
8
2
2
8
3
5
9
9
4
8
2
4
5
2
5
2
7
6
8
8
5
5
2
4
9
5
3
5
6
9
3
10
4
8
10
4
9
9
5
4
6
7
4
10
4
6
7
1
3
6
4
3
3
4
1
9
4
6
1
2
8
5
8
5
4
2
3
7
9
5
4
9
9
6
7
8
9
1
4
4
7
2
10
7
9
3
3
3
7
1
4
8
9
5
10
3
2
4
1
6
6
3
4
5
2
5
8
5
2
5
9
7
5
9
5
5
8
8
3
10
6
10
4
4
9
3
3
6
6
8
9
6
6
4
9
2
5
4
3
9
7
2
9
4
4
5
4
9
7
7
3
7
5
8
10
4
6
5
4
8
4
3
2
6
4
6
10
2
2
5
10
6
7
6
5
1
5
3
5
7
3
10
9
7
10
3
10
5
3
4
4
3
7
9
8
3
4
2
5
8
2
2
5
6
5
8
2
5
4
8
7
2
7
9
10
6
5
3
2
5
9
10
3
6
4
8
10
6
6
4
1
5
2
10
10
5
9
3
5
2
5
9
8
7
9
5
3
9
5
6
8
8
10
7
3
1
8
7
4
9
2
6
4
9
8
3
8
3
3
6
8
5
5
1
9
7
9
3
4
6
2
2
8
6
9
8
7
7
7
8
5
10
4
3
1
8
7
5
2
9
4
6
7
3
5
4
6
9
8
3
3
9
8
6
6
9
4
6
7
2
9
3
6
6
4
8
3
7
3
4
7
9
5
2
5
6
3
2
4
7
3
7
2
1
4
4
5
8
8
2
8
3
2
3
6
3
8
10
4
2
6
5
4
3
7
7
8
8
5
10
3
6
4
1
3
6
3
5
9
2
5
5
7
9
1
3
10
4
8
4
2
1
7
10
8
6
7
6
8
1
10
9
1
5
6
5
7
5
9
9
5
5
1
5
5
3
3
1
8
9
5
2
4
6
8
3
2
6
5
5
5
3
7
8
4
9
10
5
5
4
9
1
6
2
3
5
3
9
10
8
4
6
2
3
1
3
4
2
6
4
4
8
8
2
5
1
1
4
10
9
3
7
1
5
5
3
6
2
5
5
2
7
10
3
5
8
4
2
8
5
2
6
2
5
10
7
8
3
3
4
7
2
7
10
6
6
2
5
9
2
9
3
8
8
4
8
1
4
7
7
9
4
6
4
6
2
10
7
8
3
10
7
3
2
9
9
9
5
4
9
7
7
8
3
7
4
9
2
7
5
4
4
8
3
1
3
5
8
9
2
4
3
8
7
10
8
5
5
8
9
7
2
3
1
1
9
5
2
2
9
4
3
7
1
9
2
5
6
7
5
6
1
8
3
8
6
6
2
5
2
9
5
3
6
0 179 13
0 419 11
0 426 7
0 694 9
0 594 7
1 714 8
1 592 13
1 29 11
1 540 12
1 246 10
2 201 10
2 739 8
2 496 11
2 451 11
2 310 15
2 257 11
3 485 11
3 8 13
3 361 10
3 452 14
3 661 10
3 493 8
4 490 12
4 512 10
4 721 9
4 225 11
4 402 13
4 23 12
5 625 9
5 669 8
5 684 12
5 47 14
5 376 9
6 569 9
6 22 9
6 526 10
6 191 10
6 36 9
7 544 12
7 333 9
7 679 12
8 514 12
8 92 10
8 297 10
9 397 9
9 308 13
9 234 7
9 153 13
9 216 15
10 487 7
10 652 7
10 740 11
10 306 10
10 621 12
10 591 10
11 59 9
11 528 10
11 705 14
11 742 11
12 381 8
12 168 13
12 727 13
12 638 11
12 315 12
13 159 12
13 220 12
14 253 11
14 340 10
14 86 10
14 71 11
15 320 12
15 632 14
15 624 8
15 341 10
16 150 12
16 79 10
16 670 10
16 377 9
16 740 10
17 146 9
17 444 9
17 31 11
17 150 16
17 418 12
17 263 9
18 160 6
18 197 9
18 335 10
18 653 10
18 285 11
19 298 10
19 417 11
19 124 13
19 565 13
19 87 8
20 649 14
20 32 11
20 77 12
20 149 10
21 226 12
21 60 8
21 347 5
21 468 12
21 469 11
21 592 10
22 333 8
22 399 9
22 561 14
22 36 9
22 622 10
22 297 10
23 700 14
23 518 10
23 642 10
23 151 10
23 472 11
23 417 11
24 464 10
24 658 11
20 24 8
24 743 10
24 294 11
24 231 8
4 25 13
18 25 10
25 308 12
25 260 8
25 612 8
25 56 9
25 116 12
26 665 9
26 402 11
26 403 14
26 699 12
26 696 9
26 45 6
27 519 8
27 686 10
27 118 13
27 60 15
27 536 13
28 623 10
28 672 11
28 170 15
28 238 13
28 40 9
18 28 13
28 678 12
29 236 10
29 443 8
29 56 8
29 151 12
6 29 9
29 333 13
29 148 12
30 348 10
30 649 9
30 477 8
30 107 13
30 274 11
30 533 12
31 511 12
31 231 6
31 41 11
31 712 7
32 516 13
32 556 13
32 700 9
32 524 13
32 441 7
33 602 13
33 170 12
19 33 10
33 193 13
33 304 10
34 447 11
34 272 11
34 493 9
34 325 9
34 537 11
35 233 5
35 644 12
35 205 13
35 745 10
35 361 11
36 60 10
33 36 9
36 318 14
36 731 11
36 288 12
37 194 13
37 567 11
37 718 8
37 552 10
38 623 10
38 644 12
38 657 11
32 39 12
39 735 9
39 517 11
39 120 12
39 280 13
40 499 10
40 537 11
40 563 9
41 234 11
41 192 6
41 426 13
41 531 10
41 464 12
41 505 10
42 484 9
42 182 12
1 42 11
42 240 11
42 90 13
43 707 11
37 43 9
43 74 12
43 432 11
43 453 13
44 387 9
44 675 10
44 362 11
44 473 9
45 502 9
45 730 11
44 45 11
45 737 8
45 160 13
46 123 11
46 320 12
46 531 10
46 328 8
47 479 13
47 708 13
42 47 10
47 123 14
47 116 10
48 737 10
48 556 10
48 418 9
48 703 8
48 274 12
49 109 10
49 749 13
49 652 12
49 212 10
49 665 10
49 608 11
50 655 11
50 296 11
50 684 11
50 667 11
50 476 8
51 574 11
51 726 11
51 412 12
51 295 8
52 608 10
52 97 8
52 564 9
52 620 9
52 251 6
53 279 10
53 484 13
53 426 9
53 472 11
54 195 13
54 537 9
54 637 12
54 56 7
54 112 10
54 704 10
54 634 12
55 636 13
55 440 12
55 116 11
55 730 12
55 700 15
55 208 9
56 261 11
56 743 13
34 56 9
56 491 11
56 223 11
57 386 15
57 477 7
57 675 11
57 435 10
57 422 10
57 382 11
58 426 9
58 740 5
58 99 13
58 454 10
58 460 9
59 513 9
59 166 14
59 60 9
59 557 13
59 720 9
53 60 6
60 318 8
60 111 10
60 116 8
60 689 8
61 518 10
61 580 12
61 725 10
41 61 10
61 647 9
62 513 12
62 125 12
62 341 12
62 351 9
63 168 9
63 124 11
63 552 8
63 206 12
63 475 8
64 313 14
17 64 11
64 329 12
47 64 8
64 157 9
64 436 11
65 417 10
65 96 9
65 663 10
65 137 9
65 195 9
65 685 10
66 394 12
66 309 14
66 600 11
66 626 9
66 401 10
66 356 10
67 234 10
67 462 10
67 76 12
67 435 12
67 520 9
67 210 13
67 369 9
68 196 12
54 68 11
68 734 10
68 293 12
69 571 11
69 590 12
69 106 9
69 527 14
69 236 16
70 436 8
70 460 9
70 478 9
70 664 8
70 200 9
71 224 9
71 418 11
71 385 12
70 71 9
71 308 11
72 125 9
72 256 11
72 437 14
72 566 10
73 125 10
70 73 11
64 73 8
29 73 8
74 322 11
74 421 10
74 429 11
74 540 15
5 74 11
74 185 12
75 646 8
75 311 11
75 308 9
75 119 12
75 432 16
75 536 11
76 506 12
76 297 11
76 222 9
76 600 12
77 381 9
77 542 10
77 239 9
77 318 8
77 259 12
77 342 10
78 597 11
78 171 9
78 299 9
78 269 12
78 359 8
78 97 11
78 591 8
79 548 10
79 316 10
79 423 10
79 480 10
80 106 14
80 624 11
80 516 9
80 734 9
13 80 11
19 80 15
81 706 12
50 81 10
81 562 13
81 278 12
81 206 10
82 493 10
82 669 12
82 380 10
82 689 10
82 125 14
83 387 7
83 158 11
83 187 11
83 729 10
83 739 11
84 448 7
84 323 9
84 605 10
84 587 10
84 164 10
85 389 16
67 85 10
85 622 11
85 407 11
86 437 9
86 142 12
86 634 11
86 148 7
86 434 13
87 269 10
87 188 9
87 124 7
87 189 6
65 87 11
87 209 11
87 225 11
88 468 10
88 266 13
88 746 14
89 463 14
21 89 9
66 89 8
89 290 13
89 267 10
90 741 11
90 130 7
90 192 11
35 90 12
90 356 9
90 580 12
90 606 13
91 280 12
91 611 8
91 420 8
91 739 12
92 570 10
92 277 9
92 542 8
92 522 11
93 223 8
93 143 11
69 93 12
74 93 13
94 294 13
94 239 10
95 605 12
95 574 7
95 365 6
73 95 12
96 508 6
96 727 11
96 427 10
96 232 12
96 419 14
97 668 11
97 192 10
97 357 12
98 253 10
98 326 9
26 98 14
70 98 11
98 395 11
19 98 12
99 414 10
99 420 13
99 474 9
99 347 12
99 121 10
35 100 11
100 314 8
100 400 9
77 100 7
100 101 10
101 278 11
32 101 10
101 693 13
101 107 9
102 555 9
102 744 10
102 685 10
103 298 14
103 141 8
103 338 8
103 480 12
103 512 6
104 218 8
104 612 11
104 406 14
104 372 9
105 436 11
59 105 8
60 105 10
105 168 12
105 502 13
105 437 6
105 270 7
106 270 12
106 403 11
106 590 12
106 370 11
70 107 12
107 467 12
64 107 11
107 667 9
107 633 9
72 108 7
108 415 13
108 427 12
108 446 10
109 618 13
109 128 10
109 167 13
40 109 10
109 625 8
109 693 11
110 162 11
110 249 10
110 353 15
110 573 10
110 357 13
111 697 10
111 314 8
111 507 6
82 111 12
111 393 11
111 661 8
71 112 15
112 297 12
112 657 11
112 596 12
112 449 13
113 121 13
0 113 9
113 150 12
113 583 13
113 238 11
114 456 11
114 483 12
114 650 10
114 510 12
114 685 11
115 120 10
77 115 11
115 703 12
115 496 12
2 115 8
85 115 9
4 116 11
116 342 8
116 640 11
116 383 12
117 621 12
117 140 11
76 117 10
117 739 12
117 641 8
73 118 8
118 207 9
118 475 10
118 370 10
118 730 7
118 413 8
119 640 10
119 686 10
119 278 10
119 493 10
119 583 14
120 449 12
120 733 7
120 135 8
121 158 13
121 557 11
121 655 12
51 121 10
121 157 14
121 403 13
20 122 10
122 557 10
122 241 6
122 204 12
123 221 10
123 695 11
87 123 10
123 167 9
123 269 9
124 634 12
124 400 12
124 446 14
124 493 7
124 130 7
124 648 10
125 503 10
125 348 9
125 724 10
125 483 10
125 593 9
126 211 12
126 583 10
126 716 10
126 306 9
79 126 12
5 126 8
127 542 10
127 703 12
127 182 12
50 127 10
127 195 12
127 537 10
128 358 8
128 735 9
128 602 8
128 569 8
129 736 9
36 129 8
129 214 11
48 129 11
129 159 11
130 738 9
130 360 13
130 613 11
130 251 11
130 586 12
130 517 9
131 544 12
131 653 10
131 301 10
132 528 10
132 402 11
132 273 8
132 339 12
106 132 10
132 541 7
132 655 9
133 600 13
133 308 11
133 374 12
133 430 10
65 133 14
134 233 13
134 493 13
134 329 10
134 404 12
134 370 16
135 473 12
135 622 10
76 135 7
135 702 14
106 135 7
136 712 12
136 142 13
136 489 9
136 647 12
137 347 6
137 605 10
137 588 11
123 137 11
138 382 15
138 647 12
138 427 10
138 607 11
138 604 13
139 626 14
139 541 8
139 529 13
139 647 10
139 245 7
12 139 11
119 140 8
140 148 10
140 431 11
140 628 9
141 588 16
8 141 11
141 427 8
141 535 10
141 434 13
142 538 6
142 416 12
142 506 11
142 688 9
12 142 12
142 391 15
143 542 8
12 143 8
132 143 10
143 724 12
143 199 11
143 737 11
74 143 12
144 635 10
11 144 11
144 388 10
144 228 12
145 565 12
3 145 10
145 327 8
145 383 8
21 145 9
104 146 10
146 722 11
146 267 15
146 206 6
146 454 14
146 636 11
147 255 10
147 593 6
110 147 12
147 220 10
147 700 12
69 148 13
148 651 13
148 598 10
82 148 6
148 698 11
149 676 11
149 568 8
149 589 9
149 167 10
149 681 5
150 376 10
150 537 8
150 590 8
150 375 10
150 668 11
150 220 7
151 735 11
151 587 7
151 469 9
73 151 9
152 374 11
18 152 9
42 152 11
152 436 11
152 258 9
153 252 13
153 663 9
55 153 8
153 307 9
146 153 10
153 198 14
154 501 9
154 240 13
135 154 11
9 154 10
8 154 15
154 464 14
155 419 10
155 320 10
155 351 11
155 464 11
155 683 11
156 441 10
156 403 10
156 359 7
156 642 11
156 188 10
156 191 6
156 718 11
157 474 16
157 532 9
157 460 9
58 157 11
157 374 10
158 616 9
158 521 8
158 345 9
158 191 8
158 517 11
159 435 12
159 594 11
147 159 11
159 175 10
160 420 10
153 160 14
157 160 7
160 231 10
161 257 11
161 720 15
118 161 11
161 255 11
161 703 11
133 162 9
146 162 11
162 316 10
162 435 9
162 260 7
98 162 6
163 613 10
163 167 11
71 163 11
163 328 10
163 435 7
163 724 16
164 676 11
164 561 10
164 380 13
165 647 11
165 434 11
158 165 14
101 165 10
164 165 7
166 338 15
166 278 10
122 166 8
166 461 11
15 166 13
167 689 12
120 167 9
134 168 10
168 599 11
168 348 13
169 740 14
169 483 10
169 306 12
111 169 9
169 475 10
170 285 12
170 319 12
170 215 9
170 482 8
171 453 12
171 372 7
171 531 10
171 225 10
172 574 12
172 659 10
72 172 12
173 393 13
173 634 12
173 392 8
173 395 10
173 615 7
35 173 10
174 338 10
174 594 8
117 174 9
174 650 11
174 207 11
144 175 7
175 190 10
175 637 6
175 670 10
130 175 11
176 738 14
176 559 14
176 285 8
176 195 11
177 383 9
113 177 10
177 684 10
178 258 9
178 583 14
70 178 9
178 573 12
179 399 9
179 511 14
179 577 8
179 563 12
180 669 10
0 180 12
180 247 7
126 180 5
180 421 10
181 215 10
181 617 14
181 565 12
181 524 9
97 181 12
151 182 11
182 532 12
182 350 10
182 395 10
182 265 15
182 446 11
182 731 9
120 183 5
183 247 7
183 704 9
183 279 9
183 512 10
184 270 10
184 213 14
184 300 11
184 566 9
174 184 9
22 185 10
185 353 10
185 303 8
185 218 12
186 217 11
186 481 11
186 377 11
186 559 11
187 549 8
187 357 8
187 307 9
29 187 7
187 494 12
187 372 9
38 188 8
172 188 8
188 437 9
188 193 10
188 468 7
184 188 9
189 570 15
103 189 10
189 560 9
189 231 9
189 445 7
44 189 10
190 245 9
27 190 12
190 292 11
190 430 15
191 340 10
11 191 17
179 191 13
191 209 9
191 205 12
191 561 11
192 478 9
78 192 10
192 276 8
192 646 15
192 376 12
193 639 8
24 193 10
193 378 10
193 541 10
124 193 8
104 193 11
194 452 10
194 621 13
194 694 5
194 454 10
194 372 10
194 746 11
195 630 12
195 288 12
195 674 9
160 195 11
195 663 11
195 583 10
195 213 11
196 243 14
196 636 9
116 196 8
16 196 12
197 242 8
197 398 12
197 693 12
197 521 14
130 198 11
198 540 7
198 588 12
198 307 10
198 742 11
198 384 10
199 526 9
199 337 8
199 212 10
199 611 7
199 727 9
200 307 11
200 566 13
139 200 12
200 720 11
200 257 13
194 200 11
201 211 11
201 432 12
201 691 9
201 633 11
201 224 5
202 609 12
22 202 10
202 267 8
42 202 9
202 335 13
202 281 9
203 532 12
203 465 12
203 696 10
38 203 8
203 317 10
203 719 11
203 372 9
48 204 13
150 204 9
204 652 11
205 445 8
205 729 13
23 205 11
205 564 11
205 633 11
205 684 9
206 675 9
54 206 8
206 679 10
206 280 9
207 383 6
34 207 10
207 258 9
207 448 11
111 207 13
208 305 8
11 208 13
208 519 13
208 346 11
208 574 11
209 467 11
209 671 11
209 528 9
209 375 6
210 384 10
210 515 14
210 642 8
166 210 9
210 277 14
210 427 11
211 738 11
211 681 10
211 289 11
139 211 12
211 504 12
212 712 13
212 594 9
212 348 12
212 747 11
85 213 14
84 213 10
143 213 13
213 674 10
214 608 11
214 465 10
214 230 8
214 727 16
214 495 9
215 553 13
215 263 13
215 344 12
215 519 9
215 623 11
35 216 10
216 529 9
216 710 11
216 227 10
217 553 7
217 424 13
217 630 12
217 679 11
46 218 9
218 280 10
218 441 9
218 650 11
218 322 8
218 654 15
219 594 9
39 219 13
219 595 10
219 339 12
96 220 9
220 559 13
43 220 11
114 221 11
126 221 10
221 518 14
221 725 12
58 221 10
221 690 11
222 546 14
52 222 10
222 436 11
222 682 11
9 223 11
223 631 11
223 476 9
223 627 10
223 684 11
106 223 7
126 224 11
224 544 8
224 516 9
224 275 11
225 726 7
85 225 13
225 619 9
225 580 9
225 259 10
225 594 16
225 738 12
2 226 11
144 226 12
226 421 13
226 614 6
226 627 14
227 499 10
227 420 8
227 532 11
227 698 9
96 227 10
228 235 10
228 724 8
228 281 9
228 505 12
229 718 15
229 378 14
185 229 8
219 229 12
229 355 11
31 229 10
230 584 12
230 291 11
230 244 10
230 589 15
230 586 13
230 717 8
231 587 6
231 284 12
231 347 11
231 406 10
96 231 11
178 232 9
232 661 12
232 490 7
229 232 10
183 233 9
233 324 6
233 525 10
117 233 12
234 263 9
97 234 11
234 683 10
234 426 14
234 294 10
235 689 10
97 235 14
235 353 9
235 437 10
236 467 10
236 650 11
236 459 11
154 236 12
236 464 11
237 474 10
237 718 13
99 237 8
237 394 10
237 544 11
238 637 11
67 238 10
238 629 14
238 639 11
238 481 8
238 737 10
239 504 13
239 256 14
73 239 9
239 266 13
239 524 9
198 239 11
240 608 10
240 427 12
9 240 9
240 248 11
113 240 9
241 723 11
28 241 13
241 466 12
241 326 10
242 392 13
242 630 14
242 632 11
243 624 11
243 535 13
243 556 13
243 700 11
243 255 9
243 407 9
112 244 10
244 258 10
244 279 13
244 499 10
244 390 13
13 244 11
197 245 8
245 422 9
245 628 11
47 245 9
174 245 11
230 245 10
245 453 14
246 614 11
246 661 10
50 246 8
246 724 13
246 377 9
188 247 12
247 560 11
247 576 8
247 564 11
247 554 8
247 561 12
248 540 12
248 656 12
248 740 7
3 248 12
56 248 10
249 561 10
197 249 11
249 259 9
131 249 8
250 330 12
250 516 12
21 250 13
250 632 15
250 357 8
6 250 9
251 584 11
251 263 12
251 506 9
95 251 11
87 251 11
252 741 12
252 721 11
252 414 13
252 664 7
250 253 8
253 560 10
253 640 7
129 253 8
254 629 13
254 585 10
254 414 12
254 290 10
254 483 10
255 601 9
255 713 13
56 255 11
92 255 9
255 267 11
256 326 11
256 729 13
256 341 10
256 487 11
256 261 10
257 626 9
257 722 9
257 271 10
217 257 9
81 257 8
140 258 6
78 258 8
258 424 8
258 635 14
24 258 11
133 258 12
259 342 13
259 444 9
259 481 9
169 259 10
259 442 9
259 405 11
260 573 11
260 597 13
260 665 13
13 260 10
261 526 14
261 430 9
261 581 8
112 261 7
261 396 11
103 262 13
262 307 15
73 262 10
262 707 8
262 506 10
187 262 14
262 603 10
69 263 10
231 263 11
258 263 11
263 626 11
34 263 12
264 631 9
248 264 10
264 275 16
264 450 4
265 495 10
166 265 10
265 473 10
265 427 13
265 602 11
265 613 13
36 265 8
266 353 10
266 713 12
3 266 10
266 553 14
159 266 10
267 668 11
33 267 9
267 329 10
267 355 12
267 491 10
122 267 9
217 267 14
168 268 12
268 283 10
268 398 7
88 268 9
268 715 12
269 395 11
269 419 11
269 342 11
269 518 11
243 270 7
270 421 13
98 270 13
270 426 11
271 322 9
271 457 8
208 271 5
271 600 11
147 271 12
272 683 10
272 441 11
219 272 9
272 285 8
104 272 8
273 449 10
273 464 11
273 314 9
274 503 14
274 590 9
274 455 8
251 274 13
275 603 10
275 520 10
24 275 12
275 524 10
153 275 10
275 470 12
276 287 9
243 276 12
276 638 10
85 276 11
276 632 10
277 687 8
4 277 9
277 345 10
277 747 12
104 278 8
278 630 10
278 729 11
278 314 9
279 489 12
279 317 12
279 674 13
279 660 10
65 280 13
280 576 9
280 396 11
280 666 10
280 334 10
43 281 8
281 438 10
152 281 12
281 334 16
281 713 13
281 589 13
282 287 13
58 282 11
282 345 11
205 282 8
282 470 11
283 451 7
145 283 10
283 329 15
283 597 10
284 522 10
140 284 11
111 284 6
284 607 14
284 723 10
284 439 9
285 608 8
285 544 14
233 285 10
285 466 7
40 285 11
286 604 14
286 532 11
57 286 10
286 471 12
286 461 13
207 286 12
287 378 9
287 639 12
287 575 9
100 287 9
232 287 12
288 392 8
153 288 7
222 288 12
288 684 9
288 539 11
289 588 11
289 299 12
128 289 13
233 289 11
289 346 9
126 289 11
289 304 10
290 367 7
238 290 9
290 292 9
92 290 10
290 330 13
291 688 12
290 291 9
291 500 7
30 291 8
61 291 14
291 499 12
62 292 10
292 564 14
292 745 11
292 594 10
292 607 12
293 318 10
293 619 9
293 400 10
293 564 9
293 507 10
118 294 8
294 513 12
294 742 7
294 557 9
132 294 12
294 745 8
69 295 11
295 635 10
295 697 10
295 349 11
114 296 13
296 555 13
296 308 12
296 673 8
296 721 9
297 731 7
111 297 12
135 297 14
0 297 12
5 297 10
98 298 8
298 747 12
298 671 12
163 298 8
298 461 11
148 298 10
232 299 10
299 506 10
299 352 13
299 747 11
300 688 9
300 419 10
202 300 14
300 632 10
219 300 9
24 300 15
301 679 10
301 676 9
301 666 10
40 301 14
302 524 9
95 302 10
302 458 10
302 507 9
122 302 9
303 651 11
30 303 14
303 450 11
152 304 12
300 304 12
228 304 14
304 650 7
304 439 8
304 601 12
305 708 10
305 574 5
305 594 12
228 305 13
305 604 9
186 306 8
206 306 8
175 306 12
306 443 7
306 710 9
67 306 6
307 452 10
178 307 11
307 619 11
177 307 10
155 308 13
308 566 9
168 308 10
308 692 7
308 616 9
308 635 9
27 309 8
309 419 12
108 309 12
309 330 10
192 310 11
251 310 12
142 310 14
310 375 12
310 689 7
311 497 13
299 311 13
180 311 13
311 696 11
312 467 9
73 312 11
151 312 10
312 577 9
312 528 11
312 574 11
260 313 8
62 313 10
313 642 10
223 314 12
314 555 9
176 314 10
314 600 9
314 609 8
315 453 14
220 315 10
31 315 11
315 682 8
316 711 11
98 316 11
316 568 7
316 450 11
316 466 11
317 404 12
317 344 7
317 524 12
78 317 12
206 317 12
271 318 11
281 318 11
318 704 13
318 564 13
318 458 6
147 319 6
259 319 12
154 319 8
319 494 10
320 742 12
320 530 8
320 745 11
320 604 14
321 719 9
188 321 12
321 669 11
321 332 12
126 321 13
319 321 11
321 445 10
322 415 11
322 509 13
123 322 13
322 692 12
288 323 8
112 323 11
323 502 12
23 323 9
296 323 8
324 710 10
324 613 9
318 324 13
324 585 8
236 324 11
211 325 15
325 586 9
42 325 8
325 512 11
325 443 11
326 528 9
326 400 7
165 326 9
137 326 12
326 639 13
77 327 14
160 327 10
297 327 12
3 327 8
327 399 9
71 328 8
328 365 8
328 494 9
328 515 14
328 626 6
301 329 13
320 329 13
193 329 10
329 434 8
329 685 9
330 341 9
275 330 11
330 389 13
330 582 10
330 706 13
192 330 10
219 331 9
308 331 10
215 331 8
139 331 7
331 528 9
332 516 12
332 727 9
332 438 10
120 332 8
333 431 12
333 699 9
333 657 13
333 443 8
333 645 6
333 576 12
334 520 11
334 703 12
250 334 10
334 452 12
334 418 14
297 335 9
190 335 9
177 335 12
228 335 13
335 711 11
335 590 8
336 577 12
336 734 8
336 495 13
250 336 10
301 336 14
336 415 7
232 337 13
331 337 12
337 482 6
337 729 8
337 391 12
304 338 11
36 338 7
107 338 12
262 338 10
338 507 10
339 457 11
44 339 12
339 650 12
297 339 9
339 636 13
282 340 10
340 487 9
340 483 9
296 340 11
165 340 11
183 341 10
226 341 9
33 341 9
341 580 13
342 631 11
53 342 9
334 342 12
36 342 13
38 343 10
343 433 9
343 749 7
101 343 10
272 343 11
52 344 12
311 344 9
344 597 13
344 660 11
344 608 10
57 344 6
6 345 10
307 345 13
345 641 13
346 351 12
196 346 12
44 346 11
346 445 13
346 621 14
346 426 13
347 680 12
347 593 11
136 347 8
344 347 11
347 618 10
347 641 12
301 348 12
243 348 11
348 709 10
34 348 7
348 658 10
349 732 13
174 349 11
214 349 6
125 349 9
349 365 8
350 381 13
301 350 10
26 350 8
350 681 9
241 351 12
307 351 9
283 351 12
351 434 13
301 351 12
352 660 10
141 352 11
352 527 11
104 352 9
201 352 10
30 353 9
353 394 13
117 353 11
112 353 8
190 353 12
353 493 13
75 354 11
164 354 8
354 681 8
354 438 10
355 477 13
355 403 11
355 662 6
355 617 10
355 603 14
128 355 8
356 432 12
88 356 12
142 356 10
218 356 9
130 356 11
356 466 13
356 508 11
23 357 10
357 688 11
358 399 11
227 358 12
221 358 12
358 567 10
359 640 12
359 688 10
359 685 10
289 359 9
360 743 9
121 360 13
360 684 11
360 535 9
361 492 10
361 708 10
297 361 12
361 705 9
326 361 11
362 440 8
362 544 12
362 668 8
66 362 10
216 362 11
242 362 9
343 363 7
59 363 11
107 363 12
359 363 9
32 363 12
218 364 14
286 364 9
364 671 11
263 364 10
364 653 12
365 560 12
365 441 7
214 365 14
365 393 10
365 481 10
261 366 14
219 366 13
366 458 9
324 366 8
367 443 12
35 367 10
367 468 7
99 367 10
367 609 9
368 612 14
206 368 12
92 368 11
52 368 11
10 368 7
207 368 13
100 369 13
369 698 12
309 369 9
133 370 7
370 654 10
168 370 10
370 381 9
370 740 11
370 721 9
101 371 9
371 464 13
371 392 9
60 371 10
224 371 11
371 660 14
372 611 11
372 515 11
372 568 9
240 372 11
373 468 10
373 424 9
215 373 15
300 373 8
373 495 11
373 698 12
326 374 13
374 504 7
374 623 7
22 374 12
375 660 10
375 464 12
88 375 10
375 630 11
375 479 12
205 376 11
376 400 14
194 376 12
376 729 11
376 520 5
377 506 12
377 625 14
374 377 10
377 576 12
5 377 11
377 665 10
235 378 11
200 378 8
378 484 11
378 705 11
85 378 13
379 609 8
379 631 10
379 470 11
34 379 8
194 379 15
175 380 10
109 380 8
380 519 14
380 605 8
179 380 9
339 381 10
381 410 12
116 381 11
381 544 9
209 382 11
328 382 12
382 689 5
382 492 8
382 641 7
383 541 10
128 383 11
383 494 12
102 383 13
383 572 8
383 554 9
384 700 8
298 384 12
128 384 11
384 443 8
384 650 13
257 385 11
365 385 11
315 385 9
386 655 11
301 386 8
13 386 11
386 666 11
386 720 9
232 386 8
268 387 11
273 387 14
255 387 10
120 387 7
388 706 13
388 408 9
23 388 13
388 715 8
389 522 14
318 389 10
389 697 11
177 389 11
326 389 7
390 632 10
390 417 10
289 390 7
11 390 12
318 390 10
43 391 7
391 597 11
295 391 9
19 391 8
54 392 11
337 392 8
348 392 11
392 490 9
288 393 8
393 652 12
252 393 9
393 410 8
393 670 12
394 460 8
174 394 11
394 569 12
394 711 10
55 395 13
395 554 11
368 395 11
368 396 13
396 576 10
386 396 8
334 396 10
155 397 8
358 397 12
397 739 11
136 397 13
11 397 12
99 397 9
398 602 10
18 398 11
129 398 11
398 504 12
399 425 12
399 513 11
11 399 11
285 400 11
120 400 10
400 600 7
400 649 9
352 400 8
401 644 11
401 535 14
184 402 8
101 402 15
402 710 8
403 568 7
250 403 11
394 403 10
340 403 7
170 403 9
403 442 9
403 615 13
404 473 10
380 404 6
47 404 14
40 405 8
165 405 8
278 405 11
405 450 12
405 510 12
141 405 15
283 405 13
406 411 13
406 706 9
406 548 9
392 406 10
406 469 12
407 575 14
304 407 8
157 407 9
266 407 11
407 749 10
351 408 13
210 408 8
288 408 12
408 654 9
275 408 10
324 408 10
409 724 13
287 409 7
191 409 11
365 409 9
409 739 11
409 464 11
410 579 11
104 410 12
265 410 11
96 410 12
399 410 11
45 411 11
411 737 9
305 411 14
411 614 9
319 412 10
178 412 15
412 534 10
82 412 13
412 582 11
166 413 9
413 515 11
413 700 10
4 413 13
413 444 10
413 598 12
414 657 11
414 430 11
271 414 13
38 414 9
414 554 11
256 415 8
415 553 9
354 415 11
6 415 14
203 415 10
415 611 15
416 584 7
228 416 9
416 503 11
262 416 14
105 416 13
416 688 10
417 537 12
417 584 11
382 417 5
417 749 14
417 621 9
417 683 7
259 418 11
418 715 10
25 418 12
235 418 7
419 617 11
383 419 11
419 605 10
419 738 13
419 470 9
419 588 9
420 643 10
420 487 9
420 513 11
420 573 14
154 420 14
18 420 6
129 421 10
253 421 9
149 421 11
421 482 12
388 421 11
421 567 13
422 677 8
422 475 9
422 673 11
423 697 9
357 423 8
269 423 9
338 423 10
208 423 11
306 423 8
91 424 10
424 637 12
424 563 11
424 570 11
424 524 11
331 425 9
425 543 12
7 425 10
425 449 10
172 426 9
283 426 12
391 426 10
184 426 11
338 427 10
189 427 11
401 427 7
370 428 11
317 428 11
429 726 11
429 571 14
231 429 11
429 688 10
429 664 11
52 429 11
136 429 8
430 614 10
408 430 10
246 430 10
241 430 9
85 430 10
219 430 9
431 734 14
313 431 10
349 431 11
367 431 11
431 670 12
59 431 8
432 567 10
13 432 11
171 432 11
392 433 10
433 618 9
109 433 9
175 433 12
433 540 5
153 433 11
433 603 9
434 676 12
293 434 15
434 510 10
308 434 11
434 739 15
409 435 10
243 435 7
248 435 12
307 435 8
405 435 11
435 726 11
436 670 10
339 436 10
436 465 8
436 445 13
251 436 10
436 612 7
416 437 11
398 437 11
437 449 8
107 438 11
304 438 10
438 653 16
249 438 8
438 587 10
438 617 11
238 439 13
187 439 12
439 530 6
386 439 9
439 628 9
337 440 12
440 653 12
259 440 7
123 440 10
195 441 13
441 730 9
441 540 11
441 569 10
231 442 8
143 442 8
204 442 12
442 675 11
442 608 11
132 443 8
224 443 9
443 648 9
6 443 9
435 443 9
242 444 13
444 578 9
444 551 10
88 444 14
444 543 8
445 717 10
16 445 9
425 445 10
234 445 10
65 445 7
261 446 9
176 446 10
237 447 11
447 737 8
109 447 10
311 447 12
96 447 13
155 448 11
123 448 9
355 448 9
332 448 8
262 448 8
272 448 11
224 449 13
449 514 11
449 745 10
96 449 13
173 449 11
450 484 10
207 450 8
439 450 12
29 450 8
287 450 11
335 451 11
148 451 8
237 451 10
343 451 14
113 451 11
360 452 15
452 692 13
200 452 9
452 517 10
349 452 10
434 452 9
415 453 12
157 453 14
163 453 11
119 453 8
247 453 10
454 617 13
454 459 12
17 454 8
109 454 8
11 454 10
233 455 10
455 731 8
455 635 12
413 455 9
106 456 9
275 456 12
101 456 8
9 456 8
438 457 10
457 506 13
133 457 12
296 458 13
458 596 14
322 458 9
248 458 11
458 637 10
417 459 12
238 459 10
459 628 13
459 652 11
383 459 15
125 460 13
460 740 10
169 460 10
107 460 11
304 461 11
432 461 10
395 461 9
461 707 10
461 465 11
241 461 11
110 462 11
462 656 11
184 462 10
13 462 7
462 591 12
98 463 8
463 531 11
66 463 9
463 642 11
463 656 12
464 741 7
422 464 16
366 464 10
464 738 15
326 464 9
417 465 11
196 465 10
452 465 16
465 683 13
423 465 11
466 695 8
222 466 9
366 466 10
118 466 7
237 467 7
467 553 13
66 467 11
431 467 9
129 467 9
467 654 5
468 662 11
339 468 10
245 468 10
49 468 11
468 695 9
469 543 12
313 469 10
129 469 11
373 469 12
469 688 11
96 470 13
470 722 11
271 470 12
470 526 15
471 693 13
240 471 9
320 471 8
471 560 10
283 471 13
394 472 13
139 472 11
121 472 9
21 472 12
102 473 12
473 687 11
473 744 12
82 473 11
473 534 10
175 474 9
474 736 9
302 474 11
47 474 10
474 520 13
282 475 9
475 516 10
174 475 9
475 674 12
416 476 11
44 476 11
313 476 14
172 476 14
476 730 12
476 615 10
477 478 12
438 477 10
477 494 9
478 735 10
444 478 11
478 709 12
478 580 11
122 478 11
479 585 10
479 571 12
300 479 8
479 627 13
479 626 13
1 480 11
480 528 9
480 521 10
478 480 10
480 584 11
20 481 11
110 481 6
381 481 9
426 481 10
254 481 9
481 669 12
482 542 11
161 482 14
82 482 11
281 482 14
482 698 6
265 482 10
369 483 10
168 483 10
129 483 11
402 483 11
220 484 11
484 730 12
484 644 9
360 484 13
23 484 8
404 485 10
251 485 10
347 485 12
485 743 10
285 485 11
135 486 11
161 486 9
388 486 11
245 486 9
352 486 10
395 486 10
487 577 13
487 545 10
487 704 9
487 713 13
314 488 8
488 669 6
427 488 14
488 728 8
345 489 8
283 489 11
305 489 11
489 595 11
490 636 10
25 490 12
490 661 9
490 708 8
490 492 13
38 490 10
36 491 14
32 491 13
273 491 13
491 605 14
245 492 7
492 544 10
492 734 14
131 492 12
336 493 10
493 652 9
179 493 11
493 605 11
203 493 11
5 493 9
56 493 7
494 560 12
344 494 16
132 494 9
453 494 10
17 494 6
494 645 10
66 494 10
353 495 8
407 495 11
495 613 13
86 495 9
210 495 14
477 495 14
444 495 10
322 496 7
198 496 9
112 496 12
318 496 12
496 740 9
189 496 7
497 557 6
497 738 8
203 497 16
497 691 9
304 498 9
148 498 12
235 498 11
498 709 9
162 499 12
156 499 10
387 499 13
499 619 14
488 499 8
491 500 12
500 648 10
68 500 12
500 631 12
367 500 8
143 500 8
311 501 11
454 501 10
501 648 11
158 501 13
501 509 8
167 501 10
502 510 10
96 502 10
251 502 10
388 502 11
55 502 9
332 502 10
503 739 12
503 682 12
503 615 11
319 503 7
355 503 9
153 503 7
138 504 11
449 504 12
504 531 12
504 552 9
1 504 13
472 505 11
505 581 13
505 724 12
449 506 13
221 506 8
455 506 9
341 506 6
324 506 12
80 506 9
118 507 13
79 507 8
213 507 8
419 507 11
182 507 8
439 507 14
470 508 9
439 508 10
14 508 8
12 508 11
508 528 11
344 509 13
90 509 11
424 509 13
364 509 11
89 509 13
39 509 9
348 510 8
218 510 11
250 510 8
350 510 12
230 511 11
418 511 12
149 512 10
267 512 11
288 512 11
393 512 8
512 618 9
431 513 10
198 513 11
243 513 9
513 722 9
513 602 8
513 594 10
451 513 10
514 598 12
514 594 9
57 514 15
514 654 9
515 651 7
515 519 8
515 727 9
515 714 10
395 515 8
516 723 14
516 665 10
159 516 9
215 516 13
498 516 13
474 517 10
300 517 12
517 584 11
377 518 6
251 518 10
21 518 10
387 518 11
102 518 10
272 519 13
519 710 9
352 519 9
70 519 10
68 519 12
235 519 13
15 519 12
13 520 9
520 734 10
223 520 7
251 520 10
521 548 14
333 521 11
439 521 9
303 521 14
199 521 11
97 522 12
380 522 10
522 687 10
522 652 7
302 522 9
455 522 12
464 523 6
523 631 10
148 524 11
63 524 14
42 524 11
524 663 13
524 583 11
327 525 9
481 525 9
416 525 8
23 525 7
526 597 12
264 526 11
526 631 12
89 527 12
447 527 10
527 747 8
292 527 11
490 527 12
385 528 8
472 528 16
528 589 8
16 528 8
181 528 14
280 528 11
529 564 9
240 529 14
374 529 13
13 529 13
79 529 9
530 661 8
530 662 12
530 596 11
530 553 12
128 531 10
140 531 12
531 658 12
531 582 11
359 531 14
348 532 10
119 532 9
407 532 13
532 730 13
24 532 11
533 626 11
223 533 15
218 533 8
38 533 7
424 533 12
353 534 12
278 534 8
438 534 13
534 595 12
364 534 10
472 535 13
393 535 12
108 535 12
250 535 9
56 536 12
201 536 11
365 536 11
93 536 9
133 537 10
537 617 12
537 627 9
131 537 8
178 537 14
171 537 12
239 537 8
205 538 9
148 538 7
105 538 11
265 538 10
202 538 7
538 688 13
221 539 11
78 539 13
286 539 10
358 539 15
237 539 12
270 540 10
443 540 10
382 540 9
540 746 8
183 540 10
98 541 11
235 541 16
541 746 9
541 575 10
530 542 15
222 542 12
255 542 8
511 542 11
502 542 13
372 543 11
543 610 12
543 544 13
543 686 8
292 543 15
504 544 11
84 544 11
2 544 11
393 544 10
544 583 14
449 544 11
501 544 10
12 545 6
545 735 7
545 562 7
466 545 12
17 546 8
516 546 11
173 546 11
361 546 9
547 683 12
152 547 8
84 547 11
158 547 11
242 547 13
368 548 11
548 682 9
154 548 10
430 548 7
112 548 10
337 548 11
521 549 13
549 719 7
301 549 11
4 549 11
115 549 11
383 550 9
361 550 11
550 581 10
314 550 11
111 550 10
551 745 9
448 551 11
551 574 11
551 625 12
110 552 12
305 552 9
181 552 15
391 552 12
399 552 13
552 600 13
306 553 9
553 644 10
60 553 8
194 554 11
217 554 10
294 554 11
186 554 10
305 554 15
91 554 12
57 555 10
555 680 12
72 555 11
555 748 9
69 555 10
337 556 12
556 726 11
319 556 9
556 721 10
184 556 5
152 557 7
64 557 13
557 582 7
104 557 10
318 558 9
447 558 10
208 558 11
461 558 8
45 558 14
468 559 11
559 685 10
559 704 10
526 559 10
513 560 11
546 560 12
498 560 15
560 577 11
534 560 8
560 714 10
299 561 12
561 730 8
441 561 8
381 561 10
274 562 12
174 562 13
517 562 14
117 562 9
278 562 10
493 563 9
293 563 12
496 563 12
421 563 14
564 624 10
196 564 11
170 564 10
282 564 11
309 564 13
565 597 12
119 565 12
102 565 11
310 565 11
566 689 12
31 566 10
206 566 10
109 566 8
493 567 9
266 567 9
541 567 12
354 567 10
567 673 9
16 567 9
179 568 8
568 700 9
393 568 6
568 715 11
319 568 8
568 611 11
57 568 14
31 569 11
240 569 12
323 569 11
569 617 12
214 569 10
62 569 7
570 686 10
383 570 11
392 570 12
543 570 12
240 571 7
299 571 12
143 571 9
29 571 14
115 571 11
1 571 7
572 661 9
420 572 13
465 572 10
295 572 10
572 603 9
352 572 11
572 633 9
573 591 13
90 573 13
472 573 8
40 574 13
438 574 11
302 574 10
314 574 11
574 702 10
210 575 9
36 575 10
546 575 13
167 575 7
121 575 11
575 709 12
576 707 15
524 576 10
576 657 10
337 576 10
576 670 14
189 577 14
562 577 11
125 577 13
214 577 10
520 577 12
429 578 10
324 578 10
578 744 11
132 578 7
423 578 11
277 578 13
352 578 9
539 579 11
579 713 11
579 648 9
399 579 9
544 579 12
385 579 8
497 580 12
278 580 12
580 611 12
580 697 11
578 581 11
410 581 10
141 581 14
581 729 11
425 581 10
543 581 9
125 581 6
493 582 11
582 689 9
533 582 9
582 674 12
582 739 10
14 583 9
583 625 12
105 583 11
108 583 7
583 690 12
289 583 10
584 639 11
557 584 10
79 584 12
259 584 12
511 585 10
585 611 15
586 688 9
586 646 12
6 586 11
586 592 10
587 690 9
320 587 8
137 587 10
376 587 9
25 587 11
3 587 14
83 588 10
169 588 11
328 588 12
588 608 10
576 588 7
330 589 13
24 589 13
589 634 10
222 589 12
589 722 9
329 589 12
589 628 9
24 590 11
17 590 6
48 590 12
414 590 12
590 641 8
448 590 12
440 591 11
591 655 9
498 591 10
99 591 13
132 591 10
583 592 11
282 592 13
325 592 8
592 705 10
158 592 11
189 593 12
23 593 11
319 593 8
88 593 7
588 593 6
218 594 11
287 594 9
265 594 8
366 594 11
39 594 10
429 595 12
111 595 11
595 657 10
595 684 10
88 596 10
596 624 12
244 596 14
316 596 13
597 637 9
597 668 11
560 597 10
80 597 10
42 597 9
597 744 12
598 644 9
456 598 8
163 598 11
262 598 12
598 660 9
126 599 10
599 701 12
599 731 12
477 599 10
599 686 13
220 600 13
317 600 7
87 600 10
586 600 11
172 601 9
151 601 11
422 601 8
81 601 14
601 714 8
156 602 10
602 615 12
182 602 12
216 603 12
603 692 9
64 603 11
184 603 14
312 603 9
206 604 12
91 604 11
398 604 8
178 604 11
605 657 15
599 605 8
59 605 12
385 605 15
30 606 9
606 676 9
276 606 11
290 606 11
308 606 7
607 617 11
143 607 6
105 607 12
162 607 11
608 731 12
220 608 12
154 608 7
402 608 10
287 609 12
92 609 12
568 609 10
96 609 7
295 610 8
610 634 10
610 630 10
65 610 11
610 655 9
598 611 11
50 611 9
190 611 11
181 611 9
466 611 12
324 612 13
547 612 9
355 612 14
206 612 11
457 612 8
39 612 8
0 612 9
390 613 10
550 613 12
462 613 9
77 613 11
482 613 11
434 613 10
182 613 11
147 614 6
234 614 7
417 614 10
316 614 10
44 614 13
137 615 9
175 615 8
615 712 10
613 615 14
168 615 11
76 615 9
297 616 12
575 616 10
603 616 7
549 616 9
125 617 13
617 650 11
617 741 15
194 617 11
32 617 12
265 618 10
12 618 11
99 618 10
537 619 6
276 619 11
401 619 12
43 619 9
349 620 8
377 620 7
115 620 12
264 620 13
617 620 15
410 621 13
445 621 8
621 676 15
621 745 7
296 621 9
260 621 9
225 621 14
105 622 12
414 622 12
371 622 9
334 622 14
269 622 13
69 622 11
623 664 11
409 623 11
402 623 9
163 623 11
579 623 11
548 624 10
378 624 9
624 675 7
624 642 13
40 624 11
267 625 9
400 625 10
182 625 10
196 625 11
213 626 12
285 626 10
92 626 13
477 626 13
627 691 10
179 627 11
624 627 10
118 627 12
368 627 13
628 733 11
438 628 11
386 628 9
109 628 10
41 628 10
628 705 11
188 629 11
345 629 10
336 629 12
38 629 11
545 629 8
495 629 10
630 674 11
569 630 10
6 630 10
307 630 10
309 631 8
422 631 9
438 631 13
1 631 12
330 632 13
465 632 12
473 632 11
632 669 9
598 632 6
477 632 12
481 633 12
342 633 13
590 633 11
138 633 10
110 633 11
90 634 10
544 634 13
13 634 11
515 634 8
426 634 11
278 635 11
394 635 8
635 704 8
76 635 12
183 635 9
635 728 11
414 636 11
636 713 8
165 636 8
268 636 13
101 636 8
384 637 13
10 637 12
35 637 11
525 637 13
199 637 10
359 637 12
429 638 10
434 638 8
445 638 11
246 638 9
350 638 11
58 639 11
109 639 12
628 639 11
583 639 12
96 639 11
640 700 12
640 653 11
640 727 11
528 640 10
179 640 13
125 641 14
455 641 10
315 641 8
173 641 9
230 642 11
434 642 13
547 642 8
626 643 9
183 643 8
155 643 10
502 643 7
643 680 9
607 643 10
353 643 11
536 644 10
22 644 13
644 682 11
32 645 8
587 645 9
120 645 11
87 645 12
128 645 14
16 646 9
378 646 11
436 646 15
136 646 12
145 646 11
72 646 9
647 712 10
547 647 8
647 703 10
31 647 10
40 647 9
132 647 12
648 694 12
603 648 12
331 648 9
382 648 11
272 648 9
649 651 10
321 649 9
329 649 7
605 650 9
113 650 9
40 650 8
421 650 7
494 650 9
342 650 13
364 651 12
351 651 14
37 651 10
50 651 11
197 651 11
253 652 13
234 652 11
118 652 11
144 652 11
635 652 10
463 653 12
341 653 12
373 653 6
301 653 11
57 653 11
651 653 11
197 654 13
453 654 13
383 654 10
601 654 15
12 654 8
337 655 11
175 655 10
589 655 16
531 655 12
251 655 9
655 711 13
445 656 6
656 689 9
503 656 8
94 656 6
287 656 11
656 659 14
199 657 11
109 657 11
457 657 13
507 657 11
286 657 9
558 657 14
634 658 11
160 658 11
419 658 10
476 658 13
625 658 8
12 659 10
41 659 8
588 659 11
404 659 12
530 660 13
356 660 9
387 660 11
512 660 12
610 660 9
534 661 10
661 728 8
230 661 9
269 661 12
30 661 16
662 702 11
434 662 13
662 678 9
662 703 9
493 662 11
302 663 12
614 663 10
337 663 12
387 663 11
324 663 11
391 663 13
537 664 9
188 664 11
513 664 12
637 664 12
52 664 11
404 665 14
61 665 9
457 665 7
641 665 11
134 665 7
548 665 9
666 691 15
216 666 9
214 666 11
531 666 8
292 667 12
301 667 10
271 667 8
667 669 11
134 668 12
105 668 10
308 668 6
71 669 11
486 669 12
661 669 11
182 669 11
606 669 8
3 670 11
205 670 11
564 670 10
356 670 9
372 670 9
348 671 11
286 671 11
465 671 12
414 671 14
349 671 11
352 671 10
320 672 14
256 672 13
78 672 9
510 672 10
601 673 8
669 673 11
673 749 14
66 673 11
343 673 11
27 673 13
235 674 13
90 674 10
282 674 10
674 744 14
292 674 10
218 674 13
58 674 12
319 675 9
324 675 9
493 675 12
543 675 14
487 675 9
222 676 9
537 676 11
508 676 11
91 676 9
395 677 9
167 677 15
390 677 10
396 677 8
397 677 10
678 716 12
493 678 12
1 678 11
678 737 12
678 681 14
541 678 9
346 679 11
112 679 7
679 694 10
544 679 12
47 679 13
365 679 11
400 680 12
384 680 12
653 680 12
631 680 14
624 680 11
456 681 10
664 681 13
669 681 9
22 681 13
39 682 11
365 682 11
124 682 11
32 682 11
664 682 11
96 683 10
18 683 10
117 683 11
384 683 8
618 684 7
80 684 12
268 684 14
127 684 11
684 724 11
84 684 13
509 685 10
665 685 10
22 685 10
350 685 9
70 685 11
664 686 10
368 686 8
672 686 10
238 686 7
252 686 11
75 687 11
288 687 12
245 687 10
456 687 9
388 688 14
366 688 8
104 688 8
404 688 12
271 688 10
443 688 7
37 689 8
647 689 8
58 689 9
425 689 10
451 689 11
564 690 12
246 690 14
423 691 7
66 691 11
267 691 13
91 691 10
480 691 12
683 691 11
664 692 14
371 692 10
47 692 11
324 692 10
341 693 13
47 693 6
693 749 10
290 693 10
143 693 10
551 694 9
371 694 9
694 723 9
203 694 11
287 694 11
362 695 9
473 695 11
565 695 11
84 695 11
434 695 13
301 695 7
428 696 10
275 696 13
672 696 9
73 696 14
608 697 9
87 697 9
307 697 15
677 698 11
121 698 11
14 698 11
557 698 11
97 698 11
259 698 12
555 699 13
320 699 8
400 699 9
176 699 10
410 699 9
31 700 10
700 741 12
140 700 9
360 701 8
355 701 13
84 701 8
502 701 12
583 702 14
323 702 10
379 702 14
221 702 12
703 707 8
679 703 10
644 703 9
290 703 8
691 703 9
525 704 14
236 704 7
531 704 8
99 704 13
266 705 11
542 705 10
391 705 10
133 705 9
605 705 14
360 706 9
534 706 9
345 706 8
87 706 11
623 706 16
510 707 9
655 707 9
162 707 7
644 707 11
34 707 13
671 708 13
321 708 10
198 708 8
422 708 13
404 708 11
456 709 9
300 709 8
709 746 12
339 709 10
369 709 10
625 709 11
237 710 11
354 710 9
608 710 13
17 710 13
87 710 10
421 710 10
56 711 13
620 711 9
300 711 12
315 711 9
452 711 8
184 711 12
644 712 10
622 712 14
640 712 9
201 712 12
596 712 9
421 712 10
667 713 12
366 713 9
671 713 12
380 713 9
376 714 8
198 714 10
194 714 10
380 714 11
294 714 13
336 714 13
338 715 13
660 715 13
632 715 13
545 715 10
134 715 4
662 715 11
323 715 11
437 716 12
591 716 9
173 716 6
162 716 10
406 716 12
429 716 11
313 717 8
332 717 11
205 717 13
338 717 10
164 717 8
561 717 13
402 718 12
31 718 10
677 718 8
318 718 9
527 718 9
539 719 11
91 719 9
119 719 7
212 719 10
355 720 8
368 720 13
594 720 14
513 721 11
425 721 9
462 721 13
235 721 14
710 721 10
91 722 9
423 722 12
108 722 8
348 723 13
550 723 12
602 723 12
0 723 11
672 724 8
212 724 9
539 724 14
319 724 11
412 724 10
325 725 15
220 725 10
310 725 10
80 725 12
254 726 13
351 726 12
539 727 9
703 727 7
551 727 10
613 727 12
302 728 10
728 740 12
668 728 11
562 728 5
305 728 12
497 728 11
502 728 12
533 729 11
23 729 9
587 729 9
729 739 12
730 737 7
578 730 10
507 730 14
303 730 11
645 730 11
335 730 9
269 731 12
678 731 11
385 731 8
684 731 10
40 731 11
178 732 10
555 732 11
501 732 11
23 733 11
574 733 10
551 733 10
667 733 13
578 733 10
495 734 11
345 734 10
30 734 13
176 734 10
141 735 9
245 735 11
697 735 10
395 735 8
349 735 10
356 736 14
142 736 12
355 736 9
331 736 9
422 736 8
644 737 10
285 737 8
531 737 11
76 737 9
122 738 10
485 738 5
583 738 13
658 738 9
403 738 10
57 739 14
139 739 10
246 739 9
546 739 10
450 739 10
226 739 10
574 739 6
349 740 10
590 740 12
218 740 14
239 740 9
264 740 9
324 741 13
272 741 11
680 741 11
641 741 12
633 741 7
194 742 10
200 742 11
259 742 7
258 743 9
111 743 9
539 743 11
734 744 10
542 744 9
744 745 11
396 745 12
460 745 12
491 745 12
715 745 11
259 745 13
625 746 13
242 746 9
368 746 12
207 746 15
459 746 11
402 746 11
97 747 11
215 747 13
153 747 10
367 747 13
339 748 9
559 748 12
162 748 9
164 748 7
68 748 12
548 748 11
149 749 13
70 749 10
92 749 7
389 749 13
