750
0
9
2
2
1
10
7
7
3
7
2
2
7
8
6
2
8
5
4
9
3
10
3
9
8
10
7
7
8
8
5
7
3
3
5
8
5
8
2
4
7
4
7
9
2
7
3
2
5
6
1
2
9
9
3
10
3
5
9
6
6
8
2
7
3
7
10
4
8
7
2
5
7
8
3
7
7
4
5
7
6
6
3
6
2
1
9
5
8
2
7
4
6
6
2
5
6
3
2
7
2
8
6
7
2
9
8
3
3
6
8
7
9
2
3
2
6
7
4
2
2
8
8
5
5
1
4
8
3
7
4
4
3
6
8
9
9
7
4
8
9
10
9
1
8
6
10
5
2
8
9
4
5
5
7
7
3
3
8
3
4
9
9
8
1
5
4
1
5
5
1
7
4
2
4
3
2
6
9
10
2
7
9
7
5
5
7
4
2
5
1
3
3
7
7
4
9
8
8
4
5
8
9
4
8
2
6
10
5
5
9
2
5
9
2
9
7
6
8
8
4
3
8
7
8
6
4
8
5
5
1
8
1
1
4
1
2
5
7
7
5
7
9
4
3
1
3
6
9
7
10
2
9
7
9
7
4
10
2
8
5
3
5
4
3
4
6
7
1
9
10
5
4
4
8
1
8
8
1
6
7
7
3
2
9
6
8
4
4
8
10
1
2
5
6
6
8
5
3
5
5
5
10
4
9
6
3
1
7
10
2
3
4
9
2
6
9
9
3
5
3
2
1
9
1
1
8
8
3
2
5
1
2
6
1
7
7
2
4
5
6
3
1
5
7
2
8
8
5
7
2
2
3
9
7
4
4
7
4
6
7
8
4
3
7
10
4
5
9
6
5
4
10
1
4
6
4
8
2
4
8
2
4
7
3
10
8
3
8
7
2
5
9
4
7
9
4
3
1
3
5
4
9
1
10
7
9
7
3
5
8
1
5
2
2
3
3
5
4
10
7
7
10
2
3
4
6
8
4
5
6
5
8
3
10
2
3
4
8
5
8
7
4
6
9
9
3
9
9
1
7
7
7
3
7
9
5
4
2
7
3
7
10
1
4
8
6
10
7
9
8
10
9
8
6
7
9
7
3
8
5
5
6
8
3
8
4
4
2
7
9
7
7
2
1
4
9
10
1
8
8
3
6
8
5
6
3
2
7
4
10
9
5
1
1
6
2
5
2
10
3
6
6
9
8
9
9
10
5
3
7
3
9
6
3
8
1
4
5
1
8
8
5
10
4
3
3
6
10
3
8
7
7
4
10
4
5
5
8
8
3
10
7
8
4
6
10
3
4
5
2
8
1
7
4
5
9
7
1
2
5
2
2
10
7
4
3
3
8
7
7
9
5
3
4
2
2
7
6
6
2
5
3
5
3
1
3
3
2
9
6
7
9
6
2
2
6
1
8
9
4
2
1
7
2
3
7
8
9
3
7
3
7
6
10
3
7
1
5
7
8
4
5
5
3
7
3
1
2
4
2
2
5
6
3
7
8
9
5
8
10
7
2
9
9
5
2
9
7
3
4
8
6
3
3
3
6
2
8
5
2
9
6
3
7
8
2
10
8
4
8
3
6
2
2
5
10
2
3
5
1
2
5
8
7
3
6
4
8
6
6
2
6
10
8
7
8
4
7
4
3
5
7
5
7
2
3
5
1
4
8
5
7
10
9
2
4
1
6
5
4
2
8
5
10
5
2
6
6
3
0 49 12
0 20 11
0 677 9
0 282 12
0 107 9
0 197 12
0 193 10
0 122 11
0 38 10
0 545 12
0 507 10
1 563 11
1 395 11
1 614 12
1 433 7
1 199 7
1 226 9
1 256 13
1 359 9
1 90 11
2 328 14
2 302 8
2 214 14
2 549 9
2 299 10
2 514 7
2 425 11
2 330 14
2 203 10
2 450 13
2 714 12
2 342 8
3 210 12
3 581 13
3 560 11
3 231 12
3 300 9
3 39 10
3 338 12
3 327 11
3 561 11
3 499 11
4 731 10
4 154 11
4 319 17
4 300 8
4 624 14
4 700 11
1 4 12
4 414 4
4 433 14
5 499 11
5 185 10
5 632 12
5 527 7
5 428 11
5 121 8
5 491 9
5 420 7
5 12 11
5 432 14
5 371 11
5 690 11
6 460 11
6 319 13
6 347 11
6 415 13
6 62 12
6 623 7
6 581 8
6 430 12
6 166 9
6 379 10
6 662 9
7 88 12
7 242 12
7 641 9
7 722 13
7 730 9
7 604 14
7 231 11
8 292 6
8 161 9
8 735 12
8 665 14
8 81 10
8 272 12
8 393 10
8 147 9
8 606 8
8 65 14
8 50 13
9 499 6
9 204 10
9 451 9
9 575 11
9 275 11
9 36 10
9 712 7
9 635 6
9 693 11
9 383 12
10 35 10
10 304 13
10 733 10
10 225 12
10 188 13
10 726 10
10 617 13
10 653 13
10 661 9
11 455 9
11 482 10
11 340 10
11 412 11
11 655 13
11 342 9
11 64 11
11 677 10
11 372 12
12 235 8
12 412 9
1 12 9
12 633 14
12 716 10
12 142 12
12 708 11
12 76 10
12 676 10
12 307 11
12 272 9
12 221 8
13 190 9
13 94 9
13 71 12
13 691 12
13 191 10
13 507 10
13 741 14
13 216 14
13 286 10
14 25 9
14 617 10
14 372 11
14 359 8
14 286 9
14 700 15
14 166 15
14 277 11
14 444 11
14 598 11
14 423 11
15 738 9
15 180 10
15 275 8
15 77 9
15 91 13
15 27 8
15 42 12
15 558 6
15 266 14
15 113 11
16 134 10
16 64 17
16 108 12
16 126 10
16 173 13
16 527 10
16 366 12
16 405 8
16 562 8
16 482 7
7 17 10
17 316 10
17 524 11
17 295 13
17 492 13
17 216 13
17 614 12
17 133 14
17 62 7
17 241 10
18 721 8
18 648 13
18 307 8
18 705 11
18 205 9
18 157 9
18 36 12
18 527 10
19 317 11
19 178 11
19 479 10
19 287 13
19 465 13
19 388 10
1 19 9
19 55 9
19 186 11
19 298 12
20 73 11
20 70 14
20 35 10
20 677 9
20 663 9
20 396 8
20 338 12
20 203 7
20 27 9
21 163 12
21 550 9
21 158 10
21 161 12
21 708 11
21 227 8
21 54 8
21 602 12
21 30 11
21 464 8
22 733 13
22 236 12
22 351 11
22 417 11
22 549 9
22 380 10
22 189 7
22 204 13
22 585 13
23 676 14
23 252 11
23 94 9
23 391 12
23 659 13
23 355 9
23 733 12
23 42 7
23 397 9
23 481 11
23 185 13
23 514 13
23 118 11
24 565 10
1 24 7
24 89 11
24 363 10
24 344 9
24 666 6
24 664 11
24 507 11
24 220 11
24 424 11
24 282 11
25 28 12
25 477 7
25 593 15
25 145 8
25 706 11
25 424 13
25 558 6
25 544 8
25 485 10
25 471 13
25 697 13
26 264 13
26 355 9
26 421 10
26 45 10
26 395 13
26 268 12
26 433 10
26 639 12
26 627 13
26 492 11
26 586 8
27 447 10
27 311 11
27 336 11
27 697 11
27 733 11
27 66 11
27 307 12
0 27 11
27 687 7
27 329 14
28 436 12
28 531 12
28 465 11
28 613 6
28 85 8
28 252 8
28 675 12
28 208 12
28 110 9
28 50 9
29 301 10
29 370 12
29 507 10
29 651 13
29 131 13
29 526 11
29 183 8
29 91 9
29 696 14
29 247 8
29 571 10
30 415 8
30 643 10
30 678 8
30 475 13
30 446 9
30 493 11
30 52 10
30 662 12
30 584 10
30 736 14
30 572 6
31 203 10
31 462 13
31 229 11
31 89 12
31 588 9
31 748 9
31 34 9
31 288 9
31 113 10
31 264 9
32 307 12
32 269 9
32 193 7
32 235 12
11 32 10
32 365 12
32 594 12
32 550 13
32 229 7
32 135 11
32 323 11
33 347 7
33 695 9
20 33 8
33 88 8
33 385 8
33 306 9
33 254 10
33 659 9
14 33 9
34 529 12
34 136 10
34 348 13
34 449 13
34 507 11
34 172 11
34 547 11
34 510 13
34 632 9
35 285 11
35 448 14
35 406 12
35 319 10
8 35 12
35 78 12
35 53 9
35 62 10
35 267 12
35 547 10
36 749 11
36 40 10
36 512 10
36 185 12
36 487 11
36 566 11
36 465 12
36 277 12
36 301 10
36 314 9
36 453 13
37 387 12
37 368 11
37 220 13
37 633 11
0 37 12
37 70 8
37 737 8
37 153 10
37 722 10
38 746 10
38 585 10
38 561 9
38 723 10
38 502 17
38 394 8
38 255 11
38 180 13
38 196 15
38 704 11
39 661 9
39 313 11
39 543 12
39 674 9
39 207 13
39 203 11
39 739 7
39 187 7
39 76 8
39 192 13
40 267 12
40 108 10
40 350 9
40 659 14
40 264 10
40 467 11
40 135 13
40 497 10
40 259 9
40 440 9
41 328 11
41 62 12
41 697 16
41 520 9
41 86 11
20 41 9
41 209 9
36 41 5
41 431 12
42 652 9
42 589 10
42 134 10
42 391 13
42 255 6
42 467 10
42 649 12
42 58 11
42 705 13
42 290 11
43 424 5
43 119 10
43 317 8
43 500 12
43 603 12
43 104 10
43 212 10
43 295 10
43 566 8
43 442 8
44 172 8
43 44 10
44 590 13
44 381 10
44 190 12
44 332 10
44 301 11
44 144 11
44 300 7
45 354 8
45 725 5
30 45 8
40 45 12
45 357 11
45 742 11
45 488 10
45 338 7
45 100 8
46 506 11
46 49 8
46 495 6
46 204 11
46 608 12
46 119 7
46 462 12
46 140 9
46 225 11
46 59 8
47 311 9
47 97 11
47 449 9
47 137 10
47 484 9
47 384 9
47 272 10
47 505 12
47 424 9
47 361 10
47 373 11
48 689 11
48 176 12
48 477 10
40 48 13
48 132 14
48 212 9
48 299 10
48 338 11
48 88 9
48 459 7
49 373 12
29 49 13
49 281 9
49 645 11
49 704 7
49 321 11
49 587 10
49 669 8
49 175 7
49 268 7
50 503 10
50 365 11
50 357 11
50 447 7
50 583 11
50 355 11
37 50 9
50 605 13
50 262 8
50 435 10
50 174 9
51 417 8
51 466 9
51 689 13
51 153 13
7 51 13
38 51 11
51 294 10
51 612 11
51 310 10
49 51 10
51 190 9
52 447 12
52 599 15
52 421 9
52 581 11
52 629 11
52 686 14
52 91 9
52 77 11
52 520 10
53 196 14
53 369 8
53 466 12
53 599 11
53 426 11
53 684 11
53 647 11
53 151 8
53 646 10
54 61 9
54 184 10
54 583 12
54 655 13
54 171 8
54 418 10
54 521 14
54 137 8
54 246 12
55 623 10
55 544 10
55 706 10
55 383 9
55 250 9
55 519 11
55 78 11
55 601 13
55 360 8
55 162 10
55 299 8
56 80 9
56 72 12
56 314 10
56 641 13
56 681 9
56 266 11
56 157 8
56 536 11
56 558 10
56 407 10
57 284 11
57 95 10
57 375 13
57 259 11
57 201 9
57 118 9
57 158 15
57 320 9
57 566 12
57 696 12
58 378 9
58 703 9
58 100 13
58 95 9
58 551 10
58 349 7
58 683 11
56 58 11
58 68 7
58 419 10
59 732 8
59 581 13
59 528 9
59 502 9
59 497 9
59 307 12
59 473 11
59 506 12
59 680 12
60 657 11
60 486 6
60 499 11
30 60 11
60 209 10
60 235 9
60 102 11
60 412 8
60 495 14
61 562 11
61 221 12
61 292 8
61 103 8
61 162 11
61 350 11
61 205 12
61 704 12
61 668 14
61 172 6
62 674 7
62 672 9
62 494 10
62 670 10
62 240 8
62 677 7
62 556 12
62 178 13
62 127 11
62 449 12
62 141 8
63 474 10
63 255 10
22 63 11
63 732 11
63 683 9
63 278 9
63 493 14
63 449 11
63 623 12
63 273 10
64 207 9
64 147 10
4 64 8
64 498 11
64 626 7
37 64 12
64 459 6
64 485 9
64 137 10
64 688 13
65 717 13
29 65 11
65 126 12
65 274 10
65 730 7
65 517 11
65 211 12
65 392 8
66 368 11
66 616 10
66 387 11
53 66 13
66 635 12
66 113 8
66 559 10
66 280 6
66 335 9
66 456 9
66 243 7
66 198 12
67 84 10
67 126 8
67 563 11
67 233 16
67 451 10
67 482 11
67 89 10
67 214 8
67 728 7
68 87 9
68 515 14
68 622 11
68 116 10
68 662 13
68 85 10
68 266 12
68 356 8
68 468 10
68 134 10
26 69 12
69 504 14
69 518 11
69 389 12
69 511 9
69 324 12
69 660 9
69 423 7
69 724 11
56 69 9
70 433 9
15 70 11
70 293 10
70 568 7
70 744 10
31 70 10
70 593 12
70 384 8
70 121 8
70 339 9
71 612 8
71 442 12
71 520 7
71 747 8
71 436 6
71 555 9
71 501 12
71 204 12
71 220 11
71 106 7
72 695 7
34 72 7
72 262 8
72 82 13
72 163 8
72 132 11
72 440 14
72 448 9
72 659 14
72 277 9
72 437 11
60 73 8
73 77 13
73 301 10
73 740 11
73 661 8
73 714 10
73 304 7
73 611 12
73 450 11
73 88 8
74 402 9
74 427 12
74 409 9
66 74 10
74 523 9
74 209 9
74 148 14
74 285 12
74 164 10
75 82 9
75 528 12
75 268 9
75 512 10
75 338 12
75 469 11
33 75 10
75 546 10
75 370 11
75 171 10
76 566 10
76 116 10
76 410 13
76 184 9
76 255 10
76 727 11
76 673 8
76 721 10
76 318 8
76 624 7
76 199 6
77 488 6
77 178 13
77 340 11
77 133 12
77 90 11
77 189 11
22 77 10
77 251 14
2 77 12
41 78 13
78 661 11
78 308 9
78 501 9
78 331 13
78 447 15
78 649 12
78 630 10
78 707 11
78 745 8
79 404 13
79 639 12
79 221 9
79 144 8
79 528 10
79 191 12
12 79 12
79 497 10
79 371 12
19 80 8
80 102 12
80 88 10
80 132 7
80 195 10
80 598 11
80 460 10
80 361 9
80 425 10
81 616 13
2 81 11
81 558 10
10 81 7
81 432 6
81 495 12
81 287 12
81 281 11
81 177 9
81 221 10
81 573 8
82 364 12
82 632 10
82 402 8
82 198 9
82 95 9
82 705 11
82 292 14
82 242 11
82 155 12
48 82 11
37 83 10
83 123 9
20 83 13
83 273 10
83 492 12
28 83 9
83 152 13
83 113 11
83 625 9
84 267 8
23 84 10
84 543 8
84 524 8
84 693 9
84 669 11
84 681 14
18 84 10
84 299 10
55 84 12
85 116 11
85 150 9
85 684 10
85 561 14
85 218 11
85 614 10
85 408 11
85 410 8
2 85 12
4 86 11
86 241 12
86 251 11
86 115 11
86 343 10
86 384 9
86 629 8
86 198 13
87 316 10
87 305 7
87 114 12
75 87 8
87 232 10
87 166 13
87 642 13
87 493 11
55 87 9
87 246 12
87 107 11
88 542 11
88 737 14
88 283 12
88 532 10
44 88 8
88 602 6
88 672 10
88 149 10
88 310 8
4 89 11
89 207 9
89 562 11
58 89 11
89 544 10
89 226 10
60 89 12
61 89 15
89 222 11
89 648 11
89 134 10
90 229 13
90 198 9
90 421 9
90 170 7
90 429 10
90 491 8
90 584 9
90 202 11
90 524 13
39 91 12
91 280 7
91 307 8
91 443 11
91 340 13
2 91 12
91 425 10
91 190 10
91 456 10
91 135 14
92 502 11
92 96 11
92 505 10
61 92 12
8 92 12
92 404 10
92 233 8
92 388 10
92 239 9
93 95 12
7 93 11
29 93 11
93 376 6
93 610 10
93 544 8
93 659 8
93 164 10
93 174 10
94 236 10
94 412 11
94 730 12
94 261 10
94 403 9
39 94 8
94 336 10
94 729 13
94 707 11
94 126 11
94 216 10
95 724 10
95 223 11
95 680 9
95 377 9
95 440 12
15 95 10
95 189 10
95 638 9
95 702 12
96 492 10
96 130 9
96 215 13
96 546 9
96 383 12
96 582 15
96 402 9
96 624 13
96 730 13
96 144 10
96 185 8
96 97 16
97 131 11
97 479 10
9 97 10
97 212 8
97 413 10
97 430 10
80 97 12
97 686 11
97 179 11
97 746 7
98 167 16
98 348 12
73 98 12
98 384 10
98 467 9
98 675 11
98 352 10
77 98 10
98 218 10
98 749 8
26 99 9
99 537 10
99 275 12
99 660 9
99 588 13
99 166 11
99 405 11
51 99 11
99 633 12
100 614 10
24 100 12
100 266 11
50 100 13
100 422 9
100 584 10
23 100 9
100 386 9
100 219 13
100 330 13
101 426 9
8 101 14
101 177 7
101 174 7
101 314 14
101 599 11
101 403 9
54 101 11
101 256 10
102 719 6
42 102 11
102 264 12
102 165 9
102 123 11
2 102 10
102 653 9
24 102 11
102 330 9
102 488 15
102 356 11
103 510 14
103 654 10
15 103 8
103 688 11
92 103 12
103 611 8
83 103 9
98 103 8
103 420 14
103 409 7
103 416 11
103 288 13
104 641 10
80 104 8
104 195 10
58 104 10
104 599 11
104 498 10
104 616 11
104 169 6
104 357 10
104 213 7
105 724 8
105 181 9
105 579 11
105 594 11
105 229 9
105 466 12
2 105 9
105 291 12
105 669 8
105 731 10
106 155 11
106 180 12
106 351 7
106 135 7
39 106 11
106 724 15
106 130 9
80 106 10
106 737 11
106 419 11
107 186 7
107 478 12
107 291 9
107 179 12
107 163 9
107 500 8
107 601 13
107 338 10
107 608 10
107 389 5
108 727 15
108 461 6
108 162 11
108 492 8
108 487 9
108 703 11
108 608 10
108 724 13
10 108 11
109 396 10
17 109 13
109 355 12
109 270 6
109 488 12
109 552 11
109 607 9
109 266 8
109 533 12
109 118 12
110 159 12
110 418 11
110 464 13
110 399 15
110 660 8
110 557 13
110 141 11
44 110 9
110 233 12
110 675 13
39 110 14
72 111 10
111 458 13
55 111 7
111 367 9
111 125 11
111 426 10
111 371 8
111 370 10
111 185 12
112 263 7
112 394 12
112 245 9
112 311 8
112 646 12
112 573 11
112 651 12
112 693 11
112 358 13
112 722 15
113 726 12
113 119 9
113 419 12
113 449 9
113 364 11
113 490 8
113 447 6
113 425 13
113 438 11
114 593 11
114 538 9
114 553 12
114 384 10
82 114 8
114 380 8
114 166 10
114 432 10
114 398 12
114 348 8
19 114 11
115 667 12
115 645 13
115 225 11
115 323 10
110 115 11
115 727 12
115 120 9
115 435 12
115 426 11
19 115 9
115 647 8
116 653 6
116 231 15
116 690 10
116 123 12
116 380 9
116 176 12
116 508 11
116 571 10
116 389 12
116 262 10
116 535 11
117 429 13
117 579 11
117 304 10
117 672 10
101 117 11
67 117 10
117 246 10
117 492 13
117 531 13
117 749 10
117 279 9
117 314 10
118 311 10
118 308 11
118 388 12
118 744 13
118 355 10
118 155 11
118 357 11
118 213 10
118 613 6
118 611 10
119 431 12
119 443 12
32 119 11
119 681 12
119 488 10
119 343 10
119 390 10
119 169 12
119 597 9
119 213 10
120 653 9
120 281 10
120 277 11
120 546 7
120 289 16
120 351 14
28 120 8
76 120 10
120 642 9
25 121 8
121 195 5
121 541 9
121 244 12
121 562 13
121 701 13
121 353 10
121 242 10
121 168 12
121 621 10
121 651 7
122 461 10
122 748 10
122 673 13
122 325 10
122 598 10
122 584 16
122 285 8
122 333 7
122 291 9
122 654 11
122 610 10
123 424 13
123 217 6
123 448 8
123 269 13
123 695 10
123 249 9
123 711 13
123 672 9
89 123 9
124 207 10
124 270 10
124 597 15
85 124 9
124 353 8
124 294 12
124 380 12
124 645 10
124 548 11
125 631 12
125 749 11
50 125 7
40 125 10
125 507 10
125 695 11
125 248 11
125 400 11
125 245 8
125 473 12
126 367 11
126 548 8
126 699 13
126 630 10
126 168 9
126 465 10
126 222 11
126 685 12
41 126 9
50 126 13
126 603 15
127 666 9
127 386 8
127 416 8
127 165 12
127 338 8
127 383 7
127 253 11
127 461 11
127 506 9
127 177 13
127 523 11
128 142 9
128 290 10
128 157 10
128 255 11
128 423 15
117 128 11
128 369 12
32 128 12
128 498 10
128 533 11
128 385 10
129 172 10
129 474 12
39 129 12
129 558 12
129 515 11
129 305 9
129 495 13
129 602 11
129 727 10
129 292 14
129 324 8
130 413 13
130 735 13
64 130 8
130 214 10
130 200 11
72 130 10
130 434 12
130 246 12
130 282 12
131 354 10
131 666 9
131 527 8
131 428 11
131 512 10
131 497 12
131 532 10
131 183 11
131 631 9
132 262 9
132 314 10
132 671 9
132 491 11
132 405 11
132 337 11
132 282 11
132 486 11
132 632 15
132 555 11
133 606 9
133 283 9
11 133 8
9 133 10
133 527 5
133 425 14
133 480 10
133 729 11
133 373 13
133 463 11
133 376 10
133 243 11
134 434 8
134 206 8
134 735 9
11 134 11
134 607 7
134 555 11
134 402 10
134 179 8
24 134 10
134 292 9
135 661 13
135 250 13
135 716 11
135 220 10
135 279 10
57 135 9
9 135 12
135 630 12
135 188 12
135 706 13
136 407 11
136 588 12
99 136 8
136 386 14
136 387 14
42 136 12
136 737 13
136 720 13
136 289 9
136 343 9
136 307 13
137 489 11
137 578 12
137 477 9
137 387 8
137 361 12
98 137 10
137 695 12
137 523 11
137 534 10
113 137 12
25 137 11
137 403 13
137 168 9
138 210 10
138 743 11
138 646 10
138 542 15
138 465 12
138 400 14
75 138 9
138 643 8
138 571 13
70 139 9
139 667 11
139 438 12
139 746 10
139 355 10
139 580 11
139 155 9
139 641 11
139 559 12
140 734 5
140 284 11
124 140 12
140 656 12
140 735 10
140 639 9
140 519 8
113 140 10
140 493 14
21 140 8
140 230 12
141 379 10
141 395 10
32 141 7
141 151 12
141 507 7
141 534 11
141 381 13
141 673 10
141 498 11
141 156 11
142 507 10
142 689 14
142 624 8
142 293 8
13 142 10
142 269 13
142 627 11
142 694 11
142 330 9
143 175 8
143 734 10
143 736 14
143 225 13
143 628 10
143 718 12
143 396 11
143 413 13
143 400 13
143 464 8
143 701 10
144 538 13
55 144 12
59 144 12
144 343 10
144 470 9
144 301 7
144 287 13
108 144 14
100 144 10
144 539 10
144 517 11
145 436 10
145 356 10
145 487 10
145 389 10
145 262 10
55 145 8
98 145 9
145 453 11
145 266 12
3 146 10
146 653 11
146 200 13
146 644 10
146 736 12
146 629 11
146 319 10
146 181 13
146 700 13
146 663 12
147 227 10
65 147 10
147 662 12
147 552 9
147 607 9
147 245 8
6 147 11
147 363 8
147 162 11
147 677 8
148 332 10
148 688 10
148 663 9
148 312 13
148 491 9
148 172 6
148 562 12
82 148 10
148 606 9
135 148 8
148 386 11
149 555 9
2 149 13
149 213 9
149 294 9
149 434 12
149 632 10
67 149 12
71 149 8
96 149 12
149 371 13
150 620 15
145 150 11
74 150 15
150 194 8
150 238 9
150 513 10
150 664 10
150 563 10
25 151 8
151 503 10
11 151 8
73 151 12
151 556 13
150 151 11
151 374 11
151 361 9
151 488 8
152 571 10
152 430 12
75 152 8
152 371 8
152 567 9
9 152 14
152 385 7
152 231 10
152 213 9
152 290 11
152 225 12
152 564 12
45 153 13
153 580 9
153 590 9
153 376 12
47 153 14
153 255 9
153 455 9
153 456 11
153 341 11
136 154 13
154 538 8
154 626 10
154 721 10
154 321 11
154 255 9
154 481 13
154 513 14
155 736 12
155 421 12
155 635 10
155 408 9
112 155 10
155 231 9
155 300 11
30 155 10
1 155 11
155 508 9
155 636 12
156 551 10
156 178 10
156 224 12
156 451 13
156 568 11
156 170 12
156 176 10
156 171 11
146 156 9
156 559 11
157 293 10
157 328 10
4 157 10
157 557 11
157 467 12
157 512 10
157 370 9
157 397 10
103 157 13
157 640 9
157 612 9
67 158 11
158 615 9
158 692 8
30 158 13
158 394 10
158 314 11
158 680 11
158 252 10
158 711 10
159 673 9
159 596 11
159 426 12
159 263 11
152 159 9
159 707 9
159 190 9
159 669 12
64 159 16
159 505 11
140 160 11
160 507 13
160 285 8
160 403 13
15 160 12
160 563 13
114 160 12
160 241 12
160 480 7
160 496 11
161 323 8
161 419 10
161 268 10
161 512 8
161 594 10
161 519 7
161 162 9
161 239 11
161 695 11
114 162 12
162 295 11
162 734 10
162 507 11
30 162 13
162 707 10
162 291 10
162 328 13
162 229 13
2 162 12
163 489 11
163 500 14
163 293 11
163 601 13
163 709 13
163 619 13
163 232 12
163 514 14
163 239 13
53 163 11
163 430 12
164 644 10
4 164 9
164 315 14
164 503 12
164 371 13
164 397 12
164 258 10
164 179 11
116 164 6
155 164 9
152 164 9
164 182 13
90 165 11
165 610 12
165 233 11
165 204 9
165 656 8
52 165 7
114 165 9
121 165 9
165 730 12
165 374 10
166 624 10
149 166 11
166 561 16
166 448 10
95 166 9
166 224 13
86 166 12
166 496 13
166 267 5
167 395 10
65 167 11
117 167 13
167 547 10
167 452 11
167 689 9
128 167 11
167 234 10
167 355 5
167 279 11
7 167 9
168 257 11
168 508 10
168 386 6
168 439 9
168 217 12
1 168 13
168 741 14
168 550 10
168 516 13
168 400 11
162 168 11
82 169 6
169 295 7
169 211 7
169 218 9
169 347 14
169 629 9
169 316 12
67 169 14
169 176 9
169 378 11
116 169 12
169 577 7
170 407 11
170 486 13
170 409 14
170 622 13
35 170 11
170 406 12
170 682 14
170 571 13
52 170 11
116 170 10
170 347 9
171 374 10
171 526 10
171 717 13
171 603 9
171 556 14
171 436 12
152 171 15
171 550 13
171 518 8
172 692 9
23 172 15
172 263 9
74 172 13
172 370 9
172 585 7
106 172 12
172 507 12
132 172 10
172 530 9
173 682 7
173 312 12
173 735 11
173 492 11
173 446 7
173 421 10
117 173 10
173 461 10
173 505 13
173 621 14
174 562 12
11 174 12
174 464 12
174 462 12
174 474 9
174 376 10
174 599 12
174 654 8
174 480 8
58 174 10
175 241 9
134 175 10
33 175 11
175 311 10
175 599 13
175 696 13
175 267 12
175 289 11
175 445 12
176 501 10
176 616 11
176 189 11
176 406 12
30 176 11
176 332 15
176 366 11
137 176 8
176 461 10
140 176 10
177 623 11
177 436 11
22 177 13
177 557 11
114 177 9
177 599 10
177 440 9
177 505 14
74 177 12
119 178 8
178 599 11
178 473 15
178 735 10
178 623 13
112 178 13
10 178 11
178 560 10
162 178 9
179 373 12
131 179 14
179 294 11
179 634 14
179 498 10
179 306 12
179 502 10
179 533 8
179 325 8
179 734 13
179 643 9
180 731 11
180 182 9
180 503 11
180 690 12
180 228 11
180 718 9
180 341 11
180 653 9
47 180 11
180 747 11
180 208 9
129 181 8
127 181 13
181 315 9
181 367 10
62 181 12
181 206 7
181 563 11
181 622 15
181 625 11
181 701 12
181 530 7
182 394 8
134 182 11
182 362 11
161 182 9
182 308 11
182 361 17
182 276 10
182 710 11
84 182 10
182 543 11
183 464 10
183 272 14
53 183 11
183 444 7
183 198 11
183 740 14
183 506 8
183 489 6
183 288 11
184 226 15
184 384 8
184 529 9
181 184 13
135 184 10
184 240 13
184 261 10
184 565 11
184 349 13
184 650 12
185 452 9
185 261 13
185 573 9
185 359 13
185 503 14
177 185 10
88 185 6
119 185 15
44 185 11
186 702 10
186 563 5
186 538 7
186 279 12
186 445 12
186 614 8
186 475 10
186 613 10
186 490 13
186 671 13
187 276 15
173 187 8
68 187 8
187 296 12
167 187 12
119 187 11
187 305 8
56 187 12
69 187 11
188 558 11
188 571 12
188 546 9
39 188 8
125 188 12
188 315 8
80 188 5
188 434 8
188 446 11
188 427 12
188 306 11
188 267 13
189 552 11
189 196 12
36 189 11
75 189 9
118 189 11
189 641 8
189 693 13
189 741 7
189 344 14
86 190 8
128 190 11
190 378 13
188 190 10
190 432 15
190 521 12
190 471 9
190 302 9
190 689 13
4 191 12
191 468 11
2 191 10
188 191 12
191 525 10
191 253 10
73 191 12
191 561 10
191 653 10
115 191 12
168 192 11
192 682 11
121 192 13
192 695 9
192 288 10
192 556 11
192 347 11
192 389 10
192 202 15
155 193 9
193 491 12
193 329 12
193 389 12
193 382 14
193 240 9
193 641 13
193 234 10
193 583 12
111 193 12
194 451 10
194 329 11
194 540 9
194 377 8
194 500 11
36 194 11
194 637 11
194 654 13
194 216 9
194 457 12
194 555 5
195 722 12
81 195 7
91 195 13
195 504 11
195 741 12
195 337 12
195 274 7
195 232 10
28 195 14
117 195 13
195 513 12
196 295 13
64 196 11
51 196 13
148 196 10
196 491 7
100 196 11
196 278 9
196 212 12
48 196 10
196 273 13
196 619 12
197 439 10
56 197 11
197 204 15
197 713 12
197 225 11
135 197 11
197 560 11
197 293 12
197 458 11
197 352 11
198 474 11
198 525 10
134 198 12
198 222 13
129 198 12
84 198 11
198 473 13
198 498 10
199 737 6
199 494 10
199 361 11
199 474 12
199 433 9
199 728 8
199 678 11
199 516 11
199 409 12
41 199 15
19 199 9
199 352 13
200 712 10
200 648 10
200 612 13
200 500 12
200 296 11
200 303 10
108 200 10
200 683 12
200 392 11
200 473 15
200 710 8
201 612 13
201 279 7
201 358 7
201 645 9
201 518 8
201 676 9
201 443 13
201 294 8
201 480 10
202 227 8
202 428 11
202 317 11
195 202 10
202 416 13
202 221 9
202 224 11
202 690 16
202 219 12
98 202 9
202 370 11
203 477 8
201 203 6
203 670 14
203 526 13
203 430 12
154 203 10
203 328 9
203 351 13
204 523 12
204 208 12
204 319 9
115 204 8
204 397 10
204 713 12
204 464 13
204 341 13
204 659 9
204 627 10
204 723 12
205 701 8
205 533 10
205 459 8
205 365 10
205 465 7
205 415 13
205 697 8
205 560 11
205 436 5
205 293 11
205 637 11
206 338 7
206 545 9
206 514 11
107 206 8
135 206 8
206 652 10
129 206 10
206 722 14
41 207 13
207 253 10
207 481 10
61 207 13
23 207 10
207 242 12
207 329 8
102 207 11
207 420 9
207 534 9
208 469 6
208 230 14
208 592 12
208 575 10
208 430 12
208 668 11
208 250 13
208 568 12
208 395 11
149 208 11
209 362 10
209 274 10
80 209 10
209 594 12
209 233 13
209 237 10
61 209 10
209 702 8
7 209 10
159 210 8
26 210 6
210 278 9
20 210 12
210 566 10
210 351 10
129 210 11
210 614 8
210 466 12
211 515 10
211 719 10
211 523 10
211 384 9
83 211 8
211 435 10
54 211 9
160 211 10
211 467 11
211 526 10
212 698 10
31 212 10
212 488 9
141 212 12
170 212 13
212 708 9
212 236 7
212 410 11
212 274 11
212 399 11
43 213 12
213 746 7
81 213 14
213 663 12
89 213 7
213 692 7
213 620 12
213 478 12
213 289 13
213 464 13
213 460 13
214 633 12
214 740 8
73 214 11
52 214 11
214 491 10
214 378 11
134 214 12
214 664 14
214 711 8
215 528 12
215 229 11
215 678 13
215 399 12
215 499 14
215 287 7
215 717 8
100 215 11
39 215 8
8 216 11
152 216 11
84 216 9
216 706 8
216 442 8
216 452 12
216 524 14
216 623 10
216 444 10
216 659 8
216 373 8
216 686 13
217 647 11
217 508 9
141 217 9
217 421 9
217 539 12
110 217 12
217 745 11
217 281 13
217 253 11
217 486 9
217 463 13
0 218 8
218 504 11
218 303 9
184 218 11
218 611 10
218 500 11
67 218 8
218 304 13
158 218 14
24 218 10
218 371 11
174 219 11
219 372 11
219 724 12
219 630 9
219 723 5
219 222 10
219 744 12
219 243 9
219 563 13
219 649 9
220 497 11
220 566 13
220 488 12
220 504 10
220 665 6
139 220 11
220 552 8
220 421 14
221 425 13
221 561 7
107 221 11
221 269 14
193 221 13
112 221 10
221 544 13
221 479 13
20 221 7
78 221 10
222 548 12
222 333 13
222 330 12
222 594 9
222 479 12
222 309 11
222 421 11
222 426 7
221 223 9
47 223 12
223 738 13
73 223 8
223 403 6
223 425 13
223 744 9
223 361 13
223 740 8
224 390 12
219 224 8
0 224 12
224 631 8
224 526 9
224 500 12
224 512 9
224 606 9
224 696 9
224 225 11
225 478 8
225 646 14
180 225 9
225 316 6
225 627 10
225 529 9
225 647 12
83 225 10
188 226 8
226 350 10
226 681 9
226 230 12
226 424 9
226 293 11
226 468 11
226 475 11
226 672 10
87 226 8
226 653 12
226 340 11
227 636 9
227 515 7
227 265 11
100 227 9
227 362 12
227 458 10
227 600 10
227 733 12
227 280 12
227 493 9
227 676 10
228 371 8
117 228 9
19 228 10
165 228 9
143 228 11
84 228 13
228 450 8
107 228 12
228 297 10
228 474 11
223 228 11
110 229 11
229 668 7
9 229 12
74 229 11
152 229 9
168 229 9
229 714 12
229 420 12
229 443 12
229 453 10
229 379 10
230 241 13
230 533 10
58 230 8
230 601 9
223 230 11
230 587 13
230 553 9
230 743 11
230 566 10
230 728 8
230 585 9
172 231 11
138 231 11
231 259 12
231 639 8
231 703 9
231 447 7
231 506 7
48 231 12
231 240 9
184 231 7
232 565 8
232 699 8
133 232 9
232 247 11
157 232 14
232 650 12
201 232 13
232 617 10
232 339 10
53 232 10
181 232 7
233 307 9
230 233 8
124 233 11
233 618 9
233 681 14
182 233 15
198 233 9
233 364 10
233 486 13
233 504 7
234 340 7
104 234 12
97 234 14
234 344 9
102 234 12
234 462 9
234 538 10
189 234 10
234 338 7
234 290 7
235 239 9
235 556 10
235 546 7
235 435 13
235 361 12
235 664 13
235 416 10
235 473 8
235 706 10
48 235 13
235 643 10
236 617 12
178 236 10
236 711 8
236 568 10
236 582 14
236 510 13
236 680 9
236 551 10
236 468 8
236 477 13
237 391 14
237 250 10
237 342 12
237 592 9
237 576 9
217 237 10
237 343 10
149 237 8
237 331 15
180 237 11
237 481 10
238 731 13
225 238 9
238 412 7
238 648 8
238 348 15
76 238 12
238 619 13
203 238 11
94 238 9
239 615 10
165 239 12
239 649 11
164 239 9
131 239 13
239 507 9
167 239 8
61 239 15
93 239 12
239 385 10
240 709 7
240 487 11
115 240 9
240 548 9
240 481 10
240 538 8
46 240 6
240 300 13
240 246 11
24 240 8
195 241 8
241 308 11
241 367 12
241 459 10
61 241 11
241 255 9
241 384 8
143 241 12
125 241 12
223 242 8
242 639 11
242 282 9
242 565 10
41 242 9
242 302 13
133 242 8
242 355 8
242 412 8
242 333 7
242 653 7
242 414 10
74 243 10
216 243 12
243 603 11
243 535 11
243 313 8
243 249 11
243 633 13
243 737 13
243 623 9
243 627 10
243 375 12
244 680 13
244 664 15
244 612 16
244 673 9
244 418 12
244 387 12
5 244 10
244 604 14
244 694 11
159 244 10
245 249 11
60 245 11
151 245 8
245 624 11
245 349 10
245 707 6
245 573 9
196 245 11
61 245 10
134 245 8
245 618 10
246 525 9
246 459 12
246 675 10
246 286 10
246 430 8
246 599 11
225 246 14
246 605 12
46 246 10
161 246 7
246 380 8
105 247 7
36 247 13
218 247 12
247 742 7
247 654 9
247 411 14
247 356 14
70 247 11
247 682 12
222 248 10
248 417 11
248 728 10
248 410 14
248 378 14
38 248 10
234 248 11
197 248 9
191 248 13
248 627 11
249 495 13
249 400 14
153 249 9
249 368 10
249 344 10
249 710 9
128 249 9
249 409 10
164 249 10
250 280 10
64 250 10
0 250 11
250 501 9
97 250 11
250 725 11
170 250 12
250 303 11
250 639 9
251 357 9
251 558 9
251 328 9
251 686 12
251 588 10
251 616 8
251 344 11
251 384 9
251 553 13
251 439 10
252 402 13
252 544 5
123 252 10
195 252 13
146 252 10
252 617 15
193 252 8
252 514 8
252 405 8
122 253 13
161 253 12
253 416 12
100 253 10
253 623 7
130 253 13
253 301 12
253 410 10
253 629 14
101 253 12
253 673 13
213 254 15
254 580 13
254 448 9
251 254 11
254 452 13
254 433 8
254 661 13
254 424 13
254 740 10
17 254 10
254 302 10
254 485 8
255 303 11
255 366 10
255 593 13
30 255 11
255 357 11
255 323 9
201 255 11
255 722 10
255 537 9
255 291 10
164 255 7
225 256 12
148 256 8
256 719 11
256 731 12
256 618 12
256 606 10
256 610 8
256 464 9
256 260 12
256 264 10
256 340 12
257 542 11
153 257 14
257 741 11
257 563 11
257 619 9
257 360 9
257 358 10
179 257 11
257 715 10
257 634 8
258 662 14
258 472 11
258 388 12
258 581 10
257 258 9
258 613 12
258 684 9
258 266 10
258 341 12
258 694 10
79 259 10
28 259 11
259 382 12
259 397 15
191 259 13
259 729 15
259 537 8
259 362 8
259 734 9
89 259 6
52 259 12
36 260 7
260 668 9
260 557 9
118 260 14
2 260 11
260 658 10
189 260 12
42 260 13
91 260 14
260 456 10
260 581 8
28 261 12
261 726 11
261 277 13
261 736 9
261 456 11
261 313 13
261 342 8
261 738 11
71 261 12
258 262 11
262 296 8
262 646 12
262 568 8
166 262 10
262 577 13
262 476 10
262 414 10
262 369 12
262 297 6
262 576 10
262 650 11
262 462 12
263 628 16
263 632 9
263 684 12
49 263 8
64 263 9
11 263 11
136 263 7
263 492 10
1 263 9
40 263 12
263 563 11
101 263 8
264 615 9
151 264 9
264 453 11
264 341 9
4 264 10
264 325 13
264 714 11
264 640 12
264 275 13
264 366 8
265 679 8
265 301 11
83 265 12
86 265 11
239 265 10
228 265 10
265 445 9
76 265 8
265 635 11
265 638 13
266 711 12
240 266 12
266 312 12
266 436 8
266 681 12
266 691 11
122 266 11
266 373 7
266 295 8
72 266 12
241 267 11
85 267 12
226 267 9
267 303 8
33 267 8
237 267 10
267 524 10
75 267 10
38 267 10
267 357 8
83 267 11
267 523 12
268 325 10
268 647 10
260 268 12
268 629 11
268 720 9
32 268 8
268 311 10
268 278 11
268 639 10
200 269 9
269 684 10
197 269 12
269 271 13
269 689 10
60 269 13
247 269 9
35 269 11
269 388 9
269 743 11
269 368 9
26 270 7
270 690 10
270 640 13
175 270 10
52 270 11
270 484 10
270 328 12
78 270 12
270 477 11
270 587 11
271 337 11
189 271 8
133 271 10
271 694 8
235 271 12
271 457 13
271 459 13
271 587 8
177 271 11
271 571 8
7 272 7
272 593 6
51 272 13
112 272 8
272 501 13
199 272 12
272 554 10
148 272 11
272 396 5
273 523 13
187 273 7
273 415 11
273 541 9
70 273 11
273 361 12
273 433 10
273 373 10
158 273 11
273 571 9
274 480 8
274 629 12
274 676 10
274 463 8
12 274 6
274 281 10
99 274 13
274 385 8
121 274 10
274 658 8
275 408 13
17 275 8
275 445 9
68 275 9
275 450 13
275 282 10
275 498 14
275 694 14
275 541 13
275 583 10
172 276 11
276 619 10
39 276 10
276 702 13
276 510 7
276 289 10
276 343 8
276 477 6
102 276 6
37 276 8
123 277 13
277 723 13
25 277 11
277 557 11
118 277 12
193 277 9
277 325 10
277 615 13
66 277 10
278 677 10
278 313 6
278 511 10
278 290 12
278 555 12
278 534 9
278 498 12
278 408 10
183 278 11
1 278 12
279 297 12
279 448 11
175 279 8
279 291 10
279 624 11
50 279 8
129 279 8
279 689 10
265 279 10
279 390 6
280 355 12
280 653 8
162 280 15
280 620 7
3 280 10
280 666 9
280 411 13
141 280 11
99 280 12
83 280 11
280 661 13
36 281 10
281 289 7
281 318 9
208 281 10
281 673 9
281 745 10
281 391 12
279 281 11
281 301 12
281 567 16
281 317 12
282 504 13
282 529 8
191 282 11
282 715 12
99 282 9
129 282 11
282 463 10
282 623 9
57 282 11
270 282 15
266 282 11
283 691 9
258 283 12
283 454 12
146 283 7
283 330 7
283 624 9
283 715 7
283 366 10
283 503 13
77 283 10
283 696 11
284 560 13
284 567 11
284 611 13
146 284 10
185 284 11
284 317 12
284 445 8
284 691 13
234 284 10
284 417 10
285 366 7
84 285 10
285 374 9
257 285 10
285 411 13
176 285 11
255 285 13
29 285 10
27 285 11
285 613 13
286 335 12
286 378 11
286 345 11
159 286 12
206 286 12
286 331 12
286 434 12
109 286 13
64 286 9
54 286 11
286 734 13
287 437 14
112 287 14
287 542 11
203 287 11
287 536 10
287 390 7
287 512 9
287 588 13
106 287 9
287 460 11
194 287 11
287 339 15
288 698 9
288 555 8
16 288 7
131 288 9
288 654 10
288 444 9
278 288 9
288 590 11
208 289 9
289 614 10
289 686 9
289 523 14
186 289 11
193 289 12
102 289 11
38 289 6
289 495 13
290 547 10
290 426 11
108 290 12
290 591 8
290 647 11
290 508 10
290 716 13
290 320 7
290 396 8
64 290 10
291 659 11
291 476 14
291 404 11
291 595 12
291 567 7
106 291 8
291 318 10
291 427 11
291 704 12
291 675 10
130 291 8
291 379 10
292 472 13
292 443 10
146 292 12
292 642 10
217 292 9
292 314 12
292 503 11
292 294 10
69 292 10
292 650 7
293 507 7
180 293 9
293 594 9
293 728 13
146 293 11
293 339 10
293 488 10
293 550 12
25 293 11
293 423 7
21 293 9
294 537 9
134 294 9
98 294 12
294 598 11
294 354 11
28 294 13
67 294 12
294 517 10
294 624 14
295 553 11
295 389 6
12 295 12
224 295 9
44 295 10
295 332 11
203 295 9
295 405 10
295 519 11
106 295 13
94 296 8
267 296 8
296 412 10
79 296 8
296 502 9
296 640 15
296 697 14
296 728 11
297 317 8
297 420 11
297 545 9
141 297 8
297 356 9
134 297 9
203 297 12
297 662 13
297 685 9
95 297 10
298 728 8
298 311 13
298 666 11
298 630 13
298 347 12
263 298 14
298 688 13
298 460 11
298 437 10
299 576 13
149 299 12
299 344 9
299 692 8
299 638 7
299 583 10
247 299 10
255 299 12
299 747 12
299 457 11
299 716 9
300 424 8
250 300 10
300 640 8
157 300 7
300 729 13
103 300 13
214 300 11
300 346 11
301 487 14
301 417 12
77 301 13
301 320 9
301 529 8
301 483 9
248 301 9
301 419 12
251 301 6
302 697 12
302 352 9
227 302 8
302 331 9
302 556 10
239 302 13
276 302 11
302 360 11
13 302 8
302 657 12
96 302 13
303 727 12
140 303 11
20 303 15
211 303 13
6 303 10
303 515 11
130 303 15
303 444 10
39 303 14
303 647 7
303 445 12
304 333 12
304 384 13
6 304 10
304 734 9
128 304 7
304 504 11
278 304 10
304 413 11
304 505 16
304 668 13
305 393 11
73 305 8
163 305 11
305 587 12
305 693 13
305 509 10
305 554 14
305 746 10
242 305 11
305 707 13
305 339 12
161 306 9
243 306 11
306 745 12
306 649 13
306 399 13
306 632 10
60 306 10
306 391 11
84 306 15
306 411 8
200 306 13
94 306 9
126 307 8
195 307 10
307 608 11
307 359 8
277 307 14
38 307 11
307 612 10
307 393 9
307 472 11
307 511 14
307 535 14
307 352 9
308 564 17
124 308 7
308 559 9
142 308 9
18 308 11
308 454 13
308 386 12
308 743 9
248 308 8
308 516 14
309 667 13
167 309 15
309 649 10
17 309 13
309 645 13
309 327 14
309 331 12
233 309 10
309 723 16
252 309 10
211 310 9
310 734 13
209 310 7
310 700 11
113 310 10
310 515 10
310 378 10
310 652 12
310 542 10
310 697 15
311 610 11
311 702 10
16 311 10
311 314 11
293 311 10
52 311 11
174 311 10
232 311 11
311 508 11
312 426 9
254 312 11
4 312 12
275 312 12
312 505 9
312 431 6
259 312 8
288 312 12
312 630 14
313 612 11
313 520 14
313 545 15
168 313 12
313 511 13
313 673 10
134 313 12
313 606 11
313 365 10
313 661 12
314 584 13
314 620 14
314 624 11
314 482 9
314 588 7
314 660 11
314 320 10
314 715 14
235 314 12
314 653 9
314 676 11
34 315 11
49 315 9
33 315 9
101 315 13
315 322 13
224 315 12
128 315 11
315 526 10
316 489 10
301 316 9
112 316 10
95 316 10
24 316 11
316 486 8
316 408 10
272 316 13
316 744 13
316 461 8
110 316 10
317 564 12
317 608 9
317 630 11
317 622 9
317 748 9
317 681 14
317 722 8
165 317 8
317 322 9
209 317 12
318 321 10
229 318 7
311 318 10
318 652 12
318 684 9
217 318 12
202 318 12
318 535 12
64 318 10
319 428 8
319 544 11
51 319 14
138 319 10
303 319 11
151 319 9
319 676 13
319 568 9
320 543 14
229 320 16
177 320 11
254 320 10
320 485 11
115 320 12
320 465 10
320 471 8
320 749 7
226 320 11
321 531 14
321 431 11
10 321 10
214 321 10
321 386 12
203 321 8
321 584 13
141 321 13
145 321 11
313 322 7
322 536 7
322 505 10
322 326 10
184 322 13
101 322 10
93 322 12
309 322 9
253 322 12
13 322 10
281 322 10
323 632 7
323 625 11
323 345 11
260 323 12
235 323 9
323 531 10
323 666 9
266 323 8
323 636 15
324 699 11
181 324 13
179 324 10
324 723 10
291 324 10
324 467 12
324 532 11
324 643 7
324 728 15
324 430 9
324 357 11
324 583 10
172 325 8
325 573 9
150 325 11
22 325 10
325 498 11
325 356 10
325 570 11
50 325 12
54 325 8
326 474 10
326 703 8
235 326 11
326 405 10
36 326 9
13 326 13
195 326 11
168 326 12
326 475 14
252 326 6
327 677 10
17 327 15
327 630 13
242 327 12
327 399 10
38 327 13
39 327 11
327 454 12
297 327 8
260 328 11
68 328 9
328 453 12
117 328 12
237 328 17
328 610 11
212 328 10
328 400 11
328 580 13
34 328 10
195 329 9
49 329 13
198 329 12
329 749 12
311 329 13
329 719 7
329 536 6
329 550 12
322 329 11
329 721 12
329 381 12
330 417 9
330 649 9
330 548 8
330 571 11
324 330 8
67 330 9
278 330 10
330 740 10
330 543 11
330 372 9
330 679 11
250 331 10
331 693 11
223 331 8
7 331 10
331 427 11
331 609 11
20 331 8
105 331 9
65 331 13
331 588 11
331 419 10
332 588 12
332 341 12
92 332 10
332 627 8
244 332 12
332 586 11
332 374 12
332 460 13
111 332 9
333 691 11
333 440 10
276 333 10
333 710 9
333 488 9
245 333 11
250 333 12
39 333 6
333 372 11
203 333 10
334 642 13
334 566 10
334 521 13
276 334 12
19 334 9
334 483 9
334 463 12
237 334 13
334 470 12
335 439 12
335 547 9
112 335 11
329 335 8
147 335 13
335 727 8
335 503 11
336 470 10
307 336 13
125 336 7
213 336 11
251 336 10
336 710 11
336 415 10
336 585 9
195 336 10
336 665 10
313 337 12
337 712 11
337 563 10
337 741 12
337 481 12
335 337 7
337 502 13
178 337 10
337 521 9
268 337 9
94 337 11
337 572 8
338 688 9
69 338 11
208 338 10
338 604 8
249 338 9
190 338 13
279 338 11
338 585 13
124 338 10
6 339 8
339 545 9
339 486 8
121 339 11
339 684 15
339 710 14
339 526 11
46 339 14
75 339 12
310 339 12
39 340 9
276 340 14
340 611 10
340 466 11
194 340 9
340 477 13
340 406 13
258 340 10
310 340 11
127 341 9
341 420 10
341 551 9
168 341 9
120 341 11
341 643 9
341 749 15
189 341 12
341 381 13
341 712 12
341 573 8
342 704 10
342 383 10
177 342 9
301 342 9
189 342 13
342 556 9
72 342 9
342 417 10
121 343 12
343 624 10
343 744 8
343 424 10
343 394 10
343 578 12
343 687 10
319 343 10
343 538 11
336 344 10
93 344 10
63 344 12
344 476 10
138 344 8
174 344 8
75 344 15
209 344 13
344 682 11
78 344 11
330 345 9
134 345 10
345 518 13
345 649 11
345 500 13
345 687 8
71 345 7
345 451 12
263 345 10
346 624 9
346 495 9
225 346 9
34 346 11
346 611 13
346 518 16
224 346 12
346 493 14
252 347 12
347 612 12
347 690 14
302 347 10
347 463 9
347 668 9
347 476 11
347 404 10
348 487 9
181 348 11
235 348 9
179 348 10
33 348 8
348 452 11
348 726 11
164 348 13
348 506 16
348 419 13
92 348 9
322 349 13
349 497 10
349 409 13
349 602 11
284 349 9
349 422 14
38 349 14
269 349 14
349 554 9
183 349 10
349 404 12
350 669 11
350 354 11
88 350 14
127 350 10
144 350 12
350 676 9
152 350 11
12 350 13
350 373 9
214 350 13
351 491 10
351 425 10
124 351 11
246 351 7
191 351 12
351 449 8
251 351 13
86 351 8
352 578 8
295 352 10
63 352 9
352 458 11
254 352 11
352 507 12
352 420 12
352 409 10
218 352 7
28 352 10
352 556 9
99 353 7
342 353 10
59 353 9
45 353 9
4 353 10
353 673 11
277 353 10
317 353 8
353 546 14
93 353 14
238 354 10
67 354 9
143 354 12
264 354 10
354 586 13
202 354 13
207 354 13
354 541 8
354 637 14
150 355 9
355 415 13
355 656 10
355 437 11
355 390 8
166 355 10
355 487 14
355 677 9
355 552 11
31 355 11
295 355 13
101 356 13
356 599 13
356 398 11
35 356 7
150 356 13
356 360 13
356 482 8
99 356 7
293 356 11
356 530 10
221 357 9
266 357 13
357 566 10
145 357 14
1 357 8
357 713 12
111 357 11
190 357 8
254 357 11
357 594 12
169 357 10
229 358 12
36 358 7
358 366 12
334 358 9
358 492 10
358 698 8
28 358 10
346 358 8
174 358 10
358 671 9
358 425 8
359 533 10
359 465 11
319 359 12
359 489 9
294 359 10
359 519 16
127 359 11
359 476 9
359 718 13
231 359 10
139 359 12
311 359 12
360 657 10
360 387 13
360 661 5
244 360 9
200 360 10
104 360 14
360 541 8
162 360 9
360 422 11
83 360 7
361 608 13
217 361 9
361 471 13
157 361 9
254 361 7
361 498 11
57 361 11
361 429 11
361 630 10
361 515 8
361 631 7
75 362 12
356 362 10
53 362 13
96 362 7
320 362 12
362 380 13
362 508 10
337 362 12
201 362 13
226 362 11
249 362 11
363 662 12
363 375 9
363 679 10
363 625 10
363 731 10
363 406 13
363 437 11
30 363 10
7 363 13
363 628 12
364 442 7
166 364 11
115 364 12
305 364 13
364 612 13
125 364 9
8 364 10
364 706 11
335 364 11
19 365 11
48 365 9
365 658 14
365 641 13
365 406 12
285 365 12
365 369 9
365 367 11
365 579 10
365 621 13
365 660 11
117 366 11
366 454 11
221 366 11
366 536 11
366 614 13
366 566 12
44 366 12
366 524 10
366 484 10
296 367 12
367 595 11
367 641 9
367 565 11
367 411 12
289 367 7
367 648 12
317 367 13
247 367 9
367 515 11
367 543 10
144 368 11
1 368 8
16 368 11
368 407 10
368 656 10
237 368 12
241 368 15
301 368 8
103 368 12
369 516 12
260 369 11
369 525 12
167 369 11
369 690 14
199 369 11
295 369 9
37 369 12
369 408 12
369 402 12
280 370 12
370 706 10
362 370 8
183 370 12
141 370 9
284 370 9
319 370 10
370 674 12
370 678 12
282 370 6
19 370 11
371 733 10
239 371 8
371 591 11
230 371 8
301 371 12
371 520 14
371 540 8
371 542 11
371 398 6
371 474 9
371 397 11
64 372 11
372 630 10
173 372 10
372 526 11
346 372 8
372 530 10
372 701 8
372 479 6
305 372 12
373 692 7
191 373 8
352 373 11
14 373 13
32 373 10
373 744 13
160 373 10
121 373 12
89 373 10
373 437 12
374 601 9
183 374 11
195 374 7
49 374 9
374 595 11
374 463 7
366 374 9
137 374 11
374 694 11
200 375 9
375 410 8
375 572 13
375 403 11
375 393 9
129 375 10
375 737 10
245 375 9
375 622 13
182 376 12
214 376 11
278 376 11
376 583 9
376 704 12
376 483 7
376 524 11
376 546 12
147 376 11
303 376 11
377 411 13
377 595 7
377 635 9
50 377 9
239 377 10
185 377 10
377 426 10
282 377 9
42 377 13
144 377 11
363 378 9
378 482 9
378 688 10
378 607 8
378 585 12
378 569 9
112 378 9
212 378 13
378 696 9
379 514 10
379 612 9
62 379 14
66 379 10
379 491 9
379 658 14
74 379 11
276 379 9
249 379 8
379 585 9
380 565 13
380 705 8
380 715 11
380 729 7
380 458 14
50 380 8
380 606 11
232 380 13
236 380 14
381 546 16
265 381 10
381 540 11
381 473 13
98 381 9
381 713 13
122 381 6
134 381 10
257 381 14
380 381 10
382 640 11
264 382 10
382 531 12
339 382 15
382 699 10
241 382 11
245 382 6
382 521 13
196 382 14
382 673 13
83 383 10
291 383 10
255 383 10
383 441 13
313 383 10
277 383 13
304 383 13
383 692 14
109 383 11
359 383 10
384 447 10
77 384 14
384 710 10
57 384 10
307 384 8
384 441 11
255 384 13
384 569 11
384 611 8
373 384 11
245 385 8
385 523 9
359 385 10
385 632 10
124 385 12
385 739 13
96 385 12
385 716 8
385 501 9
270 385 13
386 720 12
274 386 13
386 404 12
10 386 12
210 386 8
386 687 10
296 386 10
386 482 8
112 386 8
386 702 11
300 386 7
387 392 11
356 387 10
387 505 10
94 387 10
270 387 9
387 619 11
382 387 12
179 387 12
38 387 7
387 474 11
62 388 9
388 486 9
388 462 11
388 445 10
56 388 10
51 388 12
388 629 13
61 388 11
262 388 6
388 625 7
389 676 12
389 715 7
248 389 11
389 546 9
273 389 10
389 707 7
212 389 11
389 426 12
47 389 10
389 575 14
304 389 6
137 389 5
117 390 13
169 390 9
390 519 12
390 462 14
166 390 10
390 709 12
370 390 10
253 390 12
390 490 13
93 390 8
391 534 12
391 451 11
10 391 9
51 391 9
364 391 7
98 391 10
122 391 8
211 391 9
391 501 7
391 406 8
392 658 11
228 392 9
361 392 10
392 526 11
392 425 11
252 392 11
262 392 9
392 520 9
392 462 12
113 392 10
291 392 6
393 661 7
184 393 11
393 689 8
393 406 10
393 653 10
247 393 11
298 393 9
267 393 10
115 393 12
393 519 7
394 622 11
394 580 8
394 426 13
201 394 9
394 549 12
214 394 13
138 394 10
170 394 12
110 394 10
395 672 8
395 654 13
395 551 10
38 395 7
395 426 13
395 746 9
346 395 9
395 593 8
227 395 9
395 574 13
134 396 15
148 396 10
107 396 14
325 396 9
396 564 11
396 549 14
25 396 10
129 396 13
171 396 11
21 397 9
364 397 9
397 413 8
107 397 14
397 674 14
397 471 11
133 397 12
72 397 9
51 397 14
256 397 12
398 718 13
398 399 13
309 398 9
42 398 9
284 398 11
398 747 11
398 670 12
78 398 9
398 692 9
399 647 9
302 399 12
399 734 8
26 399 11
399 655 14
399 525 9
173 399 12
275 399 11
259 399 9
269 400 13
210 400 13
400 707 11
400 664 14
378 400 10
400 577 9
150 400 8
231 400 7
265 401 12
401 713 7
401 494 11
401 639 9
401 520 12
8 401 9
401 538 9
367 401 10
401 637 8
219 401 9
103 401 12
27 402 10
402 483 12
42 402 11
232 402 11
402 684 13
55 402 12
402 731 6
402 543 11
87 402 6
124 402 7
111 403 10
57 403 10
403 556 11
403 680 7
403 458 11
347 403 12
403 658 11
242 403 11
403 525 10
140 403 6
404 510 13
404 677 11
5 404 10
404 501 13
404 633 9
344 404 9
404 486 12
404 408 9
404 690 11
404 719 11
404 732 7
176 405 10
71 405 11
223 405 13
405 602 7
337 405 14
405 503 11
405 545 11
309 405 11
338 405 10
2 405 9
72 405 10
255 405 12
56 406 9
324 406 12
309 406 8
260 406 10
168 406 10
406 738 9
406 608 14
406 529 11
406 558 10
271 406 10
59 407 12
325 407 10
224 407 13
123 407 12
407 412 9
177 407 8
114 407 11
407 423 10
407 654 8
407 570 12
408 610 14
408 675 10
164 408 12
408 557 8
408 495 13
408 729 11
329 408 10
29 408 11
408 582 14
409 421 12
55 409 11
227 409 9
409 723 12
119 409 9
344 409 10
364 409 10
409 662 9
11 409 11
410 602 14
410 608 9
410 629 11
153 410 11
166 410 10
68 410 12
410 554 7
410 467 8
410 635 10
387 410 11
165 411 11
411 691 12
357 411 11
144 411 10
411 717 7
62 411 7
411 502 11
278 411 12
326 411 7
83 412 11
106 412 12
171 412 9
53 412 11
412 657 11
412 519 9
184 412 7
347 412 11
204 412 8
231 413 13
62 413 12
413 446 10
204 413 11
413 579 9
413 484 12
413 592 11
342 413 9
90 413 10
211 414 11
414 680 13
414 422 11
216 414 7
414 459 10
414 606 11
238 414 9
386 414 9
414 733 10
193 415 9
249 415 10
415 661 11
415 449 9
415 640 9
298 415 11
415 628 10
112 415 11
415 431 10
311 415 11
416 457 8
416 425 11
349 416 8
416 610 10
416 640 14
319 416 10
240 416 11
239 416 9
416 684 12
417 534 10
89 417 11
417 608 7
401 417 10
417 627 9
417 749 11
161 417 12
81 417 9
290 417 13
417 655 11
418 544 13
351 418 10
102 418 10
245 418 11
418 637 10
418 482 13
206 418 10
241 418 8
172 419 13
334 419 10
405 419 12
246 419 8
419 748 13
419 493 10
60 419 9
294 419 6
127 419 10
394 419 11
420 440 13
120 420 12
160 420 7
420 455 11
367 420 13
420 508 12
102 420 11
420 553 12
420 528 11
24 421 12
421 549 8
421 510 9
157 421 12
372 421 12
421 565 10
54 421 10
421 696 12
421 556 12
417 422 9
422 738 11
252 422 9
164 422 12
248 422 10
288 422 11
240 422 11
322 422 11
422 600 8
112 422 9
374 423 10
186 423 10
238 423 14
221 423 11
22 423 10
423 664 11
423 573 10
423 512 7
340 424 8
135 424 10
424 439 15
222 424 11
119 424 12
424 562 9
307 424 9
424 548 15
424 738 12
424 608 9
424 719 7
425 616 10
162 425 10
371 425 13
425 658 9
425 483 14
196 425 12
197 425 11
259 425 10
425 711 8
226 425 10
425 595 6
210 426 10
363 426 9
426 527 13
73 426 10
60 426 10
119 426 14
293 426 10
281 426 11
426 439 11
426 431 12
426 490 8
427 533 12
348 427 10
187 427 11
427 493 7
427 655 10
203 427 9
427 701 10
402 427 10
427 707 10
239 427 13
427 700 10
428 507 12
428 452 10
428 558 14
428 489 12
210 428 9
428 657 10
374 428 10
428 488 10
341 428 11
27 428 8
428 571 9
428 664 14
429 460 11
256 429 10
429 546 13
429 587 13
191 429 13
42 429 10
228 429 9
92 429 11
429 568 14
412 429 10
324 429 15
204 430 11
430 557 5
430 521 12
110 430 10
301 430 10
294 430 10
145 430 14
430 460 9
73 430 10
274 431 10
193 431 12
393 431 12
431 628 8
172 431 10
431 672 12
431 539 13
117 431 8
234 431 7
116 431 12
431 625 8
278 432 13
393 432 15
250 432 9
432 442 8
432 658 7
214 432 12
48 432 14
336 432 14
386 432 11
432 707 9
432 603 6
433 706 6
433 496 9
407 433 12
433 635 12
118 433 8
433 681 13
433 604 6
329 433 10
433 531 11
433 600 12
321 434 9
434 648 8
434 541 10
434 546 8
434 545 10
319 434 11
84 434 12
434 718 12
33 434 11
352 435 13
435 738 10
160 435 8
435 575 9
184 435 9
15 435 14
342 435 7
435 515 10
436 589 10
436 681 9
436 728 11
261 436 9
436 624 11
436 442 10
436 663 10
175 436 9
204 436 11
47 437 8
437 510 5
285 437 9
123 437 12
220 437 13
437 602 13
417 437 9
299 437 7
33 437 9
437 529 12
126 437 9
109 438 11
311 438 7
438 608 12
438 581 10
223 438 11
438 699 14
438 730 14
401 438 9
439 611 9
439 732 13
439 467 9
439 506 11
439 534 8
439 604 9
341 439 9
439 621 10
212 439 9
45 439 11
138 439 8
440 558 9
344 440 12
440 592 11
440 555 8
69 440 12
170 440 11
383 440 7
440 683 10
440 728 11
440 675 13
441 654 9
198 441 12
431 441 9
106 441 12
53 441 13
210 441 10
441 719 10
441 641 11
441 574 15
72 441 10
110 441 9
267 442 10
363 442 10
422 442 7
412 442 9
442 622 10
120 442 9
4 442 13
358 442 8
386 442 13
17 442 11
442 684 6
151 442 13
443 579 13
289 443 10
443 495 10
443 721 10
150 443 10
443 479 11
387 443 11
300 443 9
443 637 8
57 443 8
443 449 11
286 443 10
106 444 14
444 559 7
444 463 12
2 444 9
444 586 12
263 444 10
444 488 12
245 444 12
234 444 6
444 447 14
274 445 10
312 445 9
198 445 10
136 445 10
89 445 10
445 597 9
116 445 9
445 494 10
181 445 11
445 701 10
144 445 12
87 446 8
37 446 12
446 723 9
306 446 12
446 472 12
446 668 13
446 547 14
270 446 11
42 446 11
343 446 12
1 446 10
447 689 14
447 558 12
410 447 9
46 447 10
447 715 13
447 596 13
447 474 13
447 567 14
242 447 11
448 678 10
245 448 13
448 521 9
448 739 11
448 633 13
23 448 11
170 448 12
364 448 9
448 462 10
329 448 14
121 449 12
449 586 12
56 449 11
212 449 9
188 449 11
449 572 11
449 629 8
423 449 12
223 449 11
450 579 14
450 642 11
110 450 10
450 560 11
450 471 7
237 450 8
450 535 12
355 450 10
130 450 8
149 450 10
450 660 10
104 451 10
263 451 12
295 451 8
233 451 11
140 451 7
137 451 10
120 451 12
193 451 11
159 451 7
441 452 12
195 452 12
452 647 8
96 452 10
452 453 12
452 645 9
40 452 16
335 452 6
453 519 6
453 492 7
211 453 10
453 703 13
340 453 12
453 553 12
7 453 12
453 526 13
8 453 11
25 454 9
454 710 11
437 454 12
168 454 8
454 593 7
355 454 9
454 669 7
454 724 11
454 636 10
455 745 10
61 455 10
450 455 10
284 455 13
86 455 7
455 465 14
235 455 11
134 455 12
455 468 12
455 685 9
123 456 11
257 456 10
96 456 10
338 456 12
456 664 7
456 697 12
88 456 11
456 474 12
162 457 12
4 457 11
193 457 10
457 679 14
67 457 12
285 457 7
457 530 11
457 725 12
457 692 12
202 457 13
458 648 11
458 704 9
458 604 13
146 458 7
458 496 9
458 607 9
344 458 11
458 745 11
260 459 9
257 459 10
92 459 11
231 459 7
13 459 9
459 580 12
262 459 8
41 459 14
459 702 10
87 459 8
118 460 14
325 460 9
460 640 9
460 635 11
460 659 9
104 460 12
285 460 10
41 460 10
69 460 7
461 604 9
106 461 10
66 461 13
96 461 9
370 461 12
353 461 8
28 461 15
446 461 9
133 461 8
432 461 16
291 462 12
319 462 12
462 569 11
97 462 11
328 462 10
462 515 10
462 591 13
422 462 7
463 741 10
463 494 8
55 463 11
171 463 11
218 463 8
463 658 7
463 749 12
463 572 14
218 464 11
145 464 10
464 637 9
19 464 11
464 695 9
432 464 11
398 464 12
250 464 11
464 659 12
464 636 12
323 465 12
39 465 9
465 615 11
465 641 14
447 465 12
327 465 13
202 465 12
145 465 13
282 465 11
227 465 10
366 465 9
466 724 10
389 466 11
466 547 9
181 466 14
103 466 11
466 665 6
174 466 13
222 466 8
153 466 10
5 466 9
466 638 11
65 467 8
467 727 11
219 467 13
408 467 8
348 467 11
176 467 11
338 467 13
402 467 17
31 468 9
468 712 10
330 468 11
148 468 11
72 468 13
468 581 9
65 468 12
331 468 15
114 468 9
84 468 9
93 469 10
463 469 10
425 469 9
412 469 12
178 469 7
469 724 10
469 477 10
86 469 10
469 527 11
469 709 10
470 663 12
470 674 9
155 470 11
470 577 12
470 667 11
470 670 11
470 524 13
38 470 8
445 470 11
470 473 10
212 471 11
460 471 13
253 471 13
46 471 11
471 636 12
471 531 7
445 471 16
471 614 10
471 672 12
259 472 11
449 472 8
472 561 9
472 563 12
472 666 12
121 472 12
472 673 11
143 472 10
472 635 9
42 472 8
175 473 9
434 473 5
114 473 4
82 473 11
319 473 11
163 473 10
462 473 10
473 513 9
452 473 10
256 474 12
474 579 11
230 474 7
429 474 11
443 474 11
474 702 11
296 474 13
474 708 10
475 501 13
475 662 11
7 475 10
386 475 8
374 475 8
444 475 11
81 475 10
143 475 9
268 475 9
119 475 10
247 476 7
117 476 12
322 476 10
79 476 9
476 622 10
91 476 10
80 476 13
287 476 8
476 702 11
429 476 12
446 477 8
214 477 13
398 477 12
124 477 13
299 477 9
477 484 11
9 477 10
294 477 10
114 477 10
326 477 10
28 478 13
478 720 9
478 687 10
197 478 13
215 478 8
261 478 11
283 478 12
76 478 8
75 478 13
401 478 11
462 479 10
479 580 15
479 556 12
479 515 10
479 531 10
48 479 13
479 690 9
479 705 11
479 651 8
448 479 12
480 653 11
134 480 11
12 480 11
480 515 11
480 514 10
292 480 14
480 607 10
72 480 12
177 480 9
291 480 10
481 728 10
151 481 7
324 481 11
481 537 6
394 481 10
220 481 12
481 501 10
327 481 11
143 481 13
70 481 10
448 481 12
373 482 7
330 482 8
25 482 16
239 482 11
221 482 5
156 482 11
482 729 11
49 482 10
482 516 9
443 482 9
482 598 10
218 483 9
75 483 10
238 483 12
483 707 8
415 483 12
417 483 9
44 483 10
483 736 10
428 483 12
49 484 12
180 484 7
173 484 8
237 484 11
444 484 11
64 484 11
448 484 9
484 644 12
484 749 16
484 674 12
97 485 12
442 485 11
485 564 11
485 592 12
374 485 12
221 485 7
282 485 11
134 485 11
348 485 7
345 485 13
486 680 9
486 564 9
254 486 11
486 526 11
164 486 9
486 745 11
272 486 13
105 486 11
486 692 8
486 503 11
486 502 13
486 548 8
487 666 10
487 597 14
265 487 11
16 487 14
487 488 14
83 487 10
231 487 11
487 676 7
376 488 13
287 488 10
208 488 8
154 488 11
488 711 10
462 488 11
464 488 11
53 488 14
488 632 8
127 488 11
273 489 11
489 666 9
222 489 11
489 654 11
445 489 12
134 489 11
269 489 10
489 732 13
319 489 10
489 513 8
77 489 8
275 490 9
234 490 10
490 505 12
169 490 13
365 490 13
490 543 13
382 490 12
266 490 12
248 490 12
288 490 12
491 689 10
491 579 16
270 491 11
367 491 13
491 526 8
315 491 9
491 729 9
491 622 4
284 491 11
10 491 10
435 492 10
280 492 12
492 592 11
166 492 6
492 606 9
313 492 10
338 492 11
219 492 12
492 633 7
94 492 9
38 493 12
76 493 13
258 493 9
326 493 11
121 493 13
150 493 11
155 493 10
426 493 10
493 731 9
133 493 12
318 493 11
258 494 8
137 494 9
441 494 9
369 494 10
494 701 11
122 494 9
0 494 11
422 494 10
494 668 12
494 511 11
495 702 10
232 495 8
447 495 9
495 525 13
62 495 10
32 495 11
460 495 13
326 495 11
47 495 8
495 616 14
46 496 13
455 496 8
261 496 11
131 496 13
397 496 9
268 496 13
320 496 10
191 496 10
496 572 13
496 604 10
497 685 10
9 497 13
497 711 11
497 554 12
497 505 12
497 723 11
101 497 10
497 499 11
227 497 13
454 497 7
82 497 10
337 498 9
498 554 8
393 498 10
329 498 11
457 498 9
248 498 10
183 498 10
498 686 11
474 498 8
291 498 10
390 498 10
29 499 12
240 499 14
499 733 8
35 499 11
280 499 6
110 499 9
120 499 12
499 588 11
478 499 11
44 499 12
499 526 10
48 500 10
500 531 11
210 500 9
452 500 10
379 500 7
500 527 11
434 500 7
238 500 11
386 500 11
368 500 7
394 501 11
501 592 10
501 524 7
150 501 7
501 724 12
321 501 11
501 553 11
236 501 9
252 501 6
81 502 10
502 660 14
502 731 14
144 502 13
173 502 16
235 502 11
176 502 6
226 502 11
282 502 11
502 599 10
232 503 10
410 503 9
503 708 7
466 503 10
156 503 13
365 503 10
76 503 10
503 566 7
503 604 9
487 503 10
503 694 9
68 503 9
196 504 12
471 504 6
158 504 13
9 504 10
311 504 8
504 594 6
190 504 15
491 504 11
486 504 13
248 504 11
424 505 8
17 505 8
505 568 10
346 505 12
238 505 10
363 505 11
505 680 9
68 505 9
475 505 10
186 505 12
438 506 10
258 506 11
104 506 8
175 506 12
506 567 8
506 674 11
501 506 10
506 558 13
506 531 13
375 506 10
506 589 11
73 507 6
507 645 12
507 717 12
188 507 10
347 507 11
507 524 12
430 507 7
458 507 12
257 507 12
507 596 10
351 508 12
508 749 11
491 508 12
314 508 10
508 679 11
347 508 11
508 718 8
58 508 8
67 508 11
211 508 10
294 509 10
501 509 10
385 509 5
242 509 11
509 686 11
76 509 8
50 509 13
509 689 15
168 509 11
256 510 12
510 743 10
173 510 10
18 510 10
485 510 12
77 510 13
510 580 8
510 563 10
490 510 8
32 511 12
92 511 9
253 511 9
511 587 11
265 511 11
128 511 14
51 511 11
175 511 10
511 565 9
135 511 11
61 512 9
186 512 15
512 647 7
512 748 12
12 512 12
512 537 12
278 512 8
512 671 11
214 512 10
65 512 10
513 582 12
129 513 12
513 549 12
388 513 9
334 513 6
114 513 7
411 513 10
362 513 10
418 513 10
146 513 11
209 513 12
210 514 10
105 514 9
207 514 8
514 673 10
160 514 11
469 514 13
94 514 10
125 514 12
277 514 15
30 514 12
515 580 10
458 515 14
330 515 11
314 515 8
335 515 10
71 515 8
198 515 9
122 515 10
496 516 13
146 516 13
516 583 10
242 516 10
516 572 13
100 516 7
464 516 12
516 633 9
438 516 10
516 618 7
210 517 10
279 517 9
352 517 10
515 517 10
129 517 9
91 517 8
517 727 10
131 517 7
31 517 10
418 517 13
518 520 11
114 518 11
253 518 10
295 518 6
3 518 8
115 518 14
502 518 13
518 701 13
94 518 13
518 635 10
519 726 11
247 519 9
200 519 5
499 519 10
435 519 6
54 519 10
519 534 14
519 594 9
182 519 9
112 519 9
91 520 11
520 604 10
520 529 8
0 520 12
520 675 8
520 725 14
266 520 9
1 520 14
146 520 12
306 520 8
287 520 10
520 691 11
417 521 13
521 741 16
340 521 7
80 521 6
224 521 12
521 685 10
162 521 13
521 699 11
483 521 12
199 521 14
521 611 13
393 521 11
389 522 12
522 649 15
447 522 14
232 522 6
230 522 8
522 720 10
347 522 10
222 522 9
288 522 11
463 522 8
523 663 11
302 523 14
477 523 9
192 523 8
282 523 8
123 523 11
508 523 10
138 523 11
523 553 10
523 624 11
187 523 10
519 524 8
524 707 10
447 524 11
524 686 12
313 524 9
524 557 12
524 706 12
222 524 11
101 524 8
524 614 11
128 524 12
524 728 9
474 525 10
334 525 8
525 583 14
460 525 9
126 525 7
353 525 11
175 525 12
525 659 11
321 525 13
525 701 13
167 526 14
321 526 9
52 526 12
387 526 10
135 526 9
526 619 11
55 526 12
311 526 13
441 526 11
527 574 9
496 527 12
258 527 13
242 527 12
293 527 8
279 527 10
527 550 10
94 527 11
361 527 11
83 527 10
54 527 11
131 528 10
528 738 11
437 528 13
528 748 10
528 624 13
252 528 10
374 528 10
363 528 13
303 528 11
528 712 13
82 529 12
529 681 10
162 529 12
210 529 11
176 529 13
198 529 12
258 529 13
529 613 9
529 638 11
182 529 6
529 625 8
177 530 7
530 672 11
530 634 13
530 711 9
491 530 9
119 530 7
121 530 13
115 530 10
530 578 6
221 530 6
151 530 10
530 630 8
368 531 14
180 531 14
510 531 14
237 531 12
531 715 13
184 531 11
342 531 10
201 531 10
87 531 11
429 531 8
532 679 12
502 532 8
382 532 9
532 539 9
369 532 10
203 532 10
330 532 8
27 532 9
469 532 10
48 532 10
367 532 10
228 533 10
533 603 14
528 533 10
288 533 9
398 533 13
533 613 12
271 533 10
229 533 8
533 559 10
5 533 7
531 533 10
534 607 12
534 645 11
432 534 9
388 534 13
411 534 7
167 534 13
327 534 10
534 699 8
534 538 13
295 535 12
103 535 13
535 612 11
128 535 11
476 535 12
410 535 12
438 535 7
170 535 10
535 745 14
208 535 14
235 536 10
111 536 12
240 536 12
146 536 9
369 536 10
7 536 10
536 663 10
536 685 10
59 536 11
23 536 12
425 537 9
257 537 8
537 559 12
503 537 12
186 537 13
489 537 10
537 632 9
46 537 12
270 537 10
67 537 11
538 721 11
445 538 11
538 733 14
120 538 10
482 538 12
479 538 8
82 538 14
488 538 16
538 680 11
372 538 12
539 549 11
389 539 7
522 539 12
434 539 11
404 539 11
222 539 10
59 539 11
12 539 11
539 587 12
169 540 12
262 540 11
102 540 9
260 540 11
540 712 14
463 540 10
540 599 6
300 540 12
41 540 8
151 540 14
322 541 11
132 541 10
86 541 12
509 541 10
124 541 9
139 541 8
518 541 12
374 541 10
156 541 9
199 541 9
542 740 10
489 542 8
528 542 11
542 620 9
92 542 9
80 542 10
542 623 12
102 542 9
108 542 14
42 542 7
543 714 11
543 593 10
157 543 13
33 543 10
488 543 10
305 543 5
85 543 11
414 543 10
543 620 14
397 544 8
241 544 10
544 561 9
544 607 11
322 544 12
544 619 12
75 544 8
73 544 12
172 544 9
372 544 11
18 544 10
545 559 9
156 545 9
507 545 10
536 545 12
175 545 10
146 545 11
423 545 11
545 695 10
287 545 7
545 546 9
356 546 8
546 638 10
546 716 12
352 546 11
326 546 14
490 546 11
415 546 12
484 546 10
546 633 12
546 629 9
547 673 8
380 547 11
547 700 12
109 547 11
547 556 12
3 547 11
547 726 8
124 547 11
159 547 7
547 734 10
393 548 10
325 548 13
436 548 12
391 548 11
548 632 13
548 699 10
475 548 10
548 691 10
227 548 7
335 549 10
91 549 10
135 549 12
273 549 12
520 549 10
497 549 10
246 549 10
549 705 11
160 549 14
114 550 11
282 550 9
66 550 8
190 550 12
550 726 13
408 550 11
94 550 11
208 550 11
126 550 10
127 550 10
224 551 13
507 551 12
150 551 12
356 551 7
7 551 13
551 699 8
206 551 9
551 658 4
551 552 10
430 552 13
500 552 11
552 688 10
527 552 11
552 579 9
552 607 10
437 552 11
267 552 8
137 552 10
177 552 13
332 553 13
388 553 6
138 553 13
132 553 13
219 553 10
553 701 10
255 553 13
80 553 8
553 747 7
223 553 10
510 554 14
554 623 11
554 638 12
155 554 9
461 554 11
554 656 11
554 648 13
554 606 11
46 554 10
417 554 9
25 554 10
555 643 13
511 555 7
176 555 12
555 609 11
480 555 11
555 674 13
542 555 11
393 555 10
328 555 9
146 556 9
556 572 10
556 587 15
556 560 11
526 556 12
453 556 9
81 556 11
450 556 9
463 556 13
552 556 10
345 557 16
116 557 9
557 678 9
518 557 8
398 557 9
504 557 13
186 557 6
499 557 15
111 557 12
125 557 11
456 557 13
558 675 10
558 630 13
139 558 8
469 558 9
164 558 15
558 612 13
558 573 10
558 664 11
68 558 12
346 558 13
9 559 13
401 559 16
559 722 8
215 559 12
383 559 9
248 559 11
393 559 10
351 559 10
306 559 10
502 560 9
560 726 8
312 560 10
160 560 6
482 560 6
345 560 10
391 560 11
438 560 9
560 655 11
216 560 14
561 679 13
285 561 7
305 561 9
311 561 12
88 561 11
306 561 12
78 561 7
309 561 11
395 561 9
562 655 10
562 609 12
443 562 9
263 562 14
562 566 10
562 695 10
197 562 12
528 562 13
192 562 10
504 563 13
207 563 10
352 563 10
461 563 8
134 563 9
317 563 12
218 563 10
214 563 10
563 691 6
208 563 10
174 563 14
564 700 14
535 564 12
150 564 7
158 564 8
564 617 13
181 564 11
343 564 10
564 668 10
564 583 10
536 564 12
564 638 7
515 565 11
118 565 10
565 572 11
376 565 11
0 565 7
498 565 9
417 565 8
200 565 11
449 565 10
335 565 10
342 565 12
566 707 10
145 566 10
158 566 7
566 575 12
427 566 9
528 566 11
566 590 13
109 566 7
566 661 11
513 566 10
298 566 11
567 568 11
567 643 9
121 567 8
567 681 9
406 567 8
347 567 12
379 567 12
567 584 6
84 567 10
320 567 12
183 567 10
391 568 11
240 568 10
445 568 11
512 568 11
568 597 13
192 568 12
392 568 10
385 568 12
568 664 8
139 569 11
569 618 7
156 569 10
352 569 12
440 569 11
569 573 12
411 569 12
402 569 10
569 684 10
301 569 11
569 575 12
570 677 8
167 570 7
219 570 13
570 738 12
206 570 10
570 679 12
570 645 8
422 570 10
24 570 10
94 570 8
570 658 10
314 571 10
571 631 11
469 571 12
210 571 9
571 694 6
39 571 12
571 684 12
20 571 9
514 571 12
220 571 15
77 571 13
572 661 10
199 572 9
572 638 11
403 572 6
145 572 11
572 655 13
159 572 10
371 572 10
559 572 14
458 573 13
573 619 15
573 679 12
573 656 8
403 573 11
573 631 11
573 659 9
15 573 13
82 573 8
270 573 8
455 574 14
557 574 9
265 574 14
44 574 12
471 574 10
391 574 9
172 574 7
477 574 8
571 574 9
459 575 12
231 575 11
84 575 11
575 610 11
171 575 10
575 707 12
178 575 12
521 575 14
172 576 10
303 576 10
288 576 12
6 576 10
576 706 7
517 576 10
364 576 11
469 576 7
478 576 7
576 733 9
147 577 11
259 577 11
41 577 11
305 577 11
577 607 10
313 577 10
211 577 8
98 577 9
577 718 9
97 577 11
86 578 8
71 578 9
232 578 6
358 578 10
84 578 10
462 578 10
368 578 10
194 578 13
380 578 10
79 579 9
311 579 10
547 579 15
495 579 10
230 579 13
392 579 12
563 579 11
554 579 15
196 579 9
86 579 11
299 580 9
462 580 11
73 580 10
502 580 9
102 580 12
580 717 11
345 580 11
580 727 9
342 580 11
581 709 10
466 581 9
532 581 10
201 581 13
23 581 13
319 581 13
172 581 9
190 581 9
443 582 15
582 608 11
292 582 9
552 582 9
582 605 10
420 582 11
544 582 13
464 582 9
351 582 8
258 582 13
165 583 10
289 583 11
505 583 9
5 583 13
526 583 8
199 583 11
491 583 13
89 583 12
520 583 9
584 679 12
60 584 10
227 584 10
136 584 11
538 584 9
309 584 11
370 584 11
584 740 8
584 682 11
574 585 8
585 701 13
509 585 8
585 650 11
160 585 14
510 585 9
582 585 11
585 615 10
107 585 9
585 630 11
193 586 11
233 586 12
86 586 11
303 586 9
140 586 10
0 586 11
342 586 11
155 586 14
586 621 12
587 685 14
389 587 11
587 697 12
458 587 9
587 617 7
587 728 10
5 587 8
587 593 10
30 587 10
588 740 7
32 588 12
588 625 11
588 606 7
263 588 9
385 588 9
167 588 12
28 588 11
502 588 12
309 589 11
50 589 12
37 589 11
589 626 11
40 589 10
159 589 12
75 589 12
494 589 12
590 695 9
121 590 10
275 590 9
163 590 9
409 590 12
125 590 9
2 590 11
590 746 5
273 590 8
536 590 12
299 591 11
591 645 13
164 591 9
427 591 10
541 591 10
332 591 8
403 591 12
66 591 12
330 591 11
67 592 10
240 592 12
592 722 12
459 592 11
314 592 9
571 592 12
592 712 14
592 703 13
250 592 7
102 592 10
505 592 11
586 592 9
593 684 10
29 593 12
396 593 11
467 593 14
593 725 12
380 593 10
593 681 11
37 593 12
150 593 12
12 593 6
318 593 9
514 594 11
434 594 15
65 594 13
102 594 9
62 594 14
109 594 9
13 594 11
70 594 7
238 594 8
77 595 8
438 595 14
595 717 9
317 595 10
151 595 6
125 595 12
39 595 10
537 595 10
595 737 12
532 596 10
544 596 12
134 596 11
492 596 9
387 596 9
436 596 13
596 667 11
446 596 13
448 596 9
1 596 10
303 596 10
70 597 12
166 597 12
394 597 12
187 597 12
597 624 11
361 597 10
450 597 11
289 597 12
222 597 13
598 745 8
375 598 6
473 598 13
86 598 9
475 598 11
598 746 8
29 598 12
226 598 8
40 598 5
184 598 10
450 599 11
74 599 7
476 599 11
210 599 10
599 642 8
440 599 12
516 599 11
207 599 11
250 599 9
339 599 13
535 599 10
599 635 5
442 600 10
517 600 5
600 720 10
600 681 11
600 619 11
326 600 11
113 600 12
600 707 8
600 615 9
212 600 10
453 600 8
443 601 12
601 641 13
219 601 12
601 628 11
601 656 13
507 601 13
253 601 12
57 601 11
601 729 9
258 601 10
341 601 11
250 602 12
408 602 6
602 732 17
380 602 5
297 602 9
602 615 8
602 625 10
602 677 9
18 602 8
461 602 11
602 629 7
283 602 11
97 603 7
119 603 11
603 681 11
372 603 9
603 675 9
603 719 11
137 603 12
127 603 12
279 603 12
566 603 7
513 604 8
604 745 10
35 604 9
294 604 10
522 604 12
321 604 11
187 604 8
604 729 11
30 604 9
31 604 8
444 604 13
472 605 10
190 605 13
39 605 11
213 605 13
566 605 7
264 605 11
491 605 8
423 605 7
161 605 12
55 605 9
215 606 11
209 606 9
363 606 11
606 712 10
575 606 11
97 606 12
450 606 11
606 723 13
105 606 10
132 607 9
484 607 11
607 620 11
149 607 12
445 607 13
607 609 12
141 607 13
543 607 10
481 607 8
398 608 11
607 608 11
91 608 8
459 608 9
48 608 8
585 608 14
608 651 8
608 636 8
180 608 9
137 609 9
0 609 9
294 609 10
49 609 11
17 609 13
609 706 11
282 609 9
48 609 13
589 610 11
97 610 9
484 610 12
610 722 10
610 749 12
323 610 10
298 610 14
63 610 9
606 610 8
610 631 8
456 611 8
29 611 10
505 611 10
611 620 14
401 611 8
360 611 10
43 611 9
152 611 13
452 611 9
188 611 11
132 612 9
105 612 11
221 612 10
573 612 13
612 632 13
612 653 11
147 612 16
320 612 12
155 613 12
521 613 7
446 613 8
38 613 12
613 717 14
291 613 13
593 613 12
451 613 8
182 613 12
613 646 11
240 614 10
144 614 10
368 614 10
454 614 11
614 660 13
206 614 9
112 614 11
614 641 11
614 719 11
49 614 8
350 615 14
170 615 10
315 615 12
35 615 11
564 615 10
233 615 11
182 615 13
272 615 9
163 615 5
480 615 13
281 616 10
616 673 14
373 616 9
364 616 8
331 616 11
421 616 10
207 616 10
97 616 8
616 622 15
461 617 16
417 617 10
542 617 7
7 617 9
34 617 6
129 617 8
517 617 13
146 617 10
65 617 8
617 652 9
545 618 5
618 680 14
339 618 12
618 623 8
52 618 7
86 618 9
618 722 11
276 618 13
618 625 10
430 618 12
271 619 12
59 619 11
231 619 13
310 619 8
390 619 13
499 619 10
599 619 8
551 619 14
370 619 9
40 619 9
367 620 9
568 620 13
620 659 12
239 620 13
404 620 11
584 620 9
620 669 9
522 620 10
61 620 13
486 620 14
621 739 11
100 621 8
155 621 11
510 621 12
588 621 12
146 621 11
276 621 9
541 621 11
116 621 10
62 622 9
309 622 14
549 622 11
622 628 11
173 622 12
622 631 11
376 622 8
341 622 10
187 622 8
178 622 11
227 623 9
565 623 7
78 623 12
609 623 15
211 623 10
31 623 13
548 623 15
135 623 10
74 623 6
310 623 13
623 638 12
624 745 10
224 624 11
492 624 13
79 624 11
404 624 8
536 624 11
440 624 9
624 628 12
541 624 7
624 706 7
304 625 11
540 625 10
182 625 9
408 625 10
174 625 14
600 625 9
237 625 6
71 625 13
216 625 12
515 625 10
352 626 11
377 626 12
195 626 6
303 626 11
80 626 13
473 626 9
388 626 9
337 626 12
467 626 8
2 627 11
622 627 10
338 627 8
627 670 6
325 627 9
396 627 10
286 627 7
169 627 11
575 627 8
247 628 10
554 628 7
628 672 12
39 628 10
628 693 9
628 746 13
156 628 13
628 686 13
469 628 10
315 628 14
527 628 10
390 628 10
523 628 13
81 629 7
343 629 10
269 629 11
37 629 13
192 629 8
512 629 8
96 629 12
379 629 12
134 629 11
622 629 9
33 630 10
630 683 13
491 630 11
299 630 9
344 630 10
619 630 16
173 630 10
347 630 8
630 699 12
536 630 13
381 631 9
85 631 8
265 631 11
465 631 13
207 631 10
608 631 11
373 631 8
82 631 11
476 631 13
542 631 8
166 632 8
130 632 9
329 632 10
450 632 11
370 632 11
538 632 9
402 632 9
617 632 10
139 632 9
632 703 12
79 632 11
526 633 7
633 716 9
544 633 5
118 633 12
633 694 8
74 633 9
347 633 10
633 646 11
633 740 11
549 633 10
330 634 11
523 634 10
567 634 11
608 634 9
419 634 11
634 704 10
554 634 12
283 634 11
619 634 10
367 634 13
452 635 11
381 635 10
635 686 10
635 748 10
553 635 11
239 635 10
334 635 10
517 635 10
628 635 10
185 635 7
167 636 7
636 637 13
208 636 7
262 636 7
623 636 9
271 636 9
98 636 9
367 636 13
118 636 11
195 636 10
612 636 9
277 637 11
268 637 8
288 637 7
566 637 9
310 637 12
409 637 12
499 637 10
230 637 12
637 705 12
422 638 9
418 638 13
308 638 9
244 638 11
445 638 12
463 638 8
16 638 9
565 638 10
432 638 9
638 729 13
639 690 12
306 639 7
603 639 13
168 639 12
199 639 10
349 639 12
503 639 12
75 639 10
295 639 11
630 640 8
336 640 7
136 640 10
640 693 11
640 656 13
623 640 11
640 699 10
570 640 12
119 640 12
370 640 11
34 640 11
22 640 13
641 731 12
641 658 12
17 641 12
641 730 13
455 641 12
418 641 12
245 641 11
154 641 12
243 641 9
407 642 10
642 723 8
274 642 11
15 642 10
208 642 11
356 642 8
577 642 13
304 642 13
189 642 8
206 642 10
352 642 8
96 643 12
643 677 12
623 643 15
213 643 11
591 643 10
203 643 10
461 643 10
207 643 10
643 743 9
38 644 13
644 690 9
212 644 14
644 659 11
644 655 12
83 644 10
516 644 12
295 644 11
644 741 10
644 664 12
644 696 9
193 644 10
482 645 10
645 649 9
492 645 11
76 645 9
411 645 8
645 749 10
645 734 10
456 645 9
186 646 14
563 646 12
224 646 13
211 646 10
220 646 10
133 646 9
496 646 9
497 646 11
629 646 11
384 646 13
399 646 8
549 646 14
544 647 14
443 647 9
246 647 13
146 647 8
338 647 12
474 647 12
592 647 11
319 647 11
14 647 12
535 647 11
439 647 8
486 648 9
402 648 11
21 648 7
197 648 10
634 648 10
560 648 8
608 648 12
313 648 11
648 660 11
273 648 11
648 705 13
342 648 12
190 649 9
177 649 7
481 649 12
649 709 13
228 649 11
530 649 10
601 649 9
38 649 10
119 649 8
182 650 7
564 650 9
425 650 13
400 650 8
148 650 12
613 650 11
382 650 14
139 650 13
239 650 10
650 675 9
160 651 8
98 651 13
512 651 10
517 651 12
518 651 14
259 651 11
382 651 11
488 651 9
156 651 10
172 651 12
552 651 11
48 652 10
89 652 13
43 652 8
366 652 13
265 652 12
54 652 7
71 652 8
652 660 10
287 653 10
184 653 11
375 653 15
653 735 10
406 653 9
575 653 12
609 653 12
335 653 9
54 653 7
172 654 7
364 654 9
490 654 10
483 654 12
264 654 8
29 654 9
74 654 8
518 654 12
222 654 11
171 655 12
106 655 13
341 655 8
267 655 8
599 655 10
579 655 11
136 655 11
461 655 9
191 655 11
451 655 10
371 655 8
501 656 13
57 656 11
304 656 13
182 656 9
324 656 7
656 682 10
647 656 11
656 724 11
462 656 10
3 656 9
312 657 12
268 657 12
528 657 12
657 704 15
187 657 9
0 657 12
560 657 9
657 720 10
208 657 10
577 657 10
235 658 10
519 658 10
644 658 11
544 658 11
428 658 11
271 658 11
616 658 9
396 658 11
181 658 12
658 719 16
298 658 10
346 659 10
440 659 10
191 659 10
435 659 16
419 659 8
368 659 11
431 659 9
468 659 11
659 692 10
229 659 10
101 659 12
211 660 10
254 660 10
174 660 12
660 706 11
308 660 8
660 703 12
513 660 12
603 660 8
151 660 12
573 661 10
14 661 8
193 661 8
661 686 9
661 701 10
24 661 9
318 661 15
390 661 11
396 661 12
412 662 13
662 667 10
660 662 11
530 662 10
152 662 8
626 662 10
662 672 12
183 662 8
592 662 6
57 662 12
447 663 9
663 745 9
615 663 11
505 663 10
14 663 10
563 663 11
425 663 7
462 663 12
238 663 9
549 663 11
599 664 10
407 664 8
18 664 10
295 664 4
12 664 12
195 664 9
322 664 9
107 664 9
608 664 8
601 664 10
665 683 12
197 665 12
277 665 13
116 665 7
441 665 5
622 665 10
82 665 11
412 665 8
299 665 9
335 665 11
67 665 11
145 665 7
421 666 5
634 666 8
578 666 12
64 666 6
420 666 12
666 719 9
628 666 10
239 666 11
273 666 8
224 667 11
69 667 12
47 667 16
25 667 10
13 667 14
531 667 12
667 720 13
667 674 10
109 667 13
301 668 9
256 668 10
24 668 11
668 715 10
562 668 8
504 668 9
521 668 16
636 668 14
521 669 6
284 669 10
555 669 10
447 669 11
288 669 11
67 669 6
669 712 15
4 669 9
168 670 9
482 670 6
408 670 12
572 670 8
94 670 13
7 670 9
670 686 10
4 670 7
164 671 9
102 671 10
503 671 13
452 671 14
328 671 12
220 671 14
441 671 10
588 671 10
364 671 10
522 672 12
38 672 10
93 672 7
451 672 11
555 672 10
374 672 10
616 672 11
99 672 14
321 672 10
144 672 9
469 672 10
451 673 7
8 673 15
530 673 10
231 673 4
161 673 13
252 673 10
623 673 11
81 673 8
38 673 12
674 685 14
333 674 10
490 674 14
674 679 8
159 674 13
130 674 8
389 674 9
352 674 10
539 674 10
326 674 12
633 675 13
627 675 10
525 675 8
442 675 11
150 675 13
27 675 13
240 675 14
671 675 12
106 675 8
6 676 12
649 676 10
417 676 11
482 676 14
347 676 10
652 676 10
399 676 10
388 676 13
71 676 11
408 676 13
226 676 10
421 676 11
156 677 12
40 677 9
161 677 12
27 677 9
483 677 12
677 729 12
531 677 9
524 677 10
205 677 7
363 677 10
65 678 9
402 678 10
533 678 11
12 678 11
317 678 8
23 678 8
140 678 8
220 678 8
601 678 9
56 679 9
299 679 10
535 679 15
480 679 8
679 693 10
92 679 7
679 748 11
378 679 11
679 707 12
66 680 14
76 680 10
238 680 10
336 680 11
386 680 11
474 680 9
392 680 11
680 684 14
300 680 11
136 680 12
202 680 11
23 680 11
55 681 12
9 681 14
352 681 9
415 681 9
681 688 10
152 681 13
325 681 7
385 681 8
681 701 13
479 682 14
65 682 10
156 682 11
438 682 8
682 742 9
383 682 12
290 682 7
205 682 13
507 682 10
560 682 14
388 682 9
65 683 13
683 741 10
263 683 12
683 715 9
426 683 11
552 683 11
454 683 10
6 683 12
399 683 11
568 683 11
194 684 10
168 684 12
551 684 9
684 732 12
317 684 9
59 684 12
34 684 10
255 684 12
167 684 8
489 684 8
52 685 9
369 685 12
136 685 10
266 685 10
351 685 10
370 685 7
251 685 12
456 685 12
123 685 12
62 686 15
466 686 12
686 702 14
686 741 11
436 686 12
432 686 10
85 686 11
562 686 8
68 686 7
234 687 10
127 687 11
412 687 9
129 687 13
128 687 10
655 687 10
532 687 9
3 687 9
89 687 11
433 688 11
394 688 10
462 688 13
566 688 9
299 688 10
688 749 7
367 688 12
136 688 12
475 688 12
201 689 10
72 689 8
299 689 9
607 689 9
126 689 11
206 689 11
334 689 9
391 689 12
446 689 10
501 689 14
212 689 7
510 689 12
475 690 11
507 690 9
152 690 14
398 690 11
338 690 8
255 690 10
671 690 11
690 702 12
630 690 12
176 691 10
173 691 11
691 735 10
528 691 12
664 691 10
204 691 12
354 691 11
404 691 12
87 691 9
581 691 11
583 692 8
547 692 10
139 692 12
13 692 11
406 692 10
338 692 8
397 692 9
188 692 6
682 692 10
76 693 10
387 693 8
329 693 8
224 693 11
209 693 9
564 693 10
1 693 9
55 693 10
93 693 12
233 693 11
677 694 7
391 694 13
669 694 11
536 694 14
28 694 11
251 694 9
247 694 10
102 694 7
478 694 10
169 694 12
188 695 12
114 695 8
296 695 8
695 748 10
393 695 11
265 695 10
219 695 10
290 695 13
376 695 14
360 696 11
170 696 9
390 696 11
280 696 12
106 696 16
561 696 12
239 696 12
624 696 9
464 696 8
430 696 10
467 696 9
90 697 10
129 697 8
297 697 14
109 697 11
38 697 11
629 697 9
39 697 10
403 697 8
437 697 10
406 697 10
560 697 12
26 697 14
88 697 16
47 697 11
189 698 11
666 698 8
47 698 8
246 698 11
43 698 11
601 698 10
530 698 14
148 698 11
677 698 10
642 699 9
395 699 7
358 699 10
684 699 12
416 699 10
43 699 12
558 699 12
64 699 11
365 699 9
241 699 12
146 699 10
21 699 12
700 728 10
596 700 10
156 700 10
258 700 10
41 700 10
46 700 10
565 700 8
695 700 9
217 700 11
285 700 9
325 700 11
280 701 9
623 701 12
701 723 10
516 701 8
663 701 9
701 734 11
356 701 9
700 701 9
33 701 12
13 702 9
601 702 12
374 702 14
536 702 11
475 702 11
569 702 12
368 702 12
150 702 13
320 702 11
701 702 7
131 703 10
259 703 8
218 703 10
703 720 9
542 703 8
210 703 6
198 703 11
120 703 10
186 703 11
240 703 11
244 704 10
232 704 14
623 704 10
448 704 12
338 704 10
147 704 10
202 704 12
659 704 9
303 704 15
116 704 11
138 705 11
367 705 9
471 705 10
573 705 6
259 705 5
173 705 9
415 705 13
2 705 14
161 705 14
264 705 14
560 706 10
17 706 11
375 706 11
435 706 9
413 706 12
403 706 12
579 706 13
401 706 8
330 706 10
349 707 12
460 707 9
115 707 12
707 715 10
82 707 10
525 707 9
500 707 8
426 707 12
574 707 12
687 707 13
74 707 10
356 708 11
252 708 10
153 708 15
664 708 9
152 708 11
42 708 13
190 708 12
571 708 11
449 708 11
521 708 9
314 709 7
333 709 8
709 745 8
221 709 11
709 724 12
174 709 9
270 709 11
323 709 13
600 710 9
184 710 8
698 710 10
244 710 9
269 710 10
395 710 9
7 710 10
70 710 12
330 710 7
27 710 9
208 710 11
330 711 13
202 711 7
711 734 12
246 711 9
678 711 10
569 711 8
415 711 11
499 711 11
276 711 9
431 711 12
673 712 8
712 734 12
98 712 9
65 712 10
566 712 11
3 712 13
634 712 10
405 712 10
651 712 15
46 712 14
458 713 9
175 713 10
560 713 11
713 727 12
587 713 7
432 713 10
383 713 11
248 713 12
339 713 13
470 713 9
71 714 12
94 714 8
259 714 9
45 714 11
448 714 13
230 714 12
266 714 10
231 714 9
219 714 10
301 714 10
636 715 14
559 715 11
678 715 8
685 715 11
315 715 10
365 715 13
49 715 14
375 715 11
422 715 13
524 715 10
121 715 13
612 715 15
383 716 10
386 716 10
133 716 12
631 716 15
172 716 10
382 716 13
15 716 10
197 716 5
716 733 11
101 716 9
433 716 10
682 717 7
340 717 13
68 717 12
680 717 13
485 717 8
387 717 12
279 717 12
0 717 11
37 717 9
68 718 11
3 718 13
590 718 13
315 718 11
264 718 10
390 718 9
167 718 15
36 718 8
163 718 7
351 718 12
600 719 14
490 719 11
91 719 10
108 719 12
471 719 9
27 719 13
512 719 10
659 719 8
671 719 11
374 719 11
456 719 8
216 720 12
383 720 14
666 720 11
343 720 11
49 720 11
336 720 13
623 720 10
63 720 8
528 720 12
280 720 12
348 721 8
125 721 7
556 721 9
251 721 14
168 721 11
45 721 12
679 721 12
230 721 10
210 721 12
463 722 7
65 722 12
420 722 12
125 722 10
371 722 11
423 722 14
150 722 9
131 722 11
649 722 12
305 723 8
99 723 9
353 723 12
723 749 14
710 723 12
62 723 11
488 723 8
115 723 10
291 723 13
349 724 11
473 724 17
586 724 9
168 724 14
255 724 8
397 724 13
40 724 9
222 724 10
318 724 8
699 724 10
680 725 11
147 725 7
138 725 14
149 725 13
628 725 11
627 725 11
141 725 11
63 725 11
424 725 9
439 725 14
663 726 9
514 726 10
156 726 4
552 726 8
96 726 9
146 726 11
655 726 9
389 726 7
726 744 10
708 727 12
409 727 11
285 727 9
703 727 7
600 727 8
380 727 12
500 727 10
673 727 10
7 727 11
394 727 7
451 728 12
405 728 9
191 728 14
154 728 12
585 728 13
309 728 16
319 728 5
435 728 10
111 728 12
139 728 7
245 729 10
642 729 11
592 729 13
582 729 9
16 729 13
153 729 9
267 729 10
102 729 12
10 729 14
265 729 9
110 730 13
671 730 13
566 730 10
703 730 11
603 730 12
226 730 9
442 730 11
433 730 12
404 730 13
152 730 11
344 730 8
643 730 9
543 731 7
714 731 12
716 731 14
90 731 8
47 731 14
297 731 9
419 731 11
143 731 8
731 747 13
8 731 10
384 732 10
113 732 11
172 732 14
354 732 9
22 732 13
499 732 11
206 732 11
732 749 16
67 732 11
242 732 10
405 733 13
633 733 9
451 733 11
184 733 12
370 733 12
438 733 10
733 744 9
169 733 14
397 733 12
204 733 8
678 734 10
525 734 8
5 734 10
337 734 10
354 734 9
418 734 10
535 734 11
216 734 9
430 734 10
175 735 15
636 735 11
287 735 8
495 735 10
106 735 12
7 735 7
116 735 9
613 735 11
37 735 9
563 735 14
413 735 11
484 735 13
592 736 12
232 736 11
211 736 7
464 736 9
302 736 8
149 736 9
734 736 10
488 736 14
78 736 12
178 736 10
305 737 10
498 737 11
1 737 8
459 737 12
572 737 10
51 737 13
448 737 9
63 737 11
715 737 9
17 737 12
420 738 7
98 738 8
191 738 10
26 738 12
499 738 9
37 738 13
41 738 10
465 738 14
185 738 11
402 738 8
423 738 9
628 739 10
211 739 10
606 739 13
66 739 10
695 739 8
319 739 7
150 739 9
91 739 6
192 739 13
332 739 10
364 740 10
14 740 10
424 740 12
461 740 7
470 740 9
711 740 11
169 740 10
529 740 10
537 740 11
398 741 11
631 741 11
133 741 8
112 741 8
483 741 9
672 741 9
544 741 11
39 741 12
715 741 12
540 742 10
636 742 9
546 742 7
263 742 10
501 742 9
677 742 12
69 742 10
513 742 10
96 742 12
612 742 12
733 743 10
34 743 10
425 743 9
139 743 12
739 743 11
556 743 11
708 743 13
343 743 11
270 743 10
653 743 10
226 743 4
397 744 11
544 744 12
382 744 8
511 744 11
140 744 11
636 744 12
224 744 7
335 744 11
495 744 10
739 744 12
352 744 11
655 745 11
722 745 11
11 745 10
218 745 9
480 745 14
286 745 10
178 745 14
595 745 9
325 745 9
467 745 14
363 746 10
327 746 10
7 746 10
228 746 10
445 746 9
439 746 11
301 746 9
542 746 10
336 746 7
292 746 8
316 746 9
270 747 11
427 747 7
734 747 15
115 747 15
537 747 12
478 747 12
135 747 7
378 747 12
500 747 11
680 747 10
571 748 12
23 748 7
241 748 9
597 748 6
667 748 12
308 748 12
258 748 9
568 748 11
205 748 10
165 748 10
701 749 12
338 749 7
193 749 12
368 749 8
628 749 13
157 749 9
528 749 10
39 749 13
666 749 9
135 749 10
359 749 9
