750
0
6
7
2
8
3
9
7
9
9
7
7
3
8
8
10
2
8
10
10
6
8
1
8
3
2
2
3
5
7
3
7
8
1
7
4
2
8
6
9
5
1
8
10
2
9
5
7
4
8
7
2
3
1
2
6
7
6
5
4
3
5
1
5
4
2
6
3
8
9
9
6
2
9
6
8
4
8
8
5
10
2
6
7
1
5
7
2
4
9
2
5
7
4
8
7
2
9
5
3
8
3
6
10
2
2
6
4
8
4
5
3
8
9
4
5
2
1
3
2
3
6
7
7
3
3
2
2
5
2
8
3
10
7
9
2
8
3
1
3
9
8
5
2
4
5
4
1
5
3
10
5
8
5
7
4
8
5
3
7
6
2
6
7
2
4
8
7
5
7
6
3
8
8
5
8
7
6
6
1
3
6
4
4
8
8
7
6
3
4
3
8
6
10
5
10
10
9
10
2
8
8
7
9
6
8
2
8
5
6
10
3
7
6
4
8
6
7
3
3
9
5
2
7
7
8
10
7
4
2
2
7
2
10
3
1
3
5
1
2
3
9
7
2
8
5
9
4
3
5
3
4
9
1
8
9
9
9
3
8
9
3
8
4
1
4
4
2
5
5
5
8
4
9
6
2
4
4
2
3
3
3
7
4
6
10
10
4
2
5
8
3
5
3
5
10
4
8
2
9
1
9
7
7
7
1
4
9
1
9
4
2
8
2
8
2
4
8
3
9
2
9
9
3
1
1
5
5
7
2
1
7
6
8
9
2
9
5
6
6
4
9
5
1
2
9
7
4
10
7
7
8
6
9
3
1
9
3
4
6
8
5
8
9
8
6
5
9
7
10
8
3
8
7
4
1
10
3
10
8
2
7
6
8
2
4
5
3
3
7
3
3
6
8
10
7
6
4
9
8
6
3
4
10
4
4
9
5
3
2
3
1
10
2
2
2
5
2
8
5
4
4
9
6
5
5
2
3
4
8
10
3
9
8
7
1
8
7
3
3
7
10
5
4
3
2
4
9
1
3
6
6
9
2
6
5
9
6
4
1
5
6
4
8
5
5
9
7
7
6
2
3
5
4
3
3
9
2
5
4
5
6
4
10
4
4
6
8
8
2
6
2
9
4
2
5
8
5
9
6
5
4
9
8
3
6
7
2
1
8
7
6
8
3
6
8
9
9
3
5
10
2
9
5
7
8
1
10
6
9
4
9
8
7
7
2
5
7
5
5
6
7
5
10
6
2
9
6
8
1
9
8
7
8
8
4
9
3
5
7
5
4
2
8
7
4
9
5
3
7
8
4
5
5
8
2
6
3
2
5
3
4
7
2
2
6
5
1
3
4
7
3
9
9
9
3
3
6
8
9
2
5
6
7
2
6
3
4
9
9
3
2
9
9
3
4
6
6
3
7
6
8
1
7
3
8
9
4
4
5
6
7
4
6
5
3
4
6
8
8
10
7
4
7
3
2
3
7
9
9
10
9
7
5
1
5
4
1
2
7
8
1
9
3
3
3
6
4
6
7
5
7
5
5
9
2
8
5
8
4
10
9
8
7
9
2
1
7
9
3
1
9
7
1
1
5
7
2
6
3
9
4
5
10
2
4
1
7
9
2
5
9
8
2
8
10
5
4
9
5
1
2
4
9
7
4
5
5
8
4
3
5
9
5
9
1
2
3
9
4
4
3
2
1
9
7
4
2
5
8
0 629 8
0 706 12
0 417 8
1 99 10
2 24 9
2 59 11
3 312 13
3 596 10
3 547 6
4 658 8
4 692 10
4 54 14
5 121 9
5 583 10
5 701 12
5 510 9
5 229 9
6 158 11
6 165 14
7 102 11
7 613 15
7 556 11
8 429 7
8 489 14
8 181 14
8 176 10
9 88 7
9 673 12
9 220 12
9 682 13
10 366 9
10 746 8
10 166 7
11 346 8
11 69 11
11 702 9
12 591 15
12 70 11
12 704 11
12 33 9
13 111 8
13 63 12
13 624 10
14 641 9
14 392 12
15 174 9
15 681 9
15 420 11
15 221 10
16 414 13
16 715 10
16 419 15
16 141 11
16 224 8
16 388 11
17 346 12
17 82 10
17 358 8
18 424 9
18 410 13
18 269 9
19 724 12
19 461 10
19 269 12
19 216 9
20 395 9
20 340 7
21 117 12
21 221 11
21 544 12
21 695 6
21 104 8
22 588 9
22 432 13
23 561 10
23 270 8
23 188 9
23 228 13
24 473 10
24 574 12
24 549 11
17 24 13
25 733 10
25 153 8
25 200 8
26 305 10
26 28 10
26 696 12
27 403 11
27 609 12
28 668 10
28 603 9
28 370 9
29 488 6
29 454 11
29 643 10
29 514 10
29 552 10
30 680 11
30 483 11
30 671 11
31 749 7
31 189 10
32 718 12
32 143 11
33 166 10
34 578 10
34 121 12
35 333 11
36 646 10
36 219 8
37 209 11
37 308 7
37 683 8
38 227 12
38 127 9
38 482 9
38 478 11
39 735 12
39 49 9
3 39 11
39 202 10
40 694 9
40 603 12
40 681 11
40 263 12
40 643 12
41 576 11
41 533 10
30 41 9
42 86 14
42 674 14
43 362 11
43 259 11
44 521 13
44 547 10
44 478 10
45 93 12
45 194 12
45 418 9
46 585 9
46 291 10
47 233 13
47 116 13
47 112 9
48 399 9
48 667 10
48 271 6
49 287 14
49 401 8
49 713 8
49 710 11
49 518 13
50 403 10
50 71 8
50 529 10
22 51 14
51 719 11
51 596 11
52 623 12
52 92 8
52 141 10
53 599 12
54 405 10
52 54 10
54 669 12
55 120 9
55 210 10
55 158 10
56 192 4
27 56 11
56 276 8
56 227 11
57 105 11
57 285 9
56 57 11
58 79 12
58 562 8
58 316 9
27 59 9
59 572 12
59 580 15
59 492 12
60 327 12
60 272 10
60 361 13
61 237 10
61 616 12
61 309 10
61 212 8
62 671 10
62 600 15
62 339 10
62 534 9
63 742 10
63 151 7
63 504 9
63 628 9
64 459 9
63 64 11
65 129 7
65 747 8
65 544 8
65 524 13
66 667 8
66 541 10
67 660 11
67 421 12
67 353 8
67 342 14
68 410 10
68 110 13
68 647 8
68 222 10
68 621 6
69 544 13
33 69 11
69 486 8
70 317 9
70 248 10
71 646 9
71 692 8
71 317 9
72 165 8
72 358 9
72 356 11
73 392 10
73 688 12
73 388 11
73 441 13
74 323 6
74 628 12
75 718 13
75 329 12
75 689 14
75 142 11
75 567 10
76 480 11
76 490 10
76 274 13
76 477 9
77 423 10
77 719 7
77 447 11
78 309 14
78 91 12
78 400 11
79 267 10
79 518 8
80 306 14
80 649 9
81 452 9
81 283 11
81 367 11
82 308 11
82 329 10
82 641 10
82 650 15
83 594 10
83 512 10
83 224 8
83 183 6
84 439 13
84 233 12
85 157 11
85 248 9
4 85 10
35 85 11
86 642 11
86 508 9
86 502 9
86 106 11
87 267 8
87 648 13
87 108 5
88 497 10
88 485 11
89 225 11
89 709 10
90 680 9
90 135 9
90 490 11
90 372 13
91 737 12
74 91 12
64 91 10
92 446 13
92 119 8
92 209 10
93 106 13
93 219 6
93 348 8
93 555 14
94 232 8
83 94 10
2 95 11
95 615 8
0 96 8
96 103 11
10 96 8
96 589 9
88 96 13
97 389 8
97 435 9
98 612 12
98 427 5
98 558 9
98 255 8
99 492 9
99 231 10
99 528 9
87 99 10
100 154 9
61 100 10
100 220 9
100 261 8
71 101 9
102 192 9
51 102 14
102 642 13
103 193 10
103 585 13
103 139 10
103 729 13
104 212 11
104 216 11
105 543 9
105 265 9
106 682 12
106 500 11
106 439 6
107 533 15
107 344 11
107 598 12
108 743 10
108 411 10
109 144 7
100 109 10
109 158 9
12 110 12
33 110 10
111 688 8
55 112 12
112 282 9
112 656 12
113 407 8
113 433 14
114 659 10
114 448 9
114 501 12
115 487 9
115 441 11
115 697 9
115 209 9
116 707 13
116 388 10
117 600 8
117 337 12
100 117 15
118 157 12
8 118 8
59 119 14
119 193 11
119 741 10
101 119 8
120 374 10
121 574 9
87 121 17
121 549 9
122 432 11
122 379 11
46 122 10
123 211 12
71 123 11
123 688 10
115 124 10
124 624 13
124 513 8
125 527 12
55 125 10
125 268 10
55 126 13
12 126 12
126 558 9
127 530 8
127 575 12
27 127 8
128 515 15
128 141 12
129 409 11
129 493 14
130 407 14
130 402 12
130 365 12
14 130 5
131 489 9
50 131 10
131 201 11
132 231 12
12 133 10
98 133 10
133 399 11
134 609 11
134 665 12
135 329 9
135 721 13
136 468 9
56 136 8
136 653 9
137 459 10
137 176 12
137 592 8
137 605 9
138 479 9
138 331 10
138 192 10
138 595 12
139 520 7
34 139 12
126 139 12
139 675 8
140 579 9
141 152 9
141 268 13
141 675 12
142 507 8
142 635 12
142 338 12
143 294 10
144 746 11
144 669 12
145 514 10
145 519 14
145 714 10
145 558 13
146 265 11
146 549 9
146 730 12
147 520 12
147 536 7
148 694 14
149 633 14
149 715 13
94 150 10
150 186 10
150 368 9
150 302 11
151 704 13
138 151 12
152 685 11
152 495 12
152 456 8
33 153 13
153 662 9
153 666 11
121 154 9
154 627 13
154 671 9
127 155 11
155 656 8
155 325 14
155 725 12
156 729 8
156 636 8
156 240 11
157 426 12
113 157 13
74 158 9
158 458 10
159 227 6
120 159 8
40 159 10
160 162 8
160 240 12
160 480 10
46 160 14
161 400 12
9 161 12
161 572 15
109 162 10
162 451 9
162 372 7
163 296 13
163 547 9
163 391 14
164 480 8
56 164 7
164 249 12
164 372 6
165 433 5
165 436 10
165 733 12
166 629 13
166 712 13
167 220 8
167 394 12
110 167 7
56 168 14
168 641 7
168 725 12
42 168 13
169 537 7
169 188 7
169 326 12
145 170 7
170 592 12
170 562 8
171 495 15
171 214 11
171 473 11
172 232 10
39 172 11
173 328 11
173 479 10
174 181 12
174 493 9
174 548 9
174 566 10
175 381 11
176 331 9
73 176 7
176 726 12
89 176 13
177 234 9
43 178 8
178 707 9
179 644 12
179 667 9
180 573 10
180 578 8
181 723 9
181 693 15
181 190 9
49 182 12
182 697 11
182 236 10
182 183 10
183 748 9
183 508 11
183 207 13
53 184 10
184 698 12
185 380 13
185 473 11
186 439 7
186 317 4
186 660 12
186 561 9
185 186 10
187 279 7
178 187 11
187 681 10
187 699 10
188 722 12
188 443 9
188 247 10
188 622 13
166 189 10
189 254 11
85 189 10
143 190 7
190 669 7
190 642 13
190 649 11
189 191 9
191 356 9
10 192 9
192 523 11
121 193 11
193 718 12
194 289 12
194 668 10
194 199 9
195 588 8
195 693 13
195 342 8
191 196 10
196 586 6
196 398 9
197 599 9
114 197 10
105 197 9
198 226 9
29 198 10
5 198 10
198 723 10
144 199 12
199 414 9
200 611 12
136 200 10
201 231 9
201 391 13
201 552 6
201 346 5
150 202 8
171 202 11
120 202 9
203 538 11
203 673 11
203 243 10
203 748 10
204 362 10
204 363 11
82 205 10
205 495 9
175 205 9
206 538 13
15 206 12
207 448 10
207 701 12
207 234 11
208 454 12
208 510 12
195 208 12
209 231 12
209 682 11
209 572 10
210 441 10
75 210 12
211 369 10
211 564 12
211 527 16
195 212 10
38 212 10
212 531 14
192 212 10
213 568 6
213 659 10
214 668 11
214 731 14
143 214 10
215 298 11
215 613 10
94 215 12
216 487 11
101 216 8
211 216 12
189 217 10
217 518 11
217 431 8
26 217 15
218 622 9
218 412 8
64 218 11
218 324 13
219 506 11
219 240 11
219 401 11
220 356 12
204 220 5
221 729 7
221 618 12
222 341 7
223 684 11
223 599 12
223 693 12
223 490 8
224 681 9
14 224 11
224 380 10
79 225 8
225 686 4
225 578 8
151 226 8
226 443 9
226 527 8
227 662 10
227 291 9
143 227 11
227 623 8
228 669 11
195 228 13
228 639 12
228 342 10
229 434 10
229 358 13
167 230 11
122 230 7
230 360 11
230 532 13
231 351 6
231 679 8
231 714 11
232 614 13
232 643 8
70 232 12
233 521 9
233 427 9
233 594 10
234 552 12
234 651 9
13 234 10
234 358 11
57 234 8
51 235 15
9 235 12
235 354 13
236 714 14
194 236 11
236 477 9
237 561 10
130 237 9
237 433 10
238 430 10
239 253 10
239 330 11
113 239 14
239 473 10
240 359 11
241 671 9
241 457 8
242 578 9
199 242 11
242 547 8
243 424 9
209 243 10
243 372 9
144 244 13
225 244 15
84 244 9
211 244 7
245 301 10
245 380 16
55 245 13
170 245 15
246 729 10
42 246 11
66 246 9
239 246 8
247 299 8
247 556 13
247 620 10
248 344 12
248 528 9
249 468 14
249 421 15
238 249 10
207 249 5
249 604 11
250 568 10
250 405 8
197 250 11
157 250 9
251 550 9
251 514 13
251 463 12
133 252 13
252 406 15
252 728 11
83 253 9
254 693 9
132 254 8
254 267 7
199 254 14
4 255 12
255 617 14
106 255 13
256 713 11
256 744 11
257 588 10
257 720 13
257 655 12
114 258 8
258 365 10
258 417 12
130 258 13
161 258 13
258 645 15
259 431 10
169 259 11
260 339 12
260 671 15
170 260 6
261 649 9
1 261 5
261 741 15
243 261 11
262 552 10
262 373 10
262 603 7
262 416 9
183 263 10
263 484 10
263 598 9
264 390 15
264 604 10
264 268 15
264 680 11
264 413 14
265 663 11
107 265 9
265 528 14
266 338 9
266 396 7
267 689 10
246 267 8
267 458 13
40 268 8
30 268 10
133 268 11
268 333 15
269 663 11
269 375 9
186 269 12
269 456 12
270 565 7
270 307 10
271 291 8
104 271 8
254 271 9
76 272 9
272 439 8
272 309 10
273 508 6
256 273 12
99 273 10
273 553 10
253 274 11
274 292 9
275 587 11
106 275 14
275 666 10
98 276 12
276 500 12
276 565 11
276 481 10
277 312 12
277 327 11
277 684 11
278 285 9
278 579 11
97 278 12
59 278 9
277 279 11
279 581 14
279 574 10
244 280 12
280 543 14
280 535 9
184 280 9
281 477 7
19 281 10
281 634 5
282 373 6
14 282 12
282 605 8
8 283 11
283 415 10
283 340 10
72 283 12
284 424 13
284 613 9
284 560 8
284 694 7
285 613 11
27 285 12
286 453 8
170 286 11
120 286 12
287 352 11
287 663 8
288 573 14
288 700 11
289 681 9
53 289 13
150 289 12
289 436 9
289 310 8
290 305 12
290 621 9
55 290 13
9 291 11
291 506 9
291 592 11
292 718 10
9 292 10
292 530 8
164 293 8
293 433 10
77 293 9
293 441 8
293 720 14
294 685 11
37 294 15
294 477 12
295 652 6
134 295 13
198 296 12
296 423 11
296 417 9
297 315 13
205 297 11
297 612 9
298 460 10
299 739 7
21 299 11
299 362 13
300 449 11
300 641 11
300 690 7
301 557 8
301 493 11
301 369 12
87 301 10
302 484 12
302 433 10
303 566 12
303 424 10
54 303 12
283 304 12
120 304 9
26 304 10
305 719 12
305 448 14
305 334 11
223 305 11
305 371 13
306 466 13
306 443 11
232 306 11
307 646 8
307 424 10
307 537 7
4 308 11
308 525 8
308 615 14
215 309 15
52 309 9
309 374 13
102 309 13
309 321 9
294 310 10
310 672 13
310 479 13
310 657 9
311 411 12
61 311 7
68 311 10
311 623 11
132 312 8
312 628 13
313 581 10
80 313 11
313 408 12
85 314 10
276 314 7
314 631 10
283 315 11
315 677 8
288 316 14
119 317 14
317 482 13
317 375 10
318 497 10
318 528 12
303 318 11
269 318 12
319 621 9
319 468 12
319 722 11
319 724 11
320 732 11
18 320 10
105 320 10
321 719 12
321 435 12
321 344 10
127 322 12
54 322 10
322 634 11
251 323 9
221 324 11
324 429 7
324 453 11
140 324 12
275 325 9
162 325 8
325 418 10
120 326 8
326 508 8
326 431 10
97 326 13
120 327 9
12 328 11
328 396 10
328 686 6
328 647 9
58 329 12
329 462 8
69 329 9
330 657 12
330 703 9
37 330 10
330 747 10
323 331 10
331 337 12
332 453 13
332 433 11
15 332 8
332 385 13
1 333 8
333 464 10
333 656 13
200 334 13
266 334 9
334 575 10
334 387 10
82 334 10
292 335 12
295 335 12
100 336 11
336 355 10
336 608 10
337 614 9
337 664 10
337 504 9
317 338 16
246 338 11
338 396 10
177 339 12
38 339 11
340 620 11
340 580 7
340 375 8
47 341 8
341 715 10
265 342 10
342 355 13
18 342 11
342 692 11
110 343 13
153 343 11
13 344 15
344 386 12
344 451 13
344 708 10
344 742 10
69 345 8
105 345 9
345 539 9
346 515 14
19 346 11
238 346 6
346 598 8
281 347 10
268 347 13
347 381 12
348 421 8
259 348 9
348 631 10
349 485 10
41 349 9
269 349 7
116 350 6
350 582 7
68 350 12
350 567 10
209 350 8
267 351 11
351 741 13
351 577 8
217 351 10
303 352 10
169 352 11
353 388 8
144 353 9
32 353 13
214 354 11
354 481 12
331 355 9
101 355 11
273 355 15
355 708 8
356 711 9
217 356 9
356 637 10
357 743 10
299 357 10
358 458 9
285 358 11
359 400 12
359 369 8
245 360 11
360 581 11
360 388 9
361 466 10
249 361 12
179 362 8
362 388 11
362 518 9
363 412 11
363 742 9
301 364 8
364 377 11
365 648 8
365 473 12
344 366 8
367 564 10
40 367 12
323 367 10
10 367 8
368 701 11
166 368 12
368 534 10
267 368 7
26 369 10
369 676 5
370 499 9
264 370 9
328 370 7
371 401 9
216 371 9
15 371 16
285 371 12
32 372 12
372 457 11
372 602 11
372 533 11
373 644 10
373 626 7
76 374 8
60 374 11
374 514 9
375 381 10
237 375 9
176 375 13
375 652 14
138 375 10
375 651 10
149 376 11
376 446 11
177 376 8
223 377 10
109 377 10
30 377 9
378 519 11
378 439 12
345 378 10
378 587 11
378 426 8
307 379 13
380 421 10
278 380 9
338 380 11
323 381 11
381 386 11
349 382 11
326 382 13
101 382 9
208 383 11
40 383 8
383 678 6
383 518 9
384 462 9
147 384 12
109 384 6
384 495 7
385 448 12
173 385 12
135 386 7
347 386 11
386 623 15
281 387 8
387 585 10
143 388 11
266 388 8
388 625 7
389 570 10
389 725 8
240 389 12
390 439 9
390 596 13
46 390 13
207 390 12
182 390 9
102 391 12
391 679 9
391 539 10
352 392 6
392 461 8
393 420 11
393 501 8
277 393 12
13 394 11
14 394 9
88 395 6
395 464 10
395 575 8
157 395 11
327 396 11
396 639 9
42 396 10
397 635 12
397 737 12
357 397 8
398 416 7
20 398 9
399 461 9
399 455 11
220 399 8
197 399 11
171 399 8
400 681 11
350 400 11
221 400 8
283 400 16
180 401 11
401 574 8
53 401 15
402 535 7
206 402 11
402 605 11
403 597 10
403 503 8
403 634 11
331 404 15
364 404 12
209 405 9
405 664 8
406 617 10
406 654 7
13 407 12
407 434 9
408 456 11
9 408 9
34 409 9
409 562 8
409 565 9
285 409 11
91 409 10
410 538 10
295 410 11
410 512 11
410 485 9
136 411 12
61 412 13
245 413 12
145 413 9
413 423 14
160 413 10
15 414 13
77 414 9
415 427 11
7 415 13
415 748 11
415 692 8
43 415 11
331 416 10
135 416 12
103 416 10
65 417 11
61 417 13
122 417 7
417 685 11
418 711 8
405 418 9
126 418 11
418 581 11
418 740 11
282 419 12
419 441 10
420 480 13
420 491 11
420 498 10
420 581 9
389 421 12
18 421 11
378 421 8
422 661 10
393 422 10
422 621 11
417 422 11
423 690 14
97 423 11
126 423 11
367 423 13
248 424 9
424 505 7
272 424 9
47 425 12
147 425 14
341 426 13
29 426 9
374 426 12
115 426 11
427 694 8
427 560 13
142 428 7
428 521 12
249 428 10
429 447 12
429 655 9
429 650 13
430 568 12
321 430 11
430 726 10
431 567 9
243 431 10
98 431 12
432 644 11
432 671 9
432 731 11
432 641 10
433 682 12
207 433 13
433 651 10
434 675 10
434 463 8
434 695 12
94 435 9
195 435 11
238 435 11
338 436 8
437 698 8
437 630 13
412 437 10
438 493 12
248 438 10
165 439 11
287 440 9
440 456 13
112 441 11
441 612 8
442 475 11
241 442 7
399 442 10
124 443 10
443 706 13
139 444 10
136 444 10
185 444 9
329 445 11
446 546 11
68 446 10
446 739 10
446 622 11
447 654 11
340 447 11
187 448 9
267 448 11
448 540 10
448 667 8
157 449 11
148 449 9
449 497 12
325 449 11
195 450 9
322 450 9
451 645 12
451 577 9
348 451 13
328 451 12
56 452 8
430 453 12
413 453 10
92 453 10
453 709 8
454 495 15
454 543 7
454 570 13
370 454 12
52 455 11
140 455 13
269 455 12
122 455 7
410 455 12
456 725 9
196 456 9
42 457 11
329 457 11
394 457 12
458 616 10
458 658 10
390 458 16
36 459 12
353 459 14
460 591 7
460 590 9
273 461 11
461 511 8
345 462 14
109 462 9
220 463 12
463 504 9
270 463 13
437 463 9
464 727 13
127 464 12
257 464 9
168 464 14
465 694 10
465 598 9
175 465 12
464 465 15
226 466 11
273 466 10
467 520 10
202 467 11
467 670 13
225 467 10
385 468 10
468 720 11
469 491 10
151 469 9
1 470 9
470 710 11
159 471 11
471 580 9
335 471 12
137 472 13
472 551 10
457 473 9
405 473 7
316 473 11
190 474 9
474 623 7
161 475 11
438 475 7
128 476 10
423 476 10
236 476 12
477 708 11
17 477 9
346 478 13
255 478 12
413 478 11
326 478 10
406 479 10
479 727 9
479 731 12
313 479 8
479 726 7
480 500 8
40 481 11
193 481 13
481 578 14
451 481 13
308 481 9
130 482 13
85 482 10
468 482 9
231 483 11
483 614 13
70 483 8
484 549 11
484 677 10
363 484 10
188 485 10
485 693 8
486 736 8
290 486 11
246 486 9
486 726 12
487 671 11
198 487 11
125 487 10
244 488 10
147 488 9
277 488 7
154 489 10
489 725 9
377 489 13
489 583 10
26 490 11
490 655 12
236 490 11
491 599 6
491 493 13
492 567 10
109 492 8
223 492 8
442 492 9
405 492 9
76 493 10
493 711 9
235 493 12
7 493 9
494 552 9
306 494 13
303 494 10
160 494 12
128 495 8
347 495 13
349 496 10
496 644 8
496 608 12
497 570 12
497 643 9
73 497 10
324 498 7
189 498 13
498 737 9
66 498 9
312 498 9
499 568 10
379 499 11
438 500 14
229 500 11
500 509 13
500 580 12
359 501 9
303 501 9
390 501 13
465 501 11
487 502 16
241 502 8
100 502 11
67 503 9
246 504 10
364 504 10
129 504 11
340 505 11
469 505 13
505 557 9
150 506 10
213 506 11
461 506 13
506 709 9
506 642 10
507 648 8
217 508 11
0 508 9
508 513 12
509 577 6
242 509 10
238 509 13
509 717 12
314 510 11
241 510 8
351 510 10
510 596 10
511 615 7
203 511 11
39 512 10
250 512 11
272 512 11
502 512 8
513 550 12
239 513 12
513 553 8
392 513 9
178 514 8
445 514 9
383 514 10
358 515 13
446 515 9
286 515 9
343 515 12
126 516 7
330 516 11
327 516 10
108 517 9
261 517 9
134 518 6
181 518 10
518 631 10
366 518 9
457 519 8
143 519 11
519 650 12
333 519 8
520 668 9
520 650 8
361 520 14
411 521 8
375 521 10
290 521 12
522 639 11
522 620 11
506 522 11
395 522 6
522 615 9
523 641 11
523 690 8
147 523 9
307 523 13
276 524 12
146 525 11
304 525 9
430 525 11
393 525 9
440 525 10
80 526 13
182 526 8
526 676 9
526 682 11
472 527 11
194 527 9
527 534 12
462 527 11
528 650 9
43 528 11
528 574 10
286 529 10
350 529 12
32 529 9
489 530 5
477 530 13
160 531 13
531 686 8
204 531 11
495 532 10
160 533 12
533 601 12
113 533 10
437 534 11
534 538 11
485 534 12
282 535 8
270 535 8
388 535 13
522 536 10
509 536 13
377 536 9
405 536 11
115 537 12
503 537 9
537 556 12
103 538 12
181 538 9
539 550 12
107 539 8
540 551 8
106 540 10
540 705 7
199 541 12
541 740 6
436 541 13
159 542 14
12 542 6
542 707 11
543 650 9
236 543 14
544 693 11
97 544 9
388 545 8
545 743 10
545 581 17
530 545 8
371 546 7
546 644 12
546 637 7
376 546 11
296 547 10
547 602 9
547 680 13
157 548 15
118 548 9
110 548 12
548 724 12
331 549 10
489 549 9
78 549 7
485 550 9
511 550 14
550 581 12
445 551 8
329 551 11
235 552 10
552 588 10
397 552 11
506 553 10
553 653 14
299 553 11
100 553 15
286 553 7
367 554 9
331 554 13
452 555 11
217 555 11
551 555 12
75 555 10
214 555 9
452 556 10
396 556 7
298 557 10
187 558 11
298 558 10
489 559 10
548 559 6
25 559 11
560 691 9
447 560 11
561 611 9
561 682 11
197 562 10
562 653 10
439 563 12
563 576 12
84 563 12
563 718 11
360 564 9
199 564 10
534 564 8
198 565 10
376 565 12
565 672 13
565 609 11
147 566 8
224 566 9
212 566 9
514 566 9
567 587 9
309 567 11
497 567 11
392 567 11
565 568 9
466 568 9
568 587 8
181 568 13
508 569 13
398 569 10
518 569 11
569 650 11
570 591 8
150 571 12
571 721 6
13 571 7
571 722 9
530 572 11
34 572 7
486 572 8
207 573 9
40 573 12
303 574 8
574 653 10
207 574 9
575 656 12
100 575 11
516 575 11
413 576 8
511 576 11
399 576 12
442 577 12
71 577 10
578 591 9
578 664 9
579 652 9
49 579 14
528 579 12
79 580 9
580 681 11
68 580 12
580 614 12
377 580 11
404 581 11
472 581 7
570 582 11
310 582 12
379 582 10
443 582 13
582 594 9
405 583 8
181 584 13
578 584 11
152 585 9
35 585 10
585 669 10
586 711 11
477 586 12
497 586 10
386 587 11
473 587 13
526 587 8
588 689 12
185 588 11
461 588 14
260 589 11
442 589 4
556 589 12
581 589 9
421 589 13
590 685 11
590 611 9
280 590 10
87 591 8
37 591 9
49 591 13
246 592 13
28 592 8
593 725 9
346 593 10
119 594 12
129 594 10
594 735 12
594 618 16
555 595 12
333 596 8
4 596 10
177 596 9
70 597 10
479 597 6
474 598 9
570 598 10
598 633 9
257 599 11
401 599 9
572 599 9
343 599 14
600 661 10
600 740 13
564 600 10
327 601 8
99 601 10
279 601 12
29 601 10
602 689 15
404 602 9
437 602 10
602 619 12
453 603 13
131 603 8
293 603 9
484 604 11
604 615 13
332 605 11
330 605 6
28 606 11
476 606 12
606 626 10
432 606 13
482 607 12
607 735 12
508 607 8
471 608 10
335 608 7
143 609 9
316 609 6
582 609 12
610 708 9
378 610 11
316 611 13
560 611 9
259 611 7
612 625 12
356 612 11
188 613 9
575 613 10
493 613 10
394 613 11
127 614 12
614 648 12
524 614 11
596 614 8
615 625 13
571 615 7
116 615 13
160 616 6
298 616 8
127 617 12
382 617 10
18 618 15
171 618 13
189 618 10
618 666 11
136 619 8
190 619 11
483 620 9
224 620 12
308 620 11
566 621 11
196 621 14
621 648 12
622 749 11
191 622 11
622 736 9
502 623 7
623 655 10
72 623 11
271 623 12
405 623 14
392 624 10
4 624 8
554 624 7
263 624 11
622 625 8
485 625 12
49 625 14
511 626 11
519 626 9
434 626 9
338 627 14
248 627 13
167 627 10
85 628 11
352 628 9
510 629 11
95 629 10
370 629 11
487 629 11
444 630 7
630 675 10
630 640 6
631 677 9
259 631 13
588 631 14
513 631 10
146 631 11
359 632 15
575 632 11
140 632 8
471 633 10
503 633 10
229 634 12
634 638 12
634 679 12
635 686 12
630 636 8
232 636 11
633 636 10
637 652 11
637 717 13
494 637 9
395 638 11
32 638 13
230 638 10
197 639 9
38 639 11
639 658 12
640 682 11
451 640 12
620 640 10
106 640 8
333 641 9
416 641 13
220 642 11
642 646 9
310 643 12
94 643 10
433 644 11
36 644 9
303 644 12
263 645 8
318 645 12
275 645 9
284 645 10
275 646 10
646 650 12
207 646 11
243 646 13
163 647 10
56 647 9
130 648 12
648 747 8
303 649 10
472 649 12
569 649 9
597 649 8
450 650 12
227 650 14
434 650 10
527 651 6
568 651 12
505 651 10
176 651 11
335 652 9
48 652 11
308 652 13
228 653 7
41 653 11
536 654 9
191 655 11
156 655 11
388 655 11
271 656 10
631 656 15
159 657 9
280 657 14
414 658 13
646 658 14
379 658 9
200 659 9
530 659 12
587 659 9
118 659 11
324 659 7
399 660 11
342 660 11
209 660 11
332 661 13
151 661 11
662 689 10
96 662 7
267 662 14
122 662 13
484 663 11
631 663 12
550 663 9
259 663 7
440 664 6
495 664 10
665 666 11
529 665 7
666 706 9
350 666 9
244 666 10
193 667 9
587 667 9
667 687 12
213 668 9
389 668 7
453 669 12
310 669 9
383 669 7
275 670 10
598 670 9
457 670 10
371 670 9
203 671 11
580 671 10
480 671 12
671 696 13
183 671 10
488 672 8
360 672 13
388 672 9
268 672 6
109 673 12
575 673 10
291 673 8
495 673 13
270 674 9
305 674 12
13 675 8
372 675 12
292 675 8
404 676 13
215 676 11
609 676 13
249 677 12
212 677 10
358 678 10
169 678 9
536 678 8
174 679 10
584 679 8
633 680 13
586 680 9
364 681 11
612 681 9
63 681 11
77 681 9
575 682 10
206 682 11
18 683 8
537 684 13
477 684 10
64 684 14
474 684 14
220 685 11
205 686 10
144 686 11
565 686 6
135 686 12
585 687 7
376 687 9
162 687 8
505 688 8
57 688 9
351 688 13
688 702 14
119 689 9
46 689 13
334 689 9
467 690 13
326 690 8
78 690 8
410 691 7
171 691 11
195 691 11
265 692 7
653 692 10
105 692 8
174 692 10
203 693 10
478 693 8
659 694 12
262 694 12
280 694 9
542 695 13
109 695 9
250 695 12
340 696 15
476 696 11
117 696 7
477 697 12
460 697 11
225 697 11
74 697 12
332 697 12
633 698 10
550 699 7
274 699 15
73 699 11
129 699 9
239 700 11
57 700 8
614 700 9
177 700 11
627 700 9
284 701 9
0 702 14
322 702 8
355 702 13
625 703 11
529 703 11
62 703 13
614 704 12
105 704 10
429 704 14
106 704 8
310 705 11
409 705 7
684 705 8
231 706 10
90 707 10
416 707 11
272 707 9
215 708 11
96 708 10
321 709 9
621 709 13
232 710 7
74 710 11
98 710 7
281 710 10
173 710 11
565 710 14
304 711 10
219 711 9
686 711 13
377 712 14
452 712 8
671 712 10
155 712 11
657 712 12
542 713 10
641 713 11
61 713 13
257 714 6
589 714 10
520 715 6
1 715 12
472 716 13
375 716 11
244 716 10
443 717 8
615 717 12
171 717 13
93 718 11
319 718 16
429 719 11
540 719 8
690 719 12
563 720 9
451 720 14
180 721 11
369 721 9
649 721 9
84 721 11
203 721 11
495 722 9
607 722 12
302 722 9
151 723 9
357 723 7
351 723 13
273 724 15
424 724 9
473 724 9
32 724 9
399 725 9
113 725 13
662 725 9
167 726 13
495 726 10
373 727 9
418 727 13
52 728 8
79 728 11
317 728 9
729 738 11
432 729 13
280 729 12
222 729 9
562 730 12
413 730 13
45 730 10
444 731 10
277 731 13
293 732 11
464 732 13
190 732 10
350 733 12
444 733 8
76 733 9
112 734 9
407 734 13
502 735 14
153 735 12
77 736 12
568 736 11
591 736 11
113 737 6
155 737 12
186 737 10
710 737 13
37 738 13
18 738 6
542 739 11
290 740 13
326 740 9
665 740 7
36 740 7
585 741 10
222 741 14
94 741 10
462 741 11
415 742 8
191 742 10
735 742 7
726 742 9
373 743 9
555 743 9
583 743 11
667 744 8
342 744 12
282 744 11
216 744 12
744 747 11
648 745 8
135 745 9
378 745 11
406 745 11
306 746 9
516 746 10
116 746 11
549 747 13
257 747 9
54 747 9
265 748 12
396 748 10
153 748 15
517 749 13
466 749 11
