750
0
5
9
2
8
6
2
7
6
6
3
5
7
7
9
3
5
3
4
7
9
4
4
6
4
10
10
1
10
4
3
9
3
8
2
7
6
9
5
5
6
5
3
7
7
5
6
5
1
8
5
2
2
5
8
3
8
8
4
2
6
3
2
9
9
3
1
3
9
1
9
9
2
7
9
4
8
2
9
9
9
2
5
8
7
3
8
2
6
8
5
2
9
8
2
6
4
9
9
4
6
4
10
3
8
9
1
2
3
8
4
10
2
7
6
6
4
9
6
6
1
2
6
1
7
4
9
6
2
8
10
5
5
4
5
3
2
5
7
9
3
3
2
7
4
6
9
6
6
9
2
5
8
7
4
5
1
10
8
6
2
5
3
6
8
4
7
6
2
4
9
6
8
8
1
8
7
3
6
7
5
2
2
6
8
4
4
5
4
5
2
7
9
7
7
8
8
2
5
8
3
7
9
4
10
3
8
4
7
4
6
10
5
2
1
7
8
6
8
7
5
3
4
9
5
2
10
7
2
7
8
7
6
4
8
5
3
3
9
5
10
10
4
4
4
9
3
4
7
2
1
6
9
5
3
1
3
7
7
7
4
4
2
6
4
3
4
2
9
10
10
9
6
3
6
6
9
2
1
1
10
4
7
7
6
3
6
7
4
6
2
7
7
7
2
5
2
7
8
8
6
1
6
9
4
4
9
8
6
7
3
4
7
3
7
6
7
5
8
4
5
7
3
2
3
3
4
9
6
4
1
6
2
9
6
4
5
3
7
9
1
9
5
6
8
8
6
9
7
9
2
9
9
2
9
6
10
9
6
7
4
9
4
3
4
9
8
5
8
8
2
6
6
9
7
2
3
5
2
5
1
6
4
10
10
8
5
3
8
2
8
7
4
5
3
4
3
9
6
7
1
10
3
7
5
10
6
8
6
6
2
4
6
6
4
7
5
9
3
7
9
9
7
5
9
8
7
2
5
3
3
2
8
2
8
6
5
8
2
8
9
8
1
1
8
8
7
5
9
8
7
3
10
4
10
8
5
2
10
3
10
4
1
4
4
5
7
2
3
2
7
3
10
4
8
4
9
6
4
1
5
2
5
3
6
2
1
2
8
3
6
7
5
3
4
7
1
6
7
3
5
3
7
7
8
2
9
9
6
7
7
9
4
6
7
3
3
5
3
2
8
6
10
5
2
9
2
3
6
10
9
5
6
1
8
5
5
7
4
3
6
4
5
6
4
4
2
10
4
8
1
3
2
8
2
4
6
7
7
8
3
7
9
7
2
3
1
8
8
5
8
6
3
6
6
8
3
1
3
5
6
7
6
6
10
9
2
1
8
4
8
2
3
4
6
4
3
4
4
9
7
6
8
2
2
4
6
1
9
9
6
9
2
9
1
9
9
8
6
9
5
2
9
2
1
6
3
4
8
6
6
9
8
6
7
6
8
9
6
1
8
7
8
4
7
6
6
10
9
8
7
8
7
5
7
10
6
2
4
3
3
6
9
4
2
10
4
4
3
3
4
2
7
2
9
4
8
9
8
7
8
6
4
5
6
9
6
7
8
1
2
5
7
5
7
7
1
2
3
2
6
6
4
6
5
8
4
10
5
7
2
5
6
2
8
7
7
6
1
9
7
2
6
8
5
7
5
8
8
5
5
2
10
7
8
10
5
4
4
4
1
2
4
8
7
6
3
3
2
8
0 655 8
0 258 9
0 568 12
0 82 8
0 465 9
1 331 13
1 236 13
1 614 8
1 104 11
1 509 15
1 554 11
2 575 11
2 226 11
2 365 13
2 99 13
2 31 11
2 593 8
3 511 11
3 399 11
3 687 11
3 61 13
3 668 9
4 675 10
4 484 7
4 359 11
4 351 12
4 383 11
4 161 12
4 197 16
5 744 6
5 270 9
5 370 12
5 86 10
5 202 8
6 455 12
6 592 12
6 613 14
6 111 11
7 264 12
7 672 8
7 405 11
8 536 10
8 585 8
8 374 8
8 90 11
8 680 9
9 230 5
9 726 13
9 640 10
9 354 13
9 607 9
10 498 12
10 50 9
10 321 7
10 174 9
11 486 11
11 76 7
11 611 9
11 275 11
11 479 11
12 240 11
12 56 10
12 453 15
12 368 13
13 127 12
13 283 9
13 581 8
13 173 7
13 747 9
13 119 12
13 147 13
14 292 12
14 528 10
14 391 11
14 45 11
14 188 15
15 566 9
15 168 11
15 52 13
15 50 10
16 363 10
16 325 8
16 704 12
16 654 11
16 22 13
16 369 10
17 634 11
17 323 10
17 143 11
17 391 14
17 590 10
17 19 12
18 51 9
14 18 11
18 640 13
18 98 9
18 268 9
19 613 10
19 642 13
19 403 7
19 531 13
19 706 7
20 216 9
20 348 10
20 565 9
20 482 9
20 673 9
21 421 10
21 564 11
21 472 10
21 453 9
21 67 9
22 676 14
22 547 10
22 657 14
22 401 9
22 424 10
23 661 13
23 668 11
23 628 10
23 45 11
23 633 9
23 290 8
24 313 11
24 62 8
24 702 9
24 174 7
24 66 8
25 341 10
25 623 10
25 696 11
25 98 7
25 720 10
26 209 12
26 366 12
26 40 14
26 397 8
27 460 9
27 342 11
27 37 13
27 483 12
27 749 9
27 278 8
28 600 12
28 722 14
28 64 10
28 496 12
29 536 11
29 352 13
29 566 11
30 327 13
30 669 10
30 486 8
15 30 10
31 75 7
31 450 10
31 86 11
31 605 12
31 424 11
31 393 11
32 439 13
32 99 12
32 351 12
32 671 13
33 540 10
33 316 11
33 240 9
33 511 9
33 120 6
34 233 12
34 46 8
34 382 12
34 197 15
35 411 8
35 417 11
35 336 9
35 418 9
35 335 12
35 177 12
3 35 10
36 156 7
36 56 11
36 355 10
36 91 12
36 326 9
37 341 13
37 176 10
37 529 14
37 484 10
37 669 8
37 546 11
38 590 10
38 348 15
38 151 9
38 194 14
38 153 11
39 363 11
39 737 11
39 69 10
39 55 10
39 250 11
37 39 15
39 279 12
40 497 11
40 256 13
40 646 12
40 434 10
40 417 15
41 393 11
41 247 10
41 98 16
41 138 8
41 219 13
42 86 12
42 128 8
42 698 8
42 422 9
43 544 10
43 209 10
43 344 12
43 143 13
43 678 10
43 347 16
44 45 6
44 395 12
44 746 9
44 543 13
27 45 13
45 734 12
45 156 12
45 56 9
46 684 12
46 586 7
46 650 11
46 604 12
46 573 13
46 169 11
47 530 10
47 353 11
47 490 11
47 117 9
47 141 11
47 712 10
47 671 10
48 419 13
48 116 11
48 622 10
48 412 7
49 697 11
49 599 14
49 694 11
49 463 9
49 391 11
49 635 12
50 303 9
50 688 11
50 742 8
50 515 10
50 114 8
51 448 9
51 640 13
44 51 10
51 549 12
52 745 8
52 711 16
52 97 13
52 570 12
52 315 10
52 352 9
53 488 11
53 334 10
53 157 12
53 502 9
54 337 12
54 108 8
54 217 9
54 226 10
54 705 13
55 156 9
55 217 11
55 81 8
55 206 15
55 350 9
55 68 8
56 150 9
56 313 9
56 350 12
56 736 10
56 371 11
56 455 14
57 241 12
57 499 13
57 190 11
57 62 11
58 98 9
46 58 9
58 476 13
58 161 9
59 437 13
59 551 16
59 312 12
59 535 7
49 59 11
60 218 11
60 283 11
60 391 9
60 347 10
60 604 12
60 723 12
60 213 8
61 264 9
61 601 9
61 533 9
61 76 14
61 584 11
61 193 9
61 420 12
62 599 8
62 227 11
62 202 11
62 531 8
62 328 9
62 714 5
63 573 12
63 461 14
63 234 10
63 665 9
63 725 9
63 261 10
64 427 11
64 554 10
64 262 11
64 433 8
65 454 13
65 617 13
65 640 10
65 191 11
65 336 7
66 109 7
66 450 12
66 491 8
66 358 13
66 678 10
67 371 11
67 627 7
67 376 9
67 90 9
67 460 9
68 681 12
68 532 11
68 364 13
68 203 15
69 191 9
69 482 11
69 648 11
69 416 12
69 608 13
69 411 12
70 105 9
15 70 9
70 474 12
70 541 9
70 548 10
71 183 9
71 694 12
71 330 12
62 71 10
72 732 9
72 621 9
72 210 14
72 296 11
72 302 16
73 382 9
35 73 10
73 517 7
73 320 7
73 473 15
73 174 10
74 220 12
74 280 12
74 500 9
74 598 10
75 638 14
75 348 8
75 388 12
75 651 11
76 224 10
76 124 9
76 416 10
76 386 12
76 648 8
77 581 11
77 488 9
77 311 13
77 745 10
77 735 11
77 632 11
78 163 12
78 578 8
78 271 9
78 467 14
78 682 10
64 78 17
78 290 9
53 79 12
79 626 10
79 647 9
79 108 8
79 331 11
40 80 10
80 390 14
80 282 8
80 447 12
80 171 14
81 472 12
81 320 11
81 728 7
81 421 10
81 253 12
82 335 11
82 281 7
82 334 9
82 744 9
82 235 10
83 732 10
83 292 11
83 433 10
83 731 7
83 701 7
84 539 9
84 259 9
84 529 8
84 363 11
84 677 11
84 311 8
85 565 8
85 573 11
85 483 11
85 740 12
85 195 14
86 430 10
86 164 10
86 374 12
86 300 12
86 586 12
11 86 12
87 252 9
87 352 10
87 200 10
87 397 13
87 536 11
87 284 10
88 194 13
88 222 6
88 500 10
88 212 12
88 219 13
89 556 13
89 290 13
89 257 12
90 462 13
90 438 10
56 90 10
90 530 14
51 90 9
91 556 10
91 631 9
91 516 8
91 393 10
91 701 9
92 268 10
92 731 12
92 286 8
92 198 11
92 559 10
93 118 13
47 93 10
36 93 12
94 690 9
94 118 10
94 96 13
94 546 10
51 95 10
95 324 14
95 189 11
95 312 11
96 219 11
59 96 10
96 746 14
96 716 10
97 368 11
97 405 9
97 569 9
53 97 10
11 97 12
98 630 11
35 98 11
98 255 11
98 106 13
99 545 8
99 738 11
99 117 11
35 99 9
99 640 8
100 268 11
100 132 10
100 128 8
34 100 11
100 213 9
100 695 10
101 283 10
101 218 12
52 101 9
101 250 6
101 652 7
101 197 8
102 390 9
102 322 10
56 102 9
102 265 10
102 171 10
102 606 8
74 103 12
103 497 9
103 486 12
103 541 9
103 461 11
86 104 13
104 517 8
37 104 10
104 285 10
105 435 9
57 105 11
105 133 7
105 606 11
105 363 13
105 579 12
106 242 14
106 397 12
106 329 12
106 495 12
107 223 9
107 632 8
107 391 10
107 268 10
108 676 10
108 589 10
108 513 11
108 189 12
108 314 10
108 432 8
81 109 10
7 109 12
109 244 9
109 171 7
110 383 7
110 733 10
110 211 9
110 676 12
110 236 9
111 408 11
78 111 11
111 515 8
111 185 11
111 463 6
112 747 8
112 535 13
112 448 11
112 253 13
113 399 8
113 163 8
113 689 12
113 161 13
114 371 14
114 475 10
114 541 11
114 135 8
114 662 9
115 408 14
115 697 10
115 370 10
30 115 15
75 115 10
114 116 8
116 373 14
116 702 9
116 529 12
116 348 11
116 244 11
117 479 11
117 240 11
117 169 10
81 117 11
117 285 12
117 321 13
68 118 9
118 708 13
118 291 11
118 384 10
48 118 10
118 733 14
109 119 11
119 154 8
119 742 12
119 565 11
119 134 9
119 267 11
120 164 11
120 520 14
120 609 10
120 280 8
120 549 9
121 689 15
121 273 10
121 620 10
121 624 12
121 686 9
121 740 11
61 121 12
122 188 9
122 421 13
122 319 12
122 347 12
122 640 12
122 232 11
123 412 9
123 363 15
123 656 11
123 230 12
123 688 12
123 144 11
124 637 11
124 138 10
124 209 9
124 186 10
124 455 12
124 364 10
45 125 11
64 125 8
125 276 11
125 712 11
62 125 9
125 354 9
126 740 7
126 487 14
122 126 11
126 727 10
19 126 14
127 502 9
110 127 12
127 644 9
128 696 10
128 507 11
128 592 8
128 423 9
78 128 11
99 129 9
0 129 12
129 535 12
129 210 13
129 300 12
130 504 14
130 735 9
130 290 6
72 130 13
130 604 11
131 227 15
38 131 11
100 131 10
131 407 15
131 570 11
57 132 10
132 650 12
132 244 11
132 304 10
132 467 4
133 458 10
32 133 13
78 133 11
133 734 10
133 691 14
71 134 12
134 487 9
134 407 8
134 387 10
134 725 11
135 474 11
135 139 12
135 470 10
135 502 10
135 727 9
66 136 11
136 567 7
136 465 13
0 136 11
136 365 6
136 609 9
136 200 13
137 145 11
137 265 10
61 137 9
137 688 11
137 568 14
59 138 11
138 169 11
138 144 10
57 138 13
138 303 7
138 363 15
139 339 9
139 297 10
139 308 8
139 729 16
139 171 10
140 186 12
140 393 14
67 140 11
140 693 10
141 194 9
141 429 9
141 406 15
141 745 10
141 385 10
39 141 12
142 337 10
142 218 10
142 639 11
142 424 10
142 570 13
142 146 12
142 344 13
143 320 9
143 465 11
143 596 12
143 711 10
143 544 9
143 430 13
144 378 12
144 661 8
50 144 10
145 425 12
145 417 9
145 396 12
145 365 11
145 596 9
98 145 13
145 303 10
97 146 12
139 146 11
146 603 10
146 531 13
146 314 10
1 147 8
147 410 12
147 462 12
118 147 10
105 148 14
148 393 13
148 246 12
148 403 11
149 684 8
149 631 13
149 440 6
6 149 11
7 149 9
149 170 11
150 341 7
9 150 13
150 242 11
114 150 9
150 294 11
150 339 10
151 318 10
83 151 10
151 663 10
151 178 13
53 151 14
152 614 12
152 733 12
152 426 11
124 153 8
60 153 13
48 153 10
90 153 10
153 595 11
154 278 13
154 480 11
154 674 8
154 569 11
154 672 9
21 155 10
51 155 9
155 201 10
51 156 11
156 452 11
156 324 8
156 551 13
157 718 12
157 596 11
157 329 12
157 192 15
101 157 12
99 157 9
158 436 14
158 414 9
8 158 10
158 408 8
159 198 11
119 159 9
159 273 11
159 359 8
159 412 14
160 561 8
160 666 6
160 709 14
26 160 7
161 503 8
161 479 10
161 628 13
161 283 12
161 366 13
161 243 10
100 162 9
162 211 11
162 603 11
162 618 10
162 267 10
163 346 10
163 307 10
127 163 11
112 163 10
163 431 8
164 628 12
164 277 13
164 523 12
164 173 8
164 634 12
115 164 13
165 166 8
165 530 9
165 430 11
165 202 11
165 584 12
166 498 8
93 166 10
166 399 15
166 203 11
166 523 12
36 166 14
166 636 11
166 743 5
167 480 13
167 439 16
167 377 10
168 644 13
166 168 8
168 617 11
16 168 11
169 696 6
169 671 10
169 633 11
169 507 10
170 519 14
170 736 11
170 317 9
13 170 10
171 464 10
171 706 12
171 556 11
147 171 11
171 374 12
172 565 8
172 394 8
172 322 12
172 396 10
172 504 12
172 581 12
172 607 11
173 189 12
173 234 10
173 589 12
173 419 9
173 529 10
173 564 10
174 218 11
174 689 10
96 174 12
174 700 11
174 611 15
174 559 12
175 439 9
175 393 12
170 175 13
175 683 12
175 195 8
176 700 13
33 176 10
176 533 7
176 644 13
53 176 11
177 658 12
177 717 10
155 177 11
177 680 8
178 437 11
178 551 8
178 448 11
178 595 10
178 285 10
178 324 16
81 178 9
164 179 10
179 626 12
179 703 9
179 493 9
179 646 9
38 180 9
180 445 8
14 180 12
180 511 13
180 696 10
180 246 10
181 193 11
181 740 10
181 563 13
38 181 12
182 397 14
182 378 12
171 182 8
50 182 12
183 396 13
183 549 12
108 183 11
183 650 12
183 447 11
149 183 13
184 397 13
101 184 13
184 573 12
184 207 8
184 557 9
185 472 11
185 737 12
100 185 10
185 743 10
165 185 11
186 401 8
186 347 10
186 433 9
186 252 7
39 186 11
187 332 8
187 717 10
34 187 12
187 688 11
188 511 11
188 330 7
188 349 12
55 188 10
80 189 12
189 593 9
189 576 8
189 662 12
189 199 10
63 190 8
190 481 15
190 692 10
190 602 10
190 213 12
190 744 12
190 699 13
111 191 10
191 626 10
31 191 10
191 419 6
191 588 10
192 719 9
106 192 10
192 671 12
192 732 10
141 193 9
193 645 12
193 600 11
193 455 7
193 740 9
193 717 12
194 479 9
15 194 8
194 453 10
194 542 8
194 721 9
194 257 8
195 381 10
195 524 14
195 386 10
195 329 8
195 469 12
196 467 11
196 733 13
196 338 11
196 202 10
196 695 11
197 271 11
197 622 10
197 519 8
197 677 9
198 616 12
198 467 12
198 476 10
198 230 12
198 458 12
199 323 10
199 739 12
199 437 9
148 199 11
200 519 9
200 482 9
51 200 13
200 404 11
125 201 12
201 491 10
201 223 10
201 489 13
201 574 9
201 529 10
202 615 10
202 695 9
87 202 11
202 312 15
56 202 9
67 202 10
202 659 12
203 478 13
203 324 8
203 720 12
203 526 9
203 260 13
203 204 8
40 204 16
204 331 11
204 231 9
204 434 8
205 292 11
142 205 10
205 210 12
205 281 12
28 205 10
205 327 8
136 206 5
206 674 12
0 206 7
206 539 11
206 393 12
206 660 10
207 285 9
42 207 8
95 207 14
207 724 10
207 601 9
208 377 10
208 579 8
56 208 10
208 388 12
208 439 7
208 407 9
209 576 10
209 649 11
209 723 9
209 499 14
17 209 13
195 209 6
210 527 12
210 214 10
65 210 8
210 352 9
156 211 11
67 211 12
211 732 10
24 211 9
211 427 11
210 211 11
212 464 12
212 488 13
212 253 10
212 631 11
212 360 11
212 307 7
73 213 13
144 213 13
213 283 13
213 663 9
214 566 7
214 514 9
214 492 10
150 214 12
214 518 9
214 386 12
16 215 14
215 529 13
203 215 12
215 438 10
215 225 8
215 735 12
215 424 8
216 552 10
186 216 10
216 476 10
77 216 13
216 468 10
216 401 12
216 686 12
83 217 9
217 579 8
217 695 7
217 581 7
28 217 8
218 401 10
38 218 10
193 218 13
218 373 8
218 725 11
218 462 8
219 694 11
219 511 11
173 219 10
215 219 9
48 219 9
220 560 10
220 585 14
95 220 15
220 294 8
220 602 11
221 270 8
135 221 7
221 327 15
221 428 17
105 221 10
222 384 7
24 222 13
222 471 12
223 539 11
75 223 11
223 355 10
223 224 10
83 224 9
224 457 10
22 224 10
43 224 12
225 327 11
224 225 12
225 320 10
225 269 9
225 328 10
73 226 11
42 226 9
77 226 10
226 642 9
227 703 11
176 227 14
187 227 10
227 623 10
228 674 11
228 430 11
228 326 10
228 689 10
228 635 12
229 445 10
229 732 11
32 229 12
182 229 12
229 692 13
89 229 11
143 229 12
134 230 11
230 587 7
230 576 10
230 335 6
231 639 11
231 551 12
231 662 12
231 450 12
231 679 10
20 232 9
134 232 10
6 232 8
232 591 11
129 232 13
233 748 8
233 392 11
233 517 9
233 717 11
233 677 13
233 498 8
234 366 11
234 382 8
234 487 10
234 275 11
235 380 10
235 592 8
235 451 12
235 425 9
218 235 11
236 461 14
236 460 10
167 236 14
26 236 9
236 467 7
236 558 12
237 547 10
237 333 10
237 262 8
237 306 10
141 238 8
238 499 11
238 333 11
239 642 9
23 239 8
239 455 12
87 239 11
239 401 4
240 529 17
0 240 9
240 719 10
240 443 11
240 489 14
127 241 10
241 569 14
89 241 11
241 709 7
242 546 9
11 242 9
242 523 14
242 339 13
242 413 12
242 527 8
243 723 8
243 542 10
9 243 12
243 393 11
244 730 11
244 267 12
244 493 12
244 548 9
154 245 11
245 409 12
162 245 12
245 320 11
245 455 11
245 412 12
63 246 9
246 423 9
166 246 13
246 426 9
247 334 11
247 261 11
247 286 12
240 247 12
247 363 8
247 476 11
247 375 9
248 463 13
248 505 7
94 248 12
248 476 10
248 690 9
249 469 7
233 249 12
156 249 9
101 249 10
17 250 8
250 266 8
250 424 13
33 250 10
228 250 9
251 339 8
251 629 8
31 251 10
172 252 10
98 252 12
73 252 9
139 252 12
252 709 10
253 580 12
253 500 11
253 662 12
253 377 12
215 254 12
254 631 9
35 254 9
254 717 11
101 254 11
244 254 11
11 254 11
254 304 7
21 255 9
155 255 13
61 255 12
255 637 9
255 480 12
127 256 10
256 428 11
28 256 9
256 507 12
164 256 12
257 673 10
257 434 13
257 454 8
257 607 13
252 258 10
258 556 10
258 485 11
190 258 9
258 563 9
169 259 12
259 546 11
259 557 10
88 259 12
226 259 8
121 260 11
260 674 9
207 260 8
261 454 11
261 582 10
81 261 10
95 261 9
12 261 8
261 540 10
262 661 14
178 262 10
262 549 9
262 721 7
235 262 11
262 316 13
263 588 12
157 263 9
263 496 12
263 415 10
71 263 10
263 484 11
18 264 12
264 403 14
264 655 15
265 661 9
103 265 15
265 438 11
231 265 10
96 265 12
265 296 10
105 266 9
266 733 8
266 509 9
266 475 10
266 621 12
266 403 9
266 704 10
258 266 10
267 618 10
267 269 9
223 267 11
39 267 10
267 422 11
177 267 12
268 720 14
268 280 12
263 268 14
130 268 9
268 728 10
101 269 15
269 554 10
269 378 15
269 514 10
269 434 9
270 667 8
270 620 12
136 270 10
270 432 10
271 505 7
271 497 8
271 652 11
271 685 11
271 434 8
182 271 6
27 271 7
272 451 10
272 458 11
272 623 12
272 397 9
273 581 16
129 273 11
273 313 8
91 274 11
274 451 12
274 746 8
274 487 9
75 275 9
2 275 11
63 275 9
275 322 8
275 577 9
270 276 17
276 619 7
276 537 9
276 461 5
276 742 10
231 277 9
180 277 10
277 560 14
277 522 8
110 277 13
278 573 10
278 382 8
278 584 13
198 278 11
278 359 10
278 562 9
279 392 13
231 279 9
278 279 9
279 416 11
279 708 12
280 674 14
152 280 13
280 392 12
91 280 6
35 280 10
280 507 8
281 392 9
281 506 10
281 486 10
281 684 11
281 628 9
106 282 8
282 740 9
282 333 13
282 300 12
282 670 8
283 602 10
283 487 9
283 483 11
283 431 11
283 511 10
246 283 11
284 599 14
284 709 10
215 284 11
285 495 9
285 586 12
285 702 15
285 475 12
286 391 11
286 636 9
253 286 14
286 363 9
286 701 9
287 572 8
287 741 11
286 287 7
287 300 10
288 490 9
288 519 11
288 669 13
288 336 10
288 729 10
289 630 12
56 289 10
289 586 13
289 410 9
289 527 11
100 289 10
268 290 10
290 620 11
124 290 12
290 422 12
209 290 9
44 291 12
251 291 10
291 699 14
55 291 13
45 292 13
292 693 9
140 292 10
23 292 11
85 292 8
292 665 9
293 317 8
293 537 5
293 462 9
293 311 9
204 294 10
112 294 7
294 394 10
246 294 10
294 654 11
138 295 8
210 295 11
295 717 10
98 295 13
296 310 9
296 381 10
296 358 10
276 296 12
259 296 10
296 579 9
296 617 12
297 730 10
253 297 9
297 500 7
297 676 13
297 655 9
248 298 12
119 298 10
298 429 9
298 594 14
43 299 6
299 549 7
109 299 9
56 299 7
300 472 10
300 322 12
300 611 11
32 300 11
300 706 10
301 665 11
91 301 12
124 301 13
301 684 12
45 301 10
302 328 9
302 317 11
56 302 9
29 302 9
190 302 12
7 303 12
283 303 9
303 496 15
303 323 9
303 474 11
303 304 11
304 605 9
158 304 11
304 627 10
88 304 13
214 305 6
191 305 14
305 348 9
305 613 8
306 389 10
306 418 4
306 341 11
306 641 10
306 682 15
306 350 8
307 596 9
307 743 11
291 307 13
40 307 8
261 308 11
56 308 9
308 605 9
308 352 10
308 332 9
195 308 10
203 309 11
128 309 15
286 309 11
139 309 13
309 480 9
309 357 8
309 508 9
310 683 11
310 546 4
310 347 7
310 594 8
310 420 13
311 372 12
311 515 12
311 739 14
311 549 12
312 658 11
312 554 11
310 312 12
312 537 13
140 312 10
230 312 11
313 577 10
313 494 11
313 540 11
143 313 11
314 697 7
314 354 10
53 314 13
314 639 9
44 314 9
314 411 8
315 614 12
147 315 12
315 361 10
315 371 7
60 315 9
316 615 10
316 542 10
316 617 11
201 316 10
317 571 12
77 317 12
317 680 9
317 685 10
194 317 10
49 318 14
318 451 13
265 319 12
165 319 10
279 319 12
319 490 10
320 530 15
74 320 9
320 459 13
71 320 13
44 320 13
234 321 7
321 459 8
321 667 9
321 559 12
181 321 10
322 443 11
59 322 14
118 322 12
322 498 8
307 322 11
322 476 8
262 322 10
323 692 12
323 669 9
313 323 9
323 717 9
323 480 10
323 579 6
175 324 11
308 324 7
260 324 10
324 344 11
325 351 10
325 504 12
325 366 7
10 325 6
325 655 11
326 406 8
326 435 12
326 534 10
326 659 11
299 326 15
326 731 10
255 327 9
327 403 12
154 327 11
21 327 9
327 744 11
328 464 9
105 328 12
71 328 11
328 448 10
328 475 13
328 555 12
159 329 12
329 615 10
13 329 12
3 329 10
329 400 8
139 329 9
223 330 10
330 478 11
330 353 9
330 628 11
330 436 5
331 413 10
203 331 10
235 331 10
211 331 7
110 331 9
332 719 12
235 332 10
332 626 11
205 332 10
291 333 11
333 602 12
261 333 12
333 481 11
167 333 11
27 333 9
192 334 11
219 334 7
334 733 13
318 334 9
334 673 11
335 402 10
335 496 12
212 335 9
271 335 11
256 336 10
336 586 7
64 336 7
336 496 9
336 405 12
336 516 10
254 337 11
337 581 8
139 337 11
337 713 9
321 338 11
338 598 10
243 338 11
325 338 15
338 593 13
110 339 11
339 459 10
100 339 9
339 525 10
339 516 8
340 567 11
35 340 10
80 340 12
340 438 11
12 340 11
102 340 11
340 728 9
340 657 10
311 341 11
341 381 11
341 666 12
190 341 8
0 342 11
342 676 10
205 342 13
342 737 7
314 342 12
195 342 9
185 343 10
131 343 7
328 343 7
343 378 14
329 343 12
4 343 10
344 422 13
344 519 11
24 344 12
344 516 9
344 739 7
18 344 10
105 345 10
4 345 10
346 711 10
254 346 14
346 683 11
346 667 12
346 406 11
157 347 12
75 347 8
347 653 9
154 347 7
336 348 8
343 348 10
348 390 10
218 348 9
348 375 8
349 606 13
193 349 14
349 473 10
349 521 12
349 480 11
350 362 8
350 361 10
350 402 11
350 423 11
316 351 8
37 351 8
351 659 11
118 351 14
352 522 12
352 663 9
352 532 14
352 747 9
352 535 12
353 383 11
353 436 6
353 649 10
353 460 12
201 354 13
263 354 11
354 613 8
71 354 12
354 422 9
109 354 11
351 354 11
354 468 9
355 470 9
355 669 9
355 581 10
219 355 12
355 564 10
355 491 9
356 529 12
311 356 8
356 444 7
357 509 9
357 673 14
357 472 7
357 381 15
358 491 8
219 358 10
35 358 11
358 446 12
358 413 11
107 358 10
224 358 11
359 436 10
57 359 13
290 359 13
359 373 10
359 406 8
360 604 12
143 360 13
49 360 11
361 448 13
169 361 10
361 561 11
49 361 9
362 740 5
362 744 13
19 362 7
280 362 6
362 425 8
309 363 10
363 390 9
262 363 11
358 363 12
350 363 11
299 363 7
364 377 12
364 642 11
142 364 11
101 364 9
364 639 9
364 493 11
226 365 15
359 365 11
50 365 11
365 484 9
365 633 9
126 365 10
36 365 13
48 366 10
366 447 8
16 366 7
23 366 13
365 367 8
367 511 7
367 410 10
111 368 9
83 368 10
368 634 10
348 368 14
322 369 11
369 655 12
356 369 14
145 369 10
369 498 12
204 370 11
329 370 11
370 562 8
370 700 8
371 734 12
371 625 12
371 449 10
15 372 14
264 372 10
372 540 9
372 587 7
372 722 8
372 595 9
135 373 11
373 374 5
373 470 10
373 552 13
373 584 10
374 412 12
374 579 10
374 656 11
375 463 15
375 651 13
5 375 12
375 579 11
375 452 12
376 533 13
376 659 10
376 704 12
247 376 9
376 563 8
350 377 11
377 506 10
117 377 8
374 377 9
147 377 10
154 377 15
378 424 15
378 389 11
378 700 11
363 378 9
228 378 12
378 460 8
379 601 9
155 379 11
205 379 10
65 379 14
17 380 9
230 380 8
290 380 9
380 616 13
178 380 8
16 380 6
381 541 9
176 381 7
381 634 9
381 442 8
381 698 15
382 421 12
62 382 12
72 382 13
214 382 8
383 403 14
132 383 6
383 600 10
182 383 12
384 509 11
384 719 8
384 556 9
164 384 11
91 384 11
314 385 9
312 385 9
385 445 9
274 385 10
385 408 8
385 706 13
312 386 13
386 405 10
127 386 8
250 386 9
386 526 12
21 386 12
54 387 12
387 500 14
378 387 12
387 599 14
170 387 15
388 646 12
165 388 8
388 508 10
388 727 8
275 388 9
389 408 9
389 675 10
278 389 10
22 389 15
389 650 11
390 564 11
59 390 10
81 390 10
390 646 13
153 390 11
391 700 12
257 391 8
325 391 11
7 391 10
391 402 10
391 650 10
392 604 10
143 392 12
392 501 11
149 392 15
228 393 11
310 393 11
113 393 12
157 393 11
393 429 13
154 394 12
394 562 12
394 538 9
343 394 14
61 395 10
376 395 11
138 395 11
251 396 10
62 396 12
64 396 12
396 712 8
397 585 9
292 397 8
397 738 9
397 614 10
280 398 9
104 398 11
0 398 6
32 398 12
399 680 11
399 535 9
399 446 10
215 399 8
22 399 11
49 399 12
178 399 9
399 731 8
369 400 11
232 400 10
348 400 11
400 703 12
286 400 15
268 401 12
151 401 12
401 721 5
303 401 14
401 465 11
99 401 9
401 601 9
101 401 12
77 402 16
302 402 12
134 402 12
354 402 11
156 402 10
403 514 10
403 405 11
403 567 11
403 657 13
403 678 12
403 726 8
294 404 13
42 404 12
255 404 9
15 404 12
260 404 8
405 422 7
260 405 10
405 681 10
91 405 10
355 405 11
405 672 11
109 406 9
406 620 12
218 406 11
406 509 10
79 406 12
407 493 12
407 508 15
246 407 10
407 663 10
111 407 9
114 408 10
350 408 9
303 408 13
408 526 11
409 622 11
370 409 14
110 409 10
126 410 11
3 410 13
410 676 12
398 410 9
410 533 11
14 410 12
201 410 10
86 411 7
411 677 11
411 474 11
266 411 12
411 680 7
72 412 8
412 571 11
412 517 9
412 689 9
52 412 12
413 697 12
61 413 13
12 413 13
413 505 13
413 489 8
98 413 10
414 620 9
414 571 13
339 414 7
414 548 10
414 700 13
121 415 11
54 415 9
363 415 11
415 549 10
415 720 7
416 428 12
80 416 8
83 416 7
28 416 10
47 416 10
355 416 14
417 640 10
14 417 10
417 566 10
274 417 10
417 614 9
93 417 7
161 418 9
418 561 11
418 517 11
280 418 11
127 418 10
418 474 11
20 418 13
419 705 8
414 419 8
419 494 13
12 419 5
388 420 12
4 420 11
420 468 9
217 420 13
309 421 10
336 421 11
421 459 14
421 671 14
236 421 10
422 561 10
422 630 7
422 661 7
422 707 10
22 422 11
422 678 12
135 423 9
346 423 10
254 423 7
157 423 9
235 424 13
329 424 11
424 460 8
389 424 11
424 498 14
425 660 11
425 562 9
39 425 11
84 425 9
425 715 11
89 426 14
97 426 11
426 665 10
426 427 12
426 732 7
426 484 8
426 578 11
99 427 8
222 427 10
427 504 12
427 652 7
428 748 8
342 428 13
22 428 12
160 428 11
428 491 10
372 429 9
357 429 10
429 492 8
429 727 10
406 429 11
430 639 10
430 484 13
430 554 10
217 430 9
431 580 8
41 431 9
431 595 11
431 568 11
420 431 13
301 431 11
355 432 12
432 656 13
432 467 11
209 432 9
13 432 11
431 433 11
139 433 12
35 433 9
433 547 8
434 698 9
120 434 10
82 434 11
261 435 7
246 435 10
435 525 8
198 435 11
435 595 12
27 435 14
436 744 9
436 527 9
4 436 10
436 652 10
303 436 11
350 437 9
285 437 7
70 437 13
408 437 9
421 437 9
438 655 10
400 438 5
103 438 15
47 438 10
274 439 11
439 543 11
284 439 12
353 439 12
440 604 12
311 440 10
243 440 9
17 440 9
441 572 10
441 653 7
129 441 13
255 441 12
441 477 12
54 442 10
165 442 9
210 442 13
442 681 9
442 747 15
225 443 13
436 443 11
208 443 12
442 443 9
306 443 11
202 444 10
302 444 11
444 549 11
140 444 10
56 445 11
206 445 10
348 445 14
246 445 9
19 445 9
2 445 11
445 722 10
50 446 9
26 446 9
446 741 9
307 446 9
229 446 12
445 446 10
447 559 11
447 699 11
415 447 11
258 447 13
447 525 11
70 447 13
392 448 13
408 448 9
448 549 11
223 448 12
45 449 10
120 449 11
1 449 11
328 449 12
449 731 9
449 684 8
27 450 6
450 700 14
450 559 13
177 450 13
412 450 8
450 560 8
388 451 12
289 451 11
276 451 12
451 660 10
223 452 12
452 735 9
293 452 11
445 452 12
140 452 12
222 453 10
453 749 10
106 453 13
453 511 12
453 648 9
454 678 9
454 715 9
252 454 13
309 454 11
454 706 9
455 459 9
450 455 10
445 455 15
228 455 14
455 565 8
386 456 11
456 743 10
298 456 8
194 456 10
456 563 12
368 457 13
382 457 7
88 457 7
457 638 10
247 457 10
223 457 9
308 458 9
458 541 12
350 458 11
123 458 11
95 458 11
459 530 9
459 636 11
322 459 9
91 460 11
193 460 9
250 460 12
215 460 11
460 515 9
38 461 10
178 461 7
290 461 13
461 549 9
46 462 8
279 462 8
372 462 11
31 462 10
462 498 13
147 463 10
353 463 13
246 463 10
463 604 13
463 657 12
464 594 8
227 464 8
464 647 8
103 464 11
263 464 14
465 615 16
465 693 8
148 465 11
379 465 15
465 735 13
466 645 8
99 466 10
166 466 9
54 466 8
187 466 12
185 466 12
467 513 10
433 467 12
262 467 11
267 467 13
206 467 7
467 503 11
299 467 10
467 497 11
468 513 11
371 468 10
421 468 9
285 468 9
1 468 10
156 469 13
469 473 8
350 469 11
325 469 10
412 470 11
444 470 12
470 670 8
52 470 9
470 596 5
270 471 11
414 471 11
291 471 13
471 721 8
471 723 11
40 471 11
244 472 10
296 472 9
472 481 8
473 479 6
473 674 10
473 729 10
472 473 9
474 624 9
453 474 11
78 474 11
139 475 9
37 475 13
48 475 9
42 475 10
316 476 12
152 476 8
422 476 7
433 476 10
476 498 12
438 476 10
477 698 9
477 656 12
477 601 14
349 477 13
477 710 11
478 681 8
15 478 7
389 478 11
342 478 11
215 478 11
109 479 11
479 573 9
127 479 11
7 480 10
122 480 9
88 480 10
480 498 9
480 485 11
217 481 10
369 481 8
122 481 11
481 618 10
255 481 11
481 506 11
408 482 7
215 482 11
394 482 9
483 614 12
336 483 9
474 483 13
241 483 12
379 484 13
184 484 8
476 484 11
336 484 10
72 484 10
316 484 8
427 485 10
376 485 10
71 485 8
486 539 8
486 668 9
486 550 7
486 588 13
486 600 10
486 666 8
486 641 7
487 744 10
487 511 12
487 602 11
378 487 11
487 712 11
488 490 13
169 488 9
385 488 12
452 488 11
432 488 9
488 528 11
418 489 14
357 489 9
219 489 12
298 489 14
49 490 11
69 490 8
10 490 8
343 490 11
491 652 10
491 744 8
408 491 8
61 491 10
395 491 10
305 492 9
492 741 11
225 492 9
164 492 12
277 492 12
493 562 9
273 493 9
71 493 12
316 493 8
371 493 11
402 494 9
274 494 12
459 494 10
447 494 8
336 494 8
41 495 12
85 495 11
284 495 14
495 504 11
325 495 11
496 599 12
496 703 11
222 496 11
496 512 8
149 497 11
69 497 12
183 497 12
497 510 10
89 497 10
498 583 13
498 648 7
498 712 10
71 498 10
155 498 8
220 498 8
499 503 8
499 541 7
88 499 9
466 499 11
499 594 11
394 499 9
500 655 11
105 500 6
335 500 8
76 500 15
378 500 9
478 501 11
486 501 9
501 590 9
451 501 10
501 528 12
501 521 14
502 636 12
159 502 16
390 502 10
233 502 12
134 502 12
503 520 12
71 503 11
203 503 9
336 503 8
504 601 6
504 591 12
489 504 12
422 504 12
228 504 13
335 504 10
505 706 13
505 574 11
56 505 10
505 526 10
77 506 11
506 592 11
143 506 9
261 506 12
479 506 11
507 640 10
172 507 10
9 507 8
507 727 11
508 685 11
508 561 12
508 711 9
115 508 10
508 573 11
213 508 9
508 602 13
508 511 14
509 671 10
509 630 10
214 510 13
510 580 9
510 682 8
250 510 9
384 510 11
366 511 10
388 511 11
511 535 14
159 511 12
221 511 8
476 511 14
512 660 11
512 615 11
162 512 10
17 512 11
396 512 9
432 512 11
513 526 9
462 513 7
513 713 9
143 513 10
237 514 11
514 522 10
146 514 10
472 514 10
206 514 9
154 514 11
515 675 11
515 630 11
48 515 12
345 515 15
516 568 7
146 516 13
516 610 11
358 516 9
516 546 11
516 667 10
67 517 11
404 517 15
517 671 12
517 748 11
517 624 13
518 554 10
400 518 14
388 518 10
451 518 9
518 698 8
20 519 10
314 519 10
107 519 11
424 519 10
327 520 8
98 520 13
97 520 12
451 520 12
185 521 12
521 651 11
75 521 12
521 594 10
13 521 10
215 522 9
349 522 13
323 522 7
257 522 11
444 522 9
323 523 11
353 523 12
123 523 9
309 523 9
523 608 13
193 523 10
238 523 13
489 524 14
223 524 12
524 557 8
364 525 9
201 525 12
222 525 8
450 525 12
525 697 12
526 621 15
339 526 14
526 603 11
72 526 11
240 526 10
526 632 10
362 527 14
254 527 8
148 527 14
527 665 7
527 583 6
58 527 12
317 528 7
130 528 12
149 528 7
502 528 11
528 680 9
529 659 10
115 529 10
441 529 11
221 529 12
529 567 14
138 529 11
530 704 11
186 530 11
26 530 8
287 531 12
531 725 9
85 531 10
466 531 10
531 643 10
299 531 11
141 532 8
349 532 10
532 709 12
47 532 13
280 532 11
251 532 9
147 533 14
475 533 9
86 533 13
252 533 10
533 538 10
389 534 11
37 534 12
305 534 12
415 534 12
96 535 10
515 535 10
197 535 10
535 601 12
535 680 10
536 662 11
339 536 10
480 536 10
414 537 8
471 537 11
247 537 11
145 537 8
537 714 8
109 537 11
354 538 11
538 633 13
538 613 5
71 538 13
422 538 13
443 539 12
295 539 9
280 539 11
483 539 12
539 597 9
530 540 12
500 540 11
523 540 10
536 540 13
196 540 11
291 540 14
155 541 9
262 541 12
540 541 11
27 541 10
146 541 12
542 650 11
281 542 10
228 542 12
1 542 7
542 652 12
299 543 12
81 543 13
341 543 7
241 543 8
17 544 10
316 544 8
200 544 10
255 545 9
356 545 9
545 723 10
242 545 10
431 546 10
118 546 9
546 653 10
180 546 7
546 572 13
547 642 10
146 547 11
547 657 13
350 547 7
534 548 12
548 693 11
143 548 9
548 685 9
548 640 10
160 548 7
11 548 8
94 549 12
88 549 8
324 549 8
433 549 11
550 719 11
550 678 8
372 550 10
59 550 9
173 551 12
254 551 11
551 692 12
551 733 10
320 551 13
491 551 11
46 552 8
138 552 13
33 552 9
521 552 12
308 552 12
196 553 9
301 553 8
553 605 10
554 709 13
42 554 6
554 602 14
65 554 14
354 555 12
304 555 13
555 667 10
555 614 9
296 555 10
74 556 11
504 556 12
272 556 12
208 556 11
81 556 12
209 557 13
471 557 10
5 557 9
557 604 14
557 719 13
557 617 11
445 558 13
193 558 10
310 558 12
541 558 12
268 558 8
366 559 11
257 559 10
252 559 10
454 559 15
559 600 9
225 560 11
148 560 14
560 687 11
560 706 11
159 560 10
561 749 10
308 561 9
561 705 12
561 656 12
59 561 13
10 562 8
562 591 9
209 562 10
221 562 9
149 562 11
395 563 12
563 737 9
348 563 12
457 564 11
221 564 12
539 564 10
352 564 7
564 739 13
565 579 11
333 565 12
565 702 10
195 565 12
113 565 9
566 648 10
566 667 11
64 566 5
61 566 11
2 566 12
567 658 11
567 620 9
392 567 13
567 579 10
101 568 12
307 568 12
568 694 8
568 584 13
506 568 10
273 569 9
346 569 11
178 569 11
441 569 12
370 570 12
463 570 7
570 709 10
141 571 12
548 571 14
571 684 8
338 571 10
533 571 11
369 572 8
488 572 12
572 730 13
447 572 7
521 572 9
63 572 13
170 573 10
573 613 9
410 573 7
10 573 11
526 574 9
397 574 7
497 574 13
463 574 13
448 574 13
117 574 9
190 574 8
444 574 12
439 575 10
161 575 12
99 575 11
435 575 10
576 711 6
354 576 9
540 576 10
26 576 9
318 576 11
577 724 12
504 577 9
294 577 11
564 577 13
197 577 12
174 578 10
433 578 10
578 586 10
578 633 11
282 578 11
579 665 12
485 579 10
490 579 13
48 579 9
150 579 9
459 580 9
21 580 11
226 580 11
580 633 11
264 581 12
542 581 9
581 698 9
477 581 11
342 581 11
160 582 12
582 666 11
115 582 13
21 582 11
431 582 12
57 583 9
78 583 12
583 706 11
146 583 8
545 583 13
142 584 9
12 584 12
103 584 10
569 584 13
208 584 12
17 584 9
42 585 9
241 585 11
585 712 13
213 585 10
341 585 11
371 585 11
553 586 10
217 586 7
586 706 11
377 586 14
587 684 13
117 587 8
77 587 11
188 587 11
458 587 10
588 690 13
588 590 9
588 714 11
588 681 9
245 589 11
140 589 11
512 589 12
447 589 16
495 589 10
248 590 11
590 707 12
475 590 9
590 702 9
590 653 7
60 591 11
216 591 8
591 714 9
495 591 11
93 591 12
580 592 11
44 592 11
592 593 10
458 592 7
218 592 8
80 593 11
593 708 9
388 593 14
32 593 10
492 593 12
245 594 13
319 594 12
54 594 11
259 594 9
594 640 11
594 736 12
348 595 7
595 734 11
346 595 11
308 595 7
241 596 12
542 596 13
571 596 10
568 596 8
597 703 10
597 747 13
75 597 8
597 643 9
574 597 11
83 597 10
320 598 13
397 598 9
259 598 12
520 598 11
324 598 10
433 598 11
599 657 10
599 699 12
72 599 12
519 599 8
599 695 10
475 599 11
203 599 9
251 600 9
600 721 10
600 622 13
202 600 14
547 600 9
399 600 11
158 601 15
601 624 16
601 603 13
601 642 11
146 601 9
425 602 9
602 609 11
459 602 10
229 602 9
289 602 9
326 603 9
27 603 9
172 603 10
425 603 9
117 603 10
272 603 8
590 604 13
244 604 9
517 604 10
49 604 6
604 683 10
119 604 13
605 639 13
277 605 8
65 605 10
385 605 10
576 606 10
32 606 11
430 606 10
442 606 15
269 606 13
573 607 6
218 607 12
12 607 11
607 726 10
561 607 11
11 608 11
125 608 10
608 659 6
116 608 11
608 713 10
169 609 11
609 613 9
496 609 12
609 722 11
562 610 8
191 610 12
50 610 10
339 611 9
611 617 9
93 611 13
611 695 13
94 611 15
74 612 12
548 612 10
249 612 11
122 612 13
409 612 13
259 613 11
139 613 10
613 695 11
245 613 13
126 613 9
614 642 12
388 614 9
520 614 10
439 614 12
300 614 6
129 615 7
158 615 11
350 615 10
244 615 9
397 615 12
493 616 10
500 616 12
70 616 9
218 616 8
617 658 11
617 726 8
617 629 10
551 617 9
165 617 12
532 618 12
264 618 11
437 618 8
163 618 9
133 618 10
508 619 10
102 619 10
619 673 12
527 619 10
507 620 11
299 620 13
186 620 7
123 620 12
620 621 8
496 621 11
103 621 10
293 621 14
611 621 13
305 621 11
12 622 9
293 622 9
248 622 10
622 717 11
623 722 5
362 623 8
336 623 10
264 623 12
42 623 12
409 624 9
94 624 11
156 624 8
83 624 11
98 624 10
624 748 8
289 625 13
625 748 10
7 625 14
625 743 14
490 625 8
465 625 10
419 626 12
626 660 10
139 626 11
320 626 9
500 627 9
348 627 8
627 748 11
269 627 11
231 628 11
264 628 11
544 628 11
32 628 13
588 628 7
115 629 12
36 629 8
526 629 10
462 629 12
133 629 7
448 630 9
447 630 12
409 630 9
26 630 8
516 631 12
304 631 7
467 631 10
318 631 7
25 631 12
492 632 9
313 632 11
546 632 11
107 633 14
477 633 11
633 659 13
54 633 9
563 633 12
354 634 11
86 634 11
154 634 6
634 665 11
88 634 10
631 635 7
146 635 9
635 726 9
227 635 8
636 696 9
636 746 12
530 636 12
636 705 13
205 637 15
319 637 12
535 637 13
620 637 8
325 637 11
202 637 11
318 638 9
572 638 9
638 735 13
271 639 11
499 639 12
446 639 12
346 639 11
270 639 11
388 639 7
640 713 14
598 640 11
449 640 11
640 682 6
452 640 10
131 640 9
251 640 7
487 641 12
392 641 10
168 641 11
500 641 13
207 641 9
458 642 12
165 642 9
99 642 11
542 642 13
503 642 10
642 745 8
196 643 11
204 643 9
643 734 12
20 643 13
225 643 10
644 683 12
277 644 16
644 664 8
419 644 10
338 644 13
645 672 6
447 645 13
627 645 13
645 710 8
358 645 12
462 646 7
628 646 10
646 672 10
377 646 12
205 647 11
376 647 13
130 647 11
125 647 11
294 647 12
403 647 8
481 647 10
290 648 12
294 648 9
45 648 12
264 648 9
477 648 7
469 649 14
528 649 10
509 649 8
95 649 11
649 748 11
303 650 9
102 650 12
650 679 10
268 651 11
604 651 11
529 651 11
234 652 12
652 670 7
204 652 10
534 652 12
452 652 10
102 653 14
653 678 11
224 653 8
474 653 9
654 738 9
448 654 11
353 654 10
173 654 12
535 654 12
459 654 10
507 655 12
655 716 11
539 655 7
401 655 13
393 655 13
434 655 7
25 656 10
211 656 10
105 656 11
97 656 6
638 656 14
223 656 10
179 656 9
216 657 11
595 657 12
395 657 9
270 657 10
522 657 9
657 689 9
263 657 10
618 658 8
584 658 11
232 658 9
536 658 8
597 658 9
237 659 11
43 659 11
582 659 10
324 659 11
629 660 7
30 660 12
450 660 11
117 660 10
473 660 12
589 661 11
104 661 6
131 661 8
200 661 9
268 661 9
352 662 8
329 662 12
128 662 10
368 662 8
111 662 13
442 662 10
271 663 13
358 663 12
576 663 9
323 663 13
238 664 7
647 664 12
224 664 9
642 664 12
664 732 12
109 664 8
213 665 13
295 665 5
10 665 16
166 665 7
356 665 10
642 665 12
210 665 12
178 665 10
502 666 11
348 666 9
475 666 11
359 666 8
667 740 10
667 721 7
482 667 10
52 667 10
236 668 11
117 668 10
654 668 11
496 668 10
455 668 11
368 668 10
465 668 9
140 669 12
353 669 11
64 669 9
669 701 8
492 670 6
564 670 10
182 670 11
395 670 11
593 670 14
383 670 12
221 671 11
671 691 8
433 671 12
121 671 13
363 671 11
238 672 11
138 672 14
223 672 12
665 672 6
167 672 13
623 673 10
144 673 9
59 673 10
673 745 9
503 673 9
674 688 12
21 674 10
134 674 11
478 674 15
297 675 9
476 675 14
532 675 8
611 675 5
570 676 8
370 676 8
319 676 15
652 676 13
114 677 13
249 677 9
586 677 9
128 677 7
276 677 10
496 677 9
451 677 6
357 678 11
583 678 6
554 678 12
407 678 14
678 718 11
336 679 8
36 679 14
490 679 11
63 679 9
19 679 7
680 740 13
680 732 13
395 680 8
128 680 11
647 680 10
392 681 10
353 681 10
351 681 10
639 681 14
665 681 10
29 681 11
385 682 10
293 682 10
398 682 11
528 682 13
683 726 13
664 683 11
522 683 6
182 683 10
382 683 10
268 683 10
573 683 10
684 712 12
166 684 10
143 684 11
171 684 12
684 747 12
142 685 8
623 685 9
561 685 11
20 685 6
322 685 11
134 686 8
78 686 9
132 686 15
68 686 9
38 686 11
650 686 10
139 687 10
599 687 10
650 687 7
222 687 10
442 687 11
446 687 14
543 688 10
688 749 13
382 688 14
681 688 11
404 688 10
3 689 11
29 689 13
424 689 10
619 689 13
74 690 13
185 690 11
690 727 12
121 690 12
690 740 8
73 691 12
410 691 11
321 691 9
565 691 11
535 692 14
428 692 8
566 692 7
670 692 8
177 692 9
419 693 9
693 727 11
693 719 8
582 693 11
536 694 16
503 694 10
439 694 11
285 694 10
90 695 16
559 695 10
281 695 6
5 695 10
640 695 13
696 713 10
43 696 9
392 696 11
365 696 11
141 696 12
148 697 11
300 697 13
140 697 8
390 697 13
182 697 6
409 698 8
365 698 10
313 698 10
525 698 5
631 698 12
172 699 12
459 699 12
173 699 9
261 699 9
560 699 16
286 700 10
645 700 7
425 700 13
604 700 12
647 700 13
297 701 13
681 701 13
260 701 9
539 701 10
558 701 9
662 701 13
129 702 9
487 702 10
525 702 11
15 702 11
442 703 11
419 703 11
426 703 13
463 703 7
332 703 8
262 704 12
377 704 11
78 704 12
344 704 12
364 704 10
238 704 9
43 705 15
531 705 12
461 705 8
247 705 15
122 706 9
242 706 11
658 706 10
203 706 11
506 706 12
640 706 10
657 706 12
254 707 11
416 707 11
253 707 11
576 707 14
566 707 9
693 708 8
701 708 10
466 708 11
651 708 12
22 708 12
295 708 10
263 709 11
232 709 11
173 709 14
142 709 9
143 710 13
625 710 12
116 710 12
266 710 12
358 710 10
91 711 9
59 711 9
74 711 11
587 711 7
711 725 13
622 711 11
244 712 12
183 712 12
636 712 11
23 712 11
571 712 11
618 712 10
694 713 9
269 713 12
507 713 11
710 713 12
481 714 12
517 714 12
506 714 12
229 714 7
549 715 9
715 719 11
551 715 11
74 715 10
516 715 11
666 716 12
480 716 11
628 716 9
703 716 7
681 717 8
703 717 13
365 717 10
43 717 10
49 717 10
234 717 9
127 718 8
322 718 10
15 718 9
321 718 10
594 718 9
425 719 9
719 738 8
152 719 13
169 719 8
573 719 11
499 719 8
235 720 13
468 720 9
507 720 9
301 720 14
580 721 12
577 721 11
325 721 14
275 721 11
636 721 12
260 721 11
99 722 10
513 722 13
0 722 10
178 722 16
457 722 14
641 723 12
352 723 9
723 747 10
547 723 9
176 723 11
140 724 6
322 724 9
39 724 11
539 724 11
518 724 11
300 724 10
40 725 8
501 725 17
494 725 11
112 725 11
316 726 10
726 749 14
689 726 11
602 726 9
450 726 12
303 727 13
266 727 9
218 727 9
641 727 12
572 727 11
453 728 14
154 728 13
76 728 10
256 728 11
40 728 11
306 728 12
0 729 14
382 729 11
310 729 9
639 729 7
45 730 9
103 730 8
527 730 10
404 730 11
393 730 15
467 731 11
14 731 7
190 731 11
297 731 10
618 731 10
360 732 12
186 732 11
672 732 8
62 732 6
176 732 11
311 733 10
63 733 10
717 733 11
604 733 10
220 734 8
523 734 11
271 734 12
131 734 9
589 734 11
327 735 9
513 735 7
309 735 12
33 735 12
141 735 15
340 736 13
306 736 10
564 736 9
19 736 7
353 737 8
183 737 10
373 737 11
403 737 12
288 737 12
273 738 11
670 738 13
111 738 13
694 738 10
125 738 8
305 739 10
325 739 8
542 739 10
452 739 9
218 739 7
486 740 10
115 740 13
351 740 9
38 740 7
635 740 10
263 740 8
102 741 15
739 741 12
65 741 9
637 741 13
122 742 13
205 742 7
662 742 10
33 742 9
225 742 10
346 743 10
417 743 13
22 743 12
218 743 11
273 743 6
737 743 11
194 744 10
639 744 10
163 744 14
661 745 10
103 745 10
229 745 10
523 745 8
94 745 8
151 746 10
42 746 8
78 746 11
372 746 13
25 746 9
511 747 9
368 747 12
150 747 14
401 748 5
687 748 8
713 748 11
443 748 10
306 748 16
34 748 8
141 749 10
215 749 12
627 749 7
569 749 12
611 749 12
