750
0
9
4
4
1
6
7
9
2
4
5
8
7
5
6
9
9
4
4
4
2
7
3
2
7
3
4
7
2
10
4
7
3
2
4
3
2
3
9
7
2
3
4
9
4
2
10
4
9
9
5
10
5
3
8
6
2
4
4
4
9
7
7
6
8
7
2
2
4
2
5
6
8
6
6
2
9
7
4
2
1
3
3
4
8
8
10
2
7
2
7
9
4
2
1
7
8
6
3
4
4
8
4
2
9
2
7
3
2
8
5
2
2
5
7
7
7
1
7
10
1
6
9
2
8
3
9
2
2
7
6
4
8
2
5
10
1
2
3
8
5
9
10
6
6
3
7
1
3
7
7
3
5
3
9
7
8
8
5
3
7
2
8
6
5
6
4
7
2
3
3
1
4
7
9
5
2
8
5
7
4
9
1
8
5
10
2
6
4
9
8
5
2
1
8
5
7
8
6
1
8
6
8
1
10
2
9
2
10
9
6
3
1
3
4
7
5
6
3
1
7
5
8
5
6
5
7
9
5
1
7
4
9
8
5
7
6
8
2
7
1
9
4
6
3
8
5
8
2
1
10
1
5
3
8
7
3
2
3
1
5
5
3
2
8
5
9
10
10
4
2
7
8
5
3
6
2
8
6
2
1
5
10
6
8
9
7
3
6
7
7
8
4
6
6
8
8
5
7
9
6
3
4
7
3
5
8
8
2
3
9
4
9
5
4
8
7
7
8
3
5
2
3
3
9
2
4
6
4
2
10
2
2
1
7
8
9
2
4
4
5
4
5
2
10
10
7
5
3
8
3
6
6
5
6
8
6
2
7
5
3
5
6
5
10
8
9
6
7
8
8
5
6
8
10
2
9
2
6
3
10
7
2
4
9
4
6
10
9
4
4
9
1
3
7
5
6
6
2
10
9
8
2
4
7
4
2
5
3
5
5
8
9
9
2
1
4
5
3
8
10
1
3
3
8
8
4
3
7
7
6
4
3
9
1
3
8
6
2
2
6
5
2
4
3
5
5
9
2
4
3
6
4
4
9
10
1
7
7
7
4
1
5
2
1
7
10
2
7
5
6
7
1
6
3
6
5
3
6
4
6
9
9
6
7
5
3
8
3
6
7
4
3
6
6
9
9
5
6
3
6
1
3
9
6
6
1
6
7
1
9
3
4
2
7
9
7
5
2
5
7
8
6
10
6
3
5
7
1
7
9
10
10
8
5
1
6
8
5
3
10
4
5
5
5
9
8
2
7
6
9
4
2
2
3
5
1
5
10
8
8
1
5
9
6
8
5
7
4
8
1
8
9
8
4
6
3
6
5
4
5
9
10
9
8
3
6
3
5
2
3
10
6
2
10
10
2
8
2
7
7
8
9
5
6
5
5
5
3
5
1
8
2
8
1
3
3
8
5
7
4
4
10
2
5
9
5
7
5
8
10
7
7
4
1
2
2
2
7
9
3
4
7
5
4
6
5
1
6
9
4
6
9
2
4
1
3
7
8
1
5
4
3
5
5
4
7
8
4
5
9
5
3
2
8
1
5
2
7
7
8
4
4
6
5
2
9
7
4
7
2
6
5
2
2
5
7
8
5
7
6
3
2
4
8
7
2
9
8
2
4
4
5
9
2
8
10
3
9
2
4
2
3
7
3
2
2
9
4
2
7
10
4
8
8
5
7
5
4
5
8
7
6
7
2
3
4
2
9
10
0 583 16
0 23 9
0 246 9
0 421 9
0 473 10
0 261 10
0 518 13
0 586 12
0 238 11
0 107 12
1 335 10
1 438 14
1 349 11
1 233 10
1 346 12
1 297 8
1 606 13
1 414 8
1 410 8
1 646 9
2 715 12
2 50 11
2 203 12
2 301 7
2 505 8
2 537 7
2 221 11
2 542 12
2 347 9
2 521 10
3 106 7
3 47 9
3 246 5
3 237 11
3 605 12
3 667 10
3 181 10
3 151 9
3 565 11
3 356 9
4 677 9
4 563 7
4 730 10
4 608 11
4 40 12
4 360 7
4 560 11
4 389 12
4 444 12
4 68 8
5 425 11
5 682 10
5 396 9
5 646 10
5 649 11
5 87 13
5 82 11
5 550 11
5 384 9
5 28 10
5 88 12
6 717 7
6 110 8
6 612 13
6 486 6
6 310 11
6 541 12
6 332 11
6 334 16
6 416 12
6 291 10
7 413 11
7 458 13
7 703 11
7 475 9
7 172 12
7 501 8
7 61 8
7 549 12
7 299 9
8 129 11
1 8 11
8 572 7
8 297 12
8 426 10
8 223 11
2 8 6
8 553 7
8 384 12
8 27 12
9 132 10
9 156 11
9 619 13
9 465 12
9 216 8
9 484 12
9 337 12
9 67 12
9 551 10
9 453 12
9 126 8
10 164 9
10 477 9
10 22 11
10 658 10
10 400 12
10 293 7
10 645 10
10 537 11
10 605 14
10 549 10
10 153 9
10 216 11
11 133 11
11 558 15
11 239 9
11 688 9
11 140 10
11 230 11
11 703 11
11 748 13
11 737 10
11 457 8
12 744 9
12 365 12
12 622 11
12 180 9
12 593 8
12 294 10
12 262 10
12 154 8
12 639 11
12 505 14
12 428 9
13 401 9
13 302 9
13 548 6
13 131 10
13 173 14
13 590 11
13 224 11
13 650 9
13 146 12
13 239 9
13 668 11
13 454 9
14 112 12
14 582 8
14 673 9
14 259 12
14 431 7
14 656 9
14 380 11
14 528 9
14 711 14
14 325 10
14 491 11
14 148 9
15 204 13
4 15 14
15 578 10
15 509 10
15 620 12
15 259 10
15 144 9
15 595 10
15 232 9
15 475 9
15 692 11
15 336 13
16 525 8
16 444 11
16 91 12
16 322 12
16 333 8
16 198 13
16 659 11
16 163 10
16 531 9
16 465 10
17 521 10
17 43 11
17 106 13
17 211 10
17 275 9
17 430 10
17 642 10
17 29 12
17 166 11
17 584 11
17 744 9
18 436 10
18 535 11
18 386 8
18 133 9
18 251 14
18 54 11
18 735 11
18 507 11
19 175 12
19 32 10
19 206 14
19 210 11
19 377 9
19 700 12
19 172 14
19 388 11
19 701 10
20 478 10
20 535 8
20 744 10
20 371 8
20 100 8
20 317 11
20 248 10
20 379 9
20 511 9
20 576 8
20 346 11
13 21 11
21 476 4
21 52 10
21 91 7
21 409 8
21 367 12
21 328 10
21 571 10
21 341 8
21 161 9
22 612 13
22 582 9
22 551 10
22 472 10
22 313 11
22 82 9
22 666 8
22 558 8
22 233 10
22 718 13
22 78 7
23 650 5
23 458 9
23 338 12
23 723 10
23 116 10
23 494 8
23 697 9
23 438 12
23 85 7
23 380 11
23 370 11
24 327 11
24 455 11
24 109 10
24 467 11
24 406 10
24 573 9
24 266 11
24 718 11
24 312 6
24 148 10
24 93 13
25 172 14
25 248 10
25 689 10
25 292 11
25 310 9
25 191 9
25 368 12
25 541 10
25 295 11
25 204 8
25 182 12
26 659 9
26 80 11
26 131 8
26 512 9
26 86 8
26 170 8
26 504 12
26 676 12
26 72 14
27 654 7
27 210 8
27 319 13
27 555 10
27 368 10
27 91 12
27 525 11
27 144 10
27 198 8
27 513 9
28 565 12
28 185 10
28 663 11
28 726 10
28 239 13
28 738 8
28 701 11
28 562 12
29 540 12
29 201 10
29 594 12
29 245 8
14 29 12
29 529 10
29 740 6
23 29 13
29 70 12
30 369 11
30 542 9
30 200 10
30 556 6
30 75 9
30 347 12
30 671 9
30 145 12
0 30 13
30 621 11
30 702 11
3 30 12
31 637 10
31 424 9
31 46 6
31 534 12
31 625 12
31 666 12
31 279 10
31 542 7
31 161 10
31 607 7
32 167 8
32 480 11
32 424 10
32 199 10
32 684 9
32 371 10
22 32 10
32 726 11
32 105 10
32 355 8
33 351 8
33 108 13
33 489 9
33 373 10
33 126 11
33 252 14
33 376 9
33 452 9
33 185 7
14 33 8
34 495 11
34 254 10
34 287 8
34 521 10
34 691 13
34 149 11
34 444 11
34 337 13
34 664 8
34 622 8
35 733 9
35 187 9
35 599 15
35 152 9
35 421 8
35 747 10
35 387 9
35 493 12
35 603 13
35 334 12
36 246 14
36 556 11
36 319 14
36 648 12
36 179 12
36 130 12
11 36 17
36 82 9
36 72 11
36 716 7
36 502 11
37 456 11
37 372 10
37 656 13
37 529 12
37 53 12
37 78 12
37 620 9
37 343 9
37 274 13
37 205 10
37 56 9
38 749 13
38 655 10
38 228 11
38 467 13
38 65 14
38 699 10
38 530 13
38 119 11
38 732 10
38 543 9
39 341 10
39 608 12
39 73 11
39 67 11
39 324 10
39 508 9
39 350 6
39 494 7
39 425 9
39 309 7
40 509 10
40 547 11
40 433 11
40 351 10
40 446 9
27 40 11
36 40 9
40 738 7
40 398 11
40 482 9
41 570 8
41 618 11
41 456 7
41 657 12
41 384 9
41 569 11
41 466 12
41 76 9
41 350 14
0 41 12
42 116 11
42 104 12
42 150 11
42 470 9
42 235 6
42 723 10
42 262 12
42 410 9
42 586 13
43 600 10
43 450 11
43 591 13
43 281 13
25 43 14
43 177 10
32 43 9
43 214 11
43 47 11
43 555 11
33 44 11
44 478 11
44 233 13
44 744 7
44 410 10
44 172 9
44 433 9
44 597 12
44 52 10
44 352 13
44 318 13
44 492 8
44 344 11
45 196 12
45 614 11
45 528 11
45 701 13
45 65 12
45 478 12
45 446 13
45 279 11
45 568 9
46 265 9
46 254 14
46 328 12
46 202 10
46 344 12
46 721 11
46 226 10
46 81 12
47 206 13
39 47 13
47 613 12
47 81 9
47 306 8
47 481 7
47 195 10
47 60 9
47 532 8
47 263 9
47 552 8
38 47 12
47 498 11
48 283 10
48 483 7
48 707 11
48 740 14
48 164 9
48 478 11
48 480 12
48 632 7
48 694 11
48 476 9
49 336 13
49 632 8
49 198 10
49 353 9
49 326 8
49 524 10
49 546 14
49 174 11
49 664 13
49 386 11
50 204 9
50 76 9
50 276 10
50 292 9
50 371 5
50 230 9
50 717 10
50 368 10
50 110 9
50 65 10
51 271 10
51 497 12
51 474 11
51 569 13
19 51 9
51 609 12
51 378 8
51 179 10
51 541 12
51 294 10
52 491 12
52 419 12
52 222 10
52 241 9
52 375 12
52 342 9
52 483 9
52 257 11
52 396 12
53 617 9
53 428 9
53 675 8
53 223 12
53 270 11
53 719 14
53 306 12
53 315 10
53 576 8
53 390 9
54 739 12
54 631 12
54 668 13
54 184 10
54 520 15
54 207 12
54 321 12
54 345 9
54 277 11
55 237 8
55 114 15
55 143 9
55 475 12
55 315 16
55 171 10
55 123 11
55 466 8
37 55 12
55 603 9
56 563 7
56 559 11
56 595 13
56 221 10
56 117 11
56 297 15
56 189 10
56 515 9
56 444 9
28 57 13
57 208 10
3 57 7
57 543 9
57 348 10
57 140 11
57 329 10
57 97 13
57 305 11
57 666 9
58 453 11
58 520 11
9 58 12
58 190 10
58 686 6
58 60 10
58 628 7
58 612 11
58 257 11
58 224 9
58 256 13
59 721 10
59 577 12
59 700 12
59 413 7
59 399 8
59 264 13
59 396 12
59 301 13
59 227 13
59 313 14
46 60 11
60 314 11
60 105 12
60 168 9
60 425 9
60 509 14
60 466 11
60 398 10
60 550 11
61 147 9
61 474 10
61 603 10
61 97 7
61 113 8
61 549 8
61 465 12
61 570 13
0 61 10
51 61 11
62 541 4
62 556 10
21 62 11
62 96 10
62 182 8
62 648 13
62 473 12
62 449 9
62 492 11
62 644 11
63 384 12
63 370 9
63 567 10
63 104 9
63 673 10
63 703 16
63 442 12
63 374 14
63 573 10
63 730 6
4 64 15
64 664 9
64 232 9
64 698 14
16 64 10
64 262 15
64 475 15
64 605 12
64 538 12
65 300 13
65 433 10
65 565 11
65 280 13
65 569 10
65 304 10
65 426 10
65 281 8
65 545 10
66 647 9
66 67 13
34 66 7
66 676 12
60 66 12
66 160 8
66 678 14
66 317 12
66 485 13
67 563 8
67 561 12
67 316 10
67 459 13
67 471 13
67 582 11
67 90 11
67 375 7
67 144 13
67 378 11
21 68 11
68 168 9
68 188 11
68 292 11
68 607 10
68 125 11
68 161 10
68 233 10
68 609 11
68 725 12
68 362 12
69 221 8
69 447 6
69 477 9
69 636 10
69 663 11
69 629 12
69 256 13
62 69 10
69 308 9
37 69 10
70 262 8
70 738 11
70 627 8
52 70 13
70 429 8
70 329 7
70 427 11
70 323 10
70 633 12
71 120 11
71 659 13
71 711 11
71 169 15
71 185 9
71 335 14
71 499 9
71 338 11
71 490 11
71 593 10
72 75 9
72 309 12
72 235 12
6 72 8
72 200 11
72 431 11
14 72 9
72 441 12
72 741 6
72 384 12
72 449 16
73 655 13
73 124 12
73 235 15
73 153 7
73 395 11
73 675 13
5 73 9
73 367 11
73 123 10
73 291 9
74 499 12
74 621 10
74 464 13
74 156 13
74 317 11
74 314 12
11 74 12
74 654 10
74 703 12
75 538 12
75 199 13
75 741 10
75 152 14
75 684 13
75 297 9
75 136 14
75 475 7
75 272 13
25 75 8
75 590 8
76 602 12
76 728 13
76 573 13
76 190 12
76 409 8
76 247 6
76 242 8
76 300 9
76 675 9
77 335 10
77 150 13
77 629 11
77 549 9
77 553 10
29 77 8
77 454 9
18 77 9
77 110 8
77 205 13
77 350 16
78 525 13
78 219 9
78 468 8
78 545 8
78 725 7
78 426 12
78 543 9
78 476 8
78 287 10
78 387 10
78 345 12
79 86 11
79 669 10
21 79 10
79 474 15
79 651 4
79 217 11
79 656 10
79 735 11
79 287 10
79 471 11
56 80 14
80 176 6
80 597 8
80 631 10
80 416 6
80 516 5
80 221 12
80 526 13
80 448 10
80 490 7
81 663 9
81 221 13
81 672 8
81 132 11
81 327 11
81 161 10
81 718 11
19 81 8
81 519 11
81 339 7
81 476 6
82 302 9
82 724 10
82 466 10
82 657 9
82 96 14
80 82 9
76 82 8
82 623 8
82 347 11
83 541 11
83 592 12
83 512 11
83 428 14
83 636 12
83 241 11
83 504 11
83 392 15
83 536 13
83 587 10
84 432 11
84 611 7
84 705 10
84 175 10
84 346 18
74 84 9
84 294 11
84 468 11
84 417 12
47 85 12
85 160 12
85 606 11
85 549 11
85 458 9
85 343 11
85 113 13
11 85 11
85 455 8
85 250 11
86 626 10
86 171 12
86 447 8
86 97 11
86 590 8
64 86 10
86 233 10
86 479 13
86 128 8
87 634 11
87 664 14
87 367 10
87 600 12
87 685 13
87 149 12
87 675 10
11 87 6
87 701 12
33 88 10
88 609 8
88 674 7
88 305 11
88 458 9
88 696 14
88 142 11
88 396 10
88 331 12
7 88 11
89 661 11
89 120 13
89 592 11
89 379 12
89 469 9
89 175 9
89 709 6
89 489 10
89 150 9
90 374 12
72 90 13
90 675 11
90 452 11
90 215 8
90 488 13
90 107 11
90 392 8
90 502 7
90 462 13
91 335 8
91 126 12
91 541 10
91 127 12
76 91 13
15 91 11
91 438 11
92 292 11
92 745 13
92 166 11
92 163 6
92 270 8
92 125 9
92 423 13
92 308 10
92 447 10
93 234 10
93 139 10
93 717 6
93 208 12
93 142 9
93 405 12
93 132 12
93 331 15
93 154 14
93 476 13
94 290 12
94 341 12
94 131 14
94 561 8
94 409 12
94 441 9
68 94 11
94 672 6
7 94 10
95 136 11
95 658 11
95 398 12
95 549 11
95 275 12
24 95 13
95 484 9
95 186 13
95 634 14
95 627 9
96 303 12
96 287 10
90 96 10
96 723 8
96 569 12
96 611 14
96 238 11
96 333 10
96 414 8
96 703 12
7 97 8
97 139 9
97 721 9
97 131 12
97 175 13
97 731 11
97 651 11
97 635 7
97 465 7
97 535 11
97 194 12
57 98 10
98 192 11
98 213 7
38 98 13
98 539 11
98 690 15
64 98 12
68 98 12
98 280 10
99 428 10
99 330 11
99 614 10
99 557 12
99 354 12
99 117 8
59 99 11
99 499 11
2 99 13
99 541 8
99 228 8
100 517 11
92 100 11
100 105 9
65 100 11
100 496 10
100 692 9
100 419 8
100 619 9
100 726 12
100 623 8
101 704 11
101 258 10
101 310 5
101 472 9
0 101 10
101 234 12
101 444 13
101 117 12
101 220 12
101 666 10
101 591 11
102 259 9
102 168 12
102 732 12
102 480 10
102 445 10
102 546 11
85 102 14
102 387 11
102 562 14
102 684 15
103 191 6
103 425 9
103 127 10
103 711 13
103 400 6
103 256 9
103 571 11
103 623 12
103 683 9
8 103 8
104 659 9
104 361 12
104 221 9
104 173 11
104 242 12
104 396 10
104 674 7
104 500 10
104 306 12
104 121 13
14 105 10
105 161 14
105 542 11
105 673 12
105 395 10
105 677 13
105 579 9
44 105 9
105 243 8
92 105 14
1 105 12
105 279 11
106 714 13
106 660 9
106 499 9
106 397 11
106 300 8
106 245 9
106 360 9
106 319 10
106 161 12
107 524 11
107 630 11
107 442 11
107 401 8
107 542 9
107 359 12
1 107 10
107 273 15
107 414 9
107 429 9
108 569 12
108 240 10
108 248 10
108 561 10
108 280 11
108 355 10
108 230 12
108 241 13
108 579 7
108 395 12
109 400 11
109 204 7
109 405 11
109 732 7
109 296 8
109 276 7
109 403 15
92 109 11
109 111 11
110 113 10
110 728 13
110 608 8
110 745 12
47 110 13
110 711 9
110 201 9
110 419 10
23 111 11
111 179 11
111 242 8
111 272 12
111 397 9
111 702 11
111 276 11
41 111 12
111 526 11
111 683 11
112 157 8
112 749 9
12 112 11
112 452 11
112 223 10
112 665 10
112 295 8
112 139 11
112 294 14
113 538 7
3 113 6
113 138 11
113 614 10
113 359 7
37 113 7
113 413 7
113 130 9
113 192 11
113 396 12
114 722 8
114 322 9
114 735 12
114 192 12
104 114 12
114 597 11
114 569 13
114 416 8
114 237 11
114 394 12
114 522 11
115 624 16
115 418 13
115 556 11
115 181 15
87 115 12
115 714 11
115 475 11
115 403 9
115 342 8
116 597 12
116 593 12
116 307 8
116 701 13
116 330 12
116 716 13
31 116 10
116 279 9
116 249 4
117 394 9
117 732 11
71 117 8
117 268 12
117 275 10
94 117 11
38 117 10
117 358 9
117 653 8
118 157 9
118 744 12
118 652 10
118 570 4
118 623 10
118 299 11
118 349 10
118 545 10
118 593 11
118 400 10
119 278 13
119 546 12
53 119 10
119 637 8
119 712 11
119 745 9
119 275 9
119 313 6
119 433 11
119 297 11
120 358 11
120 417 10
120 556 10
120 473 8
81 120 11
120 354 10
104 120 14
120 692 10
19 120 14
120 213 9
121 214 11
51 121 9
121 417 11
121 627 9
121 654 9
121 681 11
58 121 10
121 326 9
121 613 7
50 121 11
122 692 10
77 122 14
122 215 9
122 391 10
122 415 9
122 255 11
122 562 12
122 681 14
122 707 8
122 724 14
122 172 10
123 482 11
118 123 9
123 215 10
123 460 11
123 744 14
123 253 9
5 123 13
123 613 6
123 446 10
123 552 11
123 274 11
122 124 12
124 176 9
124 143 11
124 543 10
124 214 11
54 124 9
124 524 8
124 690 13
124 713 11
124 509 11
125 564 9
76 125 6
22 125 9
125 219 8
125 674 10
125 251 10
125 331 10
33 125 8
125 228 9
125 242 12
126 536 9
83 126 11
126 698 13
126 626 9
126 671 9
126 629 9
61 126 9
126 675 10
126 597 11
126 215 9
111 126 10
127 314 10
127 134 8
127 742 11
127 650 9
114 127 8
127 365 8
127 439 14
127 469 12
127 174 8
127 687 11
127 269 12
128 522 9
128 747 14
79 128 13
128 471 9
128 506 10
91 128 11
128 511 12
8 128 12
128 215 11
128 727 14
128 717 9
129 392 10
129 652 10
129 684 11
20 129 10
119 129 10
129 194 9
103 129 8
129 401 7
129 706 10
129 393 11
130 416 10
130 607 12
3 130 9
130 521 13
130 195 7
130 227 11
130 600 14
130 508 10
130 155 9
130 647 15
130 667 7
27 131 11
131 526 12
131 460 13
131 246 12
131 421 13
131 188 7
131 255 10
131 490 10
131 620 10
131 652 8
131 140 14
41 131 10
132 248 9
132 549 11
132 401 13
132 632 10
65 132 12
132 708 8
132 738 7
22 132 10
132 572 11
132 208 11
132 283 10
133 343 9
133 609 8
133 287 8
133 470 12
133 270 13
133 635 9
133 465 8
133 262 10
133 362 11
133 697 17
66 134 11
134 225 12
134 581 13
94 134 10
134 394 13
36 134 7
134 702 12
134 555 11
134 717 7
135 368 10
135 517 12
109 135 12
135 328 11
135 650 11
135 367 11
118 135 10
135 183 9
2 135 12
22 135 11
136 631 12
136 228 10
123 136 12
136 264 12
136 688 12
93 136 11
136 289 13
136 248 9
136 243 8
136 320 9
136 219 13
137 413 7
137 478 10
137 618 10
137 222 12
137 603 12
137 361 11
137 298 10
137 453 9
137 411 13
137 342 12
17 138 11
138 505 13
138 680 13
138 724 8
138 195 12
138 300 10
138 708 11
138 537 9
138 374 12
138 390 11
138 668 7
73 139 8
139 700 8
139 328 9
139 496 13
139 679 12
139 713 10
139 240 9
139 337 12
139 549 10
139 504 11
139 445 7
140 389 9
140 455 10
140 233 11
24 140 11
140 507 9
140 592 9
140 718 7
140 687 10
140 155 11
32 140 12
98 141 11
39 141 14
141 321 9
141 238 10
141 249 8
141 213 10
141 661 5
141 258 13
141 306 11
142 639 11
142 717 10
142 271 10
142 588 10
142 679 13
142 475 13
142 694 9
103 142 13
142 229 10
142 327 13
143 661 11
88 143 12
28 143 13
143 723 12
143 391 11
143 156 6
33 143 13
143 494 10
143 170 9
4 144 9
144 246 14
144 342 12
144 513 12
144 639 13
144 218 10
144 232 8
144 404 10
144 229 7
28 144 12
144 390 10
57 144 11
145 274 6
145 624 9
145 313 12
145 223 8
145 465 9
145 595 10
145 679 8
145 267 9
145 224 10
145 156 14
119 146 12
146 577 10
146 421 14
146 598 6
117 146 11
130 146 11
146 327 9
146 578 12
146 332 13
146 745 13
147 198 12
147 231 13
147 379 11
147 328 11
147 499 13
147 652 12
29 147 12
147 538 8
81 147 8
148 589 12
148 650 9
148 356 9
148 598 9
148 172 13
148 437 10
148 555 10
148 647 14
6 148 13
148 468 13
149 488 10
149 166 8
149 335 9
149 470 14
149 553 7
149 200 14
149 306 12
149 151 6
48 149 7
150 654 13
150 455 10
106 150 12
47 150 10
150 709 10
150 286 11
150 395 9
150 227 11
150 545 11
25 150 9
150 596 9
150 339 12
129 151 9
151 584 12
151 732 10
151 565 10
151 395 9
63 151 15
151 311 9
151 309 7
151 547 9
151 622 11
151 315 9
152 639 8
152 517 10
152 575 10
152 308 9
152 605 11
152 683 7
51 152 11
152 486 9
152 479 7
152 305 9
153 174 13
153 371 13
153 355 11
87 153 16
107 153 8
153 707 9
153 702 13
153 268 10
153 445 9
153 363 8
153 704 12
154 686 12
154 668 11
154 500 9
154 723 8
154 702 10
154 266 11
49 154 11
154 297 10
154 701 10
154 414 10
155 369 12
155 287 7
155 611 11
109 155 11
155 512 10
93 155 9
155 401 12
155 597 11
156 226 12
156 568 10
89 156 13
29 156 7
82 156 12
68 156 10
156 257 11
156 290 11
156 369 14
156 185 14
157 264 8
115 157 14
157 203 5
157 656 11
157 682 13
157 263 11
157 352 10
157 553 10
157 500 14
157 371 8
158 682 11
158 192 11
158 228 12
158 401 10
158 333 10
158 568 9
158 359 9
127 158 10
158 605 9
159 690 6
159 524 13
159 374 13
159 251 5
159 320 13
77 159 7
159 512 7
159 599 9
159 334 11
159 612 10
159 593 10
103 160 8
160 413 11
160 161 11
160 409 12
160 258 13
160 412 14
160 533 10
160 625 8
160 394 10
160 307 11
160 537 10
161 286 11
161 351 9
161 559 12
161 483 11
161 501 10
161 394 12
161 570 11
161 169 13
161 299 7
6 161 9
134 162 12
162 177 10
162 332 9
162 428 11
162 498 13
162 318 13
162 233 13
162 554 11
162 492 12
162 574 9
162 569 11
163 609 8
123 163 11
163 476 11
163 604 10
62 163 8
143 163 9
144 163 11
163 421 12
163 670 9
163 722 8
163 455 9
164 244 11
164 748 11
164 408 8
164 388 12
127 164 11
164 599 6
164 667 13
164 267 12
164 297 11
165 326 11
165 537 13
46 165 8
165 448 10
112 165 9
165 621 12
165 739 11
165 696 9
165 174 8
166 221 12
166 427 10
129 166 7
166 749 15
166 495 12
166 587 10
166 698 12
166 707 10
166 314 9
104 167 9
167 500 10
167 234 8
167 390 13
167 617 11
167 683 12
167 447 11
167 517 11
167 702 12
159 168 9
1 168 11
168 726 12
130 168 11
168 647 10
168 394 12
168 681 8
168 364 11
168 173 12
103 169 7
148 169 11
17 169 8
132 169 10
169 570 13
169 434 9
169 427 12
169 335 8
169 462 13
169 618 8
170 295 8
170 378 8
170 575 10
104 170 13
170 695 9
170 329 13
170 351 15
170 592 8
170 247 12
118 170 10
171 645 11
171 406 11
171 248 11
171 692 12
171 272 12
171 386 8
171 653 8
171 431 9
171 402 12
171 418 17
172 216 11
172 190 10
172 451 10
172 204 10
172 388 11
172 576 9
172 557 8
172 464 7
172 346 13
172 421 11
162 173 11
173 448 9
113 173 8
173 295 12
173 734 11
173 210 8
173 495 8
173 652 10
173 289 9
166 174 8
174 292 12
101 174 8
174 402 14
170 174 14
22 174 11
174 591 14
174 321 9
174 446 9
175 455 13
27 175 13
175 459 11
175 454 12
175 546 9
59 175 11
175 688 12
175 348 11
175 221 11
175 696 10
176 668 6
176 646 9
176 342 10
176 280 10
176 622 11
116 176 8
176 669 14
176 724 9
176 584 11
176 594 13
100 177 12
16 177 11
177 369 9
177 506 13
123 177 12
61 177 15
177 575 13
177 282 14
177 705 8
178 481 8
178 285 7
178 220 14
178 711 9
178 464 14
178 336 9
178 297 15
178 202 12
179 197 10
179 390 11
179 438 13
179 366 10
179 309 12
179 601 12
179 481 8
179 370 12
179 494 13
155 179 6
179 431 10
180 283 9
180 742 13
145 180 5
180 315 11
131 180 13
180 561 6
180 677 12
180 478 11
180 442 14
7 180 13
180 224 13
181 280 9
181 380 13
154 181 8
146 181 11
181 273 11
181 456 9
181 647 13
181 578 13
181 536 13
182 638 13
182 385 13
182 316 10
182 583 8
182 387 11
182 538 13
97 182 12
182 676 8
182 272 9
183 250 10
183 642 11
73 183 12
183 265 5
183 661 10
183 242 10
183 644 9
183 537 8
184 647 13
184 286 9
184 729 7
184 686 6
184 218 11
184 608 10
184 442 11
157 184 10
184 311 13
185 376 8
185 327 9
185 586 10
109 185 12
185 535 14
185 595 10
153 185 12
155 185 9
185 580 10
185 600 12
186 456 10
186 241 9
186 297 10
186 348 13
186 329 10
186 685 11
186 426 11
47 186 11
186 215 13
187 360 11
187 743 9
101 187 14
187 232 12
187 282 12
63 187 14
187 400 16
187 583 12
187 585 9
188 349 16
188 664 9
188 348 11
188 627 9
101 188 11
130 188 11
188 388 10
188 496 7
188 346 10
188 361 10
189 433 9
42 189 8
60 189 17
8 189 10
88 189 8
189 571 10
189 672 13
189 568 12
189 699 11
111 189 13
190 686 10
180 190 10
190 693 7
190 372 11
101 190 11
173 190 8
190 368 11
190 728 9
190 200 9
190 370 10
191 480 6
191 568 10
191 516 10
191 576 11
78 191 10
191 577 10
191 603 12
191 632 10
191 648 8
192 673 8
192 714 11
101 192 11
37 192 10
192 218 15
192 579 12
192 359 10
192 330 8
192 740 11
48 193 10
160 193 12
193 408 9
193 587 9
193 619 10
193 414 12
151 193 12
193 438 10
193 374 11
193 487 11
193 313 10
194 284 8
194 698 9
194 356 9
194 290 8
194 674 11
194 643 12
174 194 7
194 273 9
70 194 10
146 195 8
195 364 13
71 195 13
187 195 12
195 318 10
159 195 8
195 467 10
195 365 9
195 233 11
195 746 11
196 448 6
46 196 11
196 673 11
196 491 12
196 634 9
196 745 11
196 701 12
194 196 13
196 444 10
85 196 11
197 282 10
197 688 11
197 308 10
197 290 12
197 581 11
197 206 10
197 713 11
197 260 12
197 234 13
197 428 11
197 457 8
198 543 11
198 678 8
198 301 9
198 585 9
198 374 12
198 711 10
198 700 9
198 722 11
198 727 10
198 623 12
199 616 11
199 699 8
199 484 9
199 478 8
199 614 11
199 474 11
199 572 9
199 273 10
151 199 14
199 321 14
199 428 9
200 348 13
48 200 13
200 224 12
122 200 8
200 450 10
200 455 12
171 200 14
200 355 7
200 586 10
185 200 12
143 200 12
57 201 11
201 292 11
201 621 11
201 659 7
201 699 14
38 201 11
201 650 6
201 451 13
99 201 10
58 202 12
108 202 13
202 577 10
10 202 15
202 460 9
202 258 11
202 314 10
202 489 14
202 734 11
202 595 7
202 648 10
203 229 11
203 617 10
203 336 11
203 510 9
203 648 12
203 302 9
203 261 13
22 203 9
203 452 10
203 425 9
204 356 11
204 386 11
204 614 13
204 674 10
204 570 6
204 372 9
203 204 11
204 448 10
178 204 12
200 204 12
205 412 9
137 205 10
205 564 7
8 205 9
205 592 10
14 205 12
205 210 8
205 446 10
205 393 8
205 670 13
206 215 11
206 247 11
55 206 10
122 206 14
180 206 13
206 293 13
100 206 14
206 661 11
206 403 8
187 207 10
153 207 10
207 727 10
207 332 14
155 207 12
79 207 9
207 227 13
178 207 6
184 207 10
138 208 14
208 419 12
139 208 9
95 208 8
80 208 12
208 560 8
208 385 13
208 257 9
208 595 13
208 346 11
76 209 9
209 691 13
209 461 12
208 209 8
209 414 9
209 219 10
28 209 11
209 395 14
209 665 10
210 575 12
210 653 11
210 685 10
143 210 12
210 440 11
210 570 11
32 210 11
210 384 10
210 223 11
210 615 10
210 735 11
30 210 9
200 211 13
211 328 8
211 680 9
47 211 12
211 663 12
211 590 14
211 729 9
211 537 11
211 546 9
212 636 6
135 212 10
212 446 11
153 212 12
212 221 8
77 212 12
98 212 12
212 645 7
212 233 15
213 700 9
133 213 10
197 213 9
8 213 7
213 505 10
213 323 13
213 583 10
213 664 15
214 259 12
35 214 12
214 399 8
34 214 10
214 512 11
113 214 15
214 602 15
214 377 9
214 677 9
214 449 10
166 215 9
182 215 13
215 594 15
77 215 14
215 323 14
215 330 14
215 599 13
215 560 11
215 586 9
215 748 13
66 216 9
216 680 12
163 216 11
207 216 11
216 611 6
216 530 11
216 676 8
120 216 12
217 631 10
198 217 11
217 273 9
196 217 12
217 701 10
217 426 10
217 746 11
217 718 10
217 747 10
217 296 10
177 218 6
28 218 11
110 218 12
105 218 11
47 218 12
218 655 9
60 218 11
141 218 12
218 657 13
218 748 8
110 219 9
55 219 10
219 631 10
219 733 11
219 557 8
219 586 7
219 737 8
208 219 9
219 738 10
219 462 10
220 700 13
220 437 11
220 577 12
220 400 11
220 605 11
89 220 10
220 672 9
220 712 9
220 547 8
8 220 8
177 220 9
221 616 15
221 454 13
186 221 11
221 713 8
190 221 15
221 278 12
66 221 12
156 221 11
221 622 10
158 221 11
145 221 11
166 222 10
222 531 11
222 516 9
222 702 14
222 275 14
222 715 10
222 629 12
222 286 11
222 498 12
223 735 11
223 672 11
223 649 8
223 410 9
174 223 11
223 397 11
223 742 12
223 347 8
118 223 13
224 727 10
224 392 6
224 690 8
224 454 10
224 309 11
224 689 9
224 670 10
224 650 13
224 475 9
126 224 13
224 592 11
225 332 13
225 602 8
225 454 10
92 225 12
42 225 13
225 356 10
225 347 10
225 260 10
225 320 15
33 225 9
226 316 14
226 493 6
226 560 9
226 449 6
120 226 11
226 238 10
226 653 13
226 490 10
158 226 13
226 243 11
226 250 13
93 227 9
227 641 10
227 732 10
227 357 11
227 563 16
66 227 12
227 390 11
227 655 12
17 228 11
228 370 10
228 643 10
228 661 9
228 575 11
7 228 8
228 314 9
228 401 12
228 267 12
229 334 13
229 737 10
229 538 11
18 229 12
229 385 8
229 735 10
229 492 9
229 725 13
199 229 10
229 696 14
169 230 9
38 230 9
230 385 12
230 313 10
230 473 10
230 439 9
230 519 11
230 405 6
230 421 12
230 734 9
21 230 12
231 321 10
231 587 10
113 231 16
231 307 9
231 450 11
231 658 10
231 444 13
94 231 13
231 491 13
231 357 12
232 240 11
232 733 13
217 232 6
232 403 14
232 533 11
212 232 9
232 425 10
131 232 11
232 691 9
232 308 8
232 498 9
233 296 9
233 639 11
233 659 14
55 233 14
233 698 11
233 739 12
233 467 12
233 616 11
233 450 9
233 504 12
20 234 13
136 234 9
234 454 12
234 749 10
234 725 13
234 676 3
86 234 6
234 729 9
234 402 9
235 740 9
235 450 10
34 235 9
235 586 12
235 304 12
235 341 10
205 235 9
126 235 9
235 432 12
235 600 11
235 448 10
236 417 14
236 503 12
202 236 9
236 284 10
236 304 11
120 236 11
236 372 12
100 236 12
236 308 11
236 408 10
149 236 13
237 560 7
237 289 12
237 676 14
237 547 10
176 237 11
181 237 8
209 237 9
237 404 11
237 730 11
24 238 10
238 430 10
36 238 11
182 238 9
238 239 13
238 681 8
238 737 10
210 238 10
54 238 12
238 404 8
101 239 11
239 448 14
239 677 9
153 239 8
239 635 13
239 417 7
239 372 14
239 344 10
199 239 9
239 597 10
239 410 12
86 239 10
240 292 11
113 240 8
240 438 10
19 240 13
59 240 12
240 376 11
240 295 13
240 411 14
240 488 13
240 626 9
241 566 10
241 455 8
241 579 9
241 714 11
241 636 9
131 241 7
185 241 13
235 241 12
50 241 8
242 647 11
242 545 7
177 242 12
242 678 11
34 242 12
242 642 6
242 607 10
242 356 10
68 242 13
100 242 12
243 497 13
243 609 12
243 462 10
101 243 10
243 650 9
243 579 10
243 450 14
243 574 13
189 243 8
244 249 8
20 244 8
244 389 13
244 717 12
244 715 9
59 244 11
140 244 9
244 742 12
244 477 7
239 244 8
71 245 11
245 516 13
245 296 4
245 458 9
245 402 8
245 419 8
245 356 14
104 245 11
245 318 10
246 692 11
245 246 13
246 676 9
246 623 10
143 246 13
66 246 12
246 683 10
246 710 7
246 331 11
246 265 13
138 246 9
150 247 11
247 596 10
29 247 9
247 700 13
80 247 12
247 740 14
93 247 10
247 622 11
168 247 11
248 283 10
248 520 10
248 452 13
203 248 7
248 503 11
148 248 5
99 248 8
248 262 10
55 248 9
141 248 14
248 649 8
205 248 12
249 537 10
22 249 12
153 249 12
249 353 10
51 249 9
170 249 12
249 516 11
24 249 11
167 249 12
249 560 11
135 249 10
26 249 8
250 475 11
119 250 15
250 359 7
250 318 7
152 250 8
250 430 11
250 714 12
250 442 8
250 633 12
250 678 8
251 574 7
199 251 11
251 297 10
224 251 14
251 375 12
150 251 9
251 720 11
251 327 6
251 411 11
161 251 9
251 621 12
252 574 9
252 472 11
68 252 11
252 449 11
252 390 7
43 252 12
142 252 12
252 391 10
252 629 9
62 253 11
253 423 9
253 412 10
66 253 11
253 652 12
246 253 10
253 345 11
202 253 7
254 351 11
254 497 11
254 302 10
254 593 10
254 604 9
254 517 12
254 305 11
202 254 14
254 667 11
180 254 9
255 531 11
255 354 13
255 681 9
16 255 11
93 255 9
255 745 10
255 363 11
87 255 12
255 690 9
200 255 10
256 746 11
256 574 9
256 262 11
256 636 9
256 389 12
256 611 12
256 385 11
256 260 10
256 427 13
257 747 12
257 569 12
223 257 12
257 501 13
257 321 10
57 257 10
257 397 11
257 662 12
257 509 9
257 689 12
227 257 9
257 294 9
251 258 8
258 559 13
5 258 10
258 416 12
258 599 8
258 341 9
258 454 10
258 449 10
258 539 10
132 259 10
129 259 9
47 259 10
259 643 10
259 310 9
259 333 11
259 338 10
259 562 12
137 259 11
213 259 12
260 547 11
260 655 8
260 543 10
188 260 8
260 321 8
214 260 7
192 260 8
218 260 8
260 715 12
206 260 13
151 261 14
33 261 10
193 261 11
261 506 11
261 274 9
114 261 14
261 637 12
261 675 14
212 261 11
195 262 13
262 300 9
262 450 10
262 383 8
10 262 12
262 638 9
251 262 11
262 364 9
262 356 12
20 263 10
263 380 8
263 297 7
263 600 10
263 415 12
263 413 7
263 382 6
217 263 11
263 537 12
263 532 13
134 263 16
264 297 11
246 264 8
264 645 11
264 717 9
264 623 13
264 376 12
158 264 10
67 264 12
264 474 12
265 603 11
265 458 6
265 676 8
265 542 8
265 330 8
252 265 8
265 504 11
265 512 8
81 265 11
266 282 13
248 266 11
266 338 8
266 270 10
266 494 15
266 334 10
266 429 12
267 630 7
267 352 10
267 491 13
267 429 9
267 268 15
267 544 10
267 318 13
267 357 11
197 267 11
267 605 13
260 268 12
268 480 11
179 268 12
126 268 13
268 625 9
268 615 13
221 268 10
268 708 14
268 675 9
268 462 11
72 269 10
269 323 12
37 269 13
81 269 8
70 269 12
24 269 14
111 269 8
269 546 9
257 269 9
39 269 11
211 270 13
167 270 8
270 435 15
58 270 12
170 270 11
101 270 10
270 625 9
270 505 10
270 620 13
270 412 13
271 542 11
271 482 9
158 271 10
154 271 10
271 485 11
271 530 10
6 271 15
260 271 8
81 271 9
271 446 9
271 326 8
271 554 13
136 272 13
272 556 12
133 272 11
228 272 8
272 602 8
272 411 10
272 280 12
103 272 9
272 377 12
273 353 10
273 298 12
273 510 11
273 657 6
273 551 16
169 273 9
273 690 14
273 523 8
274 321 13
274 404 13
239 274 9
46 274 9
87 274 13
274 490 11
241 274 15
274 563 10
274 650 13
274 377 12
275 685 15
275 519 10
275 488 12
62 275 11
201 275 11
275 672 13
167 275 8
130 275 10
275 452 12
275 324 10
63 276 10
276 595 10
276 629 13
32 276 11
276 332 10
112 276 8
276 617 11
270 276 12
195 276 11
173 276 10
177 276 7
277 321 12
191 277 14
273 277 12
277 674 11
277 730 11
277 603 10
277 389 9
124 277 13
176 277 11
74 277 12
277 579 8
278 380 12
166 278 12
278 527 11
56 278 14
53 278 10
63 278 11
210 278 11
49 278 13
259 278 13
278 372 8
81 279 9
279 564 11
59 279 10
279 285 12
264 279 12
184 279 7
265 279 11
279 602 10
279 634 11
279 551 14
279 593 11
276 280 11
280 419 10
87 280 11
280 387 10
280 285 11
52 280 13
170 280 9
112 280 9
280 473 12
280 567 11
280 510 9
281 587 8
281 503 6
116 281 11
281 742 13
21 281 9
143 281 11
281 559 11
75 281 9
281 488 7
281 476 8
59 282 9
132 282 12
190 282 10
282 622 14
46 282 10
8 282 11
63 282 10
238 282 9
282 509 11
81 283 13
283 436 9
283 441 9
20 283 9
283 713 11
91 283 10
283 516 13
283 361 9
283 362 8
283 743 7
283 417 12
260 284 10
284 577 11
169 284 10
181 284 13
32 284 11
284 605 14
284 683 10
281 284 11
284 586 14
269 284 13
284 444 10
285 527 12
285 631 11
60 285 7
285 293 13
285 670 9
159 285 8
285 464 10
283 285 12
285 338 10
285 489 11
227 286 8
277 286 7
286 475 9
49 286 12
286 564 7
286 640 15
269 286 10
242 286 12
286 491 9
286 593 11
89 286 11
114 287 9
287 326 11
287 454 9
287 476 10
287 381 12
287 612 14
26 287 10
95 287 10
238 288 11
43 288 11
288 727 12
288 409 11
288 395 12
288 619 11
288 567 7
96 288 12
288 424 9
288 346 13
289 538 10
289 702 10
289 651 9
289 625 10
289 337 11
289 708 11
289 440 13
289 436 12
289 408 13
248 289 12
290 524 9
290 542 10
290 706 10
290 324 9
290 596 10
290 677 10
290 631 11
55 290 9
109 290 10
285 290 6
232 290 10
291 566 6
291 401 11
184 291 9
291 565 11
291 686 13
291 322 13
291 568 13
4 291 8
291 316 12
291 677 11
148 291 8
292 454 12
193 292 13
292 330 9
269 292 10
292 500 8
292 622 10
159 292 8
109 292 10
292 525 11
202 292 8
90 292 10
210 293 11
293 464 11
293 358 12
191 293 6
1 293 10
293 331 11
293 533 10
293 519 7
293 632 11
293 461 6
294 415 8
182 294 12
294 407 11
148 294 13
234 294 13
294 481 10
294 384 9
14 294 8
162 294 10
185 295 8
295 462 12
164 295 12
216 295 8
104 295 11
295 346 9
295 597 12
95 295 7
85 295 8
296 310 10
296 726 16
296 392 8
296 326 10
208 296 12
296 556 8
296 608 14
296 340 9
296 342 10
167 296 11
38 297 12
297 506 7
215 297 14
297 320 7
297 469 13
297 551 14
297 730 13
297 719 13
297 396 10
244 297 7
270 298 11
298 601 11
182 298 13
298 519 12
298 641 12
298 718 5
298 467 13
175 298 10
256 298 12
299 576 10
1 299 11
299 586 10
162 299 10
299 417 12
299 537 8
299 528 10
171 299 13
226 299 11
199 299 11
299 619 6
300 494 6
300 648 10
288 300 7
300 649 7
300 650 9
34 300 9
160 300 11
300 502 15
300 558 10
301 695 7
301 602 11
249 301 13
57 301 10
234 301 11
301 378 10
217 301 12
43 301 10
104 301 10
301 708 13
301 398 10
301 591 15
115 302 11
302 710 12
302 584 11
302 463 7
302 524 11
265 302 13
302 484 9
302 562 14
84 302 13
204 303 11
176 303 8
303 588 11
303 537 11
303 519 12
303 669 9
303 713 11
303 399 13
128 303 12
303 644 9
82 304 14
304 466 15
304 655 8
105 304 12
123 304 9
304 593 12
304 676 10
170 304 8
304 720 8
126 304 14
305 706 8
289 305 10
305 308 13
305 650 9
305 690 13
305 428 11
246 305 10
306 451 11
161 306 12
306 508 9
29 306 10
306 726 11
306 722 10
306 420 7
306 339 9
148 306 10
306 577 13
306 370 10
307 579 11
59 307 9
307 429 12
307 335 9
145 307 10
200 307 8
307 660 10
240 307 9
204 308 11
308 729 12
40 308 5
296 308 13
308 505 10
308 502 8
308 456 10
308 554 8
308 408 14
308 361 12
309 534 11
309 652 10
309 510 7
309 379 13
309 441 11
309 683 8
309 698 9
276 309 10
105 309 11
309 339 9
309 425 5
310 610 11
310 503 8
310 619 13
310 602 9
104 310 7
310 649 10
310 650 12
310 739 9
310 679 11
310 430 10
281 310 12
311 320 11
311 375 9
311 559 9
311 422 15
299 311 7
311 595 9
311 563 11
88 311 8
241 311 11
172 311 10
312 575 12
312 475 9
312 557 10
212 312 11
98 312 9
16 312 11
312 707 9
64 312 6
312 740 10
313 512 10
313 535 12
271 313 10
313 383 5
10 313 9
42 313 9
197 313 10
78 313 11
63 313 6
31 314 13
229 314 10
314 687 11
49 314 11
314 563 12
52 314 10
92 314 10
314 362 8
314 689 14
314 565 13
315 645 6
315 596 10
315 342 11
170 315 9
315 466 12
315 578 9
315 640 8
17 315 9
119 315 9
204 316 9
316 441 11
194 316 10
275 316 10
189 316 10
316 404 10
316 317 13
316 749 13
316 386 14
316 433 11
195 316 10
61 317 10
317 725 11
280 317 9
258 317 11
317 475 10
317 400 12
317 749 13
317 615 12
317 570 8
29 317 10
317 376 13
221 318 11
318 638 15
318 484 8
69 318 12
318 423 12
318 337 10
318 465 8
318 511 9
318 421 9
137 318 8
310 319 13
169 319 12
319 390 10
319 704 9
319 603 10
319 440 9
96 319 11
319 535 11
319 548 8
320 552 10
320 589 8
210 320 8
320 393 10
185 320 10
320 707 8
320 348 8
173 320 12
320 693 9
321 740 7
2 321 9
218 321 10
321 325 13
80 321 12
131 321 11
227 321 7
321 367 13
321 559 7
3 321 12
134 322 11
289 322 7
322 477 11
203 322 12
322 486 12
193 322 12
322 493 10
142 322 11
322 549 7
255 323 14
47 323 10
246 323 8
112 323 13
177 323 7
323 629 7
323 672 12
295 323 8
324 487 11
215 324 12
324 443 14
31 324 11
320 324 9
89 324 6
73 324 11
178 324 8
324 603 12
324 335 13
325 578 9
89 325 11
325 430 9
158 325 8
299 325 14
325 625 11
325 553 10
325 516 14
289 325 12
326 577 8
326 648 11
169 326 9
111 326 10
326 628 8
143 326 11
326 489 11
326 582 10
108 326 10
188 326 15
327 421 10
327 338 11
327 729 14
327 521 11
288 327 13
263 327 14
64 327 11
278 327 10
327 348 11
327 703 8
327 593 9
328 359 11
90 328 12
328 342 7
277 328 11
328 623 10
328 379 9
183 328 12
3 328 9
328 728 8
89 328 14
178 329 5
329 559 11
50 329 13
213 329 10
250 329 11
329 347 13
90 329 11
329 503 12
319 329 9
330 715 10
177 330 12
330 581 7
41 330 8
330 656 9
178 330 10
330 580 11
201 330 12
128 330 11
85 330 12
19 331 6
115 331 10
34 331 8
331 606 10
331 399 10
331 707 14
331 432 11
331 513 13
331 692 11
331 736 11
332 414 11
258 332 13
37 332 12
292 332 8
332 650 12
332 571 10
97 332 16
235 332 13
331 332 11
332 574 8
332 701 13
333 361 11
134 333 12
9 333 8
313 333 12
333 507 8
72 333 12
333 625 11
184 333 12
249 333 9
333 733 9
333 524 12
334 558 6
201 334 10
170 334 14
334 378 11
334 344 12
27 334 9
315 334 11
230 334 10
334 695 16
334 376 9
334 355 12
335 687 12
152 335 11
335 679 7
210 335 8
204 335 9
335 349 11
335 599 10
335 745 13
316 335 9
34 335 16
103 336 10
40 336 11
336 651 11
336 461 10
123 336 9
336 542 14
84 336 13
336 733 12
337 709 13
337 360 14
65 337 8
287 337 12
243 337 9
28 337 11
302 337 11
254 337 10
212 337 8
337 464 12
338 461 12
128 338 14
141 338 9
338 627 10
34 338 8
338 548 11
338 374 12
338 480 12
243 338 12
228 338 10
339 463 7
339 519 13
339 641 11
339 742 12
339 616 12
339 373 9
339 529 13
179 339 12
339 538 10
340 470 15
152 340 11
247 340 10
340 480 5
11 340 12
15 340 11
340 515 12
334 340 12
340 467 9
312 341 8
341 580 8
161 341 14
341 561 11
341 610 15
341 722 12
242 341 10
341 542 11
66 341 8
341 448 12
289 342 12
192 342 11
342 568 9
342 626 9
19 342 11
109 342 10
150 342 13
120 342 8
26 342 12
342 533 10
342 549 11
342 521 11
22 343 7
343 549 9
343 610 14
343 723 11
157 343 12
343 376 10
343 545 11
338 343 11
136 343 11
207 343 9
343 361 11
344 733 9
344 439 14
76 344 11
287 344 13
8 344 14
200 344 13
117 344 9
344 423 13
137 344 10
345 374 12
345 625 11
345 370 10
256 345 9
345 493 10
345 720 5
165 345 10
207 345 10
345 373 11
125 345 11
30 345 10
104 345 5
152 346 11
346 445 13
103 346 11
61 346 10
346 391 11
182 346 11
338 346 14
12 346 10
178 346 15
32 347 9
238 347 10
347 616 10
347 617 10
59 347 12
134 347 10
347 710 11
347 559 13
226 347 10
54 347 13
347 516 10
54 348 11
29 348 11
348 690 9
348 483 12
348 566 11
247 348 9
348 519 9
348 388 12
348 732 7
348 675 8
326 349 11
152 349 9
349 712 13
39 349 12
349 636 13
349 397 9
170 349 11
219 349 9
296 349 11
137 349 13
303 349 12
350 725 15
350 705 12
350 651 8
273 350 11
350 555 8
90 350 7
236 350 11
237 350 8
350 409 9
350 657 10
166 351 10
351 447 12
351 434 11
351 554 12
351 478 11
138 351 7
155 351 7
351 518 13
336 351 12
351 460 9
351 702 12
351 538 8
215 352 8
300 352 13
352 635 13
172 352 10
106 352 12
247 352 12
225 352 10
352 604 11
352 660 12
352 618 10
352 587 14
352 516 14
352 521 11
103 353 10
353 403 11
353 565 7
353 367 8
341 353 13
210 353 9
353 521 10
118 353 10
186 353 11
353 615 11
185 353 11
354 457 8
354 378 13
354 522 11
354 553 12
194 354 6
36 354 9
228 354 11
354 458 11
213 354 6
355 466 9
135 355 7
176 355 11
8 355 10
239 355 8
355 500 14
355 376 11
98 356 8
149 356 14
257 356 9
206 356 12
356 466 7
53 356 13
118 356 11
356 509 11
356 515 9
356 710 10
357 640 10
357 601 13
357 362 13
39 357 9
221 357 9
357 480 11
239 357 14
171 357 13
115 357 10
237 357 7
350 358 8
358 434 12
358 473 12
358 702 10
343 358 12
130 358 13
352 358 12
358 444 9
358 383 11
358 731 11
321 359 9
151 359 7
359 366 12
197 359 11
359 509 12
41 359 13
359 454 12
359 471 13
359 627 11
44 360 18
360 576 10
328 360 15
360 489 8
360 531 13
360 662 11
360 483 11
35 360 10
128 360 9
81 361 15
272 361 13
160 361 13
361 555 10
37 361 11
361 437 8
210 361 9
305 361 5
155 361 12
190 361 13
361 674 12
118 362 12
185 362 8
93 362 13
362 433 9
336 362 12
337 362 13
362 462 12
362 561 8
296 362 13
226 362 9
362 613 12
62 363 10
36 363 7
363 397 10
363 685 11
177 363 9
276 363 12
363 675 11
295 363 8
131 363 6
363 569 11
98 364 10
167 364 11
364 496 15
209 364 12
364 547 13
258 364 16
92 364 12
336 364 12
46 364 13
259 365 12
365 393 12
365 741 10
294 365 11
365 527 13
291 365 10
365 476 9
136 365 12
365 438 10
215 366 8
366 702 10
78 366 10
366 701 12
366 674 12
334 366 15
366 425 10
86 366 10
292 366 16
40 367 12
367 465 9
301 367 12
367 542 13
6 367 10
245 367 13
287 367 12
177 367 13
367 616 10
114 367 7
196 368 10
368 579 11
301 368 12
124 368 13
322 368 10
116 368 12
142 368 10
298 368 11
91 368 8
368 410 8
368 420 12
125 369 11
369 396 9
51 369 11
369 407 6
369 548 13
369 474 11
76 369 11
67 369 7
250 369 9
369 455 7
370 375 11
370 528 12
370 491 10
20 370 12
51 370 7
335 370 11
370 640 8
192 370 10
370 426 9
314 370 12
371 467 11
371 647 7
22 371 9
371 553 11
275 371 11
371 448 13
277 371 13
371 723 11
286 371 16
293 372 12
372 400 14
372 716 7
334 372 7
98 372 13
339 372 10
110 372 8
372 573 12
74 372 6
373 426 10
75 373 9
360 373 12
373 577 11
220 373 13
373 628 11
62 373 8
373 650 9
374 428 10
229 374 13
374 425 11
52 374 8
55 374 11
374 691 10
374 742 11
374 647 14
374 720 10
134 374 9
205 374 14
374 713 9
375 730 13
365 375 13
375 603 9
135 375 15
165 375 9
375 684 9
375 627 15
375 717 12
24 375 14
375 431 8
376 484 8
376 400 8
175 376 14
376 620 8
116 376 10
306 376 13
132 376 10
266 376 12
376 621 9
376 396 14
377 406 8
177 377 9
377 531 10
84 377 8
105 377 9
34 377 11
377 460 10
377 463 13
243 377 15
270 377 11
120 378 8
378 542 10
378 419 15
378 499 7
229 378 9
68 378 10
40 378 8
6 378 7
232 378 11
378 632 11
379 409 8
191 379 12
379 494 7
379 652 10
84 379 7
291 379 12
166 379 9
379 446 11
379 642 11
367 379 7
379 705 12
281 380 10
311 380 10
380 577 9
117 380 8
174 380 13
380 524 10
294 380 12
380 499 11
228 380 11
380 509 10
297 381 11
381 736 12
200 381 9
381 696 14
381 588 12
181 381 11
188 381 4
86 381 8
381 735 12
282 382 11
382 619 9
26 382 10
1 382 10
355 382 12
105 382 11
50 382 8
382 446 13
316 382 13
382 487 10
356 382 12
312 383 11
383 746 9
383 456 11
126 383 10
1 383 11
339 383 12
230 383 13
43 383 10
95 383 11
384 736 12
384 599 8
293 384 8
384 443 11
384 668 11
384 508 10
170 384 8
384 607 7
385 563 11
329 385 11
385 691 9
312 385 15
77 385 11
385 731 13
385 397 11
32 385 8
54 385 8
263 386 9
386 716 12
127 386 12
386 417 9
386 675 11
232 386 13
215 386 11
386 534 8
281 386 11
386 715 13
386 556 7
387 449 10
225 387 12
387 454 11
167 387 14
180 387 10
235 387 8
33 387 10
387 424 7
83 387 9
226 387 11
387 673 10
71 388 6
152 388 13
388 530 9
296 388 12
388 470 11
159 388 14
388 690 8
388 667 13
388 433 12
388 454 12
389 608 16
380 389 14
167 389 10
389 739 7
358 389 11
389 450 11
389 715 11
389 394 11
389 539 10
122 390 11
390 578 11
346 390 10
390 434 13
390 732 11
350 390 9
390 489 7
306 390 11
275 390 9
63 390 11
391 658 10
391 665 10
304 391 14
391 475 12
27 391 9
391 540 11
156 391 6
197 391 13
262 391 9
391 440 11
391 398 10
392 465 13
51 392 7
47 392 11
67 392 9
334 392 8
392 512 9
169 392 9
55 392 11
233 392 11
392 704 11
393 573 12
268 393 11
249 393 10
289 393 12
393 421 8
11 393 9
393 719 10
393 505 11
47 394 8
394 503 11
131 394 9
394 690 9
394 665 11
394 552 12
374 394 15
295 394 10
394 523 8
234 394 10
107 395 10
395 589 12
295 395 8
234 395 12
75 395 7
395 557 9
395 629 8
395 715 13
290 395 13
20 395 9
396 547 10
196 396 9
396 707 14
373 396 12
238 396 8
396 499 12
396 639 9
396 458 10
396 496 9
385 396 12
396 683 9
396 596 10
396 644 11
397 547 12
397 494 11
283 397 9
397 634 10
194 397 11
52 397 12
397 431 7
196 397 13
397 552 8
397 603 12
398 659 9
398 485 10
398 719 8
62 398 12
330 398 10
398 648 11
398 555 12
398 410 12
16 398 11
398 571 12
147 399 13
399 649 10
399 560 10
179 399 11
399 679 10
0 399 9
399 520 10
144 399 10
399 518 9
301 399 9
356 400 7
400 460 10
111 400 12
398 400 11
400 712 13
400 409 11
199 400 8
145 400 9
400 591 11
400 739 11
401 479 11
275 401 12
75 401 11
401 716 14
401 507 10
390 401 12
401 560 8
8 401 14
401 526 12
225 401 10
36 402 10
402 650 11
155 402 8
402 737 13
210 402 11
402 594 15
402 582 11
237 402 9
79 402 13
403 666 15
137 403 10
403 515 11
94 403 8
403 645 11
341 403 11
403 418 9
336 403 7
403 431 12
157 403 9
310 403 11
388 403 10
404 504 7
101 404 7
404 417 12
404 456 10
404 573 8
100 404 9
404 544 7
404 453 11
404 714 8
342 404 11
404 699 10
44 405 11
33 405 11
405 736 14
405 701 11
405 532 10
405 747 14
405 724 11
405 609 11
168 405 11
228 405 12
406 630 12
406 498 12
332 406 8
406 517 9
189 406 9
296 406 14
406 566 9
295 406 12
406 478 14
174 406 13
252 407 11
407 682 15
233 407 7
260 407 12
407 452 9
407 702 6
407 588 8
289 407 15
95 407 10
407 456 9
408 588 12
408 672 12
84 408 9
93 408 13
408 453 11
408 676 10
392 408 9
408 431 12
142 409 10
409 679 10
409 447 9
409 666 13
409 446 11
154 409 12
25 409 7
358 409 13
24 409 13
159 409 12
410 489 11
410 659 8
97 410 8
410 585 8
312 410 9
11 410 10
371 410 10
410 448 15
285 410 10
410 669 10
410 717 8
16 411 9
50 411 11
77 411 8
381 411 11
338 411 11
96 411 9
200 411 11
411 462 10
411 542 5
411 612 7
408 412 9
412 626 10
113 412 9
159 412 11
315 412 12
262 412 9
347 412 12
412 706 10
412 573 10
412 749 11
412 697 10
150 413 10
3 413 10
366 413 11
413 700 9
413 691 11
196 413 12
223 413 8
413 625 11
227 413 10
6 413 11
247 413 10
414 501 10
304 414 9
414 467 8
414 419 10
186 414 9
359 414 10
414 499 8
156 414 9
414 624 9
291 414 14
415 656 9
54 415 9
135 415 7
84 415 13
165 415 11
109 415 12
415 713 9
415 592 13
293 415 13
278 415 9
353 415 11
409 416 12
349 416 11
416 700 9
404 416 8
416 490 10
416 678 11
334 416 13
386 416 10
416 504 11
417 672 12
414 417 13
47 417 9
66 417 12
412 417 7
389 417 12
73 417 8
417 476 11
7 417 14
418 696 12
418 617 9
40 418 11
391 418 11
210 418 13
418 702 8
240 418 5
418 600 8
352 418 9
236 418 7
270 419 10
419 460 12
419 519 11
418 419 12
35 419 10
200 419 10
102 419 7
419 551 11
419 598 10
394 419 13
419 435 10
80 419 9
267 420 8
372 420 9
420 461 8
420 531 16
261 420 11
363 420 10
151 420 8
52 420 9
278 420 11
230 420 8
420 701 12
283 421 11
349 421 11
421 737 11
421 627 9
421 577 14
421 625 7
421 731 9
421 510 8
29 421 10
268 422 8
422 598 8
379 422 13
422 670 8
43 422 10
64 422 12
76 422 13
382 422 8
422 741 9
369 422 15
423 610 12
423 468 12
423 721 8
423 683 7
245 423 13
423 481 10
423 602 8
423 726 13
423 697 10
217 424 12
424 713 10
95 424 14
51 424 7
424 637 9
424 708 14
222 424 8
424 647 11
268 424 11
120 425 8
294 425 9
35 425 10
195 425 12
230 425 9
57 425 7
399 425 7
357 425 13
181 425 11
425 509 13
426 650 9
426 645 10
426 734 7
285 426 12
426 719 9
130 426 12
265 426 9
426 680 7
426 679 13
323 426 9
302 427 10
427 484 12
427 668 10
427 568 11
427 647 11
247 427 12
110 427 9
427 599 10
218 427 11
148 427 11
363 428 11
428 463 12
257 428 12
323 428 9
428 691 9
428 518 8
294 428 7
118 428 11
428 564 14
342 429 10
314 429 8
429 596 12
156 429 12
429 685 11
284 429 11
35 429 12
429 525 8
39 429 12
386 429 14
430 604 8
399 430 10
430 431 12
318 430 11
182 430 12
195 430 9
277 430 10
430 595 10
162 430 14
329 430 12
431 541 9
431 484 9
129 431 11
91 431 10
326 431 11
431 563 9
153 431 7
431 448 12
55 431 8
431 620 10
432 474 12
432 453 12
203 432 9
141 432 10
135 432 9
432 575 9
432 560 8
61 432 11
170 432 11
111 432 12
138 432 16
200 432 9
38 433 11
433 465 12
433 620 7
156 433 14
358 433 14
433 600 9
301 433 11
387 433 10
216 433 14
384 434 12
17 434 13
434 483 11
311 434 8
396 434 11
323 434 10
434 586 10
434 540 8
402 434 7
435 578 16
313 435 10
388 435 8
0 435 7
407 435 12
350 435 8
435 464 8
435 747 13
435 632 11
152 435 13
435 584 9
131 435 9
402 436 11
311 436 9
436 551 14
436 645 11
436 630 7
20 436 10
413 436 11
24 436 12
436 725 15
436 614 11
282 437 9
437 605 11
21 437 12
260 437 13
312 437 12
437 439 10
437 694 11
437 629 11
42 437 11
437 541 9
339 438 10
25 438 11
418 438 6
151 438 13
31 438 14
438 510 9
349 438 7
295 438 7
438 623 13
438 625 6
439 720 7
381 439 10
415 439 12
439 719 10
439 579 12
27 439 11
257 439 10
389 439 12
439 575 13
440 549 12
440 597 11
313 440 9
440 714 12
211 440 11
9 440 11
440 602 13
308 440 10
324 440 6
440 561 12
243 441 10
32 441 10
441 465 15
441 455 8
441 631 11
438 441 6
147 441 7
441 604 12
441 552 14
435 441 11
53 441 11
442 617 12
283 442 14
442 448 10
348 442 10
442 653 10
442 749 6
122 442 10
442 556 9
161 442 11
256 443 9
86 443 11
443 488 13
49 443 12
275 443 10
247 443 10
443 452 11
443 731 6
443 605 7
107 443 12
407 444 11
444 628 11
373 444 14
444 477 11
444 465 14
49 444 12
444 579 8
128 444 11
444 740 9
444 505 8
70 445 9
445 723 12
376 445 15
445 489 11
445 472 9
445 493 9
59 445 9
445 492 10
445 604 14
445 448 12
64 445 11
446 618 12
446 474 11
446 676 14
272 446 10
183 446 13
142 446 10
446 582 10
447 496 10
72 447 11
42 447 13
139 447 9
169 447 13
447 624 13
447 605 10
447 694 10
447 449 13
447 642 12
370 447 8
447 672 13
267 448 9
146 448 11
385 448 9
22 448 11
448 677 9
382 448 9
108 448 9
448 534 10
221 448 8
342 449 12
44 449 13
281 449 13
449 611 8
333 449 13
421 449 7
449 576 9
449 728 10
259 449 9
449 491 15
450 687 7
186 450 10
450 642 11
80 450 16
284 450 12
450 723 11
276 450 11
450 587 15
450 617 13
450 697 12
297 451 11
317 451 11
165 451 10
244 451 12
451 522 11
451 540 11
451 471 12
449 451 9
451 511 8
452 553 11
452 631 13
452 574 12
84 452 9
452 625 8
55 452 9
206 452 9
134 452 8
452 718 12
306 452 8
449 452 10
453 493 8
453 669 12
453 516 4
394 453 9
391 453 8
48 453 11
16 453 14
83 453 11
453 667 9
453 656 10
442 453 14
56 454 11
24 454 9
212 454 10
454 656 13
165 454 9
293 454 11
454 538 9
152 454 10
80 454 10
116 454 11
250 454 10
255 454 8
49 455 11
455 679 12
289 455 10
455 747 10
217 455 10
9 455 11
64 455 9
455 663 11
455 734 12
455 557 10
456 711 13
4 456 12
172 456 9
456 532 13
456 541 9
94 456 9
456 479 9
27 456 9
427 456 13
320 456 11
456 524 13
321 457 12
59 457 15
402 457 12
198 457 11
457 503 7
126 457 14
269 457 10
364 457 7
457 665 11
431 458 9
458 709 8
10 458 12
458 598 8
458 743 9
199 458 9
196 458 11
458 506 10
370 458 14
166 458 10
0 459 7
459 674 13
297 459 10
459 499 11
312 459 10
459 522 12
56 459 10
459 559 11
459 707 12
459 723 12
460 682 8
460 749 11
250 460 9
460 712 8
460 724 14
58 460 12
446 460 12
390 460 8
258 460 12
460 507 10
212 460 9
322 461 11
461 655 9
461 545 10
27 461 13
282 461 11
411 461 7
227 461 10
145 461 11
357 461 14
461 702 10
461 608 8
32 462 10
25 462 10
462 529 11
231 462 8
155 462 12
462 683 11
462 740 9
462 513 10
23 462 8
462 701 9
350 462 10
109 462 14
427 463 8
463 744 14
218 463 11
463 517 12
72 463 10
463 493 13
419 463 8
463 569 12
209 463 7
463 620 13
306 464 8
421 464 12
288 464 9
153 464 6
41 464 8
464 722 14
174 464 13
410 464 10
97 464 12
108 464 14
90 465 11
408 465 9
465 691 10
121 465 14
295 465 9
465 504 9
375 465 11
181 465 10
138 465 13
390 465 12
466 486 12
136 466 8
382 466 8
466 565 10
93 466 7
466 681 10
466 704 11
466 533 11
466 711 8
22 466 9
413 467 13
15 467 11
435 467 12
327 467 9
362 467 6
467 733 10
467 713 7
71 467 12
467 537 14
467 542 13
202 468 10
467 468 11
248 468 16
61 468 14
310 468 13
468 570 11
468 647 10
304 468 14
434 468 11
469 722 11
469 608 11
363 469 13
469 580 12
469 479 12
469 600 11
467 469 9
123 469 11
156 469 11
451 469 9
38 469 12
470 704 11
437 470 9
443 470 13
249 470 10
335 470 10
470 712 11
470 615 5
458 470 10
201 470 11
470 649 11
471 501 13
471 643 11
201 471 9
471 739 10
301 471 15
101 471 8
273 471 9
395 471 6
471 673 10
58 472 12
416 472 14
472 507 11
472 598 10
269 472 12
243 472 11
472 748 14
418 472 11
472 588 12
238 472 11
473 730 10
128 473 11
330 473 12
226 473 9
154 473 13
320 473 10
416 473 7
473 482 11
353 473 11
2 474 12
474 686 10
474 693 9
237 474 9
142 474 6
50 474 15
474 614 9
75 474 7
474 565 13
474 717 12
254 475 8
475 536 9
302 475 11
37 475 7
475 700 9
234 475 11
43 475 12
166 475 10
266 475 15
77 475 10
74 476 10
278 476 12
476 676 9
144 476 13
170 476 7
229 476 13
476 650 13
462 476 7
227 476 10
477 588 14
238 477 12
239 477 6
477 659 11
138 477 10
95 477 11
477 738 8
321 477 10
256 477 12
329 477 9
33 478 7
317 478 12
172 478 9
258 478 11
478 545 8
360 478 9
478 696 13
478 595 12
478 548 13
479 604 9
137 479 10
228 479 8
170 479 6
479 684 11
109 479 11
479 512 11
479 741 7
270 479 14
479 526 5
17 480 10
134 480 8
480 562 8
480 544 11
319 480 14
209 480 9
430 480 12
257 480 10
480 492 9
481 486 10
481 735 10
426 481 9
300 481 8
41 481 10
150 481 13
316 481 6
17 482 7
482 712 10
86 482 8
321 482 8
419 482 9
482 545 8
482 676 11
357 482 10
363 482 11
482 733 13
482 681 12
355 483 10
483 564 12
449 483 15
483 688 11
483 587 7
483 568 12
67 483 12
216 483 11
144 483 16
164 483 7
14 484 9
484 645 12
484 580 11
311 484 9
484 518 11
395 484 8
19 484 11
484 681 10
407 484 10
421 484 11
485 671 12
448 485 11
338 485 14
27 485 12
296 485 9
188 485 11
430 485 10
485 614 10
390 485 11
486 512 16
399 486 11
486 556 10
483 486 15
184 486 9
486 707 9
486 516 10
486 579 11
448 486 8
183 486 11
487 712 11
487 661 9
297 487 7
381 487 9
487 719 10
342 487 10
128 487 11
287 487 10
232 487 11
487 538 13
318 488 8
168 488 11
488 709 11
182 488 8
488 500 8
145 488 10
384 488 9
488 742 10
211 488 9
93 488 10
104 489 12
76 489 7
406 489 10
278 489 8
489 709 14
474 489 11
489 508 11
489 651 11
146 489 10
314 489 11
285 490 10
490 539 16
114 490 10
121 490 9
490 622 9
350 490 11
451 490 12
144 490 9
140 490 9
15 490 16
484 491 12
491 551 11
491 559 10
491 650 12
491 615 14
258 491 9
275 491 6
216 491 10
429 491 11
332 491 11
492 494 11
492 587 10
39 492 14
380 492 10
492 737 7
492 712 11
386 492 10
492 683 13
129 492 11
140 492 11
493 614 7
493 550 10
406 493 9
233 493 12
189 493 13
6 493 12
347 493 8
493 652 9
12 493 5
420 494 9
455 494 14
494 616 15
323 494 8
389 494 8
466 494 11
203 494 11
494 555 11
200 494 8
494 502 8
495 733 12
45 495 10
350 495 9
495 711 13
495 575 12
263 495 7
400 495 9
495 551 10
495 626 9
495 566 8
496 669 12
67 496 9
496 619 10
391 496 10
496 610 12
55 496 12
496 511 10
430 496 12
496 685 11
200 496 9
497 732 11
181 497 9
399 497 8
109 497 13
86 497 9
386 497 9
497 725 8
497 610 7
125 497 15
57 498 7
498 650 13
498 673 13
73 498 11
498 504 12
498 583 12
475 498 10
498 678 8
498 644 10
305 498 10
370 499 11
309 499 11
133 499 8
361 499 11
63 499 10
229 499 12
81 499 10
78 499 12
173 499 7
310 499 9
225 500 13
500 565 9
456 500 9
500 576 7
332 500 10
302 500 14
274 500 12
500 535 9
500 682 12
349 500 14
501 550 13
501 628 12
473 501 12
501 530 13
15 501 12
253 501 10
111 501 12
501 659 13
501 733 11
370 501 13
19 501 14
337 502 12
256 502 12
57 502 11
502 646 10
502 706 10
502 510 10
502 618 9
114 502 11
502 716 9
401 502 11
221 502 7
125 503 6
503 708 10
340 503 14
311 503 10
503 741 14
500 503 9
470 503 10
391 503 10
503 621 11
59 503 9
503 618 7
254 503 10
249 504 4
351 504 10
227 504 10
12 504 9
338 504 8
188 504 10
286 504 12
319 504 9
225 504 9
382 504 10
482 505 10
378 505 11
505 636 12
240 505 11
505 537 11
505 626 11
505 642 11
487 505 8
360 505 8
254 506 10
506 545 10
278 506 8
506 528 10
40 506 9
466 506 12
506 683 9
506 602 12
506 710 11
319 506 7
101 506 9
55 507 11
507 573 10
359 507 12
82 507 7
387 507 14
507 621 6
507 668 9
237 507 11
195 507 7
507 540 9
507 623 7
301 508 11
508 582 12
508 621 11
486 508 11
508 617 11
261 508 9
508 653 8
508 656 10
508 606 11
401 508 10
219 509 8
509 653 9
445 509 13
194 509 11
81 509 9
305 509 10
421 509 11
509 700 9
492 509 14
45 509 12
444 510 9
205 510 12
510 515 10
99 510 11
13 510 8
285 510 14
510 683 14
510 526 13
510 710 10
456 511 10
461 511 10
511 707 14
137 511 9
425 511 9
511 518 12
262 511 12
508 511 8
37 511 12
79 512 10
331 512 13
95 512 9
512 606 10
500 512 11
512 627 9
425 512 12
512 716 8
113 512 9
307 512 12
3 512 11
446 512 9
261 513 11
52 513 14
511 513 8
141 513 12
367 513 10
412 513 13
513 582 10
218 513 14
343 513 8
302 513 9
127 513 8
514 562 14
400 514 8
514 605 9
441 514 8
300 514 6
135 514 12
273 514 9
413 514 10
43 514 11
514 552 8
514 708 11
99 515 9
472 515 9
114 515 13
123 515 8
515 529 12
372 515 7
31 515 10
515 593 11
265 515 13
515 585 12
39 515 8
52 516 14
127 516 10
182 516 10
199 516 9
516 555 9
516 561 17
102 516 13
516 727 12
231 516 10
516 646 9
251 517 13
517 620 14
517 575 8
318 517 11
113 517 12
183 517 8
517 614 9
56 517 11
517 568 13
141 518 10
358 518 10
245 518 11
444 518 9
260 518 12
66 518 12
518 531 8
306 518 9
429 518 13
194 518 8
518 620 12
430 518 11
475 518 11
519 724 9
519 577 11
519 555 8
519 742 8
450 519 9
453 519 12
519 559 12
74 519 11
519 629 11
236 519 13
213 520 10
241 520 9
464 520 13
471 520 9
369 520 12
214 520 10
520 634 11
520 638 8
516 520 14
61 521 13
463 521 10
521 619 12
521 544 10
58 521 11
521 705 10
137 521 10
521 591 12
392 521 11
91 522 14
378 522 14
452 522 12
219 522 11
356 522 10
522 533 11
504 522 9
395 522 10
209 522 11
470 523 10
61 523 10
147 523 11
451 523 12
523 597 10
131 523 8
169 523 10
330 523 12
344 523 11
17 523 10
524 686 9
524 683 9
524 557 10
524 543 9
524 578 10
524 539 9
185 524 14
419 524 9
337 524 11
86 524 11
324 525 11
190 525 13
94 525 9
43 525 9
434 525 13
525 661 8
514 525 9
525 675 12
458 525 8
403 525 11
195 525 9
26 526 11
526 592 10
526 557 10
185 526 11
497 526 14
59 526 9
526 574 11
526 610 11
18 526 5
288 526 12
394 526 11
527 539 16
421 527 8
456 527 14
527 735 10
164 527 11
232 527 7
527 615 10
311 527 14
298 527 11
469 528 11
220 528 12
333 528 12
430 528 8
528 628 15
240 528 11
8 528 12
48 528 10
268 528 9
60 528 12
367 528 9
243 528 9
105 529 11
274 529 12
478 529 10
529 665 13
408 529 10
89 529 9
77 529 12
470 529 7
377 529 10
529 658 10
350 530 11
475 530 8
530 534 9
434 530 9
35 530 15
338 530 9
95 530 12
521 530 10
93 530 8
103 530 12
386 530 10
497 531 12
441 531 14
334 531 12
198 531 13
469 531 9
426 531 10
531 589 9
230 531 10
425 531 11
267 532 11
532 540 8
29 532 14
31 532 8
447 532 11
27 532 9
465 532 13
532 703 6
379 532 13
164 532 11
473 532 11
88 533 11
260 533 13
533 606 13
264 533 13
369 533 12
121 533 9
48 533 9
253 533 10
73 533 10
239 534 11
171 534 11
34 534 13
447 534 12
208 534 8
316 534 12
534 577 14
79 534 14
12 534 10
323 534 9
413 534 11
534 624 14
515 535 11
253 535 10
465 535 12
234 535 16
379 535 10
38 535 9
230 535 9
168 535 13
535 592 11
535 548 11
279 535 10
93 535 8
351 536 12
10 536 10
400 536 10
447 536 12
536 583 7
196 536 9
263 536 12
221 536 10
44 537 9
537 569 11
537 540 13
244 537 11
208 537 10
105 537 14
521 537 9
473 537 9
37 537 7
400 538 12
538 540 13
538 567 9
538 580 11
538 658 6
419 538 10
227 538 11
313 538 11
378 538 14
167 538 14
86 539 10
33 539 12
539 670 11
539 680 9
515 539 12
303 539 12
256 539 10
65 539 13
539 702 13
540 552 9
519 540 11
197 540 10
177 540 9
129 540 8
403 540 7
540 580 12
393 540 10
540 589 13
298 540 10
541 687 13
106 541 12
45 541 13
307 541 9
541 614 12
35 541 10
79 541 10
127 541 10
506 541 10
353 542 13
424 542 9
542 596 5
542 644 10
542 599 12
492 542 14
51 542 13
297 542 7
139 542 10
542 571 11
158 543 7
543 747 13
543 643 7
249 543 10
192 543 9
218 543 8
65 543 8
543 559 14
203 543 14
383 543 12
543 568 11
543 749 10
544 573 9
64 544 13
233 544 9
326 544 12
411 544 10
74 544 12
151 544 10
425 544 11
433 544 12
84 544 14
251 544 10
424 545 11
545 619 10
441 545 14
146 545 10
545 704 13
137 545 12
133 545 12
545 555 9
324 545 11
285 545 7
545 698 9
546 571 10
395 546 9
122 546 11
40 546 9
233 546 7
340 546 10
0 546 7
509 546 8
283 546 11
547 562 12
351 547 11
130 547 8
259 547 10
50 547 13
281 547 7
251 547 9
2 547 10
547 710 8
380 547 8
443 548 8
411 548 15
460 548 6
276 548 8
537 548 9
378 548 14
40 548 8
69 548 10
549 670 9
286 549 11
549 603 10
549 665 8
469 549 11
549 618 9
219 549 10
310 549 8
276 550 10
302 550 5
397 550 12
511 550 9
429 550 15
494 550 13
136 550 13
458 550 7
435 550 12
500 550 13
257 551 6
551 646 13
480 551 12
551 602 8
551 561 10
58 551 14
479 551 11
321 551 14
451 551 12
414 551 14
552 691 11
338 552 8
23 552 12
552 614 11
281 552 11
487 552 13
29 552 10
472 552 10
304 552 13
343 552 7
210 552 11
473 553 9
529 553 12
269 553 11
12 553 9
318 553 10
553 732 14
217 553 8
154 553 9
57 553 10
553 555 10
256 553 10
78 554 14
466 554 12
284 554 10
229 554 10
554 595 11
326 554 11
383 554 8
307 554 12
406 554 8
479 555 11
468 555 11
555 705 10
478 555 7
425 555 12
429 555 13
555 609 10
384 555 10
280 555 15
556 572 9
360 556 12
556 671 13
556 689 10
556 570 13
295 556 9
556 736 8
453 556 10
514 557 13
557 599 11
434 557 8
234 557 14
475 557 11
20 557 7
201 557 12
186 557 13
557 742 12
557 659 12
536 558 12
377 558 10
91 558 7
186 558 8
244 558 11
558 716 12
457 558 10
553 558 13
389 559 12
485 559 12
559 587 14
12 559 10
113 559 10
495 559 11
3 559 9
496 559 10
559 645 11
299 559 10
528 559 9
560 712 6
560 732 9
560 702 10
560 636 9
480 560 9
229 560 9
560 651 11
274 560 9
543 560 9
202 560 11
8 561 11
323 561 10
561 571 9
116 561 9
446 561 11
16 561 10
35 561 10
33 561 13
334 561 11
561 749 15
562 709 9
389 562 12
78 562 13
383 562 9
51 562 12
562 571 12
562 746 9
562 686 7
10 562 10
446 562 12
563 594 10
530 563 14
563 653 15
233 563 9
483 563 10
313 563 14
206 563 11
69 563 11
563 649 11
513 564 10
37 564 11
258 564 12
77 564 11
322 564 12
209 564 9
433 564 10
564 577 14
250 564 7
135 564 12
108 565 10
565 650 9
323 565 7
334 565 9
565 569 10
363 565 11
565 699 11
134 565 12
428 565 7
116 565 9
330 566 10
196 566 10
333 566 9
566 682 12
194 566 11
233 566 11
123 566 9
547 566 12
236 566 9
21 567 8
477 567 8
368 567 6
475 567 12
567 639 13
162 567 11
398 567 13
322 567 11
172 567 10
494 567 11
402 568 11
568 642 14
568 608 11
249 568 10
114 568 10
13 568 11
488 568 12
568 607 11
561 569 8
504 569 12
169 569 13
457 569 8
167 569 12
8 569 9
394 569 13
432 569 11
569 637 11
174 570 7
256 570 12
451 570 10
152 570 11
411 570 11
70 570 8
332 570 10
570 678 10
570 656 11
458 570 10
297 571 11
571 624 9
571 695 7
76 571 11
421 571 11
163 571 7
537 571 11
218 571 10
301 571 11
514 571 14
41 572 16
400 572 12
572 746 13
69 572 13
572 660 8
451 572 9
572 735 12
404 572 10
68 572 11
572 741 7
572 652 11
106 573 10
573 707 11
573 688 14
21 573 10
573 592 7
429 573 9
573 698 11
262 573 11
522 573 8
233 574 13
225 574 10
574 661 12
201 574 8
574 576 9
458 574 8
402 574 12
574 579 11
44 574 6
109 574 10
574 675 10
414 575 11
100 575 10
173 575 14
16 575 13
393 575 13
203 575 10
569 575 12
49 575 10
417 575 11
345 575 9
480 575 9
51 576 9
576 666 12
576 682 10
564 576 10
359 576 10
367 576 10
241 576 9
267 576 6
115 576 9
279 576 11
576 741 10
0 576 9
54 577 13
280 577 12
514 577 7
2 577 16
287 577 10
464 577 8
444 577 11
577 672 13
25 577 12
246 578 15
263 578 14
578 670 8
422 578 11
578 692 13
504 578 11
386 578 12
441 578 8
161 578 13
579 666 16
295 579 11
474 579 10
481 579 10
249 579 11
519 579 9
358 579 10
121 579 14
46 579 10
579 618 12
26 580 12
145 580 9
237 580 11
343 580 11
25 580 9
82 580 12
391 580 11
556 580 12
160 580 13
36 580 14
503 580 9
572 581 9
61 581 11
494 581 10
522 581 8
192 581 9
121 581 9
581 696 10
374 581 8
581 583 10
453 581 12
321 582 8
582 696 12
189 582 13
255 582 11
578 582 11
312 582 10
17 582 10
447 582 9
31 582 12
192 582 11
572 583 11
583 698 12
362 583 13
491 583 9
413 583 12
387 583 12
583 607 14
583 729 12
213 584 8
136 584 11
341 584 10
584 587 12
528 584 12
404 584 12
268 584 11
500 584 12
506 584 8
584 616 11
35 584 10
527 585 10
585 624 10
585 597 10
321 585 10
585 709 13
376 585 8
585 618 9
97 585 9
548 586 13
586 721 7
4 586 9
27 586 9
586 652 10
527 586 9
58 586 9
140 586 12
83 586 9
370 587 8
389 587 11
491 587 9
47 587 11
587 672 12
158 587 11
75 587 10
391 587 9
226 587 14
587 625 11
190 587 7
350 588 11
42 588 11
383 588 8
180 588 11
470 588 11
417 588 12
588 721 12
533 588 10
11 588 8
588 607 8
134 589 13
589 613 10
589 606 11
363 589 6
436 589 8
302 589 13
588 589 8
589 704 10
589 717 11
532 590 13
393 590 12
367 590 15
299 590 11
478 590 10
452 590 9
590 687 9
475 590 12
590 709 10
590 608 10
476 590 12
227 591 13
10 591 9
477 591 10
589 591 9
184 591 14
575 591 9
305 591 9
433 591 8
458 591 12
366 591 11
91 591 12
275 592 10
369 592 14
592 636 8
592 711 14
501 592 14
447 592 11
592 727 8
559 592 16
492 593 11
23 593 12
149 593 8
593 598 10
114 593 8
563 593 10
342 593 8
128 593 10
131 593 12
107 593 10
548 594 11
571 594 12
429 594 9
594 603 6
589 594 7
47 594 13
65 594 13
594 682 11
27 594 11
594 652 14
181 594 8
595 682 14
550 595 8
568 595 11
181 595 11
443 595 10
326 595 8
350 595 10
402 595 8
298 595 9
227 595 11
596 648 13
143 596 10
437 596 11
221 596 12
500 596 9
568 596 11
4 596 10
533 596 11
596 695 7
596 667 10
597 749 12
154 597 8
558 597 13
282 597 6
597 703 14
62 597 12
406 597 6
405 597 12
597 654 11
597 609 12
81 598 11
118 598 9
185 598 12
56 598 9
598 634 9
145 598 12
217 598 9
418 598 11
428 598 11
338 598 13
11 598 11
334 599 10
221 599 9
599 749 10
593 599 13
228 599 10
214 599 10
198 599 7
129 599 12
579 599 8
454 599 9
599 634 10
309 600 11
582 600 14
138 600 10
142 600 11
95 600 12
81 600 14
508 600 10
600 725 11
423 600 10
90 601 9
300 601 8
242 601 10
89 601 14
487 601 9
458 601 9
593 601 11
213 601 10
33 601 10
362 602 11
190 602 10
545 602 10
68 602 10
300 602 10
557 602 15
350 602 7
216 602 14
117 602 12
430 602 12
337 602 10
10 603 11
359 603 10
603 728 12
288 603 9
478 603 9
561 603 11
603 688 8
603 710 12
603 694 7
557 603 11
498 604 10
590 604 11
248 604 6
533 604 12
488 604 11
559 604 11
346 604 9
604 687 12
244 604 9
138 605 13
605 653 13
429 605 11
473 605 10
410 605 14
564 605 13
200 605 9
190 605 10
605 719 10
584 605 13
477 605 10
187 606 12
394 606 10
466 606 6
606 714 11
606 608 11
110 606 10
133 606 11
318 606 10
493 607 10
554 607 9
80 607 13
156 607 9
492 607 9
522 607 12
607 688 6
249 607 10
226 607 9
287 607 11
608 722 11
69 608 9
103 608 12
305 608 9
608 628 10
336 608 10
265 608 12
386 608 8
601 608 10
608 746 9
549 608 11
609 727 12
270 609 14
211 609 11
175 609 13
360 609 11
609 677 6
108 609 13
143 609 13
552 609 8
526 609 10
589 609 8
223 610 10
454 610 12
50 610 12
349 610 8
610 720 7
610 689 11
27 610 7
42 610 11
220 610 9
68 610 11
459 610 12
502 610 10
392 611 13
234 611 11
611 665 11
611 614 13
62 611 11
70 611 13
247 611 9
603 611 10
61 611 13
81 611 8
250 611 10
415 612 9
181 612 11
608 612 11
2 612 7
251 612 13
612 644 12
612 711 9
171 612 11
366 612 9
455 612 7
201 613 14
141 613 14
546 613 11
301 613 10
613 669 10
234 613 11
530 613 11
540 613 9
493 613 11
486 613 9
466 614 10
73 614 7
151 614 10
511 614 9
428 614 13
116 614 11
520 614 9
342 614 9
299 614 11
354 615 10
107 615 8
615 628 14
615 698 10
615 684 13
293 615 10
481 615 10
342 615 9
302 615 14
428 615 11
377 616 10
97 616 8
238 616 13
616 735 14
73 616 11
525 616 10
210 616 11
616 643 10
616 723 6
617 666 10
246 617 12
592 617 7
332 617 10
617 668 12
519 617 8
595 617 11
617 651 9
617 747 6
545 617 9
164 617 13
618 633 11
336 618 9
183 618 7
482 618 14
463 618 8
618 671 12
65 618 8
391 618 8
59 618 10
295 618 10
350 618 9
619 655 12
268 619 12
0 619 12
498 619 12
62 619 10
94 619 12
160 619 10
412 619 9
277 619 9
619 695 7
619 690 12
264 620 16
391 620 11
603 620 9
244 620 13
620 674 12
223 620 12
186 620 11
469 620 11
489 620 13
328 621 11
505 621 12
592 621 10
179 621 11
537 621 10
188 621 14
232 621 8
459 621 12
594 621 10
327 621 8
534 621 12
162 622 14
622 742 10
577 622 13
388 622 8
622 747 15
293 622 12
106 622 13
622 623 12
295 622 8
539 623 8
481 623 12
623 704 11
623 688 12
623 677 11
123 623 10
408 623 8
545 623 12
309 623 12
624 707 12
624 723 13
569 624 12
510 624 9
252 624 13
356 624 11
46 624 9
624 683 10
179 624 11
182 624 10
483 624 11
154 624 13
334 625 13
625 647 12
227 625 10
329 625 11
133 625 11
344 625 10
42 625 10
401 625 8
527 625 12
625 631 12
626 636 7
397 626 12
275 626 12
609 626 7
626 737 11
460 626 12
80 626 9
204 626 14
179 626 9
627 637 11
627 639 10
511 627 10
261 627 11
627 722 11
236 627 13
465 627 14
627 739 12
493 627 9
377 628 12
216 628 10
184 628 12
320 628 10
625 628 8
67 628 11
10 628 12
628 732 10
283 628 8
21 628 7
73 628 7
102 629 14
525 629 9
290 629 8
611 629 9
147 629 12
172 629 9
275 629 9
54 629 10
629 681 13
409 629 11
629 723 12
263 630 8
435 630 11
271 630 11
612 630 8
516 630 10
519 630 11
439 630 8
513 630 14
324 630 12
50 630 8
230 630 10
0 631 10
513 631 13
199 631 11
590 631 9
283 631 12
631 647 12
137 631 12
83 631 9
553 632 6
632 669 14
206 632 12
632 701 7
352 632 9
380 632 11
240 632 9
46 632 9
509 632 6
46 633 11
602 633 9
633 644 15
140 633 9
633 746 10
596 633 10
62 633 14
440 633 12
487 633 10
565 634 10
574 634 8
573 634 12
558 634 7
192 634 16
486 634 10
450 634 9
634 718 9
634 652 12
635 651 11
426 635 8
514 635 10
554 635 13
428 635 10
607 635 9
590 635 12
503 635 12
322 635 14
263 635 6
54 635 12
140 635 13
510 636 11
636 670 11
543 636 12
154 636 12
636 658 12
119 636 10
596 636 12
85 636 11
454 636 12
124 636 12
589 636 7
503 636 15
140 637 11
453 637 9
195 637 12
575 637 11
413 637 13
637 728 11
82 637 11
558 637 11
250 637 8
489 637 11
540 638 11
246 638 7
592 638 10
307 638 9
368 638 11
126 638 7
459 638 12
415 638 10
238 638 9
549 638 9
333 639 12
247 639 13
541 639 13
605 639 13
560 639 9
626 639 8
192 639 12
123 639 12
357 639 11
639 724 13
595 640 15
277 640 11
120 640 10
272 640 8
233 640 11
175 640 11
530 640 15
171 640 15
194 640 9
83 641 14
530 641 13
419 641 11
104 641 7
140 641 12
525 641 12
163 641 13
96 641 9
171 641 10
641 668 11
112 642 10
570 642 10
166 642 13
636 642 10
419 642 10
642 693 9
216 642 10
281 642 12
642 735 10
642 709 11
417 642 11
444 643 9
358 643 13
467 643 11
70 643 10
643 710 13
643 657 11
607 643 8
475 643 11
533 643 12
32 643 10
182 643 11
327 644 12
548 644 10
276 644 13
311 644 9
355 644 10
459 644 9
105 644 12
124 644 9
644 719 10
564 645 14
492 645 10
590 645 10
614 645 9
621 645 12
162 645 15
344 645 9
645 652 12
339 645 10
93 646 16
82 646 10
344 646 12
573 646 11
150 646 11
195 646 8
197 646 10
522 646 10
166 646 13
269 646 8
607 647 15
174 647 10
482 647 11
561 647 11
647 652 10
559 647 9
415 647 13
406 647 10
162 647 11
236 647 12
385 648 10
290 648 9
634 648 10
448 648 9
460 648 13
648 674 14
87 648 11
239 648 11
65 648 10
649 704 10
250 649 12
230 649 13
557 649 8
204 649 10
522 649 10
377 649 11
595 649 12
422 649 9
650 693 11
205 650 13
60 650 11
58 650 10
650 734 10
45 650 12
650 696 9
562 650 9
610 650 11
600 650 8
436 651 7
583 651 11
435 651 11
143 651 12
163 651 12
491 651 13
105 651 8
378 651 11
594 651 13
139 651 9
41 652 11
478 652 12
47 652 11
530 652 9
399 652 11
652 746 12
289 652 13
240 652 9
231 652 16
243 652 10
634 653 12
653 724 13
158 653 12
26 653 10
550 653 11
306 653 7
494 653 10
644 653 11
653 667 13
555 653 13
350 654 12
464 654 13
329 654 11
463 654 13
353 654 9
232 654 10
13 654 15
499 654 14
654 721 11
42 655 8
414 655 14
280 655 8
333 655 9
493 655 9
495 655 12
568 655 9
318 655 10
56 656 9
220 656 10
656 713 11
182 656 10
464 656 11
57 656 10
507 656 12
569 656 10
19 656 10
343 656 11
500 657 7
80 657 9
494 657 8
420 657 14
180 657 14
272 657 10
201 657 10
382 657 8
620 657 9
657 731 10
235 658 10
388 658 10
210 658 9
5 658 11
84 658 10
472 658 11
283 658 9
258 658 10
295 658 7
658 660 10
658 671 8
279 658 14
249 659 10
443 659 9
176 659 8
86 659 10
659 695 13
659 724 12
659 667 13
659 720 10
457 660 9
474 660 8
59 660 11
545 660 10
37 660 13
390 660 9
93 660 14
333 660 13
6 660 10
173 660 14
191 661 11
455 661 8
429 661 9
378 661 12
116 661 8
647 661 11
303 661 11
514 661 14
661 748 8
102 662 7
373 662 12
211 662 12
571 662 8
479 662 4
157 662 10
662 686 8
214 663 14
418 663 11
182 663 10
23 663 11
489 663 12
663 715 10
77 663 12
479 663 12
102 663 12
516 663 8
573 663 8
265 664 9
148 664 12
293 664 10
32 664 10
277 664 10
396 664 15
412 664 12
448 664 9
16 664 10
484 664 11
276 665 5
389 665 10
635 665 8
586 665 11
193 665 13
328 665 13
424 665 11
591 665 12
92 665 8
166 665 11
665 741 11
114 666 11
378 666 11
666 729 8
349 666 8
666 708 11
666 728 11
482 666 8
326 666 13
394 666 11
208 667 10
79 667 10
667 742 11
592 667 13
554 667 13
240 667 10
63 667 4
620 667 12
457 667 9
661 667 10
56 667 9
593 668 12
363 668 9
598 668 15
668 674 12
600 668 13
409 668 9
652 668 10
250 668 9
544 668 13
367 668 11
499 668 10
152 668 11
443 669 11
669 706 9
346 669 14
371 669 10
491 669 6
669 732 9
506 669 8
167 669 7
268 669 8
228 669 10
514 670 13
341 670 9
606 670 10
582 670 9
466 670 10
629 670 12
528 670 10
392 670 12
328 670 11
670 677 14
154 671 10
263 671 11
75 671 11
0 671 8
671 749 11
492 671 11
223 671 12
316 671 15
581 671 13
407 671 11
188 672 9
648 672 9
671 672 11
205 672 8
116 672 12
342 672 11
365 672 7
312 672 13
541 672 11
403 673 11
132 673 11
499 673 8
172 673 12
206 673 11
644 673 12
476 673 9
249 673 7
468 673 9
58 674 15
491 674 13
526 674 11
310 674 9
674 737 11
419 674 9
396 674 11
674 741 13
112 674 11
674 686 13
519 674 11
675 685 10
675 727 11
160 675 9
207 675 6
536 675 11
675 718 9
563 675 9
104 675 10
306 675 9
571 675 7
609 675 8
63 675 10
532 676 12
577 676 11
228 676 8
10 676 9
496 676 10
676 724 9
608 676 15
386 676 12
646 676 11
462 677 11
333 677 8
639 677 12
393 677 8
51 677 11
202 677 11
300 677 13
247 677 9
394 677 11
179 677 14
334 678 7
183 678 13
343 678 9
582 678 12
477 678 13
462 678 9
362 678 14
618 678 11
678 724 10
678 697 12
553 678 8
134 678 11
424 679 13
317 679 11
579 679 8
93 679 11
331 679 11
474 679 14
81 679 9
232 679 13
268 679 11
326 679 13
275 680 11
8 680 14
2 680 6
317 680 13
253 680 9
595 680 10
661 680 13
344 680 8
652 680 11
169 680 10
672 681 11
621 681 8
69 681 7
17 681 9
585 681 9
166 681 12
679 681 13
41 681 12
561 681 9
377 681 8
600 681 9
682 710 11
381 682 13
8 682 10
437 682 10
333 682 9
83 682 13
601 682 15
203 682 7
227 682 8
26 682 13
201 683 12
348 683 10
269 683 12
549 683 6
628 683 7
457 683 12
683 725 11
61 683 13
55 683 13
149 684 12
591 684 12
305 684 10
340 684 14
677 684 9
172 684 8
1 684 12
684 697 8
660 684 8
268 684 12
126 685 10
601 685 11
536 685 13
685 732 10
155 685 10
129 685 7
685 730 12
685 744 9
335 685 8
462 685 10
248 686 10
461 686 11
75 686 12
211 686 12
297 686 7
68 686 5
670 686 14
514 686 9
686 749 11
408 687 10
162 687 9
521 687 10
258 687 9
22 687 9
198 687 10
50 687 16
687 720 11
471 687 11
349 687 5
238 688 13
45 688 10
628 688 12
509 688 6
526 688 9
441 688 11
294 688 11
121 688 11
33 688 10
669 689 10
536 689 11
617 689 13
470 689 8
43 689 11
70 689 12
689 706 15
665 689 11
605 689 10
154 689 6
273 689 9
158 690 12
52 690 10
18 690 9
517 690 11
410 690 11
29 690 13
109 690 8
244 690 8
523 690 11
28 691 10
592 691 10
221 691 7
189 691 12
423 691 11
364 691 10
321 691 9
636 691 10
579 691 9
273 691 9
198 692 9
74 692 10
267 692 11
40 692 11
579 692 10
17 692 8
566 692 12
409 692 10
165 692 15
116 693 7
78 693 12
246 693 14
528 693 9
668 693 10
501 693 10
346 693 14
94 693 11
596 693 11
551 694 9
45 694 10
117 694 9
19 694 10
491 694 11
184 694 9
56 694 12
68 694 10
534 694 13
9 694 7
694 711 12
639 695 10
392 695 9
632 695 9
447 695 12
93 695 10
442 695 12
290 695 13
148 695 11
26 695 11
660 695 10
128 696 12
199 696 11
306 696 13
1 696 9
694 696 14
67 696 9
124 696 15
673 696 11
300 696 6
461 696 11
663 697 13
597 697 9
2 697 11
526 697 10
204 697 9
395 697 10
283 697 10
157 697 12
697 706 10
5 697 10
534 697 12
376 698 10
649 698 11
656 698 9
132 698 8
645 698 11
499 698 11
485 698 7
236 698 10
608 698 9
199 698 10
135 698 12
625 699 8
329 699 8
129 699 12
305 699 8
330 699 10
7 699 9
345 699 11
26 699 7
543 699 13
73 699 10
204 699 12
486 700 9
700 730 8
448 700 12
548 700 13
271 700 9
343 700 10
110 700 9
700 718 11
399 700 10
588 701 12
452 701 12
454 701 10
24 701 11
41 701 12
236 701 10
385 701 12
56 701 10
682 701 13
142 701 13
217 702 11
412 702 11
409 702 13
200 702 10
115 702 13
271 702 3
702 711 10
145 702 10
614 702 9
203 702 12
702 731 13
38 703 13
322 703 9
336 703 12
246 703 9
595 703 12
0 703 8
635 703 13
127 703 10
108 703 12
428 703 12
119 703 14
574 704 8
445 704 13
542 704 13
116 704 11
1 704 15
704 746 12
79 704 10
354 704 13
608 704 10
692 705 11
705 732 14
702 705 9
171 705 9
633 705 13
639 705 11
546 705 10
198 705 8
245 705 7
675 705 8
333 706 8
440 706 13
354 706 8
361 706 9
139 706 11
224 706 10
72 706 13
598 706 8
706 707 11
492 706 9
589 707 14
293 707 9
695 707 9
127 707 10
353 707 13
133 707 11
326 707 11
634 707 12
599 707 9
526 708 6
241 708 9
573 708 12
38 708 9
510 708 10
595 708 12
679 708 12
88 708 10
169 708 10
51 709 12
202 709 10
372 709 12
640 709 8
522 709 11
673 709 10
141 709 11
208 709 11
652 709 11
81 709 10
475 709 7
17 709 12
563 710 10
225 710 6
334 710 11
568 710 9
182 710 9
190 710 9
321 710 10
357 710 11
242 711 10
281 711 9
544 711 13
59 711 12
646 711 12
133 711 8
73 711 12
136 711 10
423 711 12
474 711 12
702 712 10
697 712 14
529 712 9
381 712 13
489 712 8
465 712 10
712 748 7
542 712 9
705 712 9
573 712 12
117 713 14
675 713 11
713 742 13
234 713 11
618 713 6
420 713 13
271 713 10
80 713 12
681 713 10
587 713 12
707 713 13
133 714 11
336 714 11
61 714 6
59 714 7
308 714 11
57 714 13
151 714 12
548 714 11
695 714 13
277 714 11
715 723 9
682 715 11
555 715 9
295 715 14
587 715 12
12 715 11
485 715 9
613 715 13
398 715 8
517 716 11
381 716 12
547 716 12
144 716 12
578 716 10
533 716 9
496 716 14
176 716 7
484 716 10
211 717 11
447 717 9
620 717 10
0 717 10
432 717 10
626 717 10
523 717 13
346 717 11
683 717 6
188 718 13
248 718 10
185 718 13
671 718 11
209 718 13
458 718 10
214 718 9
418 718 10
709 718 11
31 718 7
690 718 8
580 719 10
325 719 11
158 719 8
322 719 8
474 719 9
468 719 12
176 719 10
452 719 14
371 719 12
434 720 9
577 720 13
260 720 8
529 720 12
187 720 10
196 720 8
139 720 13
306 720 10
668 720 9
523 721 9
642 721 11
611 721 9
679 721 9
147 721 9
15 721 9
258 721 11
488 721 12
712 721 12
337 721 12
209 722 8
18 722 11
643 722 13
238 722 10
101 722 10
642 722 10
460 722 8
440 722 7
81 722 11
277 723 10
653 723 10
469 723 10
118 723 11
539 723 10
647 723 10
559 723 10
723 746 11
77 723 7
0 723 10
68 723 12
76 724 9
223 724 7
661 724 13
164 724 10
388 724 11
309 724 11
535 724 10
592 724 12
705 724 10
712 725 12
502 725 12
291 725 11
155 725 10
179 725 12
444 725 11
363 725 7
519 725 8
139 725 10
386 726 11
317 726 12
107 726 10
477 726 8
198 726 11
726 738 6
388 726 9
196 726 11
34 726 7
660 727 12
537 727 9
580 727 11
266 727 5
347 727 7
215 727 9
43 727 13
650 727 12
669 727 12
651 727 10
586 728 11
591 728 8
169 728 16
300 728 10
18 728 10
648 728 7
215 728 10
218 728 10
511 728 11
71 728 10
238 728 11
511 729 13
262 729 8
193 729 12
101 729 11
139 729 10
569 729 12
341 729 11
44 729 13
483 729 10
594 729 11
126 730 9
308 730 10
95 730 10
19 730 5
444 730 12
476 730 9
419 730 11
110 730 11
183 730 11
698 730 10
365 730 10
362 731 12
679 731 12
107 731 10
158 731 10
618 731 9
731 739 8
629 731 10
380 731 13
10 731 8
263 731 12
354 731 12
76 732 11
538 732 11
635 732 8
372 732 9
278 732 14
297 732 11
640 732 7
412 732 12
94 732 9
261 732 10
174 733 11
57 733 8
105 733 9
557 733 10
406 733 10
80 733 12
90 733 11
504 733 10
634 733 10
569 733 13
349 733 10
137 734 9
499 734 12
124 734 8
730 734 12
525 734 11
123 734 13
335 734 11
189 734 11
66 734 12
684 734 13
276 735 10
228 735 14
171 735 10
54 735 10
84 735 10
418 735 7
205 735 16
648 735 10
405 735 8
388 735 8
12 736 12
675 736 14
498 736 11
578 736 10
279 736 8
168 736 10
613 736 12
654 736 13
588 736 8
625 736 5
8 736 10
131 737 10
335 737 12
640 737 15
161 737 12
72 737 9
734 737 12
43 737 8
570 737 16
725 737 10
7 737 12
579 737 13
311 738 12
363 738 10
168 738 8
217 738 11
352 738 11
351 738 9
492 738 9
421 738 10
354 738 12
702 738 12
23 739 14
143 739 10
684 739 10
27 739 8
128 739 10
32 739 8
65 739 12
56 739 9
477 739 13
559 739 9
483 740 10
175 740 8
364 740 10
68 740 9
717 740 12
196 740 12
662 740 11
166 740 13
661 740 11
393 740 13
571 740 14
234 740 12
239 741 12
170 741 10
190 741 12
130 741 12
304 741 13
187 741 10
238 741 8
294 741 11
86 741 12
609 741 11
210 742 11
585 742 9
258 742 13
540 742 9
71 742 11
197 742 11
624 742 13
343 742 11
659 742 10
24 743 9
665 743 10
48 743 10
434 743 10
308 743 14
343 743 9
130 743 10
313 743 12
647 743 11
246 743 8
156 744 10
548 744 10
624 744 11
482 744 8
110 744 6
564 744 11
609 744 11
468 744 10
195 744 12
595 745 10
542 745 12
716 745 10
16 745 7
286 745 13
61 745 10
399 745 11
315 745 12
572 745 12
267 746 10
426 746 10
690 746 7
621 746 11
445 746 11
77 746 14
568 746 9
246 746 8
17 746 11
570 747 13
408 747 12
659 747 9
525 747 13
681 747 8
246 747 12
269 747 9
488 747 8
517 747 10
77 748 14
82 748 8
518 748 12
323 748 8
214 748 11
374 748 11
240 748 12
591 748 14
618 748 12
683 749 11
447 749 10
297 749 10
480 749 13
453 749 10
372 749 14
737 749 8
716 749 10
171 749 9
554 749 10
341 749 13
