750
0
8
2
5
5
4
1
8
9
2
2
2
2
2
1
7
3
4
1
3
7
3
2
7
9
5
9
6
4
4
4
7
6
2
7
10
3
5
6
6
9
5
2
4
1
6
9
8
3
2
5
9
5
7
6
10
6
4
2
3
3
10
9
9
3
10
3
4
4
8
7
4
2
3
6
2
7
4
4
3
3
8
4
2
1
8
6
8
3
7
3
5
7
5
3
4
4
10
6
9
7
9
1
9
2
9
7
7
9
5
4
6
3
7
7
4
9
4
4
8
1
8
3
10
3
2
5
9
2
4
3
7
8
5
4
4
5
5
1
5
5
8
6
9
5
5
3
8
7
4
9
7
5
4
1
2
4
9
7
2
5
5
7
9
4
6
5
9
4
4
5
5
10
2
5
7
9
1
10
3
3
1
2
5
4
3
6
8
2
10
3
7
3
5
4
6
6
5
9
7
1
1
10
6
9
5
8
8
9
1
5
1
6
7
10
8
9
9
2
6
6
8
5
3
5
5
2
3
7
6
7
5
2
9
10
6
7
8
7
4
5
2
9
5
4
3
10
2
3
7
2
4
2
6
9
1
2
7
6
7
6
1
3
4
3
7
10
2
2
4
2
1
10
6
8
6
8
2
8
7
2
6
2
6
7
7
10
10
5
8
8
5
4
5
5
2
4
8
3
6
8
5
9
6
4
9
3
8
2
6
3
10
8
4
10
7
4
4
9
2
8
5
4
10
6
7
5
10
8
9
9
9
8
1
1
4
9
6
4
9
1
4
8
7
7
8
5
9
3
9
7
8
8
2
3
7
6
1
1
7
8
9
8
2
10
4
3
6
6
2
9
6
2
2
7
6
8
9
9
7
9
6
9
9
4
3
8
10
5
3
3
6
8
9
1
7
8
2
10
4
8
7
9
2
6
1
2
6
9
9
5
3
8
4
5
2
3
2
2
7
8
1
3
3
10
5
7
8
4
6
4
2
9
9
8
5
8
7
2
9
7
8
9
7
7
2
6
10
8
2
9
3
3
10
8
4
1
4
2
8
1
10
9
7
4
5
6
7
9
3
8
8
7
1
7
1
5
9
6
2
8
8
5
2
1
2
6
5
2
3
6
8
9
8
6
1
1
8
3
10
2
6
9
2
6
4
4
4
8
7
8
8
3
4
7
3
5
10
8
8
10
3
9
5
2
6
9
7
1
4
3
6
9
7
1
9
7
6
9
6
3
8
9
2
8
8
7
4
7
4
9
7
6
3
8
8
6
6
1
7
9
9
10
7
9
1
3
7
1
3
7
7
9
10
4
4
3
2
2
1
7
3
5
3
5
5
5
5
1
4
10
2
8
2
5
7
6
7
9
9
7
5
4
4
8
4
2
9
6
8
8
8
5
2
6
2
7
3
9
5
7
6
2
2
5
3
10
4
7
9
6
10
6
9
7
4
7
8
2
3
5
9
1
8
2
6
2
6
6
8
3
10
4
10
10
2
9
9
5
3
9
7
4
8
5
2
7
10
9
4
7
3
4
7
5
10
10
7
9
3
4
6
3
8
8
9
5
1
8
7
10
4
5
2
7
1
8
5
5
2
6
2
3
7
9
5
6
9
4
8
8
3
9
8
4
9
5
1
9
1
4
4
9
5
2
6
9
4
4
5
9
8
3
2
8
8
10
6
8
7
6
8
3
8
6
4
5
2
7
7
0 332 9
0 252 10
0 404 11
0 702 11
0 584 11
1 460 12
1 292 12
1 570 10
1 585 11
1 38 12
2 380 10
2 745 11
2 65 11
2 421 12
3 275 12
3 27 12
3 614 12
3 282 9
3 515 13
4 365 13
4 451 11
4 701 12
4 433 11
4 187 9
4 613 12
5 212 9
5 464 9
5 652 12
5 398 14
5 283 13
1 6 11
6 651 10
6 449 11
6 467 14
6 190 12
7 545 11
7 266 8
7 739 12
7 538 9
7 125 9
8 215 6
8 488 13
8 97 11
8 227 12
8 720 11
9 242 7
9 279 10
9 415 9
9 294 11
9 546 12
9 578 11
9 27 14
10 407 12
4 10 11
10 606 9
10 462 14
10 69 11
10 488 13
11 666 9
11 382 9
11 71 8
11 50 11
11 245 11
12 741 14
12 727 9
12 378 12
12 256 15
12 607 9
13 338 11
13 86 10
13 356 11
13 426 10
13 550 10
13 72 12
13 325 10
14 371 11
12 14 10
14 133 12
14 549 12
14 266 12
14 123 13
15 236 8
15 73 10
15 110 12
15 59 7
15 285 9
15 187 9
15 744 12
16 425 12
16 448 13
16 100 11
16 231 12
16 96 10
16 467 8
17 345 10
17 722 10
17 165 9
17 639 12
17 669 10
18 369 13
18 89 16
18 170 14
18 378 10
19 266 11
19 675 8
19 525 13
19 232 12
19 665 13
19 103 14
20 24 13
20 224 11
20 338 10
20 720 10
20 376 7
21 741 11
21 204 14
17 21 11
21 277 12
21 648 13
22 557 10
22 509 12
22 685 13
22 294 10
22 460 11
22 155 13
22 489 14
23 92 12
23 660 13
23 444 10
15 23 11
23 384 13
23 670 10
23 39 9
24 342 12
24 62 12
24 230 10
24 694 10
24 54 11
24 366 10
24 142 14
25 163 9
25 271 8
25 86 9
25 321 11
26 326 13
26 271 10
26 295 7
26 275 7
26 269 12
25 27 7
27 217 9
27 355 11
27 183 13
27 658 13
27 259 13
28 349 12
28 91 13
28 715 14
28 677 13
24 28 11
28 155 9
29 150 9
29 426 10
29 315 11
29 559 13
29 604 12
30 49 10
30 528 9
30 218 15
30 34 11
31 75 11
31 548 12
31 144 8
31 509 6
32 269 11
32 607 7
32 720 11
32 116 11
33 249 10
33 81 10
33 222 13
33 730 12
33 368 9
34 209 10
34 257 8
34 565 13
34 226 10
34 634 9
34 677 11
35 283 15
35 211 10
35 644 8
36 482 10
36 513 11
36 187 9
36 358 14
36 288 13
36 389 11
37 683 9
37 397 13
37 360 11
37 469 11
37 374 10
13 37 7
37 549 11
37 64 11
19 38 12
38 46 8
38 667 12
38 163 14
39 66 13
39 622 10
39 474 12
39 305 11
39 304 13
40 701 13
23 40 13
41 312 9
41 485 9
41 531 8
41 107 14
42 608 8
42 74 13
42 319 8
42 447 8
43 452 13
43 393 10
43 237 11
43 567 10
18 43 13
43 319 11
44 583 10
44 531 9
37 44 11
44 74 13
44 274 12
45 405 11
45 192 10
45 186 11
45 278 13
45 285 15
39 45 10
46 591 13
46 410 10
46 668 12
46 281 11
46 86 13
46 523 5
46 607 9
47 511 10
47 745 10
47 141 11
47 71 11
47 704 11
48 97 11
48 358 14
48 512 9
48 672 15
49 392 8
49 235 10
49 682 12
49 445 8
49 654 9
49 87 11
49 114 11
50 423 11
50 637 11
50 698 12
50 198 10
50 211 10
50 707 11
51 630 9
51 301 11
51 667 12
51 126 10
51 442 8
52 645 9
52 473 11
52 603 11
52 487 9
52 373 10
53 628 13
53 525 13
53 168 9
53 505 9
54 494 8
54 304 11
54 495 12
54 414 9
54 588 11
54 513 11
54 533 5
55 681 12
55 291 10
55 462 12
55 577 12
55 693 12
56 90 10
56 604 8
56 369 11
19 57 8
57 400 9
57 592 13
11 57 15
57 614 9
58 389 10
58 169 9
58 74 10
58 711 11
58 212 14
59 80 8
59 725 11
59 360 15
59 109 14
60 596 7
60 689 6
60 203 12
60 656 12
60 496 9
60 243 12
9 61 13
61 187 10
61 239 13
61 273 11
61 231 8
62 620 10
62 224 13
62 625 12
62 509 13
62 622 12
63 180 8
63 517 10
63 621 11
64 104 12
64 528 8
64 434 12
64 604 7
64 626 12
64 108 10
64 532 11
65 402 10
65 426 9
65 231 12
65 199 9
65 154 11
65 112 15
66 710 13
66 284 10
66 579 12
66 611 14
67 608 10
67 664 9
67 509 13
67 428 13
67 118 12
67 287 8
68 524 8
57 68 10
68 267 7
68 589 9
69 564 11
69 332 10
69 122 12
69 465 10
69 301 7
69 709 11
70 105 11
70 508 13
70 505 8
70 532 12
71 692 13
71 512 6
71 106 11
71 346 7
71 543 10
4 71 11
71 591 11
72 308 11
72 116 10
72 431 12
72 192 11
72 219 9
73 79 11
73 94 11
73 312 10
73 545 11
73 388 14
74 193 7
49 74 9
74 325 9
74 328 10
74 136 11
75 423 7
75 484 9
44 75 13
75 215 10
75 509 11
28 76 13
76 737 9
76 366 14
76 720 8
76 226 9
76 162 8
77 174 9
77 590 12
77 345 10
78 517 10
78 381 12
78 389 9
78 565 7
77 78 9
13 79 12
79 209 11
79 250 13
79 616 13
79 376 12
80 506 9
80 450 15
80 702 9
80 151 11
80 691 9
3 80 7
81 169 9
81 111 11
81 624 12
81 565 12
82 384 12
82 565 9
82 407 10
83 257 11
83 156 9
83 406 10
83 129 12
83 573 10
84 267 5
84 501 9
84 278 14
84 230 10
84 167 7
48 85 11
85 396 10
18 85 12
85 517 10
85 507 9
85 550 14
86 282 12
86 109 12
86 407 15
86 529 12
77 87 8
87 552 10
87 297 7
87 695 12
88 611 6
88 279 10
88 506 12
88 366 9
88 216 16
89 543 10
89 729 11
89 431 14
89 307 12
89 109 12
89 383 11
90 374 10
90 229 12
33 90 13
90 661 10
90 373 13
90 285 9
91 502 9
91 681 16
91 150 12
91 385 10
92 577 5
92 599 11
92 159 9
92 434 8
92 174 12
93 405 8
93 562 13
93 502 11
87 93 11
93 235 10
93 553 12
94 195 11
94 191 11
94 539 11
94 605 10
94 394 10
95 130 14
95 281 7
95 723 13
95 212 11
95 477 14
96 123 7
96 532 12
10 96 9
97 106 12
97 555 13
97 414 12
97 162 9
97 748 11
98 447 8
98 636 13
98 631 9
98 261 10
98 256 12
98 245 13
99 741 13
99 315 11
99 495 12
99 258 7
99 718 7
100 219 9
100 587 10
100 397 8
100 674 12
101 118 8
101 579 13
101 478 13
101 629 14
101 198 12
102 278 12
102 394 8
102 703 11
102 411 11
102 503 12
102 201 9
103 726 12
103 188 14
103 471 7
103 402 7
103 719 8
90 103 12
103 735 12
104 433 11
104 607 11
104 707 8
104 289 15
91 104 16
104 336 12
105 255 9
105 355 15
105 143 10
105 550 10
34 106 12
106 313 10
106 392 10
72 106 9
106 382 8
53 107 9
107 365 9
107 154 10
41 108 11
108 648 8
108 705 9
102 108 14
108 689 10
108 611 8
109 141 10
109 456 12
109 545 8
109 313 9
110 311 14
110 407 10
108 110 14
110 575 11
97 110 11
111 684 8
103 111 13
111 690 11
111 625 11
111 297 11
111 240 12
26 112 10
5 112 12
112 373 11
112 503 12
112 668 11
112 456 10
113 618 9
113 233 11
113 530 9
113 216 9
77 114 10
114 300 9
114 503 13
114 434 10
114 187 13
114 239 9
46 115 10
115 209 12
115 342 14
115 231 9
116 742 10
95 116 12
116 408 10
116 405 9
116 314 11
20 116 8
117 616 12
117 511 11
117 536 8
117 397 12
38 118 12
118 610 12
118 471 10
106 118 9
118 687 10
119 302 9
70 119 11
119 427 12
119 299 9
120 364 7
120 304 10
120 146 10
120 292 11
121 157 10
1 121 12
5 121 12
121 432 10
121 337 12
112 122 10
18 122 12
122 363 9
67 122 13
123 521 15
123 391 13
123 431 12
123 265 9
123 165 11
88 123 12
123 155 14
124 306 13
124 600 11
124 321 11
124 196 13
124 146 13
124 607 11
125 633 10
125 171 12
125 477 12
125 376 8
61 126 11
126 309 9
126 447 8
126 380 11
57 126 12
127 708 10
127 410 12
94 127 11
20 127 11
55 127 10
128 421 10
128 599 10
128 727 14
128 518 10
128 616 10
129 693 12
129 466 12
37 129 11
129 558 10
90 129 6
106 130 11
130 219 12
53 130 11
131 312 14
131 442 13
131 618 10
21 131 12
5 131 11
132 382 13
132 724 7
132 293 6
132 630 8
133 511 9
133 174 8
50 133 8
133 210 12
134 506 8
134 703 11
21 134 10
134 349 8
135 654 11
59 135 14
135 608 11
135 731 7
45 135 16
30 136 12
4 136 8
136 731 9
136 525 9
0 136 8
136 160 11
137 749 13
137 634 16
137 308 9
138 201 9
95 138 10
138 682 6
138 300 9
138 380 9
138 627 12
50 139 12
139 683 14
139 182 13
140 206 14
140 190 11
140 470 12
140 424 12
58 140 10
12 141 12
141 398 11
141 330 10
141 601 10
141 535 11
141 493 10
62 142 10
142 590 11
142 239 14
16 142 13
142 229 8
143 483 7
143 205 10
143 234 9
13 143 15
143 661 13
144 524 11
144 443 9
144 528 11
144 632 9
144 559 13
145 407 13
145 505 13
145 420 10
145 296 8
146 547 7
146 456 8
146 519 12
128 146 14
27 146 10
146 298 11
146 163 9
147 425 10
147 361 11
147 431 10
78 147 10
148 546 9
148 573 14
49 148 14
148 562 9
148 600 9
148 422 10
149 407 10
149 552 14
149 549 7
149 736 10
149 675 10
150 358 15
14 150 11
150 489 12
150 497 9
150 276 11
151 328 9
151 173 8
106 151 10
151 287 11
151 748 10
152 613 11
152 263 11
152 527 11
152 407 12
152 553 12
153 302 12
153 691 10
153 557 13
153 424 12
153 742 13
153 512 13
154 159 13
154 559 14
154 551 9
154 680 8
154 493 9
155 556 9
155 175 11
155 234 12
155 578 12
155 245 10
155 537 9
156 436 7
156 553 11
76 156 12
156 365 12
157 377 11
67 157 11
157 594 9
157 447 14
158 646 11
158 497 7
158 313 5
154 158 9
158 226 10
159 559 11
159 405 15
33 159 12
159 498 11
160 362 9
10 160 13
160 279 12
161 722 10
161 595 10
161 341 8
31 161 10
98 161 10
162 268 12
162 449 11
21 162 13
163 395 12
163 566 9
163 677 12
163 228 12
164 725 7
164 193 13
158 164 12
164 727 10
164 394 11
67 165 11
56 165 15
165 461 13
165 583 12
166 341 10
166 250 13
37 166 13
166 573 13
167 639 9
19 167 11
167 456 8
168 328 13
168 678 11
168 320 10
168 463 13
102 168 10
96 169 10
28 169 7
169 261 11
169 232 12
169 499 9
170 365 9
170 568 12
170 257 10
122 170 10
170 223 10
84 171 11
171 221 11
171 744 7
171 403 9
171 193 10
172 526 11
172 620 13
140 172 13
172 195 11
173 244 14
96 173 11
173 598 8
173 740 7
173 451 11
174 352 12
174 231 11
174 738 13
174 326 11
175 502 11
175 263 10
175 748 9
128 175 8
176 706 9
176 250 11
176 611 11
176 272 10
176 285 12
177 551 7
177 429 9
177 745 9
177 400 10
177 601 11
178 285 11
178 194 7
29 178 9
178 180 10
178 369 10
178 667 8
102 178 8
179 370 11
179 250 11
179 403 9
179 404 11
63 179 11
179 476 12
180 364 9
3 180 7
20 180 13
180 255 9
46 181 8
130 181 12
181 552 7
181 462 10
181 592 12
181 398 14
182 447 9
57 182 9
101 182 7
28 182 10
183 240 6
43 183 12
134 183 10
138 183 8
183 341 12
183 195 9
183 468 11
184 747 14
184 569 13
119 184 8
16 184 12
184 647 14
185 610 9
185 274 10
185 467 13
84 185 8
33 186 12
186 558 11
186 360 13
127 186 16
186 573 11
186 646 7
187 501 10
187 642 10
187 400 10
31 187 13
187 550 14
188 555 6
188 470 11
188 647 10
189 232 11
189 695 9
189 269 11
189 359 9
189 493 10
189 319 11
190 610 13
190 247 9
190 564 11
190 396 12
190 387 9
43 190 12
156 190 10
191 719 9
22 191 13
191 404 9
191 225 11
92 191 12
192 391 10
192 252 13
192 225 8
192 416 11
192 205 10
193 594 11
114 193 6
193 584 6
193 706 12
193 215 9
178 193 9
47 194 12
194 561 10
194 209 12
194 512 9
194 537 10
194 608 13
195 260 10
195 359 13
195 345 10
195 601 9
196 221 13
196 259 11
7 196 8
196 318 6
196 231 11
197 462 10
197 736 10
197 383 11
197 460 9
197 590 12
198 338 9
198 268 12
198 450 11
182 198 12
129 199 11
199 548 12
199 414 8
63 199 10
199 578 10
200 664 8
200 473 12
73 200 9
200 537 14
130 200 4
201 427 13
201 299 8
201 596 11
201 437 8
156 201 7
201 468 7
116 202 9
202 705 11
202 407 7
202 390 10
53 202 12
203 640 9
203 674 8
203 398 6
203 625 11
204 573 9
204 442 13
204 270 7
204 454 11
204 562 11
204 353 10
10 204 7
205 387 13
205 605 11
205 442 13
205 730 12
205 602 15
206 705 11
79 206 10
56 206 10
206 412 10
207 346 9
207 258 10
207 267 12
89 207 8
208 637 11
63 208 10
208 570 8
114 208 5
208 695 8
55 209 9
209 219 10
16 209 11
18 209 10
209 717 9
210 384 10
92 210 11
196 210 10
211 268 9
211 723 11
93 211 11
211 622 8
211 511 12
211 517 13
4 212 12
212 514 8
198 212 12
212 275 11
212 629 10
213 535 7
150 213 12
213 600 12
213 745 10
213 734 8
46 213 9
213 463 10
208 214 9
214 687 11
214 261 13
214 647 8
215 285 12
215 341 9
215 749 12
122 215 11
215 359 10
215 681 13
216 412 9
109 216 6
216 374 8
124 216 11
41 216 10
102 216 9
216 491 9
217 380 11
217 729 9
213 217 11
137 217 11
56 217 8
204 218 12
218 710 10
193 218 11
86 218 13
218 698 8
182 218 14
219 686 12
219 716 10
219 585 10
219 637 11
219 749 9
115 220 9
220 224 9
220 715 8
220 308 10
220 430 13
220 232 11
143 221 10
38 221 10
221 650 10
4 221 10
221 288 11
62 222 13
222 640 11
222 732 6
223 732 12
223 363 12
223 608 11
223 559 11
223 278 11
223 625 11
224 354 10
224 454 13
224 716 15
224 292 12
224 476 9
224 655 12
225 566 10
225 425 11
225 226 8
75 226 10
226 479 13
226 480 12
226 534 13
226 731 9
226 238 9
227 680 9
227 608 9
227 591 6
227 701 11
227 679 9
110 227 12
61 227 12
228 463 10
199 228 16
228 355 12
228 688 11
228 494 11
228 537 12
229 304 10
229 388 8
229 267 12
229 250 13
229 706 10
229 730 11
0 230 5
230 428 11
164 230 12
230 238 11
231 446 11
210 231 10
75 231 10
24 231 12
124 231 15
231 528 11
231 513 11
227 232 9
115 232 8
232 703 7
232 716 13
232 468 10
139 233 8
233 437 12
24 233 12
233 514 11
56 233 12
233 508 11
6 233 8
234 268 11
234 452 10
98 234 8
234 692 13
234 264 12
235 452 12
235 674 12
100 235 11
235 312 11
235 367 12
236 679 10
61 236 9
17 236 10
236 452 9
21 236 10
198 237 8
6 237 12
237 512 9
238 505 10
238 368 8
238 332 12
239 288 10
239 583 13
239 353 11
239 428 11
239 639 12
239 435 10
239 638 9
240 599 7
58 240 9
72 240 12
105 240 10
240 393 13
122 241 14
241 563 12
241 315 9
241 597 12
241 381 8
218 242 12
242 243 12
242 251 8
243 656 10
243 480 9
170 243 11
243 694 11
243 712 11
150 244 10
244 414 9
244 390 11
244 476 10
245 458 10
58 245 10
245 521 9
96 245 11
245 589 9
245 625 12
246 452 10
246 290 8
77 246 13
79 246 9
246 620 10
247 288 11
247 479 9
172 247 10
37 247 10
247 472 12
157 247 11
248 604 9
21 248 7
248 300 11
238 248 10
248 360 11
38 248 13
136 248 9
249 671 11
196 249 9
249 420 10
119 249 13
249 518 10
250 280 9
250 374 12
51 250 8
250 591 10
250 590 13
205 251 11
251 432 7
136 251 7
251 673 13
186 252 10
252 552 11
252 618 9
252 730 15
252 678 8
100 252 8
253 284 12
22 253 8
174 253 13
6 254 14
254 529 10
254 274 10
200 254 9
166 254 11
255 377 11
255 529 9
255 483 10
189 255 7
206 255 9
222 255 11
256 583 14
256 734 11
256 573 8
250 256 10
129 256 10
59 257 13
257 465 11
257 343 10
237 257 11
257 488 12
257 270 10
258 536 8
258 607 13
228 258 5
258 351 11
258 535 12
82 258 13
259 275 13
259 315 10
259 694 11
116 259 13
259 748 11
260 525 13
260 411 11
260 546 12
260 300 8
260 498 10
260 348 12
261 733 9
261 482 12
241 261 14
26 261 10
95 262 10
262 387 14
262 624 10
262 437 15
262 594 10
263 366 12
113 263 13
146 263 10
234 263 12
263 567 7
178 264 9
264 721 12
264 354 10
264 344 10
214 264 11
264 565 9
225 265 10
265 561 14
17 265 7
265 532 7
265 517 11
265 569 14
236 266 9
266 308 12
266 542 8
266 544 8
267 290 9
267 612 10
267 422 11
267 666 12
267 555 7
95 268 9
268 297 8
268 622 7
268 643 11
269 409 9
269 613 10
269 529 9
269 446 10
181 269 13
269 468 12
270 437 12
270 320 11
82 270 11
270 560 16
270 747 11
271 316 12
271 648 8
63 271 13
271 514 12
62 271 9
271 426 10
272 333 13
272 651 8
272 486 10
272 692 9
207 272 11
51 272 9
233 273 13
273 617 8
189 273 10
117 274 9
274 280 9
128 274 11
204 274 10
274 537 14
275 678 10
275 345 12
275 574 10
275 624 9
93 275 13
276 716 10
276 656 7
276 704 12
276 461 8
276 371 11
276 522 15
276 659 12
276 424 8
277 629 8
277 602 10
153 277 7
277 386 9
260 277 8
278 585 11
278 412 13
172 278 8
278 297 8
278 537 10
279 741 11
279 592 11
279 413 11
154 279 10
279 535 8
196 279 11
37 280 8
31 280 15
280 676 10
118 280 6
280 325 7
256 280 13
97 281 10
108 281 8
281 574 15
281 441 9
189 281 9
187 281 12
282 739 11
282 497 9
281 282 11
193 282 6
282 458 5
282 519 13
58 283 9
283 705 12
283 502 12
215 283 8
283 361 11
284 377 10
284 373 10
284 685 12
54 284 8
284 297 11
285 318 14
285 732 7
285 740 10
285 614 11
50 285 10
74 285 14
286 585 13
286 450 15
98 286 8
286 606 10
286 534 8
286 527 8
227 286 10
205 287 11
184 287 15
287 527 12
287 294 9
287 319 12
270 287 10
288 660 7
288 702 7
288 495 10
288 726 10
289 635 8
289 326 12
180 289 13
255 289 13
62 289 13
290 422 8
290 595 10
290 551 11
290 593 8
290 613 8
291 330 7
291 306 10
291 302 8
291 416 8
291 408 13
291 597 9
291 292 6
292 506 12
218 292 10
292 348 11
9 292 11
67 292 5
293 367 10
68 293 12
293 538 12
51 293 11
293 445 10
293 329 13
283 294 8
255 294 8
220 294 12
294 312 13
294 483 9
133 294 10
164 295 7
295 402 12
180 295 14
295 728 8
295 310 8
295 631 10
296 527 10
105 296 7
214 296 7
296 563 12
296 555 8
296 369 11
296 471 12
69 297 10
289 297 11
271 297 11
266 297 9
297 580 10
298 429 13
298 379 13
29 298 11
298 532 10
298 428 11
299 460 11
299 576 17
299 689 9
232 299 10
300 443 11
109 300 11
163 300 9
205 300 10
301 400 10
301 703 14
155 301 10
301 472 8
301 395 9
21 301 10
302 425 11
302 603 12
302 486 14
302 390 9
229 303 10
18 303 14
304 554 7
304 512 11
304 550 10
304 553 7
86 304 11
304 603 11
305 593 13
132 305 10
299 305 8
59 305 10
162 306 11
306 583 9
167 306 13
306 692 9
306 607 8
21 306 9
306 489 11
307 320 10
307 459 8
294 307 10
262 307 3
307 363 11
98 307 12
308 503 15
308 554 13
308 430 10
109 308 12
308 415 11
308 366 13
250 309 9
309 391 8
186 309 9
309 362 12
310 498 13
310 732 13
310 488 11
310 342 8
311 380 8
269 311 11
311 677 11
311 444 14
311 707 8
312 492 9
312 452 10
312 582 11
63 312 10
132 313 9
174 313 10
313 712 15
224 313 7
313 350 11
128 313 11
314 458 9
314 503 9
25 314 11
314 422 14
314 389 12
315 604 11
315 443 9
43 315 7
315 406 12
315 570 13
316 631 11
316 560 8
149 316 10
31 316 10
316 364 9
294 317 8
24 317 11
317 357 12
317 422 9
317 404 10
146 318 12
42 318 13
90 318 11
17 319 11
23 319 10
319 623 11
319 521 8
319 612 14
320 617 12
116 320 8
320 397 12
320 635 6
321 512 12
321 463 11
321 334 10
321 651 12
274 321 11
322 696 11
322 384 8
322 660 11
249 322 11
322 515 7
322 418 10
323 638 9
303 323 8
77 323 11
323 541 8
305 323 9
40 323 13
324 488 11
218 324 8
324 640 12
324 663 12
324 680 11
277 325 9
325 408 8
325 643 11
324 325 9
326 546 11
326 661 12
302 326 12
124 326 11
327 640 10
241 327 11
327 667 7
327 512 10
327 354 12
328 469 11
257 328 16
69 328 9
226 328 10
175 328 12
328 733 14
329 480 13
329 371 12
329 422 8
329 625 12
57 329 9
85 330 10
330 414 9
213 330 11
54 331 10
331 437 8
331 568 10
128 331 9
271 331 11
253 331 12
332 563 12
332 638 13
332 525 12
332 470 13
148 332 8
199 333 10
333 343 13
333 399 12
333 561 11
288 333 8
333 627 10
71 334 12
334 407 12
57 334 9
334 614 9
201 334 10
231 335 5
327 335 13
156 335 9
335 676 9
335 467 13
335 354 11
336 696 10
336 460 14
336 675 12
336 497 11
336 409 12
336 406 10
336 626 11
337 479 8
337 583 10
337 376 12
337 721 14
298 338 12
228 338 12
179 338 13
157 338 12
338 548 13
338 379 11
339 364 11
27 339 8
339 626 12
113 339 14
339 510 9
293 340 15
118 340 10
340 406 8
340 378 13
340 644 10
291 341 6
341 570 10
341 512 11
341 539 14
196 341 10
342 665 12
342 428 8
342 686 9
342 508 9
240 343 11
234 343 13
221 343 11
340 343 11
232 343 9
113 343 12
344 414 8
344 374 10
344 618 7
344 507 10
37 344 7
345 660 10
136 345 12
147 345 8
310 345 11
345 421 11
44 346 12
276 346 11
249 346 10
346 388 9
347 667 9
347 396 9
49 347 10
231 347 12
347 507 11
83 348 7
348 576 11
110 348 10
348 606 10
349 644 9
249 349 13
349 392 11
349 621 12
318 350 8
275 350 12
270 350 11
171 350 11
84 350 10
351 729 11
264 351 13
351 720 9
121 351 8
273 351 9
23 352 11
112 352 11
352 382 11
264 352 12
212 352 11
177 352 10
319 353 9
353 527 14
260 353 8
4 353 12
354 499 9
6 354 11
354 710 8
354 540 13
354 520 8
34 354 11
90 355 10
355 382 10
355 396 9
248 355 10
356 697 8
356 555 11
202 356 13
356 501 13
343 357 11
44 357 9
236 357 9
357 605 12
260 357 9
229 357 12
358 541 9
61 358 13
358 715 6
358 423 11
134 358 10
216 359 11
240 359 12
359 549 10
349 359 7
112 360 9
21 360 10
202 360 10
283 360 11
360 725 7
272 360 9
361 664 11
361 422 11
361 668 6
361 671 9
361 746 11
362 387 7
362 652 11
362 484 8
180 363 11
363 718 15
225 364 14
364 510 9
364 564 11
364 734 13
364 637 9
365 559 11
365 591 13
284 365 12
366 440 11
366 727 12
12 366 12
189 366 11
366 581 12
366 655 10
313 367 7
367 415 12
300 367 10
367 603 12
121 367 12
367 507 7
281 368 10
368 748 14
99 368 8
280 368 8
349 368 10
27 369 12
369 573 10
369 414 8
146 369 11
369 407 14
334 369 12
370 551 10
24 370 12
370 447 11
370 622 10
370 455 13
306 371 11
371 629 10
8 371 13
372 449 8
372 480 10
80 372 9
372 626 13
372 645 12
372 462 9
184 373 13
373 712 9
106 373 13
373 654 9
373 736 10
284 374 10
374 742 12
374 467 7
66 374 10
374 441 11
61 374 12
375 546 11
375 488 9
375 643 12
375 684 7
375 565 12
125 375 11
376 639 14
376 379 9
319 376 13
376 397 11
47 376 12
377 705 12
377 563 11
377 675 8
377 438 11
138 377 13
233 378 12
378 744 12
357 378 7
378 388 10
379 591 10
379 552 13
379 557 11
379 611 13
349 379 12
379 492 8
30 380 9
116 380 12
38 380 10
380 602 11
380 392 7
205 380 13
381 746 9
381 652 9
382 390 10
382 386 8
18 382 11
140 382 10
111 382 13
39 383 12
383 687 11
12 383 9
188 383 13
384 748 10
384 730 10
384 607 7
269 384 10
384 399 7
385 505 15
264 385 9
385 449 10
385 456 14
163 385 10
385 746 11
332 385 12
324 386 7
386 388 11
213 386 7
310 386 9
364 386 9
386 664 12
293 387 9
93 387 12
387 515 11
387 593 10
234 387 12
388 420 13
388 704 6
388 545 12
388 550 11
388 665 10
388 532 14
82 389 10
32 389 11
214 389 14
345 389 11
389 705 9
389 421 10
119 389 12
380 390 14
390 727 14
182 390 12
390 613 9
168 391 9
391 666 9
391 414 11
391 467 7
391 713 11
392 712 11
358 392 7
272 392 9
235 392 8
392 749 10
393 745 9
393 622 10
393 638 13
309 393 9
84 393 10
385 394 9
21 394 6
260 394 11
294 394 7
12 395 13
155 395 13
351 395 11
203 395 11
396 499 10
242 396 6
396 440 12
294 396 14
396 458 10
397 569 9
231 397 7
397 409 12
66 397 10
138 397 12
306 397 11
398 748 12
398 532 10
184 398 11
398 422 10
398 428 10
372 399 12
399 467 9
399 706 11
64 399 13
399 412 10
32 400 10
46 400 14
400 482 11
209 400 11
24 400 11
118 401 10
401 481 13
57 401 11
33 401 11
189 401 8
120 402 5
265 402 8
199 402 7
113 403 10
403 506 8
15 403 11
223 403 9
298 403 10
403 737 12
201 403 8
403 621 9
334 404 12
297 404 14
151 404 11
404 452 10
275 405 11
304 405 7
347 405 10
50 405 12
128 405 13
405 417 8
400 406 11
406 538 14
406 504 13
406 546 12
6 406 10
354 406 13
126 406 9
151 407 8
208 407 11
407 415 9
407 592 8
407 640 11
407 548 8
159 407 8
44 407 11
408 629 8
408 665 9
119 408 10
408 592 11
69 409 7
409 604 10
409 419 14
209 410 15
163 410 11
164 410 10
154 410 11
270 410 14
410 495 12
410 535 13
326 411 14
411 699 7
411 512 11
411 543 10
110 412 13
167 412 12
137 412 7
412 705 10
310 412 10
412 539 13
145 413 13
413 661 14
413 484 10
388 413 15
402 413 8
238 413 14
116 414 10
214 414 12
28 414 9
178 414 9
173 414 7
56 414 9
415 526 10
244 415 10
415 453 12
370 415 9
415 584 11
415 538 11
327 415 7
271 416 10
416 640 12
12 416 10
2 416 12
416 734 11
56 416 11
113 417 8
417 632 8
37 417 7
54 417 13
128 417 10
199 417 12
203 418 10
418 749 12
418 603 10
181 418 11
105 418 13
419 732 11
419 591 5
419 559 11
419 517 15
419 533 13
419 459 10
420 609 12
420 678 11
420 705 10
420 425 11
420 726 8
420 601 11
265 421 11
162 421 8
26 421 9
158 422 8
422 659 9
422 509 12
422 488 12
127 422 15
422 465 8
423 550 10
414 423 8
244 423 14
46 423 16
423 600 8
423 460 14
299 423 11
62 424 7
321 424 13
408 424 11
424 495 10
425 700 11
243 425 11
425 447 11
425 436 12
425 705 9
7 425 12
426 634 13
24 426 10
69 426 15
347 426 12
426 551 12
427 510 9
427 516 8
427 594 13
427 524 11
192 427 9
428 633 10
106 428 13
428 564 12
196 428 12
423 429 8
203 429 9
429 504 11
429 617 9
430 500 11
430 734 9
430 447 9
332 430 12
290 430 15
218 431 6
87 431 13
277 431 9
97 431 11
431 634 12
405 431 10
65 431 10
432 491 9
85 432 10
182 432 8
174 432 13
432 732 15
433 631 10
433 537 10
433 529 12
229 433 9
286 433 8
224 433 12
399 434 11
367 434 11
28 434 9
277 434 10
164 435 10
269 435 10
314 435 10
436 615 11
436 644 11
306 436 13
22 437 11
437 515 11
81 437 12
334 437 10
292 437 12
438 542 9
227 438 15
374 438 9
4 438 11
438 648 10
135 439 12
439 742 11
439 506 13
439 572 9
127 439 12
302 439 10
322 440 11
440 553 16
417 440 13
119 440 11
55 440 11
386 441 11
63 441 10
441 613 10
441 574 10
410 441 11
165 441 12
442 739 10
288 442 12
9 442 11
86 442 11
443 511 11
443 512 7
443 706 13
423 443 5
3 443 11
243 443 13
443 653 9
392 444 11
368 444 9
431 444 14
432 445 11
445 487 11
445 681 11
445 514 8
315 445 9
445 497 10
342 446 8
446 449 10
217 446 7
30 446 10
338 447 13
268 447 13
443 447 14
295 447 9
448 660 11
448 456 9
91 448 9
427 448 10
156 448 9
449 545 11
72 449 11
226 449 11
449 555 10
193 449 10
386 450 10
178 450 13
297 450 13
450 503 12
451 705 9
428 451 14
451 693 12
434 451 10
354 451 13
452 657 10
224 452 11
452 709 11
452 623 10
452 481 10
347 453 9
214 453 12
453 578 12
453 630 12
60 453 9
454 630 12
10 454 11
339 454 11
216 454 8
446 454 10
455 613 8
455 730 11
128 455 9
455 658 9
359 455 12
65 456 12
190 456 13
430 456 11
456 559 10
456 604 5
202 456 10
121 457 12
457 503 15
457 743 11
32 457 11
417 457 11
9 457 13
385 457 9
457 685 7
36 458 12
393 458 9
271 458 7
458 509 11
458 520 14
239 458 11
158 458 7
459 504 11
459 706 9
459 743 10
147 459 12
154 459 12
74 460 10
460 607 10
460 625 9
460 528 11
318 460 12
461 707 10
86 461 10
461 639 10
237 461 11
461 706 13
88 461 11
321 462 11
462 488 12
378 462 11
90 462 8
431 462 8
463 549 10
463 482 9
37 463 10
263 463 8
463 515 11
463 647 6
464 733 9
464 642 10
428 464 7
258 464 14
464 617 15
29 464 10
281 465 10
206 465 12
465 568 11
83 465 10
252 465 13
326 465 7
333 466 11
157 466 8
6 466 8
180 466 13
20 467 9
467 548 10
231 467 11
315 467 11
466 467 8
124 467 12
198 468 12
179 468 11
468 703 9
205 468 11
468 483 11
469 609 9
229 469 10
469 514 11
469 705 13
76 469 15
469 551 9
9 470 8
97 470 12
118 470 11
202 470 8
225 471 8
5 471 9
90 471 12
176 471 10
471 503 8
471 624 10
249 472 8
472 569 12
373 472 8
206 472 12
443 473 12
473 548 11
233 473 11
473 539 10
382 473 13
473 553 13
473 580 11
474 497 10
474 590 12
206 474 11
459 474 13
77 474 14
474 539 13
102 475 11
199 475 10
218 475 11
475 724 15
475 688 11
322 476 11
457 476 12
476 675 11
47 476 11
275 476 14
19 477 11
477 518 10
195 477 11
56 477 10
71 477 9
385 478 11
464 478 11
478 510 14
478 672 10
42 478 9
132 479 8
479 660 15
228 479 8
474 479 13
479 625 13
240 480 14
366 480 10
480 505 12
480 613 16
431 480 11
481 551 10
464 481 10
284 481 9
481 712 14
344 481 9
482 486 10
482 570 10
482 634 10
5 482 9
482 579 7
482 662 15
483 551 11
28 483 8
483 546 11
483 668 13
408 484 11
484 576 11
484 734 11
484 488 8
485 562 8
73 485 8
485 668 12
209 485 9
485 673 9
111 486 11
39 486 9
112 486 10
224 486 7
463 486 12
167 486 9
486 550 11
330 487 8
352 487 9
464 487 11
487 674 14
487 546 9
488 706 10
400 488 11
488 613 10
488 524 10
488 719 7
421 489 12
451 489 8
489 544 10
296 489 7
490 695 9
84 490 14
26 490 10
490 515 8
419 490 12
171 490 12
416 491 10
267 491 7
491 513 9
491 716 9
491 572 12
491 521 10
491 708 10
405 492 12
351 492 8
163 492 9
481 492 9
57 493 12
238 493 9
493 549 14
125 493 8
493 609 12
345 494 11
494 584 10
202 494 10
57 494 10
494 525 13
226 494 12
115 495 10
172 495 11
361 495 5
457 495 12
238 495 10
299 496 8
365 496 10
496 705 9
52 496 10
496 640 10
315 497 11
364 497 10
146 497 11
362 497 11
497 594 12
497 628 10
72 498 9
498 695 11
436 498 9
331 498 9
334 498 10
414 498 14
499 574 11
499 640 9
499 547 9
499 641 13
174 499 12
171 500 13
500 701 9
72 500 10
311 500 8
501 575 11
266 501 12
501 688 12
191 501 11
501 567 11
458 502 13
300 502 13
441 502 10
18 502 10
290 502 9
502 668 10
502 605 12
252 503 12
235 503 8
503 518 8
503 749 14
77 504 12
504 681 10
20 504 7
306 504 9
326 504 9
312 505 9
22 505 10
411 505 5
260 505 11
505 732 10
212 505 14
91 506 10
506 556 8
219 506 10
506 611 10
506 686 12
68 507 10
291 507 14
211 507 9
338 507 10
213 508 14
421 508 11
399 508 15
196 508 12
446 508 12
237 508 10
323 509 13
241 509 11
509 643 10
509 734 10
299 509 12
453 510 12
433 510 10
510 569 12
47 510 12
176 510 9
511 665 9
511 733 10
458 511 10
387 511 10
511 679 10
450 512 11
503 512 9
513 564 13
456 513 10
476 513 9
513 639 14
335 513 14
514 549 12
304 514 8
325 514 11
514 718 8
514 698 11
223 515 10
273 515 13
222 515 10
339 515 10
515 611 10
515 556 5
516 609 11
516 699 11
273 516 6
516 673 9
128 516 9
517 702 12
156 517 10
387 517 14
344 517 12
432 517 9
112 518 11
268 518 12
322 518 11
180 518 11
519 694 10
8 519 11
519 695 10
98 519 16
45 519 12
380 519 9
519 745 12
369 520 13
101 520 9
520 614 12
440 520 9
400 520 11
376 521 11
521 707 9
95 521 8
521 733 12
521 555 8
197 522 11
336 522 10
87 522 16
522 619 9
522 596 9
522 627 12
523 580 9
325 523 10
26 523 10
523 697 7
186 524 11
253 524 9
313 524 10
350 524 8
60 524 11
280 524 13
282 524 10
525 531 10
352 525 11
525 717 9
413 525 9
525 742 11
404 526 8
526 617 9
526 552 13
256 526 10
527 577 8
527 599 10
366 527 8
496 527 11
196 527 8
527 587 14
343 527 6
7 528 12
200 528 10
528 549 8
528 665 9
468 528 14
384 529 9
99 529 8
144 529 12
529 567 14
529 613 12
529 712 11
529 662 11
406 530 11
401 530 10
273 530 10
531 612 10
414 531 11
531 744 12
531 649 15
262 531 10
445 532 12
532 738 13
532 574 8
167 532 9
532 572 12
533 544 12
80 533 11
491 533 10
344 533 11
58 533 11
534 669 8
358 534 8
463 534 9
535 561 9
400 535 9
535 587 13
120 535 16
535 673 12
327 536 11
171 536 9
72 536 13
536 693 15
442 536 11
155 536 15
469 537 11
537 618 11
537 548 10
537 715 10
504 537 13
537 721 9
15 537 13
93 538 10
440 538 13
318 538 14
12 538 13
321 538 10
21 539 10
392 539 10
78 539 13
539 726 13
477 540 9
107 540 11
540 583 11
186 541 10
177 541 13
246 541 9
361 541 7
541 713 8
520 542 6
406 542 10
244 542 14
445 542 10
381 543 9
107 543 8
431 543 11
543 681 11
253 544 10
103 544 9
70 544 10
130 544 13
544 630 10
448 545 8
41 545 9
348 545 12
545 731 11
369 545 11
327 546 11
546 746 15
546 649 11
28 546 10
460 547 11
547 583 10
421 547 13
249 547 12
450 547 11
17 548 13
307 548 11
465 548 9
110 548 12
155 548 11
122 548 11
549 566 12
406 549 10
549 634 9
549 620 12
476 549 10
407 550 12
61 550 9
216 550 11
510 550 7
470 550 11
266 550 11
6 551 13
551 690 11
551 644 13
266 551 11
424 551 6
437 552 12
260 552 7
502 552 11
328 552 14
485 552 10
552 708 9
512 553 8
553 566 12
79 553 9
537 553 10
356 554 10
300 554 10
178 554 10
519 554 11
554 716 10
288 555 9
473 555 12
88 555 13
167 555 14
60 555 13
25 555 13
164 555 14
556 715 10
393 556 9
554 556 11
26 556 9
66 557 9
557 621 11
478 557 12
557 609 13
557 635 12
279 557 9
259 558 11
558 660 12
558 700 14
558 693 9
198 559 9
150 559 13
559 713 9
535 559 10
196 559 10
466 559 13
560 604 12
495 560 10
296 560 10
560 712 10
224 560 11
228 560 11
429 560 13
561 635 8
489 561 10
561 563 8
505 561 10
238 561 10
562 716 14
454 562 6
562 651 9
47 562 11
404 563 13
423 563 12
113 563 10
192 563 12
109 563 11
146 563 8
504 564 10
167 564 12
354 564 8
278 564 8
149 564 13
565 680 12
112 565 13
261 565 14
422 565 14
370 566 12
185 566 10
512 566 10
78 566 11
567 682 13
452 567 12
459 567 14
283 567 11
54 567 8
567 736 10
374 568 10
459 568 13
552 568 12
566 568 11
83 569 9
469 569 10
569 736 10
570 669 13
273 570 7
238 570 12
292 570 9
269 570 9
570 744 9
242 571 11
271 571 7
519 571 14
554 572 10
539 572 9
572 596 13
23 572 8
572 640 10
479 572 9
433 573 11
121 573 10
552 573 12
573 622 12
149 573 9
292 574 12
246 574 8
574 704 7
20 574 10
574 738 14
0 575 12
575 700 11
228 575 11
575 696 10
562 575 12
29 575 10
326 576 12
62 576 8
576 636 14
478 576 10
399 577 8
577 638 12
137 577 13
577 702 10
309 578 14
230 578 10
142 578 9
274 578 11
151 578 10
578 676 11
33 579 12
284 579 12
579 636 8
296 579 11
160 579 8
580 637 9
580 588 9
168 580 11
580 607 9
107 580 13
314 580 10
298 581 11
361 581 10
581 609 10
480 581 14
423 581 14
582 737 11
209 582 7
247 582 9
477 582 12
325 582 12
17 582 11
163 582 10
378 583 8
366 583 8
71 583 7
513 583 12
458 584 11
584 637 14
107 584 11
584 663 10
306 585 13
552 585 9
585 635 11
496 585 8
586 722 11
586 592 10
60 586 9
452 586 10
14 586 11
527 586 10
456 586 9
551 587 8
375 587 8
393 587 9
7 588 13
89 588 9
281 588 9
33 588 9
253 588 11
588 620 11
589 747 13
454 589 10
17 589 11
6 589 12
88 589 9
6 590 12
590 742 12
116 590 10
186 590 10
335 591 12
556 591 10
399 591 10
445 591 12
336 591 12
33 592 9
592 724 11
238 592 12
151 592 10
410 592 11
7 592 10
205 593 11
593 635 8
593 676 12
371 593 11
593 614 10
94 593 13
265 594 9
594 679 12
84 594 9
186 594 11
513 595 13
234 595 12
143 595 8
424 595 11
596 740 12
325 596 10
596 666 12
125 596 11
351 596 12
192 596 7
40 597 10
597 664 14
415 597 11
397 597 14
277 597 10
212 598 10
392 598 9
598 674 10
351 598 11
284 599 13
394 599 11
592 599 11
279 599 10
26 599 8
236 599 8
566 600 12
586 600 8
600 648 10
96 600 14
465 600 10
601 667 10
601 746 15
382 601 13
594 601 7
495 601 9
256 601 11
439 602 15
401 602 11
168 602 9
411 602 12
259 602 6
343 602 12
322 603 12
333 603 12
603 665 9
503 603 13
156 603 14
3 604 7
99 604 10
238 604 10
471 604 10
604 739 13
604 700 12
54 604 14
525 605 14
516 605 11
373 605 9
605 734 9
463 605 8
294 605 10
467 605 10
113 606 9
71 606 10
467 606 10
118 606 8
562 606 7
607 736 14
394 607 6
234 607 9
28 607 12
578 607 14
510 607 9
201 608 13
608 692 12
608 641 10
111 608 10
49 608 6
548 608 13
209 608 8
7 609 14
132 609 12
362 609 8
138 609 7
609 677 14
28 609 10
414 610 14
46 610 11
283 610 8
535 610 13
148 610 9
340 610 6
598 611 9
3 611 8
91 611 11
255 611 12
286 611 11
489 611 12
179 612 12
471 612 12
467 612 12
125 612 11
283 613 12
613 713 11
613 742 12
315 613 11
614 619 8
218 614 11
253 614 10
452 614 11
69 614 11
615 698 9
483 615 9
231 615 12
212 615 10
16 615 10
616 717 10
374 616 13
525 616 10
208 616 14
372 616 9
7 617 9
396 617 10
468 617 11
393 617 8
161 618 9
496 618 8
387 618 10
83 618 11
56 618 11
194 618 10
398 619 11
273 619 10
517 619 12
80 619 12
324 619 6
202 619 10
605 620 13
353 620 14
467 620 11
308 620 11
43 620 10
297 620 10
620 665 14
621 692 11
12 621 10
399 621 9
621 728 15
621 724 14
478 621 11
622 717 9
199 622 11
142 622 12
384 622 7
105 623 10
200 623 11
210 623 10
623 639 8
454 623 8
268 624 8
177 624 7
624 657 10
624 658 9
445 625 11
88 625 9
366 625 10
293 625 12
200 625 13
122 626 9
618 626 13
451 626 7
601 626 12
404 626 13
115 627 7
605 627 14
294 627 13
420 627 11
627 740 11
500 628 13
383 628 12
244 628 14
628 717 13
191 629 10
629 715 7
326 629 11
138 629 11
179 629 14
431 630 12
182 630 11
179 630 9
630 655 11
184 630 11
394 630 10
70 631 10
308 631 9
519 631 9
91 631 12
574 631 12
334 632 9
632 679 15
366 632 9
108 632 11
133 632 15
73 633 13
576 633 14
207 633 11
293 633 11
622 633 7
634 658 11
424 634 7
272 634 10
265 634 7
338 634 8
550 634 6
323 635 8
545 635 12
336 635 5
508 635 10
85 635 8
314 636 10
277 636 8
128 636 10
380 636 15
41 636 13
153 637 10
7 637 10
326 637 11
250 637 12
541 638 8
137 638 10
638 680 8
462 638 8
337 638 10
635 639 9
120 639 13
283 639 10
225 639 9
639 660 13
536 639 13
59 640 6
640 702 13
143 640 11
521 640 9
1 640 12
3 640 13
547 640 12
641 669 8
224 641 11
551 641 9
298 641 9
27 641 12
642 688 10
495 642 13
642 670 6
96 642 13
191 643 12
292 643 9
567 643 12
387 643 11
643 736 16
643 651 11
612 644 9
536 644 10
49 644 9
197 644 10
156 644 13
15 644 12
237 645 10
503 645 11
363 645 10
295 645 12
393 646 11
207 646 12
575 646 14
421 646 9
175 646 12
179 646 9
647 652 9
647 678 11
426 647 10
518 647 12
122 647 14
496 648 12
332 648 8
341 648 6
564 648 10
210 648 10
576 648 11
548 649 12
93 649 7
105 649 10
164 649 8
331 649 11
247 650 14
306 650 15
76 650 14
640 650 14
520 650 10
651 733 10
44 651 10
138 651 11
651 714 12
303 651 9
557 652 13
652 693 13
419 652 8
257 652 11
274 652 13
389 653 9
653 691 8
386 653 11
639 653 13
39 654 7
614 654 12
629 654 11
558 654 12
654 744 14
3 654 10
654 694 12
312 655 9
566 655 8
95 655 11
655 680 16
655 676 9
283 655 9
487 656 11
193 656 11
183 656 12
195 656 10
233 656 10
541 657 10
210 657 10
579 657 11
394 658 10
595 658 11
564 658 9
271 658 10
596 658 11
107 659 9
567 659 13
400 659 10
580 659 13
184 660 9
555 660 11
660 722 11
480 660 12
450 661 8
661 739 12
661 742 13
48 661 12
460 661 10
585 662 9
615 662 8
294 662 10
142 662 11
586 662 13
527 663 9
548 663 12
115 663 11
434 663 7
386 663 6
664 732 13
664 724 15
149 664 10
284 664 7
265 664 13
362 665 9
5 665 11
107 665 11
565 665 12
84 665 14
33 665 11
46 666 12
447 666 14
443 666 11
275 666 11
666 688 13
504 667 8
147 667 9
199 667 10
437 667 12
667 725 9
668 741 9
560 668 12
388 668 12
668 683 13
254 668 13
181 669 9
50 669 9
165 669 10
419 669 12
600 669 9
670 749 12
131 670 10
367 670 13
442 670 9
361 670 10
76 670 9
194 671 11
241 671 6
3 671 11
517 671 12
146 671 12
602 672 13
414 672 13
225 672 13
429 672 12
673 690 13
125 673 9
377 673 10
599 673 12
215 673 6
541 673 10
136 674 9
492 674 11
402 674 8
21 674 11
63 674 8
675 745 13
307 675 8
110 675 14
140 675 10
675 700 11
676 737 12
503 676 9
406 676 12
471 676 12
74 676 11
356 677 9
454 677 9
139 677 11
677 699 9
214 678 8
609 678 10
56 678 11
260 679 12
679 728 9
144 679 10
473 679 8
679 733 8
599 679 11
478 680 16
496 680 10
680 699 9
292 680 9
219 680 13
52 681 9
125 681 13
378 681 11
296 681 12
325 682 10
314 682 9
103 682 11
48 682 10
487 682 12
295 682 12
203 683 6
508 683 9
58 683 10
262 683 7
362 683 13
406 683 14
232 684 11
344 684 10
531 684 8
67 684 13
602 684 10
601 684 8
490 685 13
248 685 10
423 685 11
545 685 13
315 685 9
273 685 10
509 686 9
429 686 10
54 686 8
46 686 13
686 733 12
487 686 10
307 687 8
596 687 10
687 705 10
687 741 13
644 687 12
84 687 12
188 688 8
518 688 7
310 688 8
659 688 11
685 689 11
411 689 7
202 689 12
535 689 12
478 689 8
197 689 14
105 690 9
286 690 7
638 690 9
690 704 9
214 690 11
605 691 12
200 691 13
287 691 10
8 691 13
423 691 7
665 691 12
692 733 10
404 692 8
644 692 13
222 692 9
592 692 10
89 693 12
459 693 12
138 693 12
158 693 9
475 693 7
619 693 10
560 694 8
385 694 14
549 694 10
398 694 9
563 694 8
37 694 8
630 695 9
633 695 11
537 695 10
111 695 8
399 695 12
358 696 10
136 696 13
281 696 11
406 696 10
696 716 12
16 697 14
435 697 13
601 697 8
618 698 9
661 698 9
490 698 15
77 698 8
501 698 9
578 699 10
570 699 13
699 706 10
71 699 8
74 699 10
13 699 9
380 700 14
272 700 8
41 700 9
119 700 11
321 700 14
257 701 11
701 733 9
669 701 9
101 702 7
568 702 8
680 702 9
398 702 11
677 702 14
601 703 14
574 703 6
157 703 11
239 703 11
102 704 12
209 704 11
642 704 13
17 704 9
548 704 7
360 705 9
633 705 4
7 705 11
350 705 11
212 705 10
636 706 7
522 706 11
424 706 9
67 706 8
167 707 9
326 707 9
31 707 11
191 707 14
108 707 7
181 708 10
268 708 5
472 708 12
258 708 10
411 708 14
550 709 11
465 709 12
38 709 12
393 709 13
485 710 14
408 710 12
280 710 12
564 710 8
711 718 15
391 711 12
711 712 10
104 711 8
207 711 10
429 711 10
33 712 9
342 712 9
116 712 11
472 712 15
292 712 11
220 713 12
680 713 8
107 713 10
713 719 10
58 713 9
479 714 11
553 714 9
652 714 9
147 714 12
8 714 13
571 714 10
322 714 10
497 715 9
357 715 11
386 715 10
413 715 13
194 715 14
178 716 12
287 716 7
712 716 13
612 717 12
346 717 7
382 717 11
221 718 10
205 718 10
59 718 10
326 718 13
317 718 15
449 719 11
157 719 10
569 719 10
450 719 12
94 719 13
159 720 9
154 720 11
330 720 14
651 720 14
322 721 9
336 721 7
478 721 7
557 721 11
602 721 11
375 721 10
421 722 10
106 722 9
519 722 10
711 722 13
279 722 10
594 722 12
700 723 11
439 723 12
409 723 13
232 723 12
688 723 14
139 724 12
609 724 14
277 724 8
230 724 7
518 724 10
185 724 10
24 725 9
510 725 10
67 725 11
49 725 6
588 725 12
393 726 12
472 726 12
64 726 14
190 726 10
660 726 7
727 745 10
244 727 10
442 727 9
437 727 11
327 728 11
471 728 9
649 728 15
728 731 9
211 728 8
522 729 11
206 729 11
719 729 13
243 729 14
37 729 8
55 730 10
408 730 12
138 730 12
490 730 11
197 730 10
502 731 9
36 731 12
700 731 9
38 731 14
159 732 13
701 732 11
248 732 7
433 732 11
563 733 10
283 733 9
426 733 10
80 733 11
176 733 8
21 733 9
30 734 12
317 734 12
283 734 9
681 734 10
360 734 8
171 735 12
22 735 9
316 735 10
397 735 10
49 735 12
139 736 10
35 736 12
574 736 11
95 736 8
84 736 12
489 737 10
254 737 17
426 737 14
81 737 11
415 738 8
671 738 8
61 738 8
131 738 13
326 738 13
257 739 10
663 739 9
401 739 13
527 739 8
79 739 7
677 739 12
428 740 11
280 740 11
181 740 10
149 740 8
77 740 10
194 741 9
234 741 11
238 741 11
40 741 6
620 741 6
92 742 10
246 742 13
233 742 12
184 743 13
413 743 9
729 743 11
717 743 8
674 743 9
394 743 14
558 744 8
219 744 13
168 744 11
180 744 13
638 744 9
279 745 8
104 745 10
381 745 12
8 745 7
12 746 11
109 746 10
87 746 11
458 746 9
447 746 14
539 747 8
354 747 10
432 747 13
248 747 12
45 747 12
69 748 9
536 748 12
247 748 8
325 748 9
341 748 8
653 749 8
117 749 10
341 749 10
178 749 10
