750
0
2
6
9
3
4
8
2
7
9
4
3
2
4
4
4
5
4
6
10
8
3
9
2
10
2
6
7
8
2
3
3
6
9
3
7
2
3
4
2
8
8
6
2
9
1
2
9
9
5
5
6
8
5
3
7
6
10
6
7
9
2
3
4
7
4
4
7
3
7
2
4
7
5
4
8
5
2
4
9
4
2
3
9
4
7
8
7
8
7
9
9
3
9
8
5
10
3
9
8
9
1
2
9
8
6
1
5
6
5
3
5
1
9
9
8
8
10
1
1
6
9
9
9
8
3
9
2
5
2
7
10
7
8
4
5
9
2
3
8
6
6
7
8
2
7
9
4
9
7
9
4
4
6
4
6
1
6
5
6
8
4
9
7
6
2
6
6
9
6
8
5
7
5
2
1
10
8
5
5
2
5
9
3
5
8
5
8
3
2
9
6
4
9
10
2
4
10
2
9
2
4
1
2
6
7
3
2
10
3
3
10
9
8
7
4
8
3
3
1
6
10
8
8
7
3
7
2
2
4
7
7
9
6
10
9
7
1
3
6
8
7
8
5
10
7
4
10
6
4
6
3
4
9
3
6
3
1
5
5
7
9
4
8
7
6
3
3
5
8
5
3
9
4
5
7
10
5
6
6
8
2
1
9
2
3
6
3
9
2
2
8
7
4
7
10
8
3
1
5
1
10
8
2
7
6
6
1
4
6
4
9
9
7
8
4
7
2
9
3
1
2
7
7
4
10
1
5
2
6
7
5
9
7
5
2
7
5
5
5
4
4
3
4
7
6
10
9
6
3
8
7
8
4
4
6
8
6
8
2
8
8
4
3
1
7
6
2
10
6
4
2
8
10
1
5
4
2
8
5
3
1
10
8
2
8
7
4
1
6
5
4
9
9
9
10
10
10
6
2
9
1
1
5
6
9
7
5
2
6
10
6
2
2
9
4
9
5
9
10
2
7
8
4
4
8
6
9
7
7
6
2
4
8
9
5
10
4
8
2
6
8
5
9
4
4
8
6
2
1
3
6
4
10
9
9
3
7
7
1
10
4
8
8
6
7
4
6
8
2
4
7
5
5
8
6
9
9
4
9
5
5
7
8
5
5
4
6
10
7
5
3
7
7
7
2
9
5
4
8
2
5
9
5
2
4
6
2
2
7
4
2
10
1
6
7
6
4
10
7
2
8
8
9
9
8
6
4
4
7
2
9
7
9
10
9
3
1
10
5
4
9
5
6
8
5
10
10
4
6
8
3
3
3
5
5
7
7
9
10
4
4
9
5
7
5
10
4
5
5
7
5
2
4
6
5
3
8
5
8
4
4
2
5
2
9
1
1
2
5
9
4
6
10
2
2
3
5
10
7
2
5
10
4
3
8
8
8
4
2
7
8
9
3
5
3
6
10
4
5
3
10
5
5
3
7
9
6
7
1
2
4
3
9
6
6
8
9
4
8
3
9
4
2
3
1
5
9
9
8
3
8
5
2
6
9
4
6
9
5
3
8
3
8
8
10
7
2
5
3
4
4
4
8
5
4
1
3
4
3
5
9
8
6
10
3
7
3
1
1
10
9
9
1
4
7
2
3
2
5
5
4
7
6
6
7
4
8
1
5
10
2
3
7
4
1
4
8
3
3
6
8
8
8
5
3
9
10
2
3
9
10
4
1
5
8
5
3
6
8
2
5
2
8
8
8
6
1
2
5
0 387 12
0 335 11
0 391 9
0 647 15
0 436 9
0 666 8
0 580 12
0 668 13
1 581 9
1 412 10
1 432 9
1 457 11
1 740 12
1 536 8
1 543 10
1 438 9
1 110 7
2 56 8
2 236 11
2 57 8
2 537 8
2 366 9
2 673 10
2 162 10
2 577 11
2 170 8
2 646 10
2 179 10
3 572 8
3 470 11
3 597 10
3 706 12
3 147 12
3 702 12
3 432 10
3 272 12
3 667 13
4 324 11
4 224 9
4 345 8
4 440 10
4 446 10
4 246 10
4 720 7
4 368 13
4 499 10
4 568 13
4 680 6
5 336 11
5 622 10
5 105 14
5 638 7
5 451 10
5 479 11
5 430 10
5 381 13
5 167 9
5 17 10
5 561 8
6 526 10
6 268 14
6 443 12
6 487 6
6 295 8
6 70 13
6 593 12
6 626 8
6 190 11
6 44 8
6 309 10
7 145 9
7 381 10
2 7 9
7 675 14
7 315 11
7 372 8
7 666 10
7 191 8
7 103 13
8 225 10
8 686 11
8 493 10
8 43 9
8 244 7
2 8 14
8 513 11
8 659 9
7 8 14
8 257 10
8 394 10
9 371 11
9 586 10
9 671 12
9 275 13
9 109 13
9 215 13
9 729 13
9 188 11
9 190 12
9 353 10
10 214 9
10 219 12
10 196 11
10 50 8
10 137 13
10 511 8
10 351 11
10 403 11
10 624 10
10 521 9
10 604 11
10 681 9
11 309 12
11 432 11
11 70 8
11 254 8
11 313 13
11 275 11
11 255 11
11 135 7
11 658 9
11 623 10
11 30 10
12 296 12
12 653 13
12 330 10
12 724 10
12 678 11
12 363 12
12 674 11
12 123 11
12 619 11
13 279 11
13 65 10
13 109 17
13 665 14
13 82 9
13 616 12
13 454 9
9 13 8
13 151 12
13 725 11
14 401 11
14 581 8
14 627 12
14 304 11
14 139 13
14 290 14
14 272 11
14 467 11
14 314 6
15 176 11
15 536 10
15 445 12
15 273 10
15 570 10
15 202 10
15 540 11
13 15 11
15 330 12
15 653 12
15 669 10
16 91 13
16 421 10
16 707 11
16 595 7
16 734 10
16 183 10
16 270 11
16 514 14
16 368 12
16 698 14
16 518 12
17 471 11
17 409 10
17 527 12
17 440 11
17 442 8
17 116 9
17 622 11
17 282 13
17 600 8
17 642 10
18 463 12
18 221 11
18 122 12
18 735 10
18 676 7
18 501 7
18 700 10
18 438 7
18 170 11
18 498 10
19 108 9
19 704 11
19 148 10
19 573 12
19 607 12
0 19 6
19 285 11
19 441 10
19 655 11
19 408 11
20 413 10
20 274 7
20 730 10
20 429 13
20 79 8
20 307 14
20 409 11
21 249 14
21 273 10
21 481 11
21 519 10
21 680 12
21 532 13
21 34 9
21 331 9
22 607 12
22 711 9
22 59 11
22 730 11
22 182 9
22 433 15
22 689 13
22 525 14
22 83 14
22 694 12
23 445 12
23 579 10
23 26 10
23 596 7
23 606 9
23 241 12
23 605 8
23 654 12
23 303 10
24 519 12
24 660 12
24 228 7
24 435 14
24 341 14
24 130 8
24 566 15
24 442 10
24 335 6
24 362 12
25 477 6
25 642 9
25 558 11
25 590 12
25 395 12
25 503 11
25 423 11
25 198 13
25 397 10
26 28 11
26 394 11
26 113 9
26 608 8
26 726 10
26 124 8
26 276 11
26 127 8
26 91 15
26 117 10
27 422 12
27 563 10
27 95 8
27 57 12
27 375 11
27 626 10
27 435 12
27 658 13
27 175 10
28 512 8
28 606 7
28 51 11
22 28 11
28 100 11
28 98 9
28 138 9
28 603 12
28 191 9
28 520 13
28 352 10
29 650 14
29 418 9
29 354 11
29 367 13
29 629 13
29 522 12
29 375 11
29 101 15
16 29 12
30 658 12
30 692 15
30 206 9
30 732 11
30 252 12
30 358 11
30 477 11
30 415 11
31 568 10
31 424 12
31 264 10
31 425 11
31 285 8
31 324 12
31 271 9
31 148 13
31 480 11
31 631 12
32 692 11
32 472 12
32 552 12
32 576 9
18 32 8
32 607 7
32 113 12
32 381 13
31 32 13
33 315 10
33 567 11
33 348 10
33 335 10
33 714 10
33 382 13
33 527 13
33 492 11
34 65 15
34 249 11
34 359 13
34 46 9
34 161 11
34 438 12
34 673 11
34 710 9
34 436 9
34 410 10
10 35 10
35 274 9
35 173 11
35 734 12
35 279 10
35 483 9
35 62 13
35 117 11
35 145 9
36 135 11
36 146 7
35 36 13
36 367 12
36 738 11
36 200 11
36 580 11
36 667 11
36 640 13
36 655 13
36 427 9
37 531 12
37 221 11
37 74 11
37 66 6
37 62 10
37 351 13
37 196 11
37 273 12
37 83 7
37 367 8
38 185 13
38 276 7
38 52 12
38 571 9
38 575 12
38 491 9
38 666 9
38 139 12
38 169 12
38 227 10
38 225 9
35 39 10
39 674 9
26 39 14
39 688 10
24 39 11
39 605 9
39 638 11
39 520 9
40 271 13
40 111 12
40 495 11
40 136 7
40 99 9
19 40 11
40 195 11
40 461 14
40 238 9
40 440 10
41 536 12
41 573 12
41 576 11
41 299 8
41 228 10
41 257 10
41 256 12
41 350 14
41 215 9
41 663 10
41 86 8
42 495 10
42 184 9
42 291 12
42 420 11
42 394 17
42 615 13
42 57 9
42 367 12
42 300 5
42 473 11
42 384 9
43 451 10
43 400 6
43 223 9
43 417 13
43 628 9
43 435 9
43 56 10
43 530 11
43 458 12
43 578 15
44 548 12
44 364 10
44 317 10
44 574 11
44 293 12
44 435 8
44 721 9
44 486 11
44 558 10
44 165 10
45 590 9
45 545 11
45 579 7
45 536 11
45 432 9
45 229 12
45 209 9
45 596 10
45 154 7
45 383 10
45 320 6
46 738 8
46 382 11
46 381 10
46 521 10
46 410 8
46 110 10
46 643 11
46 95 8
46 576 11
46 294 11
46 726 13
47 427 9
47 262 10
47 408 9
22 47 13
47 338 10
47 429 8
47 444 12
47 311 9
47 334 10
48 103 11
48 737 13
48 271 9
48 282 10
48 714 12
48 736 13
48 290 10
48 222 10
48 243 7
48 465 9
49 206 9
40 49 10
49 709 8
49 130 9
49 328 13
49 223 8
49 73 11
49 627 6
49 360 7
49 159 10
50 369 10
50 402 12
50 741 8
50 207 9
50 428 10
9 50 12
50 596 8
48 50 10
50 95 9
50 690 11
51 431 9
51 645 12
51 407 12
51 306 11
51 264 11
51 69 9
51 177 10
51 299 9
51 318 14
51 666 8
52 172 12
52 86 11
52 562 11
52 202 13
52 208 9
52 124 8
52 498 8
52 559 10
52 167 10
52 240 10
52 538 12
53 437 12
53 404 8
53 281 11
53 447 11
53 707 9
53 465 10
53 350 9
53 68 10
53 251 7
53 592 10
53 508 10
54 719 10
54 506 11
54 473 13
54 295 9
54 201 12
54 690 10
54 507 8
54 517 10
54 154 12
54 221 13
55 328 10
55 640 8
55 372 11
55 542 9
1 55 9
55 268 14
55 68 11
55 358 13
55 178 11
56 293 10
56 201 10
56 67 7
56 336 10
56 357 9
56 296 11
56 419 12
56 197 11
56 162 11
56 318 12
56 554 10
57 163 11
57 710 11
57 702 9
57 441 12
57 262 9
57 403 9
57 583 10
57 426 10
57 618 12
57 709 9
57 535 11
58 406 9
58 291 9
58 423 10
58 213 9
58 398 9
58 211 11
58 380 9
58 240 9
58 64 12
58 242 9
58 344 10
58 450 6
59 635 10
59 611 15
59 542 8
59 198 7
59 652 10
40 59 12
59 532 10
59 127 9
59 502 9
60 427 10
60 231 12
60 653 8
60 85 11
60 621 11
60 313 8
60 98 12
60 171 7
60 624 11
60 691 10
61 381 12
61 246 11
61 472 8
61 445 8
61 457 10
61 166 10
61 612 10
61 144 13
13 61 11
61 250 9
62 486 11
62 187 9
62 321 10
62 341 11
62 630 13
62 618 10
62 309 15
62 375 9
62 556 10
8 62 12
63 595 6
63 480 8
63 253 13
63 608 10
63 213 10
63 577 8
9 63 9
63 308 10
63 144 11
63 324 11
63 320 11
63 586 13
64 429 10
64 347 10
64 164 13
64 266 12
64 122 8
64 357 10
64 507 12
64 513 9
64 727 12
64 493 11
65 103 8
23 65 15
65 266 13
61 65 11
65 497 13
65 191 13
65 350 14
65 702 15
65 443 13
66 616 8
66 656 9
66 683 7
66 358 7
66 283 9
66 372 11
66 623 7
66 532 12
66 423 14
67 407 10
67 130 9
67 594 13
67 626 13
67 504 7
67 159 10
67 416 10
67 81 14
67 267 8
67 483 12
68 134 8
68 732 10
68 245 10
68 75 11
68 680 5
68 491 11
68 108 9
68 254 14
68 256 10
68 342 14
68 460 9
68 135 10
69 740 15
69 590 11
69 611 7
69 411 10
69 676 12
69 363 7
69 86 8
69 161 10
69 151 12
69 212 8
70 353 17
70 87 8
70 202 8
62 70 11
70 110 10
70 102 13
12 70 12
69 70 11
70 73 8
70 245 13
71 434 11
71 309 13
71 608 11
71 238 6
71 267 11
71 517 14
71 184 7
71 143 14
71 346 10
72 148 9
37 72 9
72 664 9
72 478 9
72 286 10
72 331 11
72 152 11
72 603 11
60 72 13
72 195 14
72 310 12
73 100 7
73 201 7
73 307 10
73 522 11
73 393 16
73 168 10
73 431 9
39 73 12
74 316 14
74 77 6
74 318 15
74 658 14
74 640 9
3 74 12
36 74 10
74 674 9
74 248 8
74 437 10
75 385 9
75 592 9
75 138 12
75 579 10
75 506 14
75 323 10
75 522 11
75 375 14
75 125 11
75 447 10
75 151 8
76 437 14
76 492 11
8 76 11
76 499 9
76 500 8
76 310 12
76 329 12
76 78 15
76 199 12
77 550 10
77 255 11
77 303 13
77 516 11
77 262 10
77 501 9
77 437 8
77 553 10
77 236 12
77 256 9
78 610 12
78 212 9
78 539 9
78 623 9
78 354 10
2 78 11
78 503 11
78 414 10
78 136 12
78 93 11
79 87 9
79 621 11
79 697 11
79 412 10
79 658 10
79 97 14
79 612 10
79 668 13
79 128 11
79 272 9
79 425 9
80 188 9
80 286 12
80 738 11
80 671 8
80 308 9
80 395 8
80 600 7
80 388 12
80 132 9
80 606 11
81 135 15
81 379 10
81 716 13
81 200 9
81 375 9
81 273 7
81 443 10
81 112 14
81 731 14
81 175 14
82 281 14
82 425 11
82 731 7
82 116 11
82 449 12
82 258 7
82 613 10
82 559 11
82 477 6
82 620 10
82 193 13
83 172 14
83 180 9
83 669 9
83 344 11
83 565 11
83 257 10
83 161 10
83 534 10
83 741 11
83 496 12
83 449 9
84 451 10
84 384 9
84 142 12
84 425 10
84 394 11
84 162 9
77 84 9
84 412 10
85 195 11
85 398 13
85 698 11
85 102 7
85 609 13
21 85 8
85 99 11
85 319 10
41 85 10
85 437 11
85 677 8
86 549 11
86 417 11
86 662 9
86 609 11
76 86 9
86 643 13
86 121 11
86 277 9
51 86 11
86 253 11
86 270 13
87 329 11
87 315 13
87 325 11
87 462 11
87 615 12
55 87 14
87 714 9
87 520 13
87 403 3
88 162 13
88 691 13
88 602 11
88 424 9
88 111 11
25 88 8
88 255 10
88 581 9
88 193 13
88 549 7
89 541 11
89 351 10
89 639 9
89 542 11
89 263 9
89 572 9
67 89 13
89 431 11
89 522 11
89 226 9
90 271 11
90 188 13
90 142 9
90 630 9
90 190 12
90 499 9
90 574 7
90 553 9
65 90 8
90 742 12
90 219 8
91 366 13
91 741 13
53 91 14
23 91 8
91 622 10
91 427 10
91 105 9
91 560 9
91 388 12
91 558 11
91 626 11
92 458 8
92 335 8
92 479 11
92 142 12
92 217 9
92 681 11
92 563 9
92 403 10
92 416 12
23 92 12
92 395 11
93 312 11
93 677 13
21 93 13
5 93 12
93 140 11
93 713 7
93 159 6
93 338 13
93 696 11
92 93 14
93 120 11
94 485 12
94 327 10
94 133 10
94 602 8
94 696 8
94 620 11
94 273 12
94 563 12
77 94 10
94 127 9
94 180 13
95 654 12
95 465 10
95 567 11
95 290 9
95 603 8
95 582 11
95 400 11
95 318 14
19 96 13
96 560 12
96 344 11
96 730 14
96 387 11
96 569 13
96 386 9
96 430 7
90 96 14
78 96 13
97 656 6
97 291 9
97 385 9
97 147 11
97 524 11
97 470 10
97 649 9
97 551 12
11 97 10
97 252 11
97 142 12
78 97 10
98 111 11
98 303 10
98 698 13
76 98 12
98 564 10
87 98 13
98 639 11
98 295 12
58 98 12
99 723 11
99 514 10
99 281 10
99 548 9
99 130 12
99 255 10
99 460 14
99 533 12
99 205 11
99 459 9
100 703 13
100 527 11
100 659 13
100 121 13
100 299 11
100 202 13
100 427 7
100 286 11
100 729 9
100 709 10
100 175 10
84 101 8
101 511 10
101 552 16
101 563 7
101 465 13
101 161 9
101 705 11
101 621 6
101 469 10
62 102 8
102 678 6
102 290 10
102 255 12
102 180 13
102 300 11
102 373 12
102 376 11
102 697 12
102 139 15
100 103 10
103 451 9
103 435 10
88 103 9
103 390 9
51 103 11
103 249 8
103 177 12
103 153 9
104 164 14
53 104 11
77 104 9
76 104 12
104 656 10
104 333 12
104 451 10
104 290 13
104 308 11
104 122 11
104 189 12
105 671 14
105 210 10
105 223 10
34 105 11
105 161 10
105 148 11
105 278 13
105 240 9
105 738 12
106 404 10
106 441 9
106 267 10
106 139 13
106 417 10
106 264 11
106 701 11
106 108 10
106 295 12
35 106 8
106 718 11
107 281 11
107 366 12
107 460 9
107 398 8
107 667 15
107 434 13
107 394 11
107 546 11
107 230 14
108 613 13
95 108 9
69 108 11
108 681 8
108 504 9
108 112 7
108 201 14
108 219 14
108 529 10
108 650 8
108 718 11
109 530 7
109 145 11
109 607 13
109 570 13
109 445 11
109 449 11
109 265 14
109 649 9
18 109 10
110 634 6
110 709 14
110 587 10
110 153 13
110 444 10
110 673 14
110 149 8
110 383 13
110 372 13
110 286 9
111 481 8
111 278 13
111 328 8
111 682 14
111 533 9
111 570 11
111 615 9
111 459 11
111 468 14
111 643 12
112 443 9
112 330 10
19 112 12
112 599 8
112 300 12
112 295 14
95 112 15
112 749 13
66 112 9
102 112 11
113 376 11
113 340 11
113 290 11
113 379 13
113 631 14
113 428 11
16 113 11
113 149 12
113 211 11
114 509 10
114 577 12
114 581 14
62 114 15
114 713 12
114 270 10
114 680 14
106 114 14
114 710 11
114 505 9
0 115 13
115 524 8
115 420 13
115 205 12
115 284 10
60 115 13
115 430 9
115 515 10
115 586 11
32 116 11
116 300 8
116 469 8
116 708 11
116 308 8
55 116 11
116 131 9
116 145 13
39 116 7
109 116 12
50 116 14
117 462 10
82 117 9
117 441 9
117 150 10
117 453 10
117 154 10
117 280 13
117 700 16
117 736 14
118 251 14
116 118 11
106 118 10
118 314 12
118 446 12
118 352 10
118 238 13
118 507 7
118 565 7
118 221 10
110 118 11
119 414 13
119 151 13
119 147 7
6 119 12
119 516 10
119 658 12
119 509 12
119 533 12
120 162 10
120 377 12
110 120 10
120 550 7
120 551 9
120 239 12
120 123 8
20 120 13
57 121 15
4 121 9
121 341 8
121 669 12
121 345 12
121 445 11
121 283 11
121 132 12
122 497 10
122 430 9
122 305 8
69 122 10
122 657 10
122 399 15
122 644 12
122 419 15
122 222 12
123 684 9
123 404 8
88 123 13
123 461 16
92 123 11
123 409 9
123 223 9
123 653 12
123 604 13
115 124 13
124 574 12
124 434 12
124 539 11
124 581 19
124 558 11
124 344 7
124 727 11
124 642 9
125 493 9
36 125 10
125 681 9
100 125 15
125 184 8
125 462 9
125 686 11
125 508 14
125 662 10
37 126 11
126 160 10
126 729 13
126 311 7
126 532 7
1 126 9
126 630 13
126 565 10
126 416 14
126 660 12
127 632 11
19 127 10
127 581 7
127 684 9
127 486 8
92 127 14
127 529 10
127 599 7
127 570 10
128 547 13
128 651 14
128 744 8
128 654 12
128 691 11
128 431 11
128 150 14
2 128 11
128 175 9
128 546 12
128 593 11
129 432 10
129 278 9
129 494 13
129 534 7
129 309 10
129 481 12
129 412 11
129 440 7
102 129 10
129 281 10
129 669 8
130 533 10
130 463 7
130 308 11
130 447 9
126 130 10
130 200 12
130 687 12
130 612 11
130 619 8
130 432 11
131 505 9
125 131 11
131 633 8
131 395 8
131 564 13
131 362 11
131 371 11
131 241 10
131 147 11
131 363 9
131 637 10
132 192 14
98 132 8
132 424 12
132 706 11
132 172 9
132 179 13
105 132 6
132 246 9
132 507 11
132 592 14
132 314 10
133 560 13
28 133 13
133 457 8
133 605 14
133 301 8
29 133 11
133 484 10
133 269 7
133 498 12
133 477 11
134 634 9
134 255 9
89 134 10
134 542 9
134 458 12
64 134 9
134 673 13
113 134 8
134 183 11
134 422 14
135 417 9
135 478 12
33 135 9
135 168 11
135 167 12
117 135 10
135 147 9
21 135 7
135 607 12
135 721 10
136 748 11
136 730 14
136 404 13
136 524 10
136 641 11
136 646 11
97 136 11
17 136 12
11 136 10
136 430 11
137 293 7
137 262 16
137 578 10
137 678 9
137 165 8
137 568 13
137 674 11
137 668 10
137 278 9
138 719 11
138 744 12
138 149 11
93 138 13
71 138 11
138 348 8
138 484 12
138 631 10
60 138 12
139 722 13
139 371 14
139 522 12
139 669 10
139 241 10
139 306 9
124 139 11
139 377 12
139 425 11
139 330 11
29 139 14
140 719 13
140 489 10
140 333 12
140 370 12
140 394 10
91 140 7
140 447 11
140 523 9
140 647 10
140 288 12
140 642 9
140 631 10
141 301 9
141 646 7
141 320 14
141 674 12
141 236 9
44 141 10
141 655 8
141 220 9
62 141 8
141 420 8
141 694 11
133 141 11
142 438 9
142 394 9
142 371 11
142 184 10
142 725 13
142 283 15
142 462 11
142 487 11
142 736 13
142 604 11
143 260 8
143 297 11
44 143 10
84 143 15
143 530 7
143 419 13
143 586 16
42 143 6
143 192 12
143 598 13
144 626 7
144 390 12
144 425 11
144 511 13
144 565 11
125 144 9
144 698 6
102 144 9
144 369 9
144 191 10
108 144 12
145 721 11
145 508 14
26 145 8
145 362 9
145 332 14
90 145 10
145 391 7
145 409 13
145 709 10
145 477 9
146 274 11
146 667 6
64 146 10
66 146 12
100 146 10
146 551 10
34 146 13
146 152 9
146 537 11
146 621 9
147 534 10
147 402 12
147 593 8
147 667 8
1 147 9
147 370 13
18 147 11
147 601 7
147 302 8
147 574 11
148 509 11
148 715 10
148 223 10
148 150 11
148 536 11
148 196 7
148 711 8
148 434 10
130 149 10
149 382 8
103 149 12
27 149 11
149 627 14
149 230 8
149 262 9
83 149 11
149 505 11
149 406 9
149 742 10
150 332 12
131 150 9
150 703 8
150 467 14
150 665 10
150 507 12
70 150 11
150 294 9
150 727 8
150 214 12
151 337 10
151 639 11
151 627 13
151 742 11
151 525 15
151 707 9
151 520 11
151 282 14
151 277 10
146 151 8
63 152 9
152 381 10
152 558 10
152 182 8
152 508 7
152 448 9
6 152 11
152 690 11
152 280 14
152 496 12
153 744 10
153 235 10
153 294 10
153 423 9
153 357 10
153 455 8
90 153 11
153 649 10
153 470 10
153 611 9
82 154 11
154 717 13
154 484 11
154 419 12
64 154 13
154 570 8
154 286 11
154 423 12
154 691 10
114 154 9
154 155 11
155 201 9
155 653 12
155 447 10
155 196 10
155 743 11
155 338 13
155 426 9
155 498 9
155 614 10
134 155 11
155 227 9
155 432 11
156 451 5
156 541 13
156 454 11
156 217 11
156 288 13
134 156 11
55 156 12
131 156 12
10 156 12
157 599 14
64 157 9
157 410 9
157 633 12
157 581 16
157 417 7
157 373 9
153 157 11
157 616 7
157 639 13
158 252 13
158 495 10
158 682 12
158 625 11
158 328 15
158 344 10
158 728 10
158 220 10
158 442 9
158 674 7
159 293 9
159 322 15
114 159 8
139 159 13
117 159 6
159 739 10
159 186 10
159 418 14
159 663 13
110 160 10
160 547 7
75 160 14
160 328 8
159 160 11
160 283 7
160 217 8
160 300 12
160 433 7
70 160 10
160 180 9
161 218 10
161 437 9
161 587 11
161 691 9
161 457 14
124 161 13
161 417 9
161 265 7
161 376 9
161 476 8
41 162 11
12 162 10
162 648 12
162 410 14
32 162 9
162 479 7
162 203 8
162 680 14
162 651 14
162 343 10
107 162 12
163 705 13
163 509 7
163 203 7
163 313 10
163 175 8
163 255 10
163 635 13
163 337 4
163 530 8
163 300 10
164 297 9
164 427 11
164 233 9
29 164 9
164 616 9
44 164 9
134 164 6
164 384 7
28 164 10
164 559 8
164 473 13
165 170 13
165 582 10
165 663 12
165 320 12
57 165 11
165 402 8
165 187 8
165 201 12
88 165 12
119 165 10
166 672 8
125 166 8
166 489 9
166 681 11
166 679 13
166 353 9
101 166 9
166 171 9
166 204 8
166 295 13
167 530 8
167 673 10
167 683 11
19 167 15
167 432 13
71 167 8
167 547 12
167 481 9
167 462 9
99 168 8
168 276 11
29 168 9
168 408 9
168 736 13
168 658 14
168 259 9
168 459 14
168 448 14
169 255 11
169 604 9
169 517 10
169 177 10
169 372 6
169 242 9
7 169 11
35 169 12
169 703 13
169 565 8
169 373 10
169 546 13
170 396 10
170 183 10
138 170 11
105 170 12
170 406 11
170 195 10
170 220 10
132 170 13
170 339 10
170 281 10
56 171 11
171 722 9
171 459 9
28 171 11
171 188 11
171 391 10
171 390 8
171 571 11
134 171 9
172 425 9
172 563 9
172 506 11
40 172 8
172 606 7
172 348 12
12 172 10
172 688 14
14 172 12
172 280 11
172 404 8
173 426 13
173 731 13
20 173 11
173 699 12
173 737 8
173 489 8
173 645 9
120 173 9
173 444 14
173 717 9
174 468 8
112 174 8
174 675 8
174 724 12
14 174 10
24 174 14
174 564 7
174 272 11
174 267 9
174 190 14
175 376 12
175 393 11
175 528 11
175 729 7
175 413 10
175 593 7
175 673 10
175 187 16
15 175 7
110 175 10
175 708 12
175 341 10
176 198 15
176 254 8
50 176 11
176 348 11
176 241 9
176 564 8
176 700 13
176 678 11
176 358 12
176 182 13
176 367 10
177 513 8
177 287 10
177 392 12
18 177 11
177 330 12
136 177 10
177 602 11
177 642 7
75 177 11
177 652 6
178 631 11
63 178 9
178 471 10
178 649 11
178 311 8
178 554 11
178 238 10
178 382 12
178 362 7
178 711 13
178 321 13
179 198 9
179 480 13
179 233 12
44 179 10
66 179 13
179 509 13
179 457 9
179 623 10
50 179 7
117 180 12
180 206 11
180 369 10
180 232 11
180 735 11
180 730 9
180 600 12
180 647 9
180 454 13
181 462 10
181 702 8
155 181 14
181 445 10
181 356 10
181 400 12
134 181 12
181 351 13
181 571 14
181 271 11
170 182 8
182 425 10
179 182 12
182 508 12
182 211 12
182 512 7
182 587 11
182 676 14
182 191 10
183 410 9
130 183 11
183 619 10
183 605 11
183 592 13
120 183 11
183 433 9
173 183 13
152 183 7
183 201 12
184 395 8
184 563 14
184 567 12
184 377 10
184 677 10
184 569 9
11 184 12
85 184 8
184 619 9
184 599 11
184 653 8
185 370 9
185 283 10
185 224 12
84 185 12
28 185 11
185 471 11
185 633 11
185 288 9
185 406 10
185 573 11
186 636 10
186 376 7
186 467 10
186 493 16
186 533 11
186 369 11
186 590 8
186 436 10
186 550 13
161 186 8
186 626 11
187 517 12
187 456 15
187 550 10
187 427 12
187 487 10
0 187 9
187 398 10
187 642 9
187 306 9
187 691 13
187 557 13
187 708 13
188 520 13
188 377 8
188 579 8
188 190 14
31 188 7
188 628 16
188 286 8
188 217 13
170 188 11
76 189 12
189 426 6
40 189 9
189 528 10
189 295 13
126 189 9
186 189 11
189 259 8
189 356 9
158 189 9
190 551 7
190 508 13
154 190 11
190 632 14
190 330 13
190 331 10
190 734 13
190 545 10
112 190 9
191 565 9
191 733 12
191 540 11
102 191 12
122 191 12
191 577 10
11 191 6
191 387 12
191 325 8
191 731 7
192 303 11
192 288 9
192 664 16
192 641 7
192 438 11
192 554 6
192 726 8
192 360 12
192 225 9
192 736 9
192 656 13
192 242 15
18 193 10
193 506 14
193 495 8
72 193 14
193 457 7
193 203 8
193 439 11
193 555 9
193 330 11
26 194 14
194 721 9
194 316 8
194 220 16
194 635 12
194 617 10
194 308 10
194 377 12
106 194 11
194 712 7
122 194 13
195 322 11
195 576 10
114 195 12
195 481 9
195 567 10
195 224 9
195 203 15
174 195 13
195 547 8
195 305 9
195 670 9
196 329 11
196 421 14
196 452 10
47 196 9
66 196 10
156 196 10
196 339 7
28 196 13
196 290 12
196 402 8
197 272 10
92 197 15
197 399 11
192 197 13
197 363 8
197 315 10
197 514 11
175 197 6
79 197 10
197 280 13
197 229 10
87 197 9
198 518 12
198 732 9
198 617 9
198 348 10
198 252 12
198 453 11
99 198 11
198 486 10
198 560 8
66 198 13
128 199 7
171 199 13
199 543 11
199 323 9
199 621 10
199 503 11
199 565 11
199 358 7
199 464 10
199 726 9
200 561 7
200 265 11
120 200 9
200 713 10
157 200 9
200 574 8
200 593 11
200 562 11
200 340 8
201 670 10
201 500 11
55 201 9
201 677 11
201 348 9
201 256 9
201 232 10
201 358 12
201 719 11
202 720 10
202 395 9
119 202 7
202 531 10
31 202 13
202 357 10
202 479 8
202 454 15
105 202 10
202 499 10
111 203 10
203 746 14
203 277 8
203 274 12
203 401 8
203 396 8
161 203 9
191 203 9
203 262 13
203 693 9
204 305 11
204 393 8
204 460 12
204 671 10
204 482 10
96 204 10
204 395 9
103 204 9
204 301 10
205 234 13
205 728 9
199 205 8
205 365 11
205 312 11
205 658 8
205 455 9
205 425 9
205 607 12
13 205 9
83 206 8
206 576 9
199 206 13
206 318 13
60 206 10
206 676 12
206 411 9
206 529 10
206 621 13
206 263 8
207 396 10
165 207 11
47 207 8
207 530 14
52 207 12
207 506 9
207 488 14
207 514 12
208 421 11
140 208 11
208 742 11
208 684 9
23 208 11
208 667 9
40 208 12
208 735 9
86 208 12
145 208 13
209 584 12
209 669 17
13 209 9
209 657 10
209 650 11
209 573 13
209 519 14
209 625 10
209 732 13
31 209 8
87 210 11
119 210 11
210 371 9
210 211 12
210 442 14
210 338 11
210 491 12
210 720 8
210 503 9
210 627 11
211 607 14
211 456 13
211 469 10
211 609 12
211 688 11
95 211 10
211 400 10
211 294 11
143 211 10
211 575 12
212 322 8
212 369 10
212 331 13
212 335 10
212 336 8
212 456 7
212 442 12
117 212 6
212 420 8
19 212 8
212 445 9
142 213 15
213 226 13
213 644 9
47 213 12
213 483 9
213 543 11
213 361 10
148 213 10
213 745 7
213 330 8
213 290 12
214 709 9
202 214 12
214 281 11
55 214 9
214 303 9
177 214 10
214 718 13
214 606 14
175 214 11
23 215 10
215 466 11
172 215 10
215 405 11
215 285 7
107 215 11
166 215 13
188 215 9
215 420 8
215 287 14
216 617 12
216 330 9
216 472 12
216 478 11
216 285 8
216 270 10
216 518 10
181 216 12
216 419 11
216 600 10
217 749 12
110 217 6
217 408 12
217 579 9
217 406 8
217 669 9
217 516 11
137 217 7
217 602 7
86 217 14
218 360 7
80 218 6
218 261 10
218 539 11
86 218 9
159 218 12
218 390 11
218 383 7
218 703 10
218 438 9
218 723 10
13 219 6
219 707 14
219 222 11
219 335 15
219 630 11
88 219 11
137 219 14
219 745 12
219 353 10
220 302 12
22 220 12
220 537 9
164 220 13
220 522 9
220 262 11
220 625 10
220 244 9
220 295 12
110 220 11
220 723 14
221 593 10
221 306 9
70 221 8
221 237 7
221 345 10
221 705 13
58 221 8
221 420 11
31 221 10
13 221 10
45 222 11
222 315 12
2 222 12
222 280 13
222 448 13
222 627 9
222 709 10
222 465 11
138 222 8
103 222 13
59 223 8
223 623 10
223 293 12
223 240 11
223 732 6
223 621 9
223 412 12
223 587 10
181 223 11
223 703 10
224 275 10
171 224 7
224 481 5
224 605 10
224 662 8
224 320 11
224 686 9
224 564 9
224 426 11
224 534 11
181 225 11
225 528 7
36 225 10
225 627 10
225 550 16
225 525 12
225 746 5
225 264 11
84 225 11
226 515 6
226 638 10
226 321 7
226 362 11
226 577 11
226 528 16
226 465 12
117 226 8
195 226 12
227 285 10
227 469 10
227 672 9
227 705 12
137 227 10
227 740 8
199 227 13
227 505 13
211 227 13
227 403 9
227 694 10
190 227 13
228 443 10
228 362 10
169 228 9
228 706 11
228 600 11
227 228 8
228 646 12
228 283 10
228 415 7
228 295 12
229 265 10
229 583 11
229 511 13
229 467 8
13 229 15
209 229 14
229 731 12
229 346 8
229 314 13
230 513 11
143 230 11
120 230 9
230 713 7
230 496 9
55 230 7
135 230 13
154 230 13
230 746 10
230 405 10
231 682 10
231 355 14
231 406 11
231 375 11
231 487 10
136 231 7
231 572 8
85 231 10
231 617 9
231 540 10
231 512 11
69 231 13
86 231 13
232 562 10
232 547 11
232 536 11
232 491 11
232 444 12
168 232 12
73 232 8
232 712 9
26 232 9
233 512 10
233 274 10
233 275 11
233 288 10
233 442 8
14 233 9
233 614 10
49 233 9
233 731 13
233 302 8
234 706 9
234 258 11
234 669 10
234 600 10
234 515 12
234 380 11
234 542 13
100 234 13
234 554 8
234 268 11
235 396 10
131 235 11
235 418 7
89 235 11
235 503 14
218 235 8
121 235 12
235 611 14
235 490 10
236 640 10
236 560 11
236 442 10
236 469 8
236 629 14
210 236 9
236 725 13
236 676 14
224 236 9
237 616 10
237 404 8
227 237 11
97 237 10
237 487 12
237 258 13
237 658 9
237 456 13
164 238 11
238 277 10
224 238 12
238 266 7
238 413 11
238 710 9
238 360 8
103 238 7
238 649 12
169 239 13
239 506 10
239 298 11
239 274 8
239 563 11
239 299 10
239 252 9
239 353 13
32 239 11
8 240 11
240 425 11
240 303 8
240 384 13
240 465 9
112 240 13
209 240 9
201 240 9
240 401 10
240 720 12
240 690 10
241 321 10
241 500 9
241 372 9
241 456 10
241 647 10
167 241 9
241 427 9
241 251 13
241 705 9
242 554 9
11 242 16
242 642 11
242 279 10
203 242 10
242 483 9
195 242 11
242 742 11
242 726 8
64 242 7
242 448 9
243 741 10
243 637 9
191 243 10
243 523 7
16 243 11
243 494 9
243 495 12
243 468 9
243 484 14
32 243 8
110 243 13
82 244 13
244 435 8
244 665 11
244 702 12
155 244 12
218 244 11
244 393 9
244 461 9
143 244 8
244 273 11
53 245 12
245 686 12
245 652 8
235 245 12
245 471 8
245 629 13
245 638 12
138 245 11
245 650 10
202 245 12
245 594 6
246 517 9
246 612 15
246 619 13
246 665 11
246 309 11
246 469 10
246 466 9
246 334 9
246 525 8
29 246 11
51 247 7
247 285 9
247 605 12
247 277 14
212 247 6
247 417 8
247 685 9
247 697 10
247 389 10
247 444 10
247 723 13
247 405 11
161 248 6
248 668 12
73 248 12
248 614 11
248 404 14
248 458 14
80 248 10
248 490 9
248 700 13
249 418 11
249 599 12
249 519 9
249 591 11
249 638 11
249 371 8
85 249 11
196 249 10
249 627 10
249 372 8
250 697 10
250 353 9
250 261 7
250 551 13
250 298 8
250 576 10
71 250 9
250 673 9
250 355 9
251 257 12
70 251 8
251 609 9
251 572 8
251 648 13
108 251 11
197 251 12
148 251 10
244 252 9
156 252 12
252 266 8
252 703 12
252 396 12
252 656 10
189 252 12
252 467 10
6 252 13
205 252 8
252 587 12
253 479 12
253 380 11
65 253 6
253 373 6
253 708 11
227 253 9
253 522 10
103 253 11
155 253 7
253 306 10
177 253 8
254 379 8
254 729 12
254 493 13
222 254 11
254 552 12
87 254 9
161 254 10
127 255 9
205 255 11
255 501 8
255 277 10
148 255 11
255 413 11
211 255 12
53 255 11
255 670 8
255 623 11
256 519 10
256 520 13
227 256 12
256 394 9
256 637 9
256 362 10
256 261 12
46 256 13
256 585 9
43 256 12
171 257 13
257 521 11
257 535 13
202 257 9
161 257 8
257 634 13
150 257 13
91 257 12
257 388 11
257 278 12
258 642 10
162 258 10
258 312 11
53 258 8
258 436 11
258 403 8
258 725 8
258 520 11
258 421 12
258 714 8
259 731 13
259 632 11
254 259 13
259 671 11
218 259 9
259 658 12
259 628 9
111 259 12
259 691 11
259 328 7
91 260 10
138 260 12
205 260 10
260 323 9
260 512 12
260 672 10
260 647 12
59 260 10
260 290 10
201 260 11
261 535 8
261 421 7
261 323 11
261 400 11
261 379 10
261 435 12
261 408 9
261 735 9
194 261 11
167 261 10
261 543 12
262 640 10
196 262 7
143 262 11
262 568 11
262 648 12
262 564 12
181 262 10
262 739 8
135 262 13
188 262 10
262 658 10
263 659 9
263 345 13
263 280 13
263 524 8
171 263 13
263 475 11
153 263 10
260 263 11
263 295 11
263 321 12
263 602 10
96 263 9
264 689 11
264 675 11
183 264 11
79 264 11
264 581 8
191 264 12
264 417 10
150 264 9
264 660 9
264 673 10
217 265 9
265 403 8
265 283 12
70 265 11
173 265 13
108 265 8
265 529 10
137 265 10
265 662 10
265 629 10
265 521 13
266 449 13
129 266 8
266 541 12
266 469 10
76 266 9
75 266 11
266 519 13
266 375 10
266 417 13
266 566 10
267 609 10
267 553 10
82 267 8
17 267 12
267 468 6
267 662 9
267 699 14
267 716 9
267 672 5
268 644 11
17 268 12
268 732 11
268 445 8
97 268 11
268 536 9
268 427 11
268 747 9
268 676 10
268 579 10
63 269 7
269 739 9
201 269 6
269 396 10
86 269 12
269 504 7
36 269 9
94 269 13
270 600 10
270 296 12
110 270 11
225 270 8
270 272 10
270 651 7
270 683 16
38 270 12
270 314 13
270 458 9
270 287 13
271 501 14
271 605 11
271 720 10
271 716 12
28 271 9
271 400 11
271 729 8
271 341 11
271 578 14
271 570 9
264 272 8
272 354 9
272 675 10
272 724 10
272 709 12
72 272 14
272 281 14
272 520 13
272 551 9
141 272 12
229 273 14
200 273 12
128 273 11
273 520 10
123 273 14
31 273 8
273 697 10
8 273 9
35 273 10
273 634 9
274 696 7
119 274 9
252 274 7
106 274 12
50 274 12
108 274 14
142 274 14
218 274 12
274 660 13
145 274 11
275 676 9
275 311 9
275 743 11
240 275 12
275 628 11
275 306 8
275 506 13
211 275 9
275 662 13
275 521 13
235 276 11
51 276 9
276 607 10
276 734 8
276 354 9
276 350 13
276 588 12
135 276 8
276 413 13
276 338 13
48 276 13
277 419 11
277 352 10
152 277 8
277 465 11
277 427 9
277 338 11
277 389 11
277 595 15
277 647 11
205 278 15
152 278 7
278 465 11
278 460 11
122 278 12
278 569 13
278 598 10
184 278 9
5 278 11
185 278 10
279 335 6
279 549 10
212 279 7
279 344 10
60 279 11
279 554 10
279 648 7
279 528 10
252 279 13
185 279 10
32 280 9
280 379 11
245 280 11
256 280 9
280 511 8
280 658 13
280 657 6
280 296 10
280 405 11
50 280 12
33 280 11
281 712 8
281 540 11
208 281 10
281 539 13
281 647 8
237 281 11
194 281 13
25 281 10
281 630 10
281 446 7
264 281 10
282 581 9
282 533 12
282 694 12
128 282 7
282 574 10
282 376 11
282 685 11
71 282 14
282 342 12
282 650 11
123 282 9
106 283 12
125 283 11
280 283 12
283 365 7
283 467 10
259 283 9
283 745 9
65 283 10
73 283 10
283 695 13
283 523 12
68 284 9
284 544 11
224 284 11
144 284 10
284 555 13
12 284 11
284 325 11
284 417 15
38 284 13
58 284 7
285 379 12
53 285 8
285 337 11
285 294 10
285 594 4
285 578 12
285 739 12
285 342 12
184 285 13
285 592 10
131 285 15
12 286 12
286 708 8
20 286 11
286 480 10
128 286 10
43 286 14
286 402 11
108 286 11
286 323 9
58 286 8
176 286 17
287 622 12
287 689 7
287 588 10
287 665 12
244 287 9
287 391 11
287 535 9
288 346 14
209 288 12
37 288 11
87 288 8
288 430 11
96 288 10
288 442 10
288 599 10
288 600 13
288 401 16
288 344 9
245 288 11
289 319 13
289 635 13
289 724 6
289 515 8
84 289 8
289 685 10
289 311 11
181 289 9
28 289 7
245 290 10
290 392 13
290 479 8
103 290 9
290 382 13
290 691 7
290 736 12
290 713 10
28 290 11
54 290 6
291 328 9
291 742 10
291 713 10
291 422 11
291 311 10
291 694 10
291 345 8
291 478 7
291 685 10
215 291 10
72 292 11
292 520 11
292 581 11
292 295 9
180 292 13
238 292 12
272 292 7
240 292 9
292 523 13
292 592 11
293 677 10
58 293 7
165 293 8
167 293 12
293 616 9
293 664 10
87 293 10
293 336 8
293 471 11
293 656 10
293 721 12
57 294 10
89 294 10
294 486 8
294 559 10
294 627 15
294 394 8
270 294 14
254 294 13
294 577 13
294 664 7
294 509 13
295 561 6
271 295 8
171 295 12
295 562 10
295 679 12
295 364 17
295 542 12
184 295 11
295 509 12
296 395 9
296 554 6
276 296 11
296 676 11
296 550 11
213 296 10
172 296 10
296 458 9
296 405 14
296 737 9
140 297 10
145 297 12
297 700 8
258 297 9
297 387 11
297 326 12
297 713 11
297 493 10
297 526 12
298 696 13
78 298 10
298 589 11
39 298 10
205 298 12
43 298 11
298 623 9
51 298 11
298 604 6
299 717 10
299 725 9
299 537 10
299 367 8
37 299 8
299 579 11
299 466 15
299 475 11
299 564 8
300 634 10
41 300 11
267 300 11
300 701 11
300 670 10
268 300 10
300 704 12
300 358 11
300 392 10
39 301 9
301 643 10
159 301 12
242 301 10
35 301 10
72 301 14
249 301 8
301 433 9
206 301 12
281 301 10
10 302 11
260 302 6
62 302 9
131 302 13
302 729 11
302 692 10
302 744 13
302 382 11
249 302 11
302 490 10
303 455 10
218 303 8
226 303 11
262 303 11
172 303 11
126 303 11
303 307 11
303 675 11
251 303 12
304 564 14
175 304 14
304 630 11
58 304 12
304 456 12
304 375 10
304 428 11
304 645 7
304 597 9
100 304 8
170 304 10
97 305 12
305 526 15
305 325 12
305 500 11
149 305 13
305 441 9
305 389 10
302 305 10
81 305 12
106 305 13
305 527 12
306 436 11
301 306 9
112 306 12
299 306 10
87 306 7
306 428 13
208 306 13
306 422 12
260 306 11
76 307 12
87 307 11
205 307 14
307 473 12
307 444 9
307 578 8
307 469 14
307 480 11
307 466 6
307 540 13
254 308 11
265 308 13
308 607 8
308 713 9
308 572 11
308 333 12
127 308 13
49 308 13
309 593 11
309 496 10
309 711 11
152 309 13
309 482 13
309 397 13
309 353 5
165 309 8
231 309 9
170 310 14
310 475 10
310 479 12
310 528 12
310 655 11
233 310 8
310 610 17
134 310 11
310 321 9
310 408 10
311 668 7
311 590 11
311 532 6
311 482 11
278 311 9
311 625 11
311 467 6
193 311 11
311 621 11
114 312 11
312 617 10
34 312 11
312 456 10
312 582 14
254 312 12
189 312 13
181 312 13
64 312 12
313 706 14
296 313 11
313 708 13
313 506 13
313 421 9
69 313 7
35 313 8
129 314 10
209 314 12
314 318 9
22 314 10
314 679 12
91 314 11
314 399 12
314 643 14
314 641 13
315 748 11
315 452 10
110 315 12
129 315 8
315 359 7
315 605 9
315 524 8
315 527 11
311 315 13
315 475 8
99 315 10
316 607 10
24 316 14
316 745 11
98 316 9
316 360 7
230 316 11
316 590 12
316 386 11
10 316 8
82 316 8
148 316 10
317 365 11
317 569 12
208 317 9
317 389 8
18 317 11
317 601 12
64 317 11
317 565 9
317 532 13
102 317 8
318 446 9
318 555 10
188 318 8
318 563 12
190 318 12
260 318 10
318 435 10
202 318 5
304 318 6
94 318 10
319 609 6
319 606 14
319 540 12
319 592 11
319 699 9
73 319 12
319 381 10
319 346 12
319 605 11
320 327 11
61 320 12
320 471 12
19 320 11
57 320 16
127 320 10
41 320 11
145 320 8
320 634 7
287 320 8
320 637 11
321 471 10
321 469 9
315 321 11
274 321 13
183 321 10
321 589 9
321 707 9
298 321 9
321 666 12
113 321 6
136 322 12
322 427 10
322 507 13
322 702 10
322 547 15
322 365 11
322 354 13
210 322 10
322 340 8
322 459 11
322 394 10
323 456 11
170 323 16
323 649 12
323 625 7
323 621 10
323 417 8
323 422 10
107 323 10
239 323 11
153 324 8
193 324 6
324 510 12
324 701 9
288 324 9
324 677 11
29 324 11
223 324 9
325 400 8
325 694 10
325 659 11
246 325 7
157 325 9
325 509 14
325 732 7
78 325 12
325 561 14
326 715 15
195 326 7
326 722 11
326 690 10
326 625 10
225 326 7
326 386 4
317 326 10
326 498 12
326 703 5
70 327 9
82 327 11
327 489 8
327 631 11
327 628 7
327 497 10
327 715 11
327 727 11
327 542 8
327 456 11
327 556 8
328 696 12
328 506 11
183 328 11
328 570 9
1 328 7
328 437 12
328 423 9
230 328 7
328 408 8
328 707 10
328 593 10
329 623 11
329 731 11
329 528 10
192 329 9
329 597 12
329 558 9
139 329 10
210 329 11
329 426 10
330 401 11
330 630 12
61 330 12
142 330 9
330 515 8
330 529 11
330 645 11
330 692 6
331 422 12
331 677 8
279 331 13
331 368 10
331 511 8
331 555 8
331 452 10
331 503 6
56 331 10
331 706 11
332 749 16
291 332 6
332 484 8
40 332 10
309 332 9
290 332 11
332 333 9
332 732 12
279 332 7
325 332 11
333 684 12
333 506 8
333 431 10
306 333 11
333 591 10
333 444 11
333 490 11
333 417 10
333 626 14
333 715 12
37 334 16
334 645 8
307 334 11
334 417 11
334 413 10
334 687 11
334 562 12
183 334 14
334 380 9
131 334 13
194 334 10
248 335 12
68 335 11
13 335 12
335 399 11
174 335 10
335 534 8
335 529 14
88 335 13
323 335 4
278 336 12
336 372 11
336 647 10
336 492 9
336 456 9
336 677 11
133 336 8
1 336 7
336 547 12
222 337 11
337 528 12
154 337 11
171 337 11
337 583 13
114 337 11
57 337 10
72 337 12
337 370 13
337 616 11
337 740 8
338 423 9
338 438 11
338 538 14
7 338 7
338 410 9
284 338 10
338 405 10
338 451 11
338 487 13
250 338 10
331 339 12
339 633 9
330 339 9
339 456 11
339 529 11
294 339 10
104 339 11
339 698 10
339 362 8
339 566 12
339 575 13
340 524 11
80 340 9
245 340 15
340 404 12
102 340 10
340 640 16
19 340 10
140 340 10
230 340 12
340 400 10
312 341 9
232 341 9
29 341 8
341 527 10
341 383 9
341 462 8
11 341 11
125 341 12
269 341 10
341 398 6
30 341 8
0 342 12
88 342 12
342 625 12
190 342 13
212 342 7
342 693 8
44 342 10
130 342 12
342 706 13
342 594 14
241 342 8
328 343 13
343 358 11
343 404 9
343 388 11
134 343 11
343 535 9
343 428 9
230 343 12
71 343 12
309 343 9
320 344 12
152 344 11
344 425 9
149 344 7
280 344 10
344 390 10
344 609 8
34 344 12
344 431 11
18 344 9
261 345 15
345 437 14
345 621 10
278 345 12
345 686 6
185 345 10
345 520 11
345 450 10
18 345 10
38 345 13
138 345 9
346 391 13
346 401 9
308 346 12
292 346 12
43 346 8
346 392 8
329 346 13
346 590 9
323 346 9
210 346 10
346 465 8
153 347 11
251 347 12
337 347 8
347 586 8
347 431 12
347 497 13
347 572 8
121 347 8
223 347 7
347 669 9
88 348 15
348 664 12
348 492 7
62 348 11
348 719 11
79 348 11
275 348 7
348 679 8
348 617 8
187 349 6
329 349 10
324 349 13
189 349 10
260 349 11
349 648 11
99 349 8
42 349 11
4 349 9
37 349 11
349 528 11
214 350 9
350 607 14
350 730 9
350 461 12
223 350 9
293 350 11
1 350 8
350 594 11
162 350 10
350 389 9
351 537 12
164 351 10
351 694 8
351 527 10
351 411 8
243 351 9
351 647 11
338 351 12
148 351 9
40 352 11
352 457 7
352 438 10
324 352 9
352 541 11
352 671 14
348 352 8
152 352 13
212 352 14
266 352 8
21 352 11
330 353 10
80 353 9
89 353 11
353 363 9
197 353 9
353 576 8
353 587 8
311 353 10
21 353 11
353 600 8
354 364 10
47 354 10
63 354 10
100 354 10
354 471 9
354 465 9
271 354 11
73 354 9
214 354 10
355 553 11
355 484 12
355 450 11
279 355 12
350 355 11
79 355 10
355 748 12
116 355 10
292 355 14
355 514 13
355 592 11
355 595 11
6 356 12
85 356 9
356 509 8
184 356 10
290 356 11
109 356 10
356 469 12
356 635 9
313 356 11
87 356 7
162 357 9
357 446 12
357 644 12
98 357 14
357 512 14
247 357 10
275 357 8
357 444 9
357 369 11
357 435 12
357 510 8
358 536 10
358 614 8
133 358 9
358 464 14
358 626 11
291 358 12
245 358 9
358 672 9
358 421 12
255 359 9
359 748 10
359 528 12
304 359 7
359 683 10
63 359 10
359 413 13
88 359 11
54 359 10
360 443 12
360 657 9
34 360 8
360 735 10
0 360 9
13 360 13
90 360 13
360 535 9
360 635 11
360 448 16
361 538 11
361 541 9
332 361 9
361 554 9
342 361 10
361 473 14
361 432 13
242 361 8
361 487 12
212 361 10
362 413 9
362 436 11
362 618 12
362 468 9
288 362 13
362 669 8
362 440 10
353 362 6
362 417 9
362 586 10
362 460 10
363 524 11
295 363 11
363 373 11
142 363 10
363 736 9
363 727 8
363 405 9
232 363 9
363 470 9
363 592 14
364 460 9
233 364 10
305 364 12
364 732 10
148 364 8
364 657 8
364 749 12
364 544 12
364 510 13
365 692 10
365 731 8
365 419 11
365 735 12
365 572 8
309 365 11
365 484 10
196 365 13
209 365 8
355 365 11
355 366 11
59 366 13
366 596 13
183 366 7
69 366 8
366 589 13
296 366 10
366 746 9
366 616 9
109 366 9
244 366 9
367 371 12
367 535 10
157 367 14
56 367 7
367 728 13
367 429 11
367 622 8
367 633 12
367 676 12
367 487 9
368 446 9
368 671 11
179 368 13
368 423 10
43 368 13
195 368 11
368 455 13
107 368 10
368 529 8
368 383 10
369 578 5
193 369 15
369 731 10
369 525 14
369 550 9
294 369 9
369 396 8
100 369 10
205 369 7
369 645 11
369 637 8
292 370 9
370 716 13
149 370 10
156 370 10
370 508 11
370 445 8
252 370 11
370 698 6
370 380 11
370 731 14
300 371 9
371 573 12
371 438 8
371 378 11
208 371 12
371 440 14
229 371 12
371 681 12
371 459 9
372 691 11
305 372 10
132 372 11
164 372 15
372 507 9
322 372 11
155 372 12
335 372 12
372 427 9
194 373 14
248 373 11
373 731 9
233 373 11
263 373 12
172 373 11
373 622 12
160 373 13
125 373 14
178 373 16
286 373 10
374 425 11
116 374 12
374 707 11
249 374 14
198 374 11
368 374 9
374 423 12
69 374 10
150 374 12
374 472 12
138 375 10
186 375 11
123 375 7
154 375 12
375 391 12
375 623 11
375 497 9
375 455 7
375 636 8
375 733 11
128 376 8
32 376 10
376 571 9
376 590 14
314 376 9
299 376 15
255 376 7
376 630 15
376 381 9
28 376 8
377 704 11
377 676 12
370 377 11
377 597 11
377 390 10
377 711 11
377 747 12
141 377 10
232 377 11
351 378 10
219 378 11
308 378 12
355 378 12
154 378 10
378 685 9
378 603 11
378 712 8
378 556 9
378 676 14
379 463 10
107 379 9
379 449 10
309 379 12
328 379 11
379 551 14
169 379 13
102 379 10
379 554 10
380 648 4
380 595 10
51 380 10
380 711 8
380 687 12
284 380 9
380 722 12
229 380 10
16 380 14
213 381 9
218 381 9
207 381 13
287 381 12
187 381 12
381 521 14
188 381 12
79 381 10
381 700 13
381 453 11
135 382 13
382 619 11
350 382 10
382 706 8
382 433 6
382 383 9
382 614 9
197 382 13
2 382 11
383 568 9
49 383 11
383 529 11
306 383 7
383 694 8
383 561 10
144 383 12
34 383 10
383 465 12
101 384 9
384 689 14
229 384 9
200 384 10
297 384 8
384 681 10
384 625 11
186 384 11
132 384 9
384 673 10
349 384 13
352 385 10
200 385 6
385 609 9
94 385 11
385 401 10
385 480 10
114 385 11
385 605 14
236 385 9
38 385 13
222 385 13
386 567 12
386 572 10
72 386 11
386 605 7
346 386 8
386 392 8
386 600 12
386 418 13
160 386 10
185 387 10
387 434 12
387 429 9
387 707 9
195 387 9
47 387 11
231 387 10
89 387 11
313 388 10
269 388 9
388 535 10
8 388 9
388 625 13
107 388 9
388 656 12
388 650 10
271 388 16
135 388 12
56 389 12
336 389 8
263 389 10
389 468 7
389 526 14
123 389 11
170 389 10
389 658 7
389 697 9
389 606 9
390 409 12
390 633 9
390 676 12
390 583 13
390 511 9
97 390 11
390 597 10
390 445 8
390 458 12
70 390 12
391 568 11
87 391 11
391 397 11
257 391 10
391 609 9
227 391 13
391 711 12
131 391 12
391 506 12
170 391 8
392 552 8
264 392 11
392 570 14
392 501 13
392 596 7
78 392 12
392 526 10
283 392 12
354 392 8
139 392 11
392 727 11
105 393 6
393 449 15
393 676 8
112 393 9
393 536 12
231 393 9
202 393 10
393 429 8
393 485 14
393 510 10
394 565 9
255 394 11
394 585 10
394 730 8
394 480 11
4 394 14
151 394 11
394 679 11
394 555 10
394 614 11
181 395 7
395 634 11
395 502 11
293 395 12
395 509 10
340 395 13
305 395 10
62 395 11
364 395 11
78 395 9
77 395 13
396 544 15
376 396 12
396 666 13
306 396 10
347 396 10
296 396 15
130 396 11
260 396 10
11 396 8
396 597 12
143 396 11
397 614 10
213 397 10
397 549 10
397 673 11
277 397 8
397 704 9
103 397 11
63 397 7
397 737 12
286 398 9
333 398 14
200 398 9
398 545 8
305 398 10
64 398 14
398 623 13
398 480 10
398 675 11
232 398 12
343 398 11
181 398 11
121 399 10
41 399 9
172 399 11
399 579 10
399 672 8
196 399 11
352 399 13
11 399 11
181 399 10
285 399 13
260 400 9
111 400 14
251 400 13
152 400 10
332 400 10
400 487 10
400 639 13
400 479 11
36 400 10
337 400 8
401 519 12
294 401 10
301 401 9
19 401 14
198 401 8
401 419 12
401 587 9
401 585 11
401 687 11
401 600 10
401 586 9
402 651 11
48 402 15
402 706 13
402 543 8
245 402 9
37 402 9
402 496 11
402 424 8
402 528 9
402 510 10
94 402 9
403 552 10
403 606 8
172 403 11
403 698 10
403 712 11
403 711 9
403 703 10
403 649 10
123 403 10
302 403 9
308 403 13
404 629 11
152 404 10
387 404 8
404 480 13
326 404 11
88 404 10
73 404 10
404 463 12
381 404 14
313 404 9
404 738 7
173 405 11
29 405 14
89 405 10
405 511 11
245 405 13
272 405 9
372 405 12
405 571 8
31 405 12
146 405 11
91 405 10
406 670 10
151 406 10
406 696 13
406 492 14
206 406 13
406 434 10
406 602 8
188 406 13
406 539 9
292 406 10
407 633 10
130 407 11
199 407 14
293 407 8
346 407 9
352 407 15
407 559 10
407 417 14
394 407 8
407 412 9
297 408 12
408 433 8
408 420 14
108 408 10
408 525 10
408 585 13
292 408 7
408 414 8
142 408 10
160 408 8
300 408 10
409 748 10
409 637 11
113 409 11
409 496 9
409 413 11
409 483 4
409 614 9
108 410 12
410 474 13
410 424 13
181 410 10
410 642 15
410 718 14
133 410 8
97 410 11
410 480 10
371 410 11
410 650 13
411 471 7
74 411 11
67 411 9
411 607 8
46 411 11
398 411 12
111 411 11
411 479 11
313 411 13
384 411 14
353 412 9
184 412 9
9 412 12
412 740 8
412 626 12
412 453 9
315 412 10
412 633 6
412 664 10
412 513 14
62 413 10
57 413 13
413 463 11
413 472 7
75 413 10
207 413 12
367 413 7
221 413 9
49 413 13
195 413 10
311 413 14
272 414 13
194 414 10
414 598 9
414 419 8
319 414 9
354 414 13
386 414 11
414 707 8
353 414 11
141 414 10
302 415 11
58 415 10
393 415 10
415 526 14
85 415 9
415 725 11
415 701 8
165 415 9
373 415 5
210 415 11
415 733 9
416 506 11
368 416 9
242 416 11
204 416 10
226 416 8
416 665 12
416 546 10
218 416 10
416 528 11
269 416 7
416 561 11
238 416 11
89 417 6
417 431 12
263 417 9
417 606 9
417 662 12
51 417 15
417 601 11
417 689 11
417 570 10
416 417 9
352 418 12
418 526 12
418 686 12
208 418 8
150 418 9
418 728 12
381 418 11
10 418 12
418 732 12
177 418 11
370 418 8
222 419 10
0 419 10
324 419 9
386 419 8
115 419 12
134 419 9
419 691 8
419 448 11
419 450 6
419 725 12
419 499 12
312 420 9
53 420 9
374 420 11
379 420 13
313 420 12
253 420 12
237 420 13
327 420 10
420 466 8
112 420 11
74 421 8
421 540 9
72 421 12
316 421 16
421 527 11
421 692 9
421 519 12
421 423 11
266 421 8
326 422 9
422 569 7
218 422 12
185 422 9
422 577 7
309 422 10
422 476 11
347 422 10
412 422 13
316 422 13
356 423 13
143 423 13
65 423 11
423 721 12
423 669 10
300 423 9
42 423 11
111 423 11
225 423 11
423 528 8
424 709 7
424 697 10
424 615 13
404 424 12
424 463 10
301 424 12
24 424 12
245 424 8
68 424 14
265 424 13
425 613 14
157 425 13
400 425 8
425 503 10
327 425 11
425 569 12
152 425 11
425 748 11
248 425 11
219 425 8
90 426 11
187 426 11
137 426 8
339 426 12
426 502 10
81 426 14
399 426 11
426 691 10
219 426 12
270 426 12
427 488 10
427 712 7
119 427 12
427 538 10
427 618 9
317 427 12
427 717 12
347 427 11
377 427 10
344 427 11
428 598 9
198 428 13
101 428 9
381 428 12
428 735 10
428 718 10
107 428 14
428 681 12
149 428 10
428 632 9
320 429 12
5 429 11
224 429 9
270 429 12
123 429 11
429 540 13
180 429 13
429 498 13
429 555 9
215 429 9
429 641 11
245 430 6
430 665 15
430 670 11
430 438 9
430 672 9
113 430 10
317 430 15
396 430 11
430 627 11
20 431 10
431 475 10
431 439 10
431 472 10
172 431 8
111 431 9
431 641 10
431 624 12
110 431 13
139 431 9
432 680 10
370 432 8
9 432 11
245 432 11
195 432 8
432 527 12
235 432 13
432 646 9
432 609 16
374 433 14
433 580 10
54 433 12
132 433 6
5 433 10
399 433 8
367 433 8
433 559 11
409 433 7
233 434 9
170 434 14
434 610 8
354 434 11
367 434 9
434 517 11
366 434 12
46 434 10
191 434 14
267 434 11
435 500 12
435 485 14
323 435 7
370 435 13
378 435 11
435 438 7
22 435 11
230 435 13
121 435 11
435 456 12
146 435 12
435 726 7
95 436 12
436 485 9
21 436 10
436 517 9
436 719 13
427 436 17
263 436 9
429 436 8
433 436 10
80 437 6
4 437 11
349 437 13
209 437 8
437 650 12
437 482 11
241 437 11
437 595 11
180 437 9
131 437 11
88 438 12
438 585 10
438 519 8
438 719 12
66 438 14
144 438 9
26 438 11
168 438 10
49 438 7
296 438 9
438 634 8
439 442 11
439 532 7
389 439 11
439 505 10
58 439 10
439 458 10
439 494 11
439 466 11
439 533 12
439 637 10
314 440 14
69 440 11
440 493 12
440 701 8
231 440 11
25 440 8
295 440 11
43 440 8
6 440 9
319 440 13
198 441 11
266 441 13
441 641 9
95 441 8
41 441 9
441 578 11
357 441 9
441 473 11
441 513 12
39 441 13
442 460 11
171 442 11
442 605 14
442 659 11
442 464 14
266 442 9
154 442 12
84 442 11
442 693 9
354 442 9
270 443 8
144 443 11
132 443 11
102 443 11
443 530 11
185 443 12
238 443 10
443 528 12
375 443 10
444 451 10
146 444 12
246 444 10
256 444 12
93 444 7
444 514 6
113 444 11
436 444 11
23 444 10
164 445 11
445 508 11
445 663 9
445 669 12
16 445 7
159 445 11
105 445 11
445 538 12
177 445 9
237 446 9
168 446 8
446 523 13
446 623 9
311 446 14
263 446 14
50 446 13
26 446 13
446 566 13
447 728 8
430 447 14
10 447 8
204 447 11
447 603 7
447 575 13
46 447 11
377 447 15
320 447 7
191 448 11
408 448 10
448 585 14
20 448 11
443 448 10
8 448 8
440 448 9
448 588 9
361 448 10
42 448 10
174 448 9
42 449 10
449 718 14
449 476 10
449 510 11
449 566 8
19 449 12
449 684 11
449 733 11
88 449 14
450 457 8
435 450 12
146 450 8
78 450 9
450 638 10
450 609 11
179 450 14
450 633 12
450 468 12
348 450 11
19 450 11
450 652 13
440 451 9
451 571 11
153 451 10
35 451 12
127 451 8
230 451 14
155 451 11
121 451 9
451 715 12
195 452 9
452 467 17
157 452 11
452 733 12
103 452 8
452 544 12
452 670 13
208 452 12
52 452 15
452 501 11
452 717 10
380 452 12
453 560 14
453 534 10
175 453 13
411 453 10
288 453 14
453 467 10
140 453 10
453 674 10
283 453 12
453 714 7
258 454 12
454 586 12
454 734 13
179 454 8
454 461 9
48 454 12
454 608 13
374 454 10
454 570 12
454 522 12
93 455 11
3 455 12
455 604 7
455 493 10
253 455 8
140 455 9
455 637 16
45 455 11
81 455 9
455 508 11
455 517 11
295 456 8
118 456 14
240 456 10
181 456 12
143 456 8
455 456 13
456 715 10
221 456 12
24 456 10
66 457 9
457 681 9
457 471 13
313 457 7
348 457 9
288 457 8
206 457 10
195 457 8
196 457 7
163 457 7
133 458 8
458 651 12
274 458 11
173 458 8
377 458 11
61 458 9
94 458 9
458 604 11
326 458 7
378 459 7
459 572 10
69 459 13
412 459 10
262 459 10
128 459 10
73 459 13
396 459 10
390 459 12
232 459 8
220 460 12
90 460 9
234 460 13
432 460 12
146 460 14
78 460 10
460 626 12
258 460 11
15 460 8
460 730 9
460 522 9
349 461 11
219 461 12
461 734 12
211 461 11
223 461 11
232 461 11
317 461 8
215 461 7
206 461 10
322 461 11
462 534 11
462 738 11
430 462 14
291 462 13
462 741 9
347 462 10
462 648 12
462 584 12
462 652 9
94 462 8
66 462 12
463 490 10
463 481 11
463 622 8
40 463 11
286 463 8
209 463 10
191 463 9
463 583 11
463 682 12
463 570 12
464 635 12
464 518 9
12 464 12
182 464 13
464 639 8
455 464 12
464 686 8
433 464 8
465 477 12
459 465 14
61 465 9
194 465 11
157 465 6
363 465 8
465 623 11
465 675 15
185 466 9
466 540 6
325 466 14
240 466 9
397 466 10
106 466 8
365 466 7
113 466 6
466 482 10
466 600 10
257 467 9
467 624 12
467 568 7
304 467 6
467 638 12
396 467 11
190 467 13
290 467 11
467 661 11
139 467 11
157 468 10
468 698 11
266 468 10
356 468 13
129 468 9
468 711 10
171 468 10
468 646 12
468 663 11
351 468 9
323 468 8
129 469 11
425 469 9
469 600 12
469 492 13
8 469 11
318 469 10
429 469 13
354 469 12
469 677 11
138 469 7
84 470 9
2 470 11
198 470 13
470 676 8
60 470 8
470 544 11
238 470 7
27 470 11
147 470 10
10 470 8
471 480 9
471 625 13
471 607 10
191 471 12
471 585 13
345 471 10
415 471 13
471 522 13
472 733 8
472 506 9
183 472 8
94 472 10
224 472 10
39 472 11
472 684 10
349 472 10
231 472 10
372 472 8
291 472 15
235 473 11
473 649 13
199 473 10
473 544 10
473 714 11
0 473 11
22 473 11
376 473 12
473 575 12
45 473 12
473 525 10
8 474 12
474 649 10
339 474 12
317 474 11
347 474 11
474 704 13
309 474 8
253 474 10
474 603 8
474 653 10
327 474 11
140 475 12
53 475 10
467 475 9
81 475 11
475 688 8
207 475 9
187 475 10
232 475 10
153 475 11
476 661 5
175 476 9
476 732 12
166 476 10
474 476 15
476 725 13
115 476 12
3 476 14
476 712 12
476 586 14
477 689 8
168 477 14
226 477 9
477 489 8
358 477 10
477 643 9
16 477 12
419 477 8
372 477 12
316 477 13
357 478 13
478 493 12
149 478 11
469 478 10
452 478 10
419 478 11
221 478 10
324 478 13
478 593 10
479 502 10
479 532 8
479 606 9
62 479 8
86 479 9
386 479 11
143 479 10
479 635 12
479 555 10
479 728 11
479 747 10
470 480 9
164 480 8
480 682 10
339 480 9
480 715 9
480 506 8
359 480 10
112 480 11
437 480 12
198 480 8
267 481 13
351 481 12
296 481 9
66 481 6
145 481 10
178 481 8
206 481 10
148 481 9
414 481 6
482 666 6
482 718 10
482 645 8
482 673 13
482 602 9
482 560 10
276 482 11
67 482 7
335 482 11
191 482 10
482 598 9
104 483 10
483 685 14
483 611 12
483 718 11
483 689 8
24 483 11
483 727 12
98 483 11
259 483 7
483 553 13
259 484 11
236 484 10
255 484 12
285 484 12
484 715 12
484 641 11
484 658 11
484 523 9
484 745 13
485 677 11
485 734 8
485 588 13
51 485 11
485 522 9
344 485 13
44 485 7
485 543 9
41 485 13
485 646 11
410 486 15
486 501 14
306 486 13
215 486 9
63 486 9
166 486 12
486 721 12
486 656 9
486 536 8
486 643 10
487 680 9
126 487 10
298 487 9
487 697 8
263 487 12
253 487 10
151 487 10
221 487 10
380 487 12
469 487 10
487 551 10
311 488 11
488 516 10
31 488 13
202 488 7
78 488 11
371 488 8
170 488 7
472 488 11
488 735 11
488 639 11
353 488 13
402 488 10
436 489 13
194 489 13
242 489 9
33 489 9
124 489 13
324 489 12
225 489 10
381 489 11
145 489 8
97 489 10
490 491 10
490 587 13
359 490 14
36 490 10
167 490 9
490 615 10
118 490 8
490 644 7
205 490 11
318 490 7
172 491 6
446 491 14
222 491 10
491 515 12
229 491 8
491 717 11
292 491 12
491 675 11
290 491 10
267 491 11
251 492 15
492 663 9
492 544 8
458 492 11
369 492 10
86 492 3
492 528 14
277 492 11
237 492 11
190 492 9
18 492 15
493 501 10
402 493 9
238 493 8
493 627 8
148 493 11
493 671 10
215 493 10
493 681 15
493 677 9
30 494 12
494 719 12
494 619 9
78 494 10
218 494 15
184 494 10
405 494 11
420 494 8
282 494 9
152 494 9
495 509 11
495 515 10
402 495 8
495 690 10
495 605 11
310 495 11
495 654 12
495 664 13
495 527 12
26 496 7
496 542 10
51 496 9
496 640 10
496 550 10
496 740 12
392 496 10
496 656 10
311 496 10
496 517 10
497 749 9
497 648 12
349 497 9
117 497 8
497 744 12
497 643 10
497 581 10
49 497 7
373 497 11
39 497 9
87 497 15
114 498 10
462 498 12
498 653 8
498 678 11
498 661 14
44 498 7
498 619 13
414 498 12
207 498 7
498 672 9
82 499 9
483 499 12
206 499 13
367 499 12
94 499 12
101 499 12
499 607 8
405 499 9
144 499 8
303 499 17
384 499 7
415 500 7
500 655 8
492 500 12
4 500 12
458 500 12
234 500 12
8 500 8
309 500 13
399 500 9
427 500 8
199 501 10
371 501 10
501 662 10
374 501 12
122 501 11
280 501 10
335 501 11
375 501 9
59 501 8
501 583 12
240 502 12
502 709 9
73 502 7
463 502 10
502 586 12
48 502 11
502 668 10
227 502 10
57 502 8
430 502 9
187 502 10
393 503 10
109 503 9
46 503 12
373 503 14
141 503 12
75 503 12
157 503 9
503 617 12
303 503 11
340 503 12
504 527 15
435 504 11
504 695 13
443 504 8
504 547 10
504 589 10
504 654 9
420 504 10
65 505 15
505 584 9
505 717 13
505 605 10
505 552 13
328 505 12
505 603 9
289 505 11
382 505 10
166 506 8
506 729 8
241 506 11
83 506 9
234 506 11
431 506 13
506 585 10
84 506 16
338 506 11
465 506 8
507 589 11
88 507 13
277 507 11
224 507 10
415 507 6
165 507 11
401 507 7
507 563 8
185 507 10
493 508 8
499 508 8
410 508 10
318 508 12
329 508 12
508 600 11
26 508 8
4 508 9
311 508 10
357 509 7
260 509 14
176 509 9
493 509 9
509 558 11
487 509 10
509 549 10
389 509 9
509 676 14
505 509 11
120 510 10
90 510 13
403 510 10
201 510 13
167 510 9
510 709 8
510 712 10
510 533 9
164 510 11
511 582 10
511 619 12
511 566 12
261 511 9
367 511 13
496 511 11
295 511 12
431 511 7
511 589 10
455 511 7
511 558 14
365 512 9
59 512 9
512 596 11
53 512 12
512 593 9
196 512 9
438 512 9
43 512 11
512 627 6
513 544 11
513 603 10
353 513 8
315 513 7
254 513 10
513 695 12
513 741 14
80 513 8
295 513 12
513 684 10
286 513 10
55 513 15
404 514 11
108 514 10
514 566 9
123 514 10
312 514 10
48 514 11
114 514 11
514 741 14
137 514 11
484 514 11
245 515 13
424 515 11
99 515 12
157 515 10
134 515 10
317 515 13
97 515 9
6 515 12
515 699 11
91 515 10
515 745 7
204 516 11
294 516 8
126 516 9
516 705 17
47 516 13
439 516 11
516 643 10
311 516 12
516 615 3
347 516 5
516 629 13
29 517 13
282 517 9
505 517 13
86 517 8
66 517 9
458 517 10
17 517 14
517 695 13
375 517 11
517 547 9
127 518 12
225 518 12
43 518 12
518 612 11
153 518 12
518 709 10
3 518 10
277 518 7
518 619 12
444 518 12
450 519 8
519 672 11
186 519 11
167 519 9
140 519 11
519 642 12
81 519 7
520 653 10
386 520 11
107 520 9
71 520 9
423 520 8
260 520 12
505 520 13
520 588 13
148 520 7
481 520 9
521 607 10
521 727 9
238 521 10
521 578 9
506 521 14
479 521 11
422 521 10
496 521 14
521 738 11
522 574 12
78 522 11
354 522 10
48 522 9
15 522 10
364 522 12
1 522 15
437 522 11
522 680 8
129 522 9
230 522 10
522 525 10
523 566 10
133 523 8
523 576 9
294 523 8
15 523 11
177 523 10
437 523 10
473 523 11
514 523 10
7 523 12
346 524 8
67 524 11
17 524 10
408 524 9
387 524 12
258 524 10
524 652 8
237 524 11
524 653 8
195 524 12
193 524 11
146 525 9
525 740 13
313 525 5
356 525 11
282 525 11
26 525 13
350 525 11
58 525 12
433 525 12
284 525 12
50 526 10
315 526 8
419 526 10
376 526 8
217 526 11
88 526 11
203 526 9
377 526 11
150 526 8
142 526 12
324 526 13
291 527 10
446 527 10
527 733 10
527 701 13
112 527 11
216 527 10
527 576 9
377 527 15
92 527 11
129 527 7
229 528 14
523 528 8
454 528 10
34 528 9
528 615 7
528 725 10
528 732 9
420 528 7
356 528 7
194 528 5
389 528 10
445 528 9
347 529 9
139 529 10
529 578 9
529 734 10
529 616 11
259 529 10
189 529 10
529 689 11
445 529 13
288 529 9
333 530 10
233 530 11
530 746 14
530 713 8
530 562 14
64 530 9
530 543 9
324 530 10
222 530 9
530 575 13
230 530 11
369 531 13
82 531 10
374 531 9
531 555 10
398 531 9
418 531 11
456 531 8
417 531 9
40 531 8
411 532 12
532 725 8
532 606 12
520 532 10
512 532 10
103 532 7
120 532 7
532 649 8
134 532 9
390 532 9
445 533 11
181 533 12
358 533 13
25 533 13
426 533 9
155 533 10
440 533 8
225 533 10
534 657 13
534 577 9
432 534 10
363 534 12
188 534 11
353 534 10
309 534 10
370 534 10
391 534 10
92 534 8
535 725 9
535 654 12
166 535 12
186 535 12
535 695 12
133 535 8
346 535 11
25 535 11
517 535 9
535 619 11
429 535 9
519 536 13
136 536 10
536 735 12
54 536 11
536 683 10
531 536 10
265 536 10
536 613 10
536 599 11
24 536 9
17 537 11
202 537 11
105 537 13
65 537 9
339 537 13
537 676 12
290 537 12
267 537 10
439 537 12
179 537 9
537 655 11
347 538 10
252 538 10
538 550 10
282 538 6
405 538 15
538 641 9
219 538 10
0 538 13
538 571 11
245 538 7
415 539 12
274 539 11
539 657 10
219 539 10
539 562 12
416 539 10
361 539 12
330 539 11
539 554 13
540 551 9
227 540 11
164 540 10
16 540 9
392 540 12
447 540 9
62 540 10
540 561 12
236 540 13
540 731 12
445 540 10
373 541 9
541 724 9
25 541 11
383 541 13
258 541 13
195 541 8
541 613 11
329 542 6
542 615 11
335 542 10
542 691 12
542 667 13
328 542 11
366 542 11
542 738 10
36 542 11
542 663 9
531 543 8
543 636 9
245 543 14
543 742 10
481 543 6
498 543 9
215 543 7
236 543 10
194 544 7
18 544 12
497 544 13
544 672 12
379 544 10
97 544 8
544 585 11
387 544 7
544 745 12
196 544 8
545 704 8
37 545 13
344 545 10
545 601 10
38 545 9
316 545 14
545 706 12
545 606 10
120 545 11
277 545 9
379 546 11
546 600 13
473 546 11
287 546 12
504 546 11
419 546 11
546 551 13
546 744 10
106 546 8
314 546 11
190 547 15
353 547 11
547 733 10
90 547 14
469 547 7
264 547 11
184 547 13
547 743 13
211 547 8
444 547 11
84 548 9
548 625 10
424 548 12
548 624 11
199 548 11
279 548 13
263 548 7
224 548 9
216 548 11
548 597 8
386 549 9
549 625 10
258 549 12
549 701 12
103 549 11
395 549 6
185 549 7
348 549 11
434 549 14
237 550 14
345 550 11
550 654 8
189 550 11
6 550 9
119 550 9
181 550 10
550 670 11
83 550 8
459 550 14
520 551 13
551 641 7
189 551 16
415 551 11
178 551 8
154 551 10
327 551 9
208 551 14
339 551 11
105 551 8
465 551 10
42 552 11
89 552 13
318 552 11
142 552 11
21 552 13
552 554 12
214 552 14
334 552 9
325 552 8
552 733 8
170 553 7
406 553 6
303 553 9
440 553 12
506 553 11
385 553 11
422 553 6
304 553 10
553 709 9
346 553 10
554 670 10
510 554 7
236 554 10
536 554 14
554 666 10
554 684 7
86 554 11
341 554 10
348 554 11
369 554 5
112 555 13
363 555 13
111 555 11
555 685 10
241 555 12
12 555 11
73 555 9
108 555 10
470 555 11
556 710 9
479 556 6
183 556 9
478 556 8
2 556 10
556 627 14
490 556 8
265 556 15
557 656 8
209 557 13
172 557 13
48 557 13
434 557 13
21 557 10
557 680 9
557 588 11
105 558 14
558 660 10
558 696 12
558 613 13
491 558 12
459 558 11
558 590 11
494 558 11
558 619 10
558 571 9
305 558 10
364 559 8
379 559 13
506 559 8
559 609 13
530 559 12
384 559 11
274 559 9
502 559 10
292 559 10
166 559 8
551 559 11
560 678 14
292 560 11
74 560 12
215 560 10
42 560 12
112 560 8
60 560 10
192 560 6
484 560 15
37 560 8
561 608 11
454 561 11
285 561 12
555 561 10
38 561 13
311 561 9
561 681 10
561 641 9
561 697 9
100 561 9
262 561 9
204 561 9
210 562 5
247 562 9
220 562 10
471 562 12
355 562 11
562 587 10
491 562 9
302 562 13
418 562 13
563 596 8
505 563 12
110 563 8
420 563 14
434 563 12
512 563 11
23 563 10
144 563 10
19 563 11
126 564 12
564 573 12
114 564 11
319 564 10
564 701 9
385 564 7
138 564 11
507 564 10
23 564 10
374 564 10
486 565 10
565 593 11
147 565 13
547 565 8
422 565 9
565 569 8
392 565 10
477 565 6
537 565 11
187 566 9
174 566 10
566 576 11
80 566 11
93 566 12
512 566 10
566 650 11
566 638 9
566 720 12
38 567 12
359 567 11
413 567 13
477 567 14
457 567 9
14 567 8
506 567 8
454 567 14
257 567 12
473 568 10
35 568 14
153 568 10
163 568 10
202 568 10
443 568 11
568 732 9
489 568 14
535 569 9
275 569 11
569 590 14
569 748 12
569 596 12
569 691 11
207 569 13
264 569 11
15 569 12
19 570 11
347 570 10
333 570 10
214 570 14
86 570 10
348 570 13
36 570 13
37 570 8
570 694 8
570 708 13
107 571 10
571 640 16
571 616 11
571 581 8
571 670 9
279 571 12
571 619 12
283 571 13
62 571 11
572 599 12
15 572 8
175 572 9
572 703 10
416 572 12
195 572 13
108 572 10
378 572 10
572 593 13
573 613 9
467 573 11
68 573 7
573 633 10
220 573 9
253 573 13
573 612 7
367 573 9
30 573 13
91 573 14
573 746 9
574 630 10
370 574 12
25 574 12
452 574 9
558 574 12
94 574 12
561 574 10
544 574 8
105 574 10
216 574 14
107 574 10
389 575 9
575 749 7
575 647 8
575 687 9
293 575 8
195 575 13
181 575 11
171 575 10
264 575 8
531 576 14
311 576 10
43 576 10
485 576 12
576 696 7
23 576 8
576 622 12
125 576 7
260 576 13
296 576 9
244 577 10
411 577 7
577 726 13
359 577 9
561 577 10
577 646 9
346 577 10
216 577 12
119 577 13
535 577 10
436 577 9
107 578 10
578 618 14
443 578 8
179 578 11
86 578 10
154 578 9
578 615 10
353 578 12
578 619 12
579 748 9
415 579 9
319 579 9
408 579 10
579 647 10
579 595 8
443 579 13
61 579 9
453 579 13
116 579 13
104 580 14
319 580 10
522 580 9
159 580 13
580 633 9
566 580 9
64 580 11
482 580 9
277 581 10
581 617 11
581 683 10
444 581 14
581 646 13
581 677 11
53 581 12
297 581 9
91 581 10
582 598 7
540 582 8
579 582 12
57 582 12
582 702 9
56 582 9
582 646 13
125 582 12
63 582 12
424 582 9
583 647 11
201 583 11
67 583 11
240 583 10
497 583 12
403 583 10
583 606 15
292 583 10
169 583 13
509 583 14
176 583 8
584 689 10
284 584 15
584 650 10
425 584 13
84 584 13
423 584 11
584 600 12
385 584 12
321 584 11
374 585 9
495 585 11
315 585 8
291 585 8
68 585 11
97 585 10
517 585 8
180 585 14
585 669 10
70 585 10
274 586 14
381 586 4
586 626 9
188 586 9
586 694 11
586 708 10
11 586 10
191 586 9
59 586 10
233 587 10
5 587 9
159 587 8
0 587 10
408 587 9
189 587 10
587 732 11
250 587 14
587 650 11
293 587 10
309 588 10
323 588 8
588 728 8
84 588 14
548 588 13
567 588 11
588 740 12
125 588 10
86 588 8
117 588 12
487 589 13
589 639 12
281 589 10
18 589 12
285 589 9
516 589 12
589 716 10
402 589 8
38 589 10
58 589 8
113 589 12
402 590 11
590 647 13
583 590 12
22 590 9
223 590 13
298 590 8
429 590 10
590 685 10
590 611 10
219 591 11
528 591 12
419 591 11
591 663 10
118 591 12
591 600 7
421 591 12
591 710 11
591 716 12
522 592 10
358 592 11
400 592 10
167 592 5
361 592 13
111 592 10
356 592 15
30 592 12
185 592 8
149 592 10
139 592 11
327 592 12
592 624 9
404 593 13
169 593 11
225 593 7
571 593 10
541 593 10
53 593 11
185 593 11
383 593 9
593 684 9
272 593 8
372 593 11
594 612 8
181 594 13
594 615 13
594 744 8
594 742 13
26 594 5
217 594 10
594 661 12
66 594 10
17 594 13
431 595 14
254 595 8
595 622 13
24 595 9
495 595 7
595 608 10
568 595 10
594 595 11
452 595 8
247 596 12
274 596 6
255 596 13
557 596 11
596 623 9
40 596 10
357 596 8
401 596 12
596 674 13
42 596 12
421 597 10
597 727 8
212 597 9
263 597 10
597 698 11
566 597 13
597 607 11
125 597 9
438 597 13
597 648 11
301 597 12
472 598 12
454 598 11
551 598 9
451 598 9
598 723 13
177 598 13
528 598 8
336 598 10
447 598 13
598 727 13
386 599 12
495 599 11
169 599 10
65 599 9
599 630 8
108 599 5
363 599 10
256 599 12
599 735 11
4 599 7
273 600 13
600 723 10
600 745 14
445 600 12
101 600 12
446 600 8
138 600 9
388 600 12
536 600 10
196 600 12
319 601 12
356 601 12
601 706 12
69 601 12
0 601 12
583 601 13
291 601 8
252 601 10
249 601 13
391 601 11
595 602 7
324 602 11
602 740 11
602 732 11
602 721 12
602 651 11
35 602 10
242 602 13
219 602 10
103 602 11
364 602 10
533 603 8
265 603 12
186 603 11
125 603 10
45 603 11
357 603 10
409 603 13
22 603 9
215 603 10
266 603 12
584 603 13
87 603 14
463 604 11
604 608 10
221 604 10
389 604 13
358 604 10
370 604 11
604 702 9
491 604 10
500 604 7
605 710 14
605 696 16
605 670 16
423 605 9
326 605 12
587 605 13
605 675 9
164 605 11
171 605 10
398 606 12
606 657 11
107 606 11
459 606 12
606 628 13
472 606 13
322 606 11
581 606 7
607 626 9
150 607 12
208 607 11
30 607 14
491 607 12
115 607 9
248 607 13
37 607 11
253 607 14
417 607 12
608 628 13
326 608 13
496 608 9
572 608 11
170 608 12
59 608 11
134 608 9
579 608 13
51 608 10
564 608 8
192 608 10
602 609 14
403 609 9
227 609 7
313 609 10
557 609 10
151 609 8
165 609 9
93 609 9
158 609 13
609 639 10
610 672 10
610 738 12
243 610 10
1 610 8
443 610 10
354 610 9
610 656 11
353 610 8
384 610 14
270 610 11
501 610 8
37 611 10
611 742 9
91 611 11
611 624 11
611 665 9
479 611 12
179 611 11
27 611 11
169 611 11
611 646 12
216 611 11
440 612 9
12 612 9
612 664 10
612 723 10
602 612 14
128 612 16
139 612 12
588 612 9
127 612 9
408 612 10
577 613 7
613 727 9
26 613 11
260 613 6
28 613 10
249 613 11
613 625 11
613 703 16
613 695 13
541 614 8
2 614 9
562 614 12
60 614 12
614 696 11
346 614 10
267 614 10
614 718 9
71 614 12
64 614 11
236 615 11
615 644 11
149 615 13
253 615 9
36 615 12
117 615 11
522 615 13
615 686 7
615 681 11
246 615 12
489 615 9
490 616 10
107 616 9
616 692 8
158 616 8
519 616 11
575 616 13
161 616 11
136 616 8
616 686 12
353 616 12
444 617 8
288 617 9
96 617 8
77 617 16
244 617 10
517 617 9
617 633 10
71 617 11
157 617 10
308 617 8
461 617 12
599 617 7
618 633 12
517 618 13
91 618 9
369 618 14
191 618 10
618 745 9
126 618 14
256 618 9
618 664 14
18 618 12
121 619 15
296 619 8
353 619 10
30 619 7
543 619 11
268 619 10
280 619 12
600 619 11
337 619 11
619 622 11
266 620 12
479 620 12
284 620 9
334 620 12
335 620 12
620 715 13
85 620 10
155 620 11
620 668 9
428 620 10
244 620 10
457 621 13
132 621 6
476 621 10
563 621 11
621 667 9
381 621 9
462 621 10
83 621 11
103 621 10
173 621 10
377 621 10
622 728 10
622 673 12
128 622 11
298 622 7
283 622 14
473 622 14
257 622 10
65 622 14
49 622 9
76 622 11
31 623 15
105 623 10
357 623 5
211 623 10
77 623 10
472 623 14
623 731 12
566 623 13
313 624 8
619 624 10
624 713 11
205 624 12
278 624 13
281 624 11
124 624 12
345 624 10
311 624 12
152 625 13
625 683 12
358 625 8
339 625 14
322 625 11
81 625 12
154 625 9
195 625 9
625 716 8
44 626 6
189 626 9
69 626 9
101 626 11
181 626 12
568 626 12
472 626 9
626 731 11
235 626 10
548 626 12
626 643 15
193 626 13
27 627 12
219 627 9
469 627 11
622 627 13
290 627 8
445 627 10
439 627 13
292 627 10
26 627 9
19 628 10
628 663 11
628 745 8
586 628 8
264 628 9
568 628 10
434 628 13
584 628 10
390 628 10
628 678 12
44 629 12
163 629 10
629 681 9
629 640 11
629 641 8
205 629 11
522 629 9
629 671 9
629 669 14
626 629 9
561 630 12
630 732 10
459 630 10
616 630 14
8 630 9
630 707 11
49 630 14
136 630 13
538 630 11
37 630 16
631 640 11
418 631 15
195 631 14
83 631 10
45 631 10
283 631 10
9 631 12
473 631 11
88 631 11
631 727 11
112 631 13
189 631 9
370 631 11
309 632 8
361 632 6
367 632 6
592 632 6
239 632 6
632 695 8
632 707 11
130 632 7
313 632 11
632 652 7
632 688 10
431 633 12
28 633 12
467 633 13
180 633 10
340 633 9
45 633 12
461 633 9
203 633 12
124 633 9
634 668 10
162 634 10
346 634 11
634 641 7
472 634 10
41 634 12
580 634 7
149 634 8
220 634 9
249 634 8
348 634 11
43 634 18
492 635 12
451 635 11
310 635 15
449 635 12
171 635 11
494 635 13
364 635 9
466 635 12
303 635 10
520 635 10
151 635 7
385 636 12
209 636 14
24 636 13
214 636 11
636 640 12
636 676 12
235 636 11
408 636 10
636 670 11
492 636 14
636 652 9
2 637 10
79 637 16
566 637 8
637 644 11
637 689 10
189 637 12
100 637 12
615 637 11
179 637 10
62 638 11
212 638 8
464 638 12
244 638 6
525 638 9
509 638 10
259 638 7
47 638 10
7 638 9
121 638 9
313 639 8
274 639 12
639 676 11
361 639 9
206 639 7
545 639 11
565 639 12
12 639 12
142 639 10
410 639 11
590 640 13
95 640 7
146 640 9
537 640 8
158 640 12
494 640 10
163 640 11
84 640 8
396 640 8
640 712 9
475 641 11
161 641 12
453 641 11
6 641 11
641 701 8
374 641 10
641 706 10
641 653 9
641 739 12
219 641 13
632 641 11
564 642 9
642 725 14
352 642 11
405 642 12
325 642 11
642 711 11
541 642 11
255 642 9
467 642 7
261 642 10
97 642 9
603 642 11
247 643 11
643 739 11
395 643 15
290 643 11
643 661 10
330 643 10
628 643 12
244 643 12
130 644 11
497 644 13
644 721 6
68 644 13
388 644 8
326 644 8
644 656 10
644 663 7
173 644 10
336 645 11
228 645 15
24 645 11
612 645 9
641 645 9
544 645 16
600 645 13
332 645 7
645 740 12
49 646 10
333 646 12
7 646 14
646 651 11
317 646 10
214 646 16
64 646 7
100 646 10
357 646 11
384 646 8
614 647 14
602 647 8
637 647 8
413 647 11
647 728 8
647 734 9
616 647 10
647 669 9
623 647 11
130 647 10
609 648 11
59 648 11
621 648 10
244 648 10
489 648 14
285 648 13
306 648 10
648 749 7
12 648 11
81 648 12
19 649 8
212 649 9
469 649 8
387 649 10
525 649 9
188 649 10
649 651 16
649 696 10
173 649 12
628 649 11
302 650 14
205 650 9
35 650 11
423 650 10
513 650 11
650 690 11
631 650 9
79 650 9
129 650 9
420 651 12
651 716 12
237 651 11
292 651 9
651 668 10
595 651 10
348 651 13
106 651 9
424 651 10
434 652 11
368 652 12
603 652 11
467 652 8
652 695 12
359 652 11
42 652 11
286 652 10
652 676 11
540 653 10
653 727 8
653 659 8
412 653 13
428 653 12
5 653 10
477 653 7
437 653 13
233 653 13
469 653 10
654 682 12
458 654 12
273 654 12
654 703 11
244 654 12
441 654 9
100 654 10
654 672 14
486 654 7
188 654 7
304 654 9
17 655 11
329 655 12
315 655 5
355 655 11
35 655 12
504 655 12
503 655 12
74 655 9
457 655 9
656 730 12
464 656 11
615 656 8
380 656 13
489 656 9
287 656 10
448 656 8
201 656 14
204 656 12
43 656 14
561 657 12
477 657 9
584 657 11
508 657 9
244 657 10
595 657 11
544 657 13
416 657 11
123 657 11
494 657 11
625 657 12
337 658 10
246 658 10
553 658 11
315 658 11
407 658 8
658 692 8
268 658 10
181 658 14
339 658 10
274 658 12
311 658 10
500 659 14
21 659 11
600 659 15
659 703 12
659 705 13
608 659 10
357 659 10
402 659 7
264 659 9
238 659 8
659 708 11
242 659 12
660 733 8
660 742 11
660 687 12
138 660 13
466 660 9
660 676 14
346 660 10
297 660 14
390 660 14
314 661 9
661 710 15
489 661 7
72 661 8
346 661 7
123 661 12
328 661 13
17 661 9
117 661 11
316 661 10
83 662 9
488 662 10
184 662 8
198 662 12
469 662 9
500 662 8
90 662 10
529 662 8
66 662 11
571 663 6
663 749 9
562 663 16
296 663 12
509 663 10
469 663 11
293 663 11
234 663 10
57 663 10
25 664 13
663 664 12
497 664 9
150 664 10
284 664 12
137 664 10
382 664 11
549 664 10
664 743 8
628 664 10
236 664 12
589 665 10
151 665 11
359 665 10
533 665 10
447 665 7
116 665 8
188 665 7
202 665 14
371 665 7
93 665 9
538 666 9
666 747 11
388 666 12
276 666 10
119 666 11
313 666 15
363 666 9
312 666 10
174 666 12
444 667 10
604 667 10
667 719 11
358 667 10
667 699 12
458 667 9
475 667 10
342 667 11
273 667 11
534 667 13
579 668 12
165 668 6
532 668 7
145 668 11
74 668 9
267 668 8
446 668 10
103 668 10
338 668 8
318 668 9
669 745 12
205 669 8
398 669 10
553 669 11
140 669 9
631 669 13
61 669 7
539 669 8
658 669 11
613 669 12
383 670 11
400 670 11
178 670 10
207 670 11
80 670 12
426 670 11
293 670 9
465 670 11
641 670 9
375 670 10
375 671 12
387 671 11
271 671 11
370 671 12
671 720 11
322 671 9
436 671 7
659 671 7
30 671 11
256 671 12
218 671 10
20 672 11
161 672 11
533 672 9
222 672 10
350 672 10
174 672 9
158 672 13
379 672 9
516 672 10
71 673 11
673 680 7
25 673 8
181 673 14
520 673 9
121 673 12
89 673 9
147 673 8
59 673 13
412 673 11
46 674 13
116 674 11
368 674 12
337 674 10
421 674 8
52 674 9
369 674 9
633 674 9
622 674 11
625 674 8
175 675 7
298 675 11
161 675 10
265 675 9
675 707 10
334 675 9
449 675 8
121 675 9
274 675 11
235 675 12
19 676 10
42 676 13
667 676 12
676 748 12
28 676 8
104 676 9
291 676 11
676 693 10
164 676 9
517 677 11
544 677 10
71 677 14
88 677 13
540 677 11
231 677 11
600 677 7
334 677 11
180 677 11
678 722 9
678 680 13
558 678 9
661 678 10
678 737 6
307 678 13
351 678 13
487 678 10
1 678 9
277 678 14
398 679 10
535 679 10
65 679 13
110 679 8
117 679 11
18 679 9
182 679 9
30 679 9
217 679 11
673 679 11
665 679 10
62 680 10
156 680 13
512 680 11
509 680 13
424 680 12
680 694 12
680 723 9
211 680 12
602 680 10
222 680 9
618 681 9
207 681 12
363 681 8
89 681 15
133 681 10
358 681 11
388 681 9
150 681 10
398 681 8
211 681 13
213 681 11
674 682 15
150 682 10
501 682 13
481 682 10
499 682 9
208 682 9
682 736 12
608 682 10
57 682 12
68 682 12
530 682 11
390 682 10
391 683 13
238 683 7
580 683 10
415 683 11
444 683 11
312 683 10
289 683 13
440 683 15
62 683 10
292 684 14
429 684 10
456 684 12
638 684 11
567 684 9
199 684 11
684 723 9
577 684 10
213 684 12
645 685 12
17 685 6
76 685 8
152 685 8
249 685 10
462 685 11
220 685 10
529 685 11
110 685 12
302 685 11
600 685 10
686 707 14
630 686 9
425 686 8
686 732 8
230 686 11
686 749 9
468 686 9
416 686 10
184 686 13
467 687 12
179 687 10
609 687 10
341 687 11
74 687 7
58 687 12
453 687 13
67 687 11
630 687 12
193 687 12
247 687 8
468 688 11
370 688 9
661 688 10
688 695 12
688 708 10
272 688 9
479 688 10
524 688 10
202 688 12
169 688 11
97 689 9
638 689 13
95 689 10
80 689 9
548 689 8
468 689 10
149 689 6
641 689 9
410 689 11
535 689 10
496 689 7
75 690 10
501 690 13
410 690 12
325 690 9
128 690 12
365 690 11
626 690 10
136 690 9
342 690 9
690 707 9
527 691 9
457 691 8
687 691 13
567 691 8
321 691 13
330 691 11
415 691 8
253 691 12
355 691 7
551 692 12
415 692 11
599 692 14
138 692 8
633 692 13
692 707 8
351 692 13
307 692 10
502 692 10
607 692 16
259 692 14
627 693 15
634 693 11
684 693 7
326 693 9
693 697 14
306 693 8
444 693 12
105 693 8
261 693 12
244 693 11
326 694 13
201 694 10
389 694 11
74 694 11
653 694 7
281 694 9
532 694 12
634 694 12
376 694 10
323 695 10
363 695 10
695 741 9
264 695 13
574 695 7
284 695 12
672 695 8
631 695 12
695 710 16
613 696 14
229 696 13
236 696 9
630 696 12
541 696 12
410 696 9
100 696 9
243 696 7
506 697 11
195 697 13
119 697 11
380 697 11
210 697 12
199 697 8
280 697 10
54 697 9
462 697 13
113 698 12
434 698 10
303 698 14
350 698 8
547 698 13
238 698 12
456 698 12
698 727 12
636 698 13
149 698 9
224 698 9
679 699 12
107 699 11
405 699 11
487 699 9
403 699 11
363 699 9
662 699 12
181 699 5
203 699 8
659 699 8
100 700 6
480 700 12
318 700 12
528 700 9
147 700 13
590 700 9
71 700 10
181 700 11
64 701 12
626 701 10
595 701 9
603 701 8
141 701 8
22 701 10
506 701 14
259 701 12
360 701 9
415 702 9
222 702 10
150 702 14
303 702 11
702 719 11
8 702 11
550 702 11
311 702 13
621 702 11
84 702 10
404 702 10
703 739 12
602 703 14
703 742 10
425 703 12
212 703 11
332 703 9
323 703 13
703 725 10
380 703 10
698 704 15
704 724 12
517 704 13
603 704 13
704 711 11
437 704 8
311 704 15
153 704 11
78 704 8
565 704 11
103 704 8
542 705 11
133 705 11
405 705 12
272 705 13
550 705 11
532 705 11
661 705 9
705 745 8
705 709 9
705 706 11
81 706 9
241 706 11
181 706 13
583 706 10
570 706 12
624 706 11
231 706 9
552 706 9
36 706 13
683 707 11
421 707 14
545 707 9
684 707 14
52 707 10
689 707 12
209 707 8
441 707 14
528 707 13
378 707 11
518 708 6
87 708 11
267 708 8
708 736 12
587 708 14
146 708 8
693 708 9
291 708 10
225 709 11
368 709 13
435 709 11
305 709 8
208 709 13
130 709 12
679 709 12
54 709 9
388 710 10
482 710 13
185 710 11
602 710 10
597 710 10
234 710 12
58 710 10
506 710 8
97 710 12
318 710 9
567 710 12
357 711 14
233 711 11
208 711 9
55 711 9
385 711 9
284 711 4
606 711 12
82 711 12
300 711 8
353 711 12
9 711 10
288 712 9
42 712 10
691 712 12
653 712 12
24 712 14
712 721 11
487 712 10
158 712 13
361 712 11
590 713 11
52 713 12
6 713 11
120 713 12
227 713 12
607 713 6
480 713 7
126 713 8
634 714 8
647 714 15
471 714 10
516 714 11
313 714 11
266 714 10
714 749 14
617 714 10
425 714 13
51 715 9
715 741 14
55 715 10
669 715 11
66 715 10
299 715 5
149 715 7
715 737 8
335 715 14
716 718 11
489 716 8
603 716 7
206 716 11
76 716 10
706 716 12
373 716 11
716 749 7
156 716 10
572 716 10
436 717 10
658 717 11
717 736 12
604 717 10
405 717 8
139 717 12
54 717 9
613 717 8
325 717 7
700 718 12
417 718 12
498 718 13
718 726 12
398 718 9
155 718 11
256 718 13
285 718 12
677 718 9
570 718 12
558 719 8
344 719 11
429 719 12
331 719 10
356 719 15
692 719 9
491 719 12
526 719 11
100 719 13
223 719 11
7 720 11
66 720 12
123 720 12
115 720 6
327 720 8
705 720 11
106 720 10
39 720 12
499 720 13
256 720 12
440 721 14
607 721 8
81 721 16
160 721 10
678 721 11
613 721 12
14 721 9
368 721 8
699 722 8
307 722 11
575 722 12
531 722 14
525 722 9
95 722 10
44 722 13
286 722 7
649 722 7
421 723 7
541 723 7
200 723 12
256 723 12
276 723 9
422 723 9
512 723 10
171 723 8
407 723 11
532 723 14
158 724 11
271 724 10
278 724 12
191 724 14
464 724 12
28 724 10
98 724 5
690 724 11
203 724 14
253 724 12
583 724 9
438 725 13
482 725 10
540 725 11
214 725 8
445 725 10
601 725 10
113 725 11
431 725 7
725 741 11
6 725 10
91 725 11
526 726 9
510 726 13
358 726 9
96 726 11
86 726 10
647 726 9
621 726 4
364 726 12
471 726 14
608 726 10
23 727 9
115 727 11
137 727 13
600 727 11
576 727 9
588 727 11
524 727 12
206 727 8
719 727 10
217 727 11
18 728 11
412 728 14
633 728 14
666 728 11
323 728 11
594 728 12
545 728 10
548 728 13
728 735 8
229 728 9
703 728 12
267 729 9
92 729 14
160 729 11
567 729 12
605 729 8
213 729 13
218 729 10
127 729 10
241 729 11
487 729 13
82 730 12
508 730 8
255 730 12
353 730 8
477 730 8
676 730 11
599 730 10
295 730 10
75 730 10
731 737 12
531 731 8
145 731 10
75 731 12
205 731 14
439 731 10
663 731 10
331 731 12
280 731 8
105 731 8
498 732 10
489 732 10
290 732 14
57 732 15
606 732 12
26 732 8
502 732 8
182 732 12
82 732 12
559 732 9
206 732 10
330 733 12
413 733 11
153 733 10
504 733 9
668 733 12
692 733 9
282 733 10
640 733 11
673 733 12
734 744 8
317 734 11
205 734 11
131 734 10
703 734 11
181 734 8
379 734 11
556 734 13
282 734 11
452 735 8
519 735 12
531 735 9
35 735 9
2 735 8
299 735 10
573 735 10
341 735 9
37 735 7
330 735 13
644 736 9
653 736 10
607 736 12
104 736 12
538 736 10
327 736 11
461 736 12
114 736 13
88 736 10
221 736 14
151 736 6
385 736 12
84 737 12
616 737 10
85 737 7
79 737 12
240 737 11
351 737 12
609 737 11
568 737 11
270 737 8
21 737 10
444 738 13
602 738 13
237 738 9
70 738 9
460 738 12
544 738 9
165 738 9
539 738 14
312 738 10
596 739 12
510 739 7
323 739 11
468 739 11
443 739 9
255 739 7
489 739 9
175 739 10
473 739 10
414 739 10
394 740 8
420 740 13
168 740 9
244 740 11
478 740 9
445 740 10
335 740 11
284 740 10
79 740 10
660 740 10
206 741 10
369 741 13
69 741 7
741 749 9
741 744 13
670 741 9
688 741 9
507 741 11
380 741 7
277 741 10
103 742 11
552 742 9
420 742 11
405 742 12
617 742 14
157 742 10
92 742 11
115 742 12
268 742 11
520 742 14
493 742 13
569 743 14
62 743 13
162 743 8
47 743 8
181 743 10
242 743 8
394 743 12
288 743 13
52 743 12
440 743 11
486 744 9
641 744 8
144 744 13
184 744 10
315 744 8
566 744 12
489 744 9
472 744 11
521 744 13
656 744 8
74 744 13
745 749 12
203 745 9
162 745 10
82 745 15
212 745 12
326 745 12
556 745 12
341 745 11
715 745 12
614 745 11
657 746 13
418 746 10
673 746 11
506 746 11
466 746 12
545 746 10
700 746 12
95 746 8
369 746 13
295 746 11
180 747 11
262 747 10
103 747 12
467 747 11
193 747 9
80 747 7
242 747 11
628 747 12
179 747 17
683 748 7
322 748 10
271 748 11
404 748 9
627 748 12
511 748 10
521 748 14
206 748 7
677 748 13
354 748 12
71 749 10
96 749 11
135 749 11
598 749 9
124 749 13
228 749 11
610 749 12
169 749 8
538 749 11
642 749 9
374 749 12
