750
0
9
7
1
6
9
2
6
7
3
8
4
10
5
4
5
3
9
8
3
8
7
1
9
9
3
3
7
7
3
2
3
7
9
3
4
2
6
1
8
8
7
6
1
1
4
6
3
1
6
6
1
1
4
10
2
4
2
4
9
8
1
9
9
1
3
8
2
4
10
10
5
10
5
1
3
4
1
2
1
1
2
7
5
3
8
6
3
5
8
8
7
4
10
6
3
8
3
2
3
6
7
2
3
9
2
2
9
4
7
5
6
2
1
3
6
5
3
3
4
10
4
6
2
5
1
7
7
2
1
2
1
9
8
2
8
6
8
7
4
5
1
9
2
5
2
1
9
8
4
7
8
7
2
5
5
4
7
4
3
6
1
2
5
7
6
3
2
1
8
4
7
4
9
4
8
7
6
3
2
8
6
4
7
8
4
4
6
4
1
10
8
3
10
3
10
3
7
4
4
9
2
4
6
6
9
4
2
3
9
1
5
8
6
1
5
7
8
2
3
3
4
3
9
3
5
6
7
4
8
5
6
8
5
6
6
9
6
4
9
9
4
4
6
5
1
1
9
9
6
6
4
10
9
5
10
2
3
6
9
7
4
3
6
3
10
3
3
4
3
3
4
7
5
3
4
9
2
8
8
8
6
6
4
6
9
2
1
5
8
10
5
7
3
1
9
9
2
1
6
7
4
9
1
7
2
2
4
2
5
1
4
7
1
6
7
2
8
9
2
9
3
6
9
9
9
9
7
5
8
3
1
10
3
2
2
1
6
4
8
3
1
6
1
10
6
6
4
6
10
10
8
6
5
1
9
6
6
9
8
2
9
1
10
4
7
4
8
2
8
6
3
7
4
6
8
6
1
3
2
9
10
8
7
5
2
1
10
9
6
4
7
7
1
8
5
10
8
8
1
7
2
4
9
6
8
10
5
4
3
9
3
1
3
3
2
4
6
7
8
7
9
8
4
3
5
6
6
3
2
4
9
3
2
1
4
1
2
7
3
6
9
5
5
8
8
7
9
7
10
9
9
4
8
6
1
2
7
6
7
5
8
6
2
2
2
7
3
9
9
6
8
8
5
5
3
2
4
8
5
3
6
7
5
10
7
5
7
3
4
7
7
5
4
2
4
4
2
4
2
8
2
5
6
9
6
7
9
2
1
7
8
2
8
3
7
5
1
7
5
1
7
2
6
9
8
9
2
3
9
6
2
8
4
5
4
2
2
2
7
4
4
6
7
2
7
7
9
1
9
3
9
9
3
6
4
5
8
3
9
7
4
8
10
10
3
9
7
8
7
6
7
1
2
7
4
3
5
5
4
2
8
6
8
8
10
9
6
9
5
2
9
10
4
6
4
6
5
9
7
4
6
9
10
6
5
7
2
3
4
5
2
8
7
10
2
8
6
6
10
5
7
3
3
5
3
3
3
9
1
4
2
10
2
7
7
8
7
4
2
10
8
8
4
2
5
5
10
6
8
10
4
1
8
7
5
2
5
5
2
4
8
1
1
4
5
6
3
7
8
9
9
9
5
4
7
6
2
4
8
8
2
2
9
8
9
5
2
6
8
4
8
9
7
6
1
5
7
9
2
8
2
5
6
5
4
9
2
8
2
9
5
8
1
10
6
2
10
5
2
5
3
4
3
6
7
7
3
7
6
9
4
9
7
3
4
8
9
9
8
9
5
10
2
3
9
7
4
8
10
0 444 11
0 282 11
0 200 12
1 447 10
1 510 8
1 278 11
2 474 6
2 562 11
2 378 12
3 81 10
3 109 12
3 474 12
4 636 12
4 661 10
4 644 10
4 474 11
5 557 12
5 624 9
6 609 10
7 450 7
8 646 12
8 509 9
9 351 8
9 691 13
10 198 12
10 749 7
10 570 11
11 233 12
11 357 11
11 101 9
11 135 9
12 50 8
12 748 12
12 247 7
13 522 13
13 99 11
14 635 10
14 242 14
14 725 10
15 54 11
15 379 10
16 331 10
16 599 9
16 304 8
17 35 8
17 267 13
17 586 11
18 220 11
19 466 11
19 131 13
20 524 6
20 614 12
20 156 8
20 558 8
21 41 10
22 66 12
22 695 11
22 373 10
23 515 10
23 613 7
24 735 9
24 328 8
24 118 10
24 442 10
24 364 9
25 176 13
26 398 11
26 729 11
26 691 10
18 27 8
27 353 9
6 27 10
28 568 10
28 319 12
28 655 12
28 686 9
29 555 10
29 558 11
30 545 11
31 220 12
31 432 11
31 393 14
31 646 10
32 227 8
32 483 11
32 36 11
33 258 12
34 398 9
34 466 10
34 482 12
35 461 10
35 171 8
36 358 12
37 583 7
37 658 9
37 263 10
37 499 11
37 545 10
38 420 14
38 498 13
38 452 8
39 486 10
39 176 8
40 499 11
40 626 9
41 747 11
41 50 8
41 64 10
42 319 11
42 344 10
43 611 12
43 356 12
43 328 10
44 298 11
44 214 11
44 673 8
45 161 13
45 533 8
45 457 11
45 585 10
46 142 8
46 334 13
46 109 8
47 549 10
48 701 11
48 364 11
48 148 11
49 507 10
49 97 10
50 406 11
50 641 13
50 687 11
51 340 12
51 378 11
51 198 8
51 418 11
52 356 11
53 453 9
53 116 8
54 683 10
54 562 11
54 221 7
54 563 12
54 147 9
55 341 11
55 508 9
55 295 11
55 374 13
56 459 8
56 643 9
56 90 8
57 643 12
58 90 13
58 330 15
58 243 15
12 59 11
59 162 10
59 630 11
60 494 9
60 473 8
60 696 12
60 667 14
61 116 12
20 61 12
61 743 10
61 107 12
62 152 12
62 549 10
63 269 10
63 437 11
63 228 7
64 101 13
64 118 10
64 311 11
65 593 10
65 594 8
66 277 9
66 672 5
66 462 12
66 72 9
67 530 11
67 485 12
67 464 12
68 462 11
68 527 12
69 597 9
70 604 9
70 233 8
22 70 7
70 262 11
70 252 11
71 385 12
71 122 12
71 634 12
71 407 11
72 690 11
72 288 5
73 326 7
73 627 9
73 421 12
73 517 11
74 173 13
74 642 6
74 202 10
74 527 9
75 690 8
75 389 14
75 589 8
76 716 13
76 334 12
76 664 11
44 77 8
77 393 9
77 221 12
78 630 10
78 107 9
79 625 10
79 182 10
4 80 10
80 741 12
80 620 11
80 180 11
80 209 10
81 561 10
81 210 12
81 437 9
81 309 13
82 630 9
82 332 10
83 552 11
83 381 11
83 209 9
84 405 10
84 713 11
84 672 14
84 150 10
85 315 12
85 490 12
86 398 15
86 652 10
33 86 12
86 511 10
83 86 9
87 697 13
87 146 13
88 211 10
88 580 10
88 215 13
33 88 11
89 206 13
89 224 11
89 732 10
90 469 11
90 396 10
90 192 7
90 158 12
91 446 9
91 667 11
91 238 11
92 634 10
93 226 10
26 93 9
77 94 8
94 387 10
94 385 10
95 615 9
95 642 11
95 670 10
31 96 10
97 135 11
97 649 10
97 733 9
22 97 11
98 551 10
94 98 9
99 496 12
69 99 10
99 625 13
99 304 8
99 502 11
100 498 9
100 161 14
100 635 12
100 514 10
101 192 14
101 121 11
101 319 13
101 142 10
102 615 9
87 102 10
102 673 9
103 719 10
103 293 10
104 705 11
104 525 11
104 132 14
65 104 10
105 478 9
51 105 11
106 435 13
106 702 9
106 325 16
106 273 13
107 587 8
107 468 11
107 591 12
107 455 10
108 531 9
108 738 9
108 601 15
109 520 8
26 109 10
109 514 11
109 441 12
110 749 12
111 409 13
111 678 10
111 712 13
112 114 15
112 420 14
112 615 10
113 487 6
113 459 11
49 113 10
113 443 10
114 250 11
114 122 12
114 643 7
115 606 10
115 301 11
115 196 12
116 720 12
116 352 7
116 723 7
116 416 15
117 159 9
117 577 13
117 170 10
117 273 10
118 610 10
118 477 12
119 478 10
119 154 13
119 624 7
120 466 8
12 120 12
120 707 9
44 121 9
121 293 13
121 504 12
122 225 10
122 501 11
122 402 11
72 123 12
123 169 9
123 679 13
124 614 8
124 200 9
125 269 16
125 194 12
125 579 11
125 248 12
88 126 14
126 431 9
126 651 12
11 127 11
33 127 10
127 655 11
109 128 10
128 646 14
129 392 12
129 650 12
129 666 11
130 244 10
130 664 8
131 154 9
131 732 14
131 326 8
132 146 9
132 505 10
132 554 13
133 721 12
133 295 11
133 173 8
134 529 12
134 172 8
134 232 12
135 374 11
135 668 12
135 691 9
136 158 10
136 506 9
49 136 13
10 136 11
137 358 10
137 539 9
137 393 9
138 416 9
58 138 11
138 570 6
138 390 13
139 637 9
12 139 12
139 689 8
139 570 10
139 395 13
140 644 14
140 467 10
140 493 12
141 512 13
141 485 6
138 141 10
63 141 13
142 298 10
142 518 11
143 308 11
143 252 10
143 448 9
144 497 9
144 154 10
144 277 9
145 536 7
145 458 10
145 224 10
74 145 9
146 479 15
146 281 9
147 250 11
147 447 8
148 460 11
108 148 11
148 545 10
149 243 9
149 158 11
146 150 7
150 261 12
150 219 15
151 279 11
151 666 10
151 542 12
107 152 9
152 718 9
152 443 14
152 378 10
84 153 8
153 213 11
153 673 10
154 707 10
155 367 13
155 189 14
155 707 8
156 335 7
157 223 10
157 384 14
58 157 13
157 619 13
157 488 11
157 172 12
158 695 15
158 337 10
158 198 11
159 685 10
159 406 9
104 159 12
154 159 16
160 662 8
160 600 12
160 624 12
161 638 12
161 296 9
161 257 8
162 526 8
36 162 9
162 393 10
163 273 10
163 176 11
148 163 12
164 195 8
164 483 10
164 636 12
165 221 10
165 584 11
166 421 11
126 166 10
166 429 11
167 742 10
167 655 9
134 167 14
167 362 12
168 475 12
168 235 11
168 193 10
169 558 10
169 327 10
169 522 9
107 170 10
170 684 7
171 594 13
171 462 12
172 387 8
172 191 15
172 592 13
136 173 10
121 173 9
174 472 11
132 174 11
174 634 7
114 175 13
0 175 7
154 175 10
168 175 7
176 190 11
27 176 11
176 287 10
176 263 10
177 641 9
177 213 14
177 447 11
177 259 9
178 525 9
178 289 11
60 179 11
179 584 14
179 554 13
18 180 14
180 280 9
180 606 11
180 200 12
127 181 10
153 181 8
107 181 7
182 523 10
182 268 6
183 310 8
183 701 16
184 226 9
60 185 9
185 535 11
185 299 8
186 435 11
186 289 7
186 220 13
164 186 11
13 187 10
187 683 10
187 284 10
188 246 11
73 188 11
188 508 16
188 500 13
189 292 8
189 289 12
26 189 11
190 496 10
115 190 10
190 216 7
191 608 14
191 644 7
66 191 13
191 389 13
192 514 12
192 404 11
164 192 11
192 367 10
193 656 9
193 204 12
193 536 11
15 193 9
194 508 9
194 683 10
55 195 11
195 715 12
195 708 8
195 257 12
196 676 14
145 197 12
197 349 5
119 197 7
197 702 13
198 376 10
149 198 8
198 479 6
199 580 8
199 515 15
200 735 11
201 266 10
201 293 13
201 469 14
201 543 11
202 705 8
203 425 11
203 662 11
203 471 7
203 387 12
203 667 12
19 203 11
204 602 10
204 679 10
204 433 9
205 357 13
205 679 12
68 205 14
158 206 12
206 586 10
206 563 10
5 206 8
139 207 9
207 572 13
207 696 12
27 207 11
208 277 13
135 208 8
208 604 12
208 553 9
208 408 10
209 558 13
209 687 11
49 210 13
210 710 11
55 211 12
211 312 9
212 227 9
212 280 13
212 543 11
213 360 10
31 213 12
214 749 13
214 658 9
58 215 8
215 341 7
216 493 13
216 263 9
168 216 11
217 730 9
211 217 12
94 217 7
218 475 7
218 285 12
219 670 12
219 469 10
189 219 10
219 535 8
46 220 7
220 227 11
221 442 9
221 394 8
222 273 11
222 292 9
49 223 13
224 284 11
224 656 10
225 485 13
36 225 9
225 343 12
226 652 9
226 408 11
226 729 10
227 311 12
227 565 13
227 666 11
69 228 10
121 228 10
229 602 12
11 229 12
229 318 11
74 229 9
230 715 11
49 230 11
231 406 11
231 572 10
231 285 8
231 715 14
232 333 8
232 252 13
232 714 11
233 578 7
233 729 13
233 510 9
233 662 10
234 248 13
181 234 11
13 234 14
234 535 13
17 235 10
10 236 12
236 520 10
68 236 12
237 710 12
237 588 13
238 244 11
238 574 12
238 388 11
5 239 15
180 239 10
175 239 11
239 291 11
240 344 10
13 240 13
227 240 6
241 278 12
241 697 13
84 241 11
241 433 11
241 427 13
242 603 8
68 242 10
40 242 8
242 277 8
243 390 12
243 564 12
48 244 10
147 244 9
227 244 12
134 245 9
246 578 10
229 246 12
25 246 12
246 706 11
247 261 12
247 385 9
247 595 11
248 548 9
248 276 12
248 716 15
248 395 13
95 249 12
165 249 14
249 655 12
249 253 13
172 250 12
250 340 11
250 273 7
199 251 12
251 605 11
251 307 12
169 252 13
252 527 11
252 737 9
140 252 12
253 547 11
253 309 10
3 254 7
9 254 9
255 263 11
255 353 10
255 682 11
256 671 9
256 493 11
256 521 9
257 624 12
6 257 11
179 257 8
257 293 8
219 258 11
258 287 11
258 378 14
259 614 11
259 503 13
260 591 14
260 524 11
260 559 11
260 652 13
131 261 10
261 359 6
208 261 8
198 262 13
9 262 15
109 262 10
107 263 9
263 458 11
2 263 13
264 474 15
264 286 10
264 312 12
89 264 10
265 682 13
265 647 8
265 747 9
232 265 13
266 463 7
167 266 11
267 403 10
245 267 7
267 745 12
267 367 13
268 744 11
268 425 10
268 277 10
268 382 11
268 469 10
269 363 10
269 627 9
184 269 9
269 586 14
270 672 11
96 270 12
271 718 9
272 679 14
168 272 12
273 471 13
168 273 10
99 274 9
229 274 15
275 376 12
275 624 13
265 275 11
276 394 11
276 592 8
28 276 8
276 676 9
277 315 6
277 702 7
277 425 13
277 694 11
124 278 11
278 418 12
278 649 10
279 688 12
279 706 11
15 280 12
258 280 13
280 454 8
89 280 10
281 684 12
282 443 14
159 282 8
283 394 12
283 429 11
238 283 13
284 482 9
284 458 12
284 604 10
171 285 12
230 285 12
266 285 12
286 617 8
286 390 7
81 286 9
175 287 9
287 433 9
287 427 12
102 288 11
288 486 14
289 585 8
289 299 6
289 554 13
290 377 13
290 590 8
291 488 10
292 316 9
292 541 9
287 292 8
292 379 10
293 334 8
293 315 11
98 294 12
294 367 10
295 736 10
295 451 12
91 296 9
118 296 9
296 478 11
296 602 10
80 296 9
241 297 11
154 297 11
298 416 14
298 655 11
172 298 9
249 298 11
299 633 10
44 299 10
53 299 13
299 422 14
299 626 10
300 632 7
36 300 11
300 600 6
2 300 7
55 301 9
68 301 8
294 302 10
302 360 11
303 439 12
303 498 12
290 303 8
304 687 9
29 304 12
304 406 9
117 304 10
305 463 12
157 305 9
305 552 11
238 306 5
120 306 14
306 584 10
197 307 7
307 415 9
307 689 13
307 570 8
308 423 13
293 308 12
309 677 10
309 490 9
85 309 11
310 672 11
263 310 10
311 534 11
311 522 12
312 571 8
312 507 9
41 312 8
313 529 11
313 703 11
3 313 8
302 313 14
314 641 10
35 314 11
287 314 13
266 315 11
310 315 12
315 380 11
315 630 8
315 540 9
44 316 9
316 457 13
177 317 10
317 571 9
317 452 10
318 475 10
99 318 12
318 320 14
319 447 12
319 535 11
283 319 11
320 458 12
320 562 10
321 570 9
321 541 9
322 519 9
322 571 11
322 470 13
38 322 10
117 323 9
187 323 11
323 528 12
253 324 14
219 324 10
324 531 7
23 325 10
325 641 10
231 326 14
326 718 15
237 326 11
327 392 10
327 644 14
308 328 10
328 329 10
329 557 10
329 444 12
294 329 14
329 460 11
236 330 9
107 330 12
31 330 9
331 460 9
88 331 14
331 630 11
332 492 10
332 394 9
332 363 11
333 642 13
75 333 8
333 659 10
321 334 11
335 394 13
335 595 9
335 663 10
335 463 9
121 336 7
336 553 11
231 336 13
44 336 9
106 336 11
14 336 7
230 337 10
337 478 8
338 669 11
338 741 8
339 414 11
339 512 12
340 723 12
192 340 10
341 386 13
341 611 13
176 341 10
341 411 11
341 506 12
126 342 7
342 679 11
342 452 12
342 572 9
343 674 12
343 699 12
343 708 9
344 499 10
344 694 10
344 413 12
344 708 11
345 711 10
345 474 14
346 679 9
346 706 11
273 347 9
347 700 12
348 708 10
128 348 10
312 348 10
349 739 8
350 622 9
260 350 9
233 350 7
9 350 12
59 351 13
351 513 12
352 577 11
165 352 10
352 703 10
302 352 9
353 650 14
137 353 10
353 649 12
353 735 7
353 415 10
354 394 10
84 354 12
153 354 14
19 354 8
354 462 11
289 355 12
355 432 11
355 593 12
355 730 8
356 748 10
356 589 12
356 709 10
244 356 9
357 603 9
18 357 9
170 357 10
358 430 10
326 359 10
109 359 12
322 359 9
29 359 11
60 360 10
358 360 10
361 605 12
331 361 13
333 362 11
362 741 9
363 575 11
363 489 8
363 724 7
363 576 12
140 363 10
117 364 16
208 364 8
280 364 12
121 364 11
364 483 11
205 365 12
222 365 8
365 556 8
365 427 13
165 366 11
353 366 11
304 367 11
241 367 11
368 630 13
84 368 8
369 674 14
369 572 12
346 369 13
48 370 10
295 370 12
370 525 8
370 619 9
370 457 12
98 371 9
151 371 10
371 468 13
18 371 12
371 415 9
361 372 9
89 372 11
45 372 9
373 386 13
364 373 12
373 431 10
60 374 9
138 374 14
173 374 11
359 375 13
189 375 11
375 468 11
375 688 7
215 375 10
80 376 13
376 472 13
3 376 11
377 612 11
223 377 12
104 377 9
339 378 10
378 411 10
36 378 12
6 379 11
270 379 15
113 379 13
379 386 10
380 704 11
380 409 13
10 380 9
8 381 13
381 388 6
381 633 11
62 381 9
47 382 12
382 611 13
153 382 10
382 555 9
383 598 9
281 383 10
381 384 9
250 385 13
89 385 10
385 686 10
386 548 12
180 386 12
387 705 11
388 496 8
200 388 13
368 388 10
192 389 7
389 626 12
319 389 10
12 390 10
250 390 11
390 412 13
110 390 9
279 391 11
391 573 9
285 392 9
392 619 11
179 393 10
188 393 8
22 393 10
212 393 11
143 393 12
394 588 9
273 394 9
206 395 12
370 395 12
332 395 12
11 395 13
396 700 12
397 413 8
337 397 13
397 400 11
287 398 9
398 609 9
116 398 11
398 639 11
179 399 13
83 399 10
399 541 11
400 433 10
400 518 11
400 507 13
401 622 10
401 685 16
401 548 9
401 739 12
134 402 13
402 712 12
358 402 10
102 403 8
403 716 7
244 404 12
404 729 10
148 405 12
56 405 9
406 462 14
406 428 11
407 626 6
407 679 7
407 556 14
191 407 13
407 658 9
408 486 8
408 683 9
225 409 12
409 679 9
304 409 9
61 409 8
410 737 8
333 410 10
225 411 10
411 419 9
412 426 10
294 412 8
412 605 11
338 413 7
413 598 10
413 747 11
413 610 10
212 414 10
47 414 14
415 702 10
128 415 11
415 553 9
273 416 12
416 435 8
279 417 8
417 616 12
417 452 9
417 607 11
305 418 11
418 495 10
72 418 12
79 418 16
419 535 8
420 557 12
412 420 13
93 420 5
205 421 12
421 701 10
421 503 11
422 587 12
136 422 13
422 575 8
222 422 9
37 423 12
175 423 11
424 557 10
424 713 10
425 583 10
213 425 10
316 426 12
426 433 11
426 748 12
427 594 11
308 427 10
427 727 10
85 428 13
418 428 9
333 428 9
199 428 9
273 429 12
429 554 11
371 429 12
430 459 13
430 700 9
135 430 11
44 431 8
431 515 6
73 431 13
431 468 10
431 630 9
432 587 10
432 632 6
137 433 9
433 490 13
371 433 11
433 702 9
338 434 14
228 434 13
385 434 10
357 434 10
120 435 10
132 435 9
435 687 10
436 727 8
436 553 12
180 436 10
437 454 13
437 676 9
437 678 12
287 438 13
371 438 12
429 438 11
432 438 10
439 729 14
396 439 12
192 439 10
264 439 10
319 440 11
361 440 10
440 608 12
428 440 5
441 698 11
204 441 9
442 656 7
25 442 10
80 442 12
442 719 13
443 478 9
443 653 10
269 443 14
443 501 13
107 443 11
322 444 9
145 444 10
28 444 13
444 533 9
151 445 8
253 445 9
445 509 12
445 636 12
364 446 10
78 446 11
446 521 9
446 469 12
447 559 9
447 736 9
217 447 12
447 598 11
448 747 7
299 448 12
410 449 6
449 612 7
110 450 8
315 450 11
450 508 13
283 450 10
188 451 11
16 451 13
451 683 7
451 640 8
334 452 11
237 453 10
453 657 12
14 453 12
347 453 8
453 539 10
454 744 11
454 738 9
454 675 10
454 563 7
203 454 11
455 581 9
455 661 11
455 684 10
456 548 12
411 456 12
457 613 10
286 457 11
457 516 9
333 458 9
459 694 13
348 459 10
437 459 14
369 459 13
454 459 10
122 460 14
68 460 9
460 495 9
299 460 13
176 461 13
461 589 9
461 463 10
90 461 11
381 462 10
462 626 9
317 462 16
462 632 11
318 463 14
463 623 10
404 464 10
204 464 13
43 464 13
34 465 9
125 465 11
119 465 11
122 465 12
466 488 12
466 591 11
77 466 12
323 467 12
467 602 7
350 468 8
468 659 11
412 469 11
341 469 7
470 496 8
470 657 11
470 648 12
371 470 11
57 470 10
156 471 13
471 514 10
471 554 10
471 663 11
472 541 8
472 474 13
338 472 9
473 707 8
447 473 13
473 709 10
473 576 11
315 474 9
84 474 7
370 474 11
474 620 10
181 474 10
336 475 13
475 675 11
347 475 13
302 476 14
383 476 12
121 477 10
477 571 12
166 477 13
354 477 9
245 478 12
73 478 11
478 590 9
479 651 14
321 479 11
479 545 12
413 480 11
27 481 10
481 744 13
25 481 7
481 521 12
361 481 9
245 482 9
235 482 14
387 482 15
482 521 4
422 483 9
361 483 13
381 484 8
273 484 12
484 683 9
485 710 10
62 485 12
485 720 11
54 486 11
486 740 12
366 486 10
420 486 9
443 486 13
479 487 10
487 663 11
228 487 13
34 488 9
103 488 13
9 488 11
19 489 14
104 489 11
150 490 12
51 490 12
487 491 8
351 491 10
491 549 12
380 492 11
449 492 12
492 594 8
492 713 10
475 493 14
415 493 9
493 497 7
377 494 7
94 494 8
494 550 8
389 495 11
495 710 12
189 496 9
496 567 9
59 497 12
497 639 12
447 497 13
0 497 10
498 499 11
498 681 10
226 498 11
209 498 11
356 498 13
499 734 7
427 499 13
264 499 13
213 499 11
49 499 7
282 500 9
210 500 13
384 500 12
122 500 11
501 739 16
21 501 10
180 501 10
501 645 10
502 629 12
502 704 14
396 503 10
183 503 9
494 503 8
504 624 8
504 743 12
425 505 12
484 505 11
145 506 12
506 675 11
260 506 10
228 507 10
70 508 8
437 508 11
164 509 10
387 509 10
349 509 12
6 509 14
509 594 12
469 510 12
510 644 11
173 511 8
126 511 12
506 511 12
5 512 10
411 512 10
32 512 15
16 513 15
197 513 8
513 538 11
135 513 12
513 533 9
514 661 8
96 514 12
204 514 11
297 515 9
318 515 12
502 515 10
118 515 15
515 640 11
516 637 10
102 516 7
58 516 12
455 517 9
218 517 7
77 517 9
126 518 8
420 518 5
504 518 13
173 519 10
519 598 11
186 520 7
429 520 14
120 520 8
521 668 15
303 521 12
521 725 9
521 712 13
522 678 8
180 522 11
7 522 10
232 522 11
454 523 13
207 523 13
523 738 8
523 683 11
291 524 10
524 562 7
358 525 13
468 525 12
485 526 13
526 736 12
527 695 13
442 527 5
527 533 13
527 600 10
528 691 14
528 654 9
347 528 13
364 529 9
221 529 9
26 529 8
317 530 12
121 530 8
442 530 9
394 531 13
531 719 11
392 531 7
532 647 13
532 661 12
532 561 8
195 532 10
424 532 9
533 664 9
533 544 12
533 643 8
275 533 9
534 635 12
268 534 11
279 534 6
527 535 10
535 712 12
413 535 11
536 695 11
536 717 11
536 686 10
117 536 7
228 537 11
537 741 10
507 537 12
358 537 12
40 538 9
306 538 13
538 722 9
215 538 10
53 539 8
484 539 12
64 539 9
106 539 6
364 540 10
125 540 12
72 540 9
540 722 10
541 714 9
85 541 11
542 684 11
542 565 10
543 626 10
97 543 7
165 544 9
544 711 12
544 734 9
545 682 8
252 545 11
455 545 6
546 703 10
99 546 13
466 546 13
547 733 10
509 547 13
547 604 10
2 548 11
548 561 11
548 556 10
210 548 12
231 549 12
70 549 10
424 549 11
17 549 13
550 708 12
97 550 12
314 550 9
125 551 7
545 551 8
400 552 12
11 552 10
553 656 11
553 566 8
553 579 11
553 637 12
554 606 10
189 554 12
231 554 10
418 555 12
1 555 11
197 556 8
556 710 8
557 715 6
185 557 7
306 557 11
372 558 9
558 676 13
183 558 13
559 640 8
279 559 9
89 559 10
71 560 10
451 560 12
552 560 9
560 573 7
293 561 10
561 698 11
115 562 9
531 562 9
562 626 7
102 562 14
185 563 10
425 563 9
537 563 10
564 568 10
159 564 12
343 564 9
564 580 11
240 565 11
566 734 13
38 567 10
568 571 10
412 568 11
47 568 10
221 569 6
170 569 10
103 569 8
187 569 11
423 569 10
423 570 13
157 570 8
454 571 10
135 571 10
571 582 10
572 708 12
483 572 12
86 572 11
171 572 9
171 573 13
573 676 12
573 637 11
571 573 12
283 574 11
217 574 10
301 575 11
416 575 11
190 575 11
575 715 10
541 575 10
576 684 7
63 576 12
577 741 10
577 702 8
578 671 11
472 578 12
389 579 11
579 729 13
12 579 11
490 579 6
374 579 10
580 588 12
208 580 9
559 580 12
552 580 12
265 580 9
225 581 9
380 581 12
139 582 13
140 582 11
231 583 9
372 583 11
507 583 8
195 583 9
584 630 7
314 585 9
122 585 11
585 734 12
586 620 14
74 587 10
121 587 12
276 587 10
17 588 9
133 588 14
100 588 11
48 588 8
289 589 10
537 589 8
475 590 11
301 590 15
88 590 8
279 591 12
405 591 9
368 591 12
355 592 12
465 592 7
592 694 11
83 592 9
577 593 11
426 593 9
363 593 11
540 593 10
415 593 14
524 594 10
594 632 11
322 594 12
308 594 14
594 699 10
555 595 13
221 596 9
596 643 9
489 596 7
106 596 11
514 597 13
597 688 11
379 597 11
542 597 13
57 597 8
116 598 12
76 598 12
598 661 12
470 599 9
486 599 12
13 599 10
204 600 10
442 601 9
264 601 13
185 602 14
602 733 12
602 681 14
603 614 10
417 603 13
371 603 11
215 604 10
149 604 10
302 605 7
501 605 11
438 605 9
98 605 8
545 605 10
125 606 9
221 606 10
356 607 11
429 607 9
607 635 11
510 608 12
124 609 6
607 609 12
71 609 13
206 610 10
140 610 12
548 610 14
252 610 11
443 610 12
52 611 10
383 611 10
611 636 12
141 612 12
96 612 9
326 612 8
31 613 14
43 613 11
612 613 11
88 613 9
613 748 5
614 630 10
515 614 13
306 614 10
562 615 10
226 615 12
81 616 7
389 616 11
481 616 11
617 745 12
424 617 12
221 617 11
340 617 10
505 618 11
377 618 9
230 618 11
618 705 12
618 748 13
484 619 11
303 619 5
5 620 11
59 620 7
458 620 11
621 712 10
481 621 13
622 725 12
265 622 11
112 623 13
623 655 11
457 624 14
302 624 8
190 624 13
63 624 11
390 625 10
311 625 10
185 625 10
97 625 11
83 626 10
626 705 9
35 627 9
141 627 14
545 627 11
628 640 13
469 628 9
443 629 6
204 629 12
460 629 13
345 629 9
150 629 8
373 630 12
140 630 13
412 631 13
631 678 12
631 706 10
123 631 10
23 632 12
202 632 6
78 633 10
17 633 11
270 634 8
558 634 7
435 634 9
442 634 10
606 635 12
475 635 13
555 635 12
228 635 11
602 635 6
636 694 12
636 649 12
371 636 11
117 636 13
431 637 9
612 638 7
479 638 13
217 638 10
184 639 9
374 639 11
88 639 9
598 639 9
506 639 11
247 640 9
378 640 12
417 640 10
510 641 17
289 641 9
312 642 9
609 642 10
346 642 10
434 643 8
491 643 10
211 643 8
643 707 11
242 644 12
316 645 12
289 646 7
280 646 10
325 646 9
134 646 9
215 647 7
175 647 11
287 648 10
54 648 7
170 648 13
206 649 8
81 649 8
645 649 10
297 649 15
411 650 10
176 650 13
329 651 11
201 651 12
134 652 7
151 652 11
551 652 10
321 653 10
82 653 12
269 653 9
622 654 10
275 654 11
411 655 7
416 655 11
235 656 11
448 657 10
556 657 10
657 736 12
465 658 10
92 658 7
167 658 10
207 659 10
3 659 9
660 717 7
176 660 10
79 660 8
206 661 11
638 661 11
584 661 9
662 710 9
20 662 8
9 663 6
555 663 11
29 663 13
644 663 11
95 664 9
306 664 11
170 665 6
163 665 12
450 666 9
384 667 11
10 667 9
447 667 12
506 667 12
158 667 13
433 668 12
42 668 13
316 668 9
252 669 11
251 669 10
461 669 8
120 670 9
616 670 13
74 671 8
590 671 12
611 671 11
672 744 9
672 705 9
65 672 13
578 672 9
673 743 5
391 673 11
187 673 9
69 674 10
460 674 10
666 675 9
139 675 9
446 675 14
386 676 14
676 689 14
517 677 10
485 677 9
678 688 13
68 678 9
489 678 13
677 678 9
658 678 10
561 679 10
435 679 10
553 679 8
375 679 7
679 724 11
75 680 9
307 680 11
332 680 12
680 709 14
52 681 9
580 681 11
159 681 7
217 682 9
616 682 11
240 682 8
634 683 12
450 683 12
514 683 10
630 684 12
238 685 13
685 710 8
685 731 10
593 686 10
94 686 11
216 686 11
687 720 8
611 687 11
314 687 14
569 687 10
290 688 10
156 688 13
176 688 13
215 689 13
459 689 11
222 689 9
486 690 10
386 690 9
666 690 12
128 691 10
691 692 11
437 691 11
136 692 10
289 692 9
223 692 11
12 692 14
74 693 7
289 693 6
492 693 12
333 693 10
436 693 13
68 694 6
44 695 11
638 696 10
524 696 8
141 697 14
398 697 14
148 698 10
515 698 11
95 698 10
178 699 10
313 699 11
678 700 12
700 706 13
385 700 12
209 701 11
701 720 9
57 701 10
114 701 8
101 701 14
465 702 9
233 702 10
694 702 5
27 703 9
89 704 12
344 704 10
237 704 10
243 704 7
622 705 10
275 705 10
508 705 9
80 706 10
591 706 11
650 706 7
632 706 10
260 707 11
188 707 11
199 707 12
298 708 13
242 708 7
95 708 11
463 709 9
255 709 11
710 737 12
519 710 12
429 710 10
618 710 12
643 711 10
578 711 10
580 711 12
504 712 8
135 712 9
151 712 11
125 713 10
546 713 13
43 713 11
636 713 10
434 713 10
397 714 10
102 714 12
593 715 13
247 715 5
312 716 9
488 716 8
238 716 12
519 716 10
100 717 12
661 717 12
134 717 9
220 718 10
47 718 9
434 718 15
76 719 11
682 719 9
339 720 8
363 720 8
630 720 11
685 721 14
76 721 9
662 721 8
176 721 11
172 722 8
147 723 11
7 723 13
689 724 12
499 724 12
504 725 9
405 725 14
218 725 8
478 725 7
197 726 11
625 726 12
409 726 11
93 726 7
32 727 7
180 727 11
631 727 9
512 727 9
585 728 8
521 728 10
652 728 6
188 729 12
133 730 7
416 730 10
238 730 11
437 730 12
483 731 11
261 731 9
235 731 13
382 732 7
565 732 10
462 732 12
19 732 9
369 732 11
208 733 7
174 733 9
124 734 11
323 735 10
235 735 9
1 735 10
627 736 7
456 736 6
96 736 14
249 737 11
130 737 8
485 737 12
658 738 8
228 738 10
78 739 11
341 739 11
577 739 11
205 739 11
154 739 14
165 740 12
587 741 12
309 741 10
584 742 12
422 742 8
702 742 11
423 742 9
685 742 13
65 743 11
713 743 10
313 743 7
526 744 12
466 744 8
314 744 7
485 745 12
554 745 12
376 745 14
9 745 9
568 746 13
480 747 15
92 747 11
708 748 10
563 748 11
234 748 9
174 749 10
438 749 10
606 749 9
