750
0
2
6
3
7
6
8
6
6
3
3
7
9
10
9
9
10
7
5
6
8
6
7
4
10
5
8
10
2
1
3
4
10
5
9
7
5
4
6
4
5
9
4
9
8
6
3
8
6
8
7
10
8
3
2
9
7
2
6
7
4
2
3
6
5
9
7
7
10
7
4
9
2
3
2
8
9
2
7
9
9
2
9
9
7
6
1
9
9
3
3
6
3
6
9
7
8
2
3
4
3
4
3
7
5
8
2
8
5
6
6
4
6
8
6
4
3
3
8
3
6
10
8
5
7
3
1
3
9
3
1
3
3
1
5
4
4
8
2
9
7
2
5
4
5
7
9
4
6
1
8
3
7
2
10
6
7
9
8
2
10
3
7
3
3
3
5
8
8
9
5
3
9
3
5
7
8
3
9
10
2
6
4
8
2
5
8
3
1
10
5
4
2
7
10
9
8
2
6
2
2
8
6
6
3
2
5
2
9
9
7
2
7
6
10
6
2
3
6
6
7
5
5
4
8
8
10
5
5
6
4
3
6
5
6
2
6
9
3
8
9
10
4
9
5
6
1
8
4
2
8
7
10
6
7
2
8
4
8
2
8
7
10
7
7
9
4
1
1
6
8
10
10
10
5
3
7
4
4
2
2
9
7
8
4
3
7
6
2
1
6
8
9
6
7
4
3
2
5
9
7
8
5
6
6
5
1
6
10
9
2
9
5
2
5
6
8
3
10
6
6
8
8
9
7
8
9
2
6
8
5
5
3
4
4
7
2
3
3
5
6
5
4
2
9
1
1
5
8
3
5
7
7
8
10
6
2
9
4
6
9
6
8
4
6
3
5
2
7
5
7
3
9
10
4
3
2
1
4
6
5
8
2
6
7
8
2
9
3
2
4
6
6
1
4
7
3
5
2
5
6
7
7
6
6
6
8
2
9
1
8
2
9
6
2
8
9
4
2
2
1
7
2
1
6
4
4
7
1
7
6
6
8
7
7
7
8
9
1
8
5
4
4
9
6
9
7
5
3
6
2
7
4
3
1
2
4
9
10
6
5
9
3
9
4
9
9
4
2
2
2
2
6
1
4
8
4
6
9
1
1
9
2
8
3
4
3
9
4
10
5
6
4
7
6
8
9
6
6
5
3
7
4
6
2
1
1
4
8
4
7
5
5
6
7
1
8
1
7
9
4
4
5
7
5
5
6
4
7
4
8
7
2
4
9
2
9
3
1
3
3
2
2
9
2
3
3
9
1
8
5
9
5
6
9
9
8
6
3
5
4
3
9
7
3
7
9
8
4
7
8
7
10
4
4
2
5
4
5
5
6
6
6
6
3
9
6
7
7
7
1
2
7
6
9
10
3
2
2
3
6
5
5
10
2
3
2
6
4
6
7
2
9
9
10
2
7
1
7
3
2
9
5
9
2
8
6
1
9
2
4
2
4
7
7
7
3
5
4
3
3
3
9
9
2
4
6
6
8
4
1
4
8
8
7
9
5
7
9
2
7
2
8
5
2
4
1
2
6
5
8
8
9
2
4
3
4
10
5
4
5
6
7
7
2
7
8
7
4
2
5
7
3
5
2
5
10
7
8
2
2
5
3
8
10
4
5
5
9
1
9
5
5
2
8
1
8
10
6
1
6
2
9
4
7
7
3
8
4
4
2
3
5
3
8
1
2
6
8
8
2
1
9
9
4
8
8
10
4
7
0 39 9
0 461 9
0 106 7
1 123 9
1 721 10
1 101 8
1 677 11
2 310 8
2 210 13
2 586 9
3 596 12
3 116 8
3 12 8
3 664 9
3 746 11
4 411 11
4 132 11
4 624 10
5 734 10
5 149 12
5 617 8
6 361 12
6 618 8
6 351 10
7 364 9
7 415 13
7 614 13
8 497 12
8 585 10
8 155 8
8 330 10
9 632 9
9 451 9
9 433 11
10 344 12
10 615 8
10 54 9
11 639 9
11 346 9
11 392 11
11 32 10
12 394 11
12 283 11
12 306 9
12 608 14
13 410 5
3 13 11
13 299 13
13 730 10
13 733 16
14 664 11
14 358 10
14 80 10
15 349 8
15 628 10
16 560 12
16 504 12
16 469 11
17 386 12
18 141 12
18 241 12
18 344 12
18 727 9
19 149 8
19 45 11
19 415 6
20 152 13
20 54 8
20 171 9
21 688 10
21 592 10
21 627 11
22 332 9
22 486 15
22 222 14
23 435 13
23 468 8
23 385 12
23 137 12
23 455 11
24 133 9
24 218 9
24 227 10
24 465 9
25 565 10
25 285 9
26 364 10
26 121 11
9 26 12
26 72 11
27 353 10
27 178 14
27 247 13
28 559 9
28 572 13
28 140 13
29 319 13
29 318 10
29 461 9
30 231 7
30 497 13
30 297 11
31 268 10
31 246 9
32 421 9
32 156 14
32 698 7
32 617 10
33 220 10
33 306 13
34 563 9
35 228 13
11 35 10
36 257 9
36 172 12
36 70 11
36 654 9
36 365 13
37 304 4
37 374 9
37 119 11
37 400 10
38 117 14
38 308 15
38 109 13
38 174 14
39 597 12
39 514 7
40 701 8
40 579 12
40 282 13
40 636 8
40 50 12
40 195 10
41 516 11
41 178 8
41 189 8
41 645 9
42 426 9
42 232 12
42 670 10
42 416 8
43 354 9
30 43 13
44 748 8
44 581 12
45 517 11
45 581 14
45 123 9
46 202 10
46 377 7
47 192 9
47 199 9
47 89 10
47 259 11
48 467 9
48 640 15
48 746 11
48 318 13
49 685 13
49 124 10
2 49 9
49 514 7
49 531 9
50 113 10
50 640 12
50 389 11
18 51 12
51 154 9
51 155 12
52 583 11
52 567 14
53 564 6
53 514 11
53 88 10
53 555 9
54 77 15
54 584 7
54 591 11
55 552 14
55 444 11
55 747 10
55 56 11
56 399 11
56 478 10
56 671 7
57 384 10
57 167 13
57 298 14
57 610 6
58 427 12
58 476 11
58 196 8
58 392 11
59 162 8
59 344 11
59 622 12
60 730 10
60 166 11
60 227 9
60 212 11
61 262 13
49 61 11
61 390 10
62 71 6
62 276 12
63 100 13
63 324 8
64 234 10
64 178 12
64 476 8
64 268 9
65 598 9
65 603 12
65 743 11
65 643 9
64 66 12
66 290 10
66 725 12
67 302 11
67 270 11
67 521 14
68 556 11
68 335 8
68 402 7
69 749 9
69 551 6
69 672 9
69 642 8
70 719 6
70 684 11
70 665 8
70 417 10
71 295 11
71 87 10
67 71 10
71 151 11
72 146 11
72 329 9
72 239 10
72 531 11
72 219 7
73 161 10
73 352 13
38 74 8
74 297 10
74 397 11
75 648 12
75 445 9
75 233 15
75 234 14
76 340 9
76 329 12
77 144 12
77 590 12
78 300 10
78 462 13
78 692 10
79 645 7
79 729 9
80 172 12
80 503 10
80 291 14
80 302 13
80 639 7
81 650 7
81 432 11
82 427 15
50 82 10
82 96 12
82 204 10
83 703 13
83 638 11
83 632 9
83 681 9
84 479 11
84 233 11
84 696 12
84 334 10
84 435 13
85 108 10
85 388 12
85 598 14
85 656 12
48 86 9
86 723 7
86 543 10
87 704 13
87 625 11
7 87 14
87 679 12
88 554 7
88 144 11
88 273 13
89 240 12
89 323 13
89 172 10
89 379 10
90 740 9
90 340 9
90 564 8
91 272 9
91 228 13
92 236 10
92 408 8
92 414 12
92 315 9
93 488 10
93 208 10
93 585 10
36 93 9
39 94 13
94 99 9
53 94 12
95 142 12
95 256 10
33 95 11
96 671 9
96 634 9
97 407 11
97 675 11
97 413 10
98 345 8
98 537 11
98 141 9
99 355 11
99 197 13
99 228 9
100 398 13
100 360 9
100 501 10
84 100 5
100 596 9
0 100 14
101 315 12
101 278 13
101 235 8
102 504 11
102 675 8
102 375 11
103 683 12
103 459 13
103 669 10
104 535 12
51 104 8
11 104 12
9 104 11
105 464 9
105 395 9
101 105 8
103 106 9
106 315 12
107 253 8
107 427 11
107 652 18
108 381 11
71 108 11
109 200 11
110 192 8
110 390 8
110 271 11
111 479 9
111 334 12
30 112 10
112 251 12
113 406 9
113 185 10
114 662 10
114 516 13
115 554 10
115 228 12
115 426 9
55 115 11
116 526 12
116 131 12
116 535 8
117 158 13
117 328 10
117 429 12
118 646 10
88 118 12
118 711 12
78 119 13
119 436 12
119 259 14
119 615 11
120 594 13
120 598 11
120 421 10
120 227 11
121 747 13
121 624 11
39 121 6
121 225 12
122 235 10
122 449 11
122 134 11
123 572 10
123 643 7
123 683 12
123 650 12
124 568 12
124 337 15
124 128 9
125 637 14
64 125 12
126 346 8
126 731 8
8 126 10
126 669 10
126 396 12
127 556 13
127 291 8
127 334 11
128 347 10
128 706 12
11 128 13
128 293 12
129 681 9
108 129 11
130 384 9
130 584 9
131 288 15
131 142 12
67 132 10
132 550 10
132 633 6
133 599 9
125 133 10
133 318 11
134 332 15
0 134 12
134 509 12
134 202 11
135 227 10
42 135 11
28 135 11
135 717 8
74 136 13
136 421 11
136 306 13
136 568 9
118 136 11
137 610 9
137 709 11
138 186 9
138 377 12
138 280 10
138 522 11
139 601 10
139 253 12
140 346 11
33 140 11
115 140 14
38 140 11
79 141 10
141 379 8
142 454 12
142 226 8
105 143 5
143 479 12
144 603 8
144 703 9
144 205 14
145 194 12
145 267 10
146 214 10
146 588 13
147 277 12
105 147 12
147 658 10
148 712 9
148 375 10
88 149 13
149 226 6
84 149 9
150 299 9
150 211 8
150 192 9
11 150 9
151 359 11
151 290 11
9 151 14
152 336 13
152 311 8
152 735 11
80 152 10
153 594 9
153 370 11
0 154 9
154 594 9
155 297 12
155 711 10
155 533 13
155 381 6
156 678 11
124 156 10
156 358 13
157 560 10
157 678 10
157 498 13
125 158 9
158 297 11
158 192 8
158 613 12
159 594 10
159 368 13
159 605 9
159 689 10
160 645 11
160 677 14
158 161 9
161 698 9
162 665 12
162 384 13
162 557 9
162 487 12
163 359 9
163 371 10
163 675 14
163 425 10
164 730 13
124 164 10
164 287 7
165 616 7
165 535 10
165 509 11
166 333 9
166 499 10
166 370 9
72 167 11
167 270 10
122 167 10
167 485 8
168 394 11
168 221 13
168 302 9
101 168 11
168 310 9
168 309 9
169 592 12
169 728 10
56 169 11
170 292 7
155 170 11
157 170 7
170 705 13
170 707 11
171 531 9
170 171 11
172 562 12
172 367 11
173 673 12
174 275 9
174 656 14
9 175 10
175 448 12
101 176 9
13 176 9
176 354 12
177 325 11
177 234 14
56 177 12
178 702 14
178 307 10
178 396 12
179 696 10
44 179 11
179 231 11
179 436 13
180 542 13
180 481 8
180 196 12
53 181 9
181 593 10
105 181 10
181 636 9
182 503 6
182 663 7
183 205 8
183 265 11
184 686 10
184 602 11
185 632 11
185 589 11
186 290 12
174 186 12
187 580 11
187 376 11
21 187 10
188 377 12
188 507 14
188 440 9
188 370 11
189 225 11
190 535 11
73 190 10
191 598 11
87 191 9
98 192 11
192 249 13
192 727 11
192 207 10
193 450 14
193 572 9
194 624 9
194 711 6
195 222 11
196 383 7
144 197 13
114 197 11
80 197 10
198 485 13
198 206 7
198 588 10
199 661 11
129 199 11
56 200 13
200 412 13
200 677 11
54 200 8
200 740 8
201 233 10
201 684 8
202 221 13
202 741 9
202 542 12
203 424 9
134 203 11
77 203 7
113 204 9
204 430 9
205 234 10
205 289 11
205 567 8
205 314 11
75 206 13
137 206 12
206 366 9
152 207 10
207 580 11
207 426 11
208 530 5
208 681 10
208 510 13
49 209 8
209 339 14
210 220 8
210 547 8
210 241 12
210 459 6
211 542 11
211 247 10
211 436 9
211 547 11
124 212 11
212 347 8
212 292 12
213 557 14
213 378 10
213 375 15
214 651 10
28 215 12
215 540 10
215 239 10
215 678 11
216 571 9
216 332 14
160 216 10
5 217 10
217 570 11
217 578 8
218 410 10
218 655 13
213 218 12
218 305 11
218 384 10
74 218 14
219 601 8
219 476 10
219 694 12
212 219 8
220 464 9
141 220 11
220 296 9
220 509 12
19 221 10
209 221 13
221 501 5
0 221 10
222 738 9
13 222 11
102 223 10
204 223 8
223 492 12
224 384 10
18 225 12
37 225 11
225 240 15
226 580 8
98 226 10
3 227 6
227 554 8
56 227 11
227 229 9
201 228 11
228 267 15
114 228 11
173 229 12
229 702 13
229 231 9
64 229 12
230 425 9
230 524 6
230 363 10
231 711 11
125 231 8
231 464 9
231 604 9
232 608 10
232 510 13
200 232 13
233 727 10
65 233 12
233 696 9
233 317 9
56 234 11
234 728 12
234 264 8
139 235 11
115 236 12
236 537 10
236 284 13
237 747 11
237 377 11
87 237 12
178 237 10
238 493 9
100 239 11
239 526 7
240 706 11
15 240 14
42 241 6
241 749 10
242 637 8
242 456 13
242 390 7
116 243 12
243 426 10
197 243 14
243 531 10
244 369 10
244 711 7
244 604 8
245 423 14
246 473 7
246 349 12
246 521 9
246 421 10
247 693 7
247 469 12
247 465 10
59 248 9
248 511 10
248 616 9
248 306 10
100 249 12
124 249 10
249 442 12
226 249 7
250 662 9
250 513 9
250 498 14
251 675 12
251 646 9
251 666 12
213 252 10
252 637 11
92 252 7
253 596 11
165 253 10
196 254 8
254 601 10
92 254 10
254 581 11
255 386 10
189 255 6
37 255 13
255 529 12
256 487 13
256 337 13
257 320 9
257 660 10
257 513 9
258 728 10
258 649 12
259 354 11
259 325 13
136 259 11
260 486 11
260 634 12
260 620 6
195 260 12
209 261 13
261 560 8
261 669 11
83 261 14
262 287 12
262 602 14
239 262 7
263 486 11
263 640 13
264 299 8
265 474 10
265 618 10
265 708 11
265 348 11
266 376 9
266 441 9
266 524 10
266 405 12
94 267 10
107 267 13
267 413 10
17 267 6
267 562 9
124 268 8
268 271 13
228 268 11
151 269 11
38 269 10
269 567 9
135 270 10
271 738 11
111 271 12
271 599 13
271 633 9
272 530 10
192 273 11
274 688 9
274 345 9
274 515 12
146 275 13
247 275 8
275 426 8
275 527 7
57 275 8
180 276 9
54 276 10
13 276 8
23 277 11
277 300 12
111 278 8
278 543 7
278 726 10
230 279 11
279 673 14
279 660 12
280 724 6
280 596 8
280 603 12
113 281 9
281 397 10
281 345 7
281 330 12
282 610 9
282 331 10
139 282 13
282 549 12
283 610 10
283 642 9
283 454 8
283 683 12
234 284 8
20 284 10
284 428 10
228 284 14
285 533 11
285 392 13
285 674 11
285 534 13
56 286 10
286 467 9
218 287 9
288 530 9
288 523 5
289 573 9
184 289 14
289 571 9
187 289 11
6 289 11
290 446 10
5 290 10
290 596 13
291 578 13
266 291 11
291 719 9
292 608 12
67 292 13
292 667 6
292 298 9
293 568 9
132 293 13
15 293 13
293 590 10
294 374 14
294 387 9
294 512 12
294 741 8
295 562 7
219 295 11
295 512 12
116 295 7
296 383 11
296 661 9
296 435 13
71 297 10
293 298 12
298 699 10
298 537 13
17 298 13
78 299 8
299 620 9
299 543 8
242 300 10
300 346 12
300 535 11
300 481 10
269 301 12
301 500 15
179 302 9
303 657 12
303 361 13
303 746 11
303 552 9
304 318 7
277 304 9
271 305 9
305 310 13
130 306 9
164 306 10
307 723 13
307 639 10
307 455 9
308 371 13
308 581 11
308 391 12
309 416 17
216 310 11
283 310 12
287 311 7
311 575 8
311 685 13
311 711 10
312 672 11
312 455 4
313 509 11
313 624 10
191 313 11
111 314 13
139 314 10
315 565 13
315 496 10
316 412 8
316 564 12
316 601 9
317 621 10
317 429 9
317 726 9
318 474 11
318 393 10
267 319 12
319 711 10
320 629 9
320 609 13
320 340 9
264 321 12
321 459 9
321 731 11
142 322 13
322 735 12
281 322 11
142 323 9
300 323 10
323 516 10
123 323 10
123 324 11
159 324 9
56 324 9
136 325 9
325 683 12
279 326 14
30 326 15
234 327 12
321 327 12
42 327 9
258 328 12
328 489 10
237 329 8
329 696 10
329 659 15
29 330 9
330 536 9
330 646 10
331 632 14
184 331 12
331 586 11
141 331 11
331 688 12
332 347 10
332 429 10
332 407 8
89 333 10
333 647 10
324 334 7
334 485 12
244 334 16
335 531 11
335 373 11
170 335 9
335 744 9
271 335 12
77 336 6
50 336 12
336 342 9
307 337 8
337 469 14
213 338 10
338 692 12
78 338 10
339 708 12
24 340 10
256 340 9
341 417 13
208 342 7
247 342 13
235 342 12
342 394 12
343 616 11
339 343 8
343 459 10
343 479 8
343 437 14
343 480 10
344 485 10
344 602 9
201 344 8
344 408 7
345 617 12
345 735 11
345 415 8
345 670 14
304 346 11
346 437 9
346 480 13
260 346 11
130 347 10
273 347 12
347 637 12
347 606 12
95 348 12
348 453 12
50 348 6
348 480 11
349 670 9
349 441 11
82 349 8
344 350 14
350 555 12
350 727 13
351 544 9
351 631 14
351 611 11
245 352 11
146 352 10
353 520 11
353 659 12
110 354 7
354 717 10
272 354 8
10 355 12
356 432 9
258 356 15
289 356 7
63 356 12
352 357 12
357 595 12
357 535 11
131 357 6
357 627 10
358 679 13
292 358 11
166 359 9
66 359 13
359 702 13
32 360 10
360 399 7
360 731 10
360 469 7
361 608 10
191 362 13
362 381 10
362 687 13
363 615 10
164 363 10
199 364 15
364 519 11
365 582 9
365 492 12
74 365 11
366 737 14
104 366 10
366 514 13
366 598 11
231 367 14
39 367 12
368 523 12
292 368 11
231 368 7
369 599 13
237 369 5
262 369 12
370 596 11
185 370 8
370 602 8
320 370 11
221 371 10
47 371 9
287 372 9
372 548 8
372 658 13
373 467 10
311 374 7
374 731 11
211 374 8
374 703 10
27 375 9
343 376 9
204 377 10
137 377 5
377 416 8
377 566 9
307 377 8
189 378 12
378 673 10
378 462 8
256 378 11
379 539 11
379 599 11
379 409 9
101 379 10
380 480 14
380 628 13
284 380 8
315 380 9
208 381 11
95 381 13
382 504 10
264 382 11
382 446 12
6 382 10
383 571 13
289 383 15
383 595 11
384 409 10
150 384 11
43 385 12
385 630 12
385 723 14
346 386 7
115 387 9
387 390 10
47 387 12
6 388 9
388 669 11
106 388 10
389 696 12
177 389 7
389 659 10
95 389 10
390 616 11
390 735 6
390 480 14
235 391 8
391 690 10
379 391 12
305 391 12
392 576 10
77 392 11
383 392 13
393 421 9
70 393 10
354 393 12
309 394 7
217 395 11
213 395 9
396 630 10
386 396 8
343 396 7
396 580 9
189 397 11
397 673 12
7 397 15
255 398 12
390 398 9
399 532 12
399 584 9
349 400 10
370 400 11
166 400 12
401 526 12
204 401 12
402 661 13
92 402 12
22 402 10
403 720 9
85 403 13
403 632 10
151 404 15
404 721 15
193 404 9
405 710 10
117 405 7
242 405 11
405 503 12
406 711 8
262 406 11
78 407 8
226 407 10
407 538 13
395 407 11
408 690 11
408 452 7
409 508 10
409 477 8
167 409 8
409 565 11
410 472 9
410 529 4
385 411 12
246 411 12
214 412 12
72 412 9
412 520 9
412 502 11
413 486 10
357 413 13
413 618 13
413 466 13
414 493 10
171 415 12
415 712 14
415 505 10
416 548 8
416 643 13
416 736 10
416 514 14
385 417 8
417 644 15
268 417 13
224 418 8
418 726 13
418 419 11
11 419 9
152 419 9
268 419 12
80 420 11
283 420 11
177 420 12
421 662 10
421 538 12
45 421 9
48 421 12
2 422 9
422 468 9
145 423 8
423 470 9
167 423 13
289 424 12
118 424 11
264 425 8
175 426 12
168 426 12
27 427 12
319 427 12
346 427 9
304 428 8
323 428 6
71 429 12
429 541 14
79 429 16
429 580 12
142 429 12
345 430 12
296 430 12
431 697 10
327 432 10
33 432 11
7 432 10
22 432 7
7 433 10
180 433 12
434 514 9
208 434 9
305 435 9
117 435 11
435 531 8
435 554 9
436 501 10
26 436 9
274 436 13
325 437 12
355 437 11
437 554 11
437 539 11
156 438 12
438 525 9
286 439 9
439 610 11
439 550 12
152 440 10
60 440 9
440 704 14
314 441 9
297 441 10
95 442 8
442 520 12
442 518 11
443 598 8
443 454 12
443 557 11
444 557 10
444 499 10
444 614 9
230 444 15
445 464 13
445 728 10
56 445 9
219 446 10
385 446 13
438 447 7
34 447 11
18 447 12
37 448 10
139 448 13
239 448 7
449 599 11
449 543 10
449 510 12
450 514 6
451 524 9
76 451 9
175 451 10
452 546 10
284 452 9
121 452 12
388 453 7
236 453 7
272 454 15
454 670 9
177 455 12
93 455 11
456 718 11
258 456 14
421 457 9
115 457 10
458 636 12
458 653 10
172 458 12
425 459 8
346 459 11
349 459 13
432 460 13
460 701 10
293 460 9
305 460 10
71 460 12
133 460 13
174 461 9
461 610 13
325 462 13
374 462 9
462 679 12
463 597 9
464 629 7
464 545 13
440 464 8
464 611 12
429 465 9
465 565 9
48 466 11
466 620 11
222 466 10
141 466 10
430 467 14
303 467 9
19 467 12
467 484 9
344 468 9
7 468 10
163 468 13
340 468 6
205 469 12
292 469 8
0 469 9
470 574 10
470 696 14
470 520 12
396 470 7
176 471 11
53 471 10
51 471 10
335 472 13
472 654 8
379 472 12
156 472 10
473 691 11
473 486 13
473 689 15
473 679 12
474 519 11
233 474 9
474 572 9
474 583 12
275 474 13
475 658 10
475 645 9
475 696 9
418 475 10
475 710 8
341 476 12
476 666 11
302 476 8
312 477 11
477 681 12
96 477 10
478 635 11
478 738 11
479 553 13
114 479 9
163 479 11
479 578 9
480 537 8
406 480 12
423 480 9
481 717 9
314 481 13
347 481 12
136 481 13
446 482 11
482 517 10
425 483 7
483 669 12
379 484 10
373 485 11
182 485 11
73 485 10
5 486 12
486 528 9
174 487 11
371 487 9
487 542 13
488 704 8
247 488 11
481 488 8
76 488 14
73 489 9
489 673 9
474 489 10
490 703 11
490 597 13
316 490 11
42 491 12
491 724 8
491 655 10
176 492 8
285 492 10
492 494 8
492 534 13
493 563 10
10 493 13
263 493 11
349 494 7
183 494 12
373 494 7
120 495 8
495 694 12
496 529 11
496 625 14
409 496 10
430 496 16
359 497 14
138 497 10
497 561 9
497 705 10
123 498 9
191 498 9
316 498 13
53 499 11
499 701 6
46 499 12
165 499 10
500 619 10
23 500 12
103 500 10
501 513 13
229 501 10
166 501 12
502 510 12
430 502 5
353 503 9
312 503 11
503 720 10
371 503 15
503 536 9
504 509 9
3 504 6
261 504 8
17 505 9
55 505 10
51 505 12
462 506 11
506 687 13
448 506 11
506 526 9
358 507 8
428 507 13
507 658 13
110 508 10
96 508 11
322 508 13
271 509 12
509 719 15
408 509 15
510 689 11
403 510 10
455 510 9
347 511 6
81 511 10
511 643 12
511 514 10
512 560 11
512 656 13
512 729 10
445 512 9
512 737 7
237 513 13
398 513 11
41 513 11
285 514 11
514 679 11
339 515 14
287 515 11
378 515 12
476 515 11
516 598 14
516 726 11
478 516 11
517 536 8
35 517 9
517 629 7
446 518 12
344 518 8
518 629 11
329 518 7
252 519 12
338 519 8
206 519 13
520 560 12
520 729 11
358 521 10
193 521 11
362 521 11
50 521 13
96 522 11
366 522 10
522 729 8
378 522 12
111 522 9
349 523 11
415 523 11
524 526 8
36 524 12
265 524 12
202 524 10
121 525 7
74 525 10
200 525 9
93 526 10
268 526 11
64 526 9
100 527 12
527 703 10
353 527 10
112 528 9
217 528 10
16 528 13
17 528 11
354 528 15
286 529 12
367 529 14
501 530 13
238 530 8
320 530 11
354 530 9
277 531 10
531 695 11
42 531 12
244 532 7
509 532 11
406 532 9
114 532 13
532 705 12
4 533 11
71 533 12
48 534 10
323 534 9
283 534 10
25 534 10
124 534 10
389 535 11
489 535 10
535 744 10
536 571 11
323 536 13
536 666 7
192 537 12
397 537 9
145 538 11
33 539 12
512 539 9
204 539 13
539 568 10
540 607 13
540 680 7
418 541 6
541 613 10
541 667 13
516 542 9
351 542 10
114 542 9
265 543 13
359 543 13
543 545 10
78 544 10
135 544 11
30 544 14
545 615 11
23 545 9
352 545 14
546 601 11
546 559 9
39 546 11
311 547 13
547 555 12
104 547 11
365 547 10
207 548 9
458 548 10
548 640 10
548 735 8
218 548 13
454 549 9
549 555 12
549 726 12
152 549 8
44 550 9
114 550 10
550 706 11
29 551 12
302 551 11
89 552 10
201 552 12
360 552 8
523 552 12
427 553 8
326 553 10
422 553 12
62 553 8
216 553 12
554 567 9
554 649 10
554 598 7
313 555 11
555 578 12
556 675 9
279 556 11
556 713 12
265 556 11
528 557 10
557 615 11
557 665 9
439 558 13
255 558 9
338 559 12
493 559 13
77 560 8
187 560 12
561 676 8
350 561 9
166 561 10
401 561 12
386 562 11
364 562 7
562 624 9
379 563 13
444 563 10
563 579 11
139 563 10
527 564 8
508 564 10
32 564 11
23 565 10
279 565 7
511 565 12
75 566 10
142 566 12
567 604 14
567 581 10
153 568 11
349 568 11
439 568 9
568 693 12
24 568 12
569 694 11
260 569 10
462 569 12
528 569 10
570 722 10
75 570 8
570 631 10
402 570 10
570 692 10
571 597 11
571 704 13
424 571 11
460 572 11
306 572 7
572 729 13
331 573 14
399 573 11
295 574 10
574 643 9
575 662 9
378 575 10
553 575 11
373 575 10
576 657 12
166 576 12
506 577 10
162 577 7
4 577 10
117 578 11
578 735 11
219 579 11
579 736 8
579 700 12
282 580 10
312 580 16
268 580 13
88 581 10
188 581 14
582 715 13
300 582 12
582 588 11
558 583 9
13 583 11
302 583 12
1 583 9
482 583 7
296 583 15
465 584 10
359 584 10
88 585 11
585 716 13
235 585 12
97 585 12
222 586 9
496 586 10
426 587 13
330 587 10
43 587 14
521 587 13
27 588 6
588 625 9
46 589 10
364 590 12
138 590 10
241 590 9
430 591 14
289 591 10
166 591 14
119 592 13
176 592 8
592 714 12
284 592 11
392 593 10
579 593 10
291 594 9
594 630 9
198 594 11
408 594 9
251 595 12
151 595 13
596 674 14
596 598 12
317 596 7
469 596 15
106 597 10
411 597 8
453 598 12
96 598 12
249 599 13
221 599 10
59 599 13
140 600 11
100 600 9
482 601 12
51 601 11
298 602 13
369 602 11
173 602 8
598 603 9
230 603 12
545 603 11
236 604 10
407 604 13
154 605 9
605 670 11
518 606 10
28 606 7
426 606 12
292 607 9
336 607 12
554 607 12
608 689 12
348 608 7
451 608 11
609 723 9
609 739 11
610 712 12
46 610 10
610 679 13
406 610 11
199 611 18
375 611 8
115 611 14
344 612 11
413 612 9
237 612 9
339 613 8
338 613 13
259 613 13
129 614 11
193 614 15
212 614 13
54 614 12
163 615 13
615 651 10
490 615 9
292 616 10
382 616 9
616 687 9
63 617 12
557 617 13
577 618 11
312 618 16
618 637 10
190 618 8
619 715 12
157 619 12
407 619 9
221 620 10
620 706 12
620 686 13
305 621 10
621 622 11
172 621 9
258 621 12
467 622 14
622 733 6
117 623 7
335 623 15
14 624 8
624 719 10
186 624 11
17 624 10
19 625 10
412 625 9
479 625 9
604 626 8
195 626 9
605 626 12
202 627 9
93 627 12
529 627 10
89 627 11
528 627 8
139 627 10
136 628 12
47 628 13
382 629 8
513 629 8
616 630 10
553 630 11
477 631 11
422 631 11
524 631 7
324 632 13
423 632 13
633 656 5
122 634 13
571 634 10
83 635 10
635 736 16
207 635 11
200 636 10
636 680 14
636 677 9
410 637 12
494 637 11
462 637 12
562 637 10
476 638 8
221 638 10
61 639 8
152 639 8
332 639 9
58 639 10
592 640 13
190 640 12
640 714 9
207 640 12
641 731 9
240 641 8
548 641 13
642 714 10
59 642 10
209 642 13
317 643 13
643 647 12
643 699 12
607 644 9
145 644 12
239 644 10
457 645 8
203 645 13
513 645 10
396 646 12
456 646 13
400 646 9
579 646 11
181 647 12
29 647 7
647 666 7
148 648 9
336 649 10
463 649 12
476 649 7
163 649 9
650 665 10
113 650 8
624 650 13
106 650 11
240 651 6
21 651 11
119 651 10
4 651 9
652 721 8
364 652 8
653 704 10
109 653 11
422 653 10
536 653 9
507 653 13
654 715 10
83 654 10
442 654 12
302 654 10
655 670 7
655 677 10
412 655 12
9 655 8
622 656 13
652 656 16
281 656 12
417 656 12
224 657 11
345 657 12
67 658 12
354 658 12
658 731 7
658 711 14
525 659 8
370 659 10
605 659 13
419 660 12
59 660 13
610 660 14
86 660 14
80 661 9
544 661 14
631 661 11
317 661 11
201 662 10
425 662 10
292 663 12
278 663 12
381 664 12
614 664 12
263 664 6
451 665 14
661 665 8
582 665 14
472 666 9
67 666 11
144 666 12
75 666 11
514 667 11
400 667 11
667 683 11
602 667 12
566 668 10
637 668 10
383 668 10
669 688 12
84 670 9
232 670 13
415 671 13
514 671 14
207 671 13
464 672 10
502 672 11
592 672 11
468 672 10
130 672 11
519 673 13
673 702 11
93 673 11
385 674 10
58 674 9
582 674 14
674 714 10
617 675 11
1 675 15
135 675 13
523 676 10
575 676 11
2 676 10
53 676 10
242 677 12
258 677 7
7 678 13
550 678 11
288 679 11
374 680 8
171 680 11
592 680 11
483 681 12
57 681 12
323 681 9
346 682 14
277 682 10
113 682 6
459 683 12
683 715 14
475 683 11
601 684 13
267 684 5
577 684 12
235 684 7
367 685 12
25 685 8
110 686 9
626 686 11
638 686 10
88 686 11
686 689 14
212 687 10
339 687 16
602 688 12
689 694 9
523 689 8
13 689 11
640 690 10
349 690 13
496 690 11
196 691 8
525 691 9
82 692 10
588 692 9
692 729 12
398 693 11
99 693 9
466 693 8
293 693 10
469 694 8
82 694 11
231 694 12
539 695 10
99 695 13
409 696 8
630 696 12
4 696 7
611 697 9
360 697 10
516 697 9
628 697 10
118 698 8
149 698 10
698 741 11
604 699 12
439 699 14
267 699 11
700 712 11
338 700 10
208 700 8
273 700 9
145 701 7
290 701 12
695 701 10
36 702 11
670 702 10
693 702 10
516 702 10
313 702 13
219 703 7
254 703 12
484 703 12
441 704 13
426 704 9
620 705 12
591 705 16
558 706 10
704 706 11
486 706 9
72 707 11
619 707 10
424 708 11
44 708 11
595 708 10
677 709 13
13 709 11
149 709 12
495 710 14
251 710 11
654 711 14
79 711 15
43 711 12
157 711 12
613 712 13
442 712 9
263 713 14
306 713 14
292 714 11
628 714 9
578 714 10
496 714 11
233 715 10
153 715 10
548 716 11
624 716 7
437 717 8
9 717 10
717 735 12
710 717 13
567 718 10
154 718 10
347 718 9
74 718 11
538 718 11
580 719 12
524 719 11
385 720 11
563 720 12
72 721 13
611 721 11
136 721 11
172 721 9
571 722 10
290 722 8
327 722 11
29 723 9
579 723 10
415 723 8
158 724 12
272 724 12
161 724 11
186 724 13
632 724 11
40 725 11
457 725 11
684 725 12
280 725 11
271 726 6
11 726 14
689 727 10
353 727 12
123 727 15
551 728 12
419 728 13
118 728 13
289 728 12
422 729 10
218 729 12
408 730 9
529 730 10
518 730 10
473 730 8
468 730 10
539 731 14
731 744 10
609 731 10
137 732 10
266 732 13
574 732 10
429 733 12
184 733 13
256 733 9
267 734 6
155 734 11
392 734 14
735 749 14
439 735 13
196 735 14
324 735 10
27 735 11
736 743 11
159 736 12
214 736 11
660 736 11
642 736 12
519 737 5
321 737 14
73 738 12
147 738 11
263 738 14
613 738 8
705 739 10
243 739 8
656 739 13
37 740 11
516 740 8
278 740 13
101 741 10
431 741 10
85 741 8
693 742 11
27 742 8
455 742 11
144 743 10
712 743 10
377 744 12
469 744 12
686 745 13
564 745 13
211 745 13
663 745 12
665 746 9
442 746 9
656 746 14
98 746 8
250 747 10
9 747 7
227 747 11
555 747 9
448 748 6
159 748 11
208 748 10
334 749 10
165 749 9
534 749 10
