750
0
7
8
7
3
3
9
6
9
9
8
1
2
10
4
7
8
3
5
1
9
5
6
2
7
1
7
8
8
6
10
9
5
6
8
8
7
3
5
7
5
6
9
8
1
1
3
4
6
5
8
9
5
4
8
9
5
1
4
6
2
2
1
5
4
5
7
6
6
6
3
3
7
2
2
1
3
6
2
7
6
4
4
9
9
1
5
4
5
2
5
10
6
9
5
5
6
3
4
9
8
4
6
6
6
8
6
2
5
1
8
1
5
4
6
8
4
4
8
6
8
8
8
3
10
8
4
2
6
7
5
2
9
1
3
7
5
2
2
10
3
7
8
9
5
9
9
7
1
3
4
6
8
3
6
5
2
2
2
6
4
8
9
4
3
9
1
3
8
1
1
3
3
7
6
1
3
3
7
2
5
1
3
6
4
5
2
3
7
4
8
9
8
9
9
9
8
5
7
5
1
8
9
7
7
8
7
9
4
3
8
8
8
9
3
8
10
6
10
5
7
4
8
4
6
7
8
8
2
1
4
2
5
8
7
8
8
6
5
5
4
8
4
4
9
3
10
1
10
9
4
8
2
4
5
4
7
8
3
8
8
6
3
2
10
10
1
8
6
8
8
10
3
5
4
9
5
9
8
3
2
9
8
8
5
3
10
5
2
2
5
3
7
1
8
7
7
6
2
2
9
5
8
4
3
6
7
5
9
7
8
8
4
4
2
4
9
6
1
8
8
6
8
7
6
2
8
4
4
8
5
6
9
9
9
3
3
6
2
2
8
6
4
2
1
2
8
7
6
7
7
4
4
3
6
3
8
3
3
4
4
10
2
10
7
7
9
7
2
10
2
4
1
5
9
3
6
5
6
10
6
6
5
6
2
1
2
4
8
2
3
9
3
8
6
4
10
6
9
9
5
6
3
7
1
5
3
2
8
1
5
6
9
9
3
6
9
4
5
6
4
8
6
10
9
3
6
4
2
8
8
2
6
6
9
4
9
10
1
4
7
8
2
2
6
2
6
10
9
3
1
9
10
7
2
7
2
7
7
6
9
1
8
6
8
3
9
4
5
7
2
6
2
7
3
10
7
7
9
2
5
4
6
2
2
9
10
2
6
9
2
8
7
10
6
5
5
7
8
2
3
9
4
3
1
1
7
4
4
8
4
10
7
4
8
1
3
1
5
6
2
7
7
2
8
5
8
1
1
6
5
9
5
2
7
3
8
4
9
8
10
10
6
10
2
2
9
2
2
1
6
10
3
2
6
4
5
3
2
5
3
2
1
7
7
4
3
1
5
7
7
2
8
6
4
6
3
3
7
8
6
3
7
2
6
8
1
5
3
10
5
6
3
1
10
3
9
7
7
7
9
4
6
6
2
1
5
5
6
9
5
8
2
5
4
3
6
6
1
2
5
7
1
7
2
2
8
4
4
2
9
8
3
2
9
5
8
9
3
8
10
7
5
7
9
3
3
10
5
10
8
3
6
2
4
7
10
1
3
3
9
7
9
5
9
5
8
5
2
4
2
6
5
6
10
10
4
5
3
2
2
5
8
8
2
4
6
1
3
2
8
9
4
1
6
6
9
3
6
8
9
8
9
8
6
8
6
9
8
9
4
8
4
9
3
1
6
5
9
7
7
6
5
7
1
3
9
7
3
8
3
3
1
8
5
5
7
10
2
10
5
4
6
6
8
3
4
2
4
9
0 725 12
0 546 10
0 245 9
0 136 12
0 535 7
0 636 10
0 308 11
0 650 5
0 579 11
0 604 10
0 681 11
0 284 11
1 530 9
1 549 10
1 92 11
1 568 9
1 625 11
1 469 13
1 69 10
2 383 9
2 205 12
2 706 9
2 512 13
2 691 8
2 319 4
2 668 13
2 473 11
2 147 11
2 287 13
3 434 11
3 193 8
3 188 9
3 600 9
3 392 11
3 575 9
3 28 10
3 353 13
3 341 13
3 425 9
3 172 11
4 537 8
4 612 10
4 276 13
4 522 12
4 513 7
4 502 9
4 288 9
4 303 12
4 623 12
4 644 8
5 362 12
5 255 11
5 332 12
5 490 12
5 9 9
5 80 10
5 510 11
5 227 12
5 464 13
6 620 9
6 206 11
6 535 14
6 544 8
6 614 11
6 483 9
6 648 12
6 249 8
6 693 9
6 296 5
7 619 6
7 685 8
7 493 7
7 399 10
7 66 7
7 431 12
7 123 11
7 397 8
7 97 7
8 75 9
8 725 7
8 660 11
8 181 10
8 727 12
8 737 11
8 632 11
8 324 10
8 345 11
9 421 11
9 328 10
9 578 13
9 221 11
9 458 8
9 694 10
9 330 9
9 19 13
9 187 10
10 236 8
10 656 13
10 362 10
10 372 5
10 127 12
10 118 14
10 400 13
10 259 13
10 484 12
11 24 15
11 636 12
11 536 12
11 643 11
11 466 12
11 502 11
11 443 12
11 462 9
11 490 11
12 357 13
12 148 12
12 523 11
12 134 9
12 682 10
12 292 13
12 168 9
12 459 12
12 620 9
12 159 14
12 306 10
13 63 8
13 446 11
13 188 9
13 365 11
13 342 10
13 46 10
13 415 8
13 466 9
13 546 13
14 124 8
14 443 13
14 341 10
14 134 14
14 642 11
14 145 11
14 270 13
14 100 12
14 33 9
14 744 13
15 280 9
15 594 10
15 561 11
15 368 10
15 705 11
15 147 12
15 695 12
15 151 9
15 634 11
15 659 11
16 569 11
16 136 6
16 496 12
16 448 10
16 493 11
16 463 12
16 635 11
16 344 14
16 173 12
16 189 13
16 476 9
17 619 11
17 50 9
17 261 14
17 605 10
17 361 14
17 253 12
17 78 6
17 143 9
17 537 7
18 329 9
18 124 13
18 427 9
18 523 11
18 210 10
18 107 13
18 52 11
18 50 10
18 384 12
18 489 11
19 226 10
19 186 10
19 76 11
19 355 9
19 267 10
5 19 11
19 573 9
19 322 12
19 284 10
1 20 11
20 550 12
20 747 12
20 121 12
20 344 16
20 210 14
20 387 10
20 637 10
20 77 10
20 230 9
21 454 14
21 238 12
21 310 8
21 314 12
21 100 11
21 151 8
21 187 11
21 215 9
21 60 13
22 55 12
22 608 12
22 712 12
22 726 10
22 135 11
22 130 12
22 269 12
22 26 12
22 275 9
23 609 10
23 316 14
23 443 12
23 592 5
23 159 14
23 526 9
23 614 8
23 112 10
23 162 12
23 505 12
24 407 9
24 488 13
24 252 9
24 561 16
24 485 14
24 627 10
24 111 6
24 192 11
24 635 12
25 362 12
25 511 10
25 249 12
25 472 6
25 161 12
13 25 10
8 25 11
25 543 11
25 145 11
25 335 12
25 408 11
25 26 11
26 280 9
26 300 12
26 404 10
26 116 12
26 742 9
26 365 10
26 561 10
26 119 10
26 64 12
26 46 10
26 338 9
26 27 12
27 736 12
27 612 15
27 142 14
27 667 7
27 557 8
27 180 10
27 545 10
27 604 11
28 368 13
28 192 8
28 258 12
28 249 9
28 548 9
28 689 10
28 426 11
28 654 11
28 413 11
28 148 10
28 604 8
29 111 12
29 79 10
29 367 14
29 654 9
29 562 11
29 258 13
29 364 10
29 86 11
30 263 13
30 69 13
30 614 11
30 297 11
30 451 9
30 314 8
30 202 17
30 264 11
30 531 10
30 310 13
30 82 9
31 293 10
31 586 10
31 560 8
31 94 12
31 653 10
31 398 10
31 153 12
31 351 14
31 444 9
32 489 9
32 387 12
32 541 10
32 99 10
32 727 11
32 115 10
32 460 9
32 686 8
32 186 10
32 421 8
33 181 12
33 596 9
33 83 8
33 625 13
33 738 8
33 492 11
33 392 13
33 587 13
33 52 8
33 740 8
34 257 13
34 134 12
34 242 11
34 615 11
34 398 10
34 665 11
34 489 12
34 82 10
34 63 9
34 106 10
35 434 8
35 599 13
35 222 12
35 372 9
35 716 15
35 468 9
35 39 9
35 417 12
35 60 11
35 344 12
35 175 10
36 693 11
36 225 9
36 164 14
36 338 8
36 49 9
36 104 12
36 552 14
36 703 11
36 286 11
37 136 9
37 272 12
37 52 9
37 182 15
25 37 7
14 37 11
37 533 10
37 41 10
37 285 10
37 579 8
38 355 17
38 566 15
38 158 16
38 396 13
38 691 11
38 251 12
38 536 11
38 300 12
38 731 16
38 578 10
38 639 14
38 160 8
39 563 13
39 496 9
39 372 7
39 601 8
39 456 12
39 560 15
39 435 10
39 200 12
40 286 13
40 178 9
40 527 8
40 545 10
40 52 9
40 124 9
40 676 11
40 732 10
20 40 7
40 397 9
40 67 10
40 602 11
41 340 10
41 567 7
41 371 9
41 121 13
3 41 10
41 504 13
41 388 11
41 155 11
41 600 10
41 124 13
41 643 11
42 715 11
42 630 10
42 533 11
42 662 13
42 225 13
42 207 9
42 285 11
42 67 16
42 708 11
42 416 12
43 60 11
43 100 10
43 153 10
43 129 12
43 159 14
43 501 6
38 43 12
43 278 10
43 521 11
43 115 15
44 356 12
44 189 12
44 648 13
44 289 8
44 98 8
44 686 9
44 327 11
44 572 12
44 364 10
44 495 6
45 555 10
45 557 8
45 620 9
23 45 9
45 636 9
45 711 9
45 615 10
45 682 9
45 720 12
46 219 11
46 358 9
46 453 11
16 46 11
46 176 11
46 238 11
46 225 11
46 99 10
46 572 13
47 513 11
47 280 10
47 506 9
47 397 12
47 582 12
34 47 11
47 243 11
47 667 13
47 274 9
47 55 10
48 672 8
48 159 9
21 48 11
3 48 11
48 253 11
48 563 7
48 598 12
48 219 9
48 196 9
48 343 10
49 715 14
49 635 11
49 93 12
49 143 10
49 497 10
49 269 8
49 480 9
49 596 10
49 467 10
49 671 7
49 310 9
50 232 13
50 541 12
50 491 9
50 320 8
50 412 9
50 202 9
50 692 8
50 447 10
50 295 9
50 660 10
50 144 9
50 617 10
51 663 10
51 562 7
51 669 11
51 226 8
51 721 11
34 51 7
51 413 12
51 131 10
51 378 11
51 653 10
52 528 9
52 706 11
52 148 11
52 375 12
52 589 12
52 139 12
52 548 8
52 491 10
52 166 12
17 52 9
53 731 10
53 99 13
53 115 8
53 254 12
53 359 10
53 320 10
53 736 11
53 274 11
53 62 6
53 464 10
54 739 12
54 645 12
54 487 12
54 588 9
54 222 9
54 362 12
54 340 6
54 237 9
54 501 12
54 253 11
55 613 11
55 201 10
55 183 12
55 704 9
55 483 11
55 480 10
55 61 9
55 649 9
55 108 9
55 622 12
55 281 11
56 392 7
56 467 14
56 229 11
56 485 12
56 749 12
56 483 11
56 682 10
56 595 6
40 56 10
56 328 12
23 57 11
57 307 11
57 716 12
57 207 10
57 85 13
57 606 14
57 247 12
57 211 13
57 221 9
46 57 11
57 717 11
58 489 10
58 166 13
58 404 11
58 299 11
58 638 10
58 192 10
58 576 11
58 398 13
58 705 13
58 556 8
59 320 11
6 59 11
59 423 6
59 227 13
59 488 12
59 537 11
59 390 14
59 725 11
59 694 14
59 731 8
59 108 9
60 587 16
60 348 10
60 293 11
60 595 13
60 477 11
60 668 12
60 563 10
60 232 10
60 622 14
61 498 10
61 216 7
42 61 11
61 689 11
61 264 10
61 310 9
61 698 11
61 255 12
61 467 11
61 552 13
31 62 10
62 552 18
62 430 12
62 639 12
62 597 9
62 321 13
62 342 12
62 595 14
62 217 13
62 147 11
63 503 7
63 676 12
23 63 12
63 523 12
63 659 10
63 662 8
63 573 12
63 219 10
64 332 12
64 460 10
64 426 11
64 357 10
64 216 11
32 64 10
64 232 11
64 100 8
64 251 10
64 269 9
65 529 7
65 233 7
65 466 9
65 725 6
65 586 10
65 463 9
65 313 14
65 263 13
65 413 11
65 163 7
66 156 7
17 66 10
66 243 12
66 603 7
66 732 8
66 681 10
56 66 12
66 299 7
66 525 10
66 472 8
66 529 8
67 347 9
67 282 11
67 313 11
67 616 10
67 339 8
33 67 11
67 278 13
67 111 9
67 593 12
67 411 12
68 214 11
68 588 6
68 354 11
68 383 11
68 702 11
68 587 9
68 398 10
68 270 7
68 623 8
68 326 11
69 318 11
69 724 13
69 453 11
69 681 10
69 157 11
69 233 10
16 69 13
69 435 10
69 223 11
70 258 11
70 505 11
70 502 13
70 629 13
70 632 10
70 616 10
70 120 9
15 70 11
70 544 10
71 534 12
71 149 10
71 622 7
71 347 12
38 71 7
71 361 12
71 240 6
71 725 9
71 281 12
71 147 7
71 535 9
71 206 9
1 72 7
72 115 8
72 420 13
72 533 9
72 595 11
72 312 14
72 121 11
72 653 13
72 391 12
73 161 13
73 98 10
73 453 12
73 118 10
73 583 12
73 294 9
73 458 10
73 682 13
73 738 13
73 344 9
74 340 11
74 698 9
74 89 9
74 744 12
74 516 8
74 283 12
74 83 8
74 302 13
74 239 10
74 645 12
74 479 6
75 452 9
75 441 13
75 272 11
75 340 13
75 649 9
75 376 9
75 682 7
75 218 13
0 75 13
75 142 8
75 385 11
75 94 13
76 152 11
76 140 10
76 117 11
76 358 13
76 654 6
76 702 16
76 343 5
76 136 12
76 391 12
76 603 9
76 286 8
77 687 8
77 404 9
77 308 7
41 77 13
17 77 10
77 341 10
33 77 12
77 464 10
77 302 11
78 373 10
78 501 10
3 78 6
78 702 10
38 78 13
78 520 13
78 264 13
78 235 11
78 113 12
78 697 10
79 338 9
79 214 10
79 560 9
79 175 7
79 453 9
79 706 11
79 200 12
79 337 5
79 358 10
79 703 8
80 229 11
80 543 11
80 352 12
52 80 11
80 145 10
80 613 6
80 428 11
80 143 13
80 674 8
80 261 8
80 362 10
80 270 11
81 288 11
81 431 12
6 81 8
81 120 12
81 422 9
81 168 11
81 684 12
81 308 13
81 164 13
81 382 8
82 342 10
82 463 12
82 358 10
82 186 12
82 523 11
82 153 7
82 367 13
82 96 11
82 248 11
82 119 8
82 746 8
83 719 12
83 561 10
83 138 6
83 306 12
83 396 9
83 476 12
12 83 9
83 149 8
83 402 11
31 84 9
84 219 11
84 275 11
84 595 11
84 359 8
84 213 11
84 466 13
84 141 10
84 452 11
85 590 12
85 415 8
85 682 12
85 602 10
85 740 15
85 117 11
85 685 6
85 278 12
85 326 13
86 427 10
86 597 8
80 86 12
86 441 7
86 422 12
86 466 11
49 86 10
86 672 12
86 555 11
65 86 10
86 337 9
86 603 10
86 418 8
87 332 12
87 418 12
38 87 11
87 688 10
87 207 11
48 87 13
12 87 14
87 658 7
87 376 11
87 392 14
88 349 10
88 96 12
88 431 13
35 88 8
88 171 7
88 727 9
88 156 10
88 157 12
56 88 12
42 88 10
88 518 11
83 88 8
89 421 7
89 725 12
89 258 15
89 574 8
89 554 16
89 746 10
89 412 12
89 327 8
90 243 11
90 579 9
90 733 9
90 730 9
90 179 13
90 304 10
90 713 9
33 90 11
91 361 10
91 613 10
91 725 6
91 699 10
91 170 10
91 480 10
91 209 14
91 186 15
91 229 11
91 133 15
92 526 10
92 299 11
22 92 13
53 92 11
92 256 11
92 372 9
92 715 9
92 622 11
92 378 6
93 146 9
93 203 8
93 573 11
93 410 9
93 329 9
93 165 10
93 370 11
93 586 10
93 204 9
94 492 11
94 505 8
94 141 9
94 564 10
94 747 9
94 598 7
94 405 14
94 441 10
94 631 9
95 701 10
95 551 12
95 314 13
95 488 10
57 95 10
95 494 14
95 310 10
95 108 11
95 682 11
95 230 10
95 647 13
96 656 10
96 480 11
96 187 10
96 386 8
96 667 11
96 707 12
96 247 8
96 412 9
96 132 12
96 634 12
97 355 8
97 445 11
58 97 12
78 97 8
97 623 11
72 97 12
97 161 9
97 744 10
97 110 15
97 422 11
98 475 10
98 393 10
98 219 9
71 98 9
98 236 13
98 384 11
98 619 8
98 346 14
87 98 11
98 386 13
99 434 10
99 415 11
99 227 11
99 292 10
99 461 11
99 556 8
99 746 10
99 231 11
99 436 12
91 100 11
100 144 11
100 419 13
65 100 10
100 240 8
100 437 12
100 189 10
60 100 9
100 321 11
100 694 10
101 447 11
101 142 11
68 101 10
101 312 10
101 720 10
101 166 10
15 101 10
101 305 8
101 425 10
101 364 12
102 742 9
102 529 12
102 497 12
54 102 12
102 380 13
102 397 12
102 504 9
102 472 9
102 515 12
102 667 10
103 140 8
103 688 12
103 386 9
103 666 13
103 505 7
103 495 12
37 103 10
55 103 8
103 231 8
103 369 9
103 190 12
23 104 9
104 527 9
104 576 9
104 144 10
104 257 9
104 644 11
104 274 13
104 358 11
104 736 10
104 491 7
104 617 10
105 397 11
105 507 16
105 192 13
105 215 10
105 360 10
105 422 8
105 526 11
13 105 7
105 706 12
106 328 13
106 618 10
106 591 10
106 349 7
106 180 10
106 165 10
106 380 11
106 633 8
107 620 7
107 312 9
38 107 11
107 194 8
107 290 11
107 528 14
107 209 12
107 474 7
107 233 9
107 701 11
103 107 10
108 209 9
108 581 13
108 644 11
18 108 12
108 466 11
108 749 10
108 507 8
108 461 9
108 173 8
108 256 12
108 445 10
109 149 13
109 583 9
109 627 13
109 444 10
100 109 12
103 109 15
8 109 12
109 685 10
109 262 10
110 149 8
110 394 10
110 560 9
110 274 11
110 628 12
110 432 11
110 708 10
110 299 10
110 275 9
110 271 11
111 452 9
111 626 12
111 372 9
111 235 12
111 270 9
111 611 8
111 721 8
111 502 11
111 705 10
111 595 11
112 375 12
112 363 13
112 424 10
94 112 8
112 116 10
112 155 8
24 112 13
112 156 11
112 551 11
112 382 10
113 440 8
113 500 7
113 190 10
17 113 10
113 121 6
113 697 14
9 113 12
49 113 13
113 131 15
113 497 11
113 616 11
114 143 13
114 245 10
114 167 10
114 524 10
114 147 11
114 644 8
114 416 11
114 382 10
114 655 5
115 307 12
42 115 10
115 519 10
115 534 10
113 115 10
115 727 10
115 151 9
115 655 11
115 668 10
115 504 9
115 172 13
116 374 11
116 359 12
116 632 12
116 596 10
116 593 8
116 480 11
116 262 7
116 126 8
116 689 9
116 719 10
116 461 9
117 465 13
117 329 12
117 674 11
2 117 11
101 117 11
117 158 12
117 249 10
117 212 11
117 738 10
118 475 11
118 133 12
118 291 9
118 369 8
118 317 8
118 647 10
118 715 7
118 660 9
64 118 13
119 406 10
119 600 14
119 566 8
119 506 10
119 237 10
119 547 9
119 481 16
119 150 11
119 711 10
119 646 14
119 461 9
119 353 11
120 196 10
120 700 10
120 552 15
120 609 11
120 619 9
120 676 12
120 705 11
120 477 10
120 228 10
62 121 10
121 702 11
121 224 10
121 655 16
21 121 10
121 356 8
121 280 10
121 737 14
121 290 8
53 121 14
122 495 10
122 605 10
35 122 7
122 301 9
122 626 7
122 322 9
122 297 11
122 315 8
122 223 12
123 163 10
123 745 10
38 123 10
123 477 10
123 456 13
123 509 12
112 123 11
123 446 10
123 709 12
123 293 14
117 124 10
124 398 9
124 500 13
124 180 10
124 223 10
114 124 11
57 124 10
124 156 8
124 444 10
119 124 10
124 579 15
125 379 8
125 355 14
34 125 11
17 125 14
125 744 10
125 508 13
125 475 8
125 184 7
125 341 8
125 479 14
58 125 11
126 214 11
126 317 10
126 616 11
126 634 9
66 126 11
126 296 9
126 625 9
126 594 11
126 148 14
127 652 11
127 503 8
127 620 12
127 546 7
127 357 9
127 323 8
56 127 9
127 749 8
127 449 8
127 689 10
128 253 12
128 148 6
128 273 11
128 372 9
128 674 9
128 362 9
128 224 10
128 574 14
128 512 15
128 208 14
129 231 11
129 578 11
129 313 12
129 688 9
129 205 14
59 129 9
100 129 11
113 129 8
129 235 15
79 129 11
129 348 10
48 130 9
130 633 12
130 496 5
130 677 12
130 292 14
130 536 9
130 464 11
102 130 12
130 457 9
130 174 11
131 280 12
48 131 12
131 264 11
96 131 13
131 496 8
131 671 11
131 694 11
45 131 10
131 312 10
131 402 11
131 667 10
132 634 11
132 591 10
132 216 10
95 132 12
132 582 10
132 254 8
132 333 14
132 188 6
133 368 11
8 133 12
133 685 12
133 318 8
133 450 9
4 133 9
133 499 14
133 624 10
133 150 11
133 352 8
133 643 11
134 541 6
134 235 10
111 134 7
134 464 14
7 134 12
134 354 7
134 677 12
134 229 8
134 187 9
134 466 9
134 716 10
135 280 10
135 457 10
135 240 14
135 425 8
135 214 11
135 598 13
118 135 11
135 488 12
66 135 11
135 360 14
136 600 7
136 178 12
118 136 9
86 136 10
136 559 12
136 228 12
136 241 4
136 496 7
110 136 11
136 617 8
107 136 9
136 594 13
137 552 14
78 137 8
137 611 11
137 162 9
137 382 11
137 348 12
137 721 10
137 350 9
137 515 8
137 689 8
137 281 10
138 421 9
138 551 13
88 138 13
138 448 9
138 521 12
138 624 8
138 284 9
138 174 13
138 389 7
138 159 10
138 182 9
139 164 9
139 386 13
42 139 12
139 614 12
139 290 13
139 316 15
139 219 9
139 460 12
139 491 10
139 671 11
138 140 12
140 715 12
140 748 11
140 228 12
29 140 11
140 371 8
140 257 11
140 217 12
140 239 11
141 412 9
141 591 12
141 251 9
141 259 9
141 708 11
141 548 10
141 350 14
141 458 13
141 290 9
141 648 14
141 315 9
142 744 8
100 142 12
142 418 13
142 726 11
142 606 11
142 735 11
142 203 10
142 574 11
142 702 8
143 361 13
143 608 11
143 280 12
143 231 9
139 143 11
143 352 11
143 743 10
143 696 12
143 472 11
143 414 13
144 643 11
130 144 11
144 239 11
144 665 9
144 199 9
144 247 8
144 567 10
144 601 11
144 173 12
144 622 10
143 144 11
145 414 11
100 145 11
145 183 12
145 340 14
40 145 9
145 560 13
60 145 11
145 379 11
145 523 11
145 148 11
53 146 9
146 578 10
146 309 15
146 182 14
146 596 10
146 187 14
146 212 9
146 667 10
146 381 11
146 560 11
146 160 8
146 225 12
21 147 11
147 189 14
132 147 10
147 553 14
147 268 7
147 294 10
147 205 9
147 332 11
108 148 9
148 456 13
148 343 9
148 355 12
148 284 14
148 692 10
148 303 15
148 628 7
149 167 10
149 675 10
148 149 7
149 457 10
149 602 10
149 742 15
149 599 11
149 585 9
149 185 8
149 358 11
149 664 7
36 149 10
150 534 10
150 478 14
150 258 10
150 283 11
150 716 14
150 738 10
130 150 12
150 683 12
150 348 12
150 621 13
67 151 10
151 164 11
151 463 11
151 728 13
151 353 10
151 551 13
151 308 12
151 203 10
151 395 8
13 151 7
151 573 9
152 711 9
152 309 10
152 453 12
152 703 10
35 152 10
152 389 9
152 329 8
152 266 8
153 164 13
99 153 10
153 172 9
153 378 12
153 232 15
153 288 12
153 709 9
21 153 11
64 153 11
153 373 10
153 453 10
154 387 13
154 698 9
154 593 8
154 502 9
89 154 10
154 627 12
27 154 11
154 172 11
154 713 12
130 155 12
155 317 10
155 172 13
155 484 7
155 688 11
155 690 12
155 425 12
155 498 13
5 155 12
155 692 13
155 373 13
155 156 9
156 175 9
156 453 11
156 292 11
156 615 11
156 664 12
99 156 9
107 156 7
154 156 11
34 156 7
157 193 10
157 644 10
157 727 8
87 157 9
138 157 11
157 518 13
157 216 10
157 335 11
157 467 12
157 686 11
157 545 12
39 158 7
158 163 9
158 562 10
158 708 11
23 158 9
158 345 8
158 650 13
158 485 10
158 742 10
158 218 8
158 548 10
159 281 9
159 626 14
159 228 9
159 556 8
159 743 11
159 669 8
159 610 9
159 387 9
159 532 13
160 709 9
160 450 7
160 721 12
160 228 13
160 441 10
160 545 12
160 622 9
160 359 10
160 549 10
161 646 13
161 564 7
161 290 9
161 745 11
161 588 14
161 594 12
161 384 11
161 247 11
30 161 10
161 300 13
162 325 12
162 494 10
162 201 12
162 348 11
162 632 13
162 654 10
162 292 12
162 321 10
162 367 10
39 162 12
63 163 11
163 223 7
116 163 13
70 163 14
163 609 10
163 577 10
100 163 11
18 163 8
163 423 9
164 247 10
164 718 10
164 592 12
42 164 12
164 279 11
138 164 12
164 593 6
112 164 13
164 232 8
164 302 8
57 165 8
165 370 8
165 487 11
165 319 10
165 451 12
165 496 9
135 165 13
165 240 12
165 596 12
165 547 12
166 408 13
166 274 9
166 684 8
166 222 8
166 498 10
166 670 7
119 166 11
166 480 13
166 578 13
166 450 9
166 214 12
167 625 14
167 265 11
47 167 15
167 613 10
164 167 11
167 188 11
44 167 12
97 167 14
167 318 12
167 254 10
167 186 12
168 222 8
168 705 13
168 187 8
168 425 8
168 428 8
168 650 10
168 228 13
168 738 9
169 607 12
169 172 13
169 468 11
169 735 9
169 505 10
169 288 11
169 243 9
169 573 12
169 601 12
170 330 11
170 746 16
170 707 12
170 454 7
169 170 11
170 358 13
170 275 12
127 170 11
170 579 11
170 479 12
171 672 12
171 540 9
171 703 13
171 544 11
171 483 8
171 459 10
141 171 12
171 253 8
171 638 8
171 321 6
171 211 12
171 589 10
172 346 12
172 512 9
172 343 14
172 339 13
109 172 11
172 246 12
172 230 7
133 172 9
173 407 10
173 494 8
173 485 10
173 715 8
159 173 8
39 173 11
173 504 9
173 356 12
173 188 8
173 440 10
174 329 10
110 174 10
51 174 14
29 174 11
174 710 8
164 174 10
88 174 11
174 395 13
143 174 6
174 659 9
174 324 11
174 187 9
175 406 8
175 511 11
175 289 11
175 363 9
113 175 10
175 495 12
163 175 14
107 175 7
135 175 9
175 314 11
175 266 13
176 667 10
89 176 11
176 229 9
176 178 12
176 459 10
176 342 9
176 330 9
176 748 11
176 312 14
176 465 11
177 464 11
177 361 8
107 177 11
177 435 13
177 669 12
177 747 9
177 184 10
177 408 10
177 402 13
177 695 5
165 177 14
177 671 10
127 178 12
178 720 9
178 681 12
178 240 11
54 178 12
143 178 12
178 397 13
178 459 10
56 178 11
178 361 11
143 179 10
179 270 13
13 179 7
12 179 8
179 503 15
179 495 12
179 411 13
179 639 10
179 547 9
179 419 9
179 485 11
180 558 12
55 180 12
180 490 13
180 345 10
180 733 13
180 431 10
180 748 9
180 552 9
180 536 8
181 302 12
181 643 9
181 276 11
12 181 9
181 237 11
181 602 9
181 670 10
181 564 10
181 705 12
181 261 9
181 696 13
182 273 9
182 596 9
182 410 12
182 609 13
182 619 11
182 341 12
172 182 7
182 632 10
182 581 11
182 365 13
182 328 11
183 747 10
183 569 11
183 680 12
183 293 10
92 183 12
183 204 10
183 520 12
52 183 14
183 640 11
183 469 7
183 479 15
184 464 11
184 273 7
104 184 7
184 408 11
184 621 7
184 350 11
123 184 11
184 419 11
2 184 10
184 724 12
184 285 11
185 431 11
185 658 11
185 361 11
185 662 11
185 206 13
185 695 8
185 543 12
13 185 8
31 185 10
185 237 9
185 722 14
186 644 9
186 339 15
186 365 10
186 499 11
186 258 6
161 186 11
186 437 12
64 186 11
186 441 10
186 597 9
186 373 10
187 448 12
51 187 9
69 187 8
23 187 12
187 263 12
7 187 10
161 187 9
187 571 11
187 648 11
128 188 14
188 536 8
188 606 11
188 722 8
188 586 10
59 188 7
188 522 8
188 277 12
189 572 10
189 493 12
189 623 9
189 737 10
189 685 10
189 542 10
189 749 10
189 722 8
137 189 12
189 444 11
190 457 13
190 609 13
190 473 10
190 719 9
190 604 13
190 475 12
190 699 9
190 487 14
190 618 8
191 234 8
191 408 10
191 203 8
191 412 8
191 494 12
191 380 11
191 712 12
191 455 9
42 191 11
15 191 5
192 585 9
192 304 10
177 192 11
192 510 13
192 338 10
157 192 13
92 192 10
192 265 10
192 259 13
192 276 9
42 193 11
193 213 10
193 327 12
79 193 9
59 193 8
193 613 12
193 425 11
193 215 12
193 480 7
194 543 11
194 552 13
194 302 7
194 275 10
194 622 14
194 398 10
194 743 12
54 194 11
194 380 11
194 490 10
194 471 11
195 638 11
195 291 13
195 734 10
40 195 11
195 571 9
195 655 13
19 195 10
169 195 12
157 195 10
143 195 12
196 578 13
110 196 9
196 555 11
162 196 11
196 402 10
196 289 12
196 639 11
196 286 12
196 438 8
160 197 11
197 670 10
197 561 11
197 580 8
197 403 15
197 677 10
197 388 13
197 464 9
197 705 12
197 731 16
65 197 9
10 198 11
59 198 10
198 430 10
198 271 10
198 274 8
23 198 13
198 341 10
198 311 13
199 612 9
149 199 10
199 518 14
199 343 9
24 199 9
199 496 12
199 246 11
88 199 9
199 384 9
199 218 13
78 199 14
190 200 10
196 200 10
200 418 10
200 695 10
46 200 11
200 392 11
9 200 13
200 700 11
200 656 9
200 572 9
111 201 11
37 201 9
201 432 15
201 268 14
201 655 10
57 201 11
192 201 10
201 499 10
159 201 6
202 729 9
202 367 12
202 368 10
202 577 10
12 202 13
122 202 11
202 506 12
202 638 10
110 202 11
58 203 13
203 611 12
114 203 9
203 478 11
203 739 12
203 555 8
203 544 12
203 220 11
203 672 9
203 749 13
204 741 9
204 572 9
137 204 10
204 369 13
204 476 12
204 561 7
204 317 11
96 204 11
104 204 14
205 282 10
205 409 9
139 205 10
205 384 8
205 581 12
205 230 11
44 205 9
184 205 10
87 205 7
206 411 10
206 288 10
206 556 7
116 206 10
206 271 10
49 206 14
56 206 11
206 299 7
157 206 14
206 615 11
204 207 12
207 539 10
207 584 9
207 293 13
207 478 8
116 207 9
207 219 11
207 364 9
207 237 11
36 207 11
208 587 12
208 537 9
183 208 11
208 335 12
208 387 12
120 208 12
208 697 8
208 652 10
177 208 8
208 748 9
23 209 14
209 693 7
114 209 10
209 676 10
172 209 8
209 737 6
209 481 8
18 209 13
209 567 11
209 708 10
85 210 12
210 744 11
210 457 10
210 554 11
210 492 12
210 365 5
107 210 10
210 558 14
14 210 14
210 235 11
211 446 8
211 262 12
211 311 10
211 731 12
28 211 11
211 475 11
187 211 14
211 436 12
211 707 12
211 240 10
212 577 11
212 499 10
212 359 12
205 212 10
183 212 6
212 611 12
212 373 12
165 212 6
212 728 10
212 749 10
212 453 8
131 213 6
213 423 9
213 496 12
11 213 10
213 648 12
213 357 15
36 213 9
213 586 10
8 213 13
158 213 8
213 521 11
34 213 11
214 511 11
214 733 13
214 715 12
214 282 9
124 214 9
111 214 13
214 345 13
214 479 11
165 214 11
215 619 9
215 376 10
194 215 8
215 654 12
36 215 12
112 215 11
215 278 7
75 215 10
215 381 9
215 744 14
216 651 11
216 724 8
216 642 14
216 452 9
216 698 11
216 387 17
216 674 15
216 361 9
216 242 11
164 216 8
216 540 11
217 589 13
105 217 7
217 569 14
217 319 9
217 651 8
93 217 12
217 714 11
217 593 7
217 667 11
207 217 12
217 489 12
217 560 14
218 260 12
218 732 12
218 388 9
218 371 10
31 218 12
218 430 10
218 234 8
218 524 9
218 453 8
218 464 10
218 507 9
173 219 11
219 512 14
135 219 11
145 219 10
29 219 14
219 258 11
219 477 7
219 515 10
122 219 12
220 257 12
220 518 10
220 572 11
220 240 11
220 492 7
220 600 8
220 566 9
132 220 15
220 237 12
220 369 8
221 742 10
20 221 8
221 707 12
221 299 9
160 221 7
221 276 13
221 586 9
221 374 6
93 221 10
222 240 11
222 387 8
222 622 11
222 398 11
222 669 11
222 629 9
222 372 12
217 222 9
131 223 9
223 320 15
223 500 10
58 223 8
223 736 17
223 723 8
223 496 10
223 680 8
223 555 7
223 581 9
223 305 9
224 450 13
224 426 9
224 348 11
126 224 9
177 224 13
30 224 11
91 224 9
224 634 8
224 455 11
103 224 18
16 225 11
68 225 11
225 699 10
225 625 10
225 562 14
225 313 6
225 278 9
23 225 10
225 563 11
225 543 13
143 225 10
90 226 10
72 226 11
226 249 12
128 226 12
226 232 11
226 334 8
226 474 8
226 540 12
226 622 13
226 626 8
226 728 9
197 227 12
4 227 9
227 349 11
227 363 10
227 366 11
227 289 8
227 308 12
95 227 12
154 227 9
227 673 13
158 227 13
228 687 11
32 228 11
228 726 8
228 596 11
228 627 10
228 571 9
228 545 11
188 228 10
228 330 8
228 432 12
229 631 12
229 598 9
44 229 11
229 402 9
229 669 11
229 450 13
6 229 6
116 229 8
229 667 14
229 616 12
127 230 10
230 578 8
230 620 14
120 230 11
48 230 13
24 230 9
0 230 12
230 721 9
168 230 9
230 734 10
52 230 10
231 396 12
185 231 13
231 720 13
136 231 9
231 659 9
231 397 12
231 292 12
231 682 6
231 410 12
231 493 7
232 623 14
232 459 11
232 387 10
232 243 8
232 377 12
232 651 9
232 432 12
65 232 9
217 232 9
232 642 12
233 442 9
233 453 8
233 350 11
233 364 13
233 675 13
233 363 12
233 459 12
233 466 7
7 234 9
93 234 9
64 234 10
5 234 15
234 334 10
234 697 10
188 234 8
234 420 11
234 390 7
234 393 9
235 529 10
235 619 8
235 265 13
235 354 9
235 419 6
235 576 14
184 235 12
72 235 12
235 579 9
58 235 13
167 236 11
236 624 16
23 236 11
236 543 9
44 236 12
236 682 10
70 236 8
236 614 11
236 697 12
236 731 8
237 680 8
237 592 9
237 731 11
202 237 14
237 650 10
237 547 9
237 346 11
237 733 9
237 618 11
237 627 12
238 393 9
108 238 10
238 505 8
117 238 12
238 241 9
238 450 15
238 488 10
169 238 10
238 459 14
238 264 11
212 239 12
239 462 10
152 239 11
239 448 7
239 662 10
89 239 10
105 239 12
239 420 9
239 583 5
225 240 13
240 727 9
122 240 9
78 240 9
240 709 11
72 240 10
240 255 10
151 240 10
240 593 12
57 240 13
241 308 13
241 546 10
241 423 11
239 241 11
241 523 8
185 241 10
241 692 11
241 747 13
241 259 9
241 628 8
242 579 8
242 355 10
224 242 13
242 576 11
242 305 7
242 395 9
242 376 11
242 654 11
242 556 11
117 243 5
243 749 9
243 443 11
243 663 9
185 243 12
243 395 12
243 412 9
243 321 11
196 243 9
243 334 8
243 451 11
11 244 10
244 457 11
244 671 8
244 302 12
244 279 12
244 349 9
244 683 9
16 244 13
244 659 9
244 636 7
244 392 12
245 262 11
14 245 8
245 634 11
245 486 12
245 515 12
245 662 7
245 551 12
245 463 9
245 335 11
245 703 11
44 245 10
87 246 10
246 587 10
246 684 9
246 288 14
167 246 13
144 246 12
186 246 14
246 461 12
18 246 11
247 429 10
247 425 9
247 504 10
247 483 7
247 720 13
247 427 10
19 247 9
247 356 10
247 438 8
247 388 10
173 247 8
248 695 13
248 518 9
248 337 10
248 333 15
248 375 10
248 532 10
78 248 9
170 248 9
184 249 10
249 461 10
231 249 10
206 249 11
38 249 7
249 645 12
68 249 9
249 407 11
242 249 10
224 250 12
250 428 9
222 250 11
250 341 10
250 310 15
23 250 10
64 250 9
250 676 11
250 401 13
250 568 14
251 419 10
251 659 14
106 251 13
131 251 7
58 251 8
6 251 8
219 251 9
251 268 12
251 424 8
252 313 12
252 394 12
252 476 11
252 626 9
252 342 10
252 620 8
246 252 11
81 252 14
238 252 10
211 252 13
253 544 11
253 512 11
253 570 11
123 253 9
253 702 6
253 296 12
101 253 9
231 253 10
253 584 12
253 508 13
253 277 10
253 710 12
254 558 13
254 339 13
163 254 11
239 254 9
254 490 11
184 254 14
37 254 12
254 299 7
254 420 12
139 254 8
12 255 11
104 255 11
255 512 13
30 255 8
255 736 14
255 440 8
255 501 5
255 273 13
234 255 8
255 522 8
256 477 10
256 729 12
38 256 11
256 625 12
162 256 10
143 256 14
256 374 13
256 609 7
12 256 10
90 256 13
257 551 9
257 422 13
257 625 10
248 257 13
257 366 9
98 257 12
257 287 8
257 512 8
257 501 11
167 258 10
258 310 7
208 258 12
258 738 8
258 445 11
258 355 12
258 576 10
189 258 10
258 569 10
258 729 12
258 313 10
259 436 13
259 720 10
194 259 11
259 374 10
89 259 12
259 721 13
107 259 10
103 259 10
259 262 10
202 259 14
188 259 12
259 493 9
260 336 13
260 335 8
89 260 13
260 715 14
108 260 14
225 260 11
260 567 12
260 558 14
260 422 13
260 565 13
73 260 12
238 261 11
261 423 9
261 321 11
261 273 15
261 739 8
261 570 11
170 261 11
261 537 10
261 678 12
261 692 13
262 287 17
132 262 11
262 314 10
262 636 13
262 537 12
225 262 11
262 558 9
8 262 8
262 428 10
262 418 7
262 657 11
263 408 9
263 502 15
263 409 11
263 519 6
263 342 11
14 263 7
108 263 12
263 275 11
249 263 8
195 263 13
263 472 11
96 264 8
204 264 12
264 279 13
73 264 11
264 544 12
264 606 11
264 337 9
264 492 9
264 311 8
264 608 10
205 265 13
135 265 11
265 704 10
265 626 12
18 265 6
20 265 13
201 265 10
7 265 12
265 716 11
263 266 11
220 266 12
44 266 10
266 574 12
266 668 10
266 721 9
266 281 10
209 266 11
11 266 11
267 432 13
267 713 7
267 291 8
267 638 14
119 267 11
243 267 13
267 688 15
139 267 11
267 647 13
122 267 11
267 624 13
268 412 11
268 377 11
268 659 11
268 287 9
181 268 11
47 268 13
268 743 13
268 346 11
268 344 8
268 745 10
17 268 6
269 713 10
192 269 9
269 527 9
269 657 14
269 467 10
249 269 9
269 534 10
126 269 10
269 459 8
269 567 11
270 285 11
270 420 14
36 270 11
270 471 10
93 270 13
266 270 12
242 270 8
270 278 8
271 580 13
18 271 11
271 435 9
271 734 10
78 271 10
271 597 10
271 462 11
271 368 11
55 271 10
271 332 9
271 437 12
271 302 12
272 696 11
272 360 14
120 272 13
272 397 9
272 463 6
272 318 12
272 601 12
185 272 9
95 272 14
227 273 12
6 273 10
273 291 8
51 273 8
273 473 10
250 273 10
53 273 11
273 281 7
219 273 8
273 513 6
273 351 10
35 274 10
274 462 10
274 306 11
274 527 9
274 555 14
274 296 11
235 274 9
274 541 9
215 274 10
274 645 10
48 274 9
275 447 10
275 476 7
275 594 12
243 275 9
190 275 13
272 275 12
275 358 10
79 275 8
275 680 11
275 709 11
248 276 11
276 732 8
276 343 12
51 276 10
236 276 5
214 276 10
40 276 13
82 276 9
124 276 11
277 419 11
250 277 8
277 534 10
277 724 10
157 277 10
277 436 11
277 588 11
277 517 13
209 277 10
134 278 7
278 428 15
278 551 8
199 278 8
278 453 11
278 280 11
278 412 6
220 278 9
278 645 10
274 278 16
278 330 10
279 505 10
212 279 8
279 280 14
45 279 10
279 366 9
279 468 14
279 394 12
4 279 7
279 315 11
263 279 10
156 279 7
193 279 10
280 685 14
215 280 7
280 549 12
280 504 11
280 461 12
280 396 8
167 280 13
280 558 10
220 280 13
281 295 16
281 482 7
281 354 9
281 371 10
281 626 9
281 428 10
281 496 14
281 688 8
262 282 12
282 738 10
190 282 9
282 435 9
282 574 11
281 282 15
282 695 11
282 561 9
20 283 11
283 405 15
283 629 6
166 283 14
283 749 11
283 333 11
234 283 11
283 561 10
283 557 13
283 568 11
283 540 9
283 602 9
284 501 10
96 284 11
282 284 10
61 284 9
284 368 13
176 284 10
229 284 11
284 474 9
284 523 8
223 285 7
166 285 8
285 331 8
285 695 10
25 285 9
285 506 8
257 285 13
285 466 14
285 724 13
285 668 9
166 286 12
286 352 8
259 286 8
286 557 9
215 286 9
286 436 9
286 694 14
286 476 10
130 286 13
286 712 9
14 286 14
38 287 12
202 287 8
287 590 9
14 287 10
285 287 10
287 356 9
287 547 13
287 528 10
287 353 10
287 445 12
191 288 10
288 377 9
288 578 10
288 460 13
133 288 10
288 295 11
288 346 6
128 288 12
288 375 10
189 289 11
289 410 11
180 289 12
289 685 12
289 655 6
289 412 9
125 289 13
115 289 12
289 325 7
290 462 10
42 290 10
177 290 8
127 290 8
290 632 10
290 615 6
290 589 8
180 290 11
290 541 9
17 290 9
291 468 11
291 491 7
291 740 10
291 518 11
291 722 11
291 746 7
60 291 12
281 291 12
291 434 13
13 291 12
291 362 13
281 292 7
175 292 9
53 292 12
187 292 9
111 292 14
292 502 9
292 452 10
183 292 8
60 292 8
30 292 12
293 338 9
178 293 7
293 435 12
293 381 12
293 336 15
293 555 11
293 591 11
276 293 11
293 498 11
293 633 11
293 652 10
294 347 10
45 294 7
291 294 12
294 463 10
30 294 13
294 426 9
294 580 12
62 294 13
112 294 9
294 661 9
253 295 12
295 602 11
295 491 9
198 295 10
261 295 14
57 295 9
295 536 10
295 526 10
80 295 12
296 716 7
173 296 10
296 706 11
296 665 11
296 736 10
154 296 9
296 479 11
136 296 10
246 296 14
297 733 10
38 297 9
111 297 10
297 735 10
297 681 13
297 485 10
174 297 12
297 696 11
298 453 9
151 298 10
69 298 10
298 713 9
12 298 10
266 298 6
298 436 13
220 298 8
298 306 12
234 298 9
298 601 9
218 299 9
93 299 12
151 299 11
179 299 11
299 507 13
299 478 10
155 299 10
299 324 11
299 732 9
103 299 13
239 300 8
300 406 9
300 702 13
82 300 12
300 344 9
274 300 15
300 383 9
300 423 15
96 300 12
300 548 11
4 301 9
179 301 10
301 645 10
301 722 11
301 360 11
292 301 9
301 378 9
13 301 10
271 301 14
301 721 8
302 427 9
302 422 13
302 340 15
207 302 11
168 302 11
84 302 8
302 355 12
302 538 9
303 334 10
78 303 13
303 432 10
130 303 11
69 303 13
303 672 8
303 520 9
220 303 13
8 303 13
65 304 11
33 304 10
304 427 5
239 304 7
99 304 11
304 408 7
89 304 8
265 304 9
252 304 9
111 304 10
304 344 15
304 539 12
304 746 12
304 734 13
305 469 10
305 441 12
305 570 8
305 385 11
305 542 10
305 581 8
261 305 14
305 421 11
70 305 9
84 305 10
163 306 11
306 425 12
270 306 9
306 373 14
191 306 9
8 306 9
306 553 8
306 669 10
306 421 10
88 306 8
129 306 13
307 338 7
307 599 11
307 517 8
157 307 9
307 532 14
139 307 10
93 307 12
307 655 9
150 307 8
73 307 12
308 689 11
308 343 11
308 438 10
308 364 10
134 308 10
175 308 9
308 470 10
308 640 7
10 308 10
308 621 16
309 568 9
309 711 11
309 412 9
47 309 12
309 579 12
309 452 12
309 605 11
249 309 11
309 609 11
242 309 8
248 309 12
9 310 12
310 603 10
169 310 6
53 310 9
310 577 10
310 575 12
34 310 13
310 655 11
139 310 11
76 310 15
311 521 14
311 333 11
89 311 13
124 311 6
311 346 11
72 311 11
128 311 11
311 395 8
311 589 14
311 586 14
312 578 7
312 440 12
262 312 7
312 586 11
144 312 8
306 312 14
312 497 11
312 594 12
0 312 13
40 312 11
77 312 12
160 313 14
313 435 12
313 567 6
64 313 10
182 313 9
313 639 11
136 313 9
313 486 11
313 432 12
313 420 10
314 352 10
27 314 16
314 513 11
314 563 12
314 591 12
314 690 10
112 314 9
69 314 10
314 639 8
287 315 10
315 662 12
315 722 14
315 622 11
315 316 10
315 398 12
299 315 11
200 315 12
11 315 13
15 315 9
315 714 8
315 635 11
316 582 11
316 659 11
218 316 10
109 316 11
316 520 10
316 521 16
316 472 11
263 316 11
260 316 11
317 348 7
317 318 11
317 431 10
317 411 12
317 581 14
103 317 13
192 317 14
14 317 12
22 317 8
317 353 11
2 317 7
166 318 9
318 346 7
240 318 13
248 318 9
307 318 8
318 542 14
222 318 13
23 318 10
267 318 13
308 319 10
319 518 12
274 319 12
309 319 10
73 319 12
319 482 10
51 319 11
319 333 11
319 332 10
319 461 10
320 579 9
320 676 9
320 491 11
295 320 10
320 624 10
154 320 13
320 419 13
189 320 12
307 320 12
320 486 10
312 321 6
321 741 8
321 457 12
321 374 14
45 321 10
285 321 12
321 636 12
46 321 11
41 321 13
255 321 13
321 446 11
322 735 8
322 324 10
31 322 10
322 638 12
127 322 10
322 402 12
55 322 13
322 406 9
322 331 7
322 616 11
113 323 10
98 323 11
323 332 13
323 330 10
260 323 10
303 323 8
323 678 9
106 323 13
323 619 12
270 323 9
324 476 13
42 324 9
324 513 8
324 481 9
97 324 13
324 395 9
143 324 11
324 394 10
136 324 10
324 640 13
91 325 12
325 732 8
302 325 10
325 382 8
325 720 12
325 721 6
325 412 12
239 325 10
325 519 11
326 545 10
326 497 13
148 326 12
326 348 9
326 396 9
326 672 9
64 326 7
59 326 14
326 666 10
133 326 9
184 326 9
327 349 11
327 343 13
327 576 8
327 498 11
327 515 5
322 327 9
327 672 11
327 494 8
5 327 10
328 456 11
328 401 12
306 328 9
328 699 11
328 389 8
244 328 13
270 328 10
328 412 11
328 371 11
328 696 11
39 329 7
329 577 13
99 329 11
281 329 6
329 532 14
132 329 8
329 661 9
329 531 15
329 584 10
329 374 10
329 335 8
210 330 6
330 660 15
330 459 11
330 348 10
118 330 11
188 330 10
330 496 6
330 551 11
171 330 9
222 330 12
331 743 9
331 398 12
305 331 8
155 331 9
331 724 11
158 331 8
119 331 11
331 734 12
331 473 10
332 591 8
37 332 7
200 332 13
332 633 10
332 532 12
215 332 14
332 393 10
332 510 12
332 641 12
87 333 15
74 333 11
285 333 7
130 333 10
98 333 10
333 352 12
0 333 8
333 746 8
333 684 11
333 717 15
176 333 10
334 545 12
302 334 10
61 334 8
178 334 10
88 334 13
237 334 13
334 736 6
334 527 11
275 334 11
72 334 9
335 665 11
335 493 7
335 735 11
285 335 11
335 688 9
210 335 12
65 335 12
9 335 9
335 346 9
97 335 10
1 336 10
103 336 12
336 692 10
336 689 12
262 336 11
69 336 14
336 517 11
65 336 8
336 552 8
291 336 9
11 336 11
165 337 12
337 442 11
337 524 8
138 337 12
337 475 9
337 356 8
337 662 8
337 416 11
227 338 9
289 338 10
338 649 12
338 387 12
304 338 10
49 338 7
338 744 9
171 338 4
310 338 11
338 691 12
339 627 13
339 498 8
146 339 10
339 546 10
267 339 11
114 339 13
340 516 10
101 340 6
340 564 12
340 455 12
309 340 10
286 340 8
146 340 13
199 340 9
340 608 11
340 742 12
340 386 9
341 739 12
341 493 11
85 341 11
258 341 11
191 341 9
341 557 13
318 341 8
224 341 9
342 430 11
327 342 11
342 552 15
342 542 7
46 342 9
21 342 13
342 563 12
342 666 13
210 342 13
177 342 9
146 343 9
64 343 9
343 397 12
343 369 9
343 534 10
343 747 11
105 343 11
343 587 12
38 343 12
343 434 12
33 344 13
4 344 6
213 344 11
344 642 10
190 344 10
173 344 13
344 524 10
134 344 9
345 736 12
345 719 10
130 345 9
345 462 13
345 630 12
345 669 6
345 362 12
233 345 9
345 469 10
160 345 11
7 346 10
346 556 12
346 361 14
346 600 9
209 346 11
196 346 10
346 460 11
62 346 11
199 346 11
347 680 12
347 528 15
28 347 10
347 694 16
347 366 8
347 444 8
159 347 13
261 347 11
347 660 8
91 347 9
233 348 10
102 348 8
348 683 9
348 654 11
348 610 10
97 348 11
348 607 10
331 348 11
221 348 8
348 711 11
348 696 11
348 590 10
349 560 8
50 349 12
19 349 12
349 633 11
349 514 13
6 349 12
349 684 13
86 349 8
350 489 11
350 524 10
135 350 11
19 350 15
350 538 9
350 561 9
350 637 8
350 725 12
350 449 10
351 643 9
331 351 9
351 683 10
351 676 11
351 478 13
46 351 11
351 411 10
351 463 7
351 432 7
123 351 8
278 351 13
121 352 11
352 748 11
352 570 11
352 513 13
352 380 12
352 391 14
352 709 8
342 352 12
245 352 11
159 352 11
112 352 11
353 547 9
253 353 10
195 353 11
353 598 7
353 655 11
248 353 10
56 353 8
353 620 10
43 353 12
353 549 11
354 573 8
354 534 13
171 354 14
168 354 9
354 670 7
354 433 8
354 705 10
354 437 11
354 506 8
355 366 11
355 377 9
355 530 11
281 355 12
355 698 10
215 355 11
77 355 13
355 384 10
355 362 12
355 553 9
222 355 12
7 356 6
356 600 10
356 590 9
356 530 13
307 356 9
356 469 11
356 475 9
305 356 12
356 369 11
357 687 13
357 490 10
357 404 12
47 357 10
249 357 6
357 672 14
18 357 9
357 441 10
111 357 13
66 358 7
226 358 10
217 358 10
250 358 12
358 560 5
30 358 11
301 358 10
164 358 10
358 626 12
185 358 10
359 465 11
322 359 8
359 553 10
296 359 12
283 359 10
359 580 6
279 359 10
267 359 9
4 359 10
359 700 9
264 359 9
237 360 11
360 632 8
217 360 9
152 360 11
360 597 6
113 360 8
38 360 11
360 385 8
360 509 10
360 659 7
360 508 11
18 361 11
361 544 14
361 460 10
22 361 10
361 432 6
226 361 12
8 361 10
361 689 9
262 361 12
361 612 13
293 361 13
247 362 10
362 548 8
199 362 13
194 362 13
90 362 13
362 398 11
362 495 10
172 362 12
362 510 10
362 617 11
52 363 8
363 474 11
363 732 11
190 363 9
363 465 12
342 363 11
24 363 7
363 693 12
363 492 12
363 423 10
17 363 12
218 364 9
364 467 10
364 666 7
364 431 10
22 364 11
276 364 10
364 657 9
364 529 12
364 542 7
365 427 11
365 550 9
365 481 7
365 545 11
139 365 13
365 520 13
365 510 10
365 707 10
365 366 8
365 467 11
322 365 11
366 652 10
366 517 12
366 382 13
366 665 13
366 686 10
32 366 12
156 366 13
366 682 12
366 731 12
366 504 6
367 388 8
367 532 9
367 557 11
367 745 10
255 367 8
367 460 10
367 707 7
367 630 12
367 685 9
363 368 8
368 447 11
262 368 9
368 402 12
368 497 11
368 512 13
54 368 11
368 642 15
201 368 15
266 368 10
232 368 11
369 606 10
225 369 10
217 369 14
210 369 9
369 493 10
117 369 13
9 369 14
369 545 11
70 369 9
370 497 11
103 370 13
370 605 11
370 724 12
175 370 13
370 402 9
340 370 12
370 730 10
370 591 12
48 370 11
223 370 11
155 371 7
371 548 12
371 396 12
371 439 14
371 674 9
371 724 12
300 371 13
371 593 10
372 529 10
184 372 11
372 500 6
372 408 10
230 372 11
372 404 11
372 659 8
299 372 10
372 602 10
372 535 5
231 373 11
373 561 14
373 491 11
373 429 13
373 604 12
373 682 10
373 594 10
373 709 10
336 373 6
373 618 12
108 373 10
271 373 9
261 374 12
241 374 10
374 608 11
374 644 8
342 374 12
136 374 12
40 374 11
266 374 10
162 374 12
111 374 13
375 598 11
375 561 10
125 375 8
375 647 9
375 715 14
375 390 11
152 375 10
375 516 10
200 375 12
376 422 12
376 501 11
376 713 11
373 376 8
136 376 13
376 586 14
119 376 8
362 376 11
376 425 9
156 376 12
284 376 13
377 716 11
187 377 15
152 377 8
133 377 11
377 700 9
377 468 11
106 377 12
377 735 11
213 377 11
283 377 11
377 529 10
135 377 10
378 716 10
75 378 10
378 601 11
46 378 12
378 569 10
378 520 10
378 414 9
327 378 6
233 378 11
325 379 9
39 379 11
8 379 9
231 379 8
195 379 11
14 379 11
45 379 5
379 576 12
363 379 11
184 379 8
112 380 12
65 380 10
380 459 11
14 380 12
380 563 8
380 678 13
380 584 7
31 380 8
380 536 10
381 643 11
377 381 10
70 381 9
328 381 13
381 641 8
381 720 12
381 708 8
381 670 11
352 381 14
381 560 14
273 382 11
382 655 12
21 382 11
382 421 8
382 572 12
307 382 13
195 382 9
255 382 13
382 677 14
253 383 11
183 383 7
362 383 13
78 383 9
383 593 13
204 383 10
383 689 11
331 383 10
242 383 12
51 383 8
272 384 11
384 561 9
384 389 11
59 384 13
383 384 8
384 534 12
384 533 13
384 457 9
170 384 11
89 384 7
385 613 12
116 385 12
385 690 13
311 385 10
385 715 9
385 714 12
174 385 9
385 645 12
176 385 12
157 385 10
385 743 14
386 598 7
386 676 12
270 386 15
386 704 7
386 492 12
386 710 13
386 443 10
386 446 13
386 396 12
386 693 13
86 386 11
387 433 12
328 387 11
339 387 10
93 387 10
16 387 12
387 701 6
34 387 10
209 387 8
193 387 14
387 586 13
388 682 9
388 389 8
322 388 11
388 486 11
388 659 11
388 581 12
388 588 14
233 388 12
11 388 11
362 388 11
389 559 9
203 389 10
116 389 15
55 389 12
15 389 12
389 606 11
389 455 10
389 749 9
158 389 11
204 389 12
388 390 11
390 655 9
14 390 8
390 480 8
390 728 10
390 568 11
390 543 13
1 390 13
390 621 10
363 390 10
390 694 11
391 475 7
100 391 7
391 683 8
391 679 13
178 391 12
391 466 10
391 454 10
391 733 8
214 391 12
391 625 8
176 392 14
181 392 14
392 476 12
345 392 13
287 392 8
392 447 12
392 559 14
392 480 16
284 392 10
334 393 11
393 482 10
124 393 10
393 659 12
393 541 15
393 466 10
393 564 12
287 393 12
393 487 8
393 593 8
394 703 11
10 394 12
123 394 6
160 394 12
126 394 9
36 394 13
394 654 9
118 394 13
125 394 11
256 394 8
93 395 9
340 395 8
395 731 10
377 395 11
240 395 10
131 395 11
395 611 9
395 487 11
395 475 10
237 395 10
395 512 10
391 395 12
359 396 14
75 396 9
363 396 10
194 396 11
158 396 9
167 396 10
396 452 8
117 396 10
379 396 12
396 427 9
397 619 11
25 397 10
36 397 13
397 468 11
192 397 11
397 725 11
139 397 15
397 551 9
397 491 9
148 397 7
5 397 10
398 443 9
398 451 11
398 430 14
177 398 7
265 398 11
367 398 12
398 654 12
200 398 9
398 593 10
398 516 12
276 399 10
373 399 10
399 419 10
399 725 10
399 732 8
234 399 11
399 495 9
399 575 8
399 464 12
399 636 15
400 415 9
390 400 10
400 608 9
400 667 12
262 400 9
203 400 10
228 400 14
394 400 9
400 412 11
78 401 9
401 671 11
84 401 12
237 401 13
401 707 12
319 401 14
246 401 9
401 664 12
138 401 10
401 468 11
276 402 11
402 559 14
88 402 9
350 402 11
253 402 12
104 402 9
402 460 11
402 523 13
37 402 12
257 402 11
403 604 10
403 448 11
146 403 12
403 490 10
350 403 13
29 403 11
9 403 11
403 558 7
403 619 10
404 418 9
66 404 6
134 404 11
404 558 11
404 656 10
404 737 15
245 404 13
94 404 11
404 571 11
266 405 11
93 405 9
77 405 9
405 460 12
405 431 10
315 405 11
405 486 12
383 405 9
405 418 10
405 629 10
405 698 6
133 406 9
406 644 8
66 406 14
406 689 9
406 696 9
406 583 12
406 480 10
390 406 10
406 587 12
406 568 11
291 407 9
133 407 9
407 540 13
407 555 13
407 536 9
407 654 12
83 407 9
391 407 9
407 667 12
407 482 7
219 408 10
46 408 11
408 556 9
408 653 10
81 408 9
172 408 13
388 408 13
397 408 9
408 531 9
296 408 6
47 409 11
409 594 13
409 667 17
409 682 13
409 737 14
290 409 7
409 612 9
409 538 10
325 409 11
397 409 14
409 636 10
372 410 9
348 410 11
186 410 7
410 689 11
410 488 14
410 569 11
410 489 13
410 438 10
410 562 10
253 410 8
339 410 13
411 428 9
411 741 11
411 530 12
246 411 9
347 411 11
411 726 9
411 709 10
411 465 6
411 459 9
376 411 15
180 412 12
225 412 7
353 412 12
412 638 14
280 412 9
334 412 10
412 705 8
348 412 10
412 516 11
17 412 12
230 413 10
273 413 11
182 413 10
216 413 10
413 490 13
363 413 8
259 413 7
413 611 12
147 413 13
413 625 12
413 519 8
406 414 10
72 414 12
100 414 12
414 421 14
414 573 14
414 678 12
333 414 12
386 414 13
51 414 12
89 415 10
415 440 12
415 544 7
415 443 11
139 415 11
98 415 14
221 415 11
415 583 10
43 415 13
415 613 15
415 522 8
416 504 14
416 433 14
386 416 11
416 611 11
416 514 10
0 416 9
89 416 8
416 623 11
416 511 8
404 416 13
417 666 14
179 417 8
11 417 10
417 699 9
417 590 12
417 578 10
136 417 14
263 417 11
417 724 9
1 417 11
410 418 9
311 418 7
418 639 12
69 418 8
59 418 11
418 452 9
418 446 11
418 544 11
418 569 7
146 419 11
419 550 9
51 419 9
198 419 12
419 427 9
190 419 11
289 419 9
419 466 10
335 419 14
274 419 9
347 419 11
420 648 14
168 420 11
420 628 13
420 590 11
420 719 8
218 420 12
420 559 9
420 639 11
420 441 10
341 420 7
405 421 12
190 421 9
421 732 9
52 421 8
381 421 8
421 466 11
63 421 7
421 694 12
359 421 13
421 707 14
421 506 9
14 421 9
422 558 14
422 655 10
144 422 13
301 422 11
422 696 10
422 619 12
422 743 11
98 422 10
159 422 12
158 422 12
422 550 10
422 646 12
220 423 12
423 562 11
423 461 9
341 423 10
112 423 12
143 423 7
210 423 14
423 703 10
423 622 8
423 462 10
424 493 9
355 424 13
386 424 13
39 424 9
159 424 12
424 497 12
321 424 10
424 495 9
147 424 9
119 425 11
425 599 10
425 749 11
425 608 13
48 425 10
425 522 11
152 425 13
425 619 10
425 580 10
425 445 14
426 522 7
232 426 9
175 426 11
345 426 11
426 468 13
48 426 12
77 426 8
426 677 13
426 717 13
427 431 13
427 428 12
427 580 11
193 427 11
404 427 6
54 427 12
62 427 12
427 668 10
238 427 11
338 428 10
60 428 15
428 552 12
225 428 12
157 428 9
71 428 9
428 482 8
295 428 10
429 622 10
138 429 10
282 429 12
309 429 10
429 574 9
429 565 13
156 429 7
134 429 11
429 603 8
429 595 13
430 695 12
360 430 8
171 430 13
430 689 11
247 430 9
209 430 10
105 430 10
233 430 13
417 430 12
28 430 12
361 431 15
26 431 12
431 726 10
230 431 9
431 494 9
78 431 14
272 431 12
431 454 12
77 431 9
431 531 7
125 431 13
354 432 7
27 432 8
432 556 8
432 720 9
432 475 13
432 531 13
380 432 12
432 701 11
245 432 9
227 432 9
47 433 12
353 433 9
433 484 10
144 433 10
433 621 9
408 433 12
94 433 11
433 581 9
433 660 11
434 471 10
192 434 12
434 576 14
434 446 11
112 434 12
434 608 11
272 434 9
336 434 9
434 522 9
434 504 10
6 435 12
28 435 10
435 536 11
435 545 13
435 525 6
435 560 15
357 435 7
435 479 12
86 435 10
435 657 8
436 471 8
68 436 10
436 616 7
436 528 12
436 512 13
436 647 13
255 436 12
436 692 10
88 436 7
436 677 10
437 695 11
133 437 10
437 464 10
437 513 7
437 473 8
437 698 14
67 437 12
80 437 5
437 551 10
437 481 6
108 437 9
363 438 10
112 438 7
113 438 9
339 438 12
384 438 13
139 438 11
221 438 9
220 438 11
438 681 14
46 438 6
370 438 10
439 692 12
362 439 14
439 466 11
294 439 11
136 439 9
439 721 8
439 611 11
439 657 11
439 604 12
440 623 10
396 440 13
440 647 10
215 440 10
440 548 12
440 518 7
440 620 14
440 615 12
177 440 9
199 440 9
58 441 11
441 550 10
441 448 11
441 536 10
441 743 14
277 441 12
441 657 7
283 441 13
441 731 13
308 441 11
174 441 11
442 616 10
160 442 13
179 442 11
442 539 10
263 442 9
442 727 13
442 618 10
238 442 7
167 442 10
338 443 8
443 450 12
430 443 10
426 443 10
58 443 8
77 443 10
269 443 13
443 573 15
230 443 12
125 443 14
444 707 12
149 444 11
444 709 14
444 632 10
191 444 12
444 533 13
26 444 8
338 444 12
444 594 12
259 444 10
445 575 9
445 667 11
131 445 11
445 635 12
174 445 11
445 483 8
431 445 9
445 588 10
229 445 11
106 446 10
9 446 11
116 446 12
446 610 12
446 710 11
446 506 10
95 446 9
69 446 5
446 679 8
447 648 12
447 496 13
186 447 8
447 530 11
345 447 8
379 447 11
257 447 9
447 643 13
432 447 8
249 447 14
162 447 7
448 624 12
227 448 12
226 448 11
103 448 10
448 635 10
336 448 10
448 547 9
448 595 11
448 627 8
448 478 9
288 449 11
52 449 12
430 449 8
98 449 13
449 699 8
83 449 9
449 746 12
449 748 13
450 648 14
13 450 12
274 450 12
450 546 10
450 458 11
450 469 11
450 639 9
128 450 10
255 450 8
20 450 10
76 450 9
255 451 10
357 451 9
451 557 8
203 451 9
386 451 10
294 451 13
451 665 9
207 451 10
188 451 9
451 512 10
410 452 12
452 569 10
452 653 14
116 452 9
452 704 13
452 454 11
2 452 12
442 452 7
452 519 9
281 452 10
76 453 11
453 611 10
267 453 12
194 453 11
453 504 8
453 692 13
453 598 10
418 453 12
2 453 10
60 454 10
454 708 12
454 540 9
408 454 9
334 454 6
454 531 12
454 530 12
454 606 11
150 454 12
427 455 9
322 455 10
44 455 10
455 608 13
411 455 7
279 455 12
455 669 10
414 455 11
203 455 11
267 455 10
423 455 14
10 456 7
310 456 13
216 456 10
456 720 9
456 683 12
432 456 12
109 456 12
456 480 9
209 456 8
457 742 12
255 457 11
218 457 13
457 491 10
55 457 8
422 457 13
340 457 6
30 457 11
457 515 10
128 458 12
416 458 12
305 458 11
458 481 10
102 458 10
458 642 8
458 668 10
407 458 7
357 458 10
459 498 13
56 459 12
11 459 8
97 459 11
0 459 11
213 459 12
10 459 11
459 484 13
419 459 13
245 459 11
423 459 7
121 460 11
326 460 8
460 542 12
49 460 10
460 702 8
19 460 9
274 460 13
356 460 11
352 460 14
460 690 11
461 556 10
207 461 10
100 461 11
228 461 7
461 653 8
332 461 9
461 633 9
461 676 6
461 603 11
69 461 9
462 594 11
295 462 16
46 462 11
25 462 7
341 462 12
4 462 11
291 462 10
425 462 8
462 575 8
31 462 10
462 696 9
462 566 11
149 463 8
257 463 6
463 523 11
277 463 11
243 463 8
35 463 7
140 463 10
463 488 11
397 463 11
463 497 12
93 464 13
464 749 10
464 639 12
464 491 6
464 679 14
364 464 10
66 464 13
0 464 12
173 464 13
464 626 8
465 467 16
428 465 9
458 465 10
406 465 8
56 465 13
173 465 12
360 465 12
246 465 8
81 465 10
119 465 7
460 465 10
368 466 10
381 466 8
466 705 10
155 466 11
466 523 11
163 466 8
466 470 13
466 715 11
364 466 13
328 466 7
133 467 12
467 663 10
223 467 10
220 467 14
184 467 10
237 467 14
221 467 12
467 477 13
467 553 10
467 495 11
198 467 7
153 468 4
161 468 6
468 511 13
128 468 10
382 468 8
254 468 12
468 590 9
103 468 10
419 468 11
215 468 5
268 469 11
469 630 12
123 469 11
404 469 9
339 469 9
469 570 8
299 469 10
288 469 10
469 504 10
469 574 13
469 500 11
469 537 12
362 470 7
470 596 10
470 624 7
176 470 10
470 587 11
260 470 11
470 644 12
4 470 12
470 744 12
470 688 9
326 471 10
471 506 8
130 471 11
458 471 14
471 747 15
189 471 12
161 471 11
88 471 14
471 555 11
10 471 11
472 504 15
472 687 9
46 472 10
387 472 10
325 472 10
217 472 11
340 472 9
410 472 11
472 535 14
472 601 10
473 515 7
473 704 11
473 739 12
473 566 13
289 473 10
473 541 9
473 670 12
185 473 8
473 475 11
474 477 11
271 474 11
474 669 9
474 500 7
474 570 11
474 680 12
79 474 10
474 575 12
350 474 10
474 706 11
364 475 14
88 475 11
200 475 7
36 475 11
475 696 9
475 666 12
475 485 10
244 475 10
418 475 10
475 543 9
200 476 9
476 695 11
476 488 9
476 651 8
476 621 12
179 476 12
476 724 10
333 476 11
160 477 7
194 477 13
129 477 9
355 477 11
477 529 6
477 669 7
267 477 12
477 565 11
168 477 14
284 477 11
231 478 14
215 478 9
40 478 11
478 620 9
478 612 11
427 478 15
147 478 8
478 598 10
478 518 11
182 478 9
474 478 9
67 479 11
42 479 10
479 562 9
146 479 17
185 479 8
479 492 12
458 479 11
318 479 10
479 629 7
480 502 9
17 480 10
480 551 9
480 747 9
1 480 13
480 682 11
5 480 8
247 480 9
19 480 12
420 480 13
229 481 14
265 481 7
80 481 13
67 481 12
481 718 8
469 481 13
475 481 11
481 552 10
325 481 11
340 481 11
482 669 11
437 482 11
482 713 7
70 482 9
333 482 11
373 482 10
54 482 9
482 496 12
232 482 13
12 482 13
54 483 10
203 483 15
413 483 11
483 591 11
483 699 11
281 483 10
283 483 12
24 483 9
367 483 12
483 510 8
232 483 11
107 484 7
171 484 10
290 484 13
102 484 8
159 484 12
333 484 15
329 484 13
291 484 10
27 484 10
275 485 9
437 485 10
436 485 14
485 655 9
485 562 10
485 505 10
485 648 11
485 613 11
486 738 9
258 486 7
197 486 7
486 659 12
486 582 12
399 486 10
486 663 11
486 707 8
111 486 11
486 518 9
218 487 9
275 487 11
402 487 11
151 487 10
42 487 11
272 487 10
487 529 9
487 638 13
487 612 11
487 599 13
487 525 8
488 491 11
419 488 11
293 488 9
488 606 10
168 488 11
116 488 13
12 488 9
488 593 10
488 493 10
488 557 12
8 488 11
76 489 12
489 694 11
489 597 10
360 489 9
215 489 10
489 529 9
450 489 6
3 489 8
193 489 11
157 489 12
432 489 14
490 628 10
251 490 12
490 540 12
148 490 14
130 490 12
112 490 9
461 490 9
223 490 10
490 524 12
92 490 11
340 491 9
281 491 8
491 569 11
152 491 11
210 491 11
483 491 8
301 491 11
72 491 8
396 491 14
96 491 14
403 492 8
83 492 12
172 492 10
492 538 9
217 492 13
447 492 10
387 492 14
492 541 9
107 492 10
492 546 10
250 493 9
493 505 10
271 493 12
475 493 12
493 500 12
13 493 8
312 493 10
102 493 8
134 493 12
401 493 13
493 527 11
61 494 11
456 494 12
494 541 11
238 494 11
494 695 11
494 721 11
494 529 8
494 673 10
213 494 9
425 494 11
237 495 11
81 495 13
281 495 9
495 581 10
368 495 11
158 495 14
212 495 12
495 532 12
352 495 13
496 547 13
476 496 11
374 496 10
444 496 12
453 496 8
496 639 10
496 526 11
317 496 14
149 496 12
428 496 6
313 497 9
427 497 9
43 497 11
255 497 9
12 497 7
70 497 10
350 497 14
417 497 13
211 497 8
3 497 9
497 647 9
498 696 9
340 498 12
483 498 12
100 498 8
161 498 10
498 689 9
169 498 10
248 498 11
273 498 12
498 592 11
302 498 11
68 499 10
425 499 10
499 746 9
499 735 12
101 499 10
259 499 14
499 731 9
499 543 8
254 499 10
499 653 10
324 499 12
500 690 11
12 500 11
500 713 10
500 747 10
323 500 9
500 510 11
500 602 11
456 500 10
19 500 13
47 500 10
501 663 11
25 501 13
501 730 12
427 501 6
501 694 11
501 747 8
501 578 15
501 671 9
501 583 10
321 501 12
502 586 13
365 502 15
34 502 8
145 502 9
107 502 13
194 502 11
502 538 10
378 502 8
381 503 10
353 503 10
503 520 11
117 503 9
12 503 10
227 503 10
503 673 11
498 503 12
503 564 14
504 678 12
307 504 11
333 504 13
504 511 13
105 504 5
504 510 7
29 504 13
504 660 12
398 505 10
102 505 15
331 505 9
307 505 11
180 505 12
505 678 14
107 505 13
505 735 14
408 505 10
22 505 11
47 505 12
167 506 10
506 679 12
185 506 12
397 506 11
491 506 11
506 609 10
173 506 12
506 720 9
506 718 12
506 582 12
35 507 13
56 507 12
301 507 15
466 507 12
229 507 11
72 507 8
334 507 7
118 507 10
216 507 11
507 523 8
508 517 10
96 508 13
508 618 5
508 609 11
309 508 9
171 508 10
149 508 8
271 508 12
508 522 12
508 543 10
501 509 9
166 509 10
220 509 8
509 598 8
379 509 11
509 639 11
509 675 10
191 509 8
509 534 13
168 510 11
510 605 9
77 510 13
112 510 11
510 744 11
493 510 9
510 693 13
510 688 10
238 510 13
308 510 8
511 624 8
242 511 9
511 621 5
511 642 10
356 511 8
292 511 11
54 511 6
511 732 7
240 511 13
288 511 12
67 511 8
511 653 10
512 576 9
12 512 9
512 665 11
388 512 9
512 720 9
512 517 9
506 512 10
227 512 10
129 512 8
338 512 11
317 513 10
377 513 9
513 527 12
182 513 7
513 723 10
261 513 12
412 513 10
513 565 11
215 513 7
419 513 12
120 513 6
316 514 11
260 514 13
514 684 13
514 562 10
240 514 14
514 690 9
90 514 10
448 514 11
437 515 10
295 515 11
319 515 13
69 515 10
346 515 10
502 515 11
250 515 10
59 515 12
516 527 12
427 516 12
516 650 11
271 516 13
444 516 10
69 516 14
516 710 11
311 516 13
481 516 13
409 517 7
100 517 9
373 517 9
183 517 12
248 517 10
109 517 10
517 706 11
184 517 11
39 517 10
438 518 9
518 547 12
301 518 13
288 518 10
518 652 10
518 709 14
275 518 9
39 518 9
209 518 11
519 610 8
108 519 9
519 742 11
519 700 12
293 519 11
387 519 12
378 519 8
418 519 12
381 519 10
520 705 11
423 520 12
85 520 11
520 732 10
114 520 10
512 520 10
415 520 10
259 520 9
239 520 11
355 520 9
453 521 5
94 521 13
501 521 8
158 521 9
521 657 9
521 612 12
508 521 11
521 541 11
214 521 12
237 521 12
256 522 9
522 732 7
522 656 12
522 749 6
295 522 16
123 522 14
168 522 13
466 522 11
144 522 12
247 522 11
368 523 12
303 523 11
523 708 12
214 523 10
39 523 12
450 523 10
523 691 10
205 523 10
214 524 9
348 524 17
333 524 11
524 729 10
213 524 12
260 524 11
486 524 11
80 524 9
143 524 15
525 723 10
218 525 11
256 525 8
525 740 10
367 525 7
400 525 12
382 525 10
370 525 10
228 525 13
71 525 10
245 526 9
526 676 12
240 526 11
59 526 11
526 618 10
372 526 11
438 526 8
328 526 8
520 526 11
526 713 10
179 526 13
26 527 10
378 527 9
527 749 13
527 634 12
163 527 10
441 527 9
527 601 10
327 527 8
527 728 13
453 527 10
422 527 10
203 527 13
122 528 10
528 684 10
306 528 10
173 528 14
528 602 11
208 528 9
464 528 11
170 528 10
528 551 9
481 528 10
278 529 9
529 660 12
289 529 11
529 710 7
178 529 9
529 612 9
529 707 12
227 529 11
67 529 14
529 701 10
530 575 10
231 530 10
47 530 11
506 530 8
358 530 8
129 530 10
520 530 9
530 707 12
530 595 7
0 530 9
146 530 12
530 665 11
276 531 11
531 663 14
167 531 10
303 531 14
531 539 10
114 531 13
362 531 7
531 595 12
270 531 14
508 531 10
488 532 10
105 532 9
532 572 11
532 626 11
315 532 9
148 532 12
240 532 11
320 532 12
96 532 10
133 532 9
481 532 13
94 533 11
506 533 10
387 533 11
408 533 13
336 533 13
18 533 12
426 533 9
494 533 8
476 533 14
533 567 10
49 533 9
135 534 13
56 534 10
421 534 15
283 534 11
450 534 12
86 534 10
534 659 11
517 534 10
532 534 12
232 534 7
100 535 9
535 745 11
183 535 9
354 535 16
535 667 9
251 535 11
447 535 9
353 535 9
385 535 7
535 633 12
278 536 11
259 536 12
276 536 9
536 741 12
536 546 13
284 536 10
243 536 11
19 536 9
459 536 11
20 536 12
75 536 10
537 595 11
247 537 11
537 641 7
433 537 10
319 537 9
537 568 8
94 537 12
290 537 10
537 621 10
347 537 9
107 537 10
218 538 12
523 538 12
104 538 8
108 538 9
538 665 12
538 736 8
538 637 11
486 538 11
297 538 9
538 661 9
538 563 10
395 539 10
539 585 12
343 539 11
258 539 10
512 539 12
55 539 10
364 539 13
51 539 9
302 539 11
307 539 10
346 539 11
363 540 9
293 540 12
211 540 11
540 638 8
135 540 8
540 670 8
382 540 11
525 540 13
540 565 10
173 540 9
322 541 10
180 541 7
257 541 10
541 620 14
359 541 13
541 707 10
175 541 15
541 587 10
348 541 7
541 650 14
407 542 10
542 649 9
315 542 12
119 542 12
177 542 10
542 579 11
542 548 10
357 542 7
542 676 11
58 542 11
512 542 8
43 543 10
17 543 10
452 543 11
543 684 10
447 543 12
63 543 9
277 543 12
543 712 12
543 616 11
543 568 9
543 560 11
232 544 8
86 544 12
346 544 11
207 544 13
165 544 9
279 544 7
365 544 13
220 544 10
16 544 10
309 544 14
545 574 8
130 545 10
23 545 12
545 638 12
403 545 11
13 545 8
454 545 8
484 545 9
291 545 11
545 714 10
183 545 11
545 546 12
322 546 9
265 546 12
285 546 9
546 713 9
269 546 13
188 546 11
152 546 10
546 734 11
343 546 11
296 546 11
547 603 12
30 547 8
239 547 14
547 645 10
118 547 11
470 547 10
376 547 7
499 547 11
548 727 10
381 548 12
548 697 9
143 548 10
229 548 12
492 548 12
177 548 11
166 548 12
114 548 9
521 548 13
348 549 11
549 584 12
312 549 15
19 549 7
69 549 8
497 549 9
194 549 14
486 549 12
541 549 10
550 618 12
67 550 7
242 550 12
550 701 10
134 550 13
402 550 10
237 550 11
25 550 11
320 550 13
550 609 11
416 551 9
551 734 12
31 551 11
415 551 12
551 571 8
236 551 9
120 551 8
544 551 8
552 614 8
544 552 13
187 552 10
458 552 8
391 552 8
552 573 13
47 552 10
552 665 13
550 552 11
41 552 10
553 590 11
178 553 13
153 553 7
85 553 8
125 553 14
553 722 8
343 553 8
533 553 11
20 553 15
79 554 14
207 554 14
62 554 11
282 554 9
554 736 14
77 554 10
373 554 10
293 554 11
554 632 10
490 554 12
49 555 9
202 555 10
555 575 10
334 555 9
384 555 12
555 629 10
302 555 11
555 594 10
550 555 8
356 555 8
126 556 11
556 710 9
355 556 14
556 579 11
371 556 8
292 556 11
400 556 8
556 596 13
556 621 11
301 556 13
557 669 13
44 557 11
285 557 11
469 557 11
557 654 11
528 557 7
149 557 10
471 557 13
189 557 10
557 667 13
460 557 9
558 736 9
143 558 8
102 558 8
502 558 7
476 558 12
489 558 11
229 558 12
558 716 9
558 721 11
462 558 10
558 701 14
453 559 11
443 559 9
122 559 8
559 578 8
396 559 8
348 559 13
270 559 10
472 559 11
491 559 15
30 559 10
106 560 13
560 594 12
560 725 8
527 560 11
560 572 11
538 560 11
77 560 10
111 560 9
560 668 8
560 713 14
561 652 10
299 561 11
218 561 10
374 561 12
372 561 8
281 561 7
383 561 6
341 561 7
461 561 10
561 637 7
87 561 14
257 562 11
557 562 9
56 562 15
372 562 12
562 587 9
562 629 7
342 562 11
562 742 7
563 744 9
398 563 10
510 563 12
331 563 11
563 680 8
563 714 10
224 563 6
399 563 13
72 563 9
563 648 9
372 563 8
563 737 10
224 564 12
126 564 9
131 564 8
287 564 11
562 564 8
360 564 14
38 564 10
398 564 12
374 564 14
564 736 10
56 564 11
564 648 9
39 565 7
565 648 11
565 705 10
241 565 11
275 565 13
78 565 11
308 565 9
423 565 14
168 565 8
467 565 12
298 565 11
565 652 11
566 616 13
3 566 13
487 566 7
566 642 12
566 633 12
45 566 7
566 718 9
104 566 11
566 605 11
513 567 13
567 589 10
298 567 16
517 567 10
129 567 9
417 567 13
567 631 10
567 641 8
567 622 11
430 568 11
345 568 12
115 568 8
355 568 15
109 568 10
568 669 12
526 568 12
525 568 11
562 568 10
344 568 10
543 569 9
569 609 11
71 569 6
569 732 9
229 569 11
569 673 10
215 569 9
492 569 7
132 569 13
368 569 11
570 585 12
570 593 11
321 570 10
519 570 7
570 607 11
570 710 9
374 570 9
84 570 10
570 655 8
204 570 10
106 571 10
360 571 9
5 571 13
571 597 8
307 571 9
571 734 8
415 571 11
128 571 11
494 571 12
571 666 9
156 572 7
358 572 11
60 572 7
243 572 10
476 572 11
246 572 10
440 572 10
260 572 12
562 572 10
572 602 12
228 573 7
573 673 8
329 573 11
389 573 13
79 573 10
48 573 13
208 573 8
573 699 10
456 573 9
269 573 14
574 721 8
574 682 11
574 748 9
574 675 13
574 641 10
444 574 15
574 657 10
44 574 11
157 574 8
305 575 14
218 575 9
512 575 8
487 575 9
575 664 6
189 575 9
547 575 11
322 575 8
514 575 11
193 575 14
575 646 8
90 576 10
334 576 8
555 576 12
482 576 15
576 634 9
89 576 11
544 576 9
406 576 14
550 576 14
576 624 12
102 576 14
259 576 9
577 586 12
577 589 11
577 672 10
368 577 11
421 577 13
112 577 10
577 697 10
535 577 9
156 577 10
577 620 12
577 704 7
313 577 9
179 578 9
578 660 8
97 578 9
234 578 10
546 578 9
147 578 10
400 578 14
578 617 12
50 578 10
322 579 12
579 666 13
504 579 10
422 579 8
579 716 11
248 579 10
106 579 11
549 579 11
579 584 12
476 579 13
29 580 12
580 740 13
580 611 12
127 580 11
384 580 12
325 580 10
275 580 9
162 580 11
574 580 13
300 580 8
572 580 9
578 581 12
383 581 10
84 581 9
520 581 7
329 581 14
402 581 11
581 640 9
311 581 11
295 581 11
351 581 14
257 582 10
582 618 11
447 582 6
184 582 9
129 582 9
120 582 11
40 582 8
508 582 10
153 582 11
200 582 5
242 583 11
371 583 9
472 583 11
481 583 9
232 583 9
298 583 13
583 609 12
93 583 11
221 583 11
57 583 13
287 583 14
104 584 11
584 646 11
584 639 12
584 630 10
584 628 9
584 740 9
409 584 10
111 584 11
42 584 11
584 613 10
544 584 10
421 584 10
424 585 9
585 748 12
499 585 11
423 585 8
28 585 11
110 585 10
186 585 12
411 585 11
585 704 13
94 585 10
352 586 11
446 586 11
586 713 5
463 586 9
23 586 9
270 586 11
321 586 13
355 586 12
468 586 7
391 587 10
587 728 8
543 587 15
443 587 10
587 590 11
450 587 13
209 587 13
550 587 11
271 587 10
253 587 12
396 587 8
488 588 8
588 747 11
588 694 9
588 605 8
260 588 10
491 588 12
588 642 8
588 705 13
436 588 8
588 724 10
160 589 14
495 589 12
425 589 11
462 589 10
501 589 12
59 589 13
589 672 13
568 589 5
237 589 12
203 590 11
159 590 10
219 590 10
111 590 9
552 590 12
260 590 13
106 590 14
298 590 8
54 590 12
590 736 9
62 591 11
313 591 11
185 591 10
591 680 10
591 685 10
381 591 12
591 696 9
405 591 11
591 732 12
591 700 11
163 592 9
416 592 9
36 592 12
592 672 7
278 592 12
430 592 11
54 592 12
437 592 12
353 592 9
438 593 9
593 598 13
320 593 10
215 593 14
260 593 12
509 593 8
457 593 6
593 677 11
329 593 7
406 593 10
291 594 12
149 594 12
99 594 9
89 594 7
160 594 9
47 594 12
556 594 10
281 594 10
536 594 12
594 667 14
327 594 12
595 636 10
327 595 12
206 595 10
541 595 10
37 595 13
453 595 12
369 595 10
2 595 9
149 595 8
238 595 11
7 596 12
596 700 12
250 596 9
539 596 14
596 695 10
588 596 11
596 682 11
29 596 12
229 596 10
199 597 10
219 597 14
438 597 9
162 597 9
93 597 9
367 597 8
410 597 6
597 707 11
440 597 10
304 597 8
598 614 12
201 598 13
598 620 11
146 598 8
340 598 7
17 598 8
598 647 12
406 598 10
351 598 10
358 598 12
262 598 10
587 599 7
187 599 10
599 620 8
599 695 11
599 630 10
333 599 11
115 599 11
519 599 11
191 599 11
600 690 8
600 670 11
600 667 10
484 600 11
403 600 11
178 600 13
184 600 11
238 600 8
352 600 11
493 600 11
425 601 13
427 601 12
304 601 11
428 601 11
429 601 7
601 663 11
601 702 11
234 601 11
601 730 10
373 602 10
602 749 9
215 602 12
602 617 10
514 602 10
569 602 16
261 602 14
537 602 11
602 648 11
75 603 12
584 603 11
603 736 9
223 603 13
207 603 10
402 603 9
603 698 8
590 603 10
425 603 8
192 603 10
568 604 11
604 641 10
59 604 9
392 604 8
23 604 12
586 604 10
443 604 11
282 604 11
183 604 12
310 604 8
189 605 11
261 605 9
518 605 14
258 605 9
301 605 10
485 605 10
605 730 9
113 605 6
330 605 12
54 606 11
78 606 9
606 646 10
505 606 12
102 606 10
492 606 12
573 606 9
291 606 12
290 606 10
24 606 10
607 675 7
444 607 13
176 607 11
91 607 10
238 607 8
4 607 7
453 607 9
607 640 9
45 607 10
479 607 11
608 706 9
40 608 12
294 608 9
559 608 12
553 608 13
608 635 12
260 608 7
576 608 9
289 608 12
565 608 9
320 608 10
609 663 9
132 609 12
404 609 12
468 609 10
449 609 12
609 692 13
178 609 9
509 609 14
337 609 11
609 718 10
576 610 14
610 700 12
610 732 13
380 610 11
386 610 11
539 610 11
610 646 11
610 715 12
216 610 13
207 610 11
338 611 10
611 693 13
120 611 10
295 611 13
198 611 9
611 646 12
611 732 10
611 661 11
417 611 13
418 611 11
396 612 9
54 612 14
533 612 10
612 685 11
425 612 7
150 612 8
534 612 10
46 612 10
550 612 12
612 712 14
332 613 8
383 613 8
0 613 9
460 613 13
100 613 11
613 704 8
442 613 9
95 613 9
613 631 10
389 614 11
398 614 7
63 614 11
74 614 12
364 614 12
614 731 13
473 614 11
136 614 9
614 701 11
251 614 10
178 615 10
493 615 8
309 615 7
381 615 12
224 615 9
567 615 13
501 615 9
615 714 11
615 748 11
306 615 13
310 615 12
436 615 10
557 616 14
516 616 11
562 616 10
57 616 11
134 616 10
23 616 10
448 616 12
497 616 10
374 616 12
327 616 9
608 617 11
454 617 10
617 638 11
525 617 10
211 617 14
617 672 13
123 617 10
535 617 11
558 617 8
605 617 8
249 618 10
618 652 13
355 618 12
248 618 12
523 618 13
618 714 11
617 618 11
420 618 14
123 618 11
244 619 9
371 619 9
619 735 13
378 619 12
367 619 13
590 619 13
399 619 13
363 619 11
537 619 11
407 619 14
366 620 12
620 687 10
58 620 9
431 620 11
614 620 11
305 620 9
49 620 10
605 620 11
317 620 11
513 620 12
441 620 7
436 621 10
62 621 10
608 621 12
289 621 9
507 621 11
59 621 12
28 621 12
553 621 14
65 621 13
461 621 8
183 622 8
168 622 10
91 622 10
391 622 13
106 622 8
622 653 6
505 622 10
586 623 12
623 634 11
623 687 7
296 623 10
623 739 12
607 623 11
426 623 9
206 623 13
623 728 10
302 624 12
624 731 13
178 624 10
456 624 8
67 624 8
609 624 7
124 624 10
624 668 14
624 644 11
134 624 11
625 677 8
370 625 14
589 625 13
68 625 12
57 625 12
625 631 12
625 643 12
567 625 13
228 625 10
134 626 10
4 626 8
626 707 11
494 626 10
626 709 6
420 626 4
91 626 12
231 626 7
406 626 10
516 626 11
27 627 10
295 627 8
627 744 11
504 627 11
464 627 13
607 627 11
483 627 16
125 627 10
627 679 9
137 628 10
628 715 10
326 628 6
517 628 8
271 628 13
572 628 11
80 628 11
529 628 10
472 628 13
475 628 7
12 628 14
491 629 10
522 629 11
415 629 12
382 629 11
617 629 11
563 629 11
449 629 7
474 629 11
231 629 7
257 630 12
630 702 12
310 630 12
518 630 12
605 630 13
554 630 10
133 630 10
630 682 9
350 631 9
631 678 11
631 655 11
631 720 10
480 631 9
631 660 10
541 631 13
604 631 11
515 631 12
631 651 9
25 632 13
118 632 9
632 740 10
418 632 10
346 632 10
356 632 10
632 693 9
295 632 11
632 643 9
632 737 12
633 653 10
18 633 9
633 714 11
633 746 12
25 633 11
13 633 11
208 633 10
223 633 11
633 726 10
297 633 11
20 634 11
400 634 7
254 634 11
23 634 10
227 634 14
411 634 7
517 634 13
125 634 12
12 634 14
330 634 9
65 635 11
545 635 14
25 635 12
160 635 11
437 635 11
112 635 9
284 635 7
77 635 11
575 635 11
635 694 13
133 635 8
40 636 11
520 636 10
384 636 7
295 636 14
141 636 9
328 636 7
636 712 8
470 636 10
246 636 11
131 636 5
415 637 13
620 637 9
145 637 10
0 637 10
598 637 13
637 659 7
42 637 9
123 637 9
113 637 11
131 638 9
218 638 9
35 638 12
278 638 6
638 726 12
612 638 11
454 638 14
388 638 15
88 638 9
111 639 9
449 639 6
312 639 13
411 639 9
639 650 9
401 639 8
487 639 10
273 639 8
639 677 12
410 639 11
443 639 8
11 640 9
295 640 11
557 640 9
640 722 8
23 640 15
47 640 11
640 653 8
259 640 12
114 640 9
50 640 8
38 640 8
641 738 7
641 652 13
430 641 5
156 641 9
386 641 11
359 641 9
641 669 8
536 641 8
641 654 12
45 641 11
196 642 13
108 642 10
629 642 13
517 642 9
222 642 9
307 642 9
627 642 12
92 642 11
353 642 7
44 642 12
38 643 13
163 643 12
409 643 11
643 736 13
427 643 11
626 643 12
126 643 10
266 643 9
125 643 10
325 643 10
401 644 11
324 644 14
295 644 14
515 644 11
639 644 11
199 644 12
580 644 12
79 644 8
256 644 12
155 645 12
558 645 11
362 645 12
16 645 6
561 645 11
431 645 9
645 747 10
579 645 12
250 646 13
288 646 10
328 646 9
281 646 11
634 646 10
20 646 10
157 646 12
440 646 12
58 646 10
1 646 12
141 647 12
238 647 11
269 647 13
518 647 10
490 647 11
601 647 11
647 701 11
432 647 11
584 647 11
354 647 8
647 654 9
617 648 11
415 648 11
115 648 13
648 653 12
505 648 10
50 648 11
16 648 11
200 648 11
408 648 13
105 648 12
249 649 17
212 649 9
334 649 10
649 728 12
396 649 10
296 649 13
392 649 14
215 649 7
255 649 10
649 732 9
538 649 14
7 649 12
593 650 10
629 650 11
518 650 14
650 729 8
650 694 8
474 650 10
419 650 7
433 650 12
590 650 9
481 650 12
517 651 13
12 651 10
52 651 11
63 651 10
430 651 12
259 651 9
275 651 9
139 651 12
651 684 11
581 651 14
31 651 9
652 687 12
498 652 12
169 652 12
398 652 9
163 652 7
225 652 8
47 652 8
230 652 12
652 676 11
339 652 11
653 682 14
463 653 9
383 653 11
37 653 12
41 653 12
57 653 10
536 653 10
589 654 11
654 698 11
434 654 12
501 654 11
654 747 10
493 654 9
444 654 10
509 654 13
654 680 12
411 655 12
340 655 14
644 655 8
517 655 9
498 655 11
127 655 10
655 663 9
280 655 12
189 655 8
614 655 11
521 655 12
281 656 9
555 656 10
209 656 11
224 656 10
656 697 12
464 656 10
451 656 10
518 656 8
461 656 11
587 656 12
529 657 14
144 657 10
657 677 11
657 744 10
531 657 8
657 707 10
19 657 11
82 657 12
552 657 13
581 657 9
256 658 8
614 658 9
584 658 10
269 658 9
138 658 13
658 749 10
640 658 10
523 658 9
122 658 10
568 658 7
658 687 13
120 659 14
241 659 12
449 659 10
354 659 11
222 659 13
582 659 11
204 659 14
482 659 10
609 659 6
573 660 10
556 660 10
295 660 10
588 660 10
216 660 9
660 677 13
660 723 15
557 660 8
341 660 6
160 660 11
182 660 8
522 661 9
486 661 12
661 721 10
271 661 11
661 713 9
129 661 6
30 661 13
401 661 9
179 661 12
198 661 10
341 662 10
370 662 12
485 662 9
304 662 10
459 662 12
366 662 12
662 715 8
350 662 8
480 662 9
235 663 12
385 663 10
288 663 11
342 663 9
299 663 12
171 663 9
663 700 10
569 663 8
520 663 12
271 663 9
358 664 8
527 664 9
664 668 10
664 698 11
29 664 6
35 664 10
361 664 9
664 725 8
367 664 14
437 664 9
500 664 8
74 665 13
422 665 11
665 739 8
219 665 10
254 665 10
665 711 12
625 665 10
665 676 9
321 665 8
643 666 11
52 666 11
82 666 10
191 666 10
606 666 12
666 709 10
515 666 11
589 666 12
25 666 13
308 667 9
239 667 10
68 667 9
74 667 13
431 667 13
295 667 8
507 667 10
488 667 8
401 667 12
127 667 12
539 668 15
668 716 11
601 668 9
668 749 12
309 668 8
31 668 11
668 677 11
277 668 10
105 668 11
75 668 14
344 669 8
669 708 9
476 669 10
184 669 12
6 669 8
615 669 10
495 669 15
104 669 9
342 669 10
667 669 11
91 669 13
346 670 7
610 670 11
300 670 8
164 670 11
172 670 12
273 670 9
670 682 7
584 670 11
649 670 12
279 670 9
374 671 9
45 671 10
3 671 8
558 671 12
213 671 13
95 671 10
72 671 8
252 671 10
671 731 14
371 671 10
83 671 12
231 672 9
639 672 11
672 743 10
23 672 9
5 672 7
586 672 7
672 746 11
130 672 11
428 672 8
459 673 13
40 673 11
359 673 9
330 673 13
568 673 10
591 673 12
344 673 9
275 673 9
197 673 10
250 674 9
225 674 13
68 674 6
406 674 12
322 674 11
667 674 11
278 674 15
580 674 14
96 675 13
238 675 12
675 722 9
501 675 9
451 675 12
85 675 11
675 704 10
675 699 6
155 676 10
35 676 10
181 676 11
549 676 12
355 676 6
28 676 9
257 676 11
233 676 13
676 737 10
58 676 9
265 677 12
449 677 10
429 677 7
472 677 10
294 677 14
168 677 10
115 677 16
543 677 7
677 683 8
40 678 7
652 678 11
678 706 11
372 678 11
614 678 9
678 728 10
293 678 11
260 678 11
61 678 13
596 678 12
58 679 9
515 679 10
679 703 9
75 679 8
598 679 11
260 679 11
551 679 14
655 679 13
663 679 12
52 679 10
117 679 14
658 680 11
516 680 9
67 680 14
466 680 11
510 680 11
399 680 10
255 680 7
146 680 7
680 739 4
426 680 10
421 681 9
681 697 11
76 681 12
681 725 11
98 681 13
436 681 14
50 681 13
540 681 15
482 681 10
173 682 15
558 682 12
557 682 7
516 682 14
115 682 8
396 682 10
59 682 9
162 682 13
682 732 9
431 682 12
515 682 11
683 707 11
671 683 11
13 683 8
292 683 8
154 683 11
611 683 9
232 683 10
683 694 12
683 703 6
683 715 11
107 684 12
149 684 12
510 684 12
684 710 9
684 719 11
580 684 10
182 684 10
407 684 8
465 684 13
390 684 10
346 685 10
641 685 15
363 685 13
338 685 11
90 685 13
515 685 8
628 685 12
631 685 8
532 685 11
452 685 10
269 685 10
286 686 13
159 686 12
133 686 13
248 686 10
636 686 8
605 686 8
686 734 9
495 686 6
141 686 11
98 686 12
292 687 9
533 687 12
616 687 12
219 687 10
661 687 9
630 687 6
525 687 9
272 687 11
336 687 10
344 687 9
669 688 12
584 688 6
339 688 10
504 688 9
328 688 9
183 688 9
600 688 9
403 688 10
140 688 11
340 688 12
677 688 10
638 689 10
238 689 9
592 689 8
681 689 7
543 689 10
404 689 15
687 689 8
447 689 10
668 689 11
523 689 12
689 715 11
390 690 9
23 690 10
305 690 6
56 690 12
21 690 8
4 690 7
350 690 11
388 690 12
454 690 11
538 690 9
150 691 11
147 691 11
312 691 10
633 691 10
34 691 11
691 716 12
53 691 13
399 691 14
12 691 13
692 717 14
511 692 9
692 739 11
608 692 11
420 692 10
689 692 10
429 692 6
316 692 11
162 692 16
484 692 10
209 692 11
669 692 14
285 693 12
561 693 13
115 693 8
262 693 10
600 693 9
571 693 11
535 693 13
337 693 8
340 693 10
94 693 14
446 693 11
311 694 12
488 694 11
519 694 11
41 694 11
324 694 8
337 694 8
472 694 13
249 694 10
694 708 12
258 694 9
614 695 10
466 695 10
549 695 11
288 695 9
296 695 10
385 695 11
679 695 10
281 695 11
292 695 10
522 695 15
39 696 12
191 696 13
644 696 13
372 696 9
385 696 10
428 696 11
316 696 7
561 696 10
606 696 9
175 696 11
692 696 10
697 736 13
118 697 14
121 697 4
554 697 9
620 697 11
516 697 10
387 697 15
678 697 10
470 697 8
309 697 13
337 698 10
611 698 12
370 698 11
698 731 10
404 698 8
613 698 12
538 698 12
148 698 9
698 706 16
511 699 7
494 699 9
9 699 13
550 699 7
699 710 9
377 699 13
367 699 12
50 699 12
371 699 10
645 699 10
699 720 10
57 700 10
687 700 11
675 700 11
239 700 11
108 700 10
449 700 11
487 700 8
119 700 11
185 700 12
154 700 13
49 701 8
631 701 8
20 701 9
101 701 12
493 701 9
668 701 11
139 701 12
661 701 12
59 701 13
419 701 8
230 702 12
590 702 9
186 702 8
234 702 13
371 702 13
523 702 9
94 702 10
242 702 9
386 702 12
388 702 11
429 703 10
236 703 9
618 703 5
92 703 11
444 703 15
675 703 7
660 703 10
425 703 10
319 703 14
63 703 10
685 703 13
703 748 12
280 703 11
665 704 12
158 704 11
216 704 11
293 704 11
292 704 9
683 704 8
404 704 9
508 704 13
128 704 8
98 705 9
524 705 8
56 705 10
630 705 11
7 705 11
4 705 11
190 705 9
50 705 9
623 705 13
560 705 9
495 705 11
522 706 9
516 706 9
20 706 12
427 706 7
54 706 11
390 706 11
700 706 9
333 706 8
224 706 12
455 706 12
336 706 12
24 707 9
85 707 12
323 707 9
274 707 11
553 707 11
138 707 7
386 707 9
584 707 9
413 707 12
128 707 11
616 707 12
457 707 11
333 708 12
101 708 9
44 708 10
651 708 12
708 716 8
708 736 9
469 708 12
431 708 12
405 708 9
92 709 10
155 709 11
476 709 9
537 709 12
72 709 10
593 709 13
356 709 11
611 709 11
31 709 10
107 710 10
219 710 10
129 710 10
599 710 8
392 710 8
77 710 10
96 710 12
15 710 10
511 710 10
297 710 13
571 711 10
81 711 13
179 711 12
645 711 8
391 711 12
520 711 10
469 711 15
711 720 8
621 711 8
47 712 9
137 712 10
478 712 7
541 712 9
412 712 12
589 712 12
709 712 13
693 712 11
708 712 8
167 712 12
77 713 8
222 713 11
627 713 11
160 713 10
686 713 12
713 747 8
287 713 11
219 713 13
88 713 14
441 714 12
390 714 9
561 714 8
480 714 9
714 748 6
547 714 10
32 714 13
224 714 9
489 714 10
715 742 10
294 715 14
623 715 9
18 715 10
366 715 12
715 741 8
111 715 10
187 715 9
715 738 12
222 715 10
683 716 8
402 716 13
716 719 11
333 716 12
695 716 14
69 716 12
225 716 13
218 716 12
104 716 10
161 716 11
218 717 12
477 717 9
142 717 11
10 717 14
342 717 14
589 717 11
441 717 11
97 717 12
580 717 9
100 717 11
184 717 11
309 718 13
473 718 10
435 718 9
386 718 11
371 718 13
718 740 9
636 718 10
283 718 13
265 718 9
718 736 8
680 719 7
335 719 13
439 719 11
719 724 5
482 719 9
601 719 12
21 719 8
396 719 9
425 719 14
426 720 9
144 720 11
515 720 11
491 720 10
350 720 10
266 720 9
187 720 11
532 720 10
509 720 8
694 721 14
201 721 11
692 721 9
195 721 10
673 721 11
66 721 8
426 721 9
158 721 12
2 721 12
196 721 14
400 722 14
152 722 9
233 722 12
591 722 10
645 722 10
310 722 10
722 743 13
111 722 12
200 722 13
272 723 7
529 723 8
656 723 13
484 723 8
345 723 13
561 723 10
219 723 11
564 723 15
622 723 6
122 724 9
5 724 10
699 724 10
547 724 7
678 724 9
210 724 11
559 724 9
724 728 12
348 724 9
724 746 10
725 742 10
151 725 9
67 725 13
520 725 10
425 725 14
242 725 12
492 725 11
622 725 11
3 725 8
174 725 7
470 726 14
721 726 12
621 726 7
31 726 10
294 726 12
406 726 10
134 726 9
405 726 8
138 726 9
592 726 8
515 726 11
230 727 9
575 727 11
627 727 7
582 727 8
269 727 11
114 727 7
365 727 9
727 743 10
531 728 10
261 728 8
310 728 9
512 728 10
431 728 10
719 728 15
165 728 9
282 728 9
220 728 11
450 728 10
95 728 11
151 729 12
140 729 8
617 729 12
119 729 11
121 729 11
49 729 9
268 729 16
91 729 13
445 730 12
396 730 14
55 730 13
132 730 9
66 730 9
318 730 12
621 730 13
84 730 14
248 730 9
104 730 9
698 730 6
72 730 11
575 731 12
229 731 10
266 731 11
57 731 12
680 731 9
326 731 11
387 731 11
281 731 11
175 732 12
155 732 5
351 732 10
20 732 7
685 732 12
623 732 8
692 732 10
667 732 12
446 732 10
420 732 11
239 733 7
510 733 12
229 733 6
714 733 10
640 733 11
285 733 14
250 733 8
595 733 11
89 733 12
456 733 12
258 734 10
729 734 12
550 734 10
645 734 10
221 734 10
339 734 11
231 734 9
137 734 11
169 734 12
719 734 9
675 734 11
392 735 11
477 735 8
87 735 7
11 735 9
428 735 10
480 735 9
275 735 13
57 736 9
478 736 12
314 736 12
392 736 11
613 736 6
160 736 9
138 736 12
633 736 12
51 736 11
726 736 12
509 736 8
430 737 8
246 737 13
306 737 13
158 737 6
643 737 12
267 737 9
308 737 12
531 737 11
657 737 11
674 737 8
244 737 8
652 737 10
131 738 13
139 738 13
334 738 13
172 738 14
587 738 10
505 738 10
484 738 12
690 738 8
690 739 11
90 739 10
431 739 11
672 739 9
670 739 9
215 739 15
725 739 9
581 739 10
8 739 11
340 739 11
630 740 10
590 740 10
508 740 6
8 740 8
721 740 6
251 740 9
265 740 10
531 740 13
467 740 9
625 741 10
374 741 14
438 741 11
275 741 13
497 741 11
714 741 14
426 741 7
602 741 12
260 741 10
565 741 10
140 742 12
169 742 12
585 742 9
453 742 9
657 742 9
687 742 11
471 742 13
654 742 10
319 742 13
218 742 8
598 743 13
81 743 10
564 743 11
571 743 11
284 743 9
563 743 16
79 743 7
165 743 11
246 743 11
265 743 13
117 743 10
366 744 13
544 744 9
71 744 11
20 744 14
317 744 7
87 744 10
516 744 12
76 744 6
689 744 12
130 744 9
744 746 11
496 745 9
99 745 10
72 745 11
239 745 7
312 745 10
142 745 11
556 745 7
532 745 5
357 745 8
327 746 12
574 746 12
390 746 11
314 746 12
359 746 12
592 746 10
3 746 13
134 746 11
602 746 9
734 747 9
736 747 12
555 747 11
353 747 11
722 747 8
342 747 9
61 747 10
300 747 11
519 747 13
8 747 12
440 748 12
370 748 9
467 748 8
294 748 13
288 748 14
468 748 10
428 748 11
155 748 8
566 749 9
261 749 7
688 749 9
737 749 11
640 749 8
120 749 10
78 749 10
330 749 13
418 749 12
265 749 12
193 749 9
