750
0
2
2
1
2
6
1
8
7
3
3
5
7
4
7
4
5
4
4
3
1
7
9
7
8
9
1
7
10
8
3
7
6
5
2
8
3
9
1
2
2
6
3
4
2
2
7
5
9
5
2
8
8
7
9
1
5
3
5
1
7
3
6
7
8
7
6
10
1
3
5
9
9
2
10
5
9
7
2
9
7
8
3
6
2
6
7
5
7
2
4
8
1
7
10
8
9
8
4
4
9
2
4
4
8
4
4
9
8
6
1
1
7
4
7
8
2
2
7
9
7
4
8
2
3
2
9
1
4
7
5
9
8
1
2
4
1
3
9
4
3
4
5
1
6
5
5
6
9
4
2
3
10
5
10
7
1
6
3
7
1
6
3
9
9
7
4
2
6
4
2
4
8
3
5
4
1
2
9
7
4
9
2
2
4
1
5
2
9
6
8
7
5
4
1
4
9
4
8
9
4
9
5
5
6
10
10
6
2
6
8
3
6
9
2
1
8
10
5
8
8
2
2
6
8
7
5
7
2
4
4
3
8
5
4
2
7
1
8
2
2
10
6
8
8
4
1
4
8
4
2
4
8
3
6
7
9
4
5
1
2
8
5
6
6
10
4
3
2
2
10
4
10
9
5
6
8
4
7
9
4
2
5
8
9
4
3
3
2
4
6
2
7
6
2
3
9
9
5
4
6
2
8
5
9
3
4
2
4
7
9
8
6
4
10
10
2
8
6
5
3
6
3
3
9
7
9
8
6
5
4
2
5
1
7
4
1
2
1
3
6
5
4
8
3
6
5
5
7
2
8
8
5
5
3
7
5
2
7
5
4
5
9
2
4
8
2
8
2
5
2
2
7
5
4
5
5
2
7
4
10
2
3
2
8
4
8
6
6
6
4
7
1
8
7
7
2
5
9
3
7
6
5
1
8
2
2
6
5
8
8
9
10
3
9
1
10
2
1
6
10
2
7
9
6
9
6
10
6
2
4
6
6
5
3
1
5
5
5
9
7
2
8
2
5
7
9
8
4
9
9
4
2
3
8
6
6
10
8
4
9
8
9
9
4
3
6
2
1
9
2
5
3
8
7
3
3
5
2
2
4
8
6
6
10
10
8
7
2
4
5
3
6
6
9
2
3
4
3
7
1
6
9
9
9
7
5
5
9
7
3
7
7
4
8
5
4
2
6
9
1
2
9
2
6
8
2
6
5
10
9
3
9
2
4
10
4
7
5
6
2
9
1
4
10
10
3
2
9
9
2
7
7
2
5
6
3
10
5
5
5
4
3
7
8
1
3
2
3
4
4
2
3
9
4
7
4
8
2
5
7
1
6
7
8
5
9
3
4
5
4
5
1
5
3
4
3
2
9
4
7
3
2
7
4
10
10
5
7
5
9
9
3
3
6
3
2
5
7
3
3
1
1
9
6
4
7
9
8
3
3
10
9
3
6
8
9
5
5
7
8
8
3
7
5
9
1
7
7
3
5
6
5
1
4
2
8
7
8
8
5
1
2
8
10
2
8
9
2
4
9
5
6
9
4
6
5
4
8
7
2
2
8
7
10
5
1
4
4
2
4
9
6
4
6
3
7
3
7
3
3
5
9
2
6
5
2
10
9
7
4
3
6
10
9
7
8
6
4
8
4
4
4
5
6
4
4
5
3
6
7
8
4
9
4
6
10
5
2
1
4
7
4
7
2
9
4
5
4
8
0 14 10
0 156 8
0 255 7
0 423 12
1 173 10
1 743 9
1 519 9
1 451 13
1 238 7
1 121 11
2 152 12
2 633 8
2 112 12
2 696 12
2 489 11
2 45 11
3 344 8
3 734 10
3 689 10
4 457 12
4 466 12
4 256 8
4 574 9
4 526 12
4 515 7
5 690 12
5 556 9
5 44 9
5 619 10
5 309 9
6 41 11
6 706 17
6 354 8
6 195 11
6 130 7
7 438 15
7 48 10
7 331 6
7 273 6
7 385 13
3 8 8
8 595 8
8 687 11
8 151 13
8 645 11
8 263 10
9 391 13
9 31 9
9 721 8
9 679 10
9 371 9
10 368 14
10 470 13
10 51 12
10 177 12
10 584 9
10 439 12
10 140 11
11 532 10
11 360 13
11 16 15
11 71 12
12 663 9
12 419 9
12 495 12
12 512 13
13 213 10
13 712 11
13 605 13
13 469 9
13 486 13
14 695 13
14 102 11
14 330 8
14 463 8
14 359 8
15 264 10
15 255 8
15 528 13
15 585 10
16 84 10
16 626 9
16 193 13
16 218 9
16 551 11
17 657 14
17 356 7
17 634 7
17 65 9
17 79 12
17 27 10
18 438 9
18 608 11
18 629 10
18 701 10
19 551 10
9 19 7
19 319 11
20 381 9
20 90 12
20 575 12
20 710 9
20 469 8
20 672 11
21 398 13
21 73 13
21 521 13
21 170 9
21 429 10
22 584 9
22 453 8
22 464 10
22 188 7
23 79 11
23 272 11
23 416 6
23 567 10
23 151 12
24 49 10
24 52 10
24 475 11
24 215 12
24 329 12
25 528 6
25 88 12
25 81 9
25 463 9
25 218 12
26 231 11
26 747 9
26 406 13
26 409 10
26 427 12
27 39 12
27 678 11
27 243 11
27 196 12
27 149 12
27 468 8
28 185 10
28 474 8
28 206 10
28 90 14
29 254 8
29 583 12
29 703 13
29 235 11
29 243 11
29 165 12
30 120 8
30 610 10
30 38 10
30 99 9
30 285 14
31 693 9
31 376 9
31 253 11
31 142 12
31 270 10
32 67 10
32 129 8
32 279 12
32 106 15
32 727 12
33 562 12
33 476 9
33 166 8
33 692 8
33 512 12
34 634 10
34 480 8
34 368 12
5 34 14
34 330 9
34 78 7
35 485 11
35 125 12
35 414 11
35 239 10
35 452 12
36 360 8
36 221 10
36 596 10
36 281 8
36 429 10
37 473 11
37 542 11
37 423 9
37 150 11
37 468 11
37 216 10
38 712 10
38 391 13
18 38 10
31 38 11
39 270 15
39 418 10
39 650 6
39 493 12
39 192 7
40 235 9
40 680 14
40 609 10
40 294 11
40 587 9
41 734 9
41 258 9
41 90 10
41 417 9
41 510 7
41 301 12
42 383 10
17 42 12
42 87 8
42 475 9
42 210 11
42 122 13
43 170 10
43 210 10
43 682 8
43 164 8
44 687 12
44 136 10
44 545 10
44 287 7
44 671 12
45 178 7
45 411 13
45 369 15
45 438 8
46 174 7
46 707 11
46 58 11
46 238 7
46 351 9
46 468 13
47 546 12
47 208 13
47 260 8
47 256 11
47 334 16
47 302 11
47 712 8
48 177 10
48 99 9
29 48 9
48 530 13
49 737 10
49 637 9
49 112 13
49 289 12
49 522 11
49 370 11
49 77 13
50 725 12
50 736 10
50 256 11
50 590 11
50 113 15
51 621 11
15 51 8
51 293 11
51 533 11
51 612 9
51 242 12
52 344 10
52 538 11
52 362 10
52 637 10
52 184 8
53 181 9
53 299 11
53 260 7
53 97 12
53 170 10
53 371 10
54 92 10
54 565 8
54 590 9
54 663 8
54 394 9
54 306 9
54 169 11
55 255 11
55 159 10
55 90 9
55 200 10
55 572 10
55 62 11
56 712 12
56 437 11
56 199 11
9 56 11
57 359 9
57 610 10
57 350 14
57 61 10
57 370 7
58 543 10
58 450 9
58 73 10
58 278 10
59 111 9
59 336 13
31 59 6
59 222 9
60 94 10
56 60 10
60 654 10
60 307 11
60 435 10
61 500 9
61 580 8
61 547 11
61 250 13
62 589 11
62 317 8
40 62 13
62 712 9
63 632 10
63 335 12
7 63 7
63 138 9
63 411 10
63 717 9
63 673 8
64 549 9
42 64 11
64 694 15
64 535 12
65 223 14
65 146 9
65 279 11
65 546 8
65 258 11
66 658 12
66 351 12
66 466 9
66 617 14
66 148 13
66 601 9
16 66 10
67 662 12
67 74 10
67 606 15
67 157 14
67 212 10
68 245 10
68 736 9
13 68 10
68 521 14
68 185 11
68 362 11
10 69 9
69 607 10
69 264 11
69 426 7
69 588 8
70 386 9
70 172 11
29 70 9
70 564 12
70 325 12
71 284 8
71 384 11
71 372 8
71 667 12
68 71 10
72 269 9
72 613 12
72 205 12
72 103 10
72 408 10
73 378 11
73 204 8
73 453 11
73 163 12
74 355 11
74 170 9
15 74 10
74 540 10
75 455 10
75 420 12
75 363 12
75 145 11
75 110 12
76 382 12
76 390 15
76 121 10
76 334 9
77 670 8
0 77 10
77 519 10
77 464 12
77 516 13
78 103 8
78 567 8
78 239 11
57 78 13
78 240 11
78 516 10
79 249 10
79 148 9
43 79 9
79 644 12
79 106 6
79 177 10
80 218 10
80 471 11
80 138 11
80 179 9
80 392 8
80 112 12
81 210 11
67 81 9
81 482 13
81 400 13
81 633 12
82 717 12
10 82 8
58 82 9
42 82 11
82 129 12
82 180 7
83 383 14
83 199 11
83 85 10
83 490 9
84 638 13
84 290 10
84 669 8
84 337 10
84 640 11
84 227 13
85 398 8
85 497 11
85 494 7
85 106 14
85 562 8
85 512 10
86 579 13
70 86 8
69 86 11
86 385 11
87 188 12
87 155 14
87 210 6
87 153 10
87 560 10
87 587 12
88 630 11
86 88 13
88 199 9
71 88 11
88 483 13
23 89 12
89 611 11
89 660 9
89 138 14
89 714 12
89 337 9
90 340 8
90 569 12
90 590 9
62 90 9
90 650 13
16 90 10
91 615 10
85 91 10
91 124 10
91 308 11
91 544 9
91 439 9
92 106 10
92 472 10
92 611 11
92 440 11
93 243 10
93 229 9
79 93 11
93 250 9
21 93 10
94 296 12
94 252 15
94 172 13
94 507 10
95 502 10
95 526 7
95 459 10
95 171 11
96 691 11
96 252 8
96 303 11
96 595 10
96 332 9
76 96 13
97 158 10
97 531 12
97 229 11
97 349 8
97 197 10
98 583 10
98 118 13
98 338 8
76 98 11
98 671 10
98 215 13
99 229 11
99 195 10
99 413 10
99 125 11
60 99 10
81 99 9
23 100 9
100 186 13
100 310 8
100 283 10
100 479 14
101 121 11
101 717 10
101 664 9
102 529 10
102 521 8
102 548 10
102 555 12
9 103 14
103 125 10
103 296 13
103 215 11
104 216 12
104 692 10
104 350 11
104 146 13
104 541 12
104 236 8
104 660 11
105 397 9
105 431 9
105 116 14
105 563 13
105 524 11
105 331 9
105 486 12
106 725 9
106 247 10
106 467 9
106 319 13
107 356 14
107 687 14
107 361 11
73 107 9
82 107 11
76 107 8
108 365 9
108 182 10
108 737 11
108 279 10
108 724 10
109 468 13
109 454 9
109 600 13
109 495 10
108 109 9
110 617 9
110 488 10
110 553 10
110 715 10
89 110 11
111 610 8
111 612 9
111 486 9
111 354 6
111 128 13
112 180 11
112 123 11
112 408 7
112 683 9
112 155 12
112 274 9
113 389 10
113 399 12
73 113 10
113 154 8
114 124 9
114 355 9
114 331 8
114 203 7
114 417 7
115 734 14
115 204 10
115 122 8
115 321 7
116 455 14
116 483 12
116 540 11
116 470 8
116 695 10
90 117 12
87 117 10
117 696 9
117 629 10
117 749 11
118 666 11
118 444 12
118 370 10
118 745 11
118 450 11
118 456 7
118 629 8
119 633 13
119 659 11
119 616 9
119 458 10
119 422 12
120 155 13
118 120 11
52 120 14
121 586 11
89 121 9
121 439 8
50 121 11
121 579 7
122 587 11
122 124 11
122 171 7
122 338 12
122 604 10
122 519 13
123 496 13
123 640 11
123 223 9
123 204 10
123 625 13
123 437 10
123 221 14
124 254 11
124 594 8
69 124 12
124 377 10
54 124 11
124 170 11
125 304 10
20 125 11
125 594 9
36 125 12
27 126 11
126 379 12
126 328 8
126 164 7
126 143 15
127 375 10
127 391 13
127 672 11
127 424 8
127 303 11
128 712 15
128 439 8
77 128 13
128 165 9
128 659 9
128 161 6
129 657 15
129 713 10
129 189 10
77 129 10
129 570 8
129 445 10
130 568 11
130 607 8
130 747 11
130 262 11
130 735 8
131 267 12
131 447 14
131 392 6
131 423 12
17 131 9
131 429 8
129 131 12
131 591 13
132 262 12
132 691 12
132 498 12
132 606 11
132 469 7
132 680 11
133 421 9
133 535 9
1 133 9
134 482 7
134 347 13
134 522 10
131 134 10
134 154 9
135 249 10
135 594 9
61 135 14
135 164 10
135 607 9
136 312 9
136 303 10
136 302 13
136 705 13
136 324 9
136 235 9
137 690 9
137 241 8
137 710 10
138 404 12
138 245 7
138 588 6
138 507 9
138 315 10
139 449 12
139 380 9
139 344 15
139 700 14
111 139 10
139 308 10
140 318 9
140 495 8
140 632 11
140 302 10
140 353 13
140 146 8
58 141 9
141 288 9
141 588 8
64 141 13
141 248 14
142 445 7
142 167 10
142 359 13
142 391 10
142 498 12
106 142 10
143 692 11
143 414 8
143 675 10
143 599 12
113 143 10
144 146 8
72 144 10
144 546 14
145 695 8
145 221 11
145 625 8
145 323 11
145 336 10
145 256 12
146 668 12
146 454 14
146 375 11
146 614 10
146 268 12
147 260 11
147 203 7
147 530 7
147 548 10
36 147 10
101 147 7
148 688 11
6 148 13
148 263 9
148 575 12
148 633 13
149 471 10
10 149 11
122 149 7
149 638 11
149 273 9
40 149 10
150 666 12
19 150 5
150 231 12
6 150 13
151 433 13
151 329 7
151 474 12
134 151 9
42 151 13
152 747 8
152 475 10
110 152 9
152 373 11
76 153 8
98 153 14
153 272 9
153 620 12
153 472 11
154 321 9
154 652 8
154 250 11
47 154 8
154 736 11
154 459 10
110 155 10
92 155 7
155 405 10
155 463 14
155 324 11
45 156 7
156 568 11
27 156 13
156 702 13
156 486 12
157 720 12
157 680 12
157 261 12
157 605 10
157 212 14
157 298 8
158 660 8
158 655 9
158 527 13
158 411 13
158 732 11
158 624 10
159 238 11
159 219 9
159 367 12
159 717 12
160 163 13
160 715 12
160 570 11
160 289 14
161 686 14
150 161 9
94 161 13
161 442 7
81 161 10
162 523 7
162 379 11
162 525 9
162 690 11
139 162 10
162 744 12
105 163 10
137 163 14
163 392 12
163 403 11
163 704 9
164 463 11
164 413 11
164 673 7
165 697 10
165 740 12
165 462 11
150 165 12
165 260 9
165 729 12
165 498 8
166 576 8
83 166 11
166 527 11
15 166 10
166 579 12
167 428 12
167 464 9
98 167 11
167 662 9
54 168 12
168 736 10
168 236 12
168 627 12
168 527 8
34 168 11
169 237 8
169 684 11
36 169 8
169 384 11
169 315 9
170 687 8
170 489 12
170 372 11
170 308 11
95 170 9
122 170 10
171 665 9
171 445 11
171 553 10
171 552 8
172 298 11
172 658 8
172 621 9
159 172 9
173 622 6
173 724 11
173 464 10
173 688 7
173 258 9
174 618 9
174 385 11
110 174 12
174 627 8
174 697 11
174 503 10
175 274 9
175 653 9
175 361 6
175 599 14
175 590 8
111 176 11
176 628 13
144 176 10
176 368 8
176 651 13
177 396 11
177 633 12
177 652 7
9 177 11
81 177 12
177 589 11
87 178 8
37 178 15
178 276 10
178 336 9
178 430 12
139 179 11
179 405 11
179 275 14
179 297 13
60 180 11
89 180 12
180 592 13
180 710 10
181 622 14
181 682 9
181 289 9
181 357 11
182 453 10
182 378 12
182 586 6
182 684 14
182 484 11
183 604 8
59 183 11
176 183 11
183 304 17
183 390 10
184 221 9
184 189 9
184 659 10
94 184 10
184 302 10
147 185 9
182 185 12
185 336 13
185 746 9
185 475 8
186 599 14
186 554 12
186 600 11
186 473 11
187 627 6
187 411 12
187 607 9
187 692 11
136 187 13
188 430 8
188 436 9
188 205 6
188 404 9
188 224 11
188 748 11
160 189 11
189 535 12
189 214 11
189 714 12
190 305 9
190 470 14
190 332 5
128 190 14
102 190 7
191 437 11
191 411 11
191 273 9
192 636 9
192 216 11
76 192 11
192 649 9
66 193 8
76 193 12
193 453 10
120 193 11
119 193 9
194 303 13
96 194 12
194 702 7
11 194 10
195 217 9
195 533 8
195 270 8
57 195 12
195 679 13
195 612 12
125 196 11
89 196 8
196 510 14
196 248 12
98 196 11
197 573 9
187 197 12
197 611 9
197 252 11
197 248 8
197 317 10
198 216 10
114 198 12
198 353 12
198 619 12
198 208 10
81 198 8
191 199 9
53 199 13
199 427 12
199 701 7
199 416 11
85 200 7
200 555 11
31 200 7
200 557 12
200 628 9
30 201 11
201 704 9
201 379 12
49 201 8
201 372 8
36 202 10
202 265 11
202 501 9
202 641 12
82 202 11
203 464 16
203 451 10
203 259 11
203 572 11
203 453 9
203 692 10
204 540 8
204 686 11
204 742 6
42 204 10
204 399 8
29 205 10
205 684 10
205 694 6
205 728 9
205 648 6
64 205 11
206 299 11
206 300 11
206 455 11
206 504 10
206 700 13
207 718 10
151 207 12
179 207 9
207 711 11
207 389 10
162 207 12
208 480 9
208 302 9
208 381 12
208 719 9
87 208 9
209 457 9
209 370 7
209 393 13
151 209 11
209 286 8
32 209 10
204 210 11
210 571 8
210 519 10
210 693 8
210 367 12
211 383 11
211 246 9
12 211 10
52 211 10
212 556 8
212 446 10
212 520 8
212 317 8
213 559 6
213 588 9
213 265 12
23 213 12
213 574 12
12 214 10
100 214 12
214 357 11
214 570 10
215 539 13
215 744 13
22 215 11
215 218 8
38 215 9
3 215 12
215 663 7
216 258 10
216 633 11
216 452 15
216 748 13
217 512 10
217 734 10
217 489 6
217 394 13
218 622 9
218 472 9
218 436 8
218 345 5
218 632 11
218 723 8
219 724 12
219 505 13
87 219 8
103 219 12
219 341 10
33 220 11
210 220 11
201 220 15
220 553 9
221 384 12
221 362 8
221 313 10
221 264 14
27 221 6
222 476 14
218 222 10
222 544 11
158 222 9
222 737 9
223 646 9
223 677 9
223 566 10
223 680 13
24 223 11
223 260 11
224 347 11
224 598 10
224 360 9
224 556 14
224 476 13
225 732 12
225 748 9
86 225 6
225 333 9
225 523 8
102 225 13
226 414 11
55 226 10
226 380 8
226 305 11
17 227 9
227 685 11
227 732 11
59 227 10
227 285 9
227 617 10
228 441 11
26 228 8
228 237 8
228 414 11
124 228 9
229 627 15
229 728 9
229 719 9
229 488 9
229 620 12
229 419 14
230 443 9
225 230 14
230 512 11
140 230 10
230 494 12
36 230 10
231 659 11
231 474 10
231 462 11
231 636 12
60 231 11
39 232 8
84 232 13
232 584 12
164 232 9
84 233 12
233 279 11
233 629 11
206 233 9
108 233 10
233 507 12
234 600 10
234 552 12
234 586 8
130 234 15
234 334 9
235 595 11
235 584 14
235 687 12
235 291 9
235 360 8
236 663 10
236 688 12
236 545 9
236 650 11
237 294 12
237 492 11
237 594 12
237 534 10
237 695 9
238 521 12
238 530 12
238 651 10
6 238 9
191 239 14
20 239 11
239 470 7
239 666 10
240 586 12
240 614 7
82 240 10
240 526 12
240 381 9
240 712 14
240 547 10
88 241 12
241 612 11
150 241 9
241 319 12
109 241 10
242 256 11
215 242 12
242 700 11
58 242 7
242 569 11
232 243 13
23 243 15
243 500 11
243 720 9
244 246 11
128 244 8
244 571 12
244 429 11
245 620 13
96 245 11
245 715 9
100 245 11
245 513 11
245 647 14
245 419 11
246 663 10
98 246 12
23 246 9
246 745 11
208 246 14
2 247 8
9 247 8
247 348 10
247 506 12
20 247 13
248 405 12
248 554 12
248 600 10
248 500 11
193 248 10
249 287 8
249 698 9
249 663 7
113 249 11
176 249 11
249 339 12
182 250 9
250 707 10
136 250 13
25 250 8
250 306 10
46 250 11
251 707 7
251 331 13
251 577 10
76 251 10
251 709 12
148 251 7
170 252 13
252 605 11
252 530 11
206 252 8
252 409 10
144 252 14
252 377 9
243 253 12
253 256 9
6 253 12
191 253 14
253 275 8
254 355 12
254 587 9
254 378 14
75 254 9
254 582 10
254 594 12
255 392 12
255 698 10
255 376 11
255 313 11
232 255 14
256 593 13
256 557 10
256 356 6
256 661 12
256 285 10
225 256 11
257 511 10
257 369 10
257 267 10
257 317 10
258 728 10
73 258 10
258 420 12
258 289 12
258 510 10
15 258 10
258 697 12
259 737 13
259 731 12
259 525 11
129 259 12
259 536 12
260 415 10
66 260 9
122 260 9
90 260 11
260 695 11
260 582 14
261 305 9
261 498 8
261 294 12
262 418 11
7 262 8
262 454 11
262 660 9
263 620 9
263 666 11
263 649 13
263 510 11
263 413 11
264 414 12
264 692 12
12 264 13
265 540 11
241 265 10
167 265 12
265 451 6
257 265 8
265 591 13
179 265 8
219 266 12
99 266 8
266 540 9
266 736 13
266 657 10
5 267 13
267 297 8
72 267 11
267 556 11
267 746 12
120 268 10
268 685 10
268 437 14
173 268 11
269 620 10
269 721 7
269 538 13
269 743 11
269 353 8
87 270 8
270 512 14
42 270 14
270 630 14
270 323 10
16 270 10
271 459 8
271 321 14
190 271 13
64 271 12
254 271 7
155 271 10
221 272 12
272 299 8
79 272 9
139 272 11
272 385 10
260 273 11
223 273 8
2 273 11
273 675 9
274 470 9
184 274 9
73 274 10
86 274 10
243 274 13
275 354 9
275 666 12
275 731 9
275 391 10
86 275 12
69 276 11
276 681 8
221 276 11
256 277 13
277 478 9
277 723 9
208 277 10
239 277 11
232 277 10
9 277 9
278 427 15
35 278 14
278 474 8
209 278 14
278 320 9
278 725 9
278 285 9
279 582 12
279 748 9
262 279 9
279 564 11
279 425 12
280 654 7
280 383 13
40 280 12
281 651 12
281 637 9
281 683 12
107 281 5
281 501 12
198 281 7
5 282 12
15 282 11
61 282 10
282 642 12
283 455 17
283 464 7
183 283 13
189 283 12
133 283 7
283 656 13
88 283 9
284 343 11
284 458 12
284 567 7
284 684 12
284 659 9
258 284 16
166 285 11
263 285 11
285 429 12
285 617 9
285 440 11
286 487 13
108 286 13
286 727 8
131 286 12
286 442 10
287 603 11
274 287 12
287 741 10
287 587 10
79 287 14
288 653 9
123 288 9
288 442 11
84 288 10
288 314 10
288 712 14
154 289 11
137 289 6
289 691 9
289 666 12
250 289 10
289 396 11
290 714 13
290 393 10
290 405 14
290 387 10
290 709 9
290 545 11
291 385 9
291 421 10
291 470 9
291 732 11
291 302 8
291 609 10
292 318 10
246 292 8
292 509 8
292 603 8
292 723 9
73 292 11
292 423 12
293 727 11
293 375 10
293 627 10
106 293 9
157 294 10
294 407 9
294 722 10
294 493 11
197 295 9
222 295 11
295 438 12
295 314 9
295 528 12
248 295 7
296 691 9
296 537 9
296 298 13
296 737 14
296 434 11
297 475 11
275 297 11
297 653 11
105 297 10
298 513 9
81 298 11
117 298 9
298 442 8
298 357 8
299 646 9
299 559 18
299 466 12
299 612 12
24 299 10
300 548 14
300 630 7
266 300 13
208 300 11
301 483 7
301 400 8
253 301 9
249 301 7
94 302 9
302 394 8
302 573 11
164 303 10
303 676 7
1 303 9
169 303 12
304 408 12
53 304 12
304 740 11
304 374 10
206 305 10
12 305 7
305 476 11
8 305 11
149 305 12
306 590 11
133 306 11
306 718 11
132 306 6
306 663 12
307 402 10
307 332 11
102 307 9
307 723 14
114 307 13
308 361 9
105 308 13
118 308 9
268 308 11
308 439 9
309 685 9
309 445 9
309 348 10
309 578 13
309 488 7
309 513 13
310 665 9
182 310 8
77 310 12
310 315 11
311 482 9
191 311 8
248 311 11
311 439 10
311 489 12
312 393 11
312 337 13
312 369 12
312 731 8
312 598 9
312 725 9
313 452 11
313 491 7
313 585 8
314 532 11
314 481 11
125 314 12
314 478 8
99 314 12
315 587 10
315 663 7
315 668 11
315 316 10
315 553 10
316 490 13
196 316 12
316 354 11
136 316 8
316 360 18
241 317 9
18 317 12
317 350 8
317 683 9
317 679 10
215 318 11
238 318 9
264 318 10
221 318 8
274 319 8
319 736 14
61 319 11
290 319 13
268 319 15
170 319 8
319 331 13
320 449 10
320 652 13
320 329 12
223 320 11
238 320 12
321 345 8
258 321 9
321 462 8
230 321 10
321 690 12
321 609 8
322 365 9
322 367 12
77 322 10
322 487 10
214 322 11
323 336 9
323 620 13
239 323 11
323 666 9
168 323 9
324 410 13
316 324 15
324 651 15
66 324 12
270 324 12
109 324 10
325 343 9
137 325 8
170 325 12
326 487 9
163 326 8
326 738 11
326 503 12
326 330 9
29 327 10
327 603 8
327 546 8
189 327 11
274 327 12
328 603 10
328 643 8
328 507 12
37 328 14
328 672 14
42 328 3
122 329 11
157 329 9
83 329 11
329 353 10
42 329 7
329 425 10
330 339 10
261 330 11
86 330 14
330 421 12
270 330 12
17 331 13
331 736 10
331 588 10
331 652 11
171 331 12
331 425 10
331 385 12
187 331 10
332 644 10
332 651 14
270 332 13
303 332 12
332 438 9
333 705 7
333 631 11
333 609 9
333 526 11
158 333 8
333 563 7
74 334 11
334 533 11
334 674 11
334 372 11
8 334 12
334 730 11
334 598 14
335 739 6
335 379 9
314 335 10
335 466 11
336 355 12
336 518 11
336 666 8
336 692 8
56 336 11
337 511 12
337 400 11
337 424 8
337 459 9
337 728 12
337 372 9
338 576 13
285 338 13
15 338 12
339 349 11
228 339 9
339 422 11
339 561 10
339 351 13
339 377 11
327 339 10
38 340 13
340 446 11
243 340 10
340 426 11
340 506 10
341 548 9
222 341 12
78 341 8
341 529 11
341 643 11
341 577 12
72 341 8
342 353 12
342 653 13
119 342 6
343 596 10
271 343 8
343 591 10
313 343 11
235 343 7
95 343 8
214 344 10
344 539 12
305 344 9
324 344 8
344 522 8
270 345 12
121 345 11
345 544 11
345 466 11
264 346 11
177 346 14
81 346 10
282 346 13
346 698 8
155 347 7
60 347 9
347 356 10
141 347 10
153 347 5
70 348 7
348 743 9
348 728 11
348 471 11
348 741 11
51 348 11
151 349 11
349 549 12
349 635 8
349 489 11
119 349 13
7 349 8
321 350 10
86 350 11
350 533 8
277 350 8
263 351 13
129 351 10
71 351 12
167 351 10
352 369 12
95 352 8
352 487 11
1 352 11
353 533 5
2 353 7
203 353 9
337 353 14
353 501 12
353 676 8
353 740 10
354 404 14
354 525 15
167 354 10
354 534 12
132 355 8
355 570 10
355 708 10
355 458 14
355 485 11
356 685 12
356 543 9
356 481 9
356 506 9
357 388 11
357 370 11
357 631 12
357 497 9
357 679 10
357 443 14
356 358 12
120 358 8
76 358 12
358 407 12
359 494 7
359 661 9
202 359 11
359 747 11
298 359 5
360 585 10
343 360 12
360 746 7
360 405 9
361 433 9
361 408 13
11 361 12
243 361 10
361 618 8
178 362 13
155 362 14
151 362 8
209 362 7
60 362 12
32 363 11
363 658 12
353 363 13
122 363 12
125 363 14
69 364 11
364 507 11
153 364 10
364 692 11
364 550 11
365 383 10
24 365 10
190 365 10
365 476 9
366 373 10
83 366 8
288 366 7
366 450 13
249 366 11
139 367 9
367 685 10
172 367 12
55 367 11
281 367 10
368 724 14
368 530 9
368 386 14
368 668 9
338 368 14
368 527 13
369 601 8
369 458 10
369 566 12
364 369 11
369 498 11
95 370 9
370 565 11
243 370 10
370 444 11
370 531 7
55 371 12
49 371 9
371 735 9
172 371 10
371 701 13
372 436 11
372 674 7
50 372 11
191 372 11
373 388 13
373 447 10
373 442 11
210 373 7
373 590 11
147 374 13
122 374 9
374 615 13
375 712 13
375 625 10
375 477 8
375 729 9
375 556 10
375 501 10
315 376 13
376 430 13
376 618 11
376 629 12
376 561 15
377 396 11
272 377 14
377 444 10
84 377 14
378 439 11
61 378 10
292 378 12
378 427 11
378 620 11
300 379 11
95 379 11
333 379 14
379 430 12
154 379 10
380 470 12
380 426 11
100 380 9
80 380 10
380 531 9
293 381 10
381 475 10
381 564 11
251 381 9
381 415 11
29 381 7
382 742 12
382 544 11
382 457 10
382 655 15
174 383 10
383 555 11
212 383 12
124 383 11
186 383 11
384 716 12
381 384 11
384 626 11
384 409 9
384 631 9
51 384 11
168 385 13
385 530 8
9 385 10
385 658 13
383 385 9
222 385 13
386 706 10
193 386 7
200 386 12
265 386 10
386 444 13
386 472 9
309 387 12
65 387 7
355 387 12
185 387 12
167 387 9
46 388 10
79 388 8
239 388 11
7 388 10
103 389 12
164 389 15
389 564 13
389 746 10
389 528 8
389 707 12
390 496 6
312 390 11
228 390 12
19 390 12
353 390 11
391 400 10
391 582 9
216 391 10
392 494 10
392 447 11
392 470 10
375 392 17
39 392 12
393 559 9
33 393 12
58 393 9
393 418 13
393 702 14
359 394 13
362 394 9
394 692 13
348 394 11
394 401 10
363 395 13
216 395 11
227 395 11
384 395 12
245 395 11
336 396 12
77 396 8
266 396 14
396 412 14
396 464 15
397 612 9
150 397 6
397 681 11
397 409 13
394 397 10
333 398 8
398 453 9
398 451 8
398 602 11
290 399 9
190 399 11
399 572 10
175 399 13
0 399 8
399 575 12
65 400 8
181 400 10
400 656 10
214 401 11
138 401 9
269 401 11
316 401 11
401 555 12
402 424 10
402 646 12
402 699 11
402 660 10
205 402 13
0 403 11
251 403 10
403 543 10
3 403 11
110 403 8
404 524 11
25 404 11
404 525 10
404 471 10
246 404 10
405 726 10
262 405 12
223 405 12
405 669 13
180 405 9
405 418 9
406 522 11
406 737 13
34 406 13
292 406 11
1 407 12
407 430 13
407 433 3
79 407 9
359 407 13
52 407 10
247 407 10
408 527 13
131 408 12
408 567 9
25 408 10
271 409 8
107 409 13
329 409 10
409 571 13
162 409 13
410 581 8
253 410 13
257 410 12
154 410 11
28 410 12
411 523 9
411 483 12
312 411 9
117 411 10
411 575 7
411 732 10
189 412 3
412 476 10
412 733 13
412 744 10
412 604 7
190 413 12
413 464 9
343 413 10
118 413 10
200 413 14
320 413 14
414 729 10
414 448 9
359 414 9
414 469 10
162 414 9
415 704 10
199 415 15
176 415 14
24 415 7
338 416 11
416 657 13
60 416 9
405 416 11
9 416 9
225 417 8
417 595 9
18 417 9
417 497 7
384 417 9
116 418 14
418 648 12
418 503 11
10 418 10
103 419 10
419 633 11
419 537 8
259 419 12
270 419 10
420 604 9
420 700 9
144 420 9
118 420 9
385 420 11
420 551 9
105 420 11
363 421 10
374 421 16
81 421 11
421 625 11
421 682 10
421 569 11
422 639 10
422 714 10
291 422 10
388 422 10
378 422 10
423 600 16
122 423 10
423 683 11
423 721 8
8 423 11
172 423 11
423 718 10
345 424 11
44 424 9
424 469 12
277 424 9
421 424 11
255 425 8
174 425 13
100 425 15
124 425 12
425 575 12
56 425 13
144 426 11
426 435 9
21 426 6
126 426 11
330 427 9
92 427 12
17 427 10
35 427 13
341 427 10
345 428 9
146 428 9
329 428 10
428 606 10
280 428 14
147 428 9
421 429 9
85 429 9
126 429 10
39 429 10
430 670 7
418 430 10
149 430 10
161 430 7
430 734 12
11 430 12
265 430 14
199 431 14
431 599 10
431 651 14
364 431 9
291 431 9
431 509 8
432 727 11
284 432 11
350 432 11
260 432 9
433 524 6
111 433 8
433 653 8
433 613 12
434 745 10
312 434 12
300 434 13
218 434 10
329 435 12
317 435 10
6 435 10
182 435 12
435 682 13
414 436 8
436 513 16
224 436 12
382 436 8
437 473 10
216 437 8
224 437 7
437 736 8
293 437 12
437 657 9
353 438 8
438 746 6
55 438 10
438 588 7
438 605 10
439 648 10
439 643 9
277 439 13
439 620 12
77 439 8
439 625 11
440 526 12
11 440 12
216 440 11
369 440 9
68 440 12
280 441 11
441 568 8
424 441 9
441 611 9
442 691 6
386 442 11
442 634 13
119 442 14
421 443 9
388 443 7
154 443 9
354 443 13
443 644 7
443 455 14
231 444 9
24 444 13
272 444 8
444 699 7
206 445 9
445 581 11
445 547 11
445 449 10
445 737 10
156 445 9
284 446 12
393 446 9
446 461 13
58 446 10
323 446 10
446 505 11
127 447 10
196 447 12
355 447 9
370 447 8
448 738 9
200 448 10
105 448 12
449 635 9
449 451 12
28 449 13
50 449 12
449 514 10
427 450 11
450 719 10
175 450 5
31 450 10
377 451 11
451 651 12
451 572 8
161 451 13
302 451 12
33 451 10
452 593 10
452 652 10
452 490 13
452 518 13
452 488 11
158 453 13
201 453 11
323 453 12
38 453 9
72 453 9
453 588 9
454 639 8
42 454 9
454 503 13
454 457 11
454 614 10
378 454 12
256 454 8
455 600 7
395 455 13
218 455 11
158 455 11
253 456 11
456 595 15
456 656 9
401 456 10
78 456 10
456 645 10
104 457 13
451 457 9
219 457 13
150 457 12
417 457 12
293 458 13
458 473 8
458 545 15
458 495 14
458 670 7
180 459 10
459 482 6
7 459 11
218 460 10
460 462 7
460 657 10
460 574 12
460 682 13
290 461 9
236 461 5
414 461 9
388 461 12
381 462 11
331 462 8
207 462 11
223 462 13
462 564 10
462 645 10
332 463 14
243 463 13
115 463 11
147 463 9
114 463 9
289 463 7
71 464 10
38 464 12
62 464 12
383 464 12
464 486 6
46 464 11
240 465 10
231 465 9
330 465 10
294 465 10
465 597 10
65 466 9
206 466 13
146 466 9
100 466 17
133 466 14
466 736 12
393 466 9
179 467 7
18 467 13
253 467 10
307 467 11
61 467 9
467 690 15
114 468 10
340 468 13
468 722 11
179 468 12
322 468 13
445 468 13
422 468 10
458 469 10
341 469 12
305 469 6
469 749 13
469 674 8
210 470 10
103 470 9
317 470 15
221 470 11
470 608 8
364 471 10
402 471 10
390 471 10
399 471 11
471 589 11
472 602 12
97 472 13
472 617 9
473 553 9
238 473 9
263 473 12
358 473 15
289 473 9
365 474 11
474 662 10
140 474 9
402 474 12
163 474 11
224 475 10
411 475 15
475 735 9
426 475 8
475 533 8
404 475 13
132 475 7
51 476 9
454 476 11
341 476 10
476 631 11
476 649 13
25 476 12
270 477 15
477 518 10
116 477 12
289 477 10
477 674 7
469 477 9
477 608 13
341 478 12
52 478 6
122 478 9
157 479 12
479 661 7
202 479 12
479 654 11
372 479 9
42 479 10
480 497 9
480 601 9
480 558 10
480 606 12
268 480 7
480 695 13
481 719 11
112 481 10
481 727 11
376 481 11
426 481 12
481 619 14
482 483 10
133 482 11
482 502 8
405 482 8
342 482 10
377 482 10
483 658 12
122 483 11
220 483 12
306 483 12
484 559 14
294 484 10
389 484 9
484 705 9
392 484 9
189 485 13
485 532 9
485 517 10
232 485 14
395 485 11
485 544 8
486 551 9
265 486 10
420 486 10
486 538 9
486 638 9
223 487 9
171 487 16
239 487 13
433 487 12
402 487 13
12 488 12
107 488 12
67 488 9
488 504 12
235 488 9
489 636 8
199 489 13
223 489 10
490 722 9
132 490 10
77 490 10
490 580 9
399 491 11
491 573 10
137 491 11
480 491 12
491 725 14
197 491 13
171 492 10
87 492 12
28 492 12
276 492 7
390 492 9
15 493 6
361 493 10
404 493 10
425 493 11
74 493 8
169 493 11
0 493 7
450 494 12
456 494 13
494 743 10
431 494 12
437 494 10
219 494 10
495 721 9
495 625 9
187 495 9
120 495 10
307 495 11
495 708 13
496 707 11
68 496 13
146 496 10
168 496 10
330 496 11
13 497 9
181 497 7
497 667 13
63 497 11
15 497 10
189 498 8
498 523 11
119 498 10
499 541 6
384 499 11
108 499 12
499 746 10
499 645 9
391 500 6
166 500 10
287 500 11
500 584 10
229 500 10
500 665 10
501 703 8
501 659 11
48 501 10
501 566 14
502 552 6
484 502 8
502 734 9
114 502 7
282 502 9
294 503 12
494 503 10
27 503 10
210 503 14
281 503 12
475 503 10
303 503 12
504 519 10
138 504 11
230 504 12
310 504 8
504 599 11
259 505 13
264 505 7
427 505 11
505 524 7
505 566 9
114 506 13
500 506 16
126 506 11
302 506 8
176 506 14
432 506 9
40 506 9
506 729 12
318 507 9
103 507 11
9 507 11
363 507 9
185 507 10
374 508 5
508 682 13
402 508 10
409 508 11
151 508 7
142 509 9
254 509 13
324 509 7
509 633 9
510 627 13
306 510 7
78 510 12
333 510 11
120 510 13
511 665 11
511 619 11
511 670 14
511 526 13
290 512 10
512 597 11
58 512 9
304 512 11
512 578 11
310 513 11
513 604 10
121 513 9
513 735 9
291 513 14
208 513 13
210 514 17
45 514 12
373 514 11
462 514 11
417 515 11
505 515 12
276 515 8
189 515 10
29 516 8
516 561 10
516 715 11
36 516 11
87 516 9
147 517 11
517 745 10
215 517 12
337 517 12
79 518 10
518 576 10
518 532 11
324 518 12
208 518 13
518 688 11
0 518 10
424 519 9
475 519 14
445 519 10
386 519 9
246 519 7
32 520 9
496 520 12
82 520 15
490 520 12
199 520 8
520 525 9
521 590 12
513 521 9
390 521 10
199 521 12
31 522 14
522 625 10
11 522 13
522 589 13
23 522 11
96 523 8
523 637 8
87 523 11
324 523 10
82 523 10
523 544 12
523 726 11
27 524 14
369 524 11
378 524 10
345 524 11
524 634 10
64 525 11
76 525 11
525 708 10
432 525 11
142 525 9
473 526 6
493 526 13
215 526 11
294 526 12
259 526 7
97 527 12
527 594 10
526 527 10
527 693 11
289 528 6
11 528 12
367 528 10
362 528 8
120 528 7
424 529 11
155 529 12
175 530 10
520 530 11
317 530 12
72 530 7
530 596 13
531 700 9
531 608 10
104 531 7
532 540 14
171 532 9
44 532 9
82 532 12
399 532 10
533 739 9
374 533 9
530 533 11
174 533 12
533 614 9
131 534 11
534 543 12
365 534 11
453 534 8
510 534 9
534 564 10
534 697 9
535 742 8
62 535 8
535 720 9
513 535 10
72 535 11
437 535 13
207 536 7
96 536 12
481 536 10
536 738 12
502 537 10
14 537 11
537 681 9
528 537 8
292 538 11
538 578 11
520 538 11
468 538 9
343 538 11
362 539 11
169 539 12
539 688 12
93 539 9
198 540 11
155 540 10
540 552 9
301 540 10
137 541 12
336 541 10
541 631 10
420 541 9
78 542 10
124 542 7
387 542 10
395 542 9
102 542 12
417 543 10
16 543 12
263 543 12
124 543 11
420 544 10
209 544 8
210 544 11
235 544 13
283 544 13
174 545 10
228 545 10
393 545 10
122 545 7
212 545 9
546 677 11
546 566 9
109 546 12
515 546 13
546 635 11
361 546 9
398 547 9
547 599 11
547 748 11
157 548 10
351 548 7
151 548 9
548 675 10
339 548 8
212 549 13
549 596 10
402 549 10
359 550 11
507 550 14
434 550 10
529 550 10
550 557 10
103 550 12
308 551 12
551 667 8
155 551 12
102 551 12
552 661 10
58 552 9
338 552 12
212 553 14
514 553 12
172 553 13
119 553 7
553 697 7
553 738 13
213 553 10
554 603 7
427 554 7
13 554 6
127 554 9
369 555 14
555 593 13
531 555 11
73 555 14
250 556 13
10 556 9
556 603 9
270 556 12
292 557 10
237 557 9
11 557 12
557 600 11
557 584 12
558 744 9
409 558 10
281 558 9
437 558 13
151 559 11
31 559 12
140 559 12
518 559 8
486 559 12
391 560 11
124 560 10
104 560 10
256 560 7
100 560 12
31 560 10
331 561 11
45 561 6
338 561 10
561 620 9
561 703 8
81 562 9
562 589 12
527 562 9
318 562 12
561 562 10
357 563 13
194 563 12
563 655 13
349 563 12
220 564 12
564 672 12
375 564 14
172 564 11
241 565 10
329 565 10
506 565 8
565 716 10
565 568 14
98 565 12
526 566 10
23 566 12
202 566 10
566 607 9
398 566 11
566 662 6
567 700 11
380 567 13
498 567 12
2 567 10
567 726 11
106 568 11
53 568 9
194 568 12
481 568 9
568 735 11
556 569 7
351 569 11
30 569 9
180 569 11
560 570 9
74 570 8
570 610 14
268 570 9
570 600 13
535 571 11
571 655 15
563 571 13
140 571 10
165 572 16
191 572 6
201 572 11
510 573 9
319 573 11
288 573 14
304 573 13
478 573 9
574 637 10
359 574 9
574 730 9
64 574 11
467 575 7
6 575 11
143 575 8
226 575 11
271 575 10
205 576 9
576 724 8
370 576 11
177 576 8
576 645 10
550 576 11
13 576 11
452 577 9
248 577 9
58 577 12
95 578 8
354 578 8
163 578 14
101 578 11
561 578 9
115 579 13
579 742 10
460 579 4
579 729 13
461 579 12
180 580 11
388 580 13
123 580 12
580 629 13
86 581 9
89 581 11
101 581 12
581 630 9
260 581 14
522 581 13
582 633 8
582 613 11
461 582 9
582 604 12
312 582 6
577 582 12
232 582 12
102 583 10
402 583 9
23 583 9
583 613 11
583 606 11
509 583 10
519 584 8
18 584 11
68 584 8
585 671 9
353 585 10
92 585 11
568 585 12
85 585 11
29 586 8
586 739 9
232 586 9
335 586 12
248 587 9
396 587 10
289 587 7
202 587 11
588 623 11
304 588 10
588 703 9
22 588 15
91 588 10
231 589 9
149 589 10
302 589 10
51 589 9
131 589 10
424 590 11
324 590 13
590 606 15
98 590 8
470 591 11
87 591 14
475 591 11
59 591 10
177 592 13
166 592 10
124 592 13
24 592 10
453 592 10
593 654 12
48 593 12
474 593 14
593 675 9
110 593 12
18 594 11
460 594 13
69 594 11
430 594 10
187 594 9
594 687 9
165 595 9
408 595 12
169 595 10
415 595 15
39 596 12
160 596 12
596 720 12
556 596 13
249 597 11
597 666 11
417 597 11
597 733 9
506 597 9
86 597 13
283 597 10
5 598 10
598 720 11
371 598 12
544 598 9
599 726 9
457 599 10
599 608 10
276 599 13
224 600 11
387 600 9
364 600 9
600 712 10
307 601 7
601 631 10
133 601 9
517 601 13
6 602 6
597 602 8
30 602 13
529 602 10
322 602 10
30 603 12
233 603 10
146 603 7
217 603 9
560 603 11
603 704 11
15 603 11
473 603 10
498 604 11
226 604 9
359 604 10
139 604 11
526 605 11
286 605 8
0 605 10
605 626 15
236 605 8
138 605 10
94 606 10
553 606 14
80 606 10
294 606 13
17 606 11
607 655 10
303 607 12
156 607 8
607 661 8
608 657 11
608 720 15
550 608 10
0 608 10
3 608 9
410 609 13
609 685 10
609 677 10
212 609 9
572 609 10
203 609 8
467 610 12
254 610 11
402 610 11
610 719 13
139 610 13
581 610 7
54 610 11
282 611 15
102 611 8
611 678 10
273 611 7
152 611 15
380 611 19
522 611 9
586 612 11
306 612 9
512 612 17
120 612 10
612 626 11
527 612 11
464 612 11
218 613 4
613 623 12
375 613 12
19 613 13
352 613 11
232 614 11
507 614 10
508 614 7
590 614 12
528 615 10
351 615 14
2 615 11
140 615 12
585 615 11
469 616 8
386 616 11
616 620 8
38 616 12
245 617 12
534 617 12
465 617 10
405 617 9
379 617 8
609 618 11
618 665 9
228 618 8
618 685 11
601 618 13
619 628 11
106 619 12
619 680 8
619 691 7
444 619 9
454 620 15
620 682 10
620 747 12
151 620 8
147 620 12
620 720 10
553 621 9
443 621 10
483 621 12
318 621 8
621 625 11
510 622 13
622 748 11
550 622 12
391 622 9
144 622 10
397 622 10
623 714 10
376 623 7
579 623 8
518 623 10
31 623 12
180 624 9
624 666 11
364 624 10
127 624 9
415 624 9
581 624 10
51 624 10
87 625 16
260 625 13
625 637 11
245 625 11
27 626 11
422 626 12
364 626 11
394 626 13
457 627 9
407 627 10
627 638 9
578 627 8
518 627 10
579 628 10
290 628 7
537 628 11
207 628 11
540 628 10
628 727 13
23 628 11
71 629 11
169 629 7
577 629 13
611 629 7
629 707 9
69 629 10
535 630 5
342 630 10
117 630 9
206 630 7
195 630 15
622 630 11
360 631 8
438 631 11
168 631 10
154 631 9
351 631 10
526 631 9
315 631 10
520 632 13
478 632 10
306 632 9
259 632 7
420 633 13
117 633 9
633 685 13
633 706 12
423 633 11
486 633 12
131 633 10
634 685 10
189 634 11
393 634 12
266 634 12
508 634 9
484 634 11
305 634 11
453 635 8
486 635 13
494 635 12
77 635 10
539 635 9
488 635 9
534 636 9
559 636 10
91 636 11
168 636 9
145 636 11
550 636 8
14 637 12
554 637 11
441 637 13
527 638 12
598 638 12
638 694 12
589 638 10
455 638 12
356 639 13
251 639 11
607 639 10
103 639 11
639 658 10
258 639 12
640 643 12
431 640 9
595 640 12
601 640 11
525 640 8
283 640 11
50 640 8
538 641 12
641 737 9
32 641 16
255 641 13
145 641 9
79 642 16
642 736 11
362 642 12
152 642 11
447 642 8
642 706 9
194 643 9
403 643 9
45 643 11
316 643 14
98 643 12
644 667 13
644 680 14
552 644 12
294 644 11
256 644 7
344 644 13
200 645 9
3 645 12
458 645 7
617 645 8
111 645 13
596 646 10
283 646 10
611 646 9
114 646 10
646 728 9
508 647 5
601 647 12
369 647 15
149 648 9
648 713 13
648 680 10
169 648 9
389 648 13
554 648 11
74 649 9
292 649 9
16 649 8
546 649 7
81 649 11
352 649 14
84 649 10
255 650 10
11 650 8
352 650 11
650 736 9
650 700 9
368 651 12
209 651 11
246 651 10
545 651 12
571 652 13
561 652 10
399 653 9
161 653 11
479 653 8
586 653 9
480 654 13
16 654 12
292 654 8
587 654 7
134 655 10
229 655 13
655 662 11
472 655 12
295 656 11
417 656 8
493 656 11
268 656 7
15 657 10
5 657 10
442 657 13
337 658 8
590 658 12
411 658 8
288 658 10
658 711 10
372 659 7
322 659 6
174 659 8
130 660 11
656 660 6
141 660 9
643 660 13
113 660 11
636 661 9
388 661 10
39 661 9
652 661 13
178 661 9
45 661 13
131 662 9
628 662 9
396 662 10
166 662 10
47 662 11
63 662 11
382 662 9
314 663 12
9 663 10
52 663 9
148 663 9
656 663 13
639 664 12
468 664 13
513 664 8
112 664 8
664 739 9
123 665 13
612 665 13
126 665 9
210 665 9
396 665 10
355 665 9
666 694 7
407 666 13
53 666 9
97 666 10
172 666 11
234 667 12
312 667 9
623 667 11
109 667 9
362 667 10
278 668 10
342 668 13
634 668 14
166 668 10
668 718 13
668 681 6
634 669 11
49 669 15
669 683 13
111 669 9
266 670 13
381 670 11
344 670 9
444 670 9
670 731 8
198 670 14
390 670 11
365 671 13
245 671 8
294 671 11
628 671 9
612 672 15
627 672 7
414 672 12
456 672 11
184 672 11
372 672 10
288 673 10
185 673 12
629 673 12
381 673 11
296 674 9
189 674 10
29 674 10
50 674 12
674 678 11
426 675 9
301 675 14
49 675 6
354 675 10
547 675 9
413 676 13
404 676 11
196 676 12
1 676 11
418 677 12
155 677 10
211 677 9
189 677 10
603 678 14
248 678 17
112 678 9
357 678 10
470 678 7
568 679 13
199 679 12
224 679 10
312 679 11
259 679 10
281 680 13
376 680 6
584 680 9
249 680 10
444 680 17
183 681 11
520 681 14
555 681 9
87 681 12
600 681 12
390 681 9
217 682 11
176 682 10
107 682 9
682 749 9
654 682 12
171 683 10
185 683 11
245 683 12
584 683 11
373 683 11
538 683 11
448 684 8
470 684 9
0 684 12
646 685 10
293 685 11
266 685 8
411 685 12
186 685 12
606 686 11
338 686 8
44 686 10
618 686 8
605 686 8
529 686 11
371 686 9
467 687 9
56 687 8
519 687 10
663 687 9
258 688 15
629 688 13
688 706 10
645 688 10
410 689 13
399 689 10
615 689 10
153 689 8
432 689 12
506 690 11
646 690 10
372 690 14
241 690 11
105 691 10
598 691 11
184 691 10
383 691 13
329 691 11
480 692 12
519 692 9
562 692 11
474 693 8
9 693 14
442 693 12
539 693 14
472 693 10
669 694 11
300 694 10
21 694 9
573 695 10
598 695 9
528 695 11
199 695 14
695 743 9
637 695 11
202 696 11
97 696 9
696 706 10
398 696 13
41 696 12
285 697 8
86 697 9
53 697 9
298 697 9
477 697 8
639 698 11
506 698 9
81 698 12
8 698 4
182 698 10
17 699 12
328 699 11
594 699 10
193 699 11
678 699 14
198 700 10
20 700 10
197 700 10
584 700 12
606 700 14
299 700 11
537 701 9
125 701 10
48 701 10
501 701 10
513 701 13
480 701 10
291 702 10
370 702 9
113 702 11
649 702 13
589 702 12
280 703 11
151 703 12
623 703 10
371 703 10
199 704 12
60 704 13
148 704 13
8 704 11
276 704 8
36 705 13
238 705 7
588 705 9
536 705 8
211 705 11
378 705 10
84 706 11
61 706 13
579 706 8
652 706 11
105 707 9
8 707 12
43 707 10
501 707 12
374 707 5
177 707 11
19 707 8
94 708 11
708 715 12
480 708 9
47 708 8
382 708 11
658 708 7
372 708 11
71 709 9
695 709 14
310 709 8
401 709 9
538 709 11
211 709 13
567 709 10
404 710 9
710 730 12
498 710 9
178 710 12
489 710 10
616 710 6
478 711 10
682 711 8
138 711 11
677 711 9
464 712 12
621 712 9
385 712 12
674 712 13
445 713 14
309 713 11
277 713 13
432 713 13
578 713 11
51 713 9
652 714 5
465 714 10
666 714 11
548 714 16
162 714 12
627 714 10
618 715 11
433 715 10
715 747 10
123 715 12
332 715 9
212 716 9
131 716 14
264 716 9
240 716 12
473 716 11
551 717 11
155 717 9
1 717 12
465 717 7
507 717 10
216 718 11
338 718 9
102 718 9
307 718 8
200 719 13
99 719 11
719 746 12
265 719 12
240 719 11
206 719 12
263 720 10
720 747 7
462 720 11
498 720 11
721 729 9
512 721 10
492 721 16
394 721 9
25 721 8
328 722 11
527 722 12
382 722 6
686 723 12
487 723 13
232 723 13
212 723 9
93 723 9
12 724 3
355 724 9
11 724 8
147 724 16
619 725 11
51 725 7
495 725 12
6 725 10
559 725 10
264 725 8
478 725 10
617 725 9
617 726 9
601 726 10
325 726 14
519 726 11
350 726 12
465 727 11
625 727 10
398 727 8
600 727 12
358 727 11
529 728 12
418 728 10
305 728 12
695 728 12
486 729 13
627 729 14
369 729 11
495 729 11
720 729 11
255 730 9
310 730 13
400 730 8
689 730 8
129 730 13
731 738 13
361 731 14
496 731 8
100 731 10
513 731 12
283 732 11
198 732 10
323 732 11
420 732 11
299 732 12
708 732 14
400 732 9
407 733 9
591 733 11
449 733 11
313 733 12
317 733 10
454 734 10
129 734 9
26 734 12
159 734 11
409 734 11
582 735 16
230 735 11
290 735 12
423 735 10
645 735 11
231 736 9
150 736 12
248 736 9
22 737 10
607 737 12
625 737 10
348 737 12
483 738 12
393 738 10
629 738 12
284 738 12
627 738 12
435 738 10
461 739 11
396 739 11
541 739 10
330 739 14
223 739 13
401 740 9
657 740 8
739 740 11
640 740 13
473 741 9
407 741 12
461 741 9
17 741 10
587 742 9
228 742 7
534 742 11
441 742 13
310 742 12
545 743 8
60 743 9
233 743 10
495 743 10
131 743 9
556 743 13
438 744 13
98 744 10
283 744 10
299 744 11
615 744 11
172 745 13
403 745 11
449 745 9
175 745 10
136 745 7
338 746 11
364 746 7
400 746 10
273 746 8
249 746 8
728 747 11
414 747 16
376 747 7
112 747 10
48 748 12
670 748 9
737 748 8
581 748 10
430 748 11
143 748 11
149 749 7
416 749 10
320 749 11
282 749 12
307 749 10
