750
0
4
10
9
5
2
5
1
3
6
6
10
7
9
3
4
8
5
2
6
3
2
2
3
7
8
4
7
2
3
6
7
4
4
7
3
5
5
1
7
4
3
7
10
3
7
2
2
3
6
3
8
7
9
5
6
2
3
5
8
7
5
4
6
9
7
9
7
9
7
6
10
1
5
7
9
7
6
4
4
5
4
8
5
9
7
7
2
3
5
3
8
4
5
3
4
3
4
8
1
7
2
5
8
7
4
4
1
6
6
3
2
6
4
6
3
8
3
4
3
2
8
10
6
7
4
7
9
7
3
7
8
9
2
10
7
5
3
9
4
6
6
2
3
9
4
4
2
2
2
8
1
2
7
2
6
6
7
7
1
1
4
4
3
2
4
4
10
8
3
10
2
7
7
2
4
4
2
9
2
2
3
4
1
9
8
8
8
9
3
6
2
10
9
3
2
8
3
2
2
3
6
10
3
5
7
7
4
2
8
8
7
1
6
5
8
2
2
9
2
4
6
4
5
7
8
7
9
8
2
7
3
4
5
1
5
3
10
9
5
4
7
3
7
5
2
8
2
5
7
1
8
9
8
9
3
1
1
4
2
6
9
6
4
10
6
5
6
2
6
7
7
6
7
8
6
7
2
3
10
4
6
2
6
2
2
5
8
6
9
8
6
4
4
2
3
1
3
4
8
2
9
8
8
9
10
1
2
9
4
3
5
7
9
4
6
2
6
3
6
5
2
5
4
5
8
5
2
5
9
8
5
2
7
2
4
1
4
5
3
5
4
10
4
6
9
8
5
8
4
8
8
4
6
8
7
3
5
2
10
8
1
3
3
4
7
3
5
2
9
9
4
1
4
1
7
9
9
5
6
5
4
8
9
3
9
10
8
8
1
10
8
3
8
8
10
3
3
8
2
7
7
8
2
10
8
9
7
7
10
9
4
5
2
4
5
10
5
2
8
3
3
8
3
9
4
2
1
2
1
6
6
3
1
7
9
4
2
8
8
10
8
7
2
7
1
6
6
10
10
5
4
5
5
7
6
2
1
4
5
4
9
8
3
5
6
3
3
4
8
6
2
8
9
4
2
7
4
9
5
3
6
6
5
9
10
6
9
10
2
3
1
7
3
2
4
8
3
8
8
6
9
3
9
6
3
5
5
6
1
3
8
5
4
5
4
2
3
9
10
4
7
9
6
5
8
6
2
7
8
2
7
9
1
10
6
4
1
7
10
4
4
9
5
5
4
6
9
2
6
3
3
9
7
7
6
4
3
3
6
8
1
9
4
9
4
6
5
8
5
6
6
3
4
1
2
10
4
9
10
2
4
9
4
2
6
5
3
3
4
3
9
3
3
8
4
5
9
5
5
1
4
6
4
8
5
9
9
4
4
9
10
10
6
10
1
5
8
10
1
4
6
1
10
4
3
9
7
8
9
3
4
5
8
1
6
3
7
8
10
5
4
4
3
8
8
5
8
9
8
6
6
9
10
6
8
5
9
6
2
5
1
3
2
9
1
9
4
8
5
2
6
8
6
8
7
9
7
1
8
9
9
4
7
3
4
6
3
5
10
7
7
10
7
3
6
9
5
8
9
5
2
3
8
6
5
6
9
10
6
7
9
2
6
8
4
2
3
6
8
4
2
2
3
5
3
2
4
5
6
4
9
9
4
2
1
5
8
5
2
7
6
1
8
5
4
1
2
6
6
0 306 14
0 468 10
0 588 7
0 214 10
0 303 11
0 482 10
0 191 11
0 169 12
0 744 10
1 412 10
1 45 12
1 411 12
1 456 9
1 117 14
1 596 12
1 647 9
1 118 11
1 130 12
1 304 11
1 150 9
2 631 9
2 550 12
2 199 11
2 432 11
2 478 8
2 28 11
2 651 12
2 652 8
2 77 9
2 52 9
2 517 7
2 736 10
3 13 12
3 421 11
3 300 7
3 170 12
3 509 10
3 83 13
3 166 12
3 203 11
3 467 11
3 445 8
3 424 11
3 406 11
4 723 11
4 527 10
4 364 9
4 211 10
4 238 10
4 584 11
4 80 12
4 252 12
4 110 9
5 670 10
5 380 12
5 553 13
5 11 9
5 587 12
5 413 10
5 710 13
5 18 10
5 270 12
5 556 11
5 359 9
6 243 12
6 563 10
6 179 14
6 215 11
6 369 12
6 441 9
6 396 10
6 443 12
6 174 10
7 142 13
7 84 13
7 417 11
7 380 9
7 490 10
7 253 12
7 627 11
7 650 11
7 282 12
7 540 13
8 79 7
8 307 12
8 605 12
8 518 9
8 383 13
8 127 10
8 498 12
8 504 13
8 315 7
8 574 9
9 172 10
9 633 12
9 437 10
9 490 11
9 284 12
9 565 9
9 621 11
9 452 12
9 613 11
10 429 11
10 496 14
10 208 8
10 54 10
10 460 10
10 584 13
10 691 10
10 37 10
11 356 11
11 149 9
11 587 13
11 582 11
11 740 9
11 730 8
11 31 11
11 564 9
11 584 8
11 82 10
12 288 12
12 393 6
12 151 10
12 403 13
12 224 12
12 182 14
12 209 9
12 576 8
12 246 14
13 121 10
13 253 10
13 332 13
13 718 7
13 694 6
12 13 13
13 622 8
13 107 11
13 451 9
13 185 9
14 174 12
14 643 10
14 227 14
14 25 13
14 32 9
14 409 11
14 238 11
14 290 14
14 740 10
14 342 10
14 585 10
15 349 10
15 680 12
15 61 10
15 362 9
15 526 12
15 668 13
15 62 12
15 611 10
15 391 13
16 326 9
16 446 11
16 614 8
16 230 10
16 443 12
16 682 8
16 231 12
16 140 12
16 422 13
16 439 9
17 352 10
17 146 11
17 101 11
17 196 13
2 17 15
17 154 9
17 447 8
17 58 12
17 686 10
17 336 11
18 139 9
18 253 9
18 146 12
18 37 11
18 682 12
18 571 8
4 18 9
18 527 12
18 482 8
10 19 7
19 270 11
19 348 9
19 369 9
19 129 13
19 269 11
19 413 16
19 604 10
19 34 13
20 475 12
20 93 7
20 731 12
20 265 15
20 533 11
20 737 9
20 726 9
20 657 9
20 738 9
21 118 9
21 647 12
21 54 12
21 27 10
21 186 14
21 421 10
21 86 9
21 467 9
21 47 8
22 357 9
22 425 7
15 22 10
22 426 9
22 387 12
22 705 9
22 62 13
22 508 14
22 496 7
22 161 13
22 449 12
23 417 8
23 592 9
23 475 6
23 153 10
23 295 10
23 85 11
23 714 7
23 326 11
23 481 12
23 333 11
24 124 8
24 391 11
24 281 12
24 446 9
24 276 12
24 255 13
24 161 12
24 38 7
24 532 7
25 743 10
25 507 6
25 345 10
25 364 12
25 580 11
25 508 11
25 640 11
25 164 12
25 127 11
26 250 8
26 718 10
26 56 13
26 251 9
26 641 10
26 619 9
26 668 9
26 172 10
26 239 7
27 366 11
27 745 11
27 75 14
27 422 12
27 223 10
27 668 10
27 191 12
27 439 8
27 636 13
27 259 12
28 686 9
28 185 10
28 599 14
28 490 13
28 234 13
28 696 12
28 448 11
28 527 10
28 670 10
19 28 12
28 582 11
29 479 11
29 440 8
29 82 9
29 360 8
29 328 8
29 559 10
29 578 9
29 75 8
29 368 10
29 306 16
29 529 12
30 308 13
30 626 10
16 30 11
30 160 8
30 415 9
30 184 10
30 377 13
30 58 11
30 176 13
30 159 12
24 31 9
31 630 11
31 111 11
31 414 10
31 145 11
31 422 8
31 94 15
31 593 9
32 256 10
32 88 12
32 79 13
32 436 9
32 259 10
32 536 10
32 171 8
32 548 12
32 549 10
32 375 12
33 278 10
33 720 8
33 96 11
33 149 12
33 536 11
33 303 10
33 191 11
33 638 12
33 683 9
33 479 10
34 328 12
34 373 11
34 747 9
34 212 6
34 593 7
34 426 11
34 497 14
29 34 10
34 746 8
34 563 12
34 617 10
35 683 12
35 47 9
35 82 8
35 618 11
35 387 11
35 592 11
35 359 10
35 274 7
35 71 10
36 241 8
36 625 11
36 412 14
36 468 12
36 520 5
36 603 15
36 581 8
36 562 9
36 49 10
36 319 10
37 606 10
37 604 14
37 560 10
37 713 15
37 734 13
37 607 9
37 398 11
37 477 10
37 485 13
37 113 10
38 359 12
38 464 11
38 316 9
38 385 14
38 309 10
38 448 10
38 164 10
38 295 11
38 198 11
38 250 8
39 561 10
32 39 9
39 594 13
39 316 10
39 529 5
39 224 12
39 412 11
39 711 12
39 186 11
39 620 12
40 558 13
40 210 10
40 544 11
40 471 8
40 349 10
40 269 10
40 113 9
40 515 10
40 573 11
40 149 9
41 749 11
41 287 12
41 447 12
41 368 10
41 743 9
41 448 11
41 449 11
41 509 12
41 677 8
41 638 9
41 530 13
42 700 10
42 566 10
42 54 11
42 410 15
42 271 9
42 536 13
42 363 9
42 250 11
42 439 11
42 177 10
43 337 11
43 716 9
43 579 11
43 197 11
43 134 13
43 629 11
43 167 16
43 84 10
43 636 11
43 458 8
44 458 8
44 302 9
44 739 11
44 475 10
44 432 11
44 196 12
44 351 7
44 564 6
44 468 12
44 450 9
45 252 8
45 580 12
45 322 7
45 302 10
45 717 14
45 700 12
45 404 11
45 610 9
45 74 13
21 45 9
46 681 8
46 651 12
46 731 10
46 544 13
46 201 10
46 77 11
46 184 10
47 276 8
47 239 11
40 47 9
47 370 11
47 403 9
47 363 7
47 139 12
47 546 8
47 587 8
47 432 10
48 619 11
48 464 10
48 209 9
48 186 7
48 234 14
48 97 11
48 712 10
48 307 11
25 48 15
48 564 10
49 436 7
49 435 9
49 499 13
49 74 4
49 91 12
49 198 9
49 472 10
49 308 8
49 363 11
49 187 12
50 720 12
50 520 10
50 479 9
50 531 10
50 717 8
50 725 14
50 128 13
50 409 15
50 420 13
50 724 6
51 748 12
51 422 12
24 51 6
51 67 8
51 377 10
51 549 12
51 461 13
51 102 5
51 680 8
52 105 11
52 647 6
52 712 12
52 381 10
52 485 10
52 605 9
52 227 9
52 741 10
52 474 10
52 314 12
52 539 11
53 216 11
53 293 13
53 161 10
34 53 12
53 327 10
53 584 11
53 436 12
53 589 10
29 53 11
54 658 11
54 646 11
54 216 13
54 556 11
54 636 11
54 238 9
54 657 11
18 54 11
9 54 10
54 396 10
54 316 10
55 343 10
55 523 10
55 107 14
55 444 9
55 108 6
55 445 14
55 497 11
55 381 9
55 78 11
56 594 8
56 387 9
56 435 11
32 56 12
56 299 13
56 347 9
34 56 14
56 156 9
57 459 13
57 71 16
57 359 11
57 603 12
57 77 9
57 73 12
57 462 10
57 374 13
57 107 14
58 493 10
58 261 9
58 262 5
58 287 13
58 553 11
58 629 8
58 740 11
27 58 8
58 119 12
58 465 10
3 58 11
59 147 10
59 501 8
59 557 10
59 609 12
1 59 10
59 207 8
59 332 7
59 721 10
59 315 13
59 646 10
60 183 11
60 473 11
60 486 14
60 522 7
60 656 11
60 573 11
60 617 9
60 120 9
60 428 9
60 70 12
61 524 13
61 273 7
61 564 12
61 655 7
61 465 13
13 61 14
61 547 13
61 134 12
61 667 11
61 314 10
62 448 11
62 369 9
62 333 10
60 62 13
62 269 12
62 394 13
62 688 11
62 467 8
62 439 12
62 741 14
63 429 11
63 76 11
63 87 9
63 320 9
63 240 12
63 563 9
63 449 9
63 199 11
64 96 7
64 449 11
64 708 12
64 326 12
64 514 13
64 493 11
64 645 10
64 313 13
64 676 10
64 709 11
65 457 9
65 182 10
65 679 10
65 719 13
65 118 11
65 315 10
65 665 10
65 554 5
65 298 12
65 205 12
66 673 10
66 709 13
66 435 11
66 164 13
66 207 11
66 696 8
66 672 9
66 129 9
66 235 10
66 349 11
66 639 10
67 564 13
67 496 10
67 235 10
67 469 7
67 186 6
67 156 15
67 529 8
67 383 15
67 433 15
68 155 6
68 90 10
68 587 11
68 255 10
68 381 10
68 623 12
68 246 8
68 634 8
68 585 10
19 69 11
69 352 3
57 69 10
69 401 9
69 145 11
27 69 11
69 367 9
69 497 9
69 431 12
70 312 11
70 613 12
70 696 10
70 639 10
70 128 8
70 687 9
35 70 8
70 314 11
55 70 8
70 73 12
71 296 12
71 178 11
14 71 8
71 259 12
60 71 7
13 71 8
71 590 12
71 236 10
71 508 8
71 675 14
72 727 10
72 689 8
72 476 10
1 72 8
72 91 10
72 504 12
72 658 10
72 540 8
13 72 12
72 97 9
72 94 12
73 386 10
73 621 10
73 458 12
73 374 11
73 713 11
73 190 10
73 303 9
73 543 9
73 422 14
5 73 7
74 730 12
74 454 10
74 536 12
74 95 11
74 605 13
74 180 14
74 636 12
74 121 10
74 92 14
74 575 11
75 289 10
75 689 12
75 152 10
75 458 11
75 645 9
75 295 9
75 564 10
75 193 11
75 631 11
75 275 12
75 566 14
76 480 14
76 228 10
76 511 8
76 554 8
76 80 12
76 707 10
76 659 13
76 526 10
76 555 10
76 291 10
76 306 11
76 402 10
76 156 11
77 398 10
77 295 11
77 368 10
77 651 8
28 77 10
77 616 9
77 373 10
77 491 12
77 416 9
77 225 10
72 77 9
78 377 11
78 475 10
78 626 11
78 509 10
78 351 14
78 267 8
78 467 11
78 703 10
78 472 13
79 437 12
79 619 15
79 132 11
79 96 9
79 465 10
79 603 13
79 710 12
79 97 8
79 347 9
79 425 10
79 374 9
79 256 11
33 80 10
80 468 9
80 534 8
80 463 8
69 80 10
80 715 11
80 541 12
55 80 10
80 491 10
81 478 9
81 551 14
81 360 10
51 81 11
81 251 10
81 291 10
81 340 9
4 81 10
81 617 13
81 177 13
82 574 8
82 511 10
17 82 11
82 203 11
82 326 10
78 82 9
82 218 9
82 429 12
82 329 10
82 745 10
83 575 14
83 214 10
83 614 13
83 209 13
83 331 7
83 647 10
83 452 8
83 711 13
83 473 11
83 468 6
84 106 11
84 527 6
84 510 10
84 538 10
84 114 10
84 231 11
84 95 8
84 428 10
84 356 10
85 164 10
85 265 12
85 697 11
85 406 11
85 485 8
85 509 14
85 456 5
85 352 5
85 219 11
86 169 9
86 448 11
86 344 13
86 412 10
86 295 14
86 349 11
86 237 10
86 433 13
86 284 12
86 367 11
86 734 7
87 702 8
87 181 11
87 624 10
87 491 13
87 402 16
87 327 15
87 388 11
36 87 10
87 471 10
87 516 8
87 742 8
88 302 10
88 139 12
88 148 12
38 88 8
88 690 13
88 665 9
88 598 10
88 540 10
89 574 12
89 527 12
89 248 8
89 723 10
89 501 10
89 690 11
89 626 9
89 90 8
89 226 9
89 254 11
90 343 11
90 639 11
90 650 8
90 235 11
90 480 11
90 357 10
69 90 11
90 115 8
90 219 11
91 251 11
91 745 11
91 498 10
91 559 11
91 486 9
91 595 11
91 122 8
91 293 9
91 596 11
91 340 11
92 547 8
92 372 11
92 479 9
92 107 9
92 548 12
92 610 9
92 599 10
92 118 10
92 287 12
92 126 12
92 203 9
2 93 15
93 473 9
93 699 12
93 429 10
93 511 11
93 629 14
93 342 12
0 93 13
93 527 16
93 356 12
94 357 10
94 233 11
94 406 13
27 94 6
94 627 11
94 377 9
94 96 13
94 376 10
94 629 9
35 94 9
95 131 11
95 328 9
95 646 10
95 158 12
95 124 8
95 563 13
30 95 13
95 254 15
95 203 11
95 573 9
96 600 8
96 592 12
96 191 9
96 184 11
96 561 14
96 153 15
96 729 10
96 484 12
96 499 13
96 345 11
97 219 11
97 118 9
97 299 10
97 685 12
13 97 6
97 636 11
97 555 13
97 588 9
97 658 12
97 188 11
98 584 11
98 515 13
92 98 11
98 122 11
98 264 10
98 318 10
98 615 11
60 98 11
98 604 10
98 235 9
99 695 14
99 549 11
99 183 11
33 99 9
99 131 12
99 197 10
10 99 10
99 614 12
99 180 11
99 471 14
100 566 13
50 100 9
96 100 8
100 262 12
97 100 10
100 640 7
100 592 11
100 590 10
100 162 3
101 215 14
101 154 8
101 603 13
101 263 16
81 101 12
101 522 12
101 628 11
101 426 12
101 341 10
102 460 14
102 240 11
102 637 7
102 525 10
102 684 15
102 155 9
102 403 12
102 559 12
102 443 12
102 220 14
103 541 11
103 359 11
103 416 9
103 470 14
103 310 12
103 352 12
103 630 10
14 103 10
103 169 8
103 245 11
103 519 9
104 380 12
104 700 13
104 255 11
104 558 13
104 485 8
104 348 13
104 484 12
104 410 9
104 167 10
104 678 13
105 593 10
18 105 12
105 578 9
105 676 13
105 145 8
105 319 10
105 167 11
105 290 13
105 672 12
106 251 14
106 730 10
106 402 11
106 276 10
106 502 11
106 304 9
106 115 11
106 368 10
106 241 13
106 499 10
106 651 10
107 580 9
107 233 12
107 727 10
107 657 12
107 474 11
107 250 10
8 107 12
107 466 13
49 107 12
107 672 12
94 107 12
108 329 13
108 354 6
108 253 8
108 664 10
108 702 11
108 116 12
108 456 8
1 108 9
108 134 12
109 545 11
109 455 9
109 272 7
18 109 9
109 697 12
109 608 9
109 435 12
109 701 9
109 380 11
109 132 10
110 155 10
110 218 10
110 345 13
110 699 10
110 239 14
110 172 9
110 690 9
110 394 14
110 632 11
90 110 9
111 732 9
70 111 13
111 351 11
12 111 8
111 215 12
89 111 11
111 469 13
111 483 10
111 183 10
112 258 8
112 192 13
112 426 12
112 742 11
112 531 10
25 112 9
112 113 12
112 148 11
21 112 7
112 745 13
113 362 8
84 113 10
113 253 12
113 567 11
113 484 9
113 202 9
113 618 9
113 576 10
48 113 13
113 301 14
72 114 12
114 336 11
114 700 11
114 518 8
114 275 11
114 248 10
114 708 11
114 369 11
114 462 10
114 637 10
115 202 11
115 693 8
115 485 14
115 148 13
115 584 14
44 115 14
115 168 14
115 442 9
116 371 14
116 177 11
116 663 9
116 737 9
116 597 7
116 528 9
116 407 7
48 116 12
116 739 10
104 117 10
117 140 9
117 455 10
27 117 12
117 520 7
117 427 13
117 729 10
117 640 10
117 249 9
117 282 12
4 118 9
118 734 11
118 313 11
19 118 9
118 506 11
118 336 11
118 397 11
107 118 9
80 118 11
118 232 10
19 119 8
119 319 10
119 698 8
119 254 7
101 119 12
28 119 9
119 738 9
119 210 10
119 255 11
119 348 12
119 602 12
120 227 11
120 321 11
120 590 10
120 394 10
120 240 10
120 135 12
120 678 13
120 218 8
120 274 11
120 353 9
121 318 14
121 148 14
121 467 10
121 457 7
14 121 8
121 441 8
54 121 9
121 347 12
121 234 10
121 290 14
121 544 14
122 638 11
122 506 9
122 208 9
122 415 14
122 498 13
122 558 11
122 431 9
122 429 13
122 350 11
123 162 12
123 683 13
123 647 12
123 705 9
123 505 13
123 534 11
123 626 9
123 688 8
123 342 13
123 240 9
123 350 10
61 123 10
124 698 15
124 244 8
124 294 12
124 361 12
124 287 12
124 529 13
124 328 9
124 490 10
124 694 11
124 609 10
125 539 8
125 501 11
125 740 10
125 317 8
125 164 8
125 626 8
125 705 11
125 716 12
125 742 10
126 722 9
126 176 9
126 299 12
126 345 10
126 534 7
126 628 9
126 732 10
126 377 12
126 613 14
126 140 13
127 329 9
127 742 12
127 507 15
127 390 14
127 619 9
127 259 8
127 243 11
127 178 12
111 127 10
127 580 12
128 437 14
128 600 7
64 128 12
128 241 11
128 743 12
128 415 10
128 602 11
8 128 11
128 494 7
129 301 14
101 129 11
129 567 10
129 626 10
129 329 7
129 230 12
129 566 9
24 129 11
130 253 12
130 583 8
130 708 9
130 303 10
93 130 12
130 312 12
130 487 10
129 130 11
130 345 11
130 573 7
130 326 8
131 570 11
131 716 9
96 131 8
131 283 10
131 438 10
131 306 13
131 199 12
131 547 8
131 137 11
131 334 12
95 132 12
14 132 12
132 136 11
80 132 13
132 297 10
40 132 12
132 381 10
132 456 11
132 229 9
132 387 11
133 567 10
133 518 7
133 410 12
133 295 6
76 133 15
133 246 10
133 389 8
133 296 11
134 362 8
134 325 7
134 719 10
134 458 11
134 138 10
134 643 10
134 726 13
134 511 11
134 305 9
135 360 11
135 532 8
135 209 11
135 167 8
135 331 11
126 135 9
63 135 7
135 414 11
135 227 11
135 463 12
135 423 10
136 622 9
136 744 13
90 136 9
136 651 12
136 434 9
136 473 15
136 329 15
136 647 11
27 136 13
121 136 10
136 375 13
137 640 7
137 314 8
137 332 13
137 143 7
137 286 11
137 372 13
137 727 12
20 137 11
137 308 11
137 705 9
138 668 12
138 589 8
138 203 12
110 138 11
138 227 14
138 664 11
138 483 9
138 390 10
138 174 11
56 139 14
139 274 15
139 732 14
139 437 10
139 504 10
139 747 14
139 632 7
139 520 13
139 415 11
139 325 10
140 493 10
140 567 12
88 140 15
140 652 10
140 713 7
140 276 11
140 227 10
140 359 10
140 332 12
140 523 14
14 141 10
141 543 14
141 515 10
87 141 11
141 497 10
141 720 13
51 141 10
141 396 9
141 335 11
68 141 13
142 431 8
142 417 15
142 715 11
142 748 11
142 401 11
0 142 8
142 286 12
131 142 12
143 568 11
143 391 13
143 714 7
18 143 13
143 547 6
143 154 13
143 423 6
143 541 8
143 320 13
143 456 11
143 380 12
144 158 7
144 200 13
144 457 10
144 607 10
144 217 9
144 433 12
144 409 11
0 144 9
144 683 10
144 316 8
144 539 7
145 346 10
145 562 11
145 356 12
145 164 10
145 587 12
137 145 14
145 661 11
76 145 11
145 194 11
145 209 13
146 650 12
146 337 9
109 146 9
146 461 14
146 574 13
146 431 7
146 454 10
146 710 10
146 748 9
38 147 9
147 149 15
147 606 11
147 501 10
147 304 9
147 648 7
147 421 8
147 563 13
147 585 11
147 600 11
147 724 8
148 177 14
148 413 11
148 200 12
33 148 8
108 148 12
148 204 7
148 622 14
148 491 11
148 302 8
148 544 8
149 392 10
149 613 13
149 614 9
149 175 8
149 380 13
149 555 8
144 149 11
149 517 8
149 726 10
28 149 11
150 469 13
83 150 9
150 601 5
150 220 11
109 150 14
150 483 9
150 386 10
150 304 8
150 196 12
116 150 12
150 376 13
151 522 9
151 699 11
82 151 11
151 506 9
151 155 16
151 408 13
151 411 14
151 302 12
151 321 11
151 552 11
118 152 11
152 561 10
152 555 14
59 152 10
152 156 11
22 152 9
152 203 12
152 195 13
152 395 13
153 463 11
153 568 13
153 411 8
153 235 11
153 351 12
153 746 11
153 743 10
153 694 14
153 612 13
153 495 14
72 154 9
154 433 11
104 154 7
154 564 10
125 154 13
154 246 10
10 154 9
154 675 10
92 154 11
154 586 9
64 155 9
155 742 14
155 683 11
13 155 15
106 155 12
155 613 11
155 577 8
155 330 10
91 156 10
156 187 6
156 742 8
156 442 7
156 624 14
74 156 8
156 207 15
156 295 10
156 405 11
157 222 10
157 675 10
157 417 12
157 521 11
157 374 9
157 670 10
73 157 8
71 157 9
157 407 11
157 566 12
157 293 9
21 158 10
158 478 13
19 158 11
158 183 12
158 448 8
158 420 8
158 655 12
29 158 13
159 365 11
159 413 8
159 328 12
159 246 7
159 425 10
159 489 13
159 576 11
159 318 12
159 595 14
158 159 8
87 160 10
160 607 13
160 301 11
160 246 14
130 160 12
160 409 12
160 276 10
151 160 10
160 545 9
64 160 7
2 161 11
161 515 11
161 482 10
161 257 13
161 395 9
161 272 10
161 724 11
161 370 9
161 221 10
161 558 12
162 538 14
162 634 13
162 539 11
103 162 10
162 646 11
142 162 12
162 466 14
1 162 13
86 162 10
162 222 6
162 332 12
163 427 13
163 196 11
163 672 9
163 549 9
163 665 10
163 559 11
163 625 11
163 639 11
164 282 12
164 420 13
129 164 12
164 172 11
164 205 8
164 710 8
164 376 11
164 634 13
164 463 11
164 594 11
164 458 10
165 197 11
165 688 12
165 472 7
58 165 11
165 405 10
165 523 10
165 330 12
165 742 9
27 165 15
165 628 9
166 429 10
166 670 8
166 327 11
166 611 11
115 166 13
166 413 10
166 444 12
49 166 9
74 166 12
93 167 10
167 615 9
98 167 9
167 573 9
167 179 11
167 277 9
78 167 9
167 327 10
30 167 12
168 616 9
168 703 9
168 477 8
168 671 10
168 475 9
43 168 11
168 636 11
84 168 12
168 340 8
168 687 10
5 168 7
168 458 8
142 169 10
169 681 9
169 684 8
169 341 10
32 169 11
169 345 11
87 169 10
169 519 12
131 169 10
169 707 13
169 614 7
170 651 10
170 403 12
170 389 6
170 569 11
170 573 14
170 523 8
170 215 11
131 170 10
30 170 10
171 692 11
171 387 11
171 318 9
18 171 11
3 171 10
8 171 10
42 171 12
127 171 7
171 471 10
172 322 10
172 496 9
172 202 11
172 462 8
172 555 7
172 259 9
172 364 11
172 253 13
172 305 13
172 298 10
173 214 10
173 671 9
173 253 12
173 556 13
173 267 11
173 332 11
36 173 9
173 202 11
173 200 8
173 527 9
130 174 9
174 402 9
174 414 13
128 174 12
8 174 11
174 524 11
174 613 11
174 255 9
175 198 10
150 175 11
175 598 10
175 379 9
7 175 9
35 175 12
175 556 13
175 505 10
175 532 12
175 387 10
176 719 8
176 542 13
176 216 12
176 260 11
176 597 8
165 176 12
176 367 10
176 681 11
176 348 8
176 629 10
177 346 9
177 269 12
177 395 11
177 246 11
27 177 12
131 177 11
177 405 10
177 358 12
177 434 9
177 632 9
178 413 7
178 460 11
178 678 12
178 211 11
29 178 13
178 265 10
178 535 10
178 575 10
178 458 9
178 415 12
10 179 10
179 717 10
179 709 13
179 573 11
179 712 12
179 650 13
179 512 12
154 179 11
179 219 12
180 581 10
6 180 8
180 718 9
180 638 10
180 688 10
180 586 9
180 466 12
180 532 6
180 618 10
133 180 9
180 326 3
108 181 9
181 301 8
181 614 16
181 369 8
181 687 12
181 467 10
181 529 9
181 477 13
181 552 13
181 570 13
76 182 11
182 396 13
182 692 10
182 253 11
182 695 8
182 447 12
11 182 8
182 410 10
182 420 9
160 183 10
76 183 12
183 448 8
183 528 12
183 188 13
150 183 9
183 543 7
183 270 12
184 668 11
183 184 8
184 442 9
184 729 12
184 633 13
184 546 15
184 502 10
184 712 12
184 325 8
180 184 11
184 422 8
183 185 11
73 185 9
185 646 9
95 185 12
185 354 12
185 392 10
185 494 5
185 281 10
185 211 9
185 365 8
50 185 11
186 540 12
186 485 10
186 294 7
186 710 12
5 186 9
186 187 9
186 682 10
186 472 12
186 727 10
79 186 14
186 703 12
187 208 12
187 450 12
187 346 10
187 620 11
187 473 6
187 669 10
187 342 9
187 311 11
188 574 9
188 424 11
188 655 6
188 359 10
188 520 10
50 188 13
188 413 13
188 307 15
14 188 10
189 364 10
189 213 13
189 215 12
122 189 6
48 189 12
73 189 11
189 719 13
189 285 15
77 189 12
189 360 9
68 189 9
190 228 12
190 566 10
190 669 11
190 416 13
190 407 9
190 569 13
190 411 15
190 261 14
190 221 13
190 373 11
85 191 11
191 403 12
191 413 7
191 695 12
191 736 11
4 191 8
191 237 6
191 415 10
191 745 12
191 269 11
192 565 8
192 667 10
192 659 11
119 192 10
122 192 9
158 192 12
40 192 16
192 580 11
192 586 8
192 564 10
193 365 10
193 261 8
132 193 9
193 237 9
193 582 14
193 692 13
193 347 12
193 717 10
193 387 10
141 193 12
193 283 6
194 468 8
194 634 10
194 330 10
194 290 14
194 614 12
194 402 10
194 530 10
95 194 11
194 240 10
194 366 13
195 344 9
161 195 10
195 531 12
126 195 9
195 510 12
195 655 11
178 195 10
195 735 12
195 359 9
195 561 11
196 213 10
196 659 9
196 227 9
196 642 14
196 336 10
196 379 10
196 398 10
196 356 10
196 541 14
196 604 11
197 394 10
197 623 9
197 481 15
179 197 9
197 729 9
197 501 12
197 543 9
197 597 14
197 529 9
197 644 11
197 268 9
99 198 10
90 198 7
198 270 10
198 203 13
198 280 14
198 485 9
59 198 12
198 740 7
199 660 10
152 199 15
199 434 10
199 278 12
199 525 11
199 349 11
199 309 12
199 673 10
199 424 9
60 199 9
200 287 11
200 208 11
183 200 10
200 390 14
69 200 9
63 200 9
200 629 10
112 200 11
4 200 15
201 738 9
60 201 12
201 262 11
201 609 9
201 734 10
201 584 10
201 439 13
201 672 12
201 348 11
201 361 9
141 201 8
202 333 11
202 709 8
30 202 13
202 606 10
127 202 7
202 491 10
202 740 10
202 692 10
61 202 11
191 203 11
203 397 13
203 584 11
13 203 8
203 510 11
203 702 11
203 274 10
203 740 10
203 575 10
18 204 7
113 204 8
204 550 9
204 512 14
204 713 11
54 204 8
126 204 10
204 596 12
204 249 10
205 457 11
205 495 10
63 205 12
205 445 12
205 307 10
205 286 10
205 376 13
205 667 11
205 284 14
126 205 8
205 332 14
206 457 10
206 429 12
206 330 11
206 549 9
206 321 13
18 206 12
71 206 9
206 520 10
206 236 10
207 397 11
207 701 11
207 675 5
122 207 11
207 495 11
207 383 8
207 471 11
207 273 9
207 407 10
208 704 10
208 523 8
60 208 10
208 211 11
208 736 9
208 543 15
192 208 10
208 415 12
208 319 9
208 421 12
208 443 15
209 736 10
209 431 10
209 576 12
209 718 10
209 744 10
209 272 10
209 543 12
209 649 12
209 566 11
210 263 8
106 210 11
164 210 12
210 365 13
210 631 9
210 221 7
116 210 10
210 550 11
210 295 12
210 222 10
211 672 10
211 259 12
211 437 10
211 636 9
211 730 12
211 554 11
8 211 11
67 211 11
168 211 7
211 292 12
212 675 12
208 212 12
42 212 11
212 607 9
212 643 11
200 212 10
212 434 9
212 360 14
212 627 8
129 213 12
213 329 11
213 698 9
213 490 13
213 603 12
213 718 11
18 213 8
213 551 14
213 314 13
148 213 11
214 479 10
214 305 14
178 214 10
34 214 10
163 214 12
214 291 14
214 332 11
214 691 7
180 214 11
95 214 6
215 423 12
115 215 10
80 215 11
86 215 14
76 215 13
52 215 11
215 683 7
215 421 11
215 318 12
216 378 12
178 216 9
216 725 13
216 749 10
216 641 15
216 286 13
216 559 6
216 583 14
60 216 14
149 216 14
139 216 11
217 732 12
217 610 10
217 249 15
217 356 10
104 217 12
217 449 16
217 710 13
217 500 10
217 461 9
217 485 9
217 536 13
218 583 10
218 623 13
218 473 10
218 312 11
218 480 9
218 568 11
99 218 10
193 218 12
218 690 13
218 257 10
219 534 9
219 670 8
37 219 8
219 615 11
219 238 8
219 521 10
219 282 12
115 219 10
219 349 9
219 427 11
219 423 11
220 377 12
220 323 9
220 669 10
220 610 8
220 321 10
220 581 12
96 220 10
220 314 11
220 599 13
220 230 9
221 376 11
221 546 9
15 221 10
221 290 9
61 221 15
47 221 13
221 442 10
221 730 8
134 221 12
7 221 16
221 723 9
68 222 11
222 366 13
161 222 10
187 222 13
222 424 12
222 292 9
135 222 9
33 222 10
222 600 8
199 223 15
2 223 13
223 348 12
165 223 7
223 574 12
223 509 15
150 223 6
223 628 9
223 305 14
223 296 9
224 322 8
224 248 12
224 324 13
160 224 13
51 224 11
214 224 11
156 224 6
224 686 10
224 502 6
224 471 12
225 433 12
225 676 8
225 392 8
225 453 12
60 225 11
225 692 12
225 532 13
26 225 7
119 225 10
225 364 14
225 603 8
116 225 9
226 356 7
226 644 10
226 458 9
226 595 11
226 313 8
226 593 13
226 349 11
226 700 10
31 226 12
226 388 12
227 425 11
58 227 12
227 273 12
60 227 11
227 727 9
227 374 9
4 227 13
227 264 9
76 227 11
227 699 11
228 714 11
228 365 9
228 236 11
228 537 10
228 579 11
228 290 11
228 410 10
228 431 10
228 483 16
228 710 9
228 725 10
108 228 8
207 229 9
229 502 12
229 604 8
229 459 10
229 532 10
229 542 13
229 231 12
229 313 8
229 398 10
229 659 11
230 333 12
74 230 8
230 575 11
230 286 14
230 736 14
230 602 10
230 354 8
230 682 9
230 522 8
170 230 10
230 339 11
231 710 8
231 470 10
149 231 9
231 261 13
18 231 9
231 648 11
231 372 13
231 250 11
231 286 12
231 530 10
232 598 12
232 506 13
54 232 11
232 485 10
170 232 9
232 588 8
82 232 13
53 232 12
232 746 6
232 659 14
62 232 10
233 545 12
2 233 9
158 233 12
233 723 12
233 716 9
233 555 9
233 398 9
229 233 12
184 233 11
68 233 12
233 459 8
233 406 10
234 349 11
110 234 10
101 234 8
137 234 10
49 234 10
234 487 13
234 460 11
143 234 10
232 235 10
235 477 12
235 730 8
235 374 13
235 459 12
235 688 11
235 636 12
235 493 10
235 249 11
235 621 9
204 236 9
141 236 12
236 251 10
1 236 12
137 236 14
236 326 11
236 669 12
236 556 14
236 260 15
237 663 9
237 458 10
35 237 10
38 237 5
121 237 5
237 257 13
237 582 14
127 237 9
237 563 9
238 399 8
135 238 10
238 383 14
238 631 12
238 265 12
238 708 11
238 525 12
238 433 12
238 585 12
238 663 11
239 519 10
64 239 10
226 239 10
239 350 8
239 419 10
239 518 11
28 239 11
239 716 15
239 741 14
6 240 8
240 628 6
240 250 12
240 524 11
210 240 11
240 650 9
240 358 10
240 470 8
240 655 11
241 388 6
241 539 13
132 241 10
241 333 8
241 497 9
241 691 8
151 241 10
241 635 10
241 662 13
242 510 12
242 482 11
116 242 13
242 437 12
239 242 13
242 623 13
242 658 7
242 276 9
242 538 10
24 242 11
137 243 12
93 243 10
105 243 14
243 649 10
243 677 12
243 455 7
27 243 11
243 383 11
243 552 12
244 431 7
118 244 14
244 603 13
244 629 8
244 650 8
176 244 10
244 708 12
244 592 11
244 660 9
244 740 9
244 540 10
175 245 11
245 682 14
245 276 13
245 528 8
245 566 11
245 474 11
48 245 14
245 740 9
245 573 10
245 690 13
246 548 12
92 246 6
246 461 13
246 479 11
246 624 12
246 397 10
246 366 8
246 516 12
246 558 10
246 669 9
246 541 10
159 247 12
70 247 11
247 667 10
247 461 12
247 630 9
38 247 9
247 550 13
247 569 12
208 247 10
247 601 13
247 658 11
248 617 14
248 710 9
248 361 11
248 259 10
248 391 8
248 610 13
248 500 10
248 727 11
25 248 10
248 588 13
40 249 9
242 249 14
249 353 9
249 608 13
208 249 14
249 392 9
249 275 12
249 745 9
131 249 14
249 318 10
249 430 8
250 642 11
161 250 11
250 263 8
250 423 8
250 323 10
250 363 12
250 509 10
250 656 7
251 557 11
75 251 12
251 397 4
218 251 9
93 251 9
251 292 12
251 741 12
251 622 7
251 560 9
251 744 10
24 252 13
252 380 13
252 558 10
252 305 7
252 323 12
252 360 12
252 606 12
252 571 12
252 547 13
253 557 7
97 253 8
75 253 13
65 253 15
253 498 9
189 253 13
129 253 13
253 691 11
254 363 7
254 489 9
254 699 8
254 267 14
254 671 9
68 254 11
254 436 11
254 316 10
254 341 10
254 487 12
255 539 14
45 255 9
255 407 10
255 307 12
225 255 12
255 331 9
177 255 12
255 470 12
255 715 10
255 549 9
256 381 10
256 403 9
256 558 10
256 727 9
256 414 11
256 669 12
149 256 8
256 703 9
228 256 11
256 273 8
257 425 12
257 412 11
257 655 11
156 257 11
234 257 10
257 560 10
201 257 12
203 257 12
257 400 14
258 612 10
258 462 11
258 533 11
258 432 13
258 678 10
258 463 9
258 697 10
188 258 10
258 329 13
122 258 7
258 657 11
104 259 11
259 512 13
259 354 11
259 465 10
143 259 12
215 259 12
259 434 12
259 366 10
204 259 10
148 259 13
260 299 12
260 569 13
199 260 13
260 497 11
219 260 12
260 741 11
260 338 9
29 260 12
260 415 15
261 364 12
125 261 9
261 662 13
232 261 12
72 261 13
261 552 13
167 261 9
136 261 9
132 261 11
195 261 10
261 630 15
94 262 8
262 318 8
262 277 10
262 506 13
261 262 9
262 539 10
52 262 7
262 353 10
262 625 9
262 518 11
263 469 13
263 675 13
263 498 11
19 263 7
192 263 11
2 263 13
263 357 13
211 263 13
261 263 11
263 532 7
263 411 14
264 509 12
206 264 10
264 715 8
170 264 12
168 264 14
264 653 9
264 441 8
264 666 11
164 264 8
174 264 13
264 344 7
265 674 9
265 285 13
265 463 9
26 265 10
265 586 12
265 330 11
265 333 11
265 737 10
265 332 14
266 616 9
170 266 5
266 313 9
266 347 10
134 266 9
266 527 11
43 266 11
266 710 9
38 266 10
17 266 11
88 267 9
267 508 9
267 553 11
267 371 10
118 267 9
267 602 9
267 638 14
166 267 7
64 267 8
189 267 10
218 267 11
267 293 9
268 394 9
268 445 12
268 492 10
53 268 11
268 485 10
268 546 8
268 727 10
127 268 12
268 692 11
268 384 11
269 374 9
269 698 7
269 310 7
52 269 12
33 269 3
269 343 11
269 516 10
269 634 13
48 269 12
269 565 13
12 269 7
270 737 11
222 270 9
34 270 11
127 270 13
270 529 11
270 615 11
270 743 8
270 683 12
270 539 13
218 270 10
0 270 5
270 411 9
96 271 8
271 288 14
271 378 9
271 410 13
149 271 11
167 271 11
71 271 8
271 711 8
271 407 14
271 415 9
271 623 11
272 642 8
71 272 15
147 272 10
272 604 11
272 273 8
272 489 12
133 272 10
181 272 12
202 272 14
272 721 9
272 631 14
273 749 9
273 469 9
273 685 10
68 273 10
273 691 12
271 273 11
19 273 7
98 273 10
85 273 8
274 604 10
135 274 11
274 576 8
274 571 11
274 716 11
274 643 10
274 600 8
69 274 10
274 631 11
274 276 13
108 275 8
275 558 10
275 307 12
275 423 11
218 275 10
43 275 14
275 649 10
33 275 11
156 276 10
276 583 12
276 711 14
276 511 10
221 276 11
184 276 11
276 282 10
276 352 11
237 276 8
276 593 12
277 293 11
206 277 9
68 277 11
136 277 9
189 277 9
277 420 8
168 277 11
277 341 11
277 506 10
277 689 11
36 277 11
278 436 12
278 712 14
278 555 10
246 278 13
278 548 10
185 278 11
278 633 12
278 629 10
24 278 8
205 279 11
279 402 12
5 279 7
279 666 5
279 571 14
279 352 11
279 485 11
279 440 11
279 543 13
280 654 13
280 282 10
8 280 8
114 280 9
280 627 8
280 691 9
163 280 10
280 666 12
280 687 10
12 280 11
281 733 9
281 728 11
281 436 10
281 329 9
281 551 11
281 462 10
281 597 7
119 281 9
114 281 9
5 282 11
282 492 9
124 282 11
259 282 13
282 477 12
275 282 10
186 282 11
172 282 10
282 284 10
141 282 11
282 285 9
283 385 9
166 283 10
283 581 12
283 290 6
283 310 9
283 371 7
283 609 12
283 555 11
283 625 10
283 375 7
283 396 8
284 375 12
49 284 11
123 284 10
265 284 11
284 567 13
284 304 12
169 284 13
16 284 10
110 284 8
284 654 10
285 495 10
172 285 8
264 285 13
109 285 9
285 464 11
285 503 12
285 333 11
127 285 11
232 286 10
286 356 8
286 645 11
286 307 12
183 286 12
286 674 10
161 286 9
286 456 12
286 621 9
286 402 11
286 633 10
286 550 10
123 287 14
287 516 8
287 526 11
45 287 14
287 478 9
287 422 9
44 287 6
287 687 13
287 618 13
212 287 10
288 711 10
288 707 8
288 430 7
288 579 14
190 288 12
288 378 8
288 510 11
150 288 14
288 464 14
289 673 12
289 548 10
289 610 10
204 289 12
289 572 10
36 289 13
39 289 11
289 706 14
80 289 8
289 404 11
290 515 12
206 290 12
290 406 13
290 353 8
290 717 13
230 290 10
290 300 12
290 331 9
290 453 13
263 290 14
291 443 10
291 394 12
67 291 7
291 571 12
291 332 11
291 723 9
291 386 9
291 442 10
291 299 12
291 480 13
182 292 7
292 358 11
292 364 9
292 745 11
292 647 9
125 292 7
292 424 9
292 662 10
292 504 12
292 483 13
293 730 8
293 338 10
160 293 13
183 293 12
293 308 13
119 293 10
247 293 14
293 497 11
293 389 11
190 293 12
294 618 10
294 642 11
157 294 8
294 499 12
256 294 8
294 663 9
294 558 13
294 295 11
294 738 12
211 294 8
157 295 11
295 702 10
103 295 10
97 295 9
295 539 10
295 660 11
295 396 8
71 295 10
295 480 9
295 604 8
295 568 8
296 597 10
296 305 14
296 740 9
266 296 13
47 296 6
296 379 13
296 422 11
185 296 13
296 363 9
291 296 9
110 297 11
297 717 9
297 537 12
36 297 6
297 504 11
297 538 9
46 297 7
223 297 10
298 503 10
298 313 15
298 394 12
298 497 9
298 309 11
298 670 13
298 465 12
298 549 8
254 298 11
298 345 13
299 447 10
299 743 11
299 343 12
299 336 11
66 299 8
299 732 12
299 380 10
270 299 9
134 299 9
299 421 11
300 311 6
300 366 8
300 682 9
300 543 8
300 718 16
74 300 11
153 300 8
268 300 10
300 323 11
300 359 8
198 300 13
73 300 9
301 545 12
75 301 13
172 301 6
301 687 8
301 310 12
15 301 11
301 335 11
301 318 10
302 375 10
302 619 10
302 438 10
302 728 8
302 374 7
63 302 8
302 333 11
302 367 14
302 568 9
302 635 10
303 402 12
56 303 12
303 741 10
8 303 11
30 303 10
244 303 10
241 303 11
303 504 9
303 486 12
303 444 13
303 694 12
304 700 12
304 603 18
31 304 8
194 304 12
304 673 9
43 304 8
304 527 9
148 304 10
305 457 11
305 356 9
305 325 12
305 538 12
305 633 11
206 305 12
305 351 10
46 305 6
88 305 13
113 305 10
306 407 12
306 399 12
293 306 11
106 306 8
306 427 12
93 306 12
306 568 12
306 496 11
306 376 11
307 401 9
142 307 9
307 697 4
82 307 7
307 553 10
307 437 8
307 505 10
307 608 9
307 595 10
307 743 9
245 307 14
52 308 9
308 602 12
308 666 8
308 339 13
128 308 6
308 584 6
308 594 13
308 394 9
148 308 7
308 654 11
156 308 10
308 551 14
86 309 12
309 343 12
124 309 11
309 351 13
173 309 9
309 554 9
309 720 13
223 309 10
304 309 9
309 382 11
129 310 10
201 310 9
310 571 12
270 310 11
310 469 10
310 441 11
310 439 12
277 310 10
5 311 12
101 311 9
261 311 10
311 325 10
311 411 15
311 539 12
241 311 11
311 464 9
311 607 12
312 677 15
312 539 16
82 312 9
312 733 12
220 312 9
2 312 9
312 540 12
246 312 12
313 329 11
293 313 10
313 319 13
141 313 7
50 313 12
151 313 9
273 313 12
100 313 11
133 313 6
57 314 13
314 598 9
314 621 12
260 314 10
314 685 11
314 735 12
314 384 9
314 608 7
314 401 11
189 314 12
315 364 14
315 700 13
315 691 15
315 412 9
275 315 13
315 614 9
68 315 6
315 380 13
130 315 7
154 316 5
48 316 12
167 316 8
214 316 11
60 316 11
316 608 13
316 415 12
268 316 8
316 474 6
21 317 9
317 411 13
3 317 15
41 317 11
84 317 11
317 723 8
317 502 11
142 317 10
112 317 12
317 401 13
27 318 10
318 379 10
318 699 12
143 318 8
268 318 7
318 714 10
288 318 12
75 318 10
318 665 12
318 422 10
81 319 10
319 344 7
319 365 9
77 319 8
289 319 9
319 351 7
319 410 12
319 391 12
319 608 9
320 684 11
118 320 10
320 506 13
320 499 11
320 547 9
320 447 13
320 507 13
201 320 12
164 320 9
321 454 7
321 724 11
74 321 9
268 321 11
321 533 12
321 664 8
321 408 12
321 544 12
321 636 8
322 376 10
117 322 8
322 399 12
322 590 14
322 447 9
80 322 11
211 322 13
132 322 7
322 453 10
322 539 11
323 504 10
123 323 10
40 323 9
323 430 7
95 323 8
323 470 9
323 697 8
323 666 13
323 353 10
238 324 8
140 324 9
324 620 10
324 625 11
324 551 8
79 324 11
324 664 11
324 390 15
45 324 7
261 324 14
325 550 11
35 325 10
325 604 11
325 574 9
325 571 14
185 325 10
181 325 13
272 325 9
198 325 9
325 538 11
34 326 8
40 326 12
326 341 9
326 632 10
252 326 11
326 495 13
315 326 11
326 446 7
143 326 12
326 361 12
133 326 10
327 399 13
327 588 12
191 327 10
132 327 14
7 327 7
68 327 14
327 557 11
327 610 8
327 486 16
327 655 8
328 650 14
328 686 9
248 328 9
328 502 11
328 432 10
61 328 14
28 328 13
328 383 10
328 676 11
165 328 10
328 329 13
329 615 12
329 335 12
45 329 11
329 428 12
224 329 12
329 590 11
144 329 11
61 329 10
239 329 10
329 678 11
330 499 11
330 723 12
237 330 9
330 442 11
118 330 10
174 330 7
330 628 7
75 330 10
330 392 13
331 640 11
316 331 12
331 726 12
278 331 14
331 544 13
294 331 13
331 662 14
331 542 12
241 331 10
332 497 13
245 332 7
332 511 12
332 741 13
308 332 13
332 705 9
145 332 12
332 525 11
105 332 14
332 546 12
295 333 13
79 333 9
333 661 13
76 333 12
333 548 10
68 333 13
210 333 11
333 338 10
333 658 12
333 682 13
334 537 12
334 445 11
213 334 14
207 334 10
334 504 14
334 406 9
334 724 10
79 334 9
334 653 9
334 743 10
335 722 15
335 342 11
335 513 13
335 554 11
335 735 7
335 622 8
335 695 11
164 335 7
335 714 9
77 335 10
335 643 10
158 336 9
95 336 11
116 336 9
336 737 10
25 336 14
336 369 12
336 571 12
336 609 11
336 693 10
336 635 12
336 633 10
337 584 11
285 337 14
337 492 13
35 337 10
337 613 11
337 374 8
337 654 9
23 337 10
41 337 7
191 337 13
337 640 10
338 367 11
338 457 10
259 338 12
338 617 14
338 564 11
146 338 8
221 338 9
27 338 10
338 597 4
201 339 7
28 339 13
276 339 10
232 339 12
339 737 11
339 748 12
189 339 8
339 464 12
339 356 9
339 528 11
70 340 13
38 340 11
340 536 8
103 340 8
340 689 8
340 740 9
340 360 13
331 340 10
121 340 9
340 584 12
232 341 11
199 341 8
22 341 11
198 341 8
0 341 7
236 341 10
341 499 10
341 475 12
341 457 13
342 351 9
342 457 11
152 342 14
2 342 13
336 342 10
342 693 11
342 685 9
224 342 12
342 448 11
334 342 13
23 342 14
335 343 10
343 675 11
258 343 13
343 666 12
343 473 8
343 686 12
226 343 8
92 343 14
343 477 11
343 734 8
344 615 9
344 690 12
268 344 13
248 344 10
344 406 11
201 344 11
125 344 10
344 449 7
68 344 12
344 658 14
345 643 12
59 345 11
345 410 12
345 384 8
228 345 15
233 345 9
345 696 12
345 364 9
345 503 10
73 345 10
139 346 9
346 609 9
346 424 11
346 557 11
346 404 10
288 346 11
346 369 9
251 346 12
346 611 8
290 346 11
346 677 8
347 695 12
347 602 12
347 605 11
347 682 14
347 664 11
67 347 13
30 347 10
347 724 11
347 386 8
347 572 11
264 347 12
348 648 10
348 738 9
213 348 9
348 653 10
84 348 11
102 348 8
99 348 10
261 348 10
348 710 12
348 528 9
349 530 8
259 349 9
163 349 9
159 349 10
191 349 8
349 585 7
349 696 10
281 349 14
349 507 12
101 349 11
324 350 11
29 350 10
164 350 12
170 350 12
65 350 8
350 450 9
21 350 12
339 350 8
350 743 13
182 350 15
351 432 12
351 631 7
334 351 8
351 500 11
204 351 11
2 351 15
278 351 10
351 477 11
46 351 10
333 351 13
352 621 13
352 636 8
128 352 10
352 474 9
352 655 8
352 635 13
352 740 13
163 352 12
248 353 13
86 353 11
353 446 13
353 571 12
353 646 9
185 353 11
353 497 8
353 629 8
353 529 12
147 354 9
275 354 11
354 613 8
354 557 11
338 354 10
354 694 12
193 354 14
198 354 7
347 354 12
354 675 11
231 355 9
58 355 9
355 468 11
355 747 11
71 355 12
33 355 14
355 422 11
355 587 13
299 355 11
52 355 8
43 356 8
356 413 9
67 356 14
59 356 9
180 356 9
356 567 10
198 356 11
356 655 11
268 356 12
181 356 10
49 357 8
104 357 9
273 357 12
357 413 10
357 428 10
306 357 9
357 671 12
120 357 13
357 561 7
358 368 10
358 636 11
71 358 13
20 358 11
262 358 10
358 661 6
103 358 9
144 358 10
358 539 9
316 358 13
358 537 11
184 359 10
359 747 8
213 359 7
359 558 7
359 598 10
105 359 13
359 720 7
359 667 11
359 604 9
194 359 9
271 359 9
360 730 11
331 360 10
360 616 13
312 360 10
360 428 10
360 529 10
195 360 10
360 684 12
360 590 12
263 360 12
187 361 9
294 361 10
64 361 13
361 428 8
361 603 10
361 599 8
361 512 11
361 532 8
361 571 7
361 541 7
139 362 9
71 362 9
57 362 12
267 362 16
362 371 10
362 370 8
357 362 11
236 362 11
65 362 11
279 363 8
363 593 13
338 363 9
363 600 11
40 363 9
111 363 12
363 455 10
363 423 11
363 467 8
363 441 6
363 487 11
72 363 9
351 364 13
326 364 14
38 364 9
364 420 10
184 364 12
364 417 10
364 720 11
230 364 11
138 364 11
350 364 6
92 364 9
95 365 14
365 436 6
365 624 9
365 693 13
365 537 12
87 365 15
343 365 11
365 563 8
178 365 11
186 365 12
365 393 8
366 496 8
366 707 8
366 535 11
366 676 12
251 366 12
366 387 10
247 366 14
366 445 11
217 367 10
332 367 8
351 367 9
367 371 8
193 367 7
195 367 10
87 367 13
367 406 10
367 556 14
367 512 7
368 461 10
79 368 11
250 368 14
368 737 11
368 711 11
368 681 13
28 368 11
368 502 10
368 506 9
288 368 10
176 369 11
162 369 9
369 401 12
147 369 7
369 429 16
369 459 9
369 715 8
369 643 12
118 369 9
370 732 13
226 370 9
121 370 13
370 374 11
370 419 13
370 467 13
223 370 4
370 744 12
200 370 11
370 441 13
15 370 11
111 371 10
371 471 13
83 371 13
371 532 11
371 458 14
218 371 15
371 725 8
371 388 9
371 668 9
162 371 11
371 445 9
372 626 9
372 744 9
317 372 11
372 467 9
175 372 13
372 715 12
46 372 10
372 397 14
372 481 10
151 372 8
236 372 14
373 511 10
135 373 16
373 713 10
373 414 12
373 650 11
373 594 10
317 373 12
373 623 12
146 373 12
373 418 10
203 373 15
374 386 12
324 374 10
374 565 11
374 556 10
374 447 10
374 636 12
374 529 8
112 374 8
140 374 9
374 416 7
374 698 10
375 721 11
138 375 9
375 621 14
375 694 10
199 375 11
375 470 10
375 471 12
339 376 9
99 376 11
376 506 11
166 376 10
376 403 10
196 376 12
65 376 14
97 376 7
376 414 10
248 376 10
377 405 12
377 554 11
210 377 11
147 377 13
209 377 10
277 377 10
377 717 12
120 377 11
377 513 8
168 377 11
235 377 8
167 378 13
248 378 9
378 539 12
272 378 11
378 532 8
378 406 11
378 570 12
378 581 10
378 477 10
378 536 10
379 664 11
379 728 11
123 379 12
379 740 12
379 639 12
379 634 7
379 685 9
136 379 9
379 517 12
379 733 12
303 380 15
380 572 13
380 407 10
145 380 12
380 439 10
380 629 9
380 445 10
30 380 10
380 426 10
141 380 12
54 380 13
381 615 14
368 381 13
343 381 9
297 381 8
319 381 12
323 381 11
381 516 11
372 381 8
381 492 9
364 382 9
382 387 13
359 382 14
136 382 7
382 706 13
273 382 8
382 423 9
382 666 9
382 647 9
107 382 11
246 383 11
367 383 10
383 646 8
327 383 13
258 383 13
269 383 14
101 383 13
383 705 14
271 384 11
384 605 11
384 544 10
150 384 10
384 397 10
384 471 12
35 384 13
384 674 11
20 384 10
384 593 11
384 556 9
384 491 7
385 706 13
385 405 12
385 580 9
385 613 12
149 385 13
41 385 6
385 422 11
216 385 10
385 686 11
30 386 9
107 386 10
386 647 9
216 386 8
386 520 8
386 580 13
4 386 13
134 386 12
131 386 10
386 590 10
314 386 12
86 386 9
387 545 10
387 676 13
387 480 14
367 387 11
167 387 11
163 387 11
387 475 13
274 387 10
67 387 8
387 489 10
388 464 13
388 421 14
174 388 9
80 388 10
388 707 8
388 435 12
388 523 12
219 388 9
131 388 11
130 388 8
200 388 11
346 389 13
174 389 10
389 738 8
389 608 9
168 389 10
389 641 12
151 389 12
297 389 11
122 389 12
319 389 9
310 389 11
328 390 11
390 470 8
390 598 12
390 453 8
326 390 14
390 608 14
173 390 11
390 592 14
208 390 11
366 390 12
13 390 10
391 633 12
391 440 12
330 391 12
391 722 10
258 391 10
114 391 9
391 516 10
77 391 9
391 486 7
131 392 10
152 392 13
392 503 7
127 392 12
392 514 12
392 437 8
392 562 13
392 659 11
392 691 12
392 397 11
36 393 12
338 393 11
393 505 10
16 393 9
393 636 10
175 393 13
329 393 11
393 684 11
67 393 11
394 556 12
394 464 12
337 394 9
394 628 11
223 394 12
192 394 14
3 394 8
254 394 11
394 495 14
364 395 13
395 733 12
332 395 13
395 400 9
395 713 8
143 395 12
55 395 11
59 395 13
193 396 9
396 494 10
87 396 9
281 396 7
335 396 13
340 396 8
315 396 14
396 438 9
396 693 10
325 396 11
396 715 7
118 396 9
326 397 13
323 397 9
36 397 7
173 397 8
397 654 13
397 642 14
378 397 8
155 397 10
224 397 14
397 740 13
46 398 12
398 604 10
398 475 12
398 582 11
278 398 11
243 398 12
207 398 12
398 732 12
75 398 14
399 423 15
399 716 12
399 422 12
399 722 11
399 401 9
385 399 11
399 428 10
214 399 12
275 399 14
242 400 14
400 618 14
400 438 8
79 400 10
400 710 11
256 400 10
400 401 9
400 475 8
159 400 8
297 401 14
401 735 9
401 421 7
401 695 11
401 412 7
401 719 14
401 659 6
73 401 11
97 401 11
401 544 12
329 402 7
382 402 10
402 456 11
335 402 12
270 402 12
402 500 10
42 402 9
402 658 8
371 402 10
190 403 11
338 403 8
126 403 6
403 689 10
403 553 12
403 676 14
210 403 10
403 740 12
404 551 12
215 404 10
404 486 8
237 404 6
252 404 13
404 623 8
404 526 11
82 404 9
404 489 13
405 594 11
405 562 8
405 623 13
405 440 16
308 405 11
21 405 10
1 405 12
37 405 12
83 405 9
405 630 7
406 471 9
311 406 11
406 469 12
406 707 14
30 406 9
406 720 11
406 597 10
406 451 11
406 573 9
110 406 9
406 700 11
90 407 11
199 407 13
137 407 13
407 690 13
407 706 11
407 713 10
407 445 6
407 450 7
48 407 9
407 587 9
407 680 11
408 412 11
408 453 10
111 408 13
408 732 10
112 408 11
408 601 9
408 679 14
408 459 11
131 408 13
148 408 15
290 409 13
207 409 10
68 409 9
321 409 13
330 409 12
409 560 14
399 409 9
24 409 10
293 409 13
198 410 10
128 410 10
122 410 9
166 410 8
138 410 12
410 649 7
12 410 9
410 534 8
245 410 8
164 410 10
410 501 13
411 696 10
173 411 13
411 614 11
347 411 11
411 569 13
411 549 12
276 411 12
400 411 9
205 411 14
411 547 11
138 412 7
412 521 13
412 601 12
314 412 14
412 610 11
412 542 12
356 412 12
52 412 5
352 412 9
412 548 11
67 413 7
23 413 13
296 413 9
149 413 11
273 413 10
413 437 8
413 473 8
413 732 12
413 664 8
154 413 11
61 414 9
186 414 8
116 414 9
264 414 10
208 414 9
414 604 12
414 475 13
58 414 10
414 476 9
414 518 12
58 415 10
415 717 9
415 505 6
415 497 14
120 415 10
29 415 10
415 657 13
415 490 11
190 415 8
415 441 9
416 687 8
8 416 9
177 416 11
15 416 13
392 416 10
116 416 10
416 561 9
416 713 10
22 416 10
173 417 9
417 526 7
417 486 9
361 417 12
417 581 9
283 417 15
79 417 8
146 417 11
120 417 12
85 417 10
418 643 12
418 685 11
418 539 10
418 652 13
122 418 12
339 418 9
100 418 11
418 522 12
418 492 8
419 524 12
419 543 8
385 419 12
304 419 11
157 419 10
156 419 15
419 431 11
419 639 12
419 567 10
419 523 12
419 508 9
420 736 12
287 420 10
420 739 6
420 671 10
420 744 11
174 420 13
420 517 8
420 748 11
420 525 10
279 421 12
89 421 13
421 445 11
126 421 10
421 481 15
421 428 11
421 588 12
421 489 13
421 466 10
92 421 9
357 422 10
23 422 11
86 422 9
422 593 10
401 422 10
403 422 13
336 422 9
422 444 12
274 422 12
422 450 8
236 423 11
51 423 11
423 692 7
54 423 10
423 736 10
99 423 11
423 576 10
423 727 13
44 423 8
259 423 7
423 749 11
112 424 11
424 560 10
424 677 6
318 424 12
192 424 12
235 424 11
2 424 10
392 424 10
424 727 12
307 424 8
425 714 11
305 425 11
355 425 10
425 679 9
425 629 14
425 585 10
177 425 13
372 425 11
275 425 10
425 639 10
426 581 9
426 484 10
426 745 10
426 554 10
426 701 13
46 426 8
87 426 10
426 711 7
426 435 11
426 710 8
267 427 14
171 427 6
427 604 11
427 534 8
427 556 7
427 573 12
397 427 9
113 427 14
262 428 13
428 544 11
428 702 12
149 428 10
428 745 10
428 596 10
428 607 9
428 522 11
139 428 7
429 670 10
51 429 11
13 429 11
429 508 10
112 429 11
273 429 14
387 429 9
83 429 9
383 429 8
429 549 16
196 430 12
35 430 13
430 434 13
63 430 8
311 430 11
430 647 12
430 493 14
236 430 12
297 430 10
315 430 12
92 431 11
431 690 10
349 431 9
431 660 9
222 431 8
362 431 11
431 603 12
218 431 11
310 431 8
49 431 10
431 608 10
84 432 10
432 635 11
147 432 13
242 432 13
179 432 10
432 465 14
432 530 10
432 708 6
433 449 6
82 433 10
433 609 12
259 433 11
433 702 10
330 433 10
433 459 10
433 522 9
433 525 12
14 433 10
308 434 10
57 434 9
280 434 10
434 729 14
211 434 9
434 692 10
207 434 10
327 434 7
247 435 13
286 435 12
7 435 7
204 435 14
61 435 9
274 435 11
435 575 13
435 518 11
435 559 9
26 436 9
150 436 10
436 502 13
299 436 13
436 459 12
436 580 7
10 436 12
165 436 9
366 436 11
423 436 11
109 437 15
274 437 12
187 437 8
81 437 9
164 437 12
101 437 10
131 437 14
23 437 12
437 621 10
97 437 12
374 438 13
438 616 13
438 536 13
108 438 10
297 438 9
438 689 10
129 438 10
151 438 12
160 438 13
438 709 10
438 501 11
439 466 8
439 697 7
17 439 9
7 439 13
439 734 10
439 500 11
439 533 10
110 439 10
390 439 10
439 567 9
436 439 11
323 440 12
226 440 6
440 594 10
440 502 12
440 496 11
131 440 11
97 440 7
102 440 10
62 440 9
206 440 7
440 690 13
440 442 12
441 483 12
435 441 11
441 584 9
360 441 10
441 555 12
441 569 9
365 441 13
21 441 12
274 441 14
441 554 7
442 495 9
183 442 11
442 537 10
442 735 8
123 442 9
311 442 8
442 474 11
403 442 11
405 442 10
443 665 9
310 443 10
443 448 9
443 705 11
271 443 13
443 535 12
192 443 11
243 443 9
443 476 12
444 694 10
444 612 12
444 544 9
237 444 11
416 444 9
90 444 7
279 444 11
178 444 10
445 482 11
445 710 11
445 536 12
37 445 6
445 544 8
94 445 9
146 445 10
445 494 8
445 509 12
445 570 7
51 446 11
179 446 9
61 446 9
429 446 9
290 446 11
349 446 11
289 446 9
402 446 15
446 744 11
397 447 11
355 447 8
277 447 11
65 447 12
351 447 13
75 447 11
334 447 11
447 604 14
448 520 11
448 634 9
248 448 8
277 448 11
203 448 12
340 448 10
448 575 15
448 482 12
121 448 12
436 448 14
143 449 13
363 449 12
160 449 12
449 553 10
415 449 9
449 454 8
38 449 12
46 449 10
113 449 12
20 449 13
65 449 11
417 450 10
450 492 12
302 450 10
450 730 13
425 450 11
450 498 13
450 658 8
450 683 8
90 450 9
450 598 11
160 451 9
451 524 11
451 545 14
451 590 10
119 451 9
96 451 10
451 463 12
451 688 10
293 451 13
451 682 9
424 452 11
298 452 12
359 452 8
452 721 11
452 739 8
103 452 8
174 452 11
196 452 11
71 452 14
203 452 11
452 543 8
453 644 12
334 453 9
259 453 9
90 453 8
401 453 11
23 453 13
319 453 10
262 453 12
446 453 8
21 454 9
454 585 10
359 454 10
148 454 11
454 671 9
355 454 11
400 454 11
264 454 9
455 482 11
270 455 8
455 659 10
455 641 10
53 455 13
181 455 11
211 455 10
300 455 12
455 663 12
455 726 8
456 561 11
403 456 12
456 597 12
186 456 9
338 456 8
430 456 12
456 483 11
456 636 9
456 572 8
457 645 10
54 457 7
56 457 8
291 457 10
304 457 13
45 457 9
293 457 15
153 457 12
224 457 11
457 567 10
362 457 12
378 458 14
458 589 10
177 458 8
434 458 11
269 458 8
453 458 9
3 458 10
336 458 11
131 458 12
458 512 9
458 465 12
320 459 7
376 459 10
459 737 10
413 459 9
184 459 7
382 459 10
90 459 11
459 497 12
459 733 12
200 459 8
104 459 15
219 460 12
281 460 8
142 460 10
460 733 8
460 693 10
311 460 6
460 594 11
372 460 11
211 460 12
279 460 15
70 461 11
34 461 11
461 684 9
461 569 11
23 461 8
461 583 12
410 461 12
201 461 14
384 462 13
462 474 12
246 462 9
462 494 13
462 525 8
462 517 7
344 462 11
187 462 10
462 667 10
142 462 14
462 569 12
463 531 10
463 612 12
91 463 10
463 558 9
463 513 9
57 463 8
229 463 10
463 656 11
60 463 8
464 627 9
112 464 11
33 464 10
464 709 13
318 464 9
58 464 9
90 464 11
464 548 12
464 567 12
3 465 11
101 465 7
230 465 11
405 465 10
62 465 12
465 691 12
465 538 11
465 613 11
148 465 12
465 659 13
466 610 13
466 693 12
194 466 12
281 466 11
248 466 12
224 466 13
466 619 10
466 689 9
339 466 8
237 466 13
467 699 10
76 467 13
467 716 10
290 467 7
467 600 11
69 467 8
467 696 8
457 467 10
412 467 13
79 467 11
467 567 11
468 560 13
468 589 12
94 468 10
224 468 10
81 468 7
421 468 11
126 468 8
468 527 10
468 506 11
418 468 12
468 489 8
387 469 13
226 469 10
75 469 10
469 706 12
469 691 6
35 469 10
469 655 11
175 469 10
469 569 9
469 723 8
23 470 9
367 470 10
338 470 7
427 470 12
470 749 10
294 470 9
470 573 10
416 470 8
134 470 10
264 470 12
470 739 7
333 471 13
345 471 10
471 722 8
379 471 7
471 728 9
321 471 9
471 620 9
356 471 13
471 498 11
471 584 12
471 565 11
358 471 11
207 472 11
92 472 9
388 472 11
313 472 9
372 472 10
472 629 10
472 549 15
472 666 12
472 554 11
219 472 11
191 473 11
240 473 9
344 473 12
425 473 13
445 473 13
473 671 11
473 738 14
473 692 6
338 474 12
474 521 9
246 474 12
333 474 10
189 474 15
474 632 10
474 627 14
228 474 8
84 474 8
474 659 13
58 474 15
47 475 10
474 475 10
475 657 13
451 475 11
475 687 10
265 475 8
318 475 9
223 475 10
475 626 11
40 475 11
424 475 11
476 704 9
476 509 10
154 476 14
476 597 10
476 520 10
165 476 9
115 476 15
476 491 13
409 476 12
476 692 12
223 476 9
477 626 12
131 477 9
477 682 7
144 477 10
477 611 16
217 477 12
427 477 10
477 499 9
477 645 13
211 478 13
478 490 9
117 478 11
151 478 14
478 614 8
478 519 5
478 480 9
478 661 8
478 565 11
153 479 14
479 738 12
479 668 9
145 479 12
445 479 11
479 701 11
377 479 10
86 479 6
479 572 9
479 553 11
479 718 10
360 480 10
480 616 7
223 480 16
290 480 9
237 480 8
480 567 11
480 667 12
480 488 11
480 516 10
358 480 11
347 480 13
480 533 9
257 481 12
332 481 11
27 481 12
481 488 10
481 489 10
142 481 11
146 481 14
481 523 12
103 482 6
135 482 10
280 482 11
195 482 9
472 482 10
228 482 12
482 529 14
482 723 10
148 482 12
10 482 12
332 482 12
319 483 14
483 535 9
483 496 11
483 488 11
260 483 9
338 483 10
483 551 8
481 483 10
290 483 10
470 484 10
392 484 11
143 484 8
484 745 12
106 484 12
246 484 8
484 509 7
484 538 8
66 484 10
314 484 11
238 485 9
102 485 12
411 485 12
7 485 11
485 515 11
430 485 10
485 673 7
254 485 12
350 485 11
395 485 12
60 485 13
297 486 8
351 486 10
440 486 12
420 486 9
486 493 7
249 486 12
6 486 11
184 486 10
486 551 12
486 593 8
412 487 9
487 552 10
238 487 14
280 487 10
383 487 12
487 492 10
322 487 11
487 533 10
29 487 11
366 488 10
20 488 12
488 656 11
488 680 8
101 488 9
302 488 13
143 488 9
488 628 10
137 488 12
488 625 10
489 714 8
280 489 12
489 653 8
489 658 9
8 489 11
162 489 11
489 701 11
42 489 14
489 720 12
347 489 12
489 579 12
412 490 16
444 490 13
326 490 12
387 490 12
490 708 11
189 490 13
490 723 11
490 667 10
276 490 12
356 490 9
469 490 12
307 491 14
19 491 10
228 491 7
51 491 12
491 741 14
491 532 10
103 491 13
491 610 10
134 491 10
304 491 14
318 491 11
344 492 9
30 492 11
492 595 9
69 492 7
298 492 11
474 492 10
201 492 11
191 492 10
48 492 10
492 508 12
152 492 9
322 493 13
114 493 6
117 493 13
170 493 11
297 493 11
245 493 9
493 505 9
493 601 13
403 493 14
187 494 9
494 520 13
494 620 8
494 547 11
482 494 10
423 494 10
262 494 10
488 494 11
89 494 6
252 494 11
308 495 10
297 495 10
299 495 7
434 495 9
170 495 13
310 495 13
495 701 12
453 495 7
253 495 10
281 495 11
464 496 8
452 496 12
363 496 13
496 711 13
496 619 11
259 496 11
27 496 11
496 669 10
401 496 11
72 497 9
497 583 11
497 734 13
319 497 9
24 497 9
497 667 10
497 573 11
497 733 7
12 497 13
357 498 14
498 587 7
498 600 15
300 498 9
142 498 13
498 562 9
30 498 12
498 742 9
499 720 10
438 499 8
311 499 14
499 673 8
499 736 10
499 604 11
442 499 11
210 499 11
14 499 9
497 500 13
50 500 12
500 530 12
298 500 11
273 500 11
144 500 8
158 500 12
464 500 11
500 558 8
500 652 11
468 501 14
269 501 9
501 626 12
191 501 11
501 506 11
426 501 11
106 501 9
151 501 8
192 501 10
359 501 10
6 502 13
481 502 8
502 517 10
267 502 9
34 502 14
155 502 13
502 678 12
300 502 15
134 502 8
227 503 11
166 503 12
445 503 10
503 628 10
347 503 12
58 503 9
381 503 13
503 721 14
264 503 11
503 631 10
504 722 11
440 504 13
13 504 8
344 504 10
340 504 10
237 504 9
504 654 11
453 504 11
224 504 6
504 598 12
504 549 9
505 602 12
505 701 11
505 712 10
417 505 10
90 505 13
112 505 12
64 505 9
254 505 11
314 505 11
481 505 13
181 505 12
383 506 15
506 663 11
391 506 12
506 529 14
497 506 12
506 561 11
502 506 12
23 506 8
506 732 11
219 507 11
453 507 11
66 507 10
140 507 12
39 507 12
507 607 13
507 573 9
245 507 11
507 523 8
507 707 10
303 507 10
388 508 13
508 679 12
18 508 11
275 508 10
299 508 13
508 536 8
508 588 12
508 545 7
509 628 10
303 509 15
48 509 12
31 509 11
365 509 10
285 509 9
509 706 13
509 680 9
328 509 7
142 509 10
201 509 10
494 510 10
232 510 10
185 510 13
107 510 8
400 510 8
510 623 11
340 510 13
510 723 12
254 510 14
511 692 9
426 511 11
511 719 9
112 511 11
44 511 9
235 511 10
50 511 9
16 511 12
163 511 10
55 511 11
512 743 8
512 523 12
512 683 11
413 512 11
512 569 13
29 512 11
404 512 11
253 512 12
239 512 15
184 512 9
513 668 12
191 513 12
513 634 8
513 722 7
513 537 8
56 513 11
494 513 11
513 541 13
182 513 7
5 513 12
513 734 8
514 623 8
232 514 9
342 514 12
514 595 11
183 514 14
399 514 9
330 514 9
83 514 12
514 565 12
367 514 10
515 590 8
515 519 12
515 578 7
51 515 10
515 637 10
515 671 14
256 515 12
127 515 11
515 589 13
314 515 9
404 515 9
516 587 12
511 516 11
516 676 14
91 516 8
456 516 11
516 549 13
13 516 6
206 516 9
451 516 9
429 516 12
81 516 7
190 517 10
314 517 11
273 517 12
459 517 12
124 517 9
380 517 14
69 517 13
118 517 13
218 517 11
517 666 8
518 536 14
52 518 9
348 518 10
309 518 11
518 717 10
158 518 9
518 731 7
518 729 12
383 518 11
241 518 10
507 518 10
269 518 12
391 519 10
519 724 8
519 746 13
185 519 12
152 519 9
4 519 11
519 738 8
57 519 9
218 519 10
428 519 11
228 519 9
143 520 12
423 520 9
216 520 15
226 520 12
492 520 9
414 520 11
170 520 9
357 520 10
76 520 10
228 520 14
421 520 6
232 521 10
24 521 9
154 521 14
309 521 12
318 521 15
357 521 7
280 521 13
495 521 10
139 521 9
0 521 9
521 708 14
349 521 8
522 562 13
42 522 12
136 522 7
522 531 6
471 522 14
57 522 10
323 522 9
444 522 13
304 523 11
523 665 11
20 523 9
314 523 14
87 523 9
137 523 12
523 662 14
453 523 10
523 608 11
213 524 7
465 524 12
421 524 10
396 524 9
258 524 12
190 524 9
524 557 8
338 524 11
234 525 10
379 525 10
446 525 10
272 525 12
138 525 11
0 525 13
318 525 12
152 525 11
525 574 8
289 526 9
334 526 9
112 526 11
201 526 11
526 743 11
116 526 12
526 612 10
108 526 11
337 526 15
526 689 9
527 546 11
311 527 8
147 527 7
527 635 10
44 527 12
404 527 12
262 527 11
376 527 12
51 527 13
257 527 12
5 528 12
275 528 11
367 528 12
528 548 9
528 600 12
34 528 13
528 717 8
398 528 13
279 528 9
150 528 9
200 529 9
431 529 13
283 529 11
152 529 13
357 529 9
167 529 11
529 712 13
141 529 11
529 558 11
419 530 11
530 605 11
436 530 13
530 647 12
154 530 7
195 530 11
530 606 11
530 556 13
322 530 12
330 530 11
176 530 15
200 530 13
531 708 14
498 531 8
499 531 10
531 664 7
411 531 10
361 531 9
90 531 13
3 531 11
370 531 8
199 531 8
94 531 13
532 554 12
298 532 8
430 532 8
532 666 7
116 532 13
80 532 12
532 749 11
242 532 7
254 532 11
512 532 12
178 532 9
214 533 11
533 742 11
29 533 10
39 533 10
250 533 12
246 533 6
25 533 9
44 533 12
208 533 13
410 533 10
17 533 8
533 638 6
281 534 13
181 534 11
228 534 10
534 560 13
460 534 10
534 670 11
49 534 9
534 584 7
92 534 11
534 704 11
256 535 12
252 535 10
248 535 8
501 535 10
83 535 7
535 740 11
444 535 10
30 535 13
192 535 8
535 550 12
535 645 8
250 535 7
281 536 13
48 536 13
373 536 10
194 536 10
442 536 12
165 536 9
296 536 11
89 536 13
248 536 10
536 633 10
509 536 13
536 641 11
537 627 7
71 537 13
139 537 9
537 741 11
236 537 12
163 537 12
67 537 7
537 685 9
537 712 11
255 537 14
538 587 12
381 538 10
538 658 14
28 538 12
514 538 9
284 538 13
261 538 10
538 667 9
530 538 8
248 538 13
233 538 13
228 539 9
60 539 9
534 539 8
517 539 11
193 539 12
438 539 10
275 539 11
539 667 10
6 539 8
49 539 14
352 539 9
540 549 10
307 540 13
78 540 9
443 540 12
540 631 12
165 540 10
540 623 11
196 540 8
130 540 11
304 540 10
161 541 12
205 541 11
228 541 13
0 541 13
541 567 14
482 541 8
489 541 9
227 541 11
494 541 7
327 541 13
542 709 15
434 542 14
266 542 12
123 542 11
140 542 15
141 542 13
241 542 9
250 542 11
507 542 13
542 588 7
357 543 10
481 543 10
132 543 8
439 543 10
527 543 8
244 543 13
543 555 12
28 543 12
467 543 8
543 691 9
544 631 10
544 642 12
544 671 11
476 544 10
186 544 13
382 544 10
276 544 10
59 544 9
274 544 8
499 545 7
302 545 7
459 545 11
463 545 6
545 745 13
545 547 11
502 545 12
87 545 12
545 639 12
455 545 10
429 545 8
520 546 17
436 546 11
544 546 8
391 546 9
546 722 14
500 546 11
498 546 11
321 546 9
481 546 12
281 546 10
509 547 12
133 547 12
228 547 11
547 701 9
147 547 11
547 695 12
286 547 13
432 547 11
547 712 10
242 547 12
45 548 8
234 548 13
478 548 12
313 548 8
548 697 13
359 548 10
500 548 12
145 548 9
317 548 8
549 605 10
39 549 9
115 549 14
415 549 15
265 549 14
43 549 12
286 549 10
450 549 10
288 549 7
83 549 13
47 549 10
454 550 12
550 747 8
81 550 12
550 710 7
304 550 12
489 550 8
314 550 10
23 550 12
293 550 12
274 550 13
550 688 13
186 551 13
551 737 18
323 551 13
405 551 6
309 551 14
551 742 11
270 551 9
551 579 9
214 551 10
391 551 10
335 551 9
300 552 8
30 552 12
68 552 13
63 552 11
465 552 11
552 695 12
177 552 13
373 552 10
492 552 12
484 552 11
466 552 11
260 553 10
553 693 7
128 553 8
553 655 13
313 553 16
553 746 8
292 553 10
177 553 10
254 554 13
31 554 9
411 554 10
554 634 10
217 554 11
256 554 10
554 569 11
554 615 11
225 554 9
17 555 10
96 555 11
555 637 7
496 555 10
340 555 8
191 555 10
298 555 11
555 675 11
176 555 8
506 556 8
139 556 9
87 556 11
197 556 10
556 708 8
556 727 12
556 568 7
393 556 14
201 556 6
278 556 5
147 557 12
184 557 11
178 557 10
557 636 11
350 557 7
268 557 13
557 729 9
304 557 10
157 557 9
344 558 10
558 724 12
558 690 13
558 658 13
22 558 10
145 558 13
338 558 13
558 725 11
558 707 8
558 656 9
558 726 10
217 558 12
559 606 11
171 559 14
143 559 10
559 704 9
559 573 11
395 559 11
559 686 11
449 559 9
128 559 11
559 637 9
385 559 11
556 559 14
317 560 14
560 744 11
163 560 7
477 560 10
276 560 13
427 560 13
368 560 10
359 560 14
560 579 12
419 560 13
319 560 10
323 560 11
255 561 7
5 561 12
287 561 9
412 561 11
72 561 10
176 561 10
561 570 11
561 568 12
17 561 9
6 561 9
184 562 14
562 665 11
562 601 10
265 562 10
32 562 9
338 562 12
228 562 10
562 604 11
383 562 12
60 562 10
563 726 8
334 563 10
176 563 9
521 563 14
563 626 11
118 563 11
319 563 8
109 563 7
274 563 14
166 563 10
563 583 9
133 563 9
564 680 11
564 572 9
510 564 9
241 564 9
564 741 10
502 564 9
512 564 10
121 564 11
246 564 9
370 565 9
565 695 10
183 565 11
565 722 13
341 565 13
417 565 12
565 611 12
237 565 10
182 565 11
565 668 9
566 606 11
566 573 9
545 566 13
304 566 9
258 566 12
269 566 12
566 733 12
322 566 15
566 684 10
311 566 10
422 566 7
417 567 12
337 567 14
228 567 8
489 567 10
440 567 10
554 567 13
108 567 12
347 567 9
277 567 10
493 567 9
535 567 13
162 567 12
390 568 10
34 568 7
474 568 10
245 568 10
80 568 13
439 568 11
224 568 9
484 568 11
342 568 11
536 568 13
282 569 6
474 569 11
371 569 10
304 569 13
492 569 11
256 569 11
557 569 9
430 569 10
569 621 10
478 570 13
226 570 10
504 570 10
570 652 8
244 570 12
136 570 11
372 570 13
522 570 9
363 570 14
395 570 11
126 570 11
571 630 11
571 694 10
419 571 12
571 652 8
149 571 10
52 571 11
15 571 11
571 635 8
306 571 12
571 574 12
296 571 10
404 572 12
170 572 10
572 627 11
415 572 11
572 648 10
262 572 12
299 572 12
572 586 9
572 667 13
522 572 7
572 623 8
558 572 10
394 572 12
536 573 11
386 573 10
153 573 7
322 573 9
278 573 9
573 576 11
75 573 9
573 702 12
573 699 11
573 709 13
573 664 10
574 575 9
227 574 8
511 574 11
417 574 13
518 574 12
574 664 13
74 574 10
498 574 9
264 574 11
97 574 14
398 575 12
575 676 9
430 575 12
269 575 12
509 575 7
528 575 12
575 584 8
575 713 9
575 737 14
21 575 7
498 576 13
54 576 8
576 667 8
576 748 8
83 576 8
368 576 12
162 576 11
577 732 12
153 577 11
577 653 9
458 577 8
75 577 9
577 741 13
5 577 8
113 577 14
577 716 11
577 646 11
162 578 11
163 578 8
451 578 9
280 578 9
225 578 12
60 578 12
308 578 8
358 578 7
426 578 9
68 578 11
544 578 11
379 579 11
240 579 10
309 579 9
138 579 7
183 579 13
398 579 10
579 706 7
526 579 6
262 579 10
580 583 11
580 594 8
321 580 9
580 600 10
400 580 8
580 608 7
3 580 11
175 580 11
185 580 12
359 580 8
13 580 9
38 581 10
581 615 10
476 581 12
114 581 11
581 669 9
581 675 9
578 581 7
581 641 13
410 581 13
581 728 12
196 581 8
581 705 12
582 676 10
288 582 13
582 672 8
582 645 12
195 582 9
449 582 12
582 623 10
313 582 10
35 582 10
583 604 11
583 617 6
583 598 10
583 677 10
214 583 13
174 583 9
135 583 10
145 583 10
188 583 10
583 717 10
33 584 9
584 586 11
584 598 8
275 584 11
23 584 11
325 584 7
493 584 10
261 584 9
295 584 12
432 584 9
358 585 9
482 585 14
412 585 14
536 585 13
239 585 12
246 585 12
171 585 8
186 585 13
52 585 11
93 585 11
544 586 10
51 586 11
380 586 9
506 586 10
396 586 10
586 705 11
70 586 9
586 649 14
215 586 9
490 587 15
363 587 11
371 587 9
29 587 10
180 587 12
154 587 10
114 587 10
220 587 12
587 712 10
587 679 7
306 587 14
562 588 10
588 685 10
588 720 11
331 588 13
230 588 7
588 679 11
588 735 11
588 607 10
424 588 12
588 678 11
397 589 13
268 589 10
589 656 12
429 589 11
116 589 10
69 589 11
589 734 11
589 660 11
1 589 10
311 589 9
172 589 11
91 589 14
133 590 17
383 590 9
363 590 11
590 627 11
121 590 8
161 590 10
92 590 10
487 590 14
531 590 8
523 590 13
435 591 8
265 591 11
453 591 12
591 668 15
527 591 10
509 591 9
52 591 15
237 591 9
59 591 9
425 591 11
52 592 12
310 592 9
267 592 9
592 720 10
439 592 10
592 608 8
87 592 15
374 592 10
149 592 13
250 592 13
367 593 15
186 593 10
593 642 10
81 593 10
97 593 12
154 593 14
440 593 10
568 593 8
593 735 7
108 593 10
513 594 16
447 594 10
594 626 7
538 594 14
318 594 11
397 594 8
235 594 4
483 594 12
565 594 8
435 594 9
351 595 10
487 595 11
413 595 12
595 648 8
140 595 9
82 595 10
137 595 9
78 595 10
520 595 12
236 596 9
158 596 11
596 710 11
144 596 11
222 596 13
334 596 12
237 596 9
149 596 9
424 596 11
180 597 9
442 597 13
66 597 9
151 597 8
141 597 9
577 597 12
403 597 9
302 597 10
242 597 9
597 606 9
152 597 8
388 598 11
87 598 10
423 598 11
34 598 11
475 598 10
101 598 14
302 598 12
549 598 12
45 598 11
240 598 12
541 599 9
152 599 8
365 599 10
454 599 10
599 622 10
272 599 9
55 599 12
27 599 9
599 694 13
565 599 11
159 600 10
184 600 9
379 600 13
175 600 12
169 600 7
288 600 11
419 600 12
318 600 11
356 600 11
516 600 10
146 601 8
134 601 13
252 601 11
601 645 11
321 601 9
178 601 11
235 601 11
310 601 7
315 601 14
602 637 12
363 602 7
238 602 12
602 617 12
272 602 10
416 602 9
288 602 9
133 602 8
436 602 12
245 602 10
419 603 13
87 603 10
353 603 13
588 603 12
401 603 8
598 603 9
377 603 11
528 603 10
603 619 10
77 603 11
184 603 12
102 604 11
74 604 14
604 622 12
604 654 10
195 604 15
535 604 12
193 604 15
462 604 13
604 627 10
311 604 11
188 605 9
332 605 9
557 605 12
602 605 9
450 605 9
57 605 9
404 605 12
385 605 8
605 672 12
243 605 6
606 610 13
606 629 10
227 606 11
606 677 9
255 606 9
417 606 10
606 615 13
189 606 12
258 606 12
152 606 9
323 607 13
155 607 10
534 607 12
57 607 8
498 607 12
159 607 10
0 607 11
607 670 12
447 607 11
427 607 11
133 608 7
608 662 11
256 608 11
608 736 11
608 749 11
344 608 8
303 608 11
170 608 9
608 737 9
547 608 11
140 608 8
520 609 9
362 609 9
106 609 9
115 609 13
161 609 12
609 735 10
578 609 13
580 609 12
609 712 16
428 609 10
544 610 9
604 610 12
462 610 7
532 610 11
122 610 10
535 610 11
610 669 9
171 610 12
316 610 8
518 611 7
208 611 12
168 611 10
597 611 13
611 658 12
176 611 15
120 611 11
560 611 10
611 685 12
612 635 12
585 612 13
560 612 9
391 612 10
480 612 9
29 612 10
586 612 11
103 612 11
420 612 8
599 612 7
484 612 7
508 613 11
296 613 9
125 613 11
420 613 10
613 665 9
103 613 6
31 613 10
183 613 9
137 613 15
421 613 7
242 614 8
192 614 9
207 614 9
614 677 7
614 710 10
614 643 9
293 614 13
66 614 12
18 614 11
425 614 10
614 701 11
78 615 9
71 615 9
481 615 10
451 615 12
174 615 11
477 615 11
57 615 15
154 615 14
332 615 15
424 615 9
616 622 10
616 652 11
514 616 10
317 616 10
564 616 8
578 616 15
268 616 14
148 616 10
302 616 13
420 616 8
594 617 13
447 617 9
100 617 9
321 617 11
130 617 9
617 693 10
79 617 11
399 617 15
86 617 14
466 618 15
221 618 10
482 618 11
87 618 11
185 618 8
565 618 12
259 618 15
71 618 13
220 618 10
578 618 11
410 618 8
314 618 11
166 619 9
222 619 10
528 619 14
619 649 13
327 619 10
566 619 15
562 619 11
619 668 9
537 619 11
168 619 13
406 619 13
408 620 9
620 638 11
165 620 13
51 620 11
15 620 10
270 620 11
620 705 14
251 620 12
571 620 6
530 621 11
220 621 12
234 621 8
562 621 10
456 621 11
117 621 15
451 621 10
153 621 9
566 621 9
258 621 12
109 622 6
622 740 10
286 622 15
407 622 14
250 622 13
622 726 9
91 622 6
294 622 11
120 622 8
184 622 9
623 713 10
530 623 10
580 623 9
361 623 6
147 623 12
622 623 13
237 623 10
189 623 11
18 623 8
623 650 10
417 623 11
558 624 11
480 624 13
624 664 10
624 636 10
483 624 14
81 624 12
267 624 8
355 625 10
387 625 11
571 625 11
19 625 9
243 625 10
173 625 9
79 625 10
625 630 12
569 625 13
554 626 9
359 626 11
237 626 7
528 626 11
247 626 11
106 626 11
626 655 13
497 626 11
131 626 10
387 627 10
627 669 8
96 627 12
627 745 11
209 627 8
252 627 12
25 627 7
627 663 11
151 627 11
202 627 11
165 627 10
374 628 11
384 628 10
596 628 11
44 628 12
628 736 13
628 733 12
119 628 10
567 628 6
575 628 12
277 628 12
164 629 7
260 629 9
423 629 6
76 629 9
515 629 12
629 641 13
393 629 9
629 703 11
326 629 14
378 630 13
458 630 10
326 630 12
74 630 11
630 738 11
203 630 11
170 630 9
630 672 8
14 630 12
431 630 14
179 631 11
112 631 9
631 732 10
99 631 9
458 631 11
471 631 10
131 631 3
166 631 4
203 631 10
314 632 11
366 632 13
230 632 7
112 632 10
632 697 15
389 632 13
310 632 8
459 632 10
504 632 10
632 690 12
176 633 14
597 633 12
158 633 12
633 702 13
360 633 11
30 633 12
414 633 10
633 691 7
633 652 10
120 633 10
494 634 7
634 649 11
634 742 10
505 634 10
176 634 10
613 634 6
489 634 10
342 634 11
634 727 11
634 718 11
381 635 6
404 635 9
635 703 9
533 635 10
635 691 10
135 635 12
545 635 9
327 635 9
558 635 12
368 635 11
218 635 11
593 636 9
241 636 10
636 737 11
636 719 9
15 636 14
629 636 8
636 745 13
278 636 11
14 636 9
55 636 14
238 637 9
637 665 10
272 637 11
457 637 7
28 637 7
78 637 10
315 637 8
565 637 9
637 737 14
609 638 10
638 658 12
157 638 10
638 717 9
638 680 10
146 638 10
159 638 13
273 638 9
481 638 11
521 639 11
55 639 11
117 639 13
522 639 12
61 639 7
370 639 11
622 639 11
627 639 13
582 639 6
268 639 12
118 639 8
281 640 7
251 640 10
368 640 12
35 640 9
471 640 11
266 640 8
161 640 10
30 640 10
269 640 9
389 640 10
613 640 10
159 641 11
602 641 12
132 641 12
204 641 10
502 641 12
178 641 9
126 641 13
53 641 10
198 641 13
226 641 7
641 691 9
232 642 10
22 642 12
368 642 13
339 642 13
233 642 13
260 642 9
333 642 12
98 642 9
459 642 12
642 723 13
115 643 7
503 643 9
491 643 10
247 643 11
332 643 14
643 735 11
461 643 9
309 643 9
292 643 7
643 680 12
643 726 12
592 644 14
452 644 12
144 644 14
644 666 12
564 644 9
224 644 7
97 644 15
301 644 8
18 644 10
363 644 13
474 644 14
502 644 12
496 645 6
262 645 11
191 645 11
645 719 11
551 645 9
164 645 12
555 645 14
637 645 8
184 646 10
580 646 9
568 646 8
32 646 15
646 676 10
65 646 11
331 646 10
205 646 12
624 646 10
468 646 13
647 726 9
99 647 10
303 647 9
627 647 11
170 647 8
440 647 10
185 647 14
647 703 11
361 647 10
619 648 10
318 648 8
424 648 12
648 653 9
495 648 12
302 648 14
323 648 10
73 648 11
553 648 10
275 648 14
649 746 11
127 649 7
618 649 7
3 649 10
216 649 8
96 649 8
91 649 8
212 649 11
456 649 11
217 649 12
483 649 12
304 650 14
277 650 9
398 650 6
562 650 11
579 650 11
159 650 13
551 650 13
570 650 10
420 651 8
641 651 17
169 651 9
319 651 13
651 695 11
432 651 8
585 651 14
11 651 13
176 651 12
274 651 8
484 651 10
328 651 10
489 652 14
355 652 7
66 652 11
231 652 12
212 652 13
460 652 11
652 736 9
531 653 8
281 653 13
295 653 10
653 728 10
653 740 12
176 653 14
9 653 10
82 653 8
86 653 10
67 654 11
3 654 8
491 654 13
214 654 10
315 654 8
654 699 12
101 654 9
302 654 13
654 735 10
482 655 9
58 655 10
123 655 10
615 655 10
608 655 10
48 655 10
424 655 10
611 655 15
655 666 15
655 713 13
326 656 8
581 656 10
583 656 10
79 656 13
149 656 10
484 656 12
440 656 12
565 656 11
248 656 7
320 656 12
657 709 12
383 657 12
459 657 10
7 657 12
438 657 13
278 657 9
616 657 10
365 657 12
158 657 12
80 657 10
340 658 12
194 658 12
658 730 11
464 658 12
60 658 12
170 658 7
425 658 13
283 658 10
658 676 8
358 658 10
205 659 9
659 682 10
24 659 13
252 659 13
2 659 12
426 659 8
296 659 9
368 659 12
159 659 5
538 659 10
457 659 11
530 660 8
632 660 11
594 660 14
660 698 12
163 660 11
548 660 9
383 660 11
495 660 8
152 660 9
17 660 9
344 660 8
614 661 9
298 661 10
238 661 11
86 661 9
153 661 9
552 661 10
409 661 13
400 661 9
661 684 16
127 661 14
463 662 9
217 662 13
334 662 11
571 662 10
320 662 9
240 662 9
297 662 13
125 662 11
462 662 11
662 705 6
97 662 8
414 663 15
391 663 12
244 663 7
362 663 6
182 663 11
464 663 9
557 663 11
33 663 10
189 663 9
64 663 12
170 664 13
219 664 11
501 664 14
136 664 7
296 664 10
172 664 9
128 664 9
664 722 10
460 665 10
559 665 12
326 665 12
301 665 11
22 665 11
266 665 10
391 665 7
486 665 10
244 665 11
263 665 10
485 665 9
95 666 10
633 666 9
408 666 9
213 666 13
132 666 8
386 666 10
640 666 10
257 666 11
58 666 11
330 666 10
159 667 12
278 667 7
35 667 15
365 667 8
499 667 8
182 667 14
378 667 12
667 704 10
183 667 12
6 667 11
113 667 11
376 668 13
532 668 12
58 668 9
558 668 11
294 668 10
388 668 11
150 668 14
435 668 16
544 668 11
295 668 13
74 668 10
460 668 11
448 669 13
128 669 11
300 669 11
422 669 12
85 669 13
427 669 12
512 669 11
81 669 12
304 669 8
240 669 9
134 669 11
670 701 10
249 670 8
626 670 11
670 740 12
593 670 9
34 670 7
452 670 10
125 670 11
233 670 13
670 692 7
310 670 10
620 671 14
342 671 9
316 671 9
262 671 11
671 734 7
313 671 6
626 671 12
231 671 9
260 671 10
438 671 13
340 671 6
264 672 7
491 672 11
254 672 10
255 672 10
479 672 11
399 672 7
575 672 11
154 672 12
480 672 12
502 673 12
493 673 10
533 673 10
387 673 10
454 673 5
156 673 10
391 673 13
432 673 14
673 745 10
673 694 6
49 673 9
228 673 11
20 674 12
339 674 11
353 674 10
87 674 9
674 684 17
573 674 9
590 674 11
551 674 10
634 674 10
493 674 10
321 675 13
569 675 11
175 675 10
365 675 12
293 675 11
359 675 12
231 675 10
326 675 12
346 675 11
236 675 12
675 721 11
78 676 8
316 676 9
272 676 10
89 676 11
615 676 12
61 676 9
676 705 11
269 676 11
231 676 10
436 676 12
148 676 15
565 676 7
412 677 13
451 677 11
502 677 9
598 677 11
367 677 11
165 677 12
218 677 9
151 677 13
213 677 10
529 678 13
678 749 7
351 678 11
677 678 8
629 678 10
600 678 10
632 678 10
339 678 13
679 709 11
297 679 7
247 679 10
195 679 9
503 679 12
128 679 13
624 679 10
311 679 13
210 679 11
181 679 5
426 679 11
322 680 13
137 680 15
507 680 13
584 680 7
530 680 10
671 680 12
570 680 10
680 718 10
345 680 7
66 680 8
598 680 7
655 681 7
681 718 9
183 681 9
194 681 12
249 681 7
638 681 11
184 681 12
270 681 11
45 681 7
494 681 11
267 681 9
534 682 9
549 682 14
673 682 13
346 682 6
26 682 11
130 682 11
267 682 14
272 682 10
658 682 10
682 692 7
85 682 13
396 683 11
51 683 12
106 683 14
462 683 10
326 683 9
642 683 11
500 683 10
683 735 11
527 683 9
389 684 13
427 684 8
124 684 8
578 684 7
656 684 9
106 684 9
610 684 13
290 684 12
540 684 13
425 685 13
249 685 9
232 685 15
685 717 11
685 744 13
119 685 12
93 685 8
5 685 9
378 685 11
102 686 7
258 686 13
74 686 12
287 686 9
628 686 12
85 686 14
337 686 10
507 686 9
573 686 10
350 686 11
132 686 11
509 687 10
212 687 13
473 687 10
247 687 13
51 687 14
228 687 10
687 716 11
139 687 7
52 687 11
201 687 12
529 687 12
621 688 10
17 688 11
566 688 9
513 688 14
237 688 9
476 688 12
159 688 9
618 688 7
89 688 7
642 689 9
123 689 12
226 689 10
636 689 12
50 689 14
268 689 11
29 689 13
678 689 13
689 691 11
347 689 12
66 690 10
501 690 11
353 690 7
385 690 8
153 690 9
16 690 13
68 690 13
656 690 10
190 690 9
391 691 13
558 691 13
38 691 10
135 691 11
144 691 9
310 691 15
167 691 9
260 691 8
356 691 11
594 691 9
478 691 8
525 692 10
686 692 11
221 692 11
692 712 11
163 692 9
640 692 8
497 692 11
359 692 6
312 692 12
305 693 14
146 693 9
487 693 12
507 693 9
191 693 12
693 708 12
317 693 13
184 693 6
693 710 9
45 693 11
460 694 9
81 694 11
351 694 10
694 704 12
272 694 13
48 694 10
478 694 9
366 694 10
693 694 11
344 694 12
622 695 6
690 695 10
562 695 8
544 695 10
214 695 14
695 715 8
29 695 11
127 695 9
471 695 9
695 748 9
174 695 9
493 696 12
98 696 10
90 696 10
414 696 12
416 696 11
362 696 10
74 696 9
18 696 11
206 696 10
171 696 8
107 697 11
2 697 11
398 697 11
298 697 12
591 697 12
198 697 12
484 697 12
86 697 8
697 715 10
505 697 11
524 698 13
484 698 9
634 698 11
69 698 11
108 698 10
18 698 9
321 698 9
626 698 11
240 698 10
428 698 11
382 698 11
699 709 9
488 699 12
380 699 10
417 699 10
665 699 9
633 699 9
114 699 7
157 699 9
697 700 13
38 700 11
366 700 11
83 700 9
77 700 14
286 700 10
700 718 12
612 700 11
395 700 14
624 700 10
85 700 13
679 701 9
81 701 12
690 701 14
413 701 15
99 701 11
196 701 12
701 737 9
26 701 15
6 701 12
702 706 10
15 702 5
342 702 10
80 702 12
149 702 8
642 702 9
443 702 14
544 702 13
437 702 11
116 702 10
469 703 10
30 703 10
31 703 10
645 703 12
409 703 11
489 703 8
470 703 9
89 703 7
637 703 8
382 704 6
479 704 10
71 704 12
294 704 10
29 704 10
535 704 11
378 704 12
304 704 11
37 704 13
143 704 12
160 704 11
705 719 12
212 705 15
689 705 6
319 705 12
705 725 15
38 705 10
406 705 8
338 705 10
474 705 11
570 705 6
350 706 13
392 706 12
325 706 15
502 706 8
530 706 13
343 706 9
706 749 10
689 706 9
194 706 13
249 706 9
148 706 10
576 707 11
618 707 13
202 707 10
591 707 13
626 707 13
707 723 9
286 707 11
316 707 6
522 707 10
450 708 9
655 708 9
379 708 10
33 708 12
347 708 13
572 708 14
708 735 13
339 708 13
519 708 11
242 708 10
400 708 11
436 709 11
311 709 13
2 709 14
79 709 10
77 709 10
532 709 9
656 709 10
709 735 16
170 709 12
123 710 12
200 710 9
51 710 9
210 710 11
551 710 13
142 710 15
489 710 11
561 710 13
689 710 9
510 710 9
412 710 9
199 710 14
628 711 12
281 711 8
98 711 11
538 711 7
580 711 12
455 711 9
445 711 9
306 711 10
331 711 6
150 711 11
712 739 12
142 712 11
535 712 11
539 712 13
712 716 11
154 712 11
421 712 13
35 712 14
670 712 9
318 713 12
19 713 8
612 713 11
89 713 11
40 713 10
68 713 10
167 713 9
546 713 12
542 713 12
652 714 12
459 714 9
241 714 13
95 714 9
166 714 10
302 714 9
83 714 11
604 714 12
551 714 11
6 714 8
129 714 10
575 714 12
100 715 10
340 715 8
664 715 11
123 715 6
144 715 14
284 715 8
228 715 9
223 715 7
48 715 12
637 715 10
489 715 13
618 716 12
176 716 7
490 716 11
315 716 11
370 716 10
478 716 11
497 716 13
681 716 8
144 716 8
139 716 12
189 716 10
664 717 11
395 717 12
390 717 10
396 717 9
557 717 8
388 717 9
199 717 12
64 717 9
566 717 13
419 718 8
591 718 9
486 718 10
168 718 7
669 718 10
575 718 8
162 718 11
718 736 10
375 718 12
443 718 9
20 719 7
558 719 9
30 719 12
151 719 12
2 719 12
394 719 7
150 719 7
462 719 8
537 719 10
102 719 10
287 720 11
273 720 9
221 720 8
298 720 14
361 720 10
251 720 8
500 720 14
669 721 11
125 721 9
613 721 8
472 721 11
397 721 11
463 721 12
313 721 13
239 721 11
639 721 9
721 734 13
651 721 11
401 722 12
33 722 10
659 722 10
715 722 11
186 722 13
127 722 8
332 722 10
131 722 12
425 722 9
81 722 13
25 722 13
91 723 7
421 723 9
99 723 13
257 723 9
156 723 14
647 723 12
501 723 10
269 723 9
299 723 12
723 724 12
318 723 11
267 724 11
350 724 9
152 724 10
533 724 15
565 724 14
439 724 10
317 724 14
280 724 10
138 724 8
8 724 12
7 725 11
167 725 10
261 725 10
73 725 8
361 725 7
292 725 9
425 725 10
199 725 12
396 725 13
417 725 8
88 725 7
444 726 9
53 726 7
488 726 12
315 726 6
577 726 12
328 726 7
209 726 12
713 726 9
518 726 5
354 726 10
406 727 10
442 727 11
422 727 8
630 727 14
394 727 11
636 727 11
26 727 9
368 727 9
171 727 15
695 728 11
122 728 7
473 728 7
642 728 13
245 728 12
595 728 9
707 728 10
348 728 7
714 728 12
169 728 10
528 728 11
729 738 10
190 729 9
195 729 11
577 729 13
367 729 8
229 729 15
351 729 8
368 729 12
25 729 13
453 729 16
495 729 11
496 729 11
671 730 9
580 730 11
62 730 12
517 730 13
237 730 11
672 730 9
13 730 8
444 730 9
81 730 12
127 731 11
264 731 9
268 731 10
192 731 8
19 731 16
647 731 12
650 731 11
670 731 11
674 731 12
324 731 10
214 731 10
535 732 11
665 732 7
567 732 13
657 732 10
98 732 10
546 732 9
212 732 9
718 732 10
487 732 12
118 732 12
520 733 10
256 733 11
252 733 11
529 733 10
492 733 5
162 733 12
303 733 8
708 733 11
341 733 7
328 734 11
677 734 7
719 734 9
562 734 8
424 734 11
366 734 10
616 734 11
226 734 11
23 735 15
553 735 10
39 735 11
413 735 12
303 735 9
234 735 10
283 735 14
169 735 10
360 735 12
602 736 9
62 736 13
480 736 11
397 736 10
671 736 7
487 736 13
173 736 11
189 736 10
714 736 11
75 736 11
516 736 10
601 737 14
547 737 11
220 737 9
166 737 10
287 737 10
404 737 12
543 737 8
700 737 8
365 737 12
73 737 7
565 738 11
360 738 11
250 738 12
615 738 13
255 738 10
584 738 12
723 738 7
335 738 10
48 738 11
309 738 12
154 738 13
521 739 14
79 739 12
313 739 8
601 739 12
445 739 10
59 739 12
117 739 9
125 739 9
345 739 10
148 739 10
60 739 9
503 739 11
61 739 7
149 740 11
526 740 8
687 740 9
168 740 14
349 740 10
481 740 11
223 740 12
196 740 12
660 740 9
509 740 8
668 740 15
409 741 13
225 741 14
387 741 10
242 741 11
284 741 9
289 741 12
614 741 10
563 741 11
67 741 13
170 741 9
741 742 7
312 742 12
335 742 13
401 742 9
590 742 10
723 742 11
76 742 9
627 742 12
637 742 10
293 742 11
197 743 10
508 743 8
263 743 12
516 743 8
247 743 13
403 743 12
679 743 11
34 743 13
359 743 10
388 743 10
372 743 14
107 743 12
283 744 15
269 744 7
636 744 12
400 744 10
364 744 11
495 744 9
689 744 11
620 744 13
397 744 11
14 744 8
404 745 10
18 745 11
277 745 10
106 745 8
62 745 12
569 745 11
576 745 12
159 745 12
126 745 14
582 745 11
25 745 11
29 746 10
674 746 9
702 746 9
416 746 8
676 746 11
715 746 14
367 746 8
87 746 10
333 746 12
726 746 9
301 747 10
666 747 12
574 747 13
82 747 13
217 747 11
21 747 10
124 747 9
383 747 12
52 747 10
736 747 9
554 748 13
203 748 12
318 748 9
140 748 13
660 748 11
126 748 7
296 748 10
158 748 7
350 748 11
95 749 12
370 749 10
674 749 8
555 749 11
361 749 9
529 749 11
477 749 11
634 749 11
258 749 8
368 749 11
