750
0
8
10
4
3
5
1
8
6
1
6
6
1
1
6
5
9
8
6
5
2
2
8
7
9
6
1
5
7
7
6
7
8
7
1
6
1
4
3
5
10
5
4
3
2
5
2
4
4
4
4
10
8
6
3
7
6
5
5
6
9
2
2
4
5
8
3
3
8
2
9
8
4
4
10
9
3
3
5
6
7
3
4
4
3
3
6
6
9
3
7
1
2
6
5
3
9
9
7
9
9
9
7
2
4
3
5
1
5
7
2
4
7
6
6
2
6
5
8
10
8
2
9
6
8
2
7
7
4
8
1
4
5
2
5
9
5
8
5
5
8
8
3
10
7
8
5
9
2
6
4
3
1
5
7
8
2
4
10
1
7
1
9
2
4
6
3
10
7
4
10
6
3
4
2
6
6
5
8
8
2
8
9
5
4
4
9
10
9
10
4
9
4
7
10
4
7
2
10
8
8
4
9
2
9
2
3
8
3
6
9
4
7
5
3
10
4
9
7
10
5
8
7
4
6
6
3
3
5
6
6
9
7
2
8
6
9
10
9
8
9
3
2
3
8
7
9
1
10
7
3
6
3
7
3
9
2
2
4
4
5
3
4
4
9
1
9
10
4
2
1
4
8
6
4
5
6
5
8
8
2
8
1
2
9
4
5
9
1
3
1
10
8
9
3
1
5
4
3
5
8
9
7
8
5
1
9
10
7
2
3
3
5
9
7
9
4
7
7
9
9
3
4
9
9
6
7
7
7
6
8
3
5
3
2
7
6
10
7
4
8
7
9
7
7
6
6
7
2
6
7
5
4
5
9
8
9
7
5
3
5
6
8
2
9
2
3
1
3
4
6
5
10
1
10
8
6
8
9
9
2
8
8
5
7
7
7
6
9
3
5
7
5
4
2
5
10
7
6
6
5
7
1
8
9
6
6
4
4
6
7
3
6
4
5
7
7
5
2
5
10
7
4
8
6
7
5
10
2
2
10
2
6
1
7
2
2
2
10
4
4
5
1
9
5
9
9
3
1
4
9
8
9
1
9
9
7
5
4
7
1
1
9
8
5
7
7
9
3
4
3
10
7
1
5
2
2
5
5
2
5
3
1
8
6
6
3
5
4
3
3
7
3
9
6
1
6
2
4
3
5
3
8
8
4
2
5
7
5
5
3
3
7
5
4
4
10
5
9
7
1
5
9
6
4
5
7
6
8
5
8
6
8
3
2
2
3
9
4
8
3
7
7
5
4
2
5
5
10
4
7
1
3
9
8
4
4
3
8
6
2
6
6
3
6
6
1
8
3
8
5
9
10
2
3
9
4
8
2
5
3
10
9
4
3
10
5
6
7
5
6
8
6
9
6
5
6
7
4
3
2
2
3
8
10
3
5
8
3
7
5
3
5
1
2
3
2
9
5
5
7
2
10
8
3
3
6
5
5
6
4
3
2
1
2
9
10
1
3
3
1
7
6
10
9
3
7
8
3
3
6
5
1
4
2
2
2
3
9
9
7
3
1
8
10
4
9
2
5
6
3
7
7
5
9
4
8
7
3
2
6
5
2
9
9
3
6
10
3
3
5
9
4
2
2
4
6
4
2
5
6
8
10
6
1
6
8
6
6
5
2
5
9
9
6
9
10
9
10
3
10
8
9
6
6
4
8
9
3
4
7
8
1
9
5
8
5
3
5
2
4
8
9
9
9
5
2
9
4
5
0 127 8
0 566 11
0 649 10
0 7 13
0 504 12
0 415 9
0 207 10
0 661 11
0 40 8
0 204 13
1 349 9
1 743 10
1 154 13
1 504 7
1 53 16
1 468 11
1 584 13
1 192 12
1 263 14
2 66 11
2 607 8
2 256 10
2 149 12
2 605 8
2 73 10
2 738 9
2 194 11
2 317 13
3 403 5
3 302 7
3 511 12
3 427 12
3 473 11
3 688 11
3 532 9
3 701 12
3 103 14
3 189 11
4 725 11
4 308 6
4 122 11
4 168 14
4 102 14
4 549 13
4 364 10
4 606 10
4 140 9
3 4 14
5 528 10
5 69 13
5 182 13
5 540 11
5 587 12
5 702 6
5 225 12
5 377 11
5 490 12
5 297 10
6 643 11
6 744 14
6 685 13
6 162 9
6 697 10
6 694 11
6 641 10
6 133 10
6 612 11
6 368 8
6 26 10
7 546 9
7 694 7
7 66 6
7 342 9
7 733 14
7 345 11
7 173 10
7 653 11
7 667 12
7 518 8
8 257 14
8 617 12
8 358 9
8 652 9
8 80 8
8 127 8
8 14 14
8 710 11
8 291 10
8 551 12
8 729 9
9 409 11
9 156 8
9 160 10
9 574 14
9 602 11
9 131 8
9 629 7
9 204 10
9 623 9
10 533 11
10 736 11
10 558 8
10 709 9
10 601 9
10 646 11
10 55 9
10 81 8
10 490 10
10 482 11
10 698 12
11 406 11
11 477 12
11 347 8
11 399 15
11 690 14
11 714 9
11 266 9
11 564 14
11 664 9
11 424 11
11 556 11
12 162 10
12 471 8
12 185 11
12 593 13
12 317 10
12 312 13
12 42 15
12 198 10
12 342 9
12 375 15
13 636 10
13 132 9
13 438 13
13 542 9
13 75 11
13 470 8
13 338 11
13 126 7
13 559 13
13 41 11
13 17 8
14 310 13
14 592 13
14 658 13
14 661 9
14 337 12
14 384 10
14 303 8
14 518 8
14 30 12
15 718 10
15 228 11
15 218 11
15 494 7
15 84 11
15 354 13
15 68 10
10 15 6
15 477 9
15 374 12
16 494 10
16 226 5
16 377 12
16 433 8
16 581 13
16 229 10
16 199 9
16 676 6
16 98 11
16 253 11
17 669 9
17 617 10
17 173 10
17 588 8
17 157 12
17 513 12
17 634 10
17 431 11
17 698 12
17 107 11
17 233 11
18 712 8
18 171 9
18 385 10
18 246 7
18 244 9
18 699 11
18 295 8
18 619 12
18 578 9
18 672 9
19 675 10
19 365 13
19 24 10
19 475 10
19 526 7
19 629 7
19 280 12
19 531 12
19 413 9
20 49 12
20 65 11
20 366 12
20 349 13
20 414 13
20 21 12
20 42 10
20 682 10
20 485 12
20 589 10
21 171 11
21 655 11
21 484 9
21 718 11
21 168 7
21 575 9
21 524 8
21 605 9
21 689 10
22 73 10
22 274 12
22 308 13
22 115 13
22 269 10
22 83 5
22 606 11
22 590 11
22 188 11
22 72 11
23 344 14
23 53 10
23 340 10
23 69 12
23 557 9
23 621 10
23 90 12
23 358 10
23 685 13
23 559 9
24 718 8
2 24 11
24 204 9
24 160 11
24 140 12
24 627 8
24 408 11
24 404 9
24 583 10
11 24 9
24 395 13
25 142 13
25 68 10
25 598 11
25 736 12
25 34 7
25 373 10
25 410 7
25 212 13
25 294 8
25 477 11
25 50 7
25 346 11
26 296 10
26 680 13
26 65 13
26 40 12
26 573 10
26 90 16
26 210 7
26 293 10
26 683 11
26 328 12
26 203 7
26 39 14
27 129 10
27 327 14
27 707 11
27 570 10
27 673 14
27 169 11
27 273 10
27 30 12
27 279 13
27 562 9
28 310 13
28 746 11
28 217 12
22 28 11
28 374 9
28 383 12
28 441 10
28 290 14
28 412 5
28 247 13
29 564 14
29 317 10
29 559 13
29 491 12
29 349 10
29 276 10
29 215 11
29 363 12
29 642 10
29 728 11
29 669 8
29 584 8
30 503 11
30 608 8
30 282 11
30 119 9
30 731 6
30 251 10
30 85 11
30 353 13
30 600 9
30 742 13
30 370 12
30 739 12
31 373 10
31 365 15
31 379 8
31 485 10
31 669 13
31 556 12
31 456 10
31 471 15
31 246 13
32 126 10
32 649 9
32 173 13
32 371 8
32 478 11
32 201 10
32 58 15
32 355 9
32 467 9
10 33 10
33 257 11
33 502 9
33 700 9
33 555 10
33 533 7
33 655 9
33 219 8
18 33 10
33 227 14
33 556 9
34 257 10
34 491 8
34 225 8
34 431 12
34 481 10
34 71 9
34 275 12
34 429 11
34 537 11
34 298 11
34 295 11
35 644 11
35 740 12
35 723 8
35 460 10
35 98 15
35 206 10
35 224 8
35 643 10
35 713 12
35 173 9
36 647 8
36 523 8
36 558 8
36 366 9
36 690 10
36 489 10
36 66 13
36 370 10
36 107 11
36 418 8
36 96 9
37 368 11
37 88 11
37 663 9
37 271 8
37 635 9
37 482 11
37 119 7
37 691 13
37 332 14
37 81 13
38 150 8
38 343 9
38 471 8
38 505 11
38 178 6
38 423 11
38 233 11
38 585 10
38 373 7
38 482 14
39 252 11
39 481 7
39 659 11
39 696 11
39 640 9
39 692 12
39 341 13
39 549 13
39 569 10
39 487 13
40 304 11
40 660 9
40 564 11
40 718 9
40 286 12
40 253 11
40 553 10
40 403 13
40 383 10
40 630 9
4 40 9
41 722 12
41 747 8
41 246 12
41 717 10
41 413 10
41 442 10
41 531 8
41 142 11
41 75 11
41 102 15
41 448 9
41 247 12
41 558 13
42 741 13
42 555 13
42 104 11
42 710 11
42 407 9
42 662 11
42 488 10
42 475 14
42 318 10
43 353 14
14 43 9
43 509 9
20 43 7
43 512 13
43 647 12
43 391 11
43 738 13
43 646 11
43 689 11
43 601 11
44 285 9
44 70 9
44 142 11
44 330 10
44 478 13
44 244 10
44 591 15
44 175 11
44 668 10
45 382 10
45 78 9
45 745 13
45 331 8
45 459 11
45 58 8
45 485 10
45 205 11
45 195 8
45 336 11
46 484 13
46 537 6
7 46 9
46 498 9
46 336 11
46 626 11
46 619 10
46 56 9
46 207 15
47 431 11
47 62 7
47 588 11
47 155 11
47 207 8
47 138 7
47 214 8
47 200 10
47 270 10
47 529 9
47 561 14
48 453 7
48 501 11
48 254 13
48 424 11
48 118 13
48 238 8
48 396 11
48 376 12
48 395 8
49 588 7
49 62 11
49 148 10
49 262 9
49 189 13
49 603 10
49 738 11
49 436 12
49 539 11
50 659 10
50 439 13
50 225 11
50 54 8
50 551 12
50 97 9
50 361 11
50 347 9
50 257 8
51 474 11
51 373 11
14 51 8
51 456 10
51 499 11
51 585 14
51 538 7
51 511 11
51 186 11
51 721 8
52 726 8
52 188 11
52 255 9
52 304 10
49 52 11
52 654 11
52 253 11
52 606 11
52 232 14
53 420 10
53 559 13
53 691 9
53 513 11
53 740 9
53 114 11
53 80 11
53 185 15
53 280 12
53 196 9
53 656 10
23 54 9
54 270 10
54 280 10
54 734 11
54 437 11
54 644 11
54 565 11
54 350 5
54 554 8
54 579 10
55 614 10
55 167 7
55 178 11
41 55 10
55 160 13
55 318 14
55 172 9
55 329 7
55 199 9
55 121 12
24 56 14
56 416 14
56 438 12
56 172 10
56 167 10
56 233 12
56 435 12
56 171 11
9 56 12
56 718 7
57 357 5
57 592 9
43 57 11
44 57 12
57 145 11
57 690 11
57 300 10
57 548 10
57 191 11
57 466 12
57 210 8
57 310 9
58 558 8
19 58 14
58 84 10
58 284 12
13 58 8
58 424 10
58 697 12
58 265 4
58 642 6
59 539 12
59 274 12
59 203 9
59 123 7
59 683 11
59 651 12
59 702 11
59 153 12
59 177 7
60 417 12
60 596 10
60 688 9
60 479 10
60 437 11
60 589 8
60 590 7
60 191 10
60 154 11
60 440 11
61 689 8
61 668 10
61 133 11
61 505 15
61 540 14
61 105 10
4 61 10
61 621 11
61 678 10
61 704 9
61 688 9
62 73 15
62 439 14
62 142 10
62 227 13
62 639 12
62 428 8
62 194 12
40 62 9
62 415 10
63 275 10
63 82 13
63 659 7
63 261 10
63 118 9
63 514 10
63 697 11
63 264 10
64 578 11
64 443 12
64 627 10
64 172 8
64 123 11
64 747 6
64 80 6
64 683 9
64 515 13
64 118 9
28 64 14
64 503 12
65 354 11
65 360 13
65 281 10
64 65 11
65 588 8
65 192 12
65 93 8
65 731 11
65 510 14
18 65 10
10 66 11
66 519 13
66 541 13
66 724 9
66 200 14
6 66 13
66 468 13
66 735 13
66 474 11
67 279 10
67 109 8
56 67 10
67 710 11
67 594 13
67 282 9
51 67 14
67 623 12
46 67 13
68 349 10
68 326 13
68 622 10
68 129 10
3 68 14
68 327 9
68 623 9
68 288 12
68 380 7
35 68 11
69 406 9
69 233 11
69 419 11
69 167 8
69 195 10
69 369 11
69 119 8
69 515 8
69 423 7
70 735 13
70 393 12
70 261 12
70 123 11
70 671 12
14 70 9
70 617 8
70 235 12
16 70 10
71 264 11
71 724 13
71 701 11
71 549 10
71 348 7
10 71 10
71 418 11
71 75 11
71 554 10
44 71 8
72 694 12
72 265 11
28 72 11
72 110 7
72 287 6
72 81 11
72 295 11
72 381 12
72 333 13
72 628 11
72 744 13
73 429 11
31 73 11
73 280 11
73 737 12
73 497 15
73 625 13
37 73 9
73 445 9
73 498 15
73 564 12
74 571 7
74 537 12
74 731 11
74 556 10
74 314 9
74 685 14
74 327 14
74 321 12
75 586 10
75 391 14
75 442 11
75 512 9
75 502 12
62 75 8
75 459 12
75 180 13
75 701 11
75 405 12
75 457 13
76 611 11
22 76 8
76 710 10
76 443 11
76 183 15
76 433 9
76 682 10
76 87 11
76 272 10
76 647 11
5 77 11
77 686 6
77 96 10
77 710 9
77 698 13
77 258 7
77 601 16
77 321 13
77 685 11
77 190 11
78 586 11
20 78 12
78 216 12
78 330 13
78 305 10
78 413 13
33 78 11
78 307 14
78 377 13
79 317 10
79 265 15
79 742 12
79 582 11
79 113 12
79 281 12
79 277 9
79 659 10
79 185 14
80 339 10
80 273 10
57 80 11
80 517 13
80 580 10
80 206 11
80 417 9
80 686 10
80 257 12
80 235 12
80 162 8
81 475 10
81 724 11
81 655 11
81 679 9
81 385 10
81 449 13
81 463 10
81 83 12
81 240 13
81 578 11
82 688 7
82 550 9
82 456 9
82 418 10
82 359 11
82 96 12
82 691 13
82 102 6
82 530 10
83 470 11
83 623 8
83 575 12
83 591 11
83 504 9
83 594 9
83 411 10
83 633 9
83 266 6
83 273 5
83 262 12
84 682 11
84 299 10
84 250 10
84 339 11
84 216 13
84 470 9
84 732 9
84 489 8
84 474 12
85 311 11
85 608 6
85 145 8
85 440 10
82 85 13
85 421 10
85 253 11
85 748 15
85 160 9
77 85 8
86 417 11
86 600 11
86 390 11
86 558 11
86 152 8
86 729 15
86 716 11
86 163 9
58 86 10
86 174 8
87 716 11
87 560 11
87 353 12
87 394 9
87 254 10
87 719 8
87 266 10
5 87 9
87 198 10
87 570 9
88 178 6
88 711 9
88 412 11
88 284 9
88 392 13
88 737 10
88 339 10
88 248 9
66 88 13
88 192 4
88 305 13
75 88 12
26 89 9
89 539 9
89 338 8
89 698 15
89 301 13
89 469 8
89 672 11
89 650 10
89 472 10
89 255 11
12 90 13
90 606 12
90 614 9
90 160 11
90 342 11
90 571 14
90 526 9
90 187 12
90 401 6
91 550 10
91 457 9
91 198 10
91 111 14
91 672 11
91 215 13
91 556 11
91 411 11
45 91 11
91 541 11
36 92 11
10 92 9
92 687 11
92 131 11
92 223 10
92 160 12
92 355 11
92 268 11
92 643 13
92 202 14
92 661 11
92 379 10
93 564 14
30 93 8
93 161 12
93 717 10
14 93 11
93 229 13
93 384 9
93 236 12
31 93 11
93 326 6
93 122 9
87 94 13
30 94 8
94 626 13
94 462 9
94 741 14
94 670 8
94 574 9
94 272 10
94 468 12
95 392 6
95 538 12
42 95 11
95 340 7
40 95 9
95 216 8
3 95 14
95 316 13
95 245 12
95 585 9
95 332 14
96 346 10
96 246 14
96 362 8
96 575 7
96 181 13
96 100 9
96 177 10
96 252 8
97 360 8
97 124 12
97 585 7
86 97 9
97 564 10
97 356 9
97 231 8
97 357 9
97 214 8
97 194 12
97 153 6
98 197 11
98 310 13
98 619 11
98 692 10
98 236 11
98 513 10
98 225 10
98 462 12
98 322 8
98 477 13
99 197 11
99 669 8
99 621 7
99 436 9
99 187 6
99 639 12
99 578 12
99 403 7
52 99 11
100 480 9
100 416 10
100 583 11
100 475 9
100 495 12
83 100 4
100 655 9
100 163 7
100 195 11
100 347 9
100 607 10
101 105 11
56 101 13
101 467 10
70 101 9
101 451 13
101 714 13
101 232 11
101 745 10
101 581 9
102 645 10
102 227 10
102 217 7
102 533 11
102 225 12
32 102 11
55 102 12
102 238 7
102 130 11
102 569 10
102 415 11
103 377 13
103 422 10
103 567 12
103 281 11
93 103 13
103 617 13
67 103 9
103 211 12
103 461 11
104 553 8
104 262 10
104 466 12
104 198 10
104 432 10
104 433 11
104 555 10
98 104 11
104 273 10
104 387 12
104 532 10
104 452 10
105 465 14
105 535 11
105 396 12
105 650 10
105 382 15
105 122 11
105 678 10
105 394 10
44 105 13
106 130 8
55 106 11
106 256 10
106 203 12
106 253 12
106 277 10
106 619 10
106 498 12
106 662 11
106 747 11
107 596 14
107 406 12
107 192 9
107 547 12
107 151 7
107 470 12
83 107 6
107 346 15
4 107 13
108 535 10
78 108 7
103 108 11
108 154 10
108 179 11
108 621 12
67 108 11
108 260 13
108 681 12
0 109 11
109 695 13
25 109 9
109 703 8
65 109 11
109 145 8
109 387 13
109 402 14
109 516 12
109 417 10
110 449 8
110 489 13
110 208 10
110 594 9
110 491 8
110 116 11
110 334 12
110 426 7
110 163 12
111 644 10
111 745 10
111 316 8
111 690 10
111 611 11
111 425 11
53 111 9
111 333 14
111 356 14
112 450 9
112 624 9
21 112 11
112 582 9
112 114 14
112 381 11
112 668 11
3 112 11
112 470 11
112 680 10
113 344 12
113 523 11
113 633 13
113 702 10
113 680 11
113 729 8
34 113 11
113 601 10
113 155 11
113 475 7
113 313 9
114 470 6
114 660 10
114 716 10
7 114 12
114 129 15
114 609 13
114 460 9
114 680 14
115 705 10
115 483 10
115 460 11
115 439 11
115 382 7
115 345 11
115 299 11
115 146 8
116 472 10
114 116 10
116 444 8
116 320 11
42 116 8
116 607 13
22 116 10
116 118 9
116 426 11
116 550 13
117 628 14
117 634 10
117 712 13
117 631 10
117 571 13
117 731 12
111 117 12
117 255 13
117 629 8
117 641 15
117 179 11
31 118 9
118 353 10
118 145 13
118 692 10
9 118 9
84 118 9
118 466 12
118 352 12
118 192 10
118 364 11
118 708 10
103 119 13
119 543 10
104 119 12
119 154 7
119 702 9
119 590 10
119 679 11
119 552 13
120 138 10
120 482 13
120 373 12
120 212 13
120 403 8
120 656 16
120 594 9
120 509 10
120 718 10
120 259 9
18 120 9
121 583 12
121 304 9
121 664 12
121 545 8
121 471 11
121 223 8
121 124 12
121 697 12
13 122 11
122 349 14
72 122 8
122 289 11
122 453 10
122 139 13
122 370 13
122 384 10
122 176 11
123 539 11
123 381 9
123 500 8
68 123 12
94 123 7
123 652 11
123 204 16
123 639 14
123 679 7
123 158 10
123 591 9
123 473 11
124 170 9
124 322 9
124 484 12
76 124 7
124 202 11
124 286 12
17 124 14
124 442 8
124 425 10
124 160 9
124 444 16
124 301 9
125 320 12
125 583 9
125 396 11
81 125 11
125 354 10
114 125 12
91 125 7
125 729 10
125 297 10
92 126 6
126 247 11
126 230 13
126 547 10
126 534 12
126 322 14
116 126 9
126 469 9
126 166 9
127 713 10
127 566 8
127 409 10
127 584 13
127 683 12
127 530 12
127 428 11
23 127 11
127 217 12
128 215 12
128 205 9
128 373 10
128 609 14
128 717 14
128 522 11
128 692 11
128 433 10
128 533 10
128 278 12
129 652 10
129 614 12
129 541 12
129 640 6
129 679 12
129 418 9
129 563 8
108 129 11
129 342 8
98 130 11
130 433 10
130 648 8
130 153 15
130 241 12
130 742 8
20 130 10
3 130 11
130 275 8
60 130 14
130 727 12
131 512 11
131 665 10
131 737 8
131 668 15
131 744 12
131 549 9
131 411 12
131 497 9
14 131 9
131 248 10
131 302 7
22 132 13
132 502 11
132 142 11
132 616 12
48 132 10
132 242 10
132 532 9
132 303 11
2 132 10
132 216 12
133 704 8
133 453 14
133 621 11
133 394 9
133 694 10
133 568 12
133 624 13
133 326 12
134 707 11
41 134 15
134 254 10
134 153 10
129 134 9
134 440 12
134 212 11
134 286 15
116 134 11
135 210 14
135 553 9
7 135 11
135 699 13
135 707 7
110 135 10
135 571 9
135 182 9
12 135 9
135 605 10
123 135 7
136 220 9
12 136 8
136 260 12
136 332 10
89 136 10
136 419 12
136 172 16
113 136 10
53 136 14
136 599 11
136 373 9
137 232 6
137 329 12
137 625 10
137 417 9
137 229 10
21 137 3
137 530 9
137 640 10
138 376 11
138 475 9
138 425 12
138 471 9
138 309 10
138 609 10
138 589 13
138 268 11
138 612 8
139 658 12
139 456 12
139 705 7
139 227 15
139 697 10
139 717 14
139 195 12
139 468 11
63 139 9
139 746 12
140 579 12
140 641 8
140 583 11
92 140 13
115 140 10
140 439 12
140 549 10
140 721 10
140 659 9
141 703 9
141 485 11
141 564 14
141 526 9
141 341 10
141 216 10
141 208 10
116 141 11
141 567 13
141 319 8
142 449 9
142 369 14
142 528 9
142 493 12
142 348 12
142 271 9
142 367 10
142 357 10
142 462 13
142 593 13
142 298 12
135 143 11
143 148 13
143 522 11
127 143 10
143 671 14
143 222 10
143 508 7
143 244 10
143 688 10
143 569 9
5 144 7
144 367 9
144 513 13
144 365 10
20 144 11
128 144 10
144 259 10
144 298 12
144 348 14
144 154 8
144 721 9
145 172 8
145 531 7
145 147 10
145 726 7
22 145 11
90 145 9
145 278 8
145 571 10
145 684 10
145 357 12
3 145 11
146 626 8
146 309 14
26 146 11
66 146 9
146 207 10
146 698 8
146 540 7
146 186 8
22 147 13
147 397 8
147 579 11
147 386 8
147 223 10
147 481 9
147 701 10
147 358 10
147 487 8
56 147 13
148 620 13
148 422 9
148 361 13
148 744 12
148 409 7
148 207 13
148 390 8
148 329 11
148 638 10
148 699 9
148 553 11
149 545 10
149 646 12
149 251 11
149 256 10
149 321 11
94 149 12
149 681 11
76 149 11
42 149 8
149 294 9
149 282 12
98 150 10
150 154 11
150 571 11
101 150 15
11 150 8
150 617 12
150 407 10
150 747 13
41 150 7
150 263 11
150 560 11
150 496 11
151 598 10
151 178 12
151 255 10
151 699 13
151 163 8
151 732 7
151 677 13
93 151 12
151 453 9
55 151 7
151 293 10
142 151 10
152 280 11
152 357 7
152 714 12
152 230 14
152 670 9
152 233 8
152 623 10
152 594 10
152 523 9
152 455 11
152 577 11
153 191 13
153 347 9
153 180 11
153 679 6
153 241 12
153 437 10
153 371 10
153 187 8
153 420 9
153 623 12
153 739 14
0 154 11
154 329 11
154 669 11
154 326 7
154 531 13
154 542 9
154 437 10
154 498 12
154 681 8
154 351 10
154 706 10
155 533 12
155 517 8
155 290 11
27 155 5
155 482 12
53 155 8
31 155 7
155 481 9
155 343 12
155 157 8
155 605 11
156 348 10
98 156 10
156 457 13
156 286 12
156 623 9
156 315 13
156 459 10
156 602 10
61 156 8
156 643 11
37 156 13
157 239 7
48 157 10
157 339 11
157 389 8
157 582 9
28 157 11
132 157 13
157 293 7
157 311 9
158 337 8
115 158 12
158 312 10
158 589 14
158 560 11
158 175 9
0 158 9
158 259 11
158 327 9
158 374 7
158 492 14
159 525 8
159 540 10
159 490 12
159 564 13
159 651 9
159 261 10
159 572 13
159 276 11
159 404 10
159 227 8
84 159 10
160 498 9
160 502 9
160 177 11
160 707 9
160 173 10
160 732 12
51 160 7
6 160 6
160 344 8
161 275 14
161 313 11
161 300 11
161 468 9
161 538 11
161 682 12
161 549 8
67 161 12
54 161 9
161 644 11
162 360 10
162 437 9
162 470 15
81 162 10
162 371 8
162 602 9
162 471 8
134 162 11
162 645 13
162 205 10
162 557 11
162 729 10
163 452 8
163 435 8
163 717 9
163 454 10
163 234 14
163 437 10
163 176 12
163 486 8
163 255 8
163 581 7
20 163 13
51 164 11
164 391 9
164 194 9
164 739 11
164 224 10
164 473 12
164 481 10
164 660 10
127 164 11
165 444 11
165 465 10
118 165 11
165 398 12
165 594 10
165 432 10
165 372 9
145 165 11
165 250 7
165 485 10
58 165 12
166 456 12
166 226 10
166 472 9
166 696 11
166 565 12
166 237 11
166 547 14
166 725 8
166 450 11
167 331 11
117 167 10
167 172 8
167 627 9
167 685 13
33 167 11
75 167 11
167 605 9
167 554 10
168 277 13
168 742 13
165 168 12
168 317 10
168 722 10
139 168 12
168 179 7
168 435 11
90 168 10
168 617 13
169 240 12
169 197 12
169 716 9
169 741 10
169 617 12
169 233 9
169 625 12
169 387 11
169 740 8
67 170 9
170 353 13
170 191 9
34 170 10
170 532 11
170 422 10
40 170 9
105 170 9
170 342 12
171 417 9
145 171 13
171 591 14
171 339 12
171 229 10
84 171 11
171 626 9
171 424 11
39 171 13
171 643 8
171 687 8
138 172 9
172 749 9
172 691 11
172 655 9
172 252 9
172 654 10
12 172 9
172 300 12
172 602 9
94 173 9
173 317 9
173 185 12
173 220 10
127 173 12
8 173 9
173 412 13
173 493 11
173 274 14
173 736 8
173 305 7
174 313 11
174 492 8
174 266 9
14 174 10
13 174 12
146 174 10
174 325 12
174 568 10
174 400 8
174 390 10
175 463 10
175 388 12
170 175 10
175 617 12
175 493 11
40 175 11
175 667 9
175 668 9
175 516 8
176 297 12
0 176 7
53 176 9
13 176 8
176 475 11
176 236 12
47 176 10
176 206 9
176 288 8
177 542 10
113 177 8
19 177 10
177 700 13
177 677 12
177 325 11
126 177 8
177 338 10
177 588 11
177 541 12
178 356 12
178 503 12
178 731 13
178 494 8
178 568 11
178 574 10
178 244 7
178 557 13
178 360 8
167 178 8
178 366 11
179 335 12
179 305 8
179 537 9
116 179 10
179 525 12
33 179 11
179 405 14
179 385 12
34 179 13
179 301 7
166 179 15
180 713 12
128 180 9
173 180 10
180 533 9
64 180 9
180 341 11
180 355 14
180 200 8
180 709 9
180 210 10
64 181 8
16 181 11
89 181 11
181 572 10
181 522 10
181 552 17
181 259 12
88 181 9
181 682 9
181 612 11
181 740 11
157 182 14
182 252 9
182 543 8
18 182 12
182 649 15
60 182 11
182 735 9
182 502 10
182 271 11
166 182 11
183 332 9
183 703 12
183 262 10
183 220 8
183 665 8
183 619 11
183 218 9
183 304 13
183 735 10
183 592 11
183 730 11
38 184 10
184 739 13
184 304 11
184 634 12
184 656 10
184 502 12
98 184 9
150 184 10
184 695 11
184 227 12
185 393 12
185 487 11
185 302 8
185 425 11
185 344 10
185 689 10
185 623 12
185 348 8
185 668 12
128 185 12
185 531 11
186 422 9
186 603 9
186 694 7
186 392 8
186 473 12
186 395 11
186 604 14
186 323 10
83 186 9
187 480 9
187 609 9
10 187 10
187 391 12
187 244 13
152 187 8
187 600 11
187 511 11
187 205 13
187 377 13
188 470 11
141 188 13
61 188 8
188 733 12
188 725 10
102 188 10
188 290 11
188 449 10
46 188 11
188 564 8
189 529 7
189 679 12
187 189 10
189 651 15
189 238 10
189 387 11
189 656 8
189 690 10
189 308 10
189 593 11
190 640 12
190 413 7
190 231 10
190 322 14
190 690 12
83 190 6
190 616 8
190 540 8
66 190 8
191 358 12
166 191 11
191 676 9
25 191 9
191 285 10
191 351 8
158 191 11
191 605 10
191 312 11
191 299 14
191 203 10
191 225 14
53 192 13
192 721 13
192 521 11
192 547 9
192 273 13
192 530 12
192 463 11
192 332 9
192 734 12
192 519 10
193 725 12
193 212 12
193 331 11
121 193 8
193 442 12
193 537 11
13 193 12
193 457 13
193 395 9
193 563 10
193 244 13
61 194 9
194 628 8
189 194 10
194 670 10
194 444 10
71 194 10
194 288 8
111 194 8
194 746 12
113 194 10
194 390 10
194 223 9
194 661 10
195 247 10
165 195 8
195 234 7
195 618 11
195 340 12
195 472 12
195 433 10
195 567 11
195 483 12
196 740 11
196 536 12
196 436 6
36 196 9
108 196 12
153 196 8
66 196 13
7 196 9
196 565 10
196 362 8
197 233 9
197 355 11
197 235 10
2 197 13
197 265 14
158 197 12
197 744 10
15 197 12
197 718 8
197 644 11
198 479 12
198 731 14
198 328 9
198 676 12
198 639 10
37 198 12
198 314 11
68 199 14
199 523 10
199 607 10
199 460 11
91 199 9
126 199 9
199 688 11
199 256 14
194 199 7
199 356 10
200 657 11
200 415 10
200 600 11
200 490 13
40 200 10
200 410 11
200 489 12
64 200 10
200 550 12
201 549 6
201 741 7
201 362 11
201 720 9
201 442 10
201 281 11
201 478 7
201 719 8
201 705 13
201 502 11
103 202 9
202 495 9
202 300 9
202 608 13
202 552 11
202 264 12
147 202 10
202 640 8
181 202 10
202 390 13
202 374 11
203 490 13
203 619 11
203 381 14
203 405 13
203 446 8
203 466 13
203 298 10
203 732 8
52 203 8
203 462 11
203 673 11
204 479 9
204 418 12
204 740 9
44 204 12
204 485 13
204 212 14
204 502 11
204 578 8
204 323 14
204 582 10
205 546 12
205 674 12
205 372 9
205 630 10
143 205 10
205 644 9
205 237 9
205 516 9
205 210 13
205 524 13
206 515 13
206 660 11
206 216 13
206 325 13
107 206 9
206 345 8
206 337 11
165 206 11
64 206 10
64 207 10
207 296 6
149 207 16
207 670 12
207 277 7
207 333 11
207 232 11
52 207 12
54 207 10
208 621 14
208 704 8
144 208 12
208 212 11
208 480 11
208 687 9
208 514 9
208 415 9
208 327 13
104 208 9
208 588 7
209 729 8
49 209 8
209 671 9
118 209 10
1 209 12
209 211 10
209 411 12
209 386 10
209 595 14
209 352 8
101 210 10
210 371 9
210 579 12
210 585 11
210 233 13
210 613 10
210 278 10
210 460 11
56 210 10
210 237 9
211 749 16
211 286 9
211 500 9
110 211 13
137 211 11
211 381 7
211 461 15
189 211 10
211 446 11
212 334 12
212 227 11
212 590 8
212 258 9
212 236 12
142 212 10
83 212 12
12 212 14
212 543 9
51 212 8
58 213 11
213 437 9
213 388 10
213 284 9
13 213 15
213 457 12
213 609 10
213 529 8
213 381 12
213 334 11
127 213 11
214 594 11
214 702 12
214 458 11
197 214 11
214 340 8
214 262 11
214 260 13
1 214 12
46 214 8
214 701 12
20 214 8
215 335 7
215 583 11
215 302 10
169 215 9
215 259 9
215 612 11
215 649 9
62 215 11
123 215 13
143 215 10
216 728 17
216 639 11
216 317 9
216 602 8
184 216 10
216 656 9
216 442 13
216 361 10
64 216 10
216 352 11
217 482 10
217 705 12
217 315 11
217 669 12
217 432 8
2 217 12
217 625 12
217 253 13
217 595 11
218 578 10
218 380 10
88 218 9
218 411 11
218 648 11
218 583 7
218 563 9
218 439 12
218 395 11
143 218 11
218 551 11
141 219 10
219 661 8
219 504 12
219 571 9
219 746 7
219 412 8
219 394 9
219 724 10
106 219 11
2 219 9
220 342 12
178 220 12
220 644 8
220 534 12
220 744 13
220 316 13
220 701 8
220 561 10
220 628 11
144 220 11
220 743 5
221 228 7
221 262 12
221 632 13
148 221 11
132 221 13
133 221 14
59 221 11
221 433 12
221 381 12
222 664 10
222 697 10
222 747 10
222 415 10
178 222 10
222 425 9
222 421 11
203 222 11
222 313 11
222 584 11
223 312 6
223 431 9
223 331 11
223 610 7
223 734 14
223 316 7
170 223 14
172 223 9
223 460 8
39 223 11
58 224 10
133 224 9
224 293 13
224 504 14
123 224 15
224 478 9
224 252 10
224 633 11
222 224 12
225 250 10
3 225 6
61 225 9
225 490 14
206 225 10
225 523 9
150 225 7
225 553 10
166 225 10
225 289 7
226 293 9
226 411 13
226 732 10
55 226 8
226 664 11
226 659 8
226 243 7
142 226 9
226 639 11
160 226 12
73 227 12
180 227 10
66 227 12
227 386 8
227 496 11
227 553 12
224 227 12
227 615 13
227 411 14
228 660 10
228 337 10
19 228 11
228 470 13
228 608 9
228 293 11
50 228 13
228 508 7
228 269 12
229 361 14
211 229 14
102 229 11
64 229 11
229 511 11
229 518 10
219 229 7
89 229 15
229 684 12
229 619 13
0 229 8
230 445 8
230 602 9
230 355 8
82 230 10
230 279 13
230 611 12
230 323 14
230 348 9
230 510 12
230 665 12
231 414 10
231 509 11
231 587 10
231 487 11
231 731 10
3 231 12
96 231 10
231 581 11
231 297 10
8 231 9
231 431 11
232 612 10
232 698 7
232 623 11
232 469 8
194 232 12
232 346 9
232 665 10
232 686 7
232 285 10
232 588 12
232 365 10
233 276 9
233 267 13
133 233 5
233 687 12
233 380 11
24 233 10
233 636 10
233 358 8
25 233 13
233 665 8
233 348 9
234 645 9
234 401 12
141 234 8
234 513 8
234 450 12
234 537 11
234 548 14
197 234 11
38 234 9
89 234 9
235 743 12
235 679 11
235 307 10
235 429 11
235 370 14
235 706 15
165 235 10
2 235 9
235 329 11
99 235 9
236 639 9
199 236 13
236 575 9
236 464 14
236 603 9
236 440 12
227 236 10
236 737 11
236 383 7
237 321 11
142 237 9
237 619 9
134 237 10
148 237 10
237 466 9
237 398 7
117 237 12
237 489 13
237 698 12
237 589 10
64 237 8
238 275 10
238 288 9
238 567 15
236 238 13
27 238 13
238 415 11
141 238 11
193 238 11
57 238 13
238 588 8
28 238 13
239 348 15
66 239 10
170 239 11
239 363 12
239 654 7
239 604 13
239 611 13
239 387 11
1 240 7
240 704 11
240 321 11
240 559 11
240 720 10
240 425 11
84 240 11
240 515 11
240 579 13
240 259 10
240 450 12
241 292 9
241 368 12
241 299 12
241 345 11
156 241 13
241 273 9
241 257 11
174 241 7
5 241 11
136 241 14
95 242 8
242 335 5
242 400 11
242 664 9
75 242 13
242 642 8
242 717 9
137 242 7
242 677 11
242 743 9
242 328 12
243 601 11
243 404 10
243 683 13
243 686 9
112 243 7
243 344 11
243 407 11
243 421 11
243 391 12
228 244 9
244 552 11
244 342 10
244 646 12
244 304 8
244 583 11
244 373 12
236 244 10
244 347 11
244 359 11
244 327 10
245 678 7
245 649 10
245 263 11
221 245 9
238 245 9
245 508 9
245 405 12
239 245 15
245 379 12
245 285 11
246 542 7
246 285 11
246 620 8
156 246 10
246 388 9
246 480 9
246 320 12
12 246 11
246 696 9
246 430 11
246 452 12
247 714 7
247 696 10
247 655 10
247 352 7
247 746 9
247 320 10
247 646 16
247 335 14
247 611 12
247 666 10
248 282 10
248 547 11
248 345 9
248 406 10
160 248 14
248 623 11
125 248 12
248 368 11
249 549 14
249 328 9
41 249 11
249 579 10
72 249 10
143 249 11
65 249 16
249 696 15
249 452 13
249 350 11
226 250 11
93 250 12
111 250 12
250 380 11
250 464 14
67 250 9
64 250 11
61 250 12
250 554 8
183 250 9
250 649 11
250 716 6
251 599 12
251 373 10
251 561 8
251 672 8
251 430 8
246 251 12
251 656 11
251 694 11
251 737 12
27 251 7
150 252 9
252 413 11
120 252 11
62 252 10
252 384 12
252 738 8
252 611 9
252 476 11
134 252 8
252 402 14
252 560 11
253 317 11
253 374 10
253 415 14
253 460 12
133 253 9
253 547 9
253 687 10
220 253 11
253 657 9
253 398 11
237 254 14
235 254 9
254 488 12
137 254 10
254 422 10
254 611 12
254 429 14
254 285 10
254 469 10
254 372 10
254 682 9
254 419 13
255 534 11
255 383 8
23 255 10
255 477 10
255 261 15
103 255 11
255 441 11
135 255 11
20 256 14
256 718 11
256 286 11
256 747 9
256 529 13
256 344 10
256 373 10
82 256 10
159 256 8
256 533 8
256 402 9
257 275 12
257 396 13
257 494 10
257 592 9
257 426 7
257 675 9
47 257 12
257 569 12
257 289 7
258 293 11
258 631 14
258 392 11
258 583 10
224 258 10
177 258 11
258 535 10
258 297 9
258 485 9
156 258 10
258 645 12
163 258 8
259 541 11
196 259 12
259 499 10
259 538 10
21 259 11
88 259 5
259 548 13
259 307 15
259 704 11
259 641 8
259 724 13
5 260 7
1 260 10
260 265 8
260 516 9
260 620 9
146 260 9
85 260 10
212 260 8
127 260 13
260 290 10
40 261 13
261 475 9
203 261 14
261 431 8
261 349 10
261 621 14
209 261 6
261 442 10
18 261 11
261 511 9
82 261 12
262 534 10
262 287 12
208 262 10
262 742 9
181 262 14
262 429 12
46 262 11
262 680 9
262 629 8
262 263 11
85 263 10
236 263 11
263 600 12
233 263 10
263 713 9
204 263 13
181 263 10
263 695 9
263 718 11
263 628 7
4 264 9
264 273 10
264 592 14
264 702 9
233 264 9
264 367 9
53 264 12
264 599 11
264 630 10
136 264 12
265 297 8
265 733 9
265 516 7
82 265 11
265 735 10
265 486 6
265 392 9
141 265 11
265 643 11
0 265 10
265 725 11
70 266 12
249 266 11
45 266 12
266 323 12
214 266 11
167 266 12
176 266 10
108 266 11
267 723 10
267 433 12
102 267 9
267 497 10
81 267 16
267 685 10
267 334 14
267 699 11
267 425 14
267 703 13
267 729 11
268 307 8
52 268 9
268 527 10
268 370 11
268 452 11
103 268 13
268 459 8
268 711 11
61 268 9
226 269 11
28 269 8
269 668 7
183 269 8
20 269 7
269 578 8
269 284 10
269 658 15
270 472 12
29 270 10
270 674 10
194 270 8
42 270 10
270 594 10
270 288 13
150 270 10
209 270 9
270 520 15
270 470 9
221 271 7
271 663 12
43 271 11
271 447 9
122 271 12
95 271 10
229 271 8
11 271 12
271 384 12
271 668 7
271 469 8
24 272 11
109 272 10
272 481 12
272 399 9
265 272 10
272 660 13
272 571 9
34 272 9
36 272 9
273 417 8
273 604 7
273 702 10
145 273 12
79 273 9
273 333 13
273 532 16
273 483 12
229 273 11
274 289 14
274 748 7
243 274 10
274 277 12
34 274 10
103 274 10
256 274 14
245 274 8
274 432 7
274 465 12
0 274 10
275 476 10
219 275 13
275 467 13
100 275 12
275 557 10
275 325 11
275 725 11
275 317 11
275 393 12
48 275 7
276 571 8
276 329 14
108 276 8
276 290 11
276 494 8
276 587 10
276 458 11
30 276 10
276 325 9
277 528 9
262 277 11
277 390 11
277 451 10
277 625 11
3 277 14
277 416 7
97 277 12
277 405 13
277 642 11
230 278 5
134 278 11
278 461 8
278 664 10
53 278 10
162 278 11
263 278 11
278 300 9
278 645 13
176 279 9
279 686 8
279 330 10
279 652 12
57 279 12
279 390 10
279 333 12
171 279 11
175 279 14
85 279 13
82 280 10
280 532 12
52 280 11
280 368 9
127 280 9
280 293 11
280 511 14
212 281 7
165 281 11
200 281 13
281 369 14
281 711 13
281 413 12
281 312 11
73 281 10
281 695 8
282 729 12
282 368 10
282 689 10
178 282 14
59 282 11
8 282 8
200 282 13
282 310 12
283 461 10
272 283 8
283 554 6
283 485 13
13 283 13
283 701 11
283 625 9
203 283 11
134 283 8
284 384 12
284 566 15
284 703 11
284 673 9
39 284 10
284 669 11
30 284 15
17 284 10
284 569 9
178 285 7
72 285 8
285 587 9
187 285 13
198 285 6
188 285 8
285 420 8
285 328 11
285 364 13
285 557 13
180 285 8
157 286 12
286 428 11
32 286 12
286 727 11
286 309 12
171 286 9
189 286 8
235 286 7
286 384 10
261 286 15
218 287 14
287 419 12
287 477 10
287 328 9
287 616 12
287 551 11
287 342 7
287 362 13
287 620 11
13 287 12
288 485 12
52 288 11
288 530 8
288 608 13
186 288 10
162 288 12
288 494 10
288 580 11
45 288 12
288 379 10
289 732 12
289 346 7
93 289 12
140 289 12
289 531 16
59 289 10
263 289 9
39 289 10
223 289 12
115 289 11
25 290 9
290 678 10
290 640 12
133 290 11
290 721 11
290 620 10
182 290 9
180 290 12
290 377 5
290 633 9
291 588 11
30 291 15
291 746 11
131 291 13
291 696 12
291 391 9
291 396 15
291 502 8
291 441 9
53 291 9
264 291 12
292 665 11
292 431 9
292 453 11
292 382 9
230 292 12
292 717 13
292 620 12
227 292 11
292 609 11
5 293 9
56 293 9
293 605 8
116 293 8
293 712 13
293 745 9
211 293 12
293 543 8
14 293 13
294 676 10
294 677 8
294 302 12
138 294 11
229 294 14
294 339 11
215 294 13
294 446 11
294 663 12
294 492 11
213 294 10
295 604 11
295 424 9
295 507 7
295 345 14
58 295 10
295 449 14
295 512 10
295 708 13
295 494 10
82 295 9
296 605 12
296 362 9
296 616 10
77 296 11
296 680 11
296 503 9
62 296 11
156 296 10
296 702 11
296 386 11
296 508 11
92 297 12
12 297 11
235 297 7
297 502 9
134 297 8
297 633 14
297 684 11
154 297 10
245 297 10
266 297 12
75 297 13
297 619 12
298 721 10
298 473 11
145 298 10
298 593 11
132 298 8
256 298 11
298 356 13
26 298 9
298 338 12
8 299 9
299 570 9
23 299 9
69 299 11
299 624 10
299 708 9
171 299 12
299 454 9
12 299 11
296 300 11
261 300 9
79 300 12
300 389 14
300 525 10
300 345 12
44 300 9
300 696 8
300 593 7
146 300 11
65 300 11
162 301 10
301 327 8
32 301 13
141 301 13
301 709 11
130 301 9
301 443 10
301 600 12
155 301 12
301 446 11
302 335 12
7 302 10
302 398 12
212 302 10
65 302 8
302 575 13
302 623 12
136 302 14
302 615 9
302 565 7
105 303 12
223 303 9
303 396 13
176 303 7
250 303 11
303 685 8
78 303 8
303 499 10
303 699 13
235 304 7
304 634 12
187 304 8
304 477 14
304 556 14
304 427 13
304 470 11
304 571 9
304 604 7
304 705 11
304 437 11
305 547 10
282 305 12
305 471 12
305 451 11
305 441 11
31 305 7
135 305 13
305 645 15
305 417 10
271 305 12
306 725 10
306 715 12
306 601 13
306 731 11
35 306 10
306 473 8
174 306 10
306 361 14
57 306 13
306 609 10
307 722 11
222 307 12
301 307 10
245 307 13
307 508 11
199 307 11
159 307 9
307 681 10
307 317 7
296 307 9
308 550 6
160 308 9
308 699 11
308 719 13
308 387 7
260 308 11
308 717 9
308 342 15
308 596 8
308 449 11
308 381 9
309 748 9
309 656 9
309 515 10
121 309 12
142 309 9
283 309 8
114 309 11
277 309 9
194 310 7
293 310 10
18 310 10
310 572 6
310 732 9
50 310 8
17 310 11
310 410 8
310 683 11
228 311 11
311 398 12
311 541 9
20 311 12
311 357 10
72 311 9
311 602 10
311 585 8
311 665 11
311 533 10
312 705 11
259 312 9
312 699 12
312 710 14
312 521 8
312 675 12
312 743 8
312 464 11
312 654 10
300 312 6
312 662 12
313 490 9
129 313 8
272 313 8
313 500 10
313 703 9
313 527 11
313 573 11
313 556 10
256 313 11
313 602 8
147 314 12
182 314 6
314 603 6
111 314 10
314 497 12
314 647 10
203 314 9
55 314 11
230 314 10
307 315 8
315 533 9
3 315 13
315 387 9
315 633 15
315 515 9
315 663 8
315 529 9
298 316 13
316 446 9
65 316 12
173 316 11
135 316 11
258 316 10
71 316 12
316 559 7
316 360 9
317 507 9
317 337 9
317 453 11
34 317 15
129 317 10
317 735 8
5 317 10
316 317 15
317 617 9
317 676 15
317 631 11
317 358 12
318 363 8
63 318 8
318 442 9
318 651 11
278 318 10
199 318 11
318 550 12
318 539 9
318 459 12
318 451 12
57 319 9
319 331 14
319 360 9
95 319 9
287 319 12
188 319 9
319 458 13
319 646 8
319 602 8
319 468 11
319 400 10
48 319 12
171 320 13
304 320 12
205 320 11
320 500 8
320 671 11
320 452 10
10 320 11
255 320 12
320 528 9
263 320 9
321 476 11
321 602 10
321 397 15
59 321 12
321 578 9
321 484 9
321 505 12
230 321 9
321 375 12
97 322 10
322 467 9
146 322 8
139 322 11
322 737 11
322 644 13
322 562 10
108 322 8
322 560 6
15 322 13
201 323 9
323 464 13
323 362 12
315 323 8
8 323 9
323 480 10
323 348 10
96 323 12
131 323 12
323 352 7
165 323 13
324 512 13
324 558 12
324 677 10
324 463 10
324 573 13
134 324 5
324 672 7
324 365 9
324 477 9
196 324 7
106 325 8
325 334 11
325 508 12
128 325 15
325 474 12
325 580 12
136 325 7
325 678 9
44 325 12
199 325 11
325 662 11
27 326 12
46 326 13
237 326 11
145 326 13
326 377 8
326 513 12
326 675 8
10 326 8
66 326 9
224 327 13
327 740 11
214 327 12
327 403 11
166 327 9
327 580 13
327 407 9
327 410 9
327 567 10
55 327 12
327 437 8
328 494 11
328 458 13
328 748 7
328 621 8
328 402 12
328 412 9
34 328 9
328 627 11
312 328 11
329 704 11
323 329 14
329 465 5
153 329 8
329 658 12
329 411 9
329 445 8
329 523 11
329 694 8
329 458 8
46 330 9
246 330 9
330 533 10
330 703 14
322 330 10
35 330 9
330 471 11
156 330 9
303 330 12
321 330 13
164 331 9
331 671 10
84 331 10
331 428 11
331 621 11
331 713 11
246 331 11
165 331 11
24 331 9
296 331 8
200 332 13
332 477 12
131 332 13
332 580 11
332 622 11
332 692 13
184 332 10
332 708 5
332 657 8
220 332 8
56 333 11
333 525 10
333 734 11
333 624 9
333 386 11
3 333 10
333 483 9
9 333 9
166 333 10
89 333 9
334 684 10
172 334 12
333 334 12
160 334 8
334 593 12
331 334 9
334 470 10
216 334 9
334 686 11
198 334 10
140 334 9
33 335 10
335 507 12
335 570 8
228 335 11
31 335 14
335 639 9
273 335 12
323 335 10
220 335 9
197 335 11
112 336 14
336 568 10
179 336 12
336 492 6
41 336 8
336 620 7
264 336 7
336 599 13
231 336 9
289 336 10
162 336 10
72 336 14
337 425 10
35 337 14
337 736 12
44 337 4
337 483 11
166 337 7
182 337 11
337 522 11
337 609 11
129 338 9
338 496 11
150 338 11
182 338 10
338 596 11
186 338 8
338 482 7
338 692 12
338 392 7
307 338 10
339 540 15
283 339 10
339 379 13
216 339 9
339 410 10
339 686 11
339 403 14
2 339 11
339 384 11
340 616 10
340 569 15
340 542 11
314 340 10
10 340 11
340 442 9
340 575 8
278 340 11
231 340 11
340 341 12
340 623 10
117 341 9
59 341 10
259 341 10
341 378 8
74 341 9
209 341 10
56 341 11
272 341 12
5 341 11
341 747 9
342 372 13
342 734 10
115 342 10
9 342 12
342 458 14
342 560 8
342 555 12
342 406 13
342 726 13
343 437 9
91 343 13
343 447 7
343 407 12
194 343 15
343 685 8
268 343 10
252 343 7
343 564 11
279 343 12
343 672 9
341 344 11
344 399 12
344 463 11
344 355 11
344 503 10
344 623 13
158 344 7
87 344 12
155 344 14
253 344 13
344 700 8
344 682 10
113 345 11
345 678 11
290 345 10
136 345 11
345 443 12
345 576 8
345 691 12
345 705 9
116 345 9
345 511 9
188 346 13
317 346 9
331 346 10
346 561 9
176 346 10
75 346 14
346 516 9
346 503 10
346 717 12
347 409 12
347 608 11
347 492 9
347 727 10
347 398 13
281 347 8
68 347 9
325 347 12
347 671 6
348 596 10
348 410 10
7 348 6
121 348 9
348 700 11
116 348 10
348 723 13
192 348 13
348 677 9
348 659 11
293 348 11
252 349 10
146 349 12
215 349 12
349 746 10
349 451 13
349 425 14
220 349 10
349 481 9
173 349 13
350 414 9
72 350 11
350 372 12
350 505 11
75 350 10
34 350 11
350 472 12
343 350 10
213 350 11
350 448 11
162 350 13
270 351 10
216 351 7
341 351 8
102 351 12
351 749 8
257 351 10
351 498 9
173 351 11
345 351 10
352 522 11
206 352 8
352 474 13
280 352 13
352 651 10
352 696 12
352 469 9
226 352 9
352 666 11
212 352 11
352 649 11
212 353 12
353 690 10
353 375 10
353 699 8
73 353 8
353 610 7
353 662 12
353 395 9
234 353 10
337 354 12
296 354 10
136 354 14
61 354 9
354 448 9
354 598 13
354 599 11
174 354 9
354 489 12
354 370 7
354 472 11
355 400 13
355 523 10
355 567 12
259 355 10
77 355 12
268 355 8
131 355 12
320 355 7
355 601 10
355 720 9
355 389 10
82 355 11
271 356 10
169 356 14
356 524 11
356 557 5
350 356 10
356 546 11
356 479 13
202 356 9
356 565 14
356 628 13
71 357 9
357 693 9
73 357 8
357 359 7
357 381 4
334 357 11
357 594 6
357 652 10
339 357 7
358 615 13
178 358 10
358 432 16
276 358 11
358 511 13
358 430 13
358 660 8
358 612 11
358 614 5
359 548 9
359 714 9
359 446 11
359 543 13
62 359 11
359 716 12
359 612 11
27 359 11
359 663 13
359 606 11
155 360 12
130 360 14
360 510 11
360 477 12
360 412 10
11 360 10
360 466 9
360 747 7
360 460 15
361 587 7
361 704 11
361 461 8
361 479 13
361 703 12
361 498 8
361 484 11
361 623 7
10 361 10
71 361 15
91 362 10
4 362 10
362 444 14
362 514 13
334 362 10
160 362 8
362 576 13
162 362 10
121 363 8
363 453 11
363 457 9
85 363 11
363 498 15
363 406 11
363 579 8
10 363 16
363 445 12
363 741 13
363 735 9
364 408 10
6 364 14
364 607 9
364 386 12
38 364 12
7 364 11
364 628 10
364 710 11
364 388 9
75 364 7
364 597 12
364 632 8
140 365 12
365 558 12
86 365 9
171 365 11
365 518 7
169 365 13
304 365 9
366 554 7
366 614 10
366 431 10
23 366 10
366 459 14
366 572 9
366 681 12
366 696 10
366 694 12
367 535 11
106 367 9
79 367 11
189 367 13
367 433 10
358 367 12
367 692 10
33 367 15
275 367 12
367 716 9
25 368 10
368 718 13
325 368 8
211 368 10
180 368 11
368 585 10
166 368 8
328 368 11
308 368 10
270 368 11
369 725 12
63 369 10
369 490 10
311 369 10
369 599 10
313 369 12
369 431 11
369 391 12
163 369 12
369 507 10
222 370 10
370 543 10
370 432 11
370 386 10
314 370 9
323 370 9
370 396 12
370 675 10
355 370 12
146 370 12
238 370 9
313 371 10
229 371 14
157 371 9
192 371 10
121 371 7
207 371 9
130 371 8
371 649 16
52 371 12
371 555 12
372 577 13
296 372 13
191 372 10
372 409 10
372 556 9
258 372 13
372 748 15
144 372 12
125 372 10
324 373 9
373 472 9
373 505 11
373 629 13
148 373 12
373 652 9
373 480 5
348 373 12
373 425 12
211 374 12
277 374 11
374 742 13
114 374 8
265 374 9
302 374 13
374 734 12
256 374 10
54 374 9
374 513 9
77 375 13
6 375 8
345 375 8
247 375 13
14 375 10
375 631 11
160 375 11
45 375 11
375 640 12
63 376 10
376 599 14
52 376 13
327 376 9
376 603 10
376 546 13
211 376 9
201 376 8
177 376 8
237 376 11
376 451 12
377 450 12
239 377 13
377 386 13
241 377 12
377 402 13
377 527 10
219 377 10
377 509 12
377 736 11
217 377 9
378 572 8
350 378 11
378 578 9
378 640 9
304 378 12
291 378 12
74 378 11
378 654 6
115 378 10
378 553 6
379 422 11
109 379 10
379 381 12
379 587 12
102 379 12
379 621 11
142 379 11
379 689 12
284 379 11
379 699 13
379 624 14
103 380 13
350 380 11
380 532 10
380 401 8
380 730 16
380 560 10
111 380 11
380 690 11
369 380 8
380 681 10
381 399 10
381 602 8
304 381 10
129 381 14
154 381 7
381 526 8
381 748 10
217 381 10
195 382 13
382 549 11
382 398 12
36 382 10
382 572 11
382 583 12
125 382 8
382 531 12
382 448 8
382 681 11
382 687 7
63 383 9
383 415 11
172 383 9
176 383 9
104 383 9
194 383 13
383 675 11
225 383 7
355 383 13
3 383 10
383 725 8
383 519 9
384 641 10
325 384 10
384 553 13
384 612 10
211 384 9
384 449 12
334 384 7
384 481 14
384 576 11
296 384 9
217 384 8
127 385 9
385 513 6
385 700 11
118 385 14
385 625 15
46 385 9
136 385 9
385 447 14
19 385 16
385 565 11
43 386 8
362 386 16
31 386 9
21 386 11
235 386 6
226 386 8
174 386 9
77 386 12
71 386 9
338 386 11
292 386 9
387 647 10
387 605 11
387 696 13
387 514 13
387 583 12
387 736 11
276 387 6
21 387 10
352 387 14
238 387 9
388 746 9
362 388 10
268 388 12
42 388 12
207 388 10
388 688 10
388 625 8
388 439 11
139 388 10
137 388 11
159 389 6
133 389 16
333 389 11
389 572 12
389 411 11
389 619 16
389 509 10
389 540 9
389 555 11
255 389 13
8 389 12
390 690 10
184 390 12
173 390 11
220 390 12
390 679 10
299 390 12
13 390 9
155 390 12
161 390 13
346 391 12
391 597 11
391 678 7
391 558 9
391 711 12
284 391 9
142 391 11
305 391 11
391 630 11
103 392 10
392 536 11
392 549 10
153 392 10
385 392 10
326 392 14
392 685 12
392 496 11
392 560 9
309 392 10
132 393 13
41 393 11
193 393 8
214 393 9
393 456 13
199 393 12
393 622 13
304 393 11
149 393 9
393 734 12
236 393 10
394 451 9
394 580 12
68 394 12
296 394 11
257 394 7
196 394 11
352 394 10
225 394 9
166 394 11
307 394 11
395 621 10
395 515 9
362 395 12
395 708 10
395 696 10
103 395 11
315 395 11
127 395 11
395 428 11
395 745 14
362 396 12
396 632 10
18 396 7
145 396 13
198 396 13
207 396 11
30 396 12
143 396 9
154 396 9
345 396 13
396 510 10
80 397 12
397 468 10
397 418 8
397 430 12
26 397 9
234 397 12
397 504 7
382 397 14
397 406 10
397 534 12
398 476 11
398 622 10
116 398 13
144 398 10
398 470 14
238 398 10
151 398 11
372 398 12
399 708 11
399 495 5
399 424 8
399 679 13
193 399 9
399 435 9
84 399 15
58 399 8
400 651 11
95 400 7
400 657 10
400 493 13
236 400 15
120 400 6
400 599 10
265 400 12
365 401 12
401 517 8
265 401 10
401 452 8
91 401 10
401 716 9
401 737 12
401 636 8
201 401 9
53 401 14
401 700 7
332 402 9
107 402 7
365 402 10
311 402 7
402 496 9
402 444 14
37 402 13
31 402 10
395 402 12
402 409 12
56 402 10
78 403 10
403 657 12
63 403 9
403 489 8
55 403 10
61 403 9
11 403 12
403 496 10
403 637 11
17 403 11
218 404 12
404 472 9
373 404 11
35 404 9
394 404 9
136 404 10
75 404 9
404 599 11
404 724 10
404 459 14
181 404 9
263 405 8
405 664 10
405 580 11
287 405 9
405 729 11
278 405 12
240 405 15
405 423 9
405 621 9
405 407 11
406 438 6
237 406 11
406 549 10
120 406 11
406 627 10
333 406 13
406 656 11
406 430 10
310 406 9
385 406 9
326 407 9
287 407 8
407 694 11
288 407 7
407 698 7
407 461 8
407 741 12
407 493 10
407 631 10
295 408 11
408 453 8
408 560 12
375 408 11
408 557 10
281 408 12
12 408 12
408 715 8
408 746 14
408 707 11
134 409 10
1 409 11
409 485 8
150 409 11
409 575 10
409 467 8
409 505 9
409 719 11
409 461 10
283 409 10
405 410 10
410 658 8
131 410 8
410 428 10
410 686 10
410 672 9
410 689 9
410 599 10
410 481 9
385 410 11
411 515 9
117 411 11
259 411 10
204 411 7
411 414 12
411 651 13
375 411 8
411 472 11
411 609 8
411 508 12
41 412 9
412 574 12
412 656 12
412 468 8
412 593 12
412 456 9
90 412 11
17 412 12
412 542 9
266 412 9
413 577 12
132 413 10
413 697 8
264 413 11
370 413 11
184 413 8
163 413 13
413 438 11
105 413 14
192 413 10
414 520 10
278 414 11
414 538 10
377 414 12
392 414 16
414 561 9
414 461 12
414 467 12
351 414 9
415 526 11
415 470 11
413 415 9
202 415 13
415 454 10
172 415 10
415 529 9
415 474 7
131 415 11
415 560 11
69 415 9
386 416 8
370 416 11
403 416 11
292 416 9
365 416 11
416 724 14
102 416 9
416 670 10
344 416 12
416 554 10
417 425 10
417 426 12
107 417 15
417 638 11
417 641 11
417 422 12
9 417 11
349 417 11
177 417 13
181 418 12
310 418 9
150 418 12
418 539 12
337 418 7
101 418 7
418 668 9
418 547 11
65 418 9
418 484 13
34 418 9
419 699 7
31 419 13
279 419 9
267 419 11
419 736 12
216 419 9
389 419 8
419 665 8
284 419 3
127 419 13
190 420 12
371 420 11
420 706 17
415 420 10
297 420 11
207 420 7
420 580 7
420 515 12
360 420 13
420 638 11
139 421 11
311 421 11
331 421 9
421 524 13
421 611 11
421 520 8
421 699 9
59 421 12
86 421 13
26 422 9
104 422 12
401 422 10
294 422 9
422 451 9
84 422 9
267 422 8
422 481 11
145 422 10
422 637 6
423 537 8
255 423 8
395 423 8
423 548 16
244 423 11
239 423 8
423 709 9
245 423 12
36 423 13
182 423 7
423 482 11
424 464 11
424 491 12
78 424 11
424 431 11
424 736 12
383 424 11
424 722 9
73 424 11
209 424 11
302 425 10
20 425 10
425 741 11
425 569 11
226 425 11
425 682 13
425 739 8
203 425 6
258 425 10
413 425 11
282 425 14
260 425 12
207 426 13
426 614 13
426 549 10
426 445 13
426 599 11
426 709 8
65 426 11
152 426 12
146 426 13
110 427 10
359 427 12
427 442 10
208 427 12
427 565 10
427 641 7
160 427 10
427 733 14
270 427 10
427 576 11
427 475 10
427 604 14
427 526 8
428 586 12
421 428 11
59 428 11
428 624 13
142 428 11
287 428 13
164 428 9
220 428 7
391 428 10
428 556 12
429 734 13
429 581 9
124 429 13
429 532 11
162 429 10
281 429 12
429 568 11
210 429 14
8 429 10
39 429 11
122 430 13
430 462 9
86 430 10
430 479 9
208 430 13
430 632 7
106 430 8
339 430 8
212 430 13
10 430 10
316 431 11
237 431 12
130 431 10
171 431 11
307 431 13
274 431 11
431 512 9
342 431 10
42 431 8
398 431 10
432 648 12
432 735 10
382 432 11
192 432 9
198 432 11
100 432 10
8 432 9
353 432 10
432 502 11
432 631 10
433 596 8
433 639 9
433 726 11
227 433 9
433 595 10
433 475 10
129 433 13
403 433 12
433 535 11
433 459 11
433 642 10
387 434 10
92 434 9
232 434 14
434 552 8
51 434 9
133 434 11
179 434 11
423 434 15
183 434 13
218 434 12
435 448 5
77 435 12
109 435 11
435 522 13
435 585 9
185 435 10
435 486 8
432 435 12
299 435 13
159 435 12
408 436 11
436 586 12
436 598 10
289 436 8
436 580 11
436 462 12
416 436 8
436 718 10
436 618 13
436 682 10
266 437 9
437 721 13
9 437 11
257 437 14
437 632 9
272 437 4
268 437 12
437 473 10
202 437 13
396 437 10
271 438 6
305 438 13
358 438 13
369 438 12
438 530 9
206 438 11
438 489 12
352 438 11
438 609 8
0 438 11
438 689 9
439 745 14
368 439 10
112 439 12
371 439 15
439 617 15
313 439 12
439 482 11
401 439 11
392 439 9
305 439 11
215 439 10
439 477 13
280 440 10
440 679 9
440 651 7
440 478 9
138 440 13
416 440 11
440 598 15
440 639 14
328 440 11
126 440 12
333 440 12
437 441 12
441 720 6
200 441 11
327 441 12
441 625 13
244 441 14
441 567 12
441 725 10
188 441 10
316 441 4
412 442 12
442 701 13
82 442 10
295 442 9
442 604 11
442 565 10
1 442 11
442 601 12
440 442 11
96 442 9
442 631 10
442 600 9
443 585 10
102 443 10
443 522 11
159 443 8
443 587 9
294 443 13
131 443 11
115 443 12
443 485 11
443 673 8
443 501 10
444 594 10
444 535 10
347 444 11
129 444 10
294 444 7
444 668 13
246 444 9
138 444 8
444 552 9
108 444 10
7 445 10
109 445 11
424 445 11
302 445 13
411 445 11
445 736 7
355 445 9
157 445 7
445 626 9
121 446 9
64 446 10
73 446 11
325 446 12
424 446 8
96 446 9
446 739 9
446 513 11
59 446 12
427 447 10
202 447 10
240 447 10
313 447 14
447 582 11
447 594 12
447 643 13
447 593 12
344 448 9
395 448 9
448 597 12
448 469 11
88 448 10
448 490 8
448 626 7
448 735 11
449 475 7
92 449 11
367 449 10
152 449 9
449 656 10
106 449 12
449 708 9
449 630 9
449 507 8
450 599 8
427 450 9
32 450 13
129 450 7
356 450 11
111 450 12
450 658 12
370 450 10
450 624 11
451 582 14
250 451 12
451 725 12
62 451 9
191 451 11
315 451 9
445 451 13
451 626 6
275 451 12
207 451 13
12 451 11
100 452 12
36 452 13
452 490 11
191 452 11
83 452 9
452 541 10
452 601 9
452 484 12
452 621 8
149 452 9
218 452 17
452 633 8
453 684 13
453 591 9
453 648 10
453 594 8
66 453 8
93 453 11
453 596 13
334 453 9
62 453 13
275 453 11
223 454 11
72 454 11
87 454 11
275 454 13
252 454 11
33 454 12
454 609 9
100 454 10
454 677 6
454 651 8
454 455 11
290 454 12
455 550 8
455 458 11
151 455 10
106 455 10
195 455 12
455 652 9
455 512 10
263 455 11
50 455 7
121 456 12
436 456 14
456 567 9
149 456 9
362 456 9
173 456 9
262 456 12
456 462 12
251 456 12
457 715 11
457 581 11
359 457 11
431 457 12
366 457 6
423 457 9
161 457 10
457 653 11
249 457 9
241 457 9
442 457 8
458 535 12
458 487 9
135 458 10
458 569 12
130 458 10
359 458 10
225 458 14
458 469 8
458 650 15
459 730 12
459 508 7
103 459 13
459 719 10
255 459 8
330 459 11
459 481 10
459 535 10
459 511 10
292 459 11
459 534 8
460 674 13
460 528 9
460 461 12
426 460 12
460 494 10
460 510 10
336 460 10
83 460 10
337 460 10
460 740 6
107 460 9
461 691 8
269 461 11
229 461 12
352 461 11
461 498 12
146 461 9
241 461 10
338 461 10
462 728 12
139 462 11
9 462 9
462 471 13
100 462 13
330 462 9
368 462 10
462 746 8
141 462 12
462 575 13
462 738 10
462 708 6
463 636 12
89 463 7
428 463 13
463 680 9
122 463 12
463 541 13
63 463 13
23 463 10
462 464 13
464 510 7
464 594 11
464 476 9
174 464 11
140 464 9
122 464 13
464 532 12
20 464 11
464 525 12
185 464 12
464 669 14
445 464 10
465 513 11
206 465 11
465 553 11
465 689 6
455 465 15
371 465 9
12 465 10
465 675 7
465 524 12
465 589 12
278 466 10
466 684 9
466 716 11
466 583 14
3 466 11
163 466 13
434 466 14
423 466 13
466 491 11
240 466 9
213 467 12
382 467 12
467 502 14
46 467 10
42 467 12
467 645 10
279 467 13
380 467 10
467 638 10
260 467 9
302 468 9
379 468 9
318 468 10
243 468 9
433 468 12
231 468 9
369 468 10
450 468 9
32 468 8
441 469 11
277 469 6
469 706 11
157 469 11
311 469 13
248 469 10
469 565 6
161 469 8
418 469 7
221 469 10
376 469 9
469 545 9
211 470 11
295 470 10
357 470 8
16 470 13
187 470 11
206 470 8
122 470 12
332 470 8
470 471 7
193 471 11
471 737 8
458 471 12
456 471 11
471 496 12
471 712 12
155 471 9
471 564 7
471 675 8
471 583 10
471 550 10
363 472 8
472 623 14
181 472 6
468 472 11
431 472 9
472 564 10
472 633 12
472 553 11
320 472 12
472 498 10
75 473 12
66 473 13
373 473 10
454 473 9
420 473 10
473 665 12
40 473 11
473 581 13
261 473 12
103 473 15
160 474 11
474 585 10
298 474 9
474 525 12
474 596 7
474 590 12
474 639 12
377 474 11
187 474 10
474 520 13
475 523 9
404 475 12
475 672 11
475 533 10
29 475 11
475 577 10
39 475 6
75 475 10
121 476 11
434 476 12
0 476 13
48 476 11
476 505 11
476 495 8
417 476 14
326 476 9
247 476 12
477 596 11
477 574 10
313 477 11
101 477 12
477 627 10
477 625 10
0 477 8
470 477 12
419 477 8
453 478 14
235 478 13
478 615 10
478 533 11
337 478 10
334 478 10
131 478 7
84 478 12
478 610 11
395 478 10
351 479 10
479 536 11
114 479 12
310 479 8
325 479 11
1 479 12
64 479 10
262 479 12
326 479 12
230 479 10
401 479 6
354 480 12
480 693 10
347 480 10
412 480 7
471 480 11
422 480 9
480 715 13
392 480 13
440 480 10
381 480 7
99 481 7
374 481 8
375 481 10
411 481 11
243 481 13
379 481 10
269 481 11
107 481 13
481 710 10
481 744 11
67 482 9
276 482 10
482 582 10
125 482 12
47 482 11
312 482 9
482 487 8
482 726 13
394 482 7
482 646 13
116 483 11
17 483 8
261 483 9
483 617 12
59 483 9
447 483 10
44 483 11
467 483 9
484 629 12
103 484 10
72 484 14
484 612 11
236 484 8
250 484 10
405 484 9
484 683 12
256 484 9
63 484 12
343 485 9
71 485 10
485 624 13
16 485 12
485 618 12
485 574 11
485 614 14
485 637 9
226 486 9
486 656 11
232 486 11
486 685 12
486 724 10
157 486 12
486 578 8
131 486 9
444 486 9
359 487 12
375 487 12
319 487 13
487 520 10
487 610 8
487 680 12
34 487 9
487 746 11
20 487 8
269 487 12
118 488 9
485 488 9
470 488 9
488 691 10
147 488 12
94 488 7
333 488 11
488 731 9
258 488 12
488 560 11
489 700 8
126 489 9
489 517 9
94 489 11
78 489 11
166 489 12
117 489 11
489 628 11
489 623 4
462 489 8
489 521 9
273 490 7
185 490 7
61 490 9
490 622 11
246 490 11
490 643 13
490 607 12
490 666 12
358 490 13
89 490 9
440 491 10
314 491 9
491 733 13
327 491 12
346 491 9
491 672 9
70 491 11
148 491 10
491 536 9
491 688 11
491 493 13
492 522 10
289 492 13
205 492 10
43 492 11
355 492 8
492 661 9
56 492 13
492 660 7
492 562 9
397 492 12
229 493 7
53 493 11
493 674 6
461 493 10
475 493 8
283 493 8
327 493 11
135 493 11
197 493 12
134 493 9
170 493 11
462 493 10
141 494 10
367 494 9
494 676 8
405 494 13
87 494 11
252 494 13
494 505 11
449 494 9
494 744 12
43 495 11
303 495 8
2 495 12
214 495 9
495 537 13
356 495 10
324 495 12
495 739 9
67 495 14
436 495 7
495 639 9
357 496 10
117 496 8
384 496 12
496 565 8
496 646 15
496 506 11
8 496 12
496 531 11
496 732 8
360 496 13
497 728 11
497 621 17
207 497 8
497 668 9
497 533 11
453 497 9
274 497 10
497 559 8
146 497 10
406 497 12
498 652 15
167 498 12
107 498 12
448 498 7
498 540 9
458 498 10
498 694 10
498 721 9
498 704 8
419 498 12
498 634 11
383 499 10
231 499 10
119 499 11
272 499 13
475 499 6
93 499 10
499 721 11
488 499 12
499 538 11
161 499 13
219 500 6
500 502 9
500 550 7
500 588 12
500 625 11
206 500 9
476 500 10
398 500 9
338 500 10
457 500 10
140 501 10
99 501 7
25 501 10
501 519 12
379 501 11
501 704 10
162 501 11
151 501 11
389 501 13
109 501 13
97 501 10
501 543 10
285 502 7
502 728 6
440 502 10
502 662 11
207 502 10
502 708 10
450 502 10
498 502 9
502 557 7
446 502 11
502 555 12
108 503 9
88 503 9
1 503 13
183 503 10
251 503 12
143 503 11
503 509 9
267 503 15
202 503 13
503 728 9
135 504 10
504 638 13
409 504 10
504 601 11
206 504 8
483 504 12
161 504 8
504 609 11
187 504 11
504 731 9
504 745 10
110 505 8
294 505 9
29 505 12
256 505 11
187 505 10
9 505 13
11 505 10
483 505 11
505 720 10
410 505 12
381 506 10
506 605 8
185 506 9
506 628 9
506 672 8
506 657 10
506 637 12
283 506 12
286 506 10
506 554 8
343 507 12
370 507 8
33 507 13
348 507 10
342 507 12
418 507 9
507 538 11
507 690 14
493 508 14
71 508 12
502 508 11
40 508 10
508 673 11
51 508 9
508 516 10
334 508 10
407 509 13
509 702 10
484 509 12
273 509 8
55 509 8
183 509 12
165 509 10
454 509 11
509 613 11
509 738 12
510 684 6
195 510 11
510 524 12
145 510 10
399 510 9
390 510 10
510 528 13
241 510 10
510 566 8
115 510 13
272 510 8
349 511 9
363 511 9
351 511 13
155 511 9
26 511 10
260 511 14
497 511 10
297 511 7
230 511 9
381 511 9
511 558 13
388 512 10
512 665 14
302 512 11
512 656 11
347 512 9
85 512 16
512 657 9
37 512 6
469 512 12
25 512 9
172 513 7
513 622 10
513 610 9
208 513 9
513 634 12
513 608 10
430 513 11
370 513 11
513 715 12
429 514 8
514 635 14
348 514 10
497 514 9
10 514 11
514 600 13
514 664 11
514 550 10
65 514 9
125 515 6
89 515 15
515 665 13
344 515 11
218 515 11
24 515 16
79 515 9
32 515 8
101 515 7
27 515 11
95 516 14
165 516 10
434 516 15
232 516 10
516 749 12
99 516 12
516 738 10
239 516 14
516 702 7
55 516 12
310 516 13
324 517 8
481 517 13
506 517 11
135 517 12
300 517 9
19 517 7
455 517 11
517 692 8
467 517 9
66 517 11
98 518 11
518 739 10
153 518 12
350 518 7
518 674 10
101 518 14
294 518 6
11 518 10
319 518 13
140 518 12
384 519 10
260 519 8
438 519 10
519 667 11
495 519 11
313 519 12
227 519 11
27 519 8
417 519 11
296 520 11
149 520 11
303 520 11
520 629 10
520 614 8
520 587 9
7 520 11
48 520 12
520 524 8
510 521 8
521 550 14
521 546 11
89 521 9
12 521 9
137 521 10
370 521 5
521 540 12
183 522 13
460 522 11
129 522 8
522 598 13
522 664 12
467 522 9
507 522 11
213 522 10
522 634 8
439 522 6
193 523 13
84 523 15
332 523 10
105 523 10
523 602 9
414 523 9
461 523 8
523 619 12
523 546 8
523 643 12
523 714 12
443 524 10
524 664 11
322 524 8
524 607 9
524 650 12
524 562 11
285 524 9
8 524 13
400 525 12
135 525 7
525 688 9
525 667 11
390 525 10
352 525 10
525 687 10
357 525 10
389 525 12
525 620 13
414 526 7
424 526 8
382 526 11
526 549 12
222 526 11
7 526 10
244 526 12
14 526 14
265 526 11
526 679 10
310 527 8
527 653 12
175 527 13
467 527 11
121 527 13
188 527 11
496 527 9
189 527 7
222 527 10
528 628 10
150 528 11
180 528 9
528 546 12
418 528 9
499 528 12
151 528 13
528 691 8
528 666 10
447 528 14
91 529 7
471 529 8
9 529 9
262 529 15
529 682 12
135 529 11
529 642 8
312 529 9
516 529 7
206 529 11
479 529 10
196 529 12
433 530 10
312 530 11
0 530 7
530 647 14
502 530 11
5 530 12
109 530 9
530 656 11
530 696 11
276 530 11
531 584 10
531 640 10
389 531 14
296 531 9
531 546 7
144 531 9
531 684 9
70 531 14
531 727 12
151 532 15
377 532 7
532 586 8
312 532 9
532 554 11
532 668 12
268 532 14
425 532 9
362 532 10
305 532 13
341 532 12
318 533 17
114 533 10
278 533 13
371 533 8
107 533 12
2 533 14
385 533 9
331 533 11
533 677 14
195 533 10
398 534 6
215 534 8
470 534 13
115 534 10
70 534 10
85 534 11
498 534 14
534 629 10
535 641 9
66 535 10
217 535 9
434 535 11
535 586 10
350 535 9
535 559 13
116 535 11
274 535 13
158 536 9
176 536 10
407 536 12
536 641 9
246 536 8
216 536 13
291 536 11
536 580 11
532 536 12
536 647 8
99 536 12
537 651 11
296 537 11
537 700 9
187 537 9
261 537 15
69 537 13
163 537 10
537 685 12
172 538 10
482 538 11
467 538 11
251 538 11
538 727 11
445 538 8
497 538 11
370 538 8
538 736 10
123 538 13
428 538 10
458 538 12
194 539 12
539 567 9
422 539 12
335 539 13
101 539 12
302 539 11
15 539 10
284 539 13
485 540 9
123 540 10
279 540 9
312 540 10
134 540 7
437 540 8
436 540 13
52 540 8
180 540 15
541 574 10
1 541 10
373 541 12
316 541 12
339 541 13
518 541 12
515 541 11
541 746 13
239 541 9
60 541 9
541 588 8
542 567 5
427 542 10
542 647 9
311 542 11
39 542 10
304 542 9
127 542 9
417 542 9
486 542 10
295 543 11
543 735 12
384 543 13
543 709 8
475 543 13
543 694 8
520 543 8
543 738 12
434 543 11
346 544 11
544 605 9
126 544 14
229 544 10
544 687 9
543 544 11
426 544 10
330 544 12
544 684 12
46 544 12
197 544 13
76 544 7
545 741 12
403 545 9
37 545 10
454 545 8
60 545 10
419 545 6
442 545 8
286 545 12
546 701 10
546 623 9
546 634 11
546 664 12
443 546 14
62 546 9
483 546 13
546 723 12
190 546 11
437 546 10
227 547 9
547 619 15
444 547 7
25 547 11
131 547 13
327 547 9
547 744 11
198 547 10
404 547 14
72 548 12
284 548 13
309 548 10
409 548 9
324 548 13
248 548 8
455 548 6
548 584 10
277 548 9
56 548 10
419 549 8
343 549 13
88 549 9
338 549 10
234 549 11
248 549 10
549 602 11
474 549 12
549 682 10
524 549 13
193 550 10
51 550 14
550 645 9
28 550 11
522 550 11
98 550 10
34 550 12
93 550 11
550 613 10
381 551 9
551 721 13
245 551 6
551 560 14
117 551 9
406 551 9
551 702 12
462 551 14
551 642 10
75 552 12
294 552 9
552 732 10
552 666 8
214 552 10
234 552 9
491 552 8
138 552 11
84 552 13
553 605 7
189 553 14
143 553 11
32 553 8
553 597 13
349 553 9
553 689 7
553 603 12
374 553 9
135 554 9
540 554 11
499 554 10
154 554 11
174 554 10
304 554 11
554 559 14
554 630 11
439 554 12
554 634 12
189 554 7
492 555 10
66 555 11
51 555 10
162 555 15
18 555 13
555 618 9
359 555 11
317 555 11
242 555 7
173 555 10
547 556 12
10 556 6
210 556 7
468 556 9
481 556 10
60 556 13
330 556 13
556 735 12
425 556 9
557 615 7
481 557 9
557 707 13
154 557 9
87 557 8
95 557 10
169 557 8
470 557 11
2 557 10
557 574 11
141 557 11
467 558 7
192 558 9
558 717 8
475 558 8
293 558 11
558 597 9
215 558 8
558 677 12
344 558 15
428 558 12
30 559 10
271 559 7
12 559 13
290 559 11
51 559 11
147 559 11
559 642 11
192 559 9
202 559 11
499 559 10
133 560 8
343 560 13
400 560 11
560 613 11
560 641 8
289 560 13
455 560 9
174 560 6
319 560 9
413 561 9
187 561 14
561 728 13
118 561 11
561 629 10
561 632 13
65 561 13
195 561 10
239 561 13
458 561 12
0 562 14
255 562 9
13 562 9
520 562 12
562 705 9
518 562 11
424 562 12
562 565 14
498 562 11
150 562 6
339 562 10
69 562 9
226 563 10
563 667 7
489 563 7
239 563 11
563 579 13
485 563 11
563 606 10
563 636 10
477 564 9
30 564 14
392 564 8
26 564 13
384 564 8
564 715 9
135 564 8
95 564 10
81 564 9
27 565 9
565 723 10
484 565 10
60 565 12
536 565 11
565 708 13
558 565 9
565 598 14
64 565 8
35 565 11
566 612 8
265 566 9
96 566 9
566 620 10
149 566 11
566 582 10
293 566 11
439 566 9
109 566 13
319 566 11
103 566 11
19 567 8
26 567 10
251 567 11
89 567 14
377 567 10
248 567 15
492 567 8
470 567 11
488 567 9
568 611 9
257 568 9
568 618 8
568 715 8
431 568 14
568 637 14
568 688 8
266 568 12
125 569 9
77 569 14
13 569 8
114 569 11
569 679 10
569 726 11
129 569 10
569 613 11
105 569 8
213 570 12
52 570 12
91 570 10
409 570 11
378 570 14
570 696 11
570 636 10
570 715 11
459 570 11
73 570 11
234 570 11
476 570 12
340 571 9
296 571 7
571 611 9
441 571 10
69 571 11
175 571 14
519 571 10
19 571 11
418 571 7
73 572 17
572 585 11
376 572 9
572 744 9
80 572 9
544 572 11
270 572 10
198 572 8
572 627 11
262 572 9
443 573 9
413 573 8
481 573 11
50 573 8
418 573 9
573 614 11
573 660 11
562 573 17
545 573 11
397 573 9
343 574 12
60 574 9
95 574 11
574 629 11
574 689 13
545 574 12
574 591 9
455 574 8
462 574 10
89 575 10
440 575 12
354 575 9
131 575 11
138 575 9
58 575 13
575 639 12
523 575 8
575 635 13
81 576 10
14 576 12
576 588 12
222 576 10
544 576 14
576 743 8
576 725 11
504 576 12
576 735 9
539 576 13
92 576 10
413 576 11
508 577 13
79 577 8
566 577 9
498 577 8
141 577 12
348 577 10
178 577 9
577 692 7
7 577 13
502 578 14
114 578 11
199 578 13
273 578 10
491 578 11
107 578 9
406 578 14
578 707 11
383 578 10
190 578 13
396 579 10
188 579 9
62 579 12
579 668 8
20 579 8
579 639 10
398 579 10
420 579 9
198 579 12
254 579 11
578 579 9
150 580 11
402 580 12
281 580 12
580 610 9
544 580 13
580 739 10
580 726 13
580 614 12
271 580 8
523 580 8
580 731 8
581 643 14
412 581 11
164 581 16
508 581 9
488 581 9
136 581 12
581 647 10
182 581 11
8 581 13
248 582 12
467 582 14
387 582 11
220 582 8
582 631 8
103 582 11
170 582 11
114 582 11
582 707 11
303 582 7
62 583 9
190 583 15
572 583 14
550 583 10
583 688 11
152 583 12
3 583 14
583 606 8
570 583 12
179 584 10
218 584 13
562 584 12
584 712 8
584 644 9
287 584 9
584 604 13
245 584 9
477 584 11
584 681 10
584 675 16
399 585 12
585 669 11
585 678 12
169 585 11
441 585 11
260 585 12
585 603 12
345 585 15
79 585 10
285 585 12
89 586 9
327 586 10
386 586 12
185 586 10
586 734 11
293 586 10
586 660 9
586 658 10
524 586 10
518 586 13
151 586 14
318 587 10
197 587 9
553 587 12
298 587 12
74 587 15
587 708 11
587 693 10
507 587 11
587 699 12
460 587 11
449 588 11
167 588 13
588 706 7
320 588 11
401 588 10
339 588 11
459 588 10
263 588 10
237 588 8
389 588 10
112 588 7
362 589 10
589 737 12
302 589 8
62 589 11
561 589 13
310 589 9
91 589 11
589 625 9
482 589 8
246 589 10
313 589 11
30 590 11
575 590 10
590 621 10
284 590 13
590 665 9
590 609 10
581 590 11
590 678 11
107 590 10
288 590 16
96 590 11
570 591 13
591 612 10
224 591 11
104 591 12
591 633 9
591 630 17
566 591 12
393 591 10
136 591 13
391 591 12
144 592 14
592 693 9
101 592 11
429 592 13
67 592 9
592 730 10
459 592 9
465 592 12
307 592 13
390 592 10
305 592 10
578 593 10
593 638 7
458 593 13
290 593 11
350 593 10
199 593 10
134 593 11
522 593 10
23 593 12
508 593 10
26 593 15
594 678 11
523 594 11
162 594 13
422 594 8
413 594 10
284 594 11
475 594 13
76 594 12
497 594 13
260 594 11
271 594 11
289 595 10
595 699 13
155 595 11
595 712 8
301 595 7
67 595 8
277 595 13
592 595 8
280 595 9
394 595 12
350 595 13
435 596 11
266 596 10
309 596 10
355 596 12
596 661 9
464 596 8
127 596 11
411 596 9
596 719 10
486 596 12
53 597 9
155 597 15
117 597 11
235 597 8
383 597 11
333 597 11
61 597 11
460 597 5
291 597 10
464 598 10
410 598 7
230 598 9
192 598 11
185 598 6
217 598 15
358 598 13
434 598 9
306 598 9
598 706 10
386 598 14
599 674 11
413 599 11
599 702 10
261 599 11
314 599 12
432 599 8
2 599 9
47 599 11
457 599 10
123 600 11
61 600 7
591 600 10
538 600 9
221 600 13
600 697 10
546 600 10
109 600 11
243 600 10
204 600 9
601 708 9
278 601 14
525 601 7
433 601 11
29 601 14
476 601 8
287 601 13
290 601 10
368 602 11
195 602 8
585 602 17
356 602 11
157 602 8
203 602 13
456 602 12
6 602 13
602 718 10
75 602 9
147 602 11
245 602 11
603 730 12
311 603 8
122 603 12
446 603 11
210 603 13
353 603 13
357 603 10
317 603 8
454 604 6
585 604 10
478 604 9
506 604 9
604 725 13
123 604 13
324 604 11
370 604 10
565 604 11
167 604 12
227 604 11
419 605 8
100 605 10
160 605 12
152 605 11
497 605 13
317 605 12
447 605 11
605 688 13
473 605 12
144 605 11
40 605 12
173 606 10
254 606 7
3 606 11
462 606 8
606 715 9
606 735 11
400 606 9
606 671 11
503 606 11
407 606 11
413 606 17
181 607 8
607 641 11
243 607 9
607 708 9
414 607 11
72 607 8
140 607 10
447 607 6
452 607 7
608 649 10
167 608 12
219 608 9
419 608 12
101 608 10
203 608 11
608 669 11
31 608 9
5 608 13
187 608 9
137 608 11
427 609 9
314 609 8
609 746 12
298 609 9
422 609 12
105 609 8
76 609 10
118 609 10
523 609 13
609 619 7
211 609 10
135 609 12
177 610 9
586 610 9
161 610 11
27 610 8
62 610 10
587 610 10
610 630 9
610 709 12
421 610 6
186 611 14
307 611 9
50 611 12
362 611 8
218 611 13
345 611 12
611 624 9
2 611 11
369 611 10
611 669 15
537 611 10
142 611 15
311 612 11
58 612 13
179 612 11
471 612 10
408 612 10
534 612 10
228 612 15
117 612 12
465 612 8
544 613 13
400 613 10
79 613 11
13 613 10
74 613 10
466 613 12
613 623 10
316 613 13
613 626 10
126 613 8
403 614 7
447 614 13
380 614 9
236 614 10
153 614 9
614 632 10
17 614 11
109 614 7
614 737 16
614 644 10
159 615 11
591 615 10
300 615 11
565 615 11
615 740 13
606 615 12
43 615 12
328 615 8
495 615 10
411 615 11
516 616 12
610 616 10
616 721 9
259 616 11
616 747 9
513 616 10
616 720 13
616 687 9
426 616 13
432 616 11
606 617 7
617 653 10
617 630 12
570 617 12
98 617 12
167 617 12
253 617 9
451 617 5
11 617 6
287 617 10
250 618 10
468 618 7
162 618 9
357 618 8
364 618 12
222 618 14
590 618 9
323 618 9
54 618 11
118 618 10
216 619 9
619 746 10
306 619 10
311 619 12
109 619 9
498 619 10
506 619 9
607 619 11
458 619 14
565 619 7
33 619 9
580 619 11
608 620 11
606 620 6
129 620 12
599 620 12
153 620 13
58 620 12
114 620 11
375 620 10
223 620 10
225 621 11
44 621 8
169 621 7
265 621 10
170 621 11
455 621 13
621 687 15
621 660 11
493 621 12
286 622 9
606 622 10
199 622 9
485 622 5
373 622 11
622 642 9
622 625 10
379 622 9
153 622 14
335 622 9
287 623 11
181 623 12
420 623 12
565 623 11
247 623 14
367 623 9
264 623 7
320 623 11
623 691 11
12 623 10
71 623 13
599 623 12
330 624 13
624 688 12
624 689 13
362 624 9
16 624 11
624 747 11
234 624 10
624 670 8
624 729 11
327 624 11
408 624 11
156 624 12
391 625 14
525 625 8
143 625 12
431 625 11
304 625 9
600 625 10
625 687 10
321 625 7
396 625 11
481 625 10
415 626 11
382 626 10
233 626 9
626 690 9
474 626 10
319 626 10
317 626 11
75 626 10
39 626 11
536 626 11
110 626 11
615 627 11
627 681 11
471 627 13
627 648 12
55 627 14
583 627 11
627 695 11
569 627 11
272 627 11
486 627 8
255 628 9
68 628 10
27 628 12
406 628 12
628 722 11
375 628 9
288 628 13
591 628 12
31 628 10
165 628 10
86 629 10
28 629 10
416 629 12
629 749 15
339 629 7
87 629 11
232 629 10
190 629 10
391 629 13
164 630 9
516 630 12
399 630 7
406 630 8
286 630 13
540 630 10
218 630 12
567 630 10
184 630 8
630 647 8
528 630 10
100 631 11
542 631 11
631 749 10
38 631 6
423 631 12
631 737 7
631 680 13
133 631 11
631 712 15
624 631 13
337 631 12
632 740 11
405 632 10
359 632 7
122 632 12
3 632 10
383 632 9
290 632 12
542 632 8
549 632 7
164 632 13
223 632 10
80 633 13
256 633 8
532 633 13
55 633 11
633 748 11
562 633 10
345 633 12
59 633 9
292 633 8
634 647 11
634 743 14
330 634 12
222 634 6
69 634 12
166 634 8
559 634 13
634 677 11
233 634 15
219 634 8
211 635 8
32 635 9
415 635 17
63 635 8
139 635 12
563 635 8
86 635 12
245 635 13
97 635 9
405 635 10
50 636 11
103 636 7
636 710 12
588 636 10
568 636 9
6 636 14
129 636 13
606 636 14
526 636 11
30 637 7
326 637 9
330 637 12
533 637 13
101 637 9
38 637 8
54 637 11
196 637 11
514 637 12
304 637 8
141 638 11
403 638 10
193 638 12
283 638 10
345 638 15
638 684 10
117 638 11
502 638 15
181 638 15
488 638 11
608 638 10
24 639 6
521 639 7
204 639 12
639 700 10
68 639 10
515 639 10
639 672 11
173 639 6
192 639 7
511 639 12
245 640 8
632 640 9
276 640 13
151 640 12
117 640 8
363 640 10
605 640 13
298 640 9
589 640 10
448 640 13
640 692 9
60 641 12
350 641 11
352 641 12
192 641 11
616 641 10
270 641 11
198 641 11
453 641 12
543 641 8
38 642 9
610 642 11
209 642 9
278 642 14
121 642 11
439 642 10
52 642 10
486 642 11
76 642 11
0 642 12
614 643 9
480 643 12
343 643 12
462 643 11
82 643 12
154 643 13
362 643 13
141 643 11
417 643 11
404 644 13
616 644 8
394 644 10
575 644 10
419 644 9
174 644 6
162 644 12
318 644 10
70 644 9
285 644 12
254 645 7
485 645 9
198 645 12
325 645 8
484 645 15
478 645 9
126 645 10
289 645 8
507 645 8
91 645 10
381 646 8
357 646 10
254 646 12
401 646 10
646 713 10
646 722 12
626 646 10
50 646 12
31 646 12
612 646 9
647 693 8
6 647 11
454 647 10
241 647 11
626 647 9
297 647 10
386 647 9
424 647 13
596 647 8
292 647 13
516 647 11
648 650 12
418 648 11
69 648 10
37 648 7
518 648 10
247 648 13
648 668 11
450 648 12
370 648 10
376 648 8
510 649 9
259 649 13
240 649 9
29 649 9
591 649 9
639 649 7
185 649 12
647 649 11
202 649 12
649 678 15
637 650 8
260 650 13
144 650 9
404 650 12
650 659 10
450 650 10
52 650 7
408 650 7
177 650 11
175 650 11
455 651 9
457 651 11
55 651 10
651 694 12
580 651 8
234 651 12
49 651 10
438 651 9
505 651 11
353 651 11
90 652 10
452 652 10
303 652 12
87 652 12
591 652 9
177 652 10
105 652 14
236 652 13
112 652 12
316 652 11
82 652 13
371 653 11
266 653 13
415 653 9
408 653 9
140 653 9
496 653 12
240 653 11
203 653 10
128 653 10
652 653 11
310 654 10
287 654 8
147 654 12
199 654 14
106 654 10
200 654 7
406 654 13
611 654 9
70 655 8
65 655 13
280 655 9
348 655 11
55 655 11
350 655 10
433 655 10
317 655 10
246 655 10
161 655 12
15 655 7
18 655 10
329 656 14
221 656 8
541 656 11
180 656 8
27 656 16
604 656 14
176 656 15
21 656 11
610 656 9
657 703 15
657 660 13
549 657 11
206 657 12
644 657 7
657 736 10
657 671 7
336 657 8
529 657 7
229 657 11
457 657 14
534 657 12
450 657 9
370 658 8
658 723 14
546 658 11
213 658 7
81 658 8
592 658 8
243 658 9
363 658 9
43 658 10
51 658 8
186 659 7
168 659 11
130 659 11
629 659 12
600 659 13
372 659 14
88 659 12
3 659 12
248 659 13
271 659 6
349 660 9
234 660 11
440 660 11
376 660 9
186 660 12
57 660 11
660 673 9
408 660 6
247 660 13
633 660 9
621 661 12
74 661 9
527 661 11
213 661 8
620 661 14
543 661 10
65 661 10
646 661 9
351 661 12
190 662 10
223 662 12
57 662 10
110 662 12
573 662 11
653 662 10
10 662 10
496 662 8
464 662 11
300 662 6
141 663 11
335 663 10
2 663 7
248 663 10
505 663 14
223 663 9
395 663 12
536 663 8
663 746 10
273 664 10
341 664 11
394 664 12
644 664 8
389 664 14
637 664 6
639 664 13
526 664 13
213 664 10
348 664 5
274 665 8
323 665 10
12 665 11
497 665 14
374 665 10
577 665 10
334 665 12
564 665 12
396 665 10
299 665 13
526 666 11
27 666 12
237 666 11
72 666 6
399 666 11
361 666 10
611 666 13
24 666 8
666 715 9
666 711 13
332 667 10
442 667 11
170 667 9
618 667 11
596 667 15
5 667 10
435 667 11
490 667 9
400 667 12
553 668 12
414 668 10
322 668 11
412 668 10
152 668 11
312 668 13
245 668 11
180 668 11
11 668 9
248 668 5
143 669 10
114 669 10
472 669 9
259 669 8
323 669 10
320 669 9
415 669 11
359 669 10
150 669 12
613 669 9
233 670 10
385 670 10
49 670 12
362 670 10
190 670 7
670 711 8
462 670 10
306 670 12
66 670 11
198 670 9
466 671 8
124 671 11
173 671 11
168 671 12
570 671 12
493 671 8
519 671 12
131 671 10
449 671 12
531 672 7
649 672 13
338 672 13
289 672 7
133 672 8
560 672 12
189 672 9
605 672 9
571 672 10
223 672 11
673 700 11
673 724 11
14 673 10
482 673 6
95 673 10
162 673 13
638 673 12
93 673 8
230 673 13
541 673 9
454 673 15
122 674 14
670 674 11
274 674 7
449 674 10
184 674 10
320 674 9
674 694 11
484 674 9
288 674 9
132 674 9
489 674 9
543 675 8
675 694 15
542 675 13
675 733 8
342 675 11
64 675 8
562 675 12
249 675 12
600 675 8
5 675 8
420 675 12
288 675 8
207 676 10
616 676 9
106 676 10
49 676 13
38 676 14
131 676 11
559 676 16
676 742 15
676 717 12
4 676 10
412 676 12
74 676 10
182 677 11
677 725 11
677 737 10
677 717 10
248 677 10
39 677 9
173 677 11
525 677 11
319 677 10
497 678 10
552 678 11
561 678 10
63 678 10
166 678 7
239 678 12
118 678 8
343 678 9
454 678 11
187 678 12
679 715 10
579 679 11
679 701 15
448 679 10
679 740 5
500 679 12
206 679 10
79 679 9
267 679 11
380 679 10
369 679 9
377 680 9
251 680 10
63 680 10
670 680 9
415 680 13
115 680 7
680 706 10
245 680 7
109 680 9
169 681 6
469 681 6
632 681 6
170 681 10
659 681 17
681 730 11
464 681 8
452 681 6
420 681 7
164 681 12
682 712 11
535 682 8
275 682 13
502 682 10
587 682 12
119 682 14
656 682 9
519 682 8
642 682 11
495 682 10
503 682 11
209 682 11
467 683 9
148 683 12
598 683 9
589 683 10
597 683 11
521 683 7
585 683 11
611 683 14
385 683 12
16 683 11
375 684 8
681 684 12
322 684 6
385 684 11
509 684 7
525 684 15
438 684 8
254 684 10
327 684 14
207 684 13
212 685 10
547 685 11
113 685 12
237 685 13
442 685 11
280 685 7
620 685 14
115 685 9
422 685 11
592 685 10
639 686 10
686 732 12
504 686 10
144 686 11
583 686 13
493 686 9
124 686 12
535 686 9
47 687 12
447 687 10
237 687 11
500 687 9
73 687 10
393 687 13
397 687 6
299 687 12
131 687 11
65 688 10
688 690 11
521 688 10
650 688 10
281 688 13
392 688 7
542 688 12
688 696 11
203 688 12
171 689 9
285 689 9
508 689 9
665 689 10
689 731 11
358 689 7
173 689 12
395 689 8
439 689 8
606 689 10
169 689 12
247 690 11
653 690 9
354 690 10
130 690 10
663 690 10
690 715 9
615 690 10
299 690 14
442 690 13
521 690 10
56 691 10
638 691 11
691 722 11
644 691 9
445 691 11
501 691 14
621 691 13
337 691 12
74 691 9
334 691 9
490 692 13
647 692 14
591 692 11
600 692 12
665 692 13
432 692 13
497 692 10
692 712 9
402 693 11
359 693 6
218 693 9
51 693 12
215 693 9
152 693 9
291 693 10
214 693 8
399 693 7
438 693 9
400 694 10
602 694 9
620 694 9
461 694 12
473 694 10
195 694 10
166 694 14
523 694 6
98 694 10
489 694 9
113 694 9
408 694 7
343 695 9
440 695 11
24 695 11
621 695 12
695 735 12
6 695 10
221 695 11
652 695 12
176 695 11
409 695 7
221 696 10
11 696 7
478 696 8
205 696 12
147 696 11
587 696 14
616 696 12
25 696 11
393 696 6
170 696 12
16 697 12
337 697 14
88 697 12
256 697 11
533 697 10
571 697 10
259 697 10
653 697 12
586 697 7
209 698 12
355 698 12
116 698 12
536 698 9
698 724 12
238 698 6
698 711 12
31 698 7
206 698 11
202 698 10
562 699 12
496 699 9
192 699 9
257 699 13
674 699 13
435 699 12
673 699 11
584 699 12
351 699 9
465 699 10
534 699 9
384 700 9
426 700 12
602 700 12
105 700 12
191 700 9
76 700 12
511 700 11
479 700 7
525 700 7
217 700 9
345 701 10
511 701 14
687 701 14
89 701 12
240 701 12
325 701 11
494 701 12
394 701 11
21 701 13
62 701 11
232 702 11
474 702 13
336 702 10
400 702 10
541 702 10
88 702 14
46 702 9
689 702 10
191 702 12
294 702 13
691 703 11
332 703 8
694 703 10
238 703 11
668 703 13
91 703 10
117 703 12
89 703 9
194 703 9
8 704 8
704 732 8
520 704 11
352 704 10
542 704 14
489 704 8
50 704 12
359 704 11
613 704 9
460 705 10
693 705 9
316 705 9
355 705 12
246 705 13
421 705 16
373 705 11
604 705 9
13 706 12
130 706 10
648 706 10
75 706 7
628 706 11
696 706 10
706 722 11
103 706 10
256 706 11
692 706 8
54 707 11
647 707 12
651 707 12
131 707 7
130 707 10
21 707 9
454 707 10
481 707 11
707 720 11
111 707 14
11 707 10
494 708 8
418 708 12
137 708 10
123 708 7
619 708 14
609 708 12
116 708 14
380 708 12
603 708 12
145 709 7
584 709 9
52 709 6
622 709 11
298 709 13
59 709 11
404 709 10
291 709 9
211 709 10
133 709 12
613 710 9
710 745 12
505 710 13
286 710 12
156 710 10
672 710 9
524 710 10
150 710 11
416 710 10
711 725 6
259 711 12
539 711 13
230 711 9
420 711 13
540 711 11
545 711 11
170 711 11
185 711 10
593 712 6
453 712 7
440 712 11
712 732 10
672 712 7
207 712 11
574 712 14
220 712 7
712 720 8
12 712 11
608 712 14
207 713 11
606 713 10
99 713 13
126 713 13
402 713 10
404 713 11
7 713 11
55 713 6
98 713 11
310 714 8
254 714 10
459 714 11
323 714 10
347 714 10
705 714 10
32 714 10
563 714 12
2 714 9
43 714 9
14 715 11
664 715 10
185 715 10
288 715 12
258 715 8
194 715 9
253 715 11
454 715 8
531 715 13
596 715 9
52 716 10
165 716 11
358 716 15
302 716 11
460 716 15
558 716 11
186 716 11
170 716 9
13 716 10
639 716 10
427 717 11
154 717 13
636 717 12
473 717 7
717 731 10
682 717 13
539 717 12
478 717 9
399 718 9
246 718 13
447 718 11
519 718 13
252 718 10
36 718 12
460 718 11
694 718 9
193 718 8
190 718 13
160 719 14
309 719 11
23 719 14
609 719 13
719 720 10
702 719 12
584 719 16
699 719 10
360 719 12
255 719 8
474 720 11
321 720 8
577 720 12
446 720 9
516 720 9
376 720 8
357 720 9
720 725 12
660 720 8
720 735 13
8 720 13
264 721 12
589 721 12
479 721 7
404 721 15
323 721 8
452 721 10
162 721 9
166 721 12
707 721 9
279 721 9
605 722 4
690 722 9
640 722 8
139 722 9
260 722 8
382 722 6
459 722 7
148 722 9
255 722 11
416 722 14
385 723 10
455 723 10
466 723 12
538 723 9
254 723 9
334 723 10
625 723 8
684 723 7
675 723 13
349 724 9
462 724 12
440 724 9
57 724 12
442 724 9
61 724 12
459 724 10
516 724 8
709 724 13
320 724 10
483 725 9
550 725 11
725 735 10
560 725 12
639 725 12
197 725 9
545 725 12
111 725 11
725 733 11
209 726 8
234 726 10
385 726 9
726 747 11
483 726 7
615 726 6
726 730 11
462 726 10
532 726 10
256 726 12
101 726 10
343 727 8
355 727 8
367 727 10
322 727 11
452 727 10
380 727 8
101 727 8
125 727 9
337 727 12
529 727 10
65 728 10
16 728 9
42 728 13
130 728 13
177 728 9
444 728 9
52 728 8
284 728 9
255 728 10
686 728 12
273 729 10
130 729 12
400 729 13
684 729 12
300 729 10
579 729 9
639 729 10
404 729 10
703 729 12
241 730 12
37 730 10
352 730 9
261 730 9
193 730 10
667 730 11
63 730 10
51 730 9
555 730 12
271 731 6
509 731 8
100 731 10
327 731 11
122 731 11
385 731 9
13 731 8
367 731 13
483 731 13
439 731 10
478 732 10
176 732 14
362 732 11
187 732 11
136 732 11
468 732 13
110 732 9
123 732 10
497 733 10
167 733 13
352 733 12
162 733 11
384 733 13
733 741 8
695 733 11
724 733 9
48 733 8
63 733 11
534 733 16
691 734 12
642 734 11
2 734 13
398 734 10
614 734 13
1 734 9
574 734 15
163 734 10
417 734 11
351 735 9
687 735 9
732 735 14
303 735 10
231 735 9
560 735 12
239 735 8
569 735 11
341 736 10
293 736 10
475 736 13
647 736 10
491 736 12
415 736 11
110 736 11
682 736 13
106 736 10
562 736 11
712 736 12
71 737 12
311 737 13
386 737 9
480 737 7
446 737 12
228 737 11
530 737 9
260 737 9
203 737 9
42 737 10
176 738 10
689 738 12
272 738 10
385 738 8
343 738 9
120 738 12
46 738 12
124 738 15
434 738 12
712 739 8
649 739 11
400 739 8
657 739 11
382 739 11
402 739 9
353 739 10
36 739 6
278 739 13
533 740 7
41 740 11
15 740 9
372 740 10
514 740 10
452 740 10
423 740 11
594 740 15
484 740 9
578 741 10
395 741 13
501 741 14
701 741 11
161 741 10
4 741 12
352 741 10
559 741 9
193 741 11
564 741 11
338 741 13
399 742 12
654 742 10
283 742 8
25 742 10
632 742 11
714 742 14
165 742 10
403 742 8
296 743 12
369 743 12
289 743 11
222 743 9
84 743 9
613 743 10
716 743 8
501 743 9
467 743 9
196 744 9
337 744 13
568 744 10
265 744 12
617 744 10
459 744 12
78 744 12
740 744 10
307 744 9
310 744 13
470 744 7
347 745 11
682 745 10
607 745 7
601 745 10
301 745 12
628 745 10
589 745 8
353 745 10
428 745 13
242 746 10
493 746 9
420 746 13
160 746 12
596 746 13
706 746 12
562 746 14
317 746 8
209 746 11
389 746 8
550 747 6
666 747 14
140 747 9
88 747 9
421 747 12
200 747 8
61 747 9
108 747 12
509 747 6
544 747 10
705 747 10
112 748 11
665 748 11
542 748 11
73 748 10
222 748 10
79 748 11
260 748 12
557 748 9
194 748 14
176 748 11
716 748 6
82 749 8
253 749 8
380 749 10
622 749 9
577 749 14
210 749 9
192 749 12
488 749 9
293 749 11
729 749 10
254 749 11
