750
0
3
8
3
8
6
8
6
4
6
5
2
2
4
6
8
2
3
6
9
4
5
9
9
3
1
4
10
9
6
8
1
9
9
2
2
5
4
5
7
6
7
2
3
9
5
5
6
5
8
1
1
6
4
6
8
6
9
5
8
6
4
4
7
6
4
2
3
5
6
2
1
4
6
9
5
2
6
4
3
3
9
5
10
7
4
8
10
2
7
5
2
6
2
1
1
2
5
9
8
8
5
1
3
3
6
3
3
4
3
9
2
8
3
5
3
6
2
10
4
4
9
10
4
2
7
10
2
5
8
1
6
7
6
4
5
1
7
10
4
6
6
9
8
8
6
6
5
7
5
6
2
10
7
7
5
2
6
7
1
5
6
6
3
10
5
3
5
9
9
6
5
4
1
2
10
6
8
5
9
9
3
9
7
7
5
5
6
4
6
3
6
4
3
2
9
6
2
4
2
1
8
10
6
5
2
8
2
4
10
3
10
6
2
4
5
4
3
4
4
2
10
7
5
1
9
5
9
3
3
8
4
3
7
5
6
6
5
10
6
6
8
9
6
2
5
4
3
10
7
4
3
3
9
8
4
4
4
2
9
2
10
5
7
5
10
3
4
9
2
5
10
10
7
7
10
5
6
2
8
9
3
1
3
9
3
3
6
6
4
4
5
8
6
2
6
7
6
5
4
5
7
5
9
7
9
10
10
2
8
6
4
3
4
6
6
9
2
4
8
9
8
9
7
2
1
3
5
7
3
8
7
8
3
6
3
7
7
5
7
10
6
2
8
7
9
2
5
6
4
6
2
8
1
4
1
10
7
5
9
9
1
9
4
8
3
10
10
1
3
4
9
6
4
7
10
1
3
2
6
4
4
3
6
6
10
1
7
6
9
2
3
3
6
2
7
3
5
2
2
5
8
6
4
10
7
6
3
9
8
9
5
2
9
9
2
2
8
7
4
2
4
8
3
5
4
4
5
9
2
9
7
7
8
9
10
3
4
5
5
6
6
9
4
3
9
5
6
9
5
8
2
6
2
2
8
8
7
1
8
4
10
7
9
9
7
10
3
1
9
8
5
8
3
4
3
3
4
9
7
3
8
10
9
8
7
8
2
1
2
2
6
8
1
10
9
9
10
7
4
5
2
5
5
8
6
7
8
8
9
9
3
5
6
6
7
5
6
8
1
7
4
3
2
5
7
6
10
6
2
6
10
10
3
5
10
1
6
3
2
2
8
4
7
9
5
8
4
3
8
2
8
8
5
8
1
9
1
5
4
2
4
7
6
2
2
3
5
8
9
7
9
4
5
7
2
9
8
8
5
2
4
4
5
1
2
6
5
7
3
5
7
8
9
8
2
6
3
8
6
1
1
1
7
8
1
1
10
7
9
4
2
2
2
2
6
6
7
3
2
7
3
6
8
4
2
7
2
9
8
7
9
1
4
7
1
9
5
6
5
5
5
10
1
7
9
6
5
4
3
2
6
6
6
4
1
7
6
5
6
2
2
2
4
8
8
7
5
6
5
10
4
4
5
6
8
7
2
5
5
2
4
1
3
5
7
6
4
3
7
8
9
4
6
9
7
1
7
5
6
8
8
6
3
6
5
5
8
3
9
7
9
9
8
2
6
1
3
9
3
6
2
4
4
4
1
2
7
3
8
6
1
7
7
3
8
9
8
7
8
6
1
9
4
8
9
6
9
1
9
0 286 10
0 679 15
0 409 11
0 531 10
0 273 12
0 658 11
0 198 9
0 330 7
0 383 11
0 476 12
1 439 11
1 641 11
1 513 9
1 305 7
1 625 9
1 443 10
1 635 9
1 416 7
1 325 8
1 179 10
1 420 11
2 623 10
2 541 10
2 710 4
2 426 12
2 671 8
2 433 10
2 113 13
2 350 11
2 601 11
2 408 10
2 377 10
3 245 13
3 538 9
3 382 11
3 577 9
3 61 11
3 478 11
3 519 11
3 686 10
3 65 11
3 719 13
3 312 11
4 429 12
4 427 9
4 494 8
4 261 12
4 425 14
4 740 11
4 545 10
4 390 8
4 588 7
4 199 12
5 423 11
5 311 8
5 291 11
5 159 6
5 745 10
5 151 13
5 535 11
5 207 13
5 210 14
5 492 13
5 466 13
6 297 11
6 659 9
6 718 9
6 519 12
6 731 13
6 242 14
6 402 12
6 308 8
6 487 9
6 388 12
7 484 7
7 207 11
7 628 11
7 550 11
7 225 12
7 331 14
7 156 9
7 65 13
7 54 13
7 434 9
8 135 10
8 140 14
8 627 8
8 521 10
8 457 8
8 289 9
8 269 9
8 739 12
8 697 13
6 8 8
9 50 10
9 465 6
9 693 10
9 670 12
9 293 13
9 303 8
9 324 11
9 310 8
9 512 14
9 749 11
10 62 12
10 149 13
10 209 10
10 117 9
10 365 14
10 607 12
10 657 11
10 669 12
10 57 8
10 32 9
10 348 11
11 628 10
11 616 14
11 582 13
11 562 7
11 95 8
11 216 8
11 355 11
11 498 8
11 334 11
11 124 10
12 116 13
12 719 11
12 456 9
12 650 13
12 269 10
12 331 10
12 512 8
12 95 12
12 357 11
12 256 7
12 110 16
13 728 11
13 673 10
13 373 11
13 708 7
13 699 10
13 727 9
13 350 11
13 108 9
13 284 15
13 702 9
13 454 11
14 326 11
14 112 8
14 384 8
14 458 11
14 388 9
14 471 9
14 600 12
14 455 9
14 184 11
14 16 14
15 20 9
15 472 10
15 437 11
15 200 9
15 624 13
15 53 10
15 247 12
15 258 10
16 556 11
16 154 10
16 207 9
16 343 8
16 106 15
16 303 14
16 453 11
16 243 9
16 111 9
16 38 10
16 618 12
17 396 6
17 347 12
17 486 9
17 556 11
17 629 13
17 356 11
17 620 9
17 145 10
17 341 11
17 308 11
17 436 13
18 32 9
18 593 11
18 571 11
18 148 13
18 73 9
18 579 11
7 18 11
18 201 9
18 243 10
19 397 12
19 127 10
19 295 9
19 528 14
19 394 12
19 189 10
19 237 9
19 43 11
5 19 15
19 343 11
20 721 11
20 228 11
20 719 13
20 620 12
20 21 13
20 204 10
20 446 9
20 298 7
20 194 7
20 66 11
20 449 9
20 275 10
21 34 10
21 145 9
21 597 13
19 21 11
21 211 11
21 625 8
21 649 13
21 476 8
21 414 8
21 735 11
21 152 13
22 163 12
22 372 10
22 663 9
22 98 8
22 508 11
22 368 12
22 446 10
22 390 12
23 73 10
23 473 8
23 408 10
23 176 9
23 194 14
23 269 13
23 163 13
23 29 11
23 626 9
23 44 15
23 316 11
24 663 10
24 176 11
24 521 13
24 279 9
24 541 12
24 211 11
24 641 9
24 311 9
25 533 8
25 435 11
25 89 13
25 382 10
25 727 9
25 613 11
25 78 9
25 481 14
25 607 9
25 394 6
26 495 7
26 544 11
26 424 11
26 228 9
26 317 9
26 81 10
26 682 7
26 104 12
26 714 13
26 474 10
27 320 8
27 53 12
27 110 10
27 642 7
27 118 13
18 27 17
27 337 13
27 384 12
27 199 8
27 44 10
27 691 9
27 471 10
28 196 11
28 526 7
28 656 6
28 172 10
28 624 10
28 243 9
28 104 9
28 298 11
28 435 9
28 506 8
28 380 11
29 446 7
29 251 10
29 71 14
29 566 7
29 406 8
29 468 9
29 469 9
29 621 13
29 46 16
29 659 11
30 368 14
30 651 10
30 572 14
30 142 11
30 714 15
24 30 11
30 334 11
30 692 11
30 300 13
30 328 12
31 497 10
31 423 9
31 146 11
31 229 9
31 88 7
31 511 10
31 266 12
31 64 9
31 461 9
32 665 4
32 163 10
32 227 12
32 127 9
32 703 12
32 699 9
32 281 9
32 406 10
32 92 9
32 107 8
33 42 13
33 388 12
33 424 12
33 489 14
33 715 9
33 85 8
33 364 12
33 221 9
33 505 9
34 107 7
34 586 13
34 681 10
33 34 11
34 137 12
34 309 11
34 628 8
34 49 10
34 637 12
35 713 12
35 541 8
35 367 11
35 615 7
35 68 7
35 507 14
35 232 11
35 445 13
35 200 11
36 710 11
36 721 13
36 41 10
36 414 6
36 745 13
36 167 10
36 398 11
36 689 12
36 438 12
1 36 10
36 630 9
34 36 9
37 190 9
37 218 9
37 510 13
28 37 10
37 377 8
37 87 11
37 731 7
37 476 11
37 501 13
38 344 9
38 455 6
38 575 11
38 732 15
38 330 9
38 639 10
38 403 11
38 655 11
38 595 11
38 443 10
39 154 13
39 584 11
39 533 8
39 116 13
29 39 9
39 358 6
39 424 7
39 266 8
40 484 10
40 268 9
40 561 9
40 291 9
40 440 14
40 523 9
40 594 10
40 589 9
40 112 10
40 550 11
41 137 12
41 715 12
41 709 15
24 41 8
41 319 12
41 412 6
15 41 12
41 660 12
41 518 10
41 285 11
41 683 11
42 488 9
42 216 11
9 42 13
42 381 7
42 529 13
42 426 14
19 42 9
42 393 12
43 716 11
43 405 7
43 586 11
43 551 13
43 481 13
43 164 9
43 591 8
43 670 13
43 640 10
43 196 11
44 321 10
44 702 13
44 319 12
44 213 10
44 650 10
44 353 9
44 345 13
44 289 13
44 252 8
38 44 11
45 540 10
45 84 8
45 404 8
45 464 11
45 599 14
45 575 11
45 613 12
45 111 12
13 45 9
45 103 11
46 202 12
27 46 10
46 146 9
46 733 14
46 713 10
46 614 9
46 124 13
46 687 10
46 249 12
46 197 8
46 172 12
46 90 9
47 230 12
47 525 10
47 272 9
47 344 11
47 243 11
47 444 11
47 388 8
47 98 8
47 222 8
47 135 8
48 612 12
48 357 12
48 532 12
48 488 11
48 655 13
48 212 11
48 656 14
48 84 12
48 742 12
48 279 7
49 93 9
49 256 10
49 606 10
49 322 14
49 513 13
49 649 7
49 210 12
49 51 11
49 152 9
49 334 8
50 102 10
50 406 13
50 361 10
50 498 11
50 112 8
50 400 12
50 464 9
50 296 10
50 338 15
50 198 7
50 85 7
51 620 8
51 264 9
51 298 11
51 446 9
51 284 12
9 51 12
51 263 12
51 499 13
51 590 12
52 464 11
52 377 10
52 429 13
52 628 11
52 583 8
52 259 13
52 727 10
52 530 11
17 52 15
53 400 11
53 157 10
53 675 9
53 391 9
53 550 9
53 631 8
53 348 13
13 53 9
53 99 9
53 308 11
53 373 10
54 595 12
54 386 12
54 316 11
54 601 8
54 624 12
54 440 9
54 480 11
54 498 9
54 313 11
55 214 8
55 284 10
55 60 12
55 701 8
55 564 13
55 361 10
55 697 14
55 62 7
56 706 10
41 56 7
56 322 13
56 278 11
56 632 12
56 580 9
56 150 13
56 247 10
56 692 14
57 129 10
57 179 10
57 744 7
57 82 11
57 502 11
57 167 13
57 659 11
57 551 12
57 569 11
57 365 10
57 246 11
57 65 9
58 66 11
58 90 9
58 552 7
58 694 10
10 58 10
58 577 8
58 521 10
58 654 10
58 64 13
58 166 10
58 281 10
59 637 11
59 476 11
7 59 14
59 688 11
59 732 10
59 76 9
59 159 6
59 185 9
59 739 10
59 471 11
60 107 10
60 701 15
60 262 12
60 265 11
43 60 7
60 670 11
60 662 8
60 499 11
60 121 8
60 454 12
61 561 14
61 103 12
61 624 8
61 500 10
61 325 11
61 124 8
61 650 9
61 588 10
61 513 12
61 414 10
10 61 11
61 532 12
62 106 9
62 609 11
62 595 10
62 265 12
18 62 10
62 97 10
62 684 10
62 435 11
62 599 12
62 294 13
63 109 9
63 661 8
63 677 11
63 652 9
63 103 10
63 463 10
63 196 9
63 85 10
63 178 14
63 347 9
0 64 9
64 623 14
64 312 9
64 448 9
64 661 9
64 707 11
64 408 9
64 314 12
64 107 10
64 693 9
65 221 9
65 309 9
65 135 9
65 492 12
65 371 9
65 154 8
65 127 9
65 314 4
65 255 11
65 407 8
66 570 10
66 601 13
66 151 7
66 374 9
66 417 12
66 143 10
66 233 12
66 610 10
66 416 11
66 562 12
66 542 14
67 241 13
67 460 9
67 355 13
67 533 11
67 602 12
67 316 12
67 211 10
67 143 7
67 483 9
68 209 12
68 589 12
68 116 8
68 361 8
68 681 10
68 641 11
68 622 9
68 376 9
68 680 12
68 165 10
68 353 10
68 685 11
69 102 9
69 620 8
69 191 11
69 326 14
69 424 13
69 355 8
69 251 11
69 332 11
69 716 6
69 139 10
69 167 12
70 476 9
70 457 10
70 718 10
70 331 9
70 618 12
70 362 10
70 603 10
70 118 9
18 70 9
70 335 11
70 520 11
71 517 12
0 71 6
71 589 12
71 498 10
71 379 10
71 459 11
71 343 11
71 475 11
71 490 11
71 381 9
71 146 10
72 218 10
72 603 8
72 434 9
72 113 12
72 474 11
72 737 12
72 221 13
72 223 13
72 119 9
73 452 11
73 174 15
65 73 13
73 735 10
73 593 11
73 271 11
73 558 13
73 247 9
73 591 11
73 503 11
73 473 8
74 84 9
74 302 9
74 157 12
74 258 11
74 235 12
74 91 7
74 495 11
74 288 7
74 728 7
44 75 11
75 428 11
75 106 10
75 573 14
75 721 10
75 157 15
75 319 7
75 744 10
48 75 11
76 594 8
76 279 14
70 76 12
76 518 10
76 486 9
76 200 8
76 326 9
76 554 9
76 170 11
76 460 5
76 467 12
77 446 11
77 666 13
77 164 11
77 271 9
77 606 11
77 444 11
77 129 10
77 82 8
78 499 8
78 396 11
78 446 12
78 487 10
65 78 12
78 451 9
78 281 7
78 414 11
78 625 9
79 665 8
79 672 10
79 458 9
79 516 12
79 282 10
79 696 15
58 79 10
79 627 11
79 160 13
79 266 9
79 324 13
80 581 11
80 226 12
80 141 11
80 194 12
80 123 10
80 430 9
80 212 11
33 80 10
80 565 12
81 290 10
81 743 13
66 81 12
81 88 14
81 187 9
24 81 9
81 170 15
81 105 9
81 228 14
58 81 11
82 267 9
82 147 9
82 598 14
82 86 12
82 166 9
82 697 10
75 82 11
82 704 13
82 202 11
82 540 11
0 83 11
83 437 14
81 83 7
83 591 11
83 419 11
83 229 9
83 233 13
83 250 10
84 143 11
84 562 10
84 155 9
84 715 12
84 364 13
84 507 11
84 216 13
84 497 14
84 304 8
85 720 11
85 576 10
85 221 10
24 85 10
85 104 7
85 296 9
85 86 12
85 224 10
85 494 11
85 603 8
85 705 9
86 481 13
86 635 12
86 255 13
86 160 8
20 86 12
86 293 10
86 440 9
86 617 12
86 133 11
87 419 12
87 465 14
38 87 7
87 319 12
87 632 12
0 87 12
87 461 13
87 601 11
87 674 10
87 186 12
70 87 8
88 562 10
88 575 9
88 456 9
88 101 14
88 395 9
88 586 14
88 342 9
88 737 12
88 546 6
1 89 13
89 161 14
89 594 12
24 89 9
89 444 12
89 287 11
89 102 8
89 175 14
89 219 13
89 620 14
60 89 6
90 476 9
90 118 9
90 109 10
90 381 12
90 189 11
90 181 7
90 608 13
90 375 8
34 90 13
90 394 11
90 156 10
91 735 10
91 722 9
91 459 10
91 591 10
91 314 9
4 91 9
91 493 10
91 604 10
91 318 12
92 321 10
92 660 12
38 92 9
92 143 10
31 92 13
92 138 7
92 220 10
92 279 9
92 656 14
92 134 12
92 339 11
93 192 11
51 93 11
93 558 13
93 463 9
93 658 9
93 134 8
93 426 6
93 507 11
93 175 10
93 553 11
94 172 14
72 94 15
94 105 11
94 263 12
32 94 11
94 737 12
94 550 11
94 579 10
94 456 14
94 185 16
95 380 11
95 662 12
95 209 13
95 99 12
95 224 11
95 443 11
95 422 12
95 236 11
95 204 12
95 353 9
96 201 11
96 362 8
96 262 10
96 531 10
96 249 8
37 96 12
96 646 9
96 373 10
96 180 11
2 96 9
97 150 10
97 199 11
97 274 13
97 710 9
97 706 11
97 228 12
97 136 12
97 353 11
97 382 13
98 584 15
50 98 10
98 565 11
98 359 9
98 480 15
10 98 14
98 229 10
98 724 12
98 134 7
98 471 11
99 380 10
99 610 9
99 210 9
99 395 12
99 653 10
99 300 9
99 149 5
99 567 11
99 280 7
99 141 10
100 483 9
100 506 7
100 347 9
100 566 9
100 468 9
100 287 13
100 729 9
100 346 12
100 415 10
40 101 11
101 636 10
101 539 11
101 561 8
2 101 11
101 448 11
101 133 10
101 205 9
10 101 12
101 210 7
102 335 8
102 146 12
102 105 12
102 413 10
23 102 12
98 102 8
102 669 10
102 120 11
102 559 11
102 116 9
102 700 11
103 350 9
103 133 9
89 103 11
81 103 12
103 442 12
103 401 9
103 465 10
15 103 14
103 236 10
103 149 11
104 583 11
104 412 9
104 512 5
66 104 11
104 566 10
104 634 8
104 749 7
104 275 9
104 219 11
104 687 9
105 108 9
105 419 8
105 662 5
105 742 10
105 300 5
105 526 12
105 377 16
105 243 17
105 428 4
106 559 7
106 520 10
106 488 10
106 337 12
106 718 11
106 149 13
106 580 9
106 118 14
106 327 11
106 487 11
106 178 10
106 286 12
107 495 11
107 381 13
107 458 11
107 470 12
107 684 12
107 318 12
107 208 8
107 300 9
107 609 8
66 108 12
108 378 12
108 223 10
108 174 10
108 201 12
108 735 9
108 741 12
70 108 12
108 500 12
109 591 7
109 227 8
109 192 9
109 183 7
78 109 12
16 109 11
109 290 11
109 384 9
109 441 8
109 157 10
110 602 10
110 402 13
9 110 10
110 349 14
110 390 9
110 439 13
110 510 10
110 496 11
110 381 14
110 229 10
111 435 12
111 711 9
111 220 9
111 706 14
111 747 9
111 377 14
111 409 11
111 551 13
111 223 7
112 659 10
112 130 10
112 157 13
6 112 8
112 569 10
112 449 8
112 506 15
112 584 10
112 452 10
78 112 7
113 165 11
113 730 10
113 539 13
82 113 14
113 485 8
113 513 10
113 187 9
113 261 13
22 113 10
113 641 9
114 657 10
114 295 11
114 207 12
114 606 13
114 373 9
114 421 13
114 342 10
114 366 9
115 614 10
115 582 9
21 115 13
115 538 11
115 341 7
115 369 7
115 551 11
65 115 10
115 395 6
115 148 7
116 732 10
116 429 14
23 116 10
116 450 10
116 390 9
116 532 13
116 127 10
116 474 11
116 407 15
20 116 8
117 361 13
117 536 13
117 243 12
117 476 7
117 168 12
14 117 9
81 117 9
117 627 5
117 675 9
118 360 7
118 512 9
118 311 8
118 394 8
118 686 10
118 320 10
118 527 13
118 390 10
118 515 10
118 519 11
119 411 13
96 119 12
119 230 10
119 473 10
119 160 11
41 119 13
119 304 9
119 713 14
119 259 12
112 119 9
120 122 10
120 145 13
110 120 8
120 385 12
112 120 8
120 304 11
120 194 12
120 350 11
23 121 9
121 442 12
121 706 12
121 212 8
121 216 13
121 470 9
121 340 12
121 410 10
83 121 11
31 121 9
121 735 10
122 188 11
122 301 11
122 300 9
97 122 7
122 556 13
11 122 11
122 696 7
122 130 13
122 326 6
122 273 8
122 523 7
123 674 7
111 123 9
123 232 8
123 340 11
123 198 11
123 302 12
123 675 14
123 666 6
123 430 14
123 221 10
124 259 7
124 603 12
124 276 10
124 344 7
124 310 12
124 372 8
124 539 10
124 188 11
26 124 10
125 137 9
125 626 9
125 429 10
38 125 9
125 544 10
125 487 11
125 733 9
125 673 10
125 432 8
125 713 10
126 489 11
126 454 9
97 126 11
126 226 10
126 474 9
126 503 12
126 525 10
126 377 12
126 563 9
126 183 9
126 615 8
127 600 12
127 416 9
127 526 10
73 127 7
127 249 12
37 127 8
127 281 10
127 222 10
115 127 12
120 127 11
128 417 13
45 128 7
128 541 11
128 325 8
128 173 11
128 586 9
128 614 9
128 356 12
128 361 10
129 404 12
129 362 7
129 573 9
129 489 12
129 708 7
129 375 9
129 227 9
129 388 12
129 560 11
129 669 9
129 728 10
130 200 11
130 167 13
130 506 6
130 442 12
130 156 10
48 130 7
130 665 12
130 673 7
130 264 7
130 331 11
131 289 11
131 487 9
131 209 13
131 565 13
131 520 7
131 292 10
131 625 8
131 646 11
131 397 11
131 153 9
131 456 10
132 244 11
132 738 10
132 627 11
132 487 12
132 272 14
132 740 13
132 185 9
132 434 14
132 167 10
132 552 12
133 512 12
133 642 12
133 727 12
52 133 12
133 640 11
133 286 9
133 147 10
118 133 11
133 737 10
134 143 9
119 134 10
134 365 9
134 579 12
134 742 15
134 653 12
134 512 9
88 134 8
134 408 8
135 447 13
100 135 7
135 247 11
135 159 10
135 187 9
135 350 10
135 472 12
135 735 10
135 384 11
136 528 12
136 624 12
136 294 14
136 540 12
45 136 12
136 261 10
80 136 11
136 238 9
136 497 8
136 621 12
137 516 12
137 434 9
59 137 9
137 742 9
137 589 12
137 357 8
137 599 14
137 284 12
137 657 11
137 398 13
138 482 17
138 347 11
138 166 10
52 138 12
138 717 12
138 495 11
138 467 14
138 308 11
138 547 14
138 421 7
138 711 10
138 312 10
128 139 12
139 568 12
139 483 9
68 139 9
139 543 10
139 306 11
139 634 7
17 139 13
139 631 13
140 571 13
140 215 13
140 477 11
140 422 9
140 623 11
107 140 13
140 193 8
140 496 8
140 567 11
140 728 12
140 592 12
141 463 8
141 615 9
127 141 8
141 541 12
141 424 10
141 702 10
141 504 13
71 141 12
141 684 12
142 301 13
142 385 10
76 142 11
142 158 11
142 500 8
142 451 6
45 142 13
142 389 10
142 465 9
142 645 9
143 145 9
143 193 9
143 647 8
143 249 10
143 416 11
24 143 14
143 275 15
143 608 10
143 562 12
143 738 12
144 423 8
86 144 10
142 144 8
144 551 9
144 294 11
144 501 9
144 677 11
144 624 12
131 144 9
144 734 10
145 180 7
145 485 10
145 577 8
145 181 11
90 145 12
145 648 14
114 145 8
109 145 10
102 145 10
146 341 10
146 327 9
90 146 13
146 485 10
146 729 10
146 483 14
146 591 11
146 201 9
146 652 13
146 208 8
138 146 9
147 638 6
147 264 14
147 271 10
147 290 12
45 147 6
147 664 12
147 595 10
147 299 9
147 440 11
148 160 12
148 345 11
148 392 15
148 361 12
148 463 11
148 689 12
148 408 11
129 148 13
148 247 11
114 148 11
149 699 12
149 267 13
149 225 13
149 414 8
149 728 6
149 280 7
149 214 7
148 149 12
149 721 12
150 390 11
150 171 8
150 161 14
150 540 7
150 514 10
150 740 16
150 479 6
11 150 10
120 150 16
150 659 9
151 664 12
151 206 14
151 301 10
151 441 10
151 263 7
94 151 8
131 151 11
151 738 7
108 151 10
152 374 8
152 640 11
152 681 10
54 152 13
152 187 6
152 528 12
152 714 9
152 741 9
152 721 12
85 152 13
153 172 12
153 532 10
153 181 9
153 488 7
153 342 12
153 506 11
153 269 14
153 642 11
153 672 8
153 734 10
153 174 12
154 292 13
154 415 8
25 154 10
154 211 9
154 206 8
154 342 10
154 245 12
154 201 14
137 154 7
154 511 9
38 155 11
67 155 7
54 155 9
155 275 9
155 660 11
155 689 12
155 250 7
155 682 9
155 525 13
155 520 10
156 679 7
156 312 9
156 180 9
156 242 8
156 697 10
47 156 11
23 156 13
156 366 9
68 156 11
156 420 10
157 248 11
11 157 15
14 157 10
157 348 6
157 461 11
157 708 11
157 641 11
157 406 8
157 619 10
157 687 14
158 251 14
158 529 9
158 391 12
158 468 10
158 448 10
158 248 10
158 573 8
158 355 14
87 158 11
34 158 12
76 159 11
159 459 11
159 556 13
159 582 13
159 369 9
159 537 9
159 651 10
27 159 12
159 229 10
143 159 8
21 159 13
159 682 7
160 469 10
160 220 12
160 602 9
160 221 7
160 252 12
160 533 11
160 393 12
160 448 12
160 311 9
57 160 10
120 161 7
161 430 10
161 669 8
70 161 10
161 183 10
161 256 10
7 161 12
161 467 10
161 358 11
40 162 8
162 538 10
162 261 9
162 545 11
162 296 8
162 673 10
162 700 6
162 433 13
162 654 9
162 410 12
163 471 11
49 163 16
163 551 13
163 259 10
163 307 9
163 669 14
163 346 12
163 571 10
163 182 10
164 249 13
47 164 10
97 164 11
68 164 11
2 164 10
164 348 6
4 164 8
151 164 10
164 258 11
164 279 10
164 166 9
126 165 12
50 165 7
165 479 12
165 357 9
147 165 7
165 564 8
165 346 12
165 297 9
165 396 12
165 468 11
166 411 12
166 645 10
166 271 11
166 433 13
166 195 11
166 584 9
166 603 10
166 694 10
135 166 7
167 292 11
61 167 13
167 279 10
167 387 10
155 167 9
127 167 11
167 512 9
167 331 9
167 458 10
102 168 12
168 580 9
168 715 9
168 276 10
168 711 12
73 168 7
168 544 11
168 628 12
168 320 12
169 597 14
169 591 6
169 641 12
169 446 13
50 169 12
169 493 6
169 613 12
169 410 10
169 464 12
169 334 10
112 170 9
73 170 13
170 259 12
170 739 8
31 170 13
170 326 8
170 491 12
0 170 7
170 184 10
170 630 11
171 611 12
171 305 8
171 659 11
171 622 10
111 171 10
171 560 11
47 171 10
171 330 12
171 302 12
172 321 10
127 172 7
157 172 15
56 172 12
172 511 10
10 172 12
172 709 9
172 715 11
172 514 9
172 533 10
173 306 11
71 173 11
173 425 10
173 223 9
120 173 10
173 332 10
28 173 11
102 173 10
30 173 9
173 200 12
174 657 11
9 174 15
174 590 5
126 174 10
174 749 8
131 174 15
174 583 10
174 618 9
174 449 8
105 174 10
175 255 8
175 267 9
175 293 10
166 175 8
59 175 8
56 175 10
175 536 9
175 499 10
175 277 15
175 629 14
176 494 8
176 625 11
121 176 11
176 622 6
77 176 13
176 731 9
176 288 8
65 176 12
176 544 9
176 469 11
176 602 9
177 556 8
177 658 10
177 693 14
88 177 9
177 641 12
177 221 11
177 725 12
177 620 7
133 177 13
145 177 9
30 178 10
178 727 13
178 657 12
178 554 10
28 178 12
103 178 11
178 494 9
178 639 15
178 422 12
178 579 12
179 702 9
179 727 9
179 560 9
179 419 11
179 435 10
179 632 13
179 286 9
179 489 8
179 743 8
179 324 11
179 318 7
110 179 9
8 180 12
89 180 10
16 180 11
180 540 9
180 662 6
180 723 10
180 563 11
180 626 12
93 180 10
180 715 12
181 440 14
181 257 8
181 446 9
181 321 11
181 619 10
17 181 9
181 398 8
181 336 12
181 301 11
181 548 10
181 284 10
182 658 10
182 256 10
182 501 7
144 182 10
182 454 8
182 341 11
182 504 12
182 622 11
182 183 7
182 686 11
183 734 12
183 393 10
183 539 10
183 201 6
76 183 11
183 286 16
183 429 14
69 183 8
170 183 12
183 569 9
183 195 7
175 184 11
96 184 12
109 184 6
47 184 14
106 184 9
184 698 8
72 184 9
88 184 13
184 629 12
185 649 10
22 185 10
185 288 12
185 230 12
185 688 7
185 630 12
185 501 11
185 586 9
185 222 12
101 185 9
186 251 6
186 436 12
186 457 11
186 745 9
186 584 9
186 674 11
109 186 15
186 562 10
186 333 11
124 186 9
187 666 7
187 375 11
0 187 11
187 201 12
187 248 10
30 187 12
187 508 13
187 625 11
188 354 11
49 188 10
188 265 12
188 220 13
164 188 11
188 340 14
188 697 11
188 227 13
128 188 10
189 472 10
189 390 12
189 233 13
189 416 14
189 461 11
189 587 8
172 189 8
189 218 13
189 203 14
189 300 10
190 443 10
190 581 10
190 372 7
190 640 11
154 190 9
190 198 13
190 289 11
190 439 10
191 556 12
191 219 13
191 635 10
191 503 13
191 229 8
191 380 12
191 677 12
191 227 14
191 242 10
125 191 10
191 293 11
192 684 12
192 210 13
192 623 7
192 248 12
192 273 8
192 326 10
28 192 8
192 238 12
192 626 13
192 530 12
192 349 12
193 632 9
189 193 12
193 400 10
193 517 12
193 218 11
28 193 10
88 193 12
193 280 12
193 683 9
57 193 8
193 438 13
194 432 9
194 208 9
70 194 12
194 653 10
194 598 8
194 244 9
194 743 13
194 197 10
194 631 12
195 366 11
195 621 9
195 741 11
110 195 12
195 522 9
195 545 8
164 195 10
195 689 11
195 374 10
161 195 9
195 574 9
196 313 11
196 251 9
196 405 9
101 196 9
196 400 13
196 198 10
196 233 7
196 614 8
196 338 8
148 197 10
197 198 10
197 300 9
197 677 7
133 197 12
4 197 13
197 436 16
197 371 13
197 314 13
94 197 10
198 587 12
198 390 9
198 506 13
198 500 10
198 227 10
198 558 13
198 324 14
198 445 11
198 223 12
198 253 12
199 582 11
2 199 14
117 199 11
199 201 8
199 392 6
199 635 10
199 549 13
199 276 9
199 591 10
29 199 10
200 527 10
2 200 11
17 200 12
200 702 9
200 428 9
184 200 14
140 200 12
200 434 9
200 664 13
200 627 11
201 534 12
139 201 15
201 215 10
201 568 12
163 201 9
143 201 14
201 210 13
79 201 10
201 738 11
201 706 10
201 677 14
202 268 12
202 279 10
202 514 10
202 556 8
202 645 12
202 688 12
202 690 10
202 633 12
95 203 11
203 469 10
203 676 13
203 405 10
203 614 8
203 540 10
177 203 9
134 203 13
203 284 11
203 232 9
33 203 12
203 289 12
204 304 9
204 470 12
204 245 12
204 483 7
204 540 8
204 379 9
159 204 12
204 610 13
100 204 11
204 570 8
205 436 14
205 375 11
205 322 13
205 246 10
205 670 8
205 479 12
205 327 13
205 537 11
109 205 13
158 205 11
205 463 13
206 734 9
97 206 11
206 612 12
24 206 12
206 235 9
206 279 13
106 206 8
206 487 12
206 326 13
78 206 13
207 277 12
207 240 13
207 209 10
207 714 12
207 304 10
207 353 11
207 573 15
208 626 10
208 339 10
208 733 12
208 418 10
208 388 6
208 510 10
190 208 8
208 508 9
208 342 10
209 222 15
209 613 7
171 209 9
209 359 13
209 544 12
209 338 10
209 422 9
209 363 14
210 295 10
210 608 12
210 336 10
163 210 9
210 322 12
210 736 9
210 236 11
210 221 10
210 345 12
210 213 7
210 594 9
151 211 10
211 749 13
211 618 10
211 460 9
211 337 10
53 211 11
120 211 11
211 220 8
211 221 10
91 211 10
161 211 13
118 211 9
92 212 10
212 251 15
212 686 11
212 367 11
212 705 10
212 426 13
212 324 8
120 212 10
212 562 10
96 212 9
213 329 13
213 523 10
213 339 13
131 213 10
213 217 10
49 213 8
11 213 14
213 548 15
211 213 11
213 479 10
213 572 10
214 528 12
150 214 12
214 447 8
214 678 9
60 214 7
214 441 11
214 640 10
139 214 11
214 525 11
214 512 11
215 333 10
215 656 14
215 609 12
105 215 10
139 215 14
215 534 11
148 215 9
215 502 10
215 249 11
215 742 11
78 216 12
160 216 12
216 353 11
216 684 10
116 216 11
216 628 10
216 355 11
216 385 8
216 390 11
216 741 10
216 425 13
217 236 11
217 430 8
217 317 9
217 643 9
33 217 11
217 582 9
217 615 8
112 217 9
217 420 11
217 254 8
158 218 9
218 581 12
63 218 11
218 649 7
90 218 10
138 218 7
218 339 13
218 298 13
218 469 10
219 296 9
6 219 9
219 564 12
99 219 11
105 219 12
100 219 9
219 268 10
64 219 12
219 700 10
219 524 14
204 220 9
220 688 12
220 478 12
220 295 7
220 421 9
1 220 11
220 526 10
106 220 10
220 663 10
221 505 13
174 221 13
221 233 12
221 377 11
178 221 9
221 297 13
221 607 12
221 733 8
221 609 14
221 446 12
136 222 12
53 222 10
222 452 7
222 421 11
222 707 11
72 222 10
222 423 12
102 222 8
222 395 8
5 222 11
222 500 11
19 222 11
223 746 12
34 223 10
104 223 12
172 223 11
151 223 10
223 340 13
223 391 10
105 223 10
163 223 15
223 316 9
224 512 11
224 660 11
224 739 10
224 244 8
224 352 9
224 667 10
224 287 12
224 410 7
224 381 9
224 437 11
55 224 10
225 672 13
225 361 11
225 438 12
225 308 13
221 225 11
225 611 9
1 225 7
225 651 12
225 501 10
226 649 14
226 271 6
89 226 12
226 434 10
226 655 13
226 481 9
226 724 12
226 340 11
226 568 10
226 330 16
226 561 11
102 226 8
227 601 11
227 409 11
227 336 12
227 298 13
160 227 8
227 472 14
51 227 10
95 227 8
145 228 10
228 499 12
228 335 10
228 642 12
228 625 11
228 566 10
228 419 10
228 532 9
39 228 9
53 229 14
150 229 7
229 355 7
229 257 8
220 229 14
229 723 9
229 444 14
229 628 15
229 353 12
229 332 9
230 607 10
230 233 11
230 269 15
15 230 9
230 575 9
230 496 9
131 230 14
230 675 11
230 293 8
22 230 11
231 701 14
231 697 8
231 239 12
231 451 12
231 667 6
231 377 10
231 460 11
231 637 10
231 628 11
20 231 11
231 588 12
229 232 13
232 313 7
232 270 10
232 660 14
232 454 12
232 269 8
162 232 9
232 706 9
232 245 12
233 297 7
233 496 15
233 516 14
0 233 11
233 561 13
233 495 12
76 233 9
233 580 9
233 449 11
233 351 12
234 508 9
81 234 10
234 493 11
234 723 10
86 234 13
101 234 8
182 234 11
234 691 11
234 716 8
234 276 9
234 330 10
235 495 10
235 689 13
235 730 9
235 569 9
188 235 12
89 235 9
91 235 12
235 517 9
235 334 10
43 235 7
235 605 15
125 236 13
236 253 10
154 236 12
127 236 10
236 599 16
70 236 11
236 459 11
130 236 10
236 353 10
236 500 11
137 237 13
237 316 12
237 615 12
217 237 11
237 439 11
130 237 9
237 336 8
237 506 9
237 546 14
237 481 11
238 702 12
238 731 11
238 609 8
238 509 12
238 570 7
238 567 10
238 600 14
238 606 13
238 736 10
239 392 12
239 461 14
239 261 9
239 384 9
239 550 9
239 681 13
4 239 10
239 467 12
239 343 7
239 268 9
240 525 13
240 732 11
240 581 8
240 485 11
240 559 11
240 672 10
240 637 12
240 350 13
240 430 10
241 545 7
241 539 7
200 241 15
166 241 10
241 693 12
241 425 11
241 673 9
241 593 13
170 241 8
65 241 8
241 308 11
170 242 10
242 257 9
242 317 16
242 379 10
242 486 8
31 242 9
1 242 9
242 567 8
62 242 8
242 487 10
119 243 14
243 393 9
48 243 12
6 243 11
243 263 15
243 390 12
243 661 12
243 436 12
243 279 11
243 689 13
243 354 10
244 504 12
223 244 10
244 532 9
244 525 8
54 244 8
244 441 14
95 244 13
244 455 9
244 716 9
228 245 13
245 256 11
245 694 10
24 245 11
245 646 9
245 548 10
245 294 8
245 340 11
245 387 12
246 674 9
219 246 11
246 685 12
246 476 10
246 384 8
79 246 11
246 594 8
246 612 9
104 246 9
246 656 10
180 247 6
247 333 12
247 684 12
247 450 6
247 506 10
247 591 12
182 247 11
247 319 8
247 293 13
247 568 9
248 632 11
62 248 11
248 541 12
248 346 12
248 250 10
248 563 9
248 486 13
78 248 8
32 248 9
248 262 9
249 567 10
249 581 11
249 268 11
249 330 12
50 249 9
249 514 15
228 249 11
249 395 11
249 499 10
249 594 8
16 250 11
250 620 10
250 471 14
250 576 12
250 607 14
194 250 11
250 606 11
218 250 6
250 715 11
251 726 8
251 556 12
251 497 8
251 440 11
251 501 12
251 618 11
251 498 10
251 443 12
251 694 13
183 251 14
3 252 10
252 473 7
91 252 12
54 252 12
154 252 10
252 746 8
166 252 12
252 358 11
143 252 13
252 678 8
252 323 8
17 253 10
253 648 6
253 550 8
9 253 12
253 375 12
253 697 10
253 742 6
253 604 11
253 542 10
209 254 13
254 425 10
77 254 8
254 728 6
206 254 10
226 254 8
84 254 14
254 381 16
254 380 8
255 489 6
255 373 10
255 679 9
255 737 13
255 272 10
255 256 9
255 667 8
255 604 11
255 536 10
256 431 12
63 256 14
256 677 11
241 256 11
243 256 10
225 256 10
256 567 10
256 496 12
22 256 10
256 364 9
36 256 10
257 382 13
257 695 7
257 734 12
257 314 10
52 257 11
257 513 8
257 577 10
198 257 10
193 257 12
257 431 11
257 701 14
258 748 9
194 258 10
122 258 7
258 746 8
25 258 15
258 508 13
239 258 10
38 258 8
258 714 12
258 351 12
259 592 8
259 510 12
27 259 15
109 259 10
259 629 11
259 316 10
51 259 8
74 259 9
259 335 8
192 259 10
260 524 10
188 260 14
260 516 10
260 567 9
260 464 7
17 260 15
260 569 8
260 306 15
260 688 12
260 433 11
48 261 12
261 686 10
261 584 8
166 261 9
244 261 5
261 564 15
261 491 10
261 284 13
261 462 7
261 636 14
261 453 10
214 262 8
262 346 10
124 262 13
262 398 8
262 367 14
222 262 9
262 326 12
262 645 9
262 468 9
262 583 13
41 262 9
263 586 9
263 540 11
263 621 13
263 272 10
263 463 11
67 263 10
91 263 11
263 360 8
33 263 8
264 471 8
212 264 13
264 669 7
264 356 9
13 264 5
264 425 15
186 264 9
264 701 13
77 264 9
265 712 13
265 714 11
99 265 9
265 628 11
265 655 14
265 306 11
265 740 6
265 537 9
77 265 11
172 266 14
123 266 13
266 609 11
266 350 12
266 311 6
266 481 12
266 664 8
266 398 9
14 266 11
266 382 10
267 712 11
267 687 8
158 267 11
6 267 12
252 267 8
267 657 12
121 267 8
150 267 10
18 267 9
267 317 12
221 268 13
268 643 10
156 268 13
268 649 9
268 436 9
268 508 9
268 363 11
50 268 6
268 718 9
25 268 10
88 268 10
9 268 8
269 370 9
269 680 11
137 269 9
269 508 8
122 269 12
78 269 7
269 328 12
219 269 12
207 269 9
270 470 10
270 356 8
270 643 14
270 386 7
270 657 12
181 270 10
270 499 9
270 412 11
155 271 13
271 569 9
218 271 10
62 271 9
229 271 11
271 432 10
271 372 11
271 666 9
271 680 13
271 547 12
271 351 12
271 494 12
44 272 12
127 272 14
272 603 8
272 292 14
205 272 11
92 272 12
272 547 10
272 390 10
49 272 10
103 272 13
272 524 12
60 273 14
273 600 13
77 273 11
19 273 9
151 273 11
273 613 9
109 273 12
273 548 8
273 274 10
34 273 11
273 412 13
32 273 12
274 673 14
101 274 11
274 550 8
274 488 11
274 495 13
233 274 8
159 274 9
108 274 12
274 448 10
274 555 11
274 590 12
40 275 7
275 612 9
78 275 11
260 275 8
275 403 8
224 275 10
225 275 9
275 740 12
275 620 11
276 670 12
276 388 12
122 276 9
22 276 11
276 519 10
276 680 10
276 411 9
187 276 13
81 276 11
27 276 8
277 323 13
204 277 10
277 709 8
189 277 8
277 680 11
277 519 13
277 396 11
277 496 10
278 345 13
98 278 10
278 297 7
278 659 12
179 278 10
28 278 11
94 278 8
278 512 8
207 278 10
155 278 13
44 279 8
15 279 12
279 450 11
279 429 11
222 279 10
193 279 10
279 481 9
279 506 12
279 748 13
279 522 13
280 294 11
280 683 11
280 733 9
280 694 10
97 280 13
280 299 7
44 280 8
201 280 8
146 280 15
281 428 11
281 475 13
88 281 7
281 447 9
154 281 10
281 688 9
25 281 9
281 546 11
0 281 13
281 379 8
263 282 9
185 282 14
282 414 12
219 282 9
105 282 8
282 353 12
282 732 10
282 365 12
282 431 11
282 524 11
282 459 9
283 339 10
283 600 8
283 602 8
283 561 10
283 605 8
118 283 10
96 283 11
283 550 8
265 284 11
193 284 12
284 389 13
284 357 9
284 695 9
284 426 11
284 408 11
284 629 13
116 284 12
285 306 9
5 285 7
264 285 10
285 620 7
285 469 12
98 285 14
92 285 9
285 399 13
285 485 9
285 618 11
216 286 10
75 286 11
286 715 5
286 525 13
286 398 10
286 649 10
286 655 7
286 480 9
286 729 10
286 353 15
33 287 11
287 471 9
287 590 12
24 287 12
287 567 10
287 648 9
287 722 11
263 287 14
251 287 10
287 745 5
287 448 9
288 668 12
39 288 13
246 288 8
288 503 11
288 539 7
288 437 12
66 288 10
288 343 14
288 307 7
153 288 9
288 563 12
288 620 12
289 701 13
201 289 12
279 289 9
143 289 8
289 653 5
289 408 10
132 289 12
289 599 10
289 370 9
289 584 10
130 289 11
290 741 14
290 294 8
290 556 11
290 711 15
290 350 7
290 358 14
164 290 11
47 290 12
290 538 10
290 325 12
291 584 9
291 522 10
291 618 10
291 550 10
291 387 11
291 735 13
186 291 12
291 407 10
291 315 10
291 494 10
188 292 14
39 292 8
292 477 10
217 292 10
292 340 8
292 731 9
292 566 9
292 456 9
292 506 11
265 292 10
292 428 8
115 293 11
100 293 12
293 428 8
293 358 9
293 555 14
293 335 11
293 495 10
293 739 10
39 293 11
293 391 10
50 294 12
140 294 8
294 733 11
294 596 9
294 584 12
294 528 10
294 374 12
87 294 12
294 533 12
294 363 9
295 660 12
295 396 10
231 295 8
295 340 9
228 295 11
295 564 12
295 347 7
295 434 7
110 295 12
10 296 11
141 296 7
296 740 10
19 296 11
296 648 8
296 486 13
291 296 11
64 296 8
91 297 9
123 297 12
297 548 13
56 297 11
297 744 7
297 308 11
234 297 11
264 297 12
15 297 6
298 712 9
298 499 12
240 298 11
298 472 13
294 298 10
298 597 9
298 600 13
103 298 8
298 596 11
298 590 8
165 299 8
299 694 11
299 721 10
299 479 9
1 299 11
299 474 7
299 563 10
299 716 11
95 299 11
299 726 10
300 305 10
300 462 8
300 518 10
300 359 15
34 300 9
300 676 8
300 319 13
300 558 12
300 645 10
301 564 7
301 345 10
301 705 10
301 602 8
92 301 8
301 347 14
301 303 12
301 305 11
201 301 14
301 593 9
302 339 13
266 302 13
278 302 6
302 419 7
302 527 7
302 666 10
164 302 14
3 302 10
211 302 9
303 383 14
54 303 12
303 328 9
303 344 8
235 303 11
303 437 13
3 303 12
303 700 7
303 468 10
235 304 14
156 304 10
304 391 12
127 304 10
304 456 12
304 621 10
304 468 12
245 304 10
304 443 10
304 612 9
203 305 12
305 318 10
174 305 9
305 474 11
305 507 10
305 615 10
305 642 10
305 511 10
77 305 15
306 541 11
306 368 7
306 476 9
306 524 12
240 306 11
306 406 8
306 473 13
115 306 12
306 404 14
307 381 8
250 307 10
246 307 15
156 307 12
166 307 12
45 307 10
54 307 11
307 353 10
307 552 14
108 307 5
308 628 12
47 308 7
308 530 9
308 550 11
308 446 12
31 308 11
308 744 11
203 308 12
308 397 11
308 567 9
308 310 10
206 309 10
309 332 8
309 337 10
309 365 12
77 309 9
309 535 12
277 309 11
309 577 11
309 747 12
309 709 9
310 338 9
310 709 9
2 310 13
310 412 8
33 310 10
310 600 12
310 472 15
310 524 11
13 310 13
260 310 13
310 346 9
311 557 11
311 375 9
311 379 7
108 311 14
115 311 13
86 311 9
9 311 11
311 693 9
311 592 8
224 311 9
312 641 11
312 423 11
173 312 9
81 312 13
70 312 12
53 312 14
312 712 10
185 312 11
260 312 12
206 312 10
312 331 14
313 746 13
313 389 11
313 359 9
313 602 13
313 436 10
255 313 10
313 321 11
313 625 9
313 426 9
17 313 11
313 706 12
314 681 10
314 349 7
314 555 12
193 314 8
314 700 13
283 314 11
314 339 11
314 587 8
290 314 10
305 315 8
186 315 8
315 407 10
208 315 10
265 315 11
240 315 12
39 315 10
304 315 7
315 575 11
34 316 9
316 588 13
316 548 10
159 316 12
316 744 8
316 707 14
316 613 7
316 621 9
79 316 11
291 316 12
316 392 9
317 687 8
317 454 15
317 456 13
317 582 9
317 415 12
317 647 10
317 559 9
317 535 12
317 725 15
280 318 9
318 418 10
318 420 11
73 318 10
318 366 11
318 458 10
136 318 11
318 738 12
318 746 11
253 318 11
319 616 15
319 581 8
299 319 13
318 319 11
122 319 10
118 319 11
196 319 11
13 319 13
319 580 13
202 319 16
319 559 12
88 320 11
320 624 10
320 742 8
320 568 14
320 518 8
285 320 9
320 566 11
320 381 10
30 320 12
137 320 11
321 471 6
321 616 10
321 464 11
321 559 12
195 321 11
321 444 9
321 455 9
117 321 12
58 321 12
321 652 9
216 321 12
281 321 10
167 322 7
322 644 12
207 322 10
322 496 10
322 615 6
268 322 10
322 391 11
322 398 7
322 329 11
322 662 12
323 393 9
40 323 9
292 323 12
323 524 12
323 667 8
323 494 12
135 323 12
323 345 13
323 410 11
323 360 11
307 323 11
324 368 8
324 410 10
324 544 9
324 390 7
111 324 10
100 324 12
324 642 9
226 324 7
324 575 13
324 409 10
324 336 15
325 360 9
325 629 13
325 669 7
276 325 9
325 667 10
325 423 11
325 556 11
325 565 9
325 483 9
92 325 8
325 453 8
326 358 11
326 527 12
326 686 10
326 328 10
326 401 13
326 671 13
326 454 11
169 326 8
326 389 8
326 425 11
327 630 11
327 552 8
250 327 10
256 327 10
327 623 10
327 725 14
286 327 10
327 462 12
327 482 9
328 639 12
328 556 11
115 328 8
72 328 14
328 665 11
328 694 11
118 328 12
35 328 13
174 328 11
236 328 12
187 328 9
118 329 6
232 329 9
113 329 10
329 618 10
329 600 9
329 716 8
221 329 9
225 329 8
329 495 10
161 329 8
329 470 11
330 622 9
330 378 11
330 691 10
330 470 10
330 596 10
330 680 8
330 717 15
330 354 8
183 330 10
161 330 13
15 331 12
331 591 10
331 498 13
56 331 8
331 348 12
158 331 7
154 331 13
30 331 10
271 331 11
168 331 10
33 332 7
326 332 12
154 332 11
332 348 14
163 332 9
71 332 10
270 332 6
332 459 13
332 610 9
158 332 12
333 429 8
333 622 10
333 681 16
178 333 13
173 333 9
333 677 12
333 443 10
176 333 7
274 333 11
333 466 11
334 602 10
167 334 9
334 529 13
232 334 13
107 334 10
334 582 9
334 461 10
334 652 11
334 644 10
334 616 10
334 561 11
335 346 9
5 335 8
92 335 8
30 335 17
335 593 7
335 620 9
335 382 8
89 335 12
335 516 12
335 408 10
335 585 11
335 422 7
336 669 11
336 452 10
40 336 10
87 336 10
336 351 13
336 380 10
336 467 11
143 336 8
272 337 9
319 337 10
80 337 9
337 452 14
337 610 9
186 337 12
337 642 8
337 417 14
103 337 11
337 399 10
117 338 7
115 338 11
218 338 8
338 595 11
338 745 12
63 338 13
128 338 11
338 684 10
338 727 14
148 338 10
339 559 14
339 623 12
103 339 9
339 650 10
116 339 8
339 508 14
122 339 10
242 339 11
339 586 9
339 452 10
340 575 13
340 627 14
36 340 11
340 430 8
147 340 8
340 609 12
137 340 10
340 459 10
160 340 11
341 377 8
237 341 9
317 341 10
341 704 11
64 341 14
341 398 11
208 341 13
72 341 10
341 591 10
259 341 5
342 615 10
342 667 8
64 342 10
342 380 9
342 690 9
248 342 10
342 434 9
342 642 10
342 598 9
342 686 9
342 527 14
343 361 13
303 343 9
343 548 10
343 405 7
124 343 13
343 746 9
134 343 13
343 651 8
60 343 12
343 723 12
21 344 10
344 657 11
344 527 10
262 344 12
261 344 10
344 501 12
344 707 11
267 344 12
259 344 9
213 345 8
345 415 14
165 345 11
279 345 10
345 557 10
345 385 9
49 345 10
345 698 8
144 345 8
110 345 10
7 346 11
346 706 14
133 346 9
105 346 9
346 454 12
346 440 14
346 358 8
346 497 9
346 595 12
346 590 10
347 401 12
347 510 10
347 458 6
347 479 11
219 347 12
11 347 14
347 576 7
240 347 10
347 552 12
203 347 9
110 348 10
348 713 12
135 348 5
348 510 10
348 639 9
299 348 5
313 348 12
60 348 10
349 645 9
349 601 11
349 685 11
336 349 10
349 411 12
5 349 11
286 349 12
349 464 12
349 540 14
349 724 11
349 358 9
171 350 10
350 359 8
350 479 13
350 604 8
191 350 13
350 556 11
350 461 12
350 632 11
214 350 9
304 350 10
351 568 10
351 357 15
351 717 9
329 351 13
192 351 10
351 576 11
351 725 13
187 351 7
348 352 11
330 352 10
352 603 8
228 352 13
352 679 8
188 352 12
352 541 9
352 566 12
352 493 12
352 619 12
281 353 12
221 353 12
308 353 12
341 353 9
353 596 8
353 487 11
353 638 10
353 533 9
353 724 10
354 499 8
354 442 10
354 679 11
326 354 9
159 354 9
354 571 11
354 617 10
354 522 8
354 513 13
354 661 12
355 452 13
189 355 10
339 355 6
355 528 11
355 369 10
36 355 12
355 556 12
19 355 9
355 356 7
72 356 11
356 671 13
254 356 9
36 356 11
356 412 13
78 356 12
324 356 11
356 715 11
147 356 11
10 356 6
357 707 11
357 396 12
357 507 6
357 592 11
74 357 13
92 357 9
357 421 8
268 357 14
105 357 9
357 561 10
331 358 9
222 358 8
169 358 9
358 603 7
358 441 10
31 358 13
358 575 9
358 400 10
294 358 14
358 680 9
321 359 11
359 576 14
359 493 11
359 625 8
268 359 11
359 522 9
359 450 9
343 359 12
359 627 12
141 360 10
360 497 13
360 534 12
360 692 12
161 360 9
266 360 11
360 728 12
360 663 7
360 715 13
360 444 12
360 661 13
361 698 12
259 361 7
77 361 14
361 463 11
361 668 12
307 361 9
318 361 6
17 361 12
287 361 7
221 361 8
362 630 9
299 362 12
362 514 10
362 488 11
5 362 11
362 553 8
362 549 8
362 450 10
362 518 11
118 362 12
363 615 7
195 363 8
363 436 10
134 363 11
124 363 8
312 363 14
363 447 11
363 479 12
363 735 9
364 740 13
364 622 11
364 598 8
364 690 11
19 364 8
334 364 12
21 364 10
230 364 10
364 641 13
364 479 7
365 720 7
281 365 11
365 421 11
365 624 10
365 622 10
128 365 10
365 456 10
365 562 14
8 365 12
102 365 11
366 721 14
82 366 11
366 688 12
366 563 9
366 508 10
175 366 12
366 712 9
6 366 12
366 512 11
366 592 9
255 367 12
367 441 9
304 367 9
367 733 10
367 388 7
367 375 12
367 690 9
251 367 10
19 367 11
367 567 11
275 368 10
135 368 10
144 368 11
368 700 8
209 368 7
55 368 8
368 541 9
368 640 11
51 368 14
348 368 10
369 724 11
67 369 12
279 369 11
30 369 9
50 369 11
369 644 9
369 641 8
369 423 9
225 369 8
127 369 12
6 370 9
31 370 8
370 375 11
88 370 11
370 649 15
370 601 9
314 370 13
271 370 9
258 370 10
188 371 10
371 697 11
371 666 10
95 371 10
316 371 6
371 686 12
371 728 12
39 371 11
280 371 12
371 734 10
3 372 11
372 687 10
62 372 8
372 611 10
92 372 12
372 547 14
372 677 11
198 372 12
372 579 9
131 372 8
207 373 11
307 373 6
117 373 11
373 711 14
373 501 8
355 373 7
373 528 8
235 373 13
4 373 10
373 575 8
296 374 7
374 721 13
374 730 10
187 374 12
374 426 9
185 374 12
37 374 11
374 562 13
13 374 9
375 454 11
274 375 11
375 526 11
109 375 9
375 625 14
375 380 13
178 375 10
375 655 9
375 435 12
326 376 10
376 679 10
376 420 9
376 639 9
376 529 9
376 423 9
103 376 9
115 376 8
376 448 10
149 376 12
377 577 11
377 718 13
214 377 9
25 377 12
377 519 8
377 525 9
377 380 11
47 377 11
283 377 8
378 450 9
85 378 12
295 378 10
211 378 10
350 378 11
77 378 9
376 378 9
378 726 10
110 378 7
48 378 11
114 379 13
379 448 9
379 459 8
379 717 8
379 729 6
379 531 11
379 666 8
379 569 9
133 380 10
380 720 9
148 380 7
380 736 9
98 380 8
21 380 11
273 380 12
38 380 13
274 380 11
380 395 11
0 380 14
142 381 14
381 650 11
381 698 9
381 641 9
334 381 7
381 634 7
93 381 10
113 381 12
244 381 10
146 381 9
344 382 11
382 462 9
382 495 9
382 704 9
343 382 15
382 677 13
382 619 11
251 382 10
168 382 6
261 382 8
383 701 14
383 669 15
266 383 12
383 443 9
383 560 14
383 393 11
334 383 13
383 473 12
384 392 12
79 384 12
86 384 10
215 384 8
174 384 13
384 706 10
384 638 13
131 384 8
384 695 12
52 384 10
384 610 12
385 418 10
358 385 12
107 385 10
110 385 8
141 385 9
164 385 8
93 385 10
385 733 11
333 385 8
241 385 9
386 486 9
386 695 13
115 386 10
386 500 13
370 386 11
386 513 11
268 386 10
386 644 13
386 608 12
281 387 10
387 648 9
330 387 13
387 661 10
91 387 9
387 573 12
44 387 10
75 387 10
387 429 8
292 387 12
226 387 12
343 388 13
302 388 13
31 388 11
25 388 11
388 653 9
388 539 11
227 388 8
182 388 5
136 388 11
388 498 14
367 389 13
145 389 10
314 389 12
389 650 10
389 404 14
95 389 10
293 389 11
290 389 10
183 389 7
390 649 12
32 390 9
10 390 12
156 390 14
390 730 9
390 497 10
231 390 14
362 390 12
364 390 11
100 390 13
15 391 8
230 391 12
391 423 7
391 552 8
97 391 12
320 391 11
391 744 7
391 675 13
391 630 12
392 723 9
277 392 13
160 392 11
225 392 10
392 727 11
107 392 11
392 626 11
392 642 13
143 392 12
393 396 6
259 393 13
45 393 6
153 393 9
232 393 14
39 393 10
305 393 10
203 393 11
393 401 10
393 412 15
300 394 11
108 394 11
171 394 12
374 394 7
178 394 12
392 394 12
259 394 13
394 421 13
394 440 16
9 394 10
175 395 11
18 395 12
395 517 9
387 395 6
395 650 8
15 395 10
295 395 6
192 395 10
395 735 10
334 395 9
395 568 10
201 395 10
145 396 11
124 396 10
87 396 13
396 401 11
396 492 10
216 396 13
396 458 11
300 396 14
271 396 13
396 657 15
59 396 11
382 396 10
109 397 10
180 397 8
298 397 12
363 397 11
370 397 11
397 720 11
397 563 9
253 397 12
169 397 10
397 621 13
335 398 7
398 545 11
398 695 10
319 398 10
398 614 9
398 467 8
167 398 9
81 398 8
398 480 9
398 605 14
399 481 8
399 418 10
73 399 13
164 399 12
399 528 6
399 671 11
379 399 11
232 399 12
394 399 11
399 662 10
400 594 10
195 400 11
400 438 8
2 400 8
400 718 11
54 400 8
302 400 12
146 400 9
400 425 11
192 401 7
401 588 10
211 401 9
102 401 8
360 401 10
133 401 10
284 401 7
401 480 13
401 456 7
0 401 12
389 401 16
402 416 11
116 402 10
402 685 9
402 515 9
402 519 11
145 402 13
402 537 8
402 520 7
402 725 10
402 698 10
403 605 12
403 735 10
403 660 14
403 710 11
403 430 9
267 403 8
398 403 11
121 403 10
404 532 10
20 404 12
404 566 12
404 647 13
404 602 8
404 729 11
404 455 12
111 404 10
114 404 9
404 459 9
399 405 8
405 572 9
405 705 12
157 405 11
92 405 8
405 608 10
405 674 11
305 405 13
261 405 9
402 405 9
406 614 10
406 700 14
323 406 7
144 406 10
302 406 9
79 406 8
406 450 10
403 406 12
406 540 11
407 593 8
407 488 9
236 407 7
407 723 10
75 407 11
407 647 11
285 407 11
247 407 7
407 540 13
407 539 8
327 408 8
408 700 13
408 545 10
44 408 12
38 408 11
256 408 11
69 408 11
82 408 12
116 408 14
225 408 13
409 482 7
409 585 10
409 741 12
42 409 9
409 681 11
161 409 11
43 409 13
229 409 13
24 409 11
410 584 11
229 410 12
129 410 9
410 462 10
410 434 9
410 661 12
305 410 10
410 417 9
219 410 9
410 458 10
411 473 10
404 411 8
411 573 11
411 716 10
411 491 12
411 701 9
411 649 9
148 411 13
411 592 10
411 633 9
412 597 11
209 412 11
258 412 14
69 412 8
412 650 8
221 412 11
412 521 10
412 445 9
272 412 12
412 710 7
412 644 9
413 492 11
200 413 12
413 431 12
413 528 9
413 717 12
413 533 9
413 556 7
70 413 11
413 487 12
414 435 8
271 414 12
77 414 7
105 414 13
12 414 13
414 522 13
414 517 12
414 458 10
168 414 9
178 414 9
197 415 12
415 556 8
65 415 9
243 415 8
415 521 8
305 415 10
33 415 10
415 542 10
415 646 12
416 671 10
286 416 8
354 416 12
416 578 11
167 416 9
333 416 11
416 642 10
416 618 11
416 691 10
416 690 11
182 416 11
417 746 8
210 417 9
359 417 10
298 417 9
242 417 10
192 417 10
417 531 13
417 508 13
399 417 9
418 669 12
108 418 7
157 418 11
97 418 15
418 641 11
418 722 9
344 418 9
418 675 7
375 418 7
419 629 11
419 658 12
354 419 11
419 597 10
419 650 10
419 554 9
419 559 10
126 419 11
11 419 10
419 519 12
420 591 9
420 454 11
196 420 14
420 492 9
420 716 9
300 420 10
59 420 12
34 420 12
268 420 11
253 420 11
421 554 10
379 421 13
421 536 7
421 489 11
321 421 8
421 724 11
24 421 7
223 421 12
271 421 5
339 422 9
188 422 11
31 422 12
246 422 11
332 422 7
56 422 14
65 422 9
422 642 12
258 422 13
32 422 11
100 423 10
423 488 10
315 423 9
271 423 15
423 643 11
166 423 12
218 423 13
305 423 10
394 423 10
375 423 11
77 424 8
362 424 10
424 518 10
424 562 13
424 514 10
424 458 11
424 613 10
377 424 13
150 424 11
390 424 11
424 696 15
425 584 10
335 425 13
177 425 9
425 628 7
323 425 8
359 425 9
145 425 14
37 425 9
425 721 14
125 425 9
425 582 10
104 426 12
274 426 7
286 426 12
240 426 13
426 632 10
426 593 12
14 426 9
426 717 10
426 743 9
364 426 8
426 454 12
426 609 9
427 681 13
427 553 12
361 427 12
336 427 13
260 427 12
33 427 10
188 427 13
427 556 12
25 427 14
54 427 10
284 427 13
186 427 9
278 427 9
428 462 10
428 541 8
210 428 6
428 605 12
428 521 10
428 540 8
266 428 11
340 428 12
428 463 10
429 500 13
429 505 9
429 545 9
315 429 10
264 429 10
342 429 8
102 429 11
354 429 14
42 429 9
429 578 8
122 430 11
430 686 11
390 430 13
392 430 9
430 573 7
41 430 9
364 430 13
419 430 10
430 649 9
424 430 11
430 659 6
431 535 10
431 500 8
321 431 9
9 431 12
294 431 9
427 431 15
372 431 14
431 677 12
431 533 11
101 431 13
432 606 9
179 432 11
432 507 8
432 520 12
78 432 12
223 432 12
432 599 10
301 432 12
432 688 8
335 432 11
433 540 10
433 640 7
148 433 12
125 433 7
433 434 10
433 729 11
433 628 9
423 433 12
14 433 13
434 461 11
434 701 12
202 434 12
251 434 10
214 434 10
175 434 10
434 572 15
242 434 15
434 674 13
412 434 9
86 435 8
206 435 8
435 749 12
435 678 10
435 548 10
435 491 8
57 435 12
435 747 9
436 655 9
193 436 6
245 436 8
104 436 10
241 436 8
436 480 10
295 436 11
304 436 13
436 657 11
217 436 11
436 487 11
437 474 11
197 437 14
437 682 11
437 561 9
437 453 10
437 618 12
437 666 14
437 697 12
437 646 11
437 652 8
138 438 9
163 438 7
438 731 6
399 438 9
230 438 14
172 438 8
438 655 11
438 711 15
438 445 12
305 438 10
408 439 8
144 439 9
439 562 11
439 459 12
130 439 11
292 439 10
439 529 12
423 439 11
23 439 12
252 439 15
271 439 11
440 701 11
440 554 8
140 440 10
440 646 11
257 440 12
111 440 10
90 440 10
43 440 11
17 440 11
328 440 9
438 441 9
42 441 14
158 441 11
441 512 8
127 441 12
441 710 9
135 441 7
75 441 11
66 441 9
293 441 10
441 612 12
442 646 15
442 670 10
421 442 9
442 668 13
442 615 13
442 687 11
442 525 13
442 480 11
442 727 12
6 443 9
374 443 10
443 580 8
282 443 10
192 443 13
156 443 10
259 443 10
72 443 11
51 444 10
180 444 7
191 444 12
444 614 13
98 444 10
367 444 10
322 444 12
444 691 11
102 444 10
444 491 9
444 544 8
445 714 5
49 445 11
119 445 12
21 445 11
445 710 9
64 445 9
445 458 14
413 445 9
150 445 9
42 445 10
445 521 9
445 488 8
153 446 12
270 446 13
446 724 10
446 736 8
330 446 13
255 446 13
47 446 9
422 446 12
318 447 11
447 473 11
44 447 14
401 447 10
269 447 11
83 447 11
447 459 11
154 447 11
151 447 8
253 447 12
89 448 11
448 729 8
448 572 11
448 498 11
211 448 13
448 515 9
107 448 13
347 448 7
105 448 9
448 705 10
448 541 8
260 449 11
449 678 13
348 449 10
405 449 11
203 449 11
227 449 8
349 449 9
179 449 5
449 471 12
423 449 9
449 545 12
195 450 8
408 450 12
382 450 8
271 450 10
297 450 7
450 739 9
450 703 12
450 690 12
248 450 15
450 474 9
451 453 11
210 451 9
451 526 12
408 451 13
334 451 11
451 536 8
434 451 13
451 572 13
61 451 9
300 451 12
341 452 12
274 452 15
429 452 8
452 479 11
138 452 9
263 452 11
44 452 10
8 452 7
399 452 9
390 452 9
453 533 10
453 476 10
391 453 12
453 593 10
116 453 10
47 453 12
110 453 11
382 453 13
280 453 13
341 453 10
94 454 10
222 454 10
308 454 15
454 603 10
252 454 13
454 524 9
454 687 11
105 454 11
454 576 14
454 744 10
347 455 9
60 455 11
267 455 8
187 455 9
455 708 7
455 693 13
455 457 9
261 455 9
455 653 12
455 488 10
456 595 10
368 456 11
145 456 11
224 456 15
211 456 12
284 456 8
456 625 10
179 456 11
35 456 8
390 456 12
457 472 9
457 688 12
457 734 10
429 457 12
366 457 12
45 457 17
116 457 10
384 457 12
457 725 10
457 592 13
458 542 12
458 580 8
458 561 8
60 458 8
366 458 11
458 635 10
332 458 13
260 458 13
199 458 11
298 458 9
459 639 10
424 459 10
445 459 11
459 695 10
459 534 9
25 459 11
459 586 11
13 459 12
459 486 11
459 557 10
228 460 12
460 518 9
338 460 12
23 460 12
156 460 10
460 497 11
244 460 6
85 460 10
461 715 12
4 461 11
353 461 13
282 461 12
148 461 7
461 607 15
177 461 9
184 461 8
97 461 8
156 461 10
461 579 8
86 462 14
148 462 11
52 462 13
462 645 10
164 462 11
462 525 9
373 462 12
195 462 11
463 529 9
463 731 13
8 463 10
463 623 8
36 463 10
22 463 11
463 734 13
411 463 10
294 463 10
463 550 12
464 723 12
464 561 7
464 551 13
228 464 9
297 464 10
418 464 10
200 464 9
464 749 10
441 464 10
465 561 12
310 465 10
259 465 11
197 465 9
438 465 13
184 465 8
186 465 12
465 642 10
193 465 9
423 465 11
465 693 12
466 513 12
466 743 13
466 628 10
466 697 11
279 466 7
466 587 10
99 466 9
126 466 10
327 466 6
287 466 9
467 656 9
467 672 14
467 677 11
310 467 7
10 467 11
314 467 12
0 467 11
338 467 11
371 467 10
440 467 13
427 468 8
468 624 9
468 522 9
468 611 11
468 523 12
357 468 11
468 544 11
146 468 9
453 468 13
292 468 10
403 469 12
469 748 7
469 591 8
431 469 11
88 469 10
469 609 11
469 566 12
167 469 13
469 722 10
220 469 9
225 470 12
470 628 9
141 470 11
4 470 11
470 471 12
90 470 11
395 470 11
282 470 12
335 470 9
470 557 11
470 473 11
110 471 12
471 641 12
471 691 8
421 471 8
471 496 8
227 471 12
180 471 10
107 471 11
105 471 8
429 471 10
472 688 11
472 723 12
376 472 9
472 740 13
430 472 12
472 744 12
214 472 10
472 610 15
351 472 9
284 472 6
472 586 7
473 490 9
366 473 11
247 473 11
305 473 14
473 614 11
473 664 9
473 644 7
286 473 12
473 686 10
109 473 13
39 473 9
77 473 9
474 545 10
59 474 12
446 474 10
241 474 11
367 474 12
474 598 7
474 659 9
335 474 11
330 474 15
236 475 9
475 553 11
475 528 10
475 692 11
413 475 8
238 475 9
286 475 10
199 475 9
302 475 9
475 505 12
122 475 11
355 476 7
267 476 14
255 476 13
249 476 11
71 476 13
476 624 8
476 638 7
173 476 12
476 672 10
425 476 9
397 476 7
279 476 13
54 477 14
291 477 12
477 640 12
102 477 10
477 705 11
477 527 10
273 477 9
477 662 11
12 477 12
247 477 6
478 694 9
110 478 8
421 478 11
172 478 12
367 478 10
414 478 9
478 540 10
478 748 13
335 478 11
421 479 10
291 479 11
211 479 9
479 517 9
479 652 12
425 479 14
479 548 11
404 479 10
324 479 11
32 480 11
140 480 12
480 517 7
480 611 10
378 480 5
359 480 11
113 480 11
24 480 14
480 704 14
481 697 13
207 481 8
319 481 13
264 481 10
481 530 8
140 481 8
481 716 12
481 685 11
221 481 13
481 604 14
482 540 9
264 482 13
83 482 11
261 482 10
214 482 9
482 643 7
482 543 11
298 482 12
482 581 11
87 483 14
145 483 8
243 483 12
316 483 10
369 483 5
483 646 9
483 488 10
71 483 14
375 484 11
307 484 11
484 713 8
167 484 13
484 671 11
437 484 11
421 484 11
129 484 12
485 583 8
485 523 11
485 650 10
437 485 13
485 571 12
485 747 10
483 485 11
129 485 9
485 677 14
362 486 10
486 590 11
330 486 7
51 486 13
99 486 10
486 556 14
486 672 10
356 486 10
1 486 9
487 554 7
170 487 10
351 487 11
487 648 8
487 531 11
442 487 11
470 487 11
461 487 14
248 487 7
487 541 13
140 487 13
259 487 9
221 488 14
181 488 10
361 488 8
69 488 9
454 488 9
210 488 10
279 488 10
76 488 10
37 488 11
488 629 10
489 650 8
489 748 10
320 489 10
82 489 12
431 489 9
282 489 12
489 655 9
403 489 11
242 489 11
314 489 12
221 490 10
471 490 11
490 622 9
490 532 7
248 490 11
351 490 11
105 490 9
65 490 9
490 692 7
468 491 8
237 491 13
491 516 10
105 491 9
191 491 11
491 657 12
491 521 13
491 582 7
58 491 13
90 491 12
226 492 12
216 492 12
258 492 11
492 596 11
492 530 5
485 492 13
492 651 12
492 741 12
492 524 11
394 493 14
14 493 16
110 493 13
308 493 9
168 493 12
493 648 11
493 639 9
493 519 12
494 615 8
494 643 11
7 494 11
95 494 7
300 494 12
310 494 10
136 494 11
494 515 13
312 494 10
173 495 12
495 623 12
495 570 10
479 495 12
286 495 9
495 507 12
495 702 12
35 495 9
495 546 11
221 495 9
496 656 10
279 496 11
90 496 13
178 496 13
338 496 11
11 496 13
316 496 13
186 496 12
497 686 8
77 497 9
497 505 14
497 654 10
400 497 13
392 497 8
497 731 12
204 497 7
160 497 10
497 612 6
217 497 12
498 697 10
255 498 14
407 498 9
498 572 8
498 738 7
498 637 12
129 498 8
482 498 10
287 498 12
498 728 12
117 499 14
343 499 10
452 499 14
414 499 13
248 499 8
332 499 8
311 499 8
170 499 13
438 499 8
499 722 10
499 549 11
33 500 9
500 735 8
207 500 7
19 500 13
242 500 12
500 657 11
500 603 10
230 500 10
383 500 12
494 500 13
500 530 11
444 500 9
501 625 13
501 740 10
156 501 10
194 501 11
234 501 11
501 605 7
430 501 10
501 611 10
460 501 5
445 501 10
202 501 9
477 502 14
354 502 10
502 732 11
120 502 11
502 601 13
502 591 9
502 702 12
458 502 9
330 502 12
501 502 11
496 502 8
106 502 12
503 601 8
370 503 11
145 503 4
456 503 10
433 503 11
503 692 12
503 605 14
22 503 13
199 503 10
232 503 12
337 504 12
453 504 14
387 504 15
187 504 10
504 716 12
504 555 7
192 504 9
201 504 13
504 526 10
504 513 12
133 504 11
470 505 12
86 505 12
213 505 13
505 709 9
17 505 11
92 505 10
505 518 10
85 505 12
121 505 8
222 505 10
283 505 9
187 506 7
506 631 11
165 506 13
149 506 14
506 582 12
56 506 8
309 506 7
327 506 8
429 506 6
323 507 10
268 507 11
344 507 9
401 507 9
11 507 9
393 507 13
416 507 12
350 507 10
507 730 11
507 731 10
5 507 12
508 677 7
508 742 16
329 508 10
192 508 11
189 508 10
43 508 12
474 508 13
24 508 11
275 508 10
508 701 12
225 509 10
443 509 12
407 509 10
424 509 7
409 509 8
509 532 10
235 509 10
367 509 11
358 509 12
91 509 9
174 510 10
510 675 11
300 510 5
169 510 10
357 510 10
510 632 14
108 510 11
484 510 9
510 613 9
85 510 9
90 511 13
288 511 12
505 511 6
511 735 12
511 611 12
426 511 10
406 511 14
116 511 9
511 527 10
511 631 10
511 745 12
297 512 11
261 512 13
458 512 14
512 544 6
437 512 9
259 512 11
512 671 11
298 512 9
415 512 9
512 547 10
512 714 12
513 623 7
389 513 11
287 513 10
219 513 9
513 619 10
320 513 10
358 513 10
11 513 6
112 513 12
133 514 14
109 514 11
4 514 12
501 514 9
171 514 10
303 514 9
170 514 8
107 514 9
396 514 10
514 714 14
403 514 11
515 536 13
119 515 14
515 729 6
110 515 13
186 515 9
515 623 14
301 515 13
515 700 13
512 515 10
171 515 7
250 515 13
389 516 8
516 730 9
438 516 14
130 516 10
391 516 6
188 516 13
469 516 11
516 604 10
146 516 12
342 517 12
120 517 11
96 517 12
517 666 12
517 571 11
517 726 8
208 517 12
81 517 12
112 517 13
517 747 11
517 740 12
63 517 8
38 517 9
151 518 12
228 518 8
366 518 11
518 603 11
518 627 6
73 518 12
227 518 10
113 518 9
85 518 11
101 519 13
495 519 8
103 519 8
322 519 8
95 519 9
474 519 13
503 519 15
164 519 11
519 710 10
508 519 9
401 520 11
512 520 10
520 537 10
245 520 11
520 685 14
107 520 14
436 520 14
520 659 13
472 520 11
465 520 13
520 583 9
220 520 10
175 521 8
521 555 9
137 521 13
521 734 12
171 521 13
472 521 11
286 521 9
85 521 11
453 521 11
252 521 13
521 691 12
133 522 7
492 522 10
288 522 10
104 522 12
522 610 9
311 522 10
522 525 11
201 522 10
40 522 13
301 522 13
260 523 8
321 523 8
39 523 9
294 523 14
24 523 12
307 523 13
504 523 8
523 709 13
186 523 11
376 524 14
257 524 11
441 524 9
255 524 13
440 524 12
368 524 9
483 524 8
194 524 12
524 690 11
491 524 10
66 525 11
249 525 8
266 525 13
2 525 14
231 525 10
525 671 8
278 525 10
525 562 11
525 656 10
526 624 12
403 526 8
470 526 7
233 526 8
526 663 12
81 526 9
25 526 7
341 526 11
283 526 14
415 527 11
14 527 14
474 527 8
527 674 10
527 696 11
527 704 8
447 527 13
63 527 10
32 527 12
506 527 10
527 532 9
527 658 10
160 527 13
215 528 12
528 642 10
528 599 7
528 534 8
44 528 10
243 528 11
512 528 11
25 528 6
99 528 9
528 650 11
218 528 11
398 528 9
34 529 10
263 529 9
296 529 10
124 529 13
82 529 11
78 529 8
366 529 8
342 529 10
54 529 10
529 679 11
35 529 11
530 646 14
210 530 10
443 530 11
49 530 11
530 541 11
26 530 12
530 568 9
59 530 9
109 530 7
531 574 10
426 531 11
407 531 11
172 531 13
531 600 9
191 531 10
531 596 8
531 634 9
458 531 7
356 531 8
365 531 10
89 532 12
344 532 12
147 532 11
152 532 12
417 532 10
532 674 12
495 532 12
480 532 9
532 632 10
532 682 9
314 533 10
533 647 8
342 533 9
117 533 11
140 533 10
299 533 12
22 533 13
512 533 13
385 533 13
180 533 13
534 726 13
128 534 11
534 710 12
505 534 12
376 534 13
348 534 9
534 601 11
534 735 8
152 534 11
534 627 12
535 636 9
193 535 11
434 535 12
312 535 8
449 535 11
254 535 6
535 635 12
535 730 6
26 535 7
535 659 12
177 536 7
430 536 12
201 536 9
290 536 13
413 536 9
513 536 11
162 536 12
182 536 8
536 743 14
485 536 8
274 536 10
308 537 9
537 645 11
537 634 9
342 537 11
527 537 6
531 537 12
77 537 8
329 537 10
537 571 8
537 614 13
464 537 10
538 606 13
524 538 13
249 538 11
38 538 12
238 538 12
538 675 13
538 710 11
404 538 12
349 538 10
538 640 9
538 646 6
539 620 12
539 564 11
539 627 11
539 649 11
114 539 8
539 687 8
422 539 9
228 539 9
311 539 14
141 539 10
524 540 10
44 540 8
540 591 8
488 540 10
540 578 11
110 540 9
271 540 12
540 702 11
8 540 11
519 540 15
498 541 13
541 642 12
174 541 10
541 573 11
388 541 11
431 541 10
541 734 11
541 699 10
68 541 15
541 682 10
542 654 8
326 542 9
513 542 14
517 542 10
542 589 10
441 542 11
438 542 13
412 542 12
542 565 12
542 570 11
361 542 11
283 542 11
460 543 10
543 694 11
143 543 8
343 543 11
188 543 10
543 607 10
543 697 12
543 611 10
543 656 12
403 543 12
482 544 7
406 544 10
544 690 11
416 544 11
133 544 13
396 544 12
544 719 12
544 605 7
533 544 8
260 545 12
545 636 9
229 545 10
98 545 10
257 545 8
545 620 14
327 545 9
508 545 11
431 545 10
545 673 11
443 546 11
546 647 15
305 546 14
546 633 10
546 615 13
74 546 12
210 546 5
284 546 12
359 546 6
371 546 5
178 546 8
547 659 12
481 547 9
547 710 10
547 737 14
175 547 11
547 555 10
546 547 9
240 547 14
27 547 9
147 547 13
143 547 11
468 548 11
276 548 10
338 548 10
485 548 9
548 668 11
364 548 11
394 548 8
411 548 9
160 548 11
548 622 6
31 549 9
25 549 7
345 549 9
432 549 10
549 636 11
549 694 9
446 549 12
27 549 10
360 549 11
10 549 14
150 550 9
550 681 10
550 615 7
550 616 9
550 735 8
550 686 11
545 550 10
138 550 9
48 550 11
65 550 10
551 725 9
46 551 9
234 551 8
207 551 7
453 551 11
551 559 11
551 736 10
216 551 12
551 657 7
49 551 10
551 655 7
75 552 12
262 552 12
436 552 11
552 679 9
61 552 12
508 552 9
88 552 12
552 717 9
552 683 13
542 552 11
552 615 12
392 553 7
243 553 8
553 700 11
249 553 13
58 553 10
431 553 12
261 553 13
366 553 10
6 553 14
553 639 8
251 554 10
554 725 11
200 554 8
311 554 13
496 554 8
554 695 11
505 554 11
268 554 11
94 554 7
91 555 12
286 555 15
114 555 13
169 555 11
234 555 10
241 555 10
555 566 12
445 555 12
555 593 10
117 555 13
307 556 12
556 671 12
438 556 13
556 616 10
232 556 9
377 556 9
556 663 14
28 556 11
520 556 15
1 556 13
88 557 11
503 557 11
346 557 12
220 557 13
362 557 11
557 613 11
509 557 12
427 557 11
557 669 13
557 608 9
343 558 10
555 558 11
558 578 11
558 629 12
238 558 12
134 558 9
104 558 9
558 744 9
60 558 9
436 558 9
558 706 15
436 559 12
49 559 10
507 559 14
352 559 13
81 559 9
169 559 13
549 559 12
329 559 9
480 559 8
161 560 9
406 560 9
224 560 7
232 560 9
560 729 11
505 560 12
213 560 13
49 560 11
26 560 8
433 560 12
366 560 12
343 561 10
224 561 14
370 561 8
457 561 9
561 606 13
86 561 12
386 561 13
341 561 9
88 561 9
394 561 14
501 562 11
562 575 12
27 562 11
481 562 8
530 562 10
562 742 9
470 562 11
94 562 10
410 562 15
216 562 13
35 563 10
484 563 13
125 563 8
156 563 12
563 700 7
72 563 9
90 563 9
136 563 11
341 563 10
219 563 12
113 564 12
251 564 9
11 564 12
27 564 10
505 564 6
105 564 9
97 564 8
223 564 12
564 623 11
76 564 14
484 564 10
8 564 12
154 565 9
66 565 10
559 565 12
565 729 10
217 565 10
244 565 10
199 565 6
330 565 13
565 727 11
392 565 7
499 566 12
438 566 15
566 727 9
566 663 10
566 670 14
527 566 10
497 566 11
82 566 13
566 586 11
268 567 14
567 613 12
171 567 11
299 567 11
405 567 10
186 567 11
479 567 14
567 579 10
133 567 12
180 568 10
231 568 9
433 568 10
568 639 9
568 652 10
568 578 8
568 586 12
517 568 8
411 568 11
142 568 10
568 671 11
569 651 10
352 569 15
365 569 10
569 582 10
49 569 8
321 569 12
143 569 13
213 569 12
236 569 8
440 569 8
48 570 11
570 671 9
555 570 9
62 570 10
570 644 16
521 570 14
570 619 10
570 600 10
441 570 12
499 570 10
447 571 12
82 571 12
324 571 11
323 571 11
571 644 11
470 571 11
429 571 10
92 571 6
477 571 9
37 571 9
424 572 13
134 572 9
572 583 10
514 572 8
128 572 8
263 572 11
72 572 11
572 673 12
125 572 13
573 640 9
219 573 12
551 573 12
427 573 13
270 573 13
573 678 13
573 624 12
476 573 11
359 573 7
0 574 12
570 574 12
348 574 10
480 574 9
439 574 11
158 574 10
198 574 10
131 574 10
341 574 9
281 574 13
575 720 11
127 575 10
575 657 7
471 575 12
388 575 8
575 616 11
518 575 8
558 575 10
240 575 11
575 703 9
575 585 10
576 659 10
115 576 8
149 576 12
116 576 13
181 576 11
5 576 13
323 576 10
300 576 12
563 576 11
73 577 12
505 577 10
354 577 14
577 706 10
577 712 14
162 577 13
345 577 9
414 577 13
504 577 12
216 577 10
138 578 10
307 578 13
578 673 11
578 706 13
418 578 10
578 643 9
286 578 11
284 578 8
90 578 8
147 578 9
413 579 11
147 579 10
579 639 12
480 579 8
300 579 11
283 579 11
472 579 10
398 579 11
169 579 12
330 580 13
136 580 10
96 580 11
454 580 10
549 580 10
253 580 14
346 580 10
38 580 10
297 580 7
470 580 8
270 580 13
26 581 9
81 581 12
581 585 7
483 581 13
301 581 9
581 709 9
370 581 7
93 581 10
581 592 11
29 581 9
582 716 6
582 648 8
582 669 10
406 582 10
582 685 13
73 582 10
582 738 13
269 582 9
582 639 10
23 583 13
225 583 12
266 583 9
144 583 13
583 742 10
346 583 9
583 682 15
53 583 13
435 583 8
380 583 11
428 583 9
340 583 13
584 634 10
228 584 9
286 584 6
252 584 8
408 584 7
225 584 13
312 584 10
345 584 8
63 584 10
447 584 16
203 585 10
312 585 8
6 585 10
456 585 11
585 723 9
388 585 9
585 688 11
518 585 11
585 737 11
139 585 11
28 585 14
422 585 13
126 586 10
430 586 14
359 586 12
562 586 13
119 586 8
133 586 10
301 586 10
586 587 7
586 595 12
586 610 10
71 587 7
123 587 12
570 587 9
587 700 11
226 587 12
196 587 13
581 587 10
587 654 7
522 587 13
580 588 9
64 588 10
496 588 6
588 741 15
588 659 12
588 703 10
205 588 10
362 588 11
260 588 11
387 589 12
118 589 13
589 690 12
297 589 8
286 589 11
203 589 8
544 589 13
399 589 9
489 589 12
589 636 10
192 590 14
374 590 12
590 729 9
476 590 5
590 644 10
434 590 8
67 590 7
590 613 11
261 590 10
590 699 7
446 591 9
485 591 14
578 591 13
300 591 10
135 591 10
37 591 10
280 591 10
591 709 13
377 592 9
592 604 11
9 592 10
463 592 15
171 592 10
74 592 11
414 592 8
592 643 13
230 592 9
592 632 9
345 593 9
404 593 11
400 593 10
177 593 9
278 593 10
183 593 12
239 593 10
361 593 10
593 640 13
593 642 8
85 594 10
468 594 6
477 594 9
594 670 13
136 594 10
571 594 11
594 659 9
551 594 11
87 594 9
545 594 12
595 663 11
307 595 13
590 595 7
534 595 8
595 740 10
595 721 12
595 620 10
595 621 9
364 595 11
595 692 11
580 595 11
215 596 11
250 596 7
84 596 9
346 596 10
356 596 11
94 596 12
108 596 10
29 596 14
418 596 12
227 596 10
220 596 10
300 596 15
398 597 10
127 597 8
137 597 9
597 609 7
270 597 8
597 678 13
582 597 12
423 597 13
44 597 11
445 597 8
70 598 11
182 598 12
578 598 8
567 598 12
183 598 10
252 598 13
598 622 12
12 598 8
169 598 13
57 599 8
577 599 10
276 599 10
59 599 11
264 599 13
594 599 5
304 599 10
583 599 11
599 633 9
66 599 11
494 600 13
600 619 8
438 600 11
157 600 9
35 600 7
317 600 11
600 684 7
600 624 11
529 600 8
162 600 14
328 600 11
351 601 10
552 601 10
378 601 9
601 710 13
600 601 9
31 601 13
545 601 12
100 601 11
190 602 9
602 717 13
28 602 10
480 602 12
602 610 11
489 602 12
367 602 11
602 643 9
602 623 9
102 602 10
602 633 13
327 602 8
3 603 9
603 625 12
199 603 9
603 673 9
348 603 10
603 741 8
603 658 11
99 603 11
603 615 5
152 603 10
291 604 10
182 604 11
329 604 8
272 604 9
60 604 7
121 604 9
604 677 14
526 604 12
575 604 11
366 604 14
535 604 11
605 693 10
121 605 11
301 605 7
605 692 9
605 707 11
275 605 15
150 605 14
605 676 8
367 605 11
21 605 12
52 606 9
266 606 12
452 606 11
464 606 12
444 606 9
1 606 10
572 606 11
390 606 11
387 606 11
606 634 12
137 606 12
510 607 8
607 737 7
511 607 10
607 689 11
607 725 13
22 607 8
528 607 12
224 607 9
63 607 10
607 701 8
324 608 7
528 608 12
608 707 11
13 608 9
51 608 8
377 608 8
326 608 13
129 608 11
608 691 8
608 744 9
437 609 10
534 609 11
609 610 9
609 634 11
308 609 11
458 609 10
59 609 10
227 609 14
586 609 12
181 609 9
7 609 10
548 610 9
523 610 8
366 610 13
105 610 13
610 673 10
576 610 11
579 610 10
462 610 10
121 610 8
538 611 11
472 611 8
232 611 11
282 611 10
56 611 12
611 716 10
342 611 8
434 611 13
611 664 11
418 611 11
449 611 12
271 612 10
516 612 9
534 612 13
612 747 10
113 612 10
349 612 9
102 612 11
606 612 9
335 612 14
269 612 11
255 612 10
547 613 8
388 613 12
516 613 8
463 613 9
333 613 10
31 613 7
249 613 13
392 613 10
543 613 10
304 613 11
402 614 9
327 614 12
463 614 7
44 614 15
614 652 8
136 614 8
470 614 10
425 614 11
609 614 10
567 614 11
614 733 12
565 615 10
198 615 10
200 615 12
295 615 9
473 615 11
319 615 14
615 737 10
191 615 11
614 615 10
90 615 9
391 615 10
358 616 10
75 616 10
255 616 8
183 616 13
165 616 13
195 616 13
502 616 8
184 616 9
124 616 12
617 678 11
523 617 13
548 617 7
227 617 11
617 650 10
92 617 14
245 617 11
384 617 12
224 617 7
330 618 11
398 618 9
618 686 14
409 618 8
331 618 9
618 645 15
298 618 12
505 618 7
61 618 10
585 618 7
358 618 8
417 619 11
385 619 13
213 619 10
619 634 8
577 619 10
64 619 11
594 619 7
328 619 8
367 619 13
530 619 10
322 620 10
370 620 8
369 620 8
36 620 8
412 620 10
236 620 11
301 620 13
192 621 9
621 705 11
621 622 9
444 621 9
319 621 12
452 621 13
399 621 8
435 621 12
536 621 10
621 730 11
23 621 10
525 622 10
622 735 6
622 737 11
617 622 10
610 622 8
622 699 9
270 622 10
134 622 10
602 622 13
425 622 14
103 623 10
266 623 11
623 667 9
68 623 10
506 623 10
124 623 9
14 623 11
69 623 8
277 623 12
19 624 11
400 624 8
624 699 10
624 717 11
4 624 9
593 624 9
112 624 12
579 624 11
624 706 9
11 625 7
329 625 12
209 625 10
357 625 13
251 625 10
473 625 13
10 625 9
589 625 12
625 726 12
247 626 10
151 626 13
327 626 8
626 661 11
532 626 10
124 626 13
626 631 10
238 626 12
184 626 11
516 627 10
269 627 11
627 733 9
627 673 12
193 627 11
489 627 10
323 627 10
32 627 13
338 627 10
600 627 10
471 628 13
233 628 12
71 628 13
94 628 8
628 695 10
617 628 12
385 628 11
501 628 10
510 628 9
435 628 10
77 629 9
589 629 10
538 629 8
191 629 12
466 629 11
18 629 10
629 679 8
228 629 12
492 629 11
630 681 12
439 630 11
285 630 7
80 630 9
257 630 10
630 725 10
156 630 9
579 630 12
224 630 9
631 672 9
444 631 10
549 631 9
631 679 11
221 631 9
601 631 9
86 631 8
631 683 12
478 631 11
131 631 9
105 631 6
37 632 11
632 654 14
123 632 9
235 632 15
514 632 12
75 632 10
438 632 13
6 632 9
431 632 8
364 632 10
620 632 13
271 632 9
633 706 8
393 633 9
16 633 14
633 693 10
32 633 11
399 633 9
633 685 10
358 633 12
633 637 11
437 633 11
634 665 9
143 634 10
500 634 10
145 634 10
524 634 9
278 634 7
544 634 8
562 634 11
526 634 8
131 634 14
357 635 8
69 635 11
196 635 9
489 635 10
635 707 7
635 676 12
367 635 9
308 635 9
285 635 11
53 635 11
203 635 10
636 742 9
501 636 7
636 693 9
599 636 8
276 636 7
236 636 11
636 668 14
636 743 10
152 636 12
33 636 11
114 637 10
635 637 10
133 637 8
160 637 14
563 637 10
637 707 11
548 637 9
5 637 12
325 637 11
334 637 5
252 637 10
92 638 8
434 638 11
566 638 10
624 638 13
567 638 10
343 638 11
261 638 12
59 638 12
589 638 14
282 638 12
429 638 12
367 639 12
357 639 11
220 639 9
639 704 6
18 639 11
639 712 11
342 639 6
61 639 12
464 639 13
166 639 14
640 685 8
237 640 9
470 640 11
416 640 13
318 640 10
2 640 11
105 640 8
422 640 10
571 640 12
146 640 9
641 652 13
297 641 8
163 641 11
641 654 14
392 641 13
241 641 9
641 643 11
383 641 14
337 641 11
276 642 11
389 642 9
620 642 9
642 688 10
446 642 10
90 642 11
360 642 15
249 642 9
358 642 11
642 659 12
608 643 8
304 643 9
325 643 12
298 643 9
604 643 5
643 678 8
579 643 12
643 695 12
572 643 10
426 643 8
11 644 11
69 644 11
461 644 5
405 644 12
602 644 10
156 644 8
81 644 13
345 644 9
537 644 8
352 645 11
645 649 9
522 645 9
409 645 12
134 645 10
509 645 11
230 645 9
37 645 14
645 667 9
163 646 10
486 646 13
604 646 13
119 646 12
392 646 10
114 646 8
148 646 14
646 742 12
99 646 14
569 647 12
350 647 9
578 647 9
588 647 9
68 647 11
374 647 7
91 647 13
325 647 11
601 648 6
65 648 5
180 648 11
135 648 8
326 648 11
423 648 8
633 648 9
648 662 11
371 648 13
597 648 11
563 648 9
478 649 8
649 682 12
649 681 9
327 649 9
256 649 11
172 649 8
643 649 11
425 649 13
649 740 8
493 650 13
132 650 10
650 722 14
650 651 8
364 650 13
72 650 14
650 657 10
85 650 9
636 651 11
314 651 10
609 651 14
221 651 11
373 651 11
446 651 9
629 651 9
478 651 10
481 651 8
381 652 11
611 652 12
386 652 12
303 652 9
628 652 10
287 652 9
182 652 10
114 652 11
519 653 8
502 653 11
275 653 9
4 653 11
539 653 15
380 653 11
305 653 10
579 653 14
557 653 11
68 654 9
320 654 10
592 654 13
654 700 13
429 654 10
65 654 8
218 654 12
6 654 12
272 654 10
14 654 7
195 654 15
654 729 13
401 655 12
354 655 12
21 655 12
229 655 11
65 655 11
318 655 15
611 655 9
557 655 9
621 655 13
655 749 11
605 656 12
641 656 9
556 656 11
426 656 9
603 656 10
656 726 10
533 656 10
631 656 9
16 656 11
171 656 10
84 656 11
571 657 11
471 657 8
618 657 9
20 657 11
312 657 12
209 657 9
338 657 13
657 702 11
459 657 9
487 658 12
658 731 6
20 658 6
658 683 10
348 658 6
583 658 9
592 658 9
405 658 11
254 658 12
315 659 9
216 659 14
203 659 9
602 659 10
563 659 10
318 659 12
226 659 7
659 692 15
20 659 11
625 659 13
144 660 9
596 660 10
556 660 9
570 660 8
323 660 14
449 660 12
456 660 13
597 660 9
547 660 11
519 661 10
457 661 12
596 661 9
82 661 9
234 661 8
32 661 10
503 661 9
661 711 11
441 661 17
157 661 12
69 661 10
56 662 10
528 662 14
392 662 13
201 662 11
288 662 9
463 662 9
513 662 10
533 662 10
662 667 7
639 662 6
474 663 10
663 678 8
389 663 12
392 663 13
15 663 9
596 663 10
338 663 10
653 663 9
59 663 10
559 663 8
20 664 10
330 664 9
515 664 8
664 683 13
445 664 12
150 664 9
471 664 8
160 664 12
664 732 12
31 664 9
664 712 10
218 665 10
538 665 10
132 665 7
143 665 14
587 665 7
517 665 9
523 665 9
353 665 13
264 665 9
279 665 15
514 665 14
628 666 11
140 666 10
666 709 10
148 666 8
110 666 11
49 666 12
360 666 14
666 674 10
644 666 13
666 736 12
47 666 11
359 667 12
442 667 11
352 667 10
86 667 8
263 667 11
391 667 13
636 667 9
660 667 8
267 667 9
225 668 9
429 668 7
51 668 11
235 668 13
299 668 12
305 668 11
5 668 12
668 715 9
511 668 10
502 668 9
314 668 11
556 669 10
615 669 13
291 669 8
334 669 13
267 669 10
324 669 11
51 669 11
180 669 13
669 732 9
670 713 12
616 670 12
287 670 8
513 670 10
670 710 13
239 670 8
326 670 10
198 670 9
617 670 8
671 744 14
283 671 9
506 671 12
671 711 10
671 748 10
209 671 11
196 671 10
239 671 10
671 725 10
303 672 9
556 672 11
527 672 10
672 708 12
48 672 14
318 672 14
234 672 13
521 672 11
332 672 10
604 673 14
494 673 9
88 673 14
412 673 14
96 673 8
138 673 10
244 673 13
334 673 13
73 673 12
484 673 10
5 674 10
401 674 10
274 674 12
39 674 9
526 674 14
635 674 9
646 674 12
3 674 11
573 674 9
341 674 9
93 674 6
273 675 4
269 675 11
152 675 9
537 675 12
675 713 10
67 675 11
646 675 14
675 710 9
557 675 9
475 675 10
346 675 11
608 675 10
676 699 12
12 676 9
593 676 9
180 676 10
640 676 11
212 676 9
645 676 11
435 676 9
207 676 13
393 676 9
677 722 10
402 677 9
175 677 12
475 677 11
295 677 9
435 677 10
277 677 13
400 677 7
233 677 12
502 677 15
342 677 11
275 677 15
251 678 10
375 678 12
354 678 11
31 678 13
138 678 10
557 678 13
33 678 11
678 713 7
246 678 10
270 678 8
270 679 11
679 738 12
509 679 11
634 679 9
268 679 11
310 679 14
110 679 8
563 679 8
416 679 9
437 679 8
679 683 11
199 680 11
571 680 13
248 680 14
380 680 11
680 690 8
680 703 10
429 680 10
645 680 10
680 723 15
46 680 12
184 681 10
614 681 14
446 681 9
365 681 9
559 681 9
157 681 9
652 681 10
212 681 8
95 681 9
281 682 11
407 682 10
129 682 11
654 682 12
194 682 10
82 682 11
145 682 10
588 682 14
276 682 10
430 682 9
111 682 10
601 683 8
27 683 10
442 683 10
47 683 9
29 683 11
683 728 9
3 683 12
77 683 10
381 683 13
486 683 13
166 684 11
513 684 10
362 684 11
286 684 10
339 684 10
626 684 10
512 684 12
533 684 7
223 684 7
90 685 11
61 685 16
685 705 13
517 685 8
406 685 10
515 685 10
306 685 15
159 685 10
382 685 10
102 685 10
223 686 11
524 686 9
178 686 12
498 686 10
686 687 8
526 686 8
572 686 10
55 686 10
519 686 11
584 686 14
152 687 9
241 687 12
521 687 13
687 720 11
156 687 12
94 687 8
519 687 11
511 687 10
103 687 11
114 687 7
1 687 10
222 687 10
44 688 11
250 688 13
309 688 12
604 688 10
316 688 11
476 688 10
605 688 10
111 688 7
47 688 10
254 688 15
134 689 9
689 721 10
214 689 13
685 689 10
282 689 11
689 700 10
378 689 10
133 689 11
689 734 11
425 689 10
170 690 13
398 690 9
386 690 15
588 690 10
690 727 13
429 690 7
445 690 7
115 690 8
469 690 9
293 691 7
69 691 10
599 691 8
305 691 10
176 691 11
527 691 12
248 691 13
546 691 12
245 691 13
415 692 11
353 692 9
253 692 16
569 692 12
417 692 8
196 692 7
248 692 7
121 692 9
655 692 9
148 692 10
692 703 11
180 692 8
394 693 11
98 693 8
518 693 11
208 693 12
10 693 13
199 693 10
76 693 8
41 693 12
214 693 9
606 694 10
192 694 8
304 694 9
694 711 14
220 694 6
390 694 11
547 694 10
694 709 9
592 694 10
432 694 12
382 694 11
134 694 10
463 695 13
244 695 11
636 695 13
537 695 11
7 695 11
273 695 11
150 695 9
657 695 7
489 695 11
246 695 11
579 696 9
374 696 13
202 696 11
462 696 11
279 696 12
696 721 12
205 696 13
223 696 11
486 697 9
587 697 9
456 697 10
184 697 10
385 697 4
161 697 11
586 697 12
373 697 9
321 697 11
113 698 9
414 698 13
698 708 7
246 698 13
98 698 11
326 698 11
218 698 10
498 698 11
523 698 8
141 698 11
699 702 8
617 699 10
246 699 11
93 699 10
126 699 8
59 699 6
106 699 11
601 699 10
699 731 11
61 699 12
330 699 14
59 700 10
486 700 9
150 700 11
700 735 11
684 700 10
548 700 13
242 700 8
254 700 14
42 700 11
499 701 9
627 701 14
281 701 8
460 701 11
282 701 6
62 701 9
405 701 9
138 701 10
46 701 10
92 701 13
112 701 9
57 701 10
358 702 11
527 702 8
10 702 6
52 702 10
476 702 15
682 702 13
164 702 13
178 702 8
702 738 7
187 702 12
595 703 11
292 703 13
497 703 7
442 703 8
224 703 12
592 703 13
37 703 14
559 703 8
136 703 8
565 703 10
381 703 10
101 704 13
681 704 16
147 704 11
201 704 13
488 704 12
615 704 11
702 704 10
260 704 12
614 704 10
704 710 15
705 708 11
612 705 12
497 705 14
207 705 11
705 745 17
147 705 9
22 705 12
243 705 10
279 705 9
354 705 12
171 705 11
195 706 10
394 706 9
489 706 12
190 706 10
166 706 10
406 706 12
372 706 8
477 706 10
491 706 9
19 706 10
449 707 14
388 707 12
252 707 8
336 707 9
602 707 12
60 707 15
435 707 10
42 707 11
645 707 12
545 708 12
697 708 9
677 708 10
164 708 12
234 708 12
446 708 14
549 708 12
588 708 9
575 708 12
267 709 7
558 709 10
191 709 13
301 709 12
595 709 13
709 713 10
386 709 11
402 709 10
709 718 10
709 723 14
685 710 6
649 710 11
710 726 12
471 710 12
580 710 10
576 710 11
354 710 11
579 710 9
59 710 10
632 711 11
58 711 12
613 711 11
64 711 10
132 711 8
486 711 12
238 711 5
711 720 10
591 711 12
355 711 8
173 712 13
522 712 13
708 712 11
711 712 8
336 712 9
334 712 8
686 712 8
308 712 8
450 712 11
270 713 15
153 713 12
650 713 10
702 713 14
320 713 11
396 713 11
97 713 9
580 713 14
101 713 8
210 713 16
105 713 13
120 714 10
424 714 12
444 714 10
714 729 11
585 714 12
303 714 13
442 714 11
535 714 6
462 714 12
564 714 12
442 715 10
622 715 11
715 727 11
344 715 9
111 715 14
191 715 10
71 715 9
62 715 7
256 715 9
555 715 11
412 715 13
716 722 11
361 716 9
231 716 9
215 716 10
76 716 10
169 716 12
486 716 9
692 716 11
483 716 11
129 716 10
596 716 12
110 717 12
145 717 11
403 717 9
109 717 10
238 717 12
407 717 10
664 717 12
478 717 9
283 717 10
314 717 11
561 717 11
0 718 10
140 718 8
19 718 11
456 718 11
436 718 13
524 718 12
175 718 10
231 718 9
510 718 12
538 718 11
223 719 12
254 719 10
308 719 10
605 719 11
601 719 10
377 719 9
573 719 13
321 719 12
471 719 10
73 719 10
489 719 14
396 720 10
601 720 10
720 740 8
262 720 8
640 720 12
349 720 11
272 720 12
65 720 10
504 720 12
692 721 8
414 721 12
115 721 10
721 734 7
721 726 10
223 721 9
442 721 10
557 722 12
259 722 9
601 722 14
54 722 11
46 722 9
631 722 11
612 722 10
76 722 11
126 722 10
567 722 9
104 722 7
719 723 10
448 723 8
78 723 12
94 723 9
531 723 11
699 723 9
615 723 7
397 723 8
4 723 10
29 723 10
571 723 9
326 724 14
113 724 9
153 724 11
173 724 12
684 724 11
333 724 11
118 724 9
49 724 12
680 724 10
555 724 9
313 724 13
503 725 10
618 725 12
582 725 8
21 725 12
725 732 9
218 725 10
67 725 13
71 725 11
623 725 11
274 725 10
570 726 11
641 726 6
217 726 8
393 726 11
421 726 9
423 726 12
725 726 9
60 726 11
589 726 12
324 726 10
550 727 11
97 727 8
543 727 10
260 727 11
471 727 13
141 727 10
727 749 12
663 727 8
146 727 7
23 728 11
494 728 11
105 728 7
253 728 8
551 728 9
370 728 13
568 728 10
322 728 15
486 728 8
195 729 14
366 729 9
592 729 12
411 729 10
633 729 11
256 729 9
85 729 15
235 729 11
196 729 10
470 729 8
426 729 15
639 729 9
27 730 13
74 730 10
154 730 11
627 730 12
231 730 10
12 730 11
720 730 15
404 730 11
90 730 8
695 730 13
219 731 13
70 731 11
303 731 7
102 731 8
550 731 9
67 731 15
206 731 8
225 731 10
462 731 8
120 731 9
503 732 10
647 732 14
329 732 12
660 732 13
659 732 12
631 732 9
452 732 11
435 732 8
717 732 10
532 732 13
561 732 10
466 733 11
194 733 13
334 733 11
201 733 15
653 733 12
13 733 13
624 733 11
635 733 9
695 733 11
595 733 10
443 734 10
62 734 12
396 734 9
574 734 10
518 734 12
478 734 11
349 734 9
20 734 9
659 735 15
315 735 11
148 735 11
390 735 13
676 735 8
625 735 12
536 735 10
450 735 9
581 735 12
673 735 10
354 735 5
245 736 9
3 736 11
606 736 8
565 736 11
563 736 10
505 736 15
56 736 10
615 736 10
221 736 7
394 736 10
644 737 13
664 737 13
553 737 11
737 746 12
360 737 9
485 737 8
617 737 9
425 737 9
537 737 9
157 738 9
401 738 8
601 738 7
577 738 12
243 738 14
220 738 14
738 742 12
547 738 9
273 738 9
528 738 8
628 739 14
167 739 9
551 739 11
644 739 10
152 739 11
535 739 7
230 739 11
542 739 8
665 739 9
194 740 14
381 740 8
180 740 13
193 740 10
524 740 9
619 740 12
61 740 8
6 740 11
327 740 10
701 740 7
616 741 13
741 744 13
50 741 11
684 741 10
563 741 10
536 741 10
354 741 10
138 741 11
540 741 16
193 741 13
593 741 10
430 741 11
554 742 12
49 742 6
314 742 9
221 742 9
193 742 11
23 742 9
386 742 13
398 742 10
443 742 10
45 743 8
306 743 11
169 743 7
246 743 11
254 743 8
594 743 12
737 743 11
334 743 12
449 743 11
713 743 9
134 743 8
314 744 8
609 744 15
628 744 14
140 744 6
501 744 10
431 744 12
367 744 12
221 744 10
722 744 13
530 744 13
316 745 10
101 745 14
605 745 11
584 745 13
398 745 14
578 745 11
53 745 11
168 745 8
602 745 13
671 745 12
54 745 10
548 745 8
284 746 9
220 746 14
668 746 8
364 746 14
273 746 10
424 746 11
358 746 7
604 746 11
121 746 10
541 746 12
258 747 8
685 747 8
165 747 9
397 747 9
399 747 12
530 747 7
118 747 12
576 747 8
441 747 8
62 747 9
371 748 7
741 748 8
666 748 11
695 748 9
365 748 9
310 748 10
373 748 13
268 748 11
103 748 6
537 749 10
218 749 14
180 749 12
126 749 11
321 749 13
607 749 11
547 749 14
363 749 9
