750
0
7
9
4
8
8
10
8
7
9
3
7
7
2
7
6
9
9
10
3
5
3
3
5
1
5
3
10
9
3
1
8
9
8
6
2
2
2
9
4
10
6
7
5
5
2
8
8
2
10
3
4
8
5
1
3
8
8
9
7
9
8
6
7
9
8
2
9
7
8
4
2
2
5
9
3
10
3
7
1
5
5
4
2
6
7
6
1
6
2
8
9
7
2
4
8
3
8
4
6
4
5
3
8
4
2
1
4
3
5
4
2
9
10
7
4
6
8
4
4
9
3
9
3
8
8
2
10
2
5
6
3
8
10
2
5
5
4
7
1
8
8
8
10
2
10
10
4
3
5
10
5
7
8
8
6
4
8
9
7
5
2
4
3
6
9
8
2
2
4
9
8
8
10
8
7
5
9
6
8
4
2
7
10
6
7
6
4
3
9
2
10
1
2
2
4
6
9
9
7
6
9
5
8
5
7
6
3
8
1
8
4
7
4
6
8
5
5
4
9
5
3
3
2
9
5
3
8
1
4
8
2
10
3
1
7
3
3
6
5
8
4
7
8
7
10
2
3
5
4
9
2
3
5
3
4
2
5
7
2
1
10
10
5
2
9
5
4
5
5
6
6
3
3
3
9
6
4
6
9
7
3
9
3
10
8
5
9
3
9
5
4
5
2
1
5
10
8
4
2
3
5
3
4
3
4
3
9
10
9
10
2
9
9
9
2
5
7
6
8
4
1
7
9
8
7
8
9
8
7
9
4
5
2
2
3
5
8
7
5
7
5
6
6
3
10
6
4
7
3
10
1
2
3
6
4
8
5
2
9
9
8
7
2
9
10
8
1
6
5
9
2
8
5
5
8
10
3
4
1
2
5
2
2
3
6
9
3
9
8
9
3
4
6
4
2
8
7
10
7
6
6
9
7
5
9
7
7
3
3
9
4
8
7
4
2
6
4
6
3
3
4
1
3
6
5
9
5
10
6
5
4
2
2
2
7
5
8
4
1
3
2
6
2
9
10
2
9
1
8
7
5
3
8
6
3
5
1
2
9
8
5
6
8
3
5
10
7
9
8
3
2
3
5
8
6
10
6
7
4
9
4
2
1
6
5
6
7
7
6
1
9
5
6
9
2
3
9
10
3
3
4
5
3
10
8
8
2
6
6
6
10
4
8
6
4
4
3
5
7
10
8
7
3
4
5
8
7
2
5
1
6
9
3
9
5
4
2
5
4
4
10
2
3
9
8
5
2
4
6
3
5
3
5
3
3
6
4
4
2
3
8
6
4
5
7
3
6
10
6
9
7
1
8
9
1
4
5
5
2
2
1
6
8
9
2
2
2
7
2
2
6
9
2
10
7
7
4
4
2
7
5
7
1
4
8
4
6
1
2
9
6
7
2
3
4
5
3
7
10
9
8
10
9
4
2
9
7
7
2
10
7
6
5
3
10
2
6
9
6
2
7
4
7
2
8
10
4
4
4
4
1
6
7
1
6
9
9
8
3
1
4
9
5
9
3
2
5
2
5
2
4
9
7
9
4
1
3
5
8
10
7
4
7
4
9
5
8
3
7
4
9
1
8
7
3
9
8
7
3
6
3
1
8
8
8
5
3
1
4
10
4
9
9
5
2
7
4
5
7
2
2
7
5
6
6
8
9
10
8
10
8
3
7
8
10
2
4
6
6
7
3
6
9
4
1
7
6
7
6
0 558 12
0 522 11
0 220 10
0 191 9
1 128 9
1 649 13
1 246 12
1 695 14
2 736 9
2 741 13
2 708 9
2 712 9
2 190 11
2 14 11
3 563 11
3 736 8
3 108 9
3 497 13
4 697 10
4 75 10
4 237 11
4 228 12
4 246 10
4 118 11
5 153 9
5 326 12
5 641 9
5 589 11
5 319 13
6 695 9
6 152 10
6 593 10
6 562 9
7 184 11
7 156 8
7 641 12
7 683 11
7 456 12
8 582 9
8 138 11
8 487 10
8 269 14
8 678 11
8 24 11
9 296 10
9 678 8
9 543 11
9 288 7
10 262 9
10 510 7
10 37 10
10 126 10
11 522 11
11 337 9
11 29 9
11 369 8
11 405 7
11 581 15
12 380 9
12 111 10
12 399 11
12 116 10
12 449 8
13 659 10
13 316 11
13 650 10
13 240 14
14 682 7
14 188 11
14 62 9
14 102 13
14 290 10
15 565 12
15 244 9
15 185 11
15 376 11
15 674 10
15 728 10
16 373 9
16 254 10
16 72 9
16 604 11
16 252 9
17 336 12
17 623 12
17 273 11
17 352 9
18 428 11
18 258 11
18 742 14
18 252 6
18 584 9
19 498 10
19 615 9
19 283 10
19 63 13
19 179 9
20 237 13
20 723 12
20 704 12
20 33 13
20 559 9
21 649 9
21 665 11
21 615 9
21 184 12
21 264 12
22 234 11
22 366 10
22 263 11
22 512 10
22 582 9
22 191 9
23 51 12
23 586 10
23 129 11
23 209 11
23 331 9
24 65 8
24 563 10
24 74 12
24 388 12
24 347 10
24 426 15
24 478 14
25 132 10
25 241 9
25 97 11
25 36 10
25 317 12
14 25 10
26 240 14
26 521 12
26 531 5
26 86 11
26 465 14
27 49 11
27 208 11
27 187 10
27 446 9
20 27 14
27 232 9
28 107 11
28 273 15
28 318 12
28 551 10
28 373 9
28 213 10
29 293 10
29 419 8
29 585 11
29 273 10
29 554 12
30 220 11
30 456 13
30 680 11
30 77 12
30 638 10
30 378 12
31 558 11
31 661 9
31 737 12
31 47 13
31 590 11
32 390 12
32 599 11
32 469 7
32 748 10
32 504 11
33 608 13
33 202 15
33 131 7
33 576 12
33 288 13
33 319 6
34 561 11
34 739 12
34 174 9
34 181 13
35 102 12
35 345 8
35 52 10
35 726 11
35 673 10
35 440 9
36 185 12
36 248 9
36 461 9
36 37 10
37 406 11
37 700 11
37 275 10
37 294 7
38 231 10
38 70 8
38 229 12
38 407 10
38 81 10
38 456 11
39 672 10
39 128 12
39 312 13
39 191 11
39 258 11
40 612 11
40 663 10
40 217 12
40 283 12
40 99 7
40 325 9
41 153 12
41 745 7
41 413 10
41 605 7
41 210 10
42 625 9
42 294 10
42 92 11
42 154 6
42 642 6
43 726 9
43 160 13
43 687 10
43 243 9
43 75 10
44 277 14
44 394 10
44 582 8
45 360 10
45 476 8
45 395 9
45 287 13
45 84 16
46 661 13
46 297 11
46 135 10
46 453 13
46 470 11
46 60 11
47 550 9
47 440 10
47 344 13
47 183 11
48 238 12
48 589 10
48 556 7
48 367 9
48 654 10
1 49 9
49 525 13
49 663 11
49 196 9
49 239 11
49 572 13
50 180 6
50 307 8
50 703 8
50 686 8
51 200 8
51 341 13
51 619 9
52 503 7
52 747 8
52 468 2
52 62 10
53 96 12
53 508 9
22 53 12
26 53 12
54 527 10
54 516 8
54 512 7
54 690 11
54 127 11
55 160 13
55 578 9
55 358 12
55 312 8
55 171 13
21 56 12
56 626 9
56 431 9
56 506 9
57 409 9
57 698 10
57 172 13
57 482 8
57 532 14
58 451 6
58 502 8
58 221 10
58 627 12
59 614 9
59 191 15
59 549 12
0 59 14
60 364 9
60 694 13
60 104 10
60 449 9
61 399 12
61 442 14
61 365 7
61 435 8
45 61 8
62 91 10
62 205 11
62 459 13
62 644 7
62 225 9
62 480 10
62 319 12
63 643 8
63 360 8
57 63 10
63 656 10
63 130 14
63 227 10
63 544 14
64 741 11
64 284 12
64 471 8
64 81 13
65 427 11
63 65 9
65 659 10
35 65 11
65 72 11
66 379 14
66 620 11
66 267 9
66 114 12
6 66 12
67 596 9
67 487 15
67 517 12
67 331 9
67 527 12
67 68 7
45 68 15
68 149 12
68 161 11
68 388 11
68 317 9
69 200 8
69 631 10
69 589 11
69 100 10
69 290 11
70 601 13
70 718 10
70 629 12
70 85 12
71 608 11
71 479 10
71 410 13
71 458 14
71 175 12
71 305 12
72 304 12
72 217 13
72 215 11
72 540 6
72 516 11
72 389 8
72 546 13
73 612 14
73 708 8
73 227 14
73 710 8
74 436 8
43 74 10
74 354 15
74 265 12
74 152 10
69 74 8
75 727 11
75 695 13
75 685 8
75 343 10
76 721 9
76 362 13
76 444 11
76 223 14
76 141 10
76 543 8
77 652 7
77 258 10
77 377 10
77 558 12
77 495 4
78 324 12
78 606 8
78 227 12
78 273 8
78 453 11
79 472 12
79 189 11
79 434 10
79 327 10
79 714 12
79 320 10
80 580 12
80 701 10
80 629 11
80 667 10
81 146 13
81 664 11
81 164 10
81 466 9
81 192 12
81 333 11
72 82 9
82 671 11
82 369 8
82 638 10
82 537 5
82 307 10
69 83 11
83 204 9
83 419 13
83 613 11
8 83 9
4 83 8
83 574 10
84 225 9
84 354 8
0 84 10
84 430 10
84 129 11
84 372 10
85 294 11
76 85 13
85 602 13
85 213 7
85 225 11
86 464 14
86 574 12
86 286 12
86 304 13
86 433 10
87 228 10
87 169 9
87 319 8
87 495 11
88 574 10
88 367 11
88 650 10
88 513 10
89 534 8
89 403 11
89 666 8
89 162 10
89 743 12
89 271 12
90 688 13
90 594 10
90 551 10
90 245 14
90 668 11
91 163 10
91 407 10
91 356 12
91 265 12
91 715 10
92 411 11
53 92 9
92 154 12
16 93 15
93 584 7
93 691 8
93 646 10
93 531 9
94 720 11
94 451 14
94 586 10
94 459 11
94 692 14
94 657 8
81 95 9
35 95 11
95 489 13
96 597 12
96 546 13
96 193 9
96 711 10
96 115 9
96 625 11
97 572 9
89 97 10
92 97 13
97 514 12
97 126 12
97 721 10
97 110 13
98 301 10
98 252 11
23 98 10
98 481 10
99 151 12
99 417 7
99 165 14
1 99 10
99 245 12
100 347 11
100 735 8
100 378 11
34 100 12
101 586 10
101 364 12
101 165 12
101 716 10
101 415 8
102 307 12
102 382 10
102 530 12
102 466 11
102 609 9
102 453 9
103 523 10
103 506 13
103 566 10
103 474 10
93 103 7
104 403 13
104 132 6
104 733 11
104 259 12
104 713 11
104 428 12
68 105 7
105 466 10
89 105 10
105 348 13
105 280 12
105 174 12
106 608 12
106 238 11
106 270 9
106 389 11
107 486 11
107 132 9
107 285 10
81 107 14
107 306 8
108 164 11
108 495 11
108 212 9
108 593 14
108 709 12
109 598 14
109 546 9
109 367 8
109 731 8
109 278 12
109 156 11
71 110 11
110 122 11
110 166 11
110 223 9
111 567 11
13 111 12
111 626 9
111 318 11
112 232 12
112 212 8
112 740 7
54 112 8
112 258 10
112 642 13
113 425 10
113 445 12
113 699 9
113 182 12
113 523 13
114 409 9
114 660 12
114 643 11
114 297 7
74 115 11
115 185 10
115 556 11
115 231 11
25 115 12
116 652 9
91 116 14
116 584 12
116 713 11
116 153 15
116 501 8
116 378 4
117 604 17
117 691 5
117 120 10
117 163 12
117 477 11
118 472 11
118 692 7
118 565 10
65 118 9
118 220 13
119 376 13
119 592 7
3 119 9
119 140 13
120 361 13
120 178 9
120 146 14
120 409 13
121 526 8
121 619 12
121 326 8
121 657 12
121 675 10
122 309 12
122 392 13
111 122 10
122 492 13
122 452 11
66 122 11
122 604 12
123 662 14
123 246 5
123 446 8
123 334 8
124 252 10
124 213 12
124 391 13
56 124 9
125 261 11
125 445 9
125 306 5
125 235 11
125 669 12
126 475 12
126 597 10
126 406 12
126 325 9
85 127 13
127 181 12
127 666 11
127 310 10
127 289 11
67 127 8
128 313 10
128 664 14
128 292 7
128 532 10
15 128 13
128 130 12
128 377 12
129 470 9
129 554 8
129 223 11
3 129 12
129 408 8
129 521 10
70 129 12
130 697 7
130 335 7
79 130 11
117 130 10
130 333 12
130 546 13
131 165 11
131 636 15
131 427 10
131 582 11
132 690 10
132 303 8
132 375 14
132 727 14
132 212 10
132 697 9
65 133 14
133 425 12
133 365 13
133 666 7
134 388 9
134 222 9
134 356 6
62 134 9
135 326 12
135 681 11
135 376 14
135 141 9
135 697 13
136 283 9
136 191 14
136 514 14
136 422 10
136 271 7
136 318 12
137 197 12
137 743 14
83 137 12
137 649 10
138 415 10
138 692 10
138 332 10
138 640 9
138 180 15
139 730 12
139 282 11
29 139 10
22 139 8
139 566 10
140 670 11
140 495 11
140 170 12
140 159 14
140 267 8
140 699 11
141 497 11
141 192 11
141 162 9
141 594 11
141 179 11
141 363 12
141 188 12
142 320 6
93 142 11
142 699 10
142 464 9
142 174 11
143 611 7
143 483 13
143 421 10
143 169 8
143 708 11
144 421 15
144 456 10
27 144 12
144 693 9
144 698 13
145 731 11
145 727 7
145 303 9
145 415 13
146 253 11
146 510 9
146 597 12
146 402 14
146 730 11
86 146 12
48 147 10
147 240 12
147 394 10
147 741 12
144 148 9
47 148 6
148 384 10
148 345 10
88 148 13
148 612 10
149 376 7
149 423 11
149 736 11
149 323 10
149 492 8
150 516 10
150 237 14
150 194 11
150 193 12
151 438 8
151 478 13
151 729 9
151 223 10
152 498 15
152 178 9
152 665 10
153 534 8
153 535 11
125 153 14
153 385 7
154 355 9
97 154 9
154 325 6
83 154 11
154 684 11
154 648 10
134 155 10
155 440 8
118 155 8
155 620 13
155 658 14
156 726 10
101 156 11
156 206 10
156 338 10
156 195 13
18 157 13
157 367 8
157 277 9
69 157 10
76 157 10
34 157 7
158 461 10
158 384 11
158 729 9
158 698 9
158 475 13
97 159 9
159 630 13
159 372 10
159 256 11
159 297 12
159 746 11
160 594 10
160 689 11
160 741 8
160 225 13
160 478 13
8 161 10
161 428 8
161 216 12
43 161 7
89 161 13
31 162 12
162 618 11
162 340 11
162 532 9
162 352 10
162 699 12
163 368 7
163 285 15
156 163 10
86 163 8
74 164 12
26 164 11
164 535 13
164 738 6
65 164 9
164 428 11
165 548 13
165 460 11
100 165 8
135 165 9
13 165 8
165 249 12
166 516 16
166 200 12
166 285 12
166 235 11
166 458 9
166 568 11
166 290 15
19 167 11
22 167 13
167 237 6
167 169 9
38 167 10
168 284 8
168 564 8
168 390 6
92 168 10
168 582 13
169 446 10
169 371 10
169 506 15
14 169 8
169 197 8
108 169 8
2 170 8
170 478 12
170 716 12
170 175 9
171 536 13
136 171 8
171 707 12
171 320 9
171 362 10
172 676 11
172 357 9
172 700 10
154 172 11
76 173 15
47 173 8
49 173 10
173 176 7
173 302 11
125 174 13
141 174 9
174 649 13
174 529 11
175 522 13
175 684 12
175 549 9
132 175 12
175 695 13
176 433 11
176 492 12
176 202 10
176 468 9
176 351 12
177 731 15
177 194 9
177 703 9
7 178 10
178 359 9
178 725 8
178 351 10
27 178 8
178 653 10
179 680 7
179 613 13
179 276 13
180 289 9
180 544 14
180 303 14
26 180 8
181 643 12
14 181 11
123 181 12
180 181 8
181 380 11
181 483 13
182 202 8
182 358 10
182 266 10
133 183 10
183 718 10
183 347 9
183 477 14
183 374 10
121 184 15
25 184 12
184 721 7
184 399 8
184 686 14
184 253 9
185 731 11
185 629 11
185 541 10
185 279 10
185 726 11
186 418 7
126 186 8
186 600 9
2 186 11
186 340 10
186 267 12
187 385 9
187 344 11
187 249 10
19 187 12
108 187 11
183 188 10
188 695 13
41 188 10
48 188 13
188 736 10
36 188 8
188 412 11
189 240 10
189 243 9
189 291 8
154 189 9
189 382 13
190 435 12
190 646 8
166 190 11
190 230 10
190 313 10
191 516 12
191 532 10
191 229 14
191 451 15
191 661 13
191 254 11
192 674 10
129 192 7
63 192 11
193 597 13
193 713 8
193 527 12
181 193 8
193 415 11
194 629 7
194 325 10
194 615 10
95 194 11
194 395 7
194 364 12
195 612 13
195 543 11
195 402 13
195 512 8
196 496 7
169 196 11
196 504 13
196 364 13
180 196 12
145 197 9
197 554 10
197 733 14
197 285 10
198 587 7
198 635 10
53 198 10
198 714 7
167 199 11
199 377 8
199 231 9
116 199 13
113 199 13
199 469 11
134 200 12
78 200 9
200 444 9
131 200 14
200 274 11
200 453 9
201 299 11
103 201 10
201 428 13
106 202 11
140 202 11
202 587 9
203 642 13
203 644 10
203 705 8
95 203 12
2 204 12
117 204 11
53 204 11
204 678 10
204 433 8
205 542 11
116 205 10
205 577 10
205 261 9
117 205 10
206 484 10
206 656 14
206 734 12
206 675 9
207 241 9
207 656 12
136 207 9
207 703 12
208 628 9
208 723 9
208 633 12
208 319 8
208 651 11
208 570 12
208 265 9
209 646 12
209 216 8
209 513 9
107 209 12
209 243 7
209 574 10
210 534 12
210 583 10
190 210 13
210 567 12
126 210 12
211 437 10
211 579 12
211 506 11
124 211 12
211 570 11
212 705 13
212 681 6
140 212 13
212 225 13
213 340 12
213 639 8
213 544 13
99 213 9
213 606 13
214 512 12
214 317 10
214 313 11
215 569 10
215 686 10
215 709 9
215 603 9
199 215 14
215 630 10
216 738 12
216 512 12
145 216 8
216 657 10
29 217 10
144 217 12
217 676 10
218 280 8
218 618 8
14 218 8
127 218 13
218 601 11
219 708 13
219 491 11
219 501 11
177 219 8
219 466 12
220 443 9
220 685 11
220 242 13
220 483 12
220 614 9
148 221 5
221 547 10
103 221 12
42 221 7
221 498 8
221 393 13
222 372 13
222 601 10
222 642 11
222 288 12
222 441 7
223 657 12
223 385 10
223 272 12
66 223 10
223 683 12
224 365 10
16 224 9
63 224 10
208 224 13
224 565 9
177 225 11
79 225 11
225 613 11
225 393 15
225 650 10
226 416 10
146 226 10
226 441 8
168 226 12
191 226 12
227 311 10
227 508 13
59 227 12
199 227 11
227 461 11
227 690 10
228 361 9
228 398 10
191 228 9
58 228 11
228 544 7
229 708 8
127 229 9
229 427 11
229 590 12
229 537 9
230 669 11
75 230 12
230 269 10
230 547 8
230 584 10
194 231 10
231 648 5
219 231 14
231 716 7
231 423 14
232 595 9
232 237 6
232 304 11
48 232 12
233 439 11
233 426 9
144 233 12
153 233 11
233 411 13
234 533 9
127 234 9
143 234 8
234 745 11
234 565 10
234 578 14
235 590 12
235 576 13
235 308 8
235 565 12
235 343 11
235 580 11
175 236 11
37 236 11
119 236 12
236 682 9
237 375 14
237 709 12
237 706 9
237 446 9
237 405 14
238 672 9
238 273 8
238 352 15
238 373 10
238 444 11
238 591 9
101 239 9
239 699 10
91 239 10
239 620 16
106 239 12
239 726 13
240 341 10
119 240 10
240 278 12
96 240 7
240 342 13
241 307 15
70 241 11
241 528 7
72 241 10
109 242 14
229 242 12
242 396 13
242 381 8
211 242 7
243 294 5
243 502 13
69 243 12
243 283 9
21 243 6
244 342 10
217 244 10
244 613 11
244 681 7
244 303 13
244 708 9
245 517 11
245 705 9
245 546 10
245 257 14
235 245 11
246 592 14
246 263 4
246 561 10
246 325 9
246 705 10
246 408 9
110 247 10
186 247 12
247 503 7
247 621 8
247 738 14
247 397 9
121 248 10
248 299 14
248 572 10
136 248 7
249 656 9
249 641 13
249 357 9
215 249 14
249 611 11
250 693 9
222 250 10
250 450 13
250 457 10
250 449 11
67 251 13
251 602 10
95 251 11
251 589 12
252 464 11
252 746 7
109 252 7
252 260 12
252 473 9
253 641 12
253 697 9
253 547 12
49 253 13
150 253 11
253 338 14
254 449 9
254 498 12
254 424 13
88 254 8
43 254 11
152 254 11
255 310 5
255 629 12
255 475 15
118 255 11
255 675 11
256 626 11
146 256 9
256 542 15
256 645 12
256 365 9
256 612 10
257 328 11
100 257 11
257 545 11
206 257 11
257 374 10
258 284 12
137 258 10
95 258 11
258 489 11
258 727 15
259 326 10
259 482 13
259 664 14
73 259 8
227 259 13
85 260 7
33 260 11
260 488 6
260 469 10
261 271 12
183 261 12
261 403 12
90 261 10
261 725 9
262 486 9
262 514 12
108 262 12
262 690 11
151 263 10
263 697 14
195 263 10
263 602 13
264 497 9
97 264 12
27 264 12
16 264 5
195 265 13
101 265 12
265 346 9
265 432 9
104 266 8
266 517 8
266 341 9
266 502 12
267 592 7
267 595 11
267 339 10
267 672 8
267 330 9
268 274 7
103 268 9
268 749 10
268 742 12
268 306 10
268 451 7
221 269 9
269 485 9
269 351 9
269 469 10
21 269 11
270 421 11
270 525 11
270 550 9
270 622 12
270 276 9
271 522 15
42 271 11
118 271 7
255 271 11
272 745 9
272 734 15
272 523 9
272 580 11
272 354 9
273 337 10
273 625 11
39 273 13
184 273 7
273 570 10
273 297 15
48 273 11
274 450 8
274 736 11
34 274 11
274 593 11
275 616 9
275 749 13
219 275 7
3 276 7
276 693 12
276 656 11
276 530 10
154 276 14
276 443 9
92 277 12
277 410 10
277 495 10
277 463 12
3 277 9
140 278 9
278 647 8
278 715 16
278 411 7
279 467 11
279 462 11
279 291 12
279 405 12
279 354 7
279 647 10
280 710 11
192 280 12
280 286 8
280 584 11
13 280 11
35 281 11
281 426 11
281 663 14
31 281 13
281 624 9
282 698 9
282 680 11
282 477 11
93 282 14
11 282 9
282 441 10
283 311 16
147 283 11
283 415 12
283 648 11
65 283 12
227 284 11
284 286 9
284 639 11
284 721 7
285 420 8
14 285 10
285 540 13
144 285 11
129 285 10
81 285 16
286 488 14
286 500 10
72 286 8
286 422 11
286 361 9
286 474 9
287 607 10
287 404 11
179 287 14
88 287 7
288 434 9
99 288 9
288 613 9
288 384 9
289 525 10
289 506 10
289 676 11
289 601 8
281 290 12
290 572 7
290 498 12
197 290 10
42 290 16
291 632 10
168 291 13
227 291 9
291 727 8
251 291 9
47 291 13
292 626 10
100 292 9
58 292 9
68 292 9
292 489 11
293 320 12
276 293 10
38 293 13
166 293 9
148 293 13
293 342 12
256 294 11
109 294 10
294 471 10
294 491 11
294 295 7
103 295 14
295 433 8
10 295 12
295 402 6
296 567 7
296 526 7
296 429 15
271 296 9
296 660 10
296 583 10
297 640 12
288 297 11
297 674 13
275 297 10
216 297 17
298 325 9
158 298 8
298 713 14
298 686 9
298 536 8
299 525 14
299 338 9
299 410 12
299 687 10
86 299 11
203 300 8
300 396 9
300 370 11
1 300 13
149 300 9
213 301 9
13 301 11
301 511 9
301 724 7
208 301 11
301 727 11
302 573 8
50 302 9
302 569 10
302 336 12
158 302 11
302 563 10
302 596 12
129 303 12
262 303 11
303 702 12
303 616 9
229 303 9
266 303 14
304 339 13
304 452 9
304 491 10
304 601 10
202 305 12
305 689 13
33 305 11
163 306 9
306 501 11
306 352 8
306 693 13
306 318 11
307 732 9
307 375 7
246 307 8
87 307 12
230 307 12
308 439 9
308 585 12
124 308 10
308 538 10
308 454 11
309 411 11
297 309 10
309 532 13
309 499 10
0 309 11
310 622 12
310 540 9
93 310 13
196 310 10
310 625 13
310 576 7
58 311 11
311 441 7
311 640 7
311 417 12
88 311 8
311 639 8
312 456 10
312 470 10
24 312 8
181 312 8
312 647 10
313 684 13
210 313 10
27 313 11
313 683 13
313 419 15
86 314 7
314 385 15
110 314 9
314 438 9
14 315 10
8 315 11
315 623 11
315 369 9
315 391 10
232 315 8
316 339 9
316 527 12
316 739 8
316 377 12
316 418 7
316 446 8
193 316 10
317 618 12
23 317 12
134 317 7
255 317 11
294 318 11
247 318 13
89 318 9
318 725 10
198 318 11
220 319 11
138 319 11
21 319 8
78 319 12
319 345 13
320 429 10
320 345 10
320 430 10
218 320 11
320 632 13
321 374 14
130 321 11
321 361 9
132 321 12
321 337 11
95 321 9
197 321 11
322 595 14
206 322 11
322 647 11
302 322 11
322 497 9
13 323 12
323 415 12
83 324 8
154 324 16
324 538 10
217 324 13
324 545 13
251 325 14
325 367 10
325 721 10
325 493 10
10 325 14
283 325 12
326 468 11
233 326 14
41 326 11
326 534 15
310 326 12
327 543 13
225 327 9
327 544 8
327 404 11
327 717 8
327 408 14
224 328 15
328 416 10
136 328 13
148 329 12
167 329 15
262 329 11
329 447 7
330 457 10
330 374 13
203 330 11
330 535 13
285 330 14
0 331 8
331 742 8
145 331 13
144 331 11
331 389 6
258 331 9
332 598 6
153 332 11
208 332 10
112 332 6
333 433 12
63 333 9
333 392 10
333 733 8
95 333 14
334 406 6
138 334 13
63 334 9
334 614 10
334 441 10
27 335 9
335 408 11
335 683 11
133 336 16
336 517 8
330 336 9
336 733 9
253 336 10
337 427 13
104 337 9
235 337 8
206 337 8
337 471 12
277 337 7
338 507 11
198 338 11
128 338 12
178 338 9
163 339 7
339 734 14
339 636 11
58 339 12
64 340 12
340 747 8
264 340 7
191 341 12
341 482 12
249 341 5
201 341 11
341 748 9
198 341 10
200 341 14
342 735 10
99 342 10
342 511 9
180 342 10
188 342 10
343 351 12
343 693 11
146 343 13
343 348 11
15 343 12
151 344 11
344 569 11
95 344 12
313 344 12
344 421 11
345 437 13
345 629 7
77 345 11
345 732 13
323 345 12
346 397 11
31 346 11
346 615 11
346 629 12
97 346 11
242 346 11
347 410 14
347 646 7
26 347 9
347 519 8
348 392 13
348 724 7
70 348 10
149 348 10
348 465 8
212 349 12
349 455 14
349 424 12
349 703 9
349 361 7
1 350 9
312 350 9
350 663 10
350 445 9
351 728 9
91 351 11
351 643 11
88 351 12
319 351 9
167 351 12
352 659 10
352 354 11
203 352 9
352 718 11
352 688 7
353 522 12
353 675 7
353 476 7
353 697 10
353 420 12
22 354 8
354 583 13
354 384 10
140 354 11
354 620 10
63 355 4
355 606 12
208 355 9
1 355 14
355 551 10
160 356 11
356 662 10
356 375 18
266 356 9
251 357 6
270 357 12
357 732 12
49 357 11
357 707 10
118 357 12
39 358 9
290 358 11
358 658 11
49 358 12
358 611 10
309 359 12
0 359 16
359 456 10
17 359 10
359 392 7
360 396 11
68 360 12
360 478 10
155 360 10
31 360 10
361 493 9
249 361 13
101 361 13
245 361 10
143 361 8
362 697 13
362 428 11
350 362 12
78 363 14
363 519 11
363 427 9
319 363 12
147 363 11
364 441 10
216 364 7
113 365 15
167 365 8
131 365 8
365 447 9
365 502 16
80 366 16
366 625 13
366 425 6
366 628 11
366 426 11
367 511 11
60 367 7
322 367 8
367 408 12
367 616 14
337 368 8
368 398 9
368 640 11
117 368 9
368 709 8
368 491 11
369 730 11
169 369 9
369 622 11
121 369 11
7 369 10
208 370 11
370 486 8
136 370 10
370 476 13
160 370 11
370 598 11
371 405 14
371 527 10
254 371 12
70 371 9
371 607 13
372 749 9
372 721 16
212 372 14
372 389 11
372 716 10
302 372 8
373 501 10
373 663 12
373 702 13
101 373 12
52 373 8
255 373 10
277 374 12
374 389 12
374 654 13
374 545 8
366 375 8
208 375 9
375 728 10
171 375 8
376 701 8
376 424 6
376 720 9
376 606 10
107 376 11
376 426 12
377 462 7
377 439 10
190 377 10
72 377 7
378 456 12
84 378 8
378 737 10
378 580 11
69 378 9
310 379 16
127 379 9
100 379 9
65 379 9
294 379 11
44 380 11
81 380 12
380 566 13
92 380 10
380 381 11
380 720 11
154 381 8
98 381 11
121 381 9
381 430 6
381 646 10
382 483 10
382 419 7
382 706 9
14 382 12
382 739 13
382 409 11
125 383 12
383 593 12
383 652 9
383 577 12
383 715 11
0 384 7
384 405 13
384 711 11
120 384 10
280 384 12
243 384 12
351 384 10
150 385 11
98 385 10
385 721 11
385 561 9
385 612 11
385 728 10
386 626 10
29 386 12
353 386 13
210 386 9
273 386 11
299 387 11
387 428 11
387 457 9
387 408 9
388 603 7
388 416 10
388 600 11
388 471 8
247 388 9
342 388 12
389 486 15
389 517 11
389 423 11
46 389 12
390 566 10
45 390 10
390 448 12
352 390 12
9 390 12
390 635 11
282 391 10
391 467 9
135 391 9
391 546 11
253 391 11
113 392 12
173 392 12
363 392 11
392 535 10
393 629 12
393 413 10
156 393 12
204 393 8
393 703 11
200 393 9
29 394 7
53 394 10
394 404 8
394 687 13
394 539 9
321 395 11
210 395 13
41 395 11
170 395 7
125 395 13
376 396 10
396 521 10
283 396 10
394 396 11
200 396 10
396 628 4
85 397 12
140 397 7
397 741 9
369 397 8
135 397 10
114 397 12
398 515 10
135 398 10
398 481 8
398 503 9
398 463 8
172 399 13
65 399 13
399 427 7
399 441 13
399 521 9
400 553 8
394 400 12
221 400 10
143 400 14
341 400 10
401 465 13
20 401 12
256 401 13
401 469 11
401 507 11
401 476 11
43 402 14
402 489 9
21 402 9
402 638 9
403 708 8
403 643 7
275 403 14
397 403 11
312 404 13
243 404 9
309 404 11
254 404 8
99 405 12
219 405 11
405 712 10
74 405 12
309 405 10
392 405 10
112 406 5
406 451 11
258 406 13
181 406 11
406 563 4
407 451 8
407 418 6
62 407 10
224 407 10
176 407 12
407 690 12
408 458 7
199 408 11
18 408 9
120 408 10
408 532 10
263 408 8
409 727 7
148 409 12
104 409 7
409 546 11
409 430 8
324 409 16
204 409 15
268 410 12
410 713 10
254 410 12
186 410 11
296 410 10
114 411 12
347 411 11
110 411 12
411 707 13
286 411 7
196 412 10
266 412 7
412 698 7
71 412 12
412 421 11
83 413 11
413 526 13
234 413 11
102 413 8
286 413 8
413 639 6
326 414 13
315 414 12
29 414 8
414 727 14
237 414 10
415 635 12
236 415 10
170 415 9
415 611 11
416 417 10
416 686 9
78 416 8
263 416 4
416 452 13
417 743 11
222 417 9
326 417 14
417 611 11
418 579 9
418 539 11
11 418 11
40 418 10
183 418 10
144 419 10
199 419 11
419 453 12
419 570 6
419 639 11
214 419 14
420 547 14
420 738 11
130 420 10
88 420 13
421 508 11
421 498 11
286 421 10
244 421 10
4 421 11
288 421 10
93 422 12
337 422 12
153 422 10
30 422 12
239 423 7
423 580 9
313 423 10
202 423 13
410 423 13
1 424 9
352 424 7
424 543 10
309 424 13
424 552 11
129 425 13
425 534 13
425 489 10
37 425 10
425 549 10
426 619 8
367 426 8
426 533 14
426 730 11
278 426 8
213 426 9
59 427 12
427 587 10
362 427 12
427 677 12
246 427 11
392 428 6
428 610 11
166 428 9
334 428 12
428 582 9
429 684 12
429 682 10
429 598 8
292 429 12
101 429 13
430 705 9
355 430 10
430 442 11
430 645 12
197 430 14
57 430 11
217 431 9
431 730 10
428 431 7
431 452 11
214 431 6
218 432 10
407 432 12
263 432 7
432 687 10
99 432 12
6 432 10
433 587 8
316 433 9
215 433 13
433 582 12
433 670 13
434 441 8
434 587 14
424 434 10
379 434 6
261 434 12
229 435 14
194 435 9
44 435 7
73 435 12
172 435 9
59 436 12
436 671 10
436 724 10
60 436 12
53 436 10
437 528 8
437 716 10
419 437 10
276 437 9
437 442 12
46 437 12
180 438 13
6 438 12
438 658 11
8 439 11
439 726 13
270 439 11
317 439 9
439 449 11
439 441 13
284 440 12
63 440 9
282 440 10
440 517 12
154 441 11
273 441 8
441 671 3
365 441 10
280 441 9
231 441 9
442 663 10
442 670 10
78 442 13
442 480 13
443 693 12
365 443 13
231 443 11
443 478 8
443 678 10
288 444 11
444 478 8
239 444 8
444 728 15
342 445 13
169 445 4
272 445 11
4 445 10
287 445 12
372 446 9
446 710 7
446 494 9
351 447 11
338 447 11
447 656 9
139 447 11
447 642 12
222 448 10
395 448 9
352 448 13
373 449 9
43 449 13
449 482 13
363 449 10
449 463 9
35 449 8
205 449 10
18 449 12
450 548 9
319 450 12
259 450 14
313 451 7
128 451 9
322 451 9
451 558 11
452 571 11
452 465 12
318 452 13
452 611 11
193 452 11
452 655 11
169 452 8
453 534 11
453 732 10
453 551 9
454 696 13
41 454 9
337 454 10
143 454 12
67 454 7
454 566 10
49 455 11
236 455 6
46 455 15
455 748 10
326 456 7
171 456 10
456 541 8
217 456 10
457 552 12
47 457 10
408 457 10
457 715 9
458 476 14
104 458 8
458 494 11
458 711 11
458 542 12
428 459 9
252 459 8
443 459 10
459 688 5
56 460 12
120 460 13
460 606 7
47 460 9
159 460 9
461 642 13
312 461 13
461 491 11
79 461 7
461 630 11
104 461 11
356 462 12
462 495 11
462 556 8
462 616 12
462 624 14
200 463 11
190 463 10
445 463 14
464 491 10
231 464 11
336 464 10
54 464 10
394 464 10
465 582 10
423 465 11
249 465 10
180 465 14
188 466 11
466 737 9
0 466 6
385 466 12
307 467 10
249 467 10
467 511 8
7 467 10
182 467 9
172 468 14
6 468 7
130 468 10
397 468 13
468 632 7
34 468 12
469 749 9
366 469 13
469 627 10
469 525 11
28 469 10
365 470 14
470 638 9
470 630 14
12 470 10
470 618 10
345 470 8
387 471 9
361 471 13
471 729 7
277 471 13
472 559 12
194 472 13
294 472 9
388 472 12
473 599 16
473 498 14
205 473 9
45 473 8
473 712 10
132 473 10
474 487 10
344 474 6
258 474 12
89 474 10
157 475 12
31 475 10
475 623 14
202 475 8
475 736 14
138 476 12
476 738 9
477 666 10
166 477 12
170 477 8
219 477 10
310 478 9
478 592 9
478 719 14
58 478 13
419 478 10
479 684 11
261 479 12
165 479 13
479 709 12
480 690 13
396 480 11
172 480 10
214 480 6
480 508 11
187 480 12
214 481 11
310 481 15
481 704 10
362 481 10
229 481 11
481 529 11
482 668 8
418 482 8
270 482 17
482 623 13
265 482 11
114 482 13
483 490 13
391 483 11
209 483 9
483 705 11
483 684 14
484 636 10
415 484 12
484 737 11
157 484 11
400 484 10
418 485 14
348 485 12
485 577 9
456 485 7
298 485 10
485 722 11
420 485 8
486 720 12
459 486 11
486 543 6
486 523 9
164 486 9
487 534 8
316 487 10
247 487 10
69 487 9
487 692 10
44 488 10
488 521 10
430 488 9
249 488 7
111 488 10
474 489 15
482 489 14
110 489 10
73 489 8
38 489 13
489 621 13
490 671 11
209 490 9
154 490 7
12 490 11
202 490 12
147 490 10
491 538 10
389 491 10
491 674 13
491 575 12
492 619 13
492 540 12
492 628 10
385 492 7
161 492 10
351 492 8
449 492 6
104 493 10
493 726 7
493 657 12
493 748 9
287 494 9
494 588 12
494 590 14
494 749 8
300 494 11
494 570 9
495 739 12
495 606 12
291 495 12
495 692 10
495 741 10
496 527 9
33 496 13
74 496 9
51 496 11
410 496 11
77 496 9
470 497 9
464 497 8
497 719 9
391 497 8
498 575 12
495 498 9
498 683 8
498 561 9
331 498 11
18 498 11
499 505 8
152 499 12
240 499 9
333 499 10
499 616 12
499 628 11
442 500 8
380 500 8
71 500 13
371 501 7
23 501 9
501 624 10
53 501 11
175 501 10
498 502 9
35 502 11
192 502 10
502 633 7
420 502 14
104 503 9
250 503 9
154 503 9
215 504 10
229 504 8
144 504 11
449 504 7
348 504 11
439 505 8
300 505 6
505 507 8
60 505 11
386 506 14
175 506 11
302 506 10
29 506 10
240 506 10
398 507 11
507 643 6
5 507 13
53 507 12
229 507 10
224 508 9
300 508 15
468 508 9
168 508 11
196 508 14
42 508 10
92 509 10
10 509 11
469 509 12
509 561 12
315 510 10
294 510 11
476 510 12
510 603 12
40 510 12
511 713 11
446 511 9
511 542 12
172 511 10
11 511 7
415 512 13
196 512 11
362 512 10
427 512 15
276 512 10
482 513 15
513 627 9
459 513 11
513 535 10
124 513 14
71 514 11
514 739 13
514 653 10
276 514 8
141 514 12
168 514 14
290 515 14
184 515 10
515 578 10
53 515 12
389 515 10
516 523 8
516 657 13
53 516 12
151 516 12
517 667 15
270 517 13
386 517 12
144 517 7
106 517 11
63 518 10
433 518 12
518 745 12
518 731 13
519 617 11
519 610 12
47 519 7
90 519 11
150 519 9
139 520 9
130 520 12
43 520 11
54 520 11
521 631 8
521 524 9
521 746 8
283 521 13
361 521 10
31 521 10
522 566 13
390 522 11
257 522 11
522 714 12
37 522 8
523 667 10
523 666 12
492 523 14
274 523 12
366 523 9
524 691 10
387 524 13
318 524 10
334 524 9
31 524 13
525 693 10
200 525 10
525 718 8
525 703 9
525 578 9
9 525 11
299 526 8
56 526 6
292 526 14
69 526 5
471 527 12
7 527 10
527 719 10
171 528 11
85 528 8
528 735 12
250 528 8
528 596 8
232 529 11
169 529 11
529 606 11
308 529 10
529 673 12
529 652 9
508 530 13
530 720 10
119 530 10
173 530 7
179 530 12
455 530 15
531 638 11
531 727 10
531 657 8
531 706 14
305 531 12
274 531 11
346 532 8
224 532 8
31 532 14
323 532 11
532 541 8
533 623 11
13 533 8
503 533 12
69 533 10
172 533 11
168 534 13
78 534 13
534 597 11
222 535 9
40 535 13
87 535 9
424 535 14
212 536 11
281 536 12
533 536 15
442 536 11
498 537 12
537 707 9
537 581 8
537 551 10
275 538 10
65 538 12
538 648 11
152 538 13
18 538 11
539 712 13
391 539 13
30 539 13
480 539 12
539 675 11
12 539 12
416 540 5
403 540 17
447 540 13
370 540 12
34 541 15
419 541 11
429 542 7
249 542 10
74 542 8
377 542 9
476 542 10
142 543 12
111 543 10
177 543 13
267 543 7
154 543 8
543 690 11
19 544 11
384 544 9
192 544 9
490 544 12
544 717 11
458 544 9
24 544 14
111 545 9
545 732 10
255 545 10
545 709 7
291 545 11
93 546 11
295 546 14
367 546 9
546 724 14
445 546 13
546 647 8
14 547 10
319 547 13
194 547 8
547 573 10
19 547 13
1 547 12
415 548 9
548 621 12
136 548 10
314 548 12
537 548 11
57 548 16
549 714 12
224 549 17
532 549 10
19 549 12
549 612 15
477 550 9
550 580 10
433 550 10
550 632 10
472 550 12
397 551 9
551 565 11
540 551 8
263 551 9
551 603 10
255 551 11
58 552 11
477 552 11
114 552 9
133 552 11
552 675 12
110 552 8
323 552 8
553 681 8
253 553 11
25 553 11
553 587 7
553 729 10
489 553 8
37 554 12
372 554 11
14 554 11
451 554 8
339 555 12
417 555 12
295 555 8
193 555 9
555 560 11
366 555 9
555 605 11
364 556 10
556 648 9
340 556 14
268 556 11
220 556 11
548 556 10
486 557 12
207 557 11
557 649 12
250 557 10
557 560 7
214 558 8
234 558 9
558 698 7
445 558 9
538 558 9
559 663 11
559 741 12
78 559 13
306 559 10
559 639 10
86 559 8
478 560 11
208 560 12
15 560 15
560 661 10
249 560 11
231 561 7
561 573 10
240 561 9
374 561 13
219 561 15
374 562 5
80 562 12
124 562 10
562 651 11
496 562 8
180 563 7
494 563 7
344 563 9
529 563 10
123 563 10
203 564 8
117 564 11
564 701 10
115 564 13
261 564 13
549 565 12
198 565 10
107 565 9
210 565 11
451 565 11
230 565 11
566 641 11
232 566 11
566 730 11
412 566 10
567 703 13
143 567 10
567 723 11
9 567 5
483 567 10
214 567 12
434 568 11
142 568 11
523 568 9
72 568 12
39 568 10
198 568 12
569 665 10
118 569 12
569 582 8
396 569 12
570 660 13
570 707 14
557 570 10
233 570 7
384 570 11
386 570 9
544 571 11
79 571 9
221 571 10
571 582 16
138 572 6
284 572 11
572 607 16
16 572 13
432 572 11
573 637 6
573 631 11
573 732 14
95 573 13
573 598 10
574 632 10
503 574 10
527 574 10
402 574 11
150 574 10
240 575 8
412 575 9
575 727 12
575 710 10
243 575 11
166 576 10
576 642 12
413 576 12
124 576 11
125 576 13
170 577 11
577 694 9
23 577 9
410 577 10
352 577 15
91 577 9
77 578 11
521 578 10
354 578 9
74 578 10
295 579 10
579 653 12
579 596 12
405 579 8
516 580 8
399 580 16
580 665 10
181 580 12
557 581 8
201 581 9
123 581 10
145 581 6
350 581 6
170 582 11
582 746 13
373 582 9
288 582 11
332 583 9
101 583 12
583 648 8
109 583 9
99 583 11
184 584 11
392 584 14
35 584 9
584 629 13
299 584 8
136 584 13
23 585 10
518 585 9
289 585 12
391 585 14
233 585 10
151 585 9
399 586 8
228 586 13
586 722 12
491 586 8
384 586 9
432 587 10
463 587 9
347 587 10
304 587 11
219 587 14
588 676 13
11 588 13
588 614 14
495 588 14
382 588 9
227 588 9
207 589 10
589 631 8
159 589 13
589 663 10
530 590 14
485 590 12
512 590 6
500 590 8
571 591 10
541 591 14
468 591 7
182 591 14
591 747 12
323 591 11
67 591 8
215 592 8
385 592 11
592 737 9
469 593 9
351 593 12
199 593 8
80 593 8
195 593 10
247 593 13
449 594 9
436 594 10
486 594 11
594 689 10
332 594 11
209 594 12
594 697 7
415 595 10
272 595 8
209 595 7
256 595 12
595 596 12
311 595 8
204 596 9
366 596 10
436 596 13
597 682 12
156 597 9
597 675 11
22 597 12
597 598 9
194 597 10
74 598 8
44 598 12
120 598 10
267 598 13
598 636 9
470 598 11
387 599 10
38 599 8
219 599 10
599 609 8
251 599 12
163 600 12
10 600 10
408 600 14
160 600 10
600 735 8
485 600 12
297 601 12
241 601 9
306 601 9
40 601 11
62 602 10
170 602 10
552 602 10
50 602 13
256 603 11
187 603 12
130 603 11
72 603 9
447 603 11
603 673 8
43 603 9
184 604 10
604 681 9
451 604 11
176 604 7
341 604 10
517 604 8
218 605 9
605 700 5
587 605 13
163 606 12
606 678 12
544 606 7
267 606 13
75 606 7
436 606 13
606 725 10
577 607 12
80 607 11
435 607 12
228 607 11
450 607 10
532 608 8
608 688 13
594 608 11
182 608 11
214 608 12
115 609 13
355 609 11
52 609 12
610 642 11
610 741 11
22 610 15
468 610 11
150 610 13
198 611 10
611 619 11
37 611 11
434 611 12
521 612 12
365 612 10
297 612 12
612 732 11
212 612 12
365 613 9
355 613 10
332 613 11
613 701 12
560 613 10
240 614 13
614 677 10
614 702 8
64 614 11
140 614 11
614 692 8
268 615 11
315 615 12
234 615 9
615 747 6
484 615 7
242 616 11
494 616 11
32 616 15
616 656 6
484 616 13
617 662 12
36 617 12
241 617 13
221 617 11
431 617 15
303 618 9
343 618 11
592 618 7
618 702 12
591 618 11
619 623 8
124 619 10
390 619 10
619 663 10
470 620 14
620 743 9
162 620 5
290 620 9
349 620 12
467 620 11
51 621 11
106 621 11
338 621 12
608 621 10
219 622 6
622 638 9
280 622 15
320 622 8
385 622 8
363 623 13
585 623 9
477 623 10
490 623 11
496 624 9
624 688 9
443 624 7
524 624 13
101 624 8
624 682 10
160 625 9
485 625 10
281 625 9
321 625 10
181 626 10
594 626 12
178 626 10
626 723 9
49 626 10
324 626 14
610 627 12
259 627 11
293 627 13
592 627 9
210 628 8
628 738 11
220 628 9
628 688 13
129 628 12
590 628 9
89 629 10
22 629 10
171 629 6
629 649 9
31 629 12
630 733 10
83 630 10
630 662 13
484 630 16
462 631 13
246 631 7
0 631 10
283 631 12
328 631 8
431 631 11
570 632 9
5 632 10
88 632 11
379 632 12
332 632 11
154 632 12
318 633 9
633 714 11
7 633 12
113 634 10
295 634 12
117 634 13
121 634 12
634 711 11
635 734 9
492 635 11
474 635 8
219 635 11
166 635 13
279 636 8
636 693 12
345 636 12
294 636 12
418 636 9
388 637 13
637 716 9
425 637 11
272 638 11
331 638 10
408 638 9
429 638 12
58 638 8
638 740 12
574 638 10
79 639 11
191 639 11
130 639 9
342 639 10
136 639 11
46 640 10
462 640 10
114 640 11
547 640 14
176 641 11
384 641 11
16 641 10
565 641 13
437 642 11
482 642 10
580 642 11
6 642 13
572 642 11
252 642 12
643 676 11
535 643 12
493 643 10
441 644 9
241 644 8
510 644 12
568 644 12
150 644 8
501 644 10
471 644 7
455 645 9
437 645 9
494 645 11
200 645 12
348 645 13
495 646 10
379 646 16
646 701 10
197 646 10
318 646 10
341 646 9
314 647 9
139 647 9
296 647 9
403 648 14
82 648 14
49 648 10
287 648 12
327 648 8
560 649 10
459 649 9
221 649 12
56 650 12
129 650 12
650 748 8
460 650 10
650 665 10
650 699 8
651 695 11
190 651 14
577 651 13
25 651 9
501 651 12
503 651 12
652 735 9
192 652 12
42 652 8
632 652 8
503 652 11
616 653 11
539 653 13
25 653 11
386 653 11
41 653 9
501 653 9
654 730 13
257 654 12
54 654 13
249 654 14
467 654 7
215 655 11
336 655 11
25 655 8
71 655 8
38 655 10
275 655 10
321 656 13
429 656 12
261 656 12
265 656 9
411 656 11
657 685 12
529 657 8
602 657 12
419 657 8
376 658 14
312 658 9
658 669 11
536 658 9
293 658 12
659 698 7
399 659 13
12 659 11
82 659 12
50 659 8
323 660 13
534 660 12
618 660 11
343 660 12
222 661 9
104 661 9
385 661 14
661 714 13
346 661 10
105 662 10
311 662 8
363 662 12
640 662 10
344 662 14
63 662 8
402 662 9
542 663 10
34 663 12
322 663 11
452 663 11
317 663 12
664 742 11
664 723 13
15 664 14
664 714 13
429 665 12
67 665 9
305 665 15
119 665 12
288 666 8
124 666 14
632 666 13
244 666 10
284 666 11
205 667 11
313 667 8
50 667 13
360 667 10
187 667 7
195 668 9
179 668 8
144 668 7
471 668 12
9 668 10
298 669 11
596 669 7
660 669 9
237 669 10
375 669 11
536 670 10
670 741 12
202 670 14
287 670 9
487 670 12
239 670 8
597 671 14
64 671 13
299 671 13
395 671 13
671 739 10
285 671 12
45 672 14
297 672 11
289 672 9
177 672 8
356 672 11
202 673 7
87 673 11
592 673 11
345 673 14
172 673 11
189 673 12
314 674 11
409 674 10
184 674 12
348 674 12
602 674 10
222 675 12
594 675 9
477 675 11
588 675 14
152 675 13
82 675 9
676 694 13
253 676 11
51 676 15
671 676 11
494 676 10
169 676 14
193 677 6
425 677 12
543 677 11
630 677 11
449 677 8
75 678 9
433 678 8
61 678 10
638 679 6
522 679 13
554 679 13
487 679 12
275 679 10
90 679 9
649 680 12
222 680 11
158 680 7
298 680 10
396 680 9
470 681 12
367 681 14
519 681 9
116 681 9
419 681 11
324 681 10
293 682 9
89 682 5
19 682 12
162 682 14
283 682 9
314 683 11
161 683 9
486 683 8
145 684 7
32 684 12
369 684 8
670 685 9
281 685 9
182 685 10
584 685 11
289 685 10
669 686 10
275 686 10
244 686 10
472 686 14
461 686 8
327 687 11
199 687 12
687 708 9
134 687 10
388 687 11
65 688 12
503 688 8
43 688 9
171 688 10
688 693 12
562 689 11
596 689 12
390 689 9
427 689 15
330 689 11
91 689 10
683 690 11
305 690 10
246 690 11
690 701 14
619 690 9
409 690 11
102 691 9
278 691 11
493 691 12
498 691 12
8 692 9
505 692 14
262 692 12
265 692 10
595 692 9
279 692 10
693 733 9
693 718 10
6 693 11
176 693 11
125 693 13
122 694 13
57 694 13
694 728 11
358 694 6
305 695 9
577 695 13
695 705 9
338 695 11
626 695 12
324 695 10
484 696 10
5 696 9
501 696 11
541 696 11
1 697 10
32 697 10
655 697 10
357 697 13
162 697 13
141 698 10
237 698 7
34 698 11
386 698 11
698 746 13
565 698 10
684 699 7
253 699 7
7 699 13
314 699 9
563 699 12
85 700 12
464 700 9
42 700 11
699 700 10
452 700 11
343 701 7
390 701 7
100 701 9
19 701 15
120 702 13
602 702 10
612 702 8
358 702 7
661 702 9
553 703 12
668 703 11
262 703 10
374 703 9
47 703 11
102 704 11
339 704 9
296 704 9
163 704 9
559 704 10
650 704 10
50 704 9
220 705 11
616 705 8
343 705 12
570 705 7
439 706 11
336 706 11
628 706 12
422 706 11
562 706 8
257 707 10
539 707 11
304 707 14
606 707 13
630 708 11
4 708 15
5 708 8
465 708 11
666 708 6
168 709 11
573 709 12
385 709 11
436 709 11
471 709 7
0 710 12
143 710 8
534 710 12
45 710 13
653 710 10
237 711 8
38 711 11
662 711 8
403 711 13
99 711 13
66 711 13
709 712 11
318 712 10
402 712 13
626 712 11
450 712 11
215 713 11
151 713 7
636 713 11
309 713 8
44 713 7
20 713 9
587 713 13
593 714 11
253 714 10
436 714 12
108 714 10
71 715 9
55 715 11
221 715 11
4 715 10
74 716 12
409 716 11
621 716 10
688 716 8
28 716 11
78 716 11
175 716 10
46 717 12
215 717 9
449 717 10
690 717 12
219 717 11
639 718 11
50 718 13
490 718 9
442 718 10
602 718 10
167 718 8
719 732 10
201 719 12
346 719 5
332 719 12
464 719 9
486 719 14
167 720 8
237 720 12
546 720 14
323 720 10
518 720 12
480 720 11
143 721 9
131 721 12
219 721 8
721 736 12
474 722 9
684 722 9
310 722 14
4 722 12
260 722 11
532 723 11
494 723 9
514 723 11
149 723 12
130 723 10
720 723 13
9 724 8
483 724 12
75 724 8
559 724 11
725 741 9
473 725 9
86 725 12
242 725 13
670 725 12
579 726 10
46 726 13
433 726 11
279 726 8
632 726 9
381 727 9
260 727 11
353 727 11
32 727 11
515 728 12
697 728 10
458 728 12
271 728 10
144 728 14
346 728 9
696 729 11
96 729 8
524 729 7
313 729 8
274 730 9
177 730 9
730 748 11
383 730 10
97 731 11
380 731 10
436 731 11
0 732 12
450 732 10
155 732 10
502 732 9
166 732 12
720 733 13
663 733 12
725 733 6
207 733 10
82 734 9
41 734 9
618 734 9
285 734 7
697 735 10
121 735 9
571 735 11
367 735 11
1 735 8
351 735 10
436 736 15
261 736 9
69 736 11
528 736 8
704 736 9
104 736 10
267 737 12
261 737 10
538 737 7
179 737 10
637 737 8
13 737 11
339 738 12
34 738 16
520 738 7
26 739 12
685 739 13
336 739 13
67 739 12
297 739 13
58 740 12
355 740 10
189 740 10
478 740 10
51 741 7
508 741 10
576 741 5
448 741 11
678 741 11
14 742 9
439 742 11
404 742 10
26 742 9
463 743 8
91 743 12
617 743 11
637 743 12
88 743 13
603 743 10
274 744 8
354 744 10
636 744 10
500 744 12
28 744 9
448 744 11
386 745 9
128 745 12
427 745 10
419 745 13
424 746 8
123 746 9
78 746 11
714 746 14
447 747 12
367 747 10
222 747 8
560 747 9
284 747 10
189 748 11
527 748 16
17 748 10
23 749 12
28 749 14
428 749 9
116 749 11
171 749 14
