750
0
4
6
4
3
8
5
10
7
3
7
9
2
9
6
8
1
3
2
2
8
2
9
2
5
3
1
4
2
1
2
9
7
7
10
2
1
3
3
7
6
7
8
8
5
9
2
5
6
5
8
10
5
3
5
3
9
9
2
9
7
4
4
4
1
6
8
3
4
8
4
2
2
6
10
2
6
9
1
4
3
10
3
2
2
2
5
4
10
1
7
10
2
9
5
9
8
3
1
2
2
6
7
6
5
8
4
4
2
1
3
5
8
6
9
8
8
5
10
6
5
9
1
7
10
5
8
5
6
10
9
4
4
7
4
3
8
7
7
6
2
8
7
9
3
6
5
5
3
9
2
6
6
9
1
3
1
5
2
6
9
7
9
9
5
9
7
3
5
7
3
3
6
9
5
5
9
3
8
8
1
5
4
5
5
4
7
4
6
10
7
6
6
6
1
6
10
8
7
1
6
6
8
6
8
1
4
10
6
4
4
3
2
7
4
5
8
2
3
8
8
1
5
2
8
1
8
2
5
6
9
2
9
1
9
9
8
10
3
2
10
2
5
5
8
9
9
9
4
5
4
7
3
4
2
2
7
8
8
3
4
7
8
9
3
2
8
4
3
2
1
1
2
7
2
1
6
8
5
6
5
5
5
9
1
9
7
6
2
1
1
4
9
9
7
4
3
2
9
4
5
7
6
2
2
2
1
5
3
7
4
10
6
7
1
8
9
9
7
5
10
9
8
8
2
7
1
4
1
4
2
7
8
2
9
5
3
7
9
8
8
2
2
7
1
7
3
9
7
4
6
10
7
4
7
6
7
9
5
5
3
5
8
6
8
10
9
6
8
5
3
6
8
5
3
4
5
3
9
4
1
5
3
8
6
4
9
5
5
10
9
6
7
5
10
6
4
7
5
8
3
2
10
8
4
4
9
1
8
2
2
8
7
8
5
6
3
7
5
3
6
3
5
3
9
3
3
4
3
10
10
7
3
2
7
3
7
6
6
9
7
4
2
7
2
8
4
5
9
7
2
2
9
2
4
6
4
3
7
6
3
9
9
8
4
10
7
2
4
8
8
7
4
2
4
8
7
5
5
5
6
6
10
2
8
4
5
9
4
2
5
6
9
9
4
4
2
2
5
9
5
9
3
5
8
4
9
3
6
5
10
2
7
10
9
5
8
3
4
5
6
6
2
9
4
10
10
2
9
2
1
2
5
3
3
6
8
1
10
5
7
5
4
8
4
2
8
5
9
2
10
2
9
7
9
9
2
6
3
7
8
9
2
3
2
5
9
7
9
8
10
3
2
2
10
9
9
1
3
3
7
7
3
9
4
8
6
6
9
8
3
2
2
5
3
4
5
2
10
9
9
3
10
1
3
8
4
8
3
3
3
4
4
4
9
8
6
4
5
1
9
6
9
5
7
2
10
6
7
1
2
5
3
2
10
7
4
1
7
7
8
1
1
7
6
5
8
6
5
3
5
3
8
5
8
6
6
2
8
8
9
6
4
3
9
8
1
9
7
4
10
7
5
6
8
10
3
4
2
1
9
4
1
7
3
6
2
8
5
7
8
7
6
8
8
7
7
6
4
1
2
8
6
5
9
9
2
7
7
8
3
4
6
9
8
5
9
8
4
6
10
9
10
9
5
3
9
7
9
10
10
3
10
7
6
9
8
3
9
2
5
9
9
10
9
8
4
2
1
10
0 351 10
0 319 11
0 142 10
0 648 8
0 143 11
0 667 12
1 280 8
1 379 11
1 65 12
2 194 15
2 368 13
2 338 10
2 602 14
2 366 11
2 541 12
3 346 13
3 54 13
3 632 13
3 514 11
3 323 9
3 432 13
4 36 9
4 638 9
4 407 11
4 164 8
5 180 10
5 616 10
5 651 12
5 123 12
5 369 13
6 312 11
6 234 12
6 245 11
6 283 12
6 424 8
6 499 10
7 31 10
7 434 10
7 60 10
7 696 13
7 130 8
7 544 12
8 691 7
8 268 12
8 648 10
8 54 14
8 205 11
9 642 13
9 396 6
9 22 10
9 308 9
9 314 12
9 736 8
10 465 9
10 99 8
10 456 10
10 245 8
10 421 10
11 600 14
11 170 12
11 105 6
11 444 10
12 420 10
12 148 7
12 49 11
12 409 9
13 232 15
13 589 9
13 266 13
13 181 10
13 417 12
14 272 8
14 123 8
14 674 12
14 79 11
14 291 13
15 166 11
15 449 11
15 561 12
15 59 14
15 470 10
0 16 10
16 138 11
16 53 11
16 536 10
16 375 12
16 102 11
16 624 12
17 236 12
17 139 9
17 457 10
17 120 4
17 78 12
18 331 10
18 384 13
18 133 10
18 682 13
18 328 10
18 135 10
19 494 15
19 340 13
19 285 9
19 125 10
19 354 9
19 632 10
20 653 9
20 229 8
20 152 11
20 450 13
20 41 15
20 591 13
21 578 13
21 603 11
21 458 10
21 93 13
22 331 13
22 582 8
22 647 12
22 287 11
22 83 14
23 338 10
23 276 10
23 81 12
23 26 12
23 514 8
23 77 12
24 545 12
24 344 12
24 463 10
24 459 10
25 277 12
25 47 13
25 621 12
25 656 9
25 449 13
25 391 8
26 330 14
26 551 11
26 723 10
26 430 6
27 559 13
27 45 10
27 637 9
27 518 8
27 489 11
27 492 9
28 697 12
28 160 10
28 185 10
28 625 12
28 75 13
28 546 12
29 396 13
29 444 8
29 574 10
29 254 8
25 29 13
30 49 13
30 745 12
30 190 13
30 537 9
30 143 10
30 429 12
31 521 7
31 472 7
31 149 10
31 699 8
31 112 11
31 475 8
32 312 14
32 409 10
32 152 13
32 140 7
32 618 12
33 71 9
33 708 12
33 139 13
33 737 10
33 102 11
33 647 14
34 152 11
34 292 11
34 633 11
34 108 7
34 395 8
34 595 12
7 35 14
35 130 12
35 77 6
35 475 8
36 65 7
36 659 8
36 476 11
36 568 11
36 610 10
37 667 16
37 512 12
37 172 14
37 447 9
37 465 13
37 311 12
38 197 7
38 246 9
38 653 12
38 62 12
38 304 12
39 489 11
39 171 9
39 564 12
39 377 12
39 311 13
39 484 8
40 497 12
40 734 7
40 710 10
40 164 12
40 53 9
27 41 11
41 519 10
41 675 12
42 342 11
42 572 12
42 253 9
42 331 11
43 248 9
43 345 8
30 43 10
43 468 10
43 400 8
44 415 13
44 374 8
0 44 10
44 60 12
45 450 13
45 520 12
45 645 11
10 45 10
46 629 9
46 696 7
46 77 9
46 425 13
38 47 10
47 122 10
47 697 11
47 604 13
47 383 10
48 187 11
48 143 13
48 583 10
48 653 11
48 138 11
48 374 11
49 626 12
49 556 8
49 376 6
49 126 14
49 666 8
50 285 7
50 494 10
50 100 5
50 152 11
50 260 12
51 129 15
51 399 5
51 288 12
51 62 13
51 637 11
52 488 9
52 131 10
52 419 10
52 273 12
52 443 12
53 589 10
53 457 12
53 593 13
53 602 10
54 530 9
54 604 12
54 679 12
54 185 10
49 54 7
55 307 10
55 360 10
55 317 10
55 268 9
55 149 7
55 63 11
55 512 16
56 604 10
56 620 7
56 376 10
56 583 9
35 57 12
57 401 12
20 57 9
57 622 12
57 482 11
58 601 10
58 115 14
6 58 9
58 129 15
59 630 15
59 143 10
59 124 11
60 177 9
60 659 9
61 629 10
61 580 8
61 355 12
61 526 9
61 473 11
62 722 6
62 713 9
62 637 10
62 205 9
62 419 8
62 131 9
2 63 10
63 559 8
63 428 11
63 550 10
64 616 10
64 144 10
64 83 14
64 709 13
65 259 14
22 65 9
65 653 16
65 437 11
65 390 10
66 639 15
66 216 10
66 688 10
66 150 9
66 329 12
66 281 8
66 437 14
67 87 12
67 73 11
67 184 11
14 67 11
67 745 15
68 162 13
68 566 13
35 68 10
68 719 9
68 373 13
69 699 9
69 488 8
69 220 11
69 81 9
69 155 10
69 91 12
70 298 10
70 133 10
70 653 11
53 70 13
70 248 5
71 408 11
20 71 10
71 497 6
71 456 9
72 683 11
71 72 9
72 555 8
73 504 9
73 532 9
73 287 12
73 269 9
73 424 9
74 560 14
74 195 11
74 444 11
74 630 13
74 197 9
75 360 12
52 75 6
75 574 10
75 518 8
75 297 12
76 119 12
76 452 9
76 137 11
76 110 10
76 407 12
77 563 10
77 179 7
29 77 10
78 727 8
78 516 9
78 595 9
78 537 13
78 418 12
78 157 10
79 465 13
79 675 8
79 279 9
79 126 10
80 623 8
80 713 10
80 484 11
31 80 8
81 389 10
81 565 8
81 322 12
81 348 9
81 747 9
81 216 9
81 113 10
82 158 9
82 369 10
82 340 10
82 134 10
82 472 11
83 573 11
68 83 13
83 277 14
83 415 15
83 267 16
84 719 13
84 99 12
84 90 12
84 727 9
84 586 7
84 613 12
85 163 5
85 108 13
85 338 7
85 336 12
85 322 11
86 464 11
86 501 9
86 392 11
86 253 10
86 704 13
32 87 9
87 737 10
87 88 14
87 268 12
87 284 9
87 395 11
88 677 11
49 88 8
88 183 9
88 649 8
88 94 11
88 482 11
89 310 9
89 699 14
89 281 8
77 89 11
90 583 11
90 566 13
90 542 11
90 226 11
90 635 8
32 91 11
91 735 10
72 91 9
91 295 12
91 443 12
92 647 11
92 399 7
92 381 9
92 624 8
92 132 10
93 247 11
20 93 9
93 228 11
93 259 10
94 518 12
94 377 9
94 268 11
94 623 10
86 94 11
95 153 13
95 295 10
95 443 7
95 130 10
95 275 10
96 440 14
96 443 8
96 142 11
96 457 8
29 96 12
97 299 10
97 399 11
97 168 11
92 97 12
98 735 10
98 242 10
98 690 13
98 238 13
98 151 15
0 99 9
99 358 10
99 317 10
99 271 13
99 230 12
88 99 6
100 626 13
28 100 10
100 735 8
68 100 12
100 686 10
47 100 11
101 287 10
101 663 11
101 294 11
101 160 9
102 623 9
102 275 10
102 643 11
102 561 9
102 682 9
102 231 9
103 718 9
103 228 9
103 298 12
103 381 10
103 580 12
103 483 13
104 555 10
104 741 11
104 445 12
105 650 7
105 697 9
16 105 11
105 567 10
106 252 12
106 172 11
106 218 7
106 624 9
106 231 11
107 655 6
25 107 11
107 224 10
107 736 10
108 442 11
108 622 9
108 481 13
108 370 10
108 198 11
108 260 7
108 332 10
109 558 11
109 270 11
109 723 11
109 206 9
110 168 12
107 110 10
110 129 7
38 110 9
111 198 9
111 616 10
111 275 11
111 646 12
111 326 11
32 112 10
112 256 13
112 159 11
112 429 9
112 238 11
113 191 8
113 234 13
113 615 9
113 439 11
113 138 10
114 566 10
114 269 11
114 555 11
114 199 11
114 239 10
115 694 13
115 323 11
115 666 11
47 115 14
115 491 14
116 491 9
116 386 9
116 418 10
116 680 11
116 488 14
117 494 12
117 626 8
117 489 9
117 645 11
117 642 11
118 198 13
118 668 13
108 118 13
118 532 10
118 389 11
119 722 16
119 397 7
119 688 11
120 669 7
120 692 8
120 349 9
120 599 11
120 182 11
121 460 9
121 380 15
121 215 10
121 736 9
121 145 11
121 620 9
121 738 14
122 455 11
122 749 14
122 712 10
123 333 11
123 321 11
123 691 7
123 636 13
123 271 6
124 199 9
124 302 9
109 124 10
124 601 7
124 577 10
125 677 12
124 125 7
95 125 13
125 616 16
125 223 7
62 126 12
126 238 9
60 126 12
126 167 9
126 702 12
126 547 10
127 424 11
127 398 10
78 127 8
127 436 15
26 128 14
30 128 13
128 382 12
128 353 10
128 451 11
129 709 6
129 250 9
54 129 12
129 529 11
129 242 5
130 499 13
130 479 9
130 700 12
130 704 13
130 298 11
131 459 7
131 255 10
22 131 10
115 131 11
131 505 8
132 352 13
132 474 9
132 441 10
33 132 11
132 683 10
133 214 4
133 577 11
133 462 13
133 212 9
133 465 8
133 501 7
134 654 11
134 445 10
134 192 9
17 134 11
134 168 13
135 222 14
83 135 11
135 744 13
136 513 10
136 540 9
136 365 9
136 253 8
136 171 14
136 302 11
57 136 7
137 689 9
137 636 9
137 242 13
137 485 10
137 188 6
119 137 11
138 177 12
138 677 10
138 489 10
138 535 6
139 308 10
139 279 12
139 658 7
139 261 10
140 335 10
140 744 10
140 225 11
36 140 12
140 584 10
141 676 12
141 388 13
125 141 9
141 327 9
141 357 14
141 525 12
142 376 14
142 220 12
142 703 11
143 297 12
96 143 12
143 646 12
143 730 14
144 288 9
144 593 11
144 720 12
144 565 10
144 603 15
145 648 13
145 268 10
145 745 5
145 498 9
145 446 10
145 522 12
146 185 13
146 420 10
146 267 10
146 332 11
94 147 9
147 148 13
147 626 13
147 346 10
147 176 11
148 723 16
148 654 10
148 709 14
148 429 12
17 148 11
149 214 10
149 676 11
8 149 12
149 527 11
150 423 8
150 731 13
50 150 9
150 192 6
32 151 13
94 151 10
151 738 11
151 300 9
151 538 13
151 154 8
152 176 10
152 432 11
152 350 10
152 299 8
103 152 9
152 623 11
153 664 11
153 677 10
153 340 11
153 627 11
37 153 12
0 154 11
154 220 12
134 154 9
154 311 8
154 442 11
10 155 13
155 254 14
155 302 13
155 668 10
155 392 11
153 155 13
155 511 12
138 155 12
156 475 9
156 307 15
156 652 10
156 449 10
156 676 10
157 190 12
157 247 7
157 527 10
157 561 10
157 252 5
157 608 9
89 158 14
147 158 10
158 396 10
59 158 8
158 403 12
159 491 14
159 349 7
159 572 13
159 247 11
160 515 7
160 397 14
160 585 13
129 160 10
160 651 8
161 417 8
120 161 12
110 161 12
161 660 10
161 685 10
162 604 16
162 293 9
162 232 8
162 194 9
163 676 7
163 457 9
163 429 10
164 453 14
164 441 11
164 591 8
164 448 9
164 417 12
165 443 11
165 279 12
11 165 10
165 664 8
165 457 8
165 669 11
166 367 8
166 323 12
166 629 7
166 443 12
166 279 6
167 609 12
167 475 11
167 736 12
167 340 14
167 513 9
167 667 11
168 424 12
168 401 12
168 347 9
168 373 11
130 168 11
169 688 11
169 451 12
169 588 8
169 431 11
31 169 13
170 531 11
170 565 10
170 740 10
170 641 11
170 617 9
170 587 7
171 247 10
171 176 10
171 416 11
171 645 9
171 394 12
172 700 8
172 534 10
172 409 10
172 384 11
173 271 11
173 179 9
74 173 8
173 671 10
173 404 13
173 567 13
68 174 11
174 347 14
174 200 11
174 453 11
174 255 11
10 174 12
175 636 11
175 737 9
175 587 12
175 708 11
175 467 8
176 639 12
176 534 14
176 569 13
79 176 12
177 588 14
127 177 11
74 177 10
21 177 15
177 279 8
178 689 12
178 613 11
178 475 10
178 679 9
178 720 11
24 178 16
49 179 8
179 342 10
179 439 7
179 203 11
180 252 11
180 460 10
180 299 12
146 180 10
180 281 7
180 479 11
181 696 8
181 591 8
181 385 9
181 526 12
146 181 8
181 379 14
182 685 12
182 268 10
182 661 12
155 182 9
157 183 9
183 394 11
183 385 12
184 243 10
184 500 10
179 184 10
184 522 10
184 480 8
140 185 12
185 367 11
185 310 9
185 734 10
185 448 8
186 210 9
186 413 11
186 656 8
186 465 13
186 409 14
0 186 8
187 208 11
187 216 12
187 209 12
187 215 10
187 428 14
188 398 12
188 454 10
188 490 11
172 188 8
188 578 13
69 189 13
189 743 11
189 398 11
189 568 10
189 232 8
189 520 8
190 472 10
67 190 13
190 315 10
123 190 10
39 190 9
191 572 9
191 289 10
191 503 10
191 327 13
176 192 9
192 664 12
192 213 13
192 736 9
192 645 9
64 192 8
192 568 15
193 215 13
2 193 11
87 193 14
193 565 9
170 193 13
118 194 14
194 232 11
119 194 6
59 194 11
195 574 8
195 245 12
159 195 8
164 195 11
195 635 12
196 520 14
7 196 11
196 492 16
120 196 12
144 197 10
197 697 13
197 465 10
197 523 12
198 532 11
85 198 13
198 374 11
198 735 11
199 670 10
199 673 12
199 335 12
5 199 9
62 200 12
122 200 10
177 200 9
78 200 10
200 653 8
201 632 10
91 201 11
201 246 9
201 327 9
201 244 10
202 537 11
202 429 8
202 295 7
202 460 12
202 692 11
202 343 12
75 203 11
203 407 10
103 203 10
203 247 10
204 394 13
204 381 10
204 625 12
204 610 13
205 515 11
9 205 11
21 205 14
205 359 11
205 480 12
205 711 10
205 381 11
205 252 11
206 374 11
206 720 10
129 206 9
206 498 9
206 510 12
190 207 10
207 460 11
207 317 7
207 341 12
207 404 6
207 605 12
208 444 12
208 385 12
208 531 8
208 475 10
209 682 8
62 209 9
74 209 12
209 276 14
209 391 9
209 586 9
182 209 14
210 505 11
210 481 10
210 682 12
210 284 11
211 502 12
197 211 11
185 211 8
212 723 8
212 673 7
212 426 10
212 584 10
212 703 9
212 258 11
213 516 10
213 726 11
213 580 14
110 213 13
3 213 12
213 715 8
44 214 11
97 214 8
214 240 11
214 642 10
40 215 11
215 542 9
215 226 11
215 330 6
216 238 13
216 368 8
169 216 11
216 290 9
111 216 8
216 675 10
194 217 12
217 377 9
217 576 13
78 217 9
217 305 7
218 617 8
218 379 10
218 480 12
218 531 11
148 219 13
219 300 11
73 219 8
219 729 11
219 245 13
220 632 10
220 303 12
220 470 10
20 220 10
220 590 10
220 344 11
165 221 8
221 722 13
221 657 9
221 514 12
222 613 13
222 625 13
222 424 10
222 669 10
9 222 11
223 403 10
223 326 9
223 456 12
97 223 11
224 426 6
224 587 8
212 224 11
51 224 10
152 224 10
167 225 10
225 594 10
225 694 9
226 461 11
226 581 13
182 226 13
197 226 11
77 226 11
226 477 13
1 227 12
214 227 8
227 696 15
188 227 9
228 407 13
228 328 10
228 731 15
73 228 8
130 228 11
228 418 10
135 228 11
229 471 8
229 598 9
229 533 8
122 229 10
34 230 8
230 235 10
230 452 9
230 323 10
45 231 12
231 284 11
231 345 14
213 232 13
166 232 9
17 232 9
232 317 10
177 232 8
232 688 9
72 233 8
45 233 9
233 518 11
57 233 8
233 295 11
234 473 8
199 234 12
234 634 14
234 326 11
235 471 12
169 235 12
108 235 7
235 519 11
235 408 12
236 740 10
236 276 11
236 268 11
236 360 10
128 237 12
233 237 8
237 564 8
237 295 9
237 452 14
237 298 10
167 237 8
213 238 9
238 347 12
238 552 10
238 390 9
238 269 9
15 238 11
239 615 12
239 358 8
9 239 12
239 364 7
239 399 10
240 596 11
240 285 9
226 240 5
240 535 9
240 714 12
240 458 11
240 330 8
241 272 12
187 241 11
109 241 9
241 365 14
192 241 11
241 246 11
213 241 10
242 383 9
185 242 8
135 242 12
242 357 8
242 543 10
242 602 9
243 657 10
243 248 11
198 243 8
147 243 8
53 243 10
244 671 10
244 509 9
244 593 10
244 289 11
244 454 12
135 245 10
245 295 12
235 245 8
245 626 12
245 451 10
246 643 8
246 521 10
246 458 12
246 381 12
246 247 10
246 377 10
83 247 11
7 247 7
247 586 6
172 247 13
247 413 11
247 727 10
4 247 12
248 715 12
248 522 7
248 437 10
248 705 13
169 248 7
249 626 9
249 680 7
249 358 7
249 640 9
77 249 15
250 329 14
250 281 12
250 704 11
250 611 10
250 447 10
251 613 12
214 251 11
159 251 10
251 470 10
251 623 10
251 663 8
252 567 12
252 486 11
252 703 6
236 252 13
252 455 12
253 299 8
56 253 8
78 253 12
253 631 14
253 435 12
253 265 8
224 254 7
88 254 10
37 254 10
170 255 10
255 679 10
47 255 10
85 256 10
256 637 8
256 451 11
256 587 11
257 649 12
257 732 9
257 302 11
257 363 12
257 311 12
140 258 7
93 258 8
31 258 12
258 455 10
258 449 12
147 259 7
259 327 11
259 610 10
259 607 14
259 658 12
260 471 8
260 400 14
260 604 13
260 493 9
261 432 14
261 608 10
256 261 8
219 261 9
115 261 11
262 592 9
262 425 15
262 748 7
217 262 17
262 566 13
76 263 13
31 263 12
263 553 12
263 725 10
73 263 11
63 263 12
264 428 13
132 264 6
264 379 12
265 378 14
265 596 10
143 265 11
213 265 8
163 265 11
153 266 8
266 510 12
16 266 8
85 266 8
266 323 15
267 316 9
267 287 11
267 495 13
267 313 14
267 451 8
268 484 9
268 503 13
66 268 14
18 268 10
187 268 13
149 268 11
20 268 13
172 269 8
120 269 10
269 589 11
111 269 12
269 691 10
130 270 9
270 395 13
270 749 9
270 702 7
270 657 11
248 271 6
271 681 11
271 373 9
79 271 15
2 271 11
20 272 11
50 272 9
272 496 13
272 557 12
65 273 8
273 557 9
273 671 11
273 595 10
171 273 12
35 273 12
274 420 11
140 274 10
274 314 10
275 513 9
275 681 12
27 275 11
269 275 13
275 496 12
275 358 10
20 276 9
148 276 14
276 552 16
276 420 6
276 724 9
277 532 12
277 725 9
277 481 13
188 277 13
173 277 9
278 534 11
278 684 10
60 278 10
278 623 10
279 434 9
201 279 12
279 732 10
272 279 10
279 629 10
279 381 16
280 439 14
161 280 10
280 469 8
280 364 7
135 280 12
202 281 10
281 565 10
130 281 11
281 460 8
282 738 14
282 589 6
282 316 7
282 430 8
282 331 12
254 282 12
128 283 8
283 671 9
283 596 9
283 717 11
283 454 12
284 446 9
284 349 13
284 477 13
284 625 10
284 572 11
257 284 14
285 356 14
285 346 8
285 684 13
285 647 7
224 285 11
57 286 7
286 662 11
286 295 13
286 608 10
286 649 9
286 689 10
287 565 8
287 437 12
287 445 11
287 643 11
287 527 10
120 288 12
288 452 9
228 288 12
191 288 14
289 333 10
195 289 9
289 364 11
289 377 16
124 289 10
290 589 8
87 290 8
290 572 8
111 290 6
46 290 11
181 290 11
291 565 12
291 573 8
291 630 8
291 650 11
291 300 10
99 291 9
292 409 12
292 339 12
292 325 11
292 667 10
293 609 10
168 293 9
293 375 9
219 293 10
236 293 11
293 525 7
294 352 9
128 294 9
81 294 10
155 294 8
87 294 11
294 393 12
123 294 15
120 295 9
51 295 9
295 644 11
122 295 12
296 301 11
199 296 8
296 334 9
297 700 8
297 435 11
297 372 11
101 297 11
297 323 13
298 313 8
298 646 9
298 338 9
298 469 12
74 299 15
216 299 7
136 299 8
299 597 13
299 354 12
299 458 12
299 548 9
200 300 10
300 658 9
300 507 10
300 448 8
300 539 15
10 300 9
98 300 9
301 344 7
301 637 7
197 301 12
301 703 10
301 343 10
302 746 7
130 302 11
302 605 16
302 592 12
296 303 11
152 303 11
227 303 11
253 303 12
304 478 10
304 616 9
149 304 13
111 304 9
34 304 12
305 427 14
305 692 11
305 488 13
305 459 10
305 713 14
305 573 10
305 336 11
22 306 9
27 306 10
33 306 10
306 377 8
306 411 9
307 483 8
307 600 11
208 307 13
307 424 10
307 624 9
307 493 7
307 608 10
206 308 8
308 510 9
308 448 13
308 585 11
308 340 10
308 336 11
96 309 12
248 309 8
309 471 7
309 742 10
309 622 11
310 426 10
310 503 10
310 478 6
300 310 13
202 310 10
311 342 8
311 668 7
17 311 15
311 441 12
83 311 9
312 421 8
312 558 11
312 432 12
312 506 12
275 312 9
312 700 7
151 313 10
251 313 14
248 313 10
313 468 6
313 466 11
305 313 10
92 314 13
175 314 11
314 727 10
314 681 9
114 314 12
106 315 10
300 315 11
315 389 8
315 684 13
315 372 12
290 316 9
316 356 11
147 316 9
218 316 11
17 316 10
79 316 12
316 502 10
91 316 13
317 488 10
38 317 11
29 317 12
317 660 13
318 632 12
318 553 9
318 747 8
318 378 9
100 318 12
318 358 13
194 319 9
319 484 10
261 319 11
79 319 7
319 642 11
319 576 12
152 319 10
74 320 11
320 498 13
320 566 10
282 320 8
321 433 10
321 394 15
17 321 15
151 321 12
280 321 8
321 455 10
254 322 10
322 410 7
174 322 11
287 322 10
322 673 11
322 429 12
8 322 9
323 486 10
323 343 11
236 323 13
186 323 10
323 358 12
235 324 13
324 513 12
324 457 10
237 324 11
217 324 11
325 691 10
91 325 13
325 579 7
325 704 13
117 325 11
326 505 12
129 326 10
300 326 11
326 392 11
326 540 12
163 327 14
327 434 9
327 582 13
35 327 10
208 327 12
327 332 11
328 639 11
109 328 9
141 328 9
321 328 14
269 329 10
329 604 10
329 491 11
291 329 15
330 470 9
163 330 9
18 330 15
330 599 12
234 330 11
330 600 11
330 606 12
3 331 11
62 331 13
290 331 11
331 490 11
332 349 9
316 332 11
332 431 10
22 332 10
332 578 10
332 641 10
308 333 13
333 700 9
333 512 9
333 471 10
334 495 10
29 334 8
187 334 8
334 506 11
134 334 12
335 585 15
189 335 9
335 393 9
335 572 7
62 336 13
76 336 8
336 657 9
336 426 11
337 661 7
156 337 12
245 337 10
337 456 9
337 697 8
206 338 10
338 518 14
203 338 10
276 338 13
58 338 10
338 501 14
339 558 12
339 349 11
166 339 12
340 506 12
340 558 9
223 340 9
59 340 11
321 341 11
56 341 11
341 585 8
341 406 14
341 648 12
342 576 15
286 342 10
342 628 11
342 625 10
342 544 9
133 342 8
36 343 8
41 343 11
343 716 13
343 721 13
343 665 9
90 344 9
344 535 12
233 344 11
344 479 11
133 345 10
345 663 10
345 517 7
345 447 11
345 390 10
299 345 7
346 632 13
346 579 9
106 346 9
315 346 12
346 352 17
276 346 7
92 347 9
347 507 10
327 347 10
347 440 9
347 544 9
97 347 13
348 686 12
348 401 10
348 359 10
210 348 9
348 395 11
348 732 10
348 535 9
349 674 14
116 349 8
194 349 8
19 350 11
350 612 10
350 586 13
158 350 12
305 350 10
114 350 12
350 553 13
351 468 10
351 527 6
44 351 11
351 560 9
351 391 11
67 351 10
24 352 10
352 502 9
352 628 12
44 352 11
352 535 13
353 549 10
160 353 12
353 695 12
204 353 9
353 401 11
188 353 9
354 475 12
296 354 12
354 727 14
354 576 11
354 722 8
354 599 13
46 355 9
355 648 11
355 500 9
355 490 10
355 489 6
4 355 12
149 356 5
171 356 9
356 612 11
99 356 13
356 401 11
357 732 12
357 433 8
271 357 14
48 357 7
38 358 10
137 358 11
354 358 14
285 358 12
358 564 12
358 390 10
359 743 12
97 359 11
359 680 9
6 359 13
360 677 7
355 360 5
360 426 12
185 360 7
361 664 12
361 521 15
45 361 13
201 361 12
361 477 9
29 361 9
362 710 9
236 362 13
306 362 8
362 501 10
80 362 9
363 626 11
337 363 12
363 736 14
311 363 11
328 364 12
65 364 8
364 703 12
262 364 12
365 503 13
365 471 11
74 365 14
365 387 11
365 664 13
325 366 10
366 454 12
124 366 13
366 479 7
366 406 11
366 408 12
367 696 12
367 681 14
13 367 11
108 367 9
367 502 11
368 450 7
368 421 12
183 368 11
369 404 9
369 525 13
369 377 12
216 369 10
11 370 11
154 370 10
350 370 8
165 370 7
184 370 12
187 371 9
80 371 8
371 456 10
149 371 11
372 736 8
372 520 11
372 438 8
372 467 8
373 702 7
225 373 14
373 443 15
69 373 12
96 374 6
108 374 12
57 374 7
374 432 12
211 374 13
25 375 11
375 466 11
266 375 10
144 375 8
375 417 11
375 599 9
375 574 6
38 376 14
95 376 7
87 376 9
343 376 9
377 617 10
377 657 9
377 464 12
377 499 8
104 378 14
349 378 9
378 434 9
236 378 11
45 379 8
379 709 10
379 520 11
56 379 7
6 379 9
331 380 15
30 380 10
145 380 10
380 703 16
351 380 10
213 380 10
381 698 6
252 381 8
381 394 8
135 381 7
381 599 13
381 712 13
382 410 11
382 394 13
382 656 12
226 382 7
382 603 6
382 545 10
382 710 13
383 640 9
383 545 11
342 383 10
150 383 9
383 570 12
384 488 9
224 384 12
384 461 9
193 384 14
384 539 7
118 385 9
162 385 11
385 715 9
385 693 9
203 385 13
385 568 10
368 386 11
386 460 12
194 386 9
386 494 13
292 387 11
387 473 10
387 472 11
223 387 10
387 704 9
387 635 11
388 653 11
209 388 12
301 388 12
388 428 10
44 389 13
150 389 10
123 389 13
389 486 9
390 618 9
390 538 7
222 390 8
391 682 8
63 391 12
271 391 9
338 391 10
392 396 12
225 392 8
104 392 12
392 427 7
392 649 13
393 525 11
393 668 13
393 499 14
336 393 11
375 393 10
288 394 7
394 599 10
394 697 9
394 453 12
395 398 11
320 395 12
53 395 9
201 395 7
395 496 10
395 656 12
128 396 9
396 537 7
396 633 5
396 432 11
397 691 12
378 397 11
281 397 10
373 397 10
109 397 11
398 712 10
274 398 6
398 437 12
115 398 6
270 398 12
347 399 8
370 399 11
89 399 8
75 399 12
400 651 16
76 400 12
400 421 11
400 600 9
214 400 9
401 697 12
401 745 10
26 401 11
401 726 12
23 402 12
402 487 11
54 402 11
327 402 10
402 633 9
120 403 10
313 403 9
402 403 9
48 403 13
403 706 12
404 641 11
404 507 11
122 404 14
153 405 13
405 425 13
405 415 12
405 746 9
405 490 10
143 405 10
117 406 14
406 586 12
406 675 9
406 567 11
406 490 11
407 411 9
332 407 11
407 418 11
407 497 9
257 407 13
408 622 10
317 408 11
408 605 11
408 459 10
388 408 11
409 510 11
281 409 8
109 409 13
409 643 12
86 409 14
409 588 9
113 410 9
410 601 10
276 410 10
403 410 8
410 422 10
411 607 9
72 411 9
341 411 9
74 411 10
411 532 8
412 571 11
13 412 9
412 694 10
228 412 12
413 740 11
413 716 10
413 567 12
413 595 8
3 414 9
414 558 11
414 529 7
322 414 8
200 414 10
415 703 14
387 415 12
415 467 13
415 724 7
416 611 10
416 438 7
416 737 11
416 505 11
416 560 7
280 417 12
117 417 8
131 417 8
338 417 9
80 417 9
417 664 8
418 543 9
283 418 9
418 422 8
418 584 11
401 418 10
171 418 11
86 418 9
175 418 13
419 584 13
296 419 7
299 419 14
419 435 13
340 419 9
420 426 12
139 420 11
420 493 11
420 633 6
79 421 11
26 421 11
421 650 11
421 443 10
421 499 9
421 665 9
422 441 12
422 707 8
350 422 10
356 422 14
109 422 12
422 424 7
144 423 12
97 423 9
280 423 9
376 423 8
334 424 10
424 524 12
134 424 11
424 482 12
424 657 12
425 521 11
252 425 12
425 676 9
425 594 12
330 425 11
299 425 11
362 426 15
200 426 10
426 433 10
305 426 9
426 643 10
330 427 13
427 721 10
45 427 12
427 558 8
427 660 10
284 428 12
108 428 9
253 428 13
83 428 12
265 428 7
276 428 9
36 428 10
335 429 11
374 429 12
86 429 9
354 429 9
429 712 10
430 462 10
245 430 9
320 430 11
67 430 12
357 430 11
430 588 11
252 431 10
400 431 10
431 607 10
431 710 9
325 431 10
431 443 10
432 480 7
432 498 9
276 432 13
56 432 13
422 433 9
433 666 13
433 709 14
433 661 8
130 433 10
434 703 8
165 434 9
66 434 14
422 434 10
228 434 10
397 434 9
435 506 12
330 435 11
435 721 7
210 435 13
435 542 10
92 436 9
344 436 9
436 527 14
436 499 10
244 436 10
222 436 8
437 498 14
437 609 8
30 437 12
39 437 8
437 479 9
438 627 12
438 469 7
126 438 11
438 551 8
438 634 11
438 679 9
416 439 9
439 539 11
439 522 12
104 439 12
439 733 10
440 506 11
440 567 12
365 440 6
424 440 9
218 440 9
124 440 10
171 441 11
79 441 9
167 441 6
54 441 13
441 722 9
139 442 8
442 536 10
380 442 11
430 442 11
268 443 12
83 443 10
443 470 7
443 659 11
345 444 8
273 444 9
302 444 9
354 444 9
444 677 10
444 689 9
445 475 10
43 445 12
445 544 9
321 445 13
389 446 14
239 446 15
446 608 12
447 577 8
390 447 11
447 738 13
155 447 13
203 447 11
36 448 12
448 645 11
448 489 10
319 449 10
385 449 13
449 646 14
450 597 8
444 450 12
450 581 10
219 450 12
450 512 10
451 505 12
109 451 12
123 451 9
451 749 12
37 452 11
452 708 10
452 561 12
160 452 11
44 452 10
452 709 11
207 453 10
453 599 11
373 453 11
334 453 8
453 743 10
1 453 11
272 454 10
454 671 13
454 599 15
99 454 11
363 454 15
455 736 9
244 455 12
328 455 8
148 455 15
455 684 10
456 599 8
183 456 11
456 496 9
8 456 11
211 456 12
128 456 13
457 554 11
457 691 9
177 457 8
457 719 10
457 557 10
457 689 12
210 458 8
206 458 10
201 458 14
424 459 11
459 666 9
459 703 11
260 459 11
9 459 9
380 459 9
171 459 10
126 459 11
219 460 8
460 485 10
447 460 9
11 460 10
364 460 9
460 480 10
43 461 8
461 506 11
461 469 9
461 586 9
461 749 10
461 581 8
316 461 12
115 462 9
17 462 12
462 563 12
463 632 7
463 680 10
463 641 11
463 703 7
463 630 12
313 464 12
450 464 6
134 464 11
464 631 9
231 465 7
451 465 11
229 465 5
465 602 12
190 466 12
466 515 11
130 466 9
466 472 6
266 466 14
268 466 7
84 466 13
467 729 10
113 467 10
95 467 13
333 467 11
273 467 8
214 467 11
182 467 10
318 468 9
241 468 10
198 468 10
363 468 11
468 712 13
224 469 10
64 469 9
7 469 10
322 470 8
470 509 11
144 470 12
470 541 10
18 470 9
223 471 13
457 471 11
249 471 13
471 543 11
214 471 6
93 472 6
293 472 7
398 472 11
79 472 11
473 687 9
16 473 11
460 473 11
35 473 9
308 473 13
144 474 9
197 474 10
152 474 10
392 474 8
183 474 10
5 475 12
150 475 10
261 475 11
289 475 10
475 623 11
476 567 12
330 476 12
451 476 13
476 623 9
469 476 11
205 477 12
471 477 10
173 477 15
477 528 10
477 483 12
478 570 11
153 478 10
235 478 7
386 478 12
478 637 13
478 569 9
251 479 9
177 479 11
86 479 11
327 479 12
479 682 10
169 479 13
396 480 12
370 480 11
410 480 10
480 498 7
35 480 11
184 481 5
1 481 11
481 656 11
481 561 10
399 482 11
482 685 13
8 482 8
32 482 13
482 713 9
310 483 9
434 483 11
483 634 11
483 596 12
483 701 10
94 483 10
484 661 13
373 484 12
484 644 11
294 484 13
485 508 9
123 485 15
295 485 11
180 485 8
486 518 10
256 486 10
60 486 13
486 579 14
486 553 8
486 728 12
139 486 12
355 487 9
432 487 11
487 493 11
238 488 9
160 488 8
227 488 12
296 488 9
238 489 10
219 489 13
352 489 12
75 489 10
133 489 14
490 735 12
185 490 12
315 490 12
490 510 12
105 490 9
441 491 7
243 491 7
270 491 9
491 584 11
394 491 11
162 491 12
110 492 11
262 492 10
377 492 11
492 597 9
120 493 13
382 493 11
493 563 7
493 665 13
490 493 12
216 494 6
237 494 8
425 494 11
494 619 10
176 494 8
495 595 9
132 495 12
235 495 13
244 496 11
323 496 10
496 586 9
496 745 13
168 497 11
497 541 11
410 497 14
497 721 10
498 579 12
289 498 10
160 498 11
65 498 13
188 498 14
67 498 12
98 498 10
456 499 10
499 684 12
499 704 12
158 499 7
490 499 15
142 499 9
477 499 11
358 500 11
311 500 12
500 583 15
500 519 9
318 500 7
475 500 11
501 615 9
163 501 10
442 501 11
409 501 11
501 687 11
266 501 11
337 502 13
345 502 12
480 502 11
105 502 11
99 502 10
208 502 13
256 503 11
333 503 12
157 503 11
204 503 12
307 503 12
66 504 13
504 521 9
308 504 12
504 536 10
126 504 14
216 504 13
179 505 11
273 505 10
505 676 10
267 505 13
234 505 10
314 506 10
413 506 12
363 506 10
271 506 10
130 506 10
211 507 10
408 507 7
461 507 10
488 507 14
507 709 15
461 508 11
57 508 7
508 598 13
233 508 12
509 630 13
98 509 8
433 509 13
483 509 10
202 510 11
93 510 11
247 510 8
239 511 8
70 511 9
274 511 14
216 511 10
178 511 6
241 511 12
262 511 8
512 612 11
65 512 10
512 727 6
272 512 5
279 512 10
84 513 6
191 513 9
271 513 11
513 576 10
514 538 13
399 514 11
384 514 8
512 514 10
83 515 13
60 515 13
398 515 10
119 515 9
158 515 10
287 515 11
392 516 9
438 516 11
64 516 14
395 516 13
516 544 8
333 516 10
517 705 13
517 726 6
517 633 12
517 654 12
329 518 8
387 518 10
424 518 9
430 518 14
284 518 10
518 615 8
519 588 13
519 723 9
519 638 8
519 736 8
519 655 13
9 520 13
520 598 13
188 521 10
180 521 8
442 521 13
22 521 10
522 614 13
187 522 11
522 730 9
236 522 9
4 522 7
523 596 14
257 523 9
130 524 13
365 524 11
488 524 15
336 524 9
261 525 10
179 525 13
437 525 10
228 525 9
493 525 10
418 526 8
526 608 11
93 526 10
179 526 12
476 526 11
526 529 7
527 694 9
514 527 7
2 527 12
325 527 8
527 623 8
527 617 12
527 618 11
390 528 10
130 528 8
164 528 11
528 695 11
262 528 10
348 529 11
100 529 10
276 529 11
125 529 12
529 632 12
47 529 8
530 576 10
271 530 11
530 581 8
414 530 12
531 590 7
473 531 8
502 531 14
416 531 7
532 643 12
390 532 7
24 532 10
31 532 9
508 532 9
532 573 11
70 533 14
62 533 12
52 533 12
533 582 7
38 533 9
410 534 11
534 615 10
299 534 14
534 665 9
483 535 7
461 535 10
535 554 11
6 535 7
115 535 13
106 536 9
101 536 10
536 715 10
329 536 10
33 537 7
187 537 13
105 537 13
321 537 11
407 537 11
455 538 7
388 538 9
214 538 11
358 538 13
538 687 11
244 539 11
79 539 13
373 539 9
52 539 12
37 539 12
395 539 10
87 539 10
403 540 12
269 540 13
540 687 10
358 540 8
40 540 13
540 596 11
442 541 13
512 541 11
141 541 9
112 541 12
541 627 10
98 542 13
165 542 13
376 542 6
542 696 11
72 542 11
395 542 10
542 718 14
55 543 12
78 543 9
165 543 15
543 639 11
41 543 9
544 730 8
92 544 11
8 544 9
384 544 9
184 544 11
150 544 10
516 545 12
545 695 9
205 545 10
88 545 11
215 545 12
284 545 13
235 546 7
392 546 10
546 661 12
191 546 9
139 546 11
420 547 13
326 547 15
123 547 11
227 547 10
155 547 12
312 548 9
80 548 9
76 548 12
548 565 8
548 684 9
229 549 11
549 656 13
141 549 12
324 549 11
59 550 12
45 550 12
550 565 10
220 550 9
550 743 5
550 700 7
117 551 8
160 551 11
229 551 12
551 645 9
389 551 13
348 552 11
552 698 11
350 552 11
490 553 9
409 553 11
420 553 10
553 566 12
159 553 9
228 553 8
554 596 12
247 554 8
256 554 11
154 554 11
555 725 10
277 555 10
124 555 9
302 555 12
400 556 10
135 556 11
414 556 10
556 576 11
556 696 7
399 556 11
147 557 12
288 557 16
251 557 10
190 557 10
557 684 15
125 557 9
455 558 12
155 558 11
558 732 10
300 559 11
301 559 11
60 559 9
6 559 10
419 559 12
492 559 12
348 560 11
35 560 12
224 560 10
423 560 8
97 561 5
561 714 11
324 561 10
561 636 12
535 561 13
561 727 10
562 598 12
430 562 14
53 562 13
562 566 9
244 562 13
6 562 9
192 562 14
111 563 8
0 563 7
468 563 11
563 737 10
291 563 11
193 564 9
420 564 13
564 650 9
407 564 8
71 564 11
285 564 10
8 565 11
426 565 14
540 565 12
565 678 12
565 631 8
565 697 10
68 565 12
256 566 9
93 566 9
539 566 7
186 566 13
227 566 10
337 566 10
470 567 7
161 567 10
36 567 11
332 567 11
235 567 12
532 568 13
81 568 13
241 568 9
568 603 15
115 568 14
437 569 12
561 569 8
569 644 10
569 681 13
374 570 9
570 602 12
570 745 12
570 625 10
570 579 7
429 571 7
571 684 8
36 571 8
142 571 10
175 571 10
183 571 9
24 572 11
246 572 11
572 737 11
437 572 12
572 577 11
483 572 9
130 573 11
77 573 10
272 573 11
524 573 8
143 573 13
573 575 9
574 699 11
574 743 14
574 614 10
106 574 11
359 574 9
322 574 14
546 575 7
556 575 9
575 603 10
449 575 11
575 735 11
254 575 7
399 576 9
576 690 6
576 725 14
576 673 7
473 576 11
523 576 11
577 689 12
449 577 10
51 577 9
142 577 10
10 578 12
79 578 8
578 683 12
578 589 9
21 579 8
579 679 9
134 579 13
366 579 13
580 720 9
255 580 11
46 580 11
349 580 9
98 581 13
581 679 12
183 581 10
581 737 14
463 581 15
582 746 9
141 582 11
394 582 14
286 582 9
368 582 11
143 583 7
45 583 9
366 583 10
248 583 9
221 583 11
253 583 10
578 584 9
9 584 13
63 584 9
366 584 9
205 584 11
445 584 8
506 585 12
227 585 10
201 585 13
166 585 13
106 585 10
225 586 11
586 711 9
184 586 9
186 587 10
115 587 10
587 692 10
587 696 18
107 587 8
552 588 12
327 588 14
588 624 12
415 588 10
470 588 10
588 668 8
555 588 12
468 589 9
381 589 6
211 589 11
172 589 10
89 589 11
428 590 11
407 590 7
590 745 11
307 590 10
590 639 8
418 591 11
591 729 8
160 591 11
168 591 11
591 623 9
202 592 12
592 707 10
10 592 11
593 596 10
446 593 11
280 593 13
227 593 13
553 594 13
528 594 7
350 594 13
491 594 10
125 594 8
77 594 11
214 595 10
595 640 13
472 595 10
386 595 11
231 595 11
595 740 10
184 596 10
227 596 10
282 596 9
186 596 11
32 597 10
132 597 11
119 597 13
120 597 9
319 598 13
370 598 11
400 598 14
598 704 11
347 599 9
70 599 11
32 599 11
15 599 12
138 599 12
45 600 8
130 600 12
117 600 10
386 600 11
338 600 12
525 601 10
132 601 9
483 601 11
74 601 9
168 601 11
423 602 9
384 602 11
602 717 11
602 699 11
527 602 11
3 602 9
603 668 12
362 603 10
603 645 10
394 604 10
604 678 8
205 604 10
138 604 13
228 604 10
163 605 11
511 605 9
556 605 12
572 605 7
467 605 12
197 606 12
569 606 13
208 606 10
361 606 13
397 607 11
202 607 9
281 607 7
491 607 7
172 608 12
444 608 9
404 608 12
586 608 11
608 714 12
159 609 11
609 709 6
33 609 12
298 609 7
609 736 13
190 610 11
509 610 9
9 610 11
308 610 9
425 610 10
59 611 8
347 611 12
273 611 10
159 611 13
611 712 10
94 612 12
154 612 11
226 612 11
238 612 10
415 612 9
214 613 10
56 613 12
328 613 10
613 670 11
488 613 7
263 614 10
407 614 7
142 614 11
155 614 10
605 615 12
68 615 10
254 615 14
135 615 11
616 718 12
563 616 9
176 616 11
399 616 13
616 723 11
25 617 15
576 617 8
127 617 11
361 617 9
479 617 12
618 659 9
436 618 8
115 618 8
604 618 9
76 619 10
540 619 9
329 619 13
402 620 11
518 620 11
231 620 15
514 620 9
324 620 6
585 620 10
462 621 9
401 621 10
70 621 10
512 621 7
616 621 12
621 706 8
622 709 11
372 622 12
538 622 9
419 622 9
280 622 15
545 622 10
623 726 12
438 623 11
568 623 9
271 623 7
560 624 11
353 624 12
624 659 11
584 624 11
115 624 9
244 624 13
620 625 9
148 625 11
621 625 12
407 625 9
626 631 12
511 626 11
183 626 15
291 626 11
289 626 9
618 626 6
626 678 12
44 627 13
444 627 12
112 627 7
375 627 13
119 627 12
627 685 11
334 628 10
182 628 9
101 628 11
628 655 9
230 628 13
359 629 13
209 629 15
292 629 10
404 629 12
630 695 13
630 643 13
624 630 9
148 630 10
630 684 7
630 635 9
247 631 8
362 631 14
134 631 13
478 631 11
335 631 14
469 632 12
632 707 12
38 632 11
391 632 10
559 632 10
284 633 10
324 633 8
500 633 6
14 633 7
401 634 11
499 634 9
421 634 13
446 634 12
156 635 11
310 635 14
256 635 12
131 635 8
177 635 11
635 679 12
186 636 9
63 636 10
333 636 12
636 681 9
636 717 13
226 637 9
637 645 11
133 637 14
554 637 9
637 704 12
115 637 8
543 637 11
78 638 8
72 638 11
553 638 10
617 638 11
322 638 11
274 639 11
286 639 11
343 639 6
26 639 10
525 639 9
523 640 9
207 640 12
640 676 7
14 640 8
640 734 8
79 641 11
294 641 8
151 641 13
228 641 10
84 642 11
295 642 12
642 692 12
642 700 12
389 642 14
383 642 14
474 643 10
643 719 13
529 643 11
447 643 10
480 644 9
144 644 12
620 644 11
313 645 8
352 645 11
645 720 10
596 645 7
163 645 12
257 646 10
614 646 7
261 646 12
647 698 13
353 647 11
106 647 12
581 647 14
45 648 9
106 648 13
648 678 8
230 648 9
168 648 7
642 649 9
612 649 10
155 649 8
522 649 10
624 649 10
90 650 10
245 650 9
444 650 13
589 650 10
413 650 9
438 651 9
328 651 10
78 651 13
233 651 9
203 652 10
300 652 12
167 652 12
292 653 10
653 671 10
443 653 10
538 653 12
103 653 11
98 654 9
654 737 11
51 654 9
279 654 13
265 654 13
67 655 8
17 655 9
539 655 12
646 655 8
365 655 9
266 656 14
656 732 13
117 656 13
83 656 8
85 656 13
443 657 13
657 683 9
604 657 10
16 657 8
643 658 14
656 658 13
14 658 10
57 658 12
129 658 13
393 659 9
610 659 7
575 659 13
426 659 10
660 730 10
207 660 11
643 660 8
613 660 12
219 660 7
173 661 9
37 661 8
661 739 7
279 661 9
586 661 12
111 662 12
237 662 8
409 662 15
38 662 14
662 739 11
389 663 10
663 745 10
522 663 14
547 663 10
448 663 14
179 664 11
9 664 14
85 664 12
105 664 11
382 665 10
659 665 12
394 665 13
308 665 12
621 665 8
96 665 14
168 666 10
656 666 7
170 666 11
667 678 10
400 667 12
574 667 13
667 728 13
208 667 10
458 667 10
341 667 12
472 668 7
668 679 9
403 668 10
646 668 9
635 668 6
66 669 12
576 669 8
618 669 11
145 669 12
14 669 12
419 670 10
397 670 11
127 670 8
231 670 10
484 671 10
238 671 10
518 671 8
90 671 13
175 672 11
196 672 9
160 672 9
155 672 8
153 672 14
49 673 13
595 673 9
144 673 11
341 673 10
392 673 13
210 674 10
547 674 10
166 674 7
385 674 11
176 675 9
467 675 8
589 675 10
447 676 10
64 676 8
341 676 10
524 676 11
453 676 13
40 677 12
379 677 11
362 677 13
531 677 13
16 677 11
494 677 11
660 678 8
487 678 16
678 694 7
615 678 11
554 679 9
208 679 10
83 679 9
495 679 10
195 680 12
382 680 14
605 680 9
450 680 14
325 680 11
535 681 9
258 681 4
150 681 10
434 681 7
669 681 11
681 691 12
545 681 9
682 697 10
41 682 14
8 682 8
682 730 12
13 683 10
148 683 9
259 683 12
46 683 11
351 683 11
100 684 11
451 684 12
421 684 12
428 684 5
51 684 11
518 684 10
536 685 10
376 685 14
32 685 13
488 685 9
440 685 13
485 686 10
50 686 9
619 686 9
411 686 12
648 686 10
116 687 10
441 687 10
37 687 13
588 687 15
558 687 7
277 687 12
475 688 11
210 688 7
620 688 13
496 688 10
196 689 12
676 689 9
72 689 9
70 689 7
549 690 12
258 690 11
255 690 11
652 690 8
613 690 12
691 736 10
635 691 11
505 691 9
22 691 9
691 692 9
692 747 13
20 692 10
275 692 14
186 692 9
487 692 14
279 693 10
0 693 11
476 693 14
94 693 13
375 693 11
571 694 11
596 694 9
448 694 10
346 694 14
491 694 9
301 694 13
575 694 7
679 695 8
133 695 10
157 695 14
517 695 12
145 695 12
491 695 13
79 696 10
360 696 10
606 696 12
424 696 10
436 696 10
105 696 9
422 697 10
481 697 10
90 697 11
430 697 11
410 697 10
205 698 13
71 698 10
152 698 9
299 698 11
136 698 10
139 699 10
699 728 12
380 699 15
699 703 12
101 699 11
414 700 9
576 700 15
501 700 11
230 700 10
666 700 11
226 700 16
598 701 13
352 701 10
530 701 12
338 701 7
108 702 10
702 746 10
664 702 12
186 702 14
409 702 11
105 703 7
330 703 10
349 703 8
278 703 10
209 703 14
369 703 9
703 707 9
240 704 12
312 704 12
704 749 9
115 705 12
2 705 8
599 705 9
705 739 11
461 705 11
10 705 11
500 706 10
648 706 14
535 706 10
254 706 15
137 706 15
446 707 11
643 707 8
374 707 7
123 707 14
244 708 13
127 708 13
243 708 12
693 708 11
599 708 12
709 712 15
180 709 10
107 709 5
327 709 14
611 709 12
491 710 12
496 710 9
442 710 12
595 710 12
59 710 11
333 710 13
319 710 11
172 711 11
711 715 11
238 711 12
667 711 9
324 711 9
184 712 7
629 712 11
313 712 8
366 712 12
637 712 10
316 712 9
39 713 14
671 713 10
169 713 12
625 713 10
431 713 11
247 714 13
698 714 14
685 714 8
124 714 11
537 715 10
209 715 12
279 715 13
256 715 9
419 715 9
194 716 11
223 716 11
177 716 11
633 716 13
79 717 13
359 717 13
717 732 9
148 717 8
668 717 13
529 718 10
291 718 12
40 718 12
290 718 9
444 718 13
243 718 12
596 719 7
332 719 10
611 719 13
463 719 11
566 720 13
305 720 13
491 720 12
25 720 7
720 735 11
688 720 7
698 721 10
202 721 11
86 721 10
564 721 12
509 722 11
136 722 9
276 722 13
675 722 10
720 722 11
318 722 10
189 723 7
354 723 11
589 723 12
631 723 12
439 723 14
657 723 11
573 724 9
324 724 9
539 724 9
573 725 12
664 725 10
232 725 9
341 725 9
513 725 9
237 725 9
269 726 10
426 726 12
296 726 10
726 744 11
301 726 12
226 727 10
294 727 13
600 727 8
413 727 13
711 728 7
538 728 14
47 728 11
650 728 10
629 728 11
639 729 12
120 729 10
383 729 13
335 729 14
258 729 8
43 729 11
699 729 9
277 730 11
45 730 11
488 730 12
641 730 12
652 730 12
185 731 11
127 731 11
480 731 11
556 732 13
595 732 17
307 732 9
181 732 14
176 732 13
374 733 9
143 733 7
257 733 9
321 733 11
517 733 13
14 734 12
280 734 11
26 734 11
722 734 14
29 734 10
165 734 14
68 735 11
113 735 6
548 735 14
111 735 11
447 735 10
178 735 10
472 735 8
662 736 10
365 736 11
281 736 8
180 737 12
124 737 11
628 737 11
32 737 7
368 737 12
272 737 12
711 738 8
710 738 17
156 738 15
363 738 7
390 738 10
170 739 10
248 739 13
104 739 9
409 739 10
658 739 12
205 739 11
231 740 8
136 740 12
195 740 9
158 740 14
87 741 13
19 741 13
482 741 11
560 741 6
433 742 15
140 742 9
224 742 9
625 742 11
430 742 11
398 742 7
13 743 13
511 743 13
490 743 10
472 743 13
64 744 12
712 744 9
85 744 11
2 744 13
480 745 12
683 745 12
630 745 14
314 745 11
197 745 9
158 746 11
81 746 9
610 746 8
622 747 13
565 747 10
587 747 9
390 747 11
651 747 13
581 747 6
66 748 12
559 748 10
238 748 11
606 748 12
215 748 12
230 749 10
526 749 9
402 749 11
115 749 10
244 749 13
