750
0
2
6
6
6
4
9
5
4
8
8
6
6
10
3
6
2
4
5
3
3
2
6
7
5
1
7
7
8
5
4
4
5
9
6
1
4
3
4
1
5
2
2
3
2
4
7
3
1
8
6
4
9
2
5
9
5
3
7
5
7
1
2
8
6
5
8
2
2
10
3
3
4
9
7
9
9
8
3
6
8
1
5
5
9
8
10
3
2
9
9
6
2
5
6
3
3
4
7
9
8
3
5
6
4
8
9
4
7
6
8
8
7
2
2
2
4
3
9
5
7
8
4
3
5
9
6
2
2
7
6
7
3
9
3
1
9
7
5
9
8
8
3
2
4
7
2
7
9
5
3
10
5
2
6
6
4
3
7
8
9
5
7
5
10
2
8
6
5
1
4
6
5
10
8
4
9
7
5
5
3
7
2
9
6
7
1
4
7
5
6
3
8
2
3
2
9
5
10
9
3
2
3
8
8
10
4
2
4
7
9
7
6
2
4
5
9
5
9
2
4
7
8
2
3
8
2
6
8
5
1
2
3
6
3
6
10
5
3
1
10
3
4
8
2
7
5
3
3
2
8
7
1
6
4
3
3
8
7
9
7
5
5
4
3
2
1
3
4
3
2
4
3
9
2
5
10
8
7
7
3
9
7
8
7
2
1
2
3
9
6
8
2
3
8
6
6
3
3
4
6
2
8
5
3
2
1
7
3
4
8
9
4
6
5
4
5
7
9
4
6
8
9
10
4
7
6
3
4
8
3
3
2
3
6
1
4
6
2
3
7
2
9
3
3
2
4
1
6
3
7
7
8
7
6
8
8
7
6
8
9
8
8
3
8
9
2
3
3
2
4
7
2
9
3
1
7
2
6
1
3
9
4
9
7
3
3
9
3
10
9
4
2
3
5
6
3
3
10
5
10
2
1
1
4
3
2
9
6
7
8
3
4
5
3
6
10
6
6
7
8
4
2
5
5
7
3
9
9
4
1
2
2
2
9
9
9
2
2
10
1
10
7
6
8
3
5
7
6
4
7
9
2
3
7
2
8
10
6
2
8
9
8
7
7
3
4
9
5
6
4
8
6
5
9
4
7
8
7
5
6
9
5
8
4
1
7
4
9
4
5
10
9
4
7
2
10
2
2
3
2
6
7
8
1
5
4
7
10
6
6
6
5
2
10
8
4
4
2
1
5
7
6
9
9
5
3
2
9
2
7
2
7
2
3
4
7
2
7
4
4
4
4
6
9
4
4
8
2
3
8
8
2
7
6
6
9
10
2
8
2
2
9
6
4
8
7
3
8
2
10
6
6
8
9
8
9
4
5
6
5
2
1
9
2
1
4
4
1
3
9
10
4
7
7
3
9
2
3
2
8
3
4
1
6
1
6
9
9
4
6
8
1
5
7
7
9
6
1
7
4
10
7
7
9
8
9
6
4
5
8
2
6
9
3
10
2
4
4
8
9
9
8
3
7
8
5
2
7
9
6
6
4
3
2
6
5
5
9
8
5
2
2
3
4
2
6
5
2
6
7
7
6
6
2
8
1
8
9
6
9
8
2
8
1
3
2
8
6
8
5
3
7
2
3
5
9
7
1
5
9
4
3
9
4
5
10
5
4
5
4
5
10
4
6
4
6
1
10
9
3
5
6
1
4
7
8
3
6
2
9
9
9
2
4
7
2
6
4
3
1
8
10
10
5
10
2
10
7
8
0 469 12
0 373 12
0 292 11
0 738 10
0 267 13
1 187 9
1 722 8
2 206 14
2 321 11
2 718 11
2 454 14
3 487 12
3 317 12
3 302 12
3 533 13
4 20 10
4 70 9
5 154 10
5 433 10
5 58 12
6 276 12
6 140 10
6 715 10
6 368 12
6 263 10
7 659 10
8 312 12
8 267 8
9 230 7
9 245 12
9 450 9
9 167 15
10 389 7
10 585 11
10 386 11
10 369 12
10 25 12
11 263 13
11 268 9
12 623 12
12 91 12
12 575 10
13 164 8
13 76 10
13 95 12
14 511 7
14 606 12
14 114 9
15 443 11
15 233 11
16 363 12
16 419 11
16 532 9
17 19 10
17 322 7
18 123 12
18 382 14
18 739 11
18 129 11
19 50 11
7 19 8
19 94 9
19 248 10
19 125 13
20 491 8
20 341 11
21 230 11
21 140 9
22 233 11
22 360 10
22 562 9
23 296 9
23 669 13
23 383 11
23 173 8
24 563 12
24 184 12
23 24 10
24 539 10
25 701 13
25 300 9
25 133 13
25 175 10
26 181 12
26 95 13
26 578 7
26 336 7
27 449 13
28 533 10
29 598 12
29 111 11
29 600 9
29 262 14
30 664 13
21 30 10
30 219 11
31 179 9
31 522 8
32 180 13
14 32 10
33 640 9
33 306 12
34 606 10
34 202 13
34 40 11
35 603 13
35 283 11
35 259 9
36 422 12
36 54 11
37 435 10
37 239 12
37 616 8
10 38 14
38 576 13
7 38 12
39 582 13
39 683 14
39 46 8
40 555 11
40 288 14
40 450 12
41 538 6
41 647 14
41 361 11
41 639 8
42 394 11
4 42 11
43 190 8
43 552 13
43 209 7
25 44 10
44 211 9
44 363 11
44 641 11
45 130 12
45 703 11
45 567 12
46 683 10
46 592 10
46 296 11
46 640 12
46 527 8
47 691 12
47 524 12
47 747 7
23 47 11
47 156 14
48 329 12
48 478 11
48 106 11
49 542 9
30 49 11
50 150 13
50 56 14
50 433 12
50 534 9
50 553 12
51 394 9
51 327 14
51 359 8
52 692 10
52 694 8
52 160 10
53 384 11
53 445 11
53 724 10
54 301 12
54 535 13
54 323 11
16 55 12
55 526 8
55 711 9
56 601 10
56 236 6
56 217 9
49 57 12
57 537 13
58 246 11
58 397 9
59 443 8
59 339 8
59 299 7
12 60 13
60 626 11
60 660 12
60 216 11
61 280 9
61 322 10
62 439 8
62 207 15
62 79 11
63 312 14
63 117 12
0 64 13
64 391 10
65 133 10
66 226 9
66 725 12
67 692 9
50 67 11
68 491 7
68 234 12
68 489 9
68 118 9
69 154 7
69 411 7
69 609 8
70 312 15
70 559 11
70 683 12
71 290 13
71 237 11
72 213 7
72 227 14
73 206 11
37 73 9
73 439 12
73 202 11
74 485 11
74 385 12
74 685 9
74 529 12
75 241 9
75 550 8
75 127 11
57 75 11
16 76 10
76 511 8
76 266 9
76 309 10
77 606 6
77 644 10
77 218 10
77 697 8
31 78 8
78 515 7
34 78 9
78 712 12
78 548 9
79 702 8
79 391 10
80 633 9
80 344 10
80 329 14
31 81 10
81 501 12
82 637 8
82 169 11
82 97 12
83 156 9
83 343 10
83 657 9
84 267 9
84 271 10
84 497 9
85 230 11
39 86 12
86 697 9
86 140 13
87 90 6
53 87 10
87 113 11
47 88 12
88 230 11
88 92 8
88 293 7
88 690 11
89 609 11
89 746 7
89 722 7
90 310 10
90 498 14
90 245 13
91 365 10
28 91 9
91 271 10
91 281 7
92 679 7
92 434 9
67 92 10
92 462 13
93 710 12
60 93 13
58 93 11
93 640 10
94 585 11
94 352 10
94 250 10
95 597 7
14 95 9
96 135 11
96 608 9
97 155 10
97 620 9
97 747 11
98 438 11
98 437 14
98 198 6
99 571 11
99 351 14
99 480 7
99 630 12
100 727 12
100 360 11
100 124 12
85 101 9
101 491 7
101 388 12
102 706 12
48 102 10
102 473 11
102 451 9
103 289 9
103 386 10
104 583 11
82 104 11
104 107 12
104 711 13
105 690 11
105 619 13
66 105 12
105 238 9
105 391 8
7 106 12
105 106 14
106 446 11
106 197 9
107 741 11
107 380 7
107 331 12
107 117 12
107 683 12
108 339 9
108 141 11
108 200 8
109 252 11
109 483 10
110 661 9
5 110 6
111 294 9
111 738 10
103 112 9
112 485 14
112 566 13
112 661 9
112 539 10
111 113 10
113 262 13
113 570 8
6 113 9
114 469 10
114 509 9
114 408 10
115 698 10
115 354 13
115 724 10
116 424 8
116 705 7
117 419 14
117 408 11
118 742 13
71 118 11
118 136 12
119 186 8
119 259 11
119 323 8
119 512 11
120 363 14
87 120 12
120 745 8
121 434 12
121 180 9
122 294 10
53 122 6
122 436 12
123 167 12
123 537 10
123 560 10
43 123 13
124 268 12
124 537 13
63 124 11
55 124 11
125 682 13
125 287 11
40 126 13
126 621 10
37 126 9
127 339 8
127 134 13
127 433 10
128 172 11
128 302 9
45 128 8
128 607 13
128 689 9
129 726 10
109 129 12
130 640 12
130 244 10
130 699 11
131 433 13
131 531 10
132 500 10
132 708 11
17 132 9
132 292 12
133 172 9
133 474 11
124 134 16
134 727 10
106 134 12
95 135 12
135 666 10
135 164 6
135 364 10
45 136 9
136 585 14
136 635 12
136 485 11
67 137 9
137 236 10
137 495 13
137 566 12
137 542 9
137 564 11
138 396 13
138 211 12
119 138 12
139 646 10
139 699 10
98 139 11
17 139 10
139 374 10
140 318 11
140 608 10
140 227 11
141 505 12
81 141 12
141 375 7
141 211 11
142 368 11
16 142 12
142 346 13
142 444 10
143 518 10
143 238 10
143 168 10
144 214 8
124 144 11
144 295 10
145 503 9
145 551 12
145 493 12
146 213 11
146 427 12
146 573 12
147 441 11
147 605 13
147 569 11
147 555 10
148 495 14
148 411 11
148 361 10
96 149 11
149 186 10
149 340 10
55 149 12
150 332 7
150 435 9
100 151 13
151 413 7
151 448 9
152 629 8
152 677 10
153 685 9
153 428 14
153 532 12
154 399 8
13 154 11
154 471 10
155 365 10
155 379 11
156 688 10
156 746 14
156 669 11
157 221 15
157 306 11
157 179 10
158 431 16
159 368 8
159 585 9
159 439 13
159 417 5
159 453 15
160 226 10
48 160 6
160 599 12
160 637 11
161 647 13
104 161 10
152 161 13
162 383 13
162 405 8
162 262 10
163 392 13
163 265 9
163 617 12
163 306 11
50 164 11
164 295 11
164 446 11
164 329 14
165 507 10
165 432 12
165 356 8
166 699 13
167 619 9
167 307 10
167 670 12
168 250 11
168 686 12
29 168 10
169 727 12
49 169 12
169 574 10
170 347 10
111 170 11
138 171 12
171 411 10
171 627 14
171 244 10
172 533 12
26 172 9
115 172 13
172 382 12
173 449 8
174 263 11
174 293 13
175 545 16
175 451 7
175 235 12
176 512 11
153 176 9
177 508 9
177 583 8
177 516 10
178 323 7
178 393 9
178 632 11
179 664 14
179 527 12
179 372 10
179 574 11
179 313 10
180 468 9
180 237 8
181 516 10
84 181 13
181 698 8
181 730 10
182 212 8
182 226 10
182 425 12
183 483 8
183 478 14
47 183 10
184 337 10
119 184 11
21 185 13
36 185 9
185 535 8
143 186 6
186 549 7
187 449 11
187 674 11
187 225 7
15 187 8
188 242 9
83 188 5
3 188 9
68 189 11
75 190 12
190 514 11
125 190 9
191 374 12
191 234 10
9 191 12
79 192 11
193 357 8
5 193 10
99 193 8
51 193 11
193 367 9
194 227 10
194 620 7
194 633 11
195 611 13
195 375 9
195 622 13
196 221 12
196 325 10
196 575 12
197 278 12
197 418 11
157 198 8
198 271 10
198 383 10
199 487 11
199 548 10
199 565 11
14 200 7
200 435 15
200 501 10
201 498 14
201 395 8
28 202 7
202 328 12
193 202 9
203 471 13
9 203 9
60 203 9
70 203 10
30 203 13
204 499 11
204 413 13
204 524 12
204 438 9
205 711 11
205 388 11
135 205 11
205 232 8
155 206 10
206 642 12
207 329 9
207 625 5
207 660 12
207 624 9
207 246 9
208 487 8
208 509 5
208 539 11
209 259 8
11 209 9
184 209 11
210 523 13
75 210 12
211 374 13
192 211 7
68 211 11
118 212 10
86 212 11
212 671 11
212 615 12
213 452 8
59 213 7
213 450 13
214 333 11
85 214 13
214 588 10
214 242 12
215 697 8
216 228 9
93 216 7
216 330 9
217 656 10
218 356 10
218 730 7
218 631 10
218 369 11
58 219 9
219 480 8
219 247 15
220 415 11
220 263 8
220 500 10
147 220 10
8 220 15
46 221 9
221 437 10
221 565 15
221 630 7
222 527 10
20 223 11
223 422 10
223 353 12
223 576 7
223 746 9
224 372 14
171 224 14
48 224 11
64 225 8
225 602 11
225 690 11
66 225 6
225 624 9
226 374 9
226 231 9
156 226 11
227 310 8
227 311 11
227 634 11
227 520 7
228 261 10
228 424 12
228 517 9
229 710 7
229 675 10
229 564 9
230 566 14
230 698 12
230 658 11
231 445 12
231 705 11
231 512 9
179 231 13
232 383 9
233 273 9
233 633 13
172 233 16
234 333 12
122 234 7
234 347 10
234 408 10
209 235 13
88 235 10
235 438 8
236 633 11
237 474 7
237 721 7
47 237 12
222 238 14
239 455 8
239 691 9
239 310 12
239 569 10
240 523 9
55 240 4
240 380 10
174 240 8
206 241 13
242 569 9
243 454 12
198 243 8
205 243 10
174 243 11
244 468 10
244 558 11
244 370 14
244 685 10
245 717 13
245 330 14
245 260 14
246 265 9
94 246 12
246 596 7
161 247 9
248 403 10
248 407 13
249 285 8
162 249 8
181 249 10
249 425 11
104 250 8
251 647 10
252 646 12
182 252 12
253 470 10
17 253 9
254 564 12
254 546 14
254 427 8
103 255 9
255 531 9
256 429 10
256 370 11
256 533 11
256 336 11
167 257 12
183 257 9
257 333 9
258 435 11
226 258 6
259 463 8
259 707 7
260 697 14
260 550 7
216 260 13
260 548 11
196 261 10
261 454 11
261 321 10
261 486 11
230 262 10
262 296 13
123 262 9
263 477 11
72 263 10
263 323 14
264 437 13
264 509 9
264 298 11
264 364 10
42 265 9
265 430 12
265 726 10
266 749 8
266 333 10
267 466 13
267 363 9
102 267 13
267 737 12
267 678 10
268 295 11
42 268 10
59 268 8
269 522 11
269 459 12
269 746 8
269 494 11
270 618 7
236 270 11
270 601 10
270 560 11
271 280 13
271 541 11
271 732 11
272 437 11
211 272 13
221 272 10
272 366 9
273 615 10
100 273 9
273 607 13
274 656 13
3 274 12
207 274 10
274 506 9
274 275 12
275 527 10
275 515 12
275 685 12
276 440 11
241 276 11
212 276 12
60 276 10
277 593 11
277 458 10
277 503 9
241 278 13
28 279 10
279 348 11
279 482 11
280 429 10
10 280 10
280 323 11
281 694 11
281 325 12
282 608 11
79 282 13
282 737 12
283 630 11
257 283 14
283 285 9
284 582 7
184 284 9
284 504 9
192 284 10
284 379 4
62 285 10
44 285 12
16 285 8
197 285 10
82 286 9
286 432 12
73 286 10
287 295 9
288 710 5
288 447 8
288 521 10
289 408 10
290 462 11
290 637 9
290 661 9
290 642 9
291 683 11
132 291 11
291 700 10
292 527 10
292 531 13
292 323 12
292 579 14
42 293 12
293 665 9
293 376 11
281 294 9
284 294 9
294 347 11
294 533 10
295 528 10
295 495 11
295 607 11
295 714 12
296 721 10
201 296 8
297 345 12
297 609 9
118 297 8
165 298 11
298 672 13
298 543 11
298 607 10
299 467 10
214 299 12
297 299 9
300 413 11
300 449 12
301 645 10
242 301 10
59 301 13
302 628 9
127 302 9
302 718 12
91 302 11
303 687 11
271 303 11
303 474 10
304 438 11
304 431 10
305 482 10
305 321 8
305 435 12
305 410 7
305 326 10
305 489 14
130 306 13
306 386 9
306 366 12
306 683 9
247 307 10
307 401 13
174 307 12
307 488 13
279 308 10
308 663 8
308 676 9
309 657 12
10 309 13
309 503 11
146 309 13
129 310 13
310 634 11
6 310 10
310 455 11
257 310 11
226 311 11
87 311 10
311 589 9
3 312 10
312 665 12
312 377 12
241 312 10
313 520 10
176 313 9
313 726 9
139 313 14
314 368 12
199 314 10
314 566 12
261 315 12
315 356 11
315 508 13
316 512 9
248 316 13
316 734 13
159 317 10
246 317 14
275 317 11
261 317 11
63 318 12
318 559 10
121 318 13
319 749 12
319 624 14
319 649 11
319 681 10
320 691 12
320 461 11
320 333 9
321 498 16
85 321 6
232 322 10
322 526 10
305 322 9
322 603 14
219 323 12
221 323 12
306 323 12
142 324 10
324 570 14
324 744 10
325 465 9
246 325 11
325 356 11
44 325 8
326 423 10
326 738 10
186 326 12
327 413 10
43 327 9
327 605 12
327 683 12
100 328 12
328 515 13
102 328 9
328 720 10
10 329 6
329 347 9
329 683 11
195 329 10
330 609 11
330 343 10
330 558 13
108 330 7
331 744 8
150 331 9
244 331 10
200 331 11
332 467 11
86 332 12
333 705 8
333 660 9
157 333 9
334 439 11
335 730 11
38 335 9
335 378 13
335 386 11
336 532 11
193 336 11
193 337 14
148 337 13
323 337 13
337 351 10
15 338 10
189 338 12
338 508 8
339 685 7
339 399 14
339 653 11
164 339 9
52 339 10
205 340 14
121 340 13
340 403 10
340 561 8
341 678 9
341 532 12
242 341 9
246 342 12
342 606 12
342 419 10
343 439 10
187 343 15
140 343 8
102 343 9
4 344 10
138 344 13
344 373 10
145 345 9
171 345 10
345 420 9
159 345 11
345 617 11
346 504 12
254 346 9
346 714 10
347 351 10
180 347 9
348 667 9
348 447 9
285 348 15
236 349 13
154 349 9
349 480 10
344 350 9
71 350 10
351 728 11
351 476 7
352 723 10
15 353 13
353 611 12
12 354 11
354 601 12
335 354 9
282 355 11
51 355 14
355 574 12
253 355 11
356 701 11
150 356 10
357 623 11
357 544 10
358 483 9
358 517 16
358 646 9
359 589 10
359 676 14
360 701 13
360 518 10
51 360 9
361 596 10
206 361 14
361 665 9
106 362 9
202 362 10
145 362 9
52 362 15
350 363 11
363 429 6
253 363 12
22 363 11
363 712 9
364 611 14
317 364 12
207 364 10
365 588 10
365 537 11
208 365 13
316 366 11
275 366 10
4 367 10
61 367 9
367 734 9
82 367 11
56 368 9
301 368 10
295 368 9
33 369 8
369 657 12
369 658 12
370 450 11
371 484 7
220 371 10
158 372 12
247 372 11
372 513 14
372 716 8
140 373 8
373 582 10
373 417 10
374 384 9
19 374 8
172 375 10
143 375 8
344 375 9
361 376 8
376 410 9
18 377 10
359 377 8
52 377 10
146 377 11
32 378 12
71 378 10
378 743 11
378 648 10
378 472 12
345 378 11
379 467 12
26 379 9
233 380 15
380 700 11
381 709 12
381 669 10
381 547 7
381 596 9
353 381 9
208 382 13
382 653 8
382 578 11
382 420 12
28 383 8
383 426 11
293 383 11
228 383 7
86 384 13
323 384 11
384 440 8
384 391 5
385 587 10
385 468 10
360 385 12
158 385 10
159 386 9
386 409 12
9 386 14
244 387 11
146 387 12
387 527 12
387 449 11
289 387 12
388 653 11
267 388 11
388 430 10
389 615 12
158 389 10
33 389 15
350 390 8
244 390 11
390 522 9
195 391 9
391 497 8
391 479 13
58 391 8
362 392 15
392 669 12
393 431 9
385 393 7
111 394 10
156 394 8
94 394 13
394 397 7
124 394 12
395 730 10
233 395 12
208 395 10
29 396 14
179 396 11
396 714 10
397 745 13
397 737 8
47 397 13
398 734 11
55 398 8
257 398 13
399 478 10
212 399 13
399 584 8
27 400 11
230 400 12
341 400 10
401 436 11
401 502 11
243 401 11
402 589 12
351 402 9
403 554 11
253 403 10
140 403 8
403 733 12
139 404 14
404 548 11
404 679 10
336 404 7
25 404 9
405 557 11
258 406 11
169 406 11
406 468 8
407 655 9
407 741 9
407 703 13
407 719 10
333 408 11
408 435 9
93 409 12
409 458 13
63 409 11
409 705 15
409 504 13
135 410 13
410 421 11
266 410 12
51 410 12
411 541 9
348 411 10
217 411 10
412 745 12
412 510 10
412 480 13
94 412 11
413 666 13
281 414 12
171 414 9
105 414 9
34 414 9
173 415 9
415 688 10
93 415 11
203 415 10
52 416 8
38 416 9
416 562 8
416 712 12
384 417 8
357 417 10
51 418 12
178 418 8
419 696 11
154 419 10
419 622 6
117 420 6
225 421 11
403 421 14
421 483 8
279 422 9
21 422 14
241 422 11
423 532 10
423 738 12
387 423 11
210 424 11
424 676 11
424 609 12
72 425 8
426 591 12
314 426 12
134 426 9
427 715 11
402 427 9
373 427 10
64 427 12
428 693 9
283 429 8
1 429 11
45 429 9
146 429 9
236 430 9
430 595 14
430 479 8
214 430 10
431 597 12
9 431 9
415 431 13
338 432 10
387 432 12
216 432 10
432 613 10
173 433 10
355 433 8
179 433 9
434 460 13
74 434 10
289 434 11
11 435 14
361 435 10
435 742 10
29 435 12
28 435 14
436 675 11
436 468 7
369 436 11
436 680 9
27 436 9
437 510 12
437 538 8
437 493 9
437 443 8
438 588 11
439 601 10
113 439 13
352 439 13
130 440 11
440 599 10
440 655 12
200 441 6
121 441 10
441 464 11
442 748 11
442 564 10
443 690 10
443 703 13
109 444 11
214 444 12
400 444 12
445 522 12
445 508 12
445 548 9
371 446 10
54 446 13
258 447 11
447 692 11
447 476 10
94 448 14
438 448 10
448 541 12
222 448 7
131 449 13
449 570 10
449 741 10
291 450 12
195 451 7
105 451 12
451 690 11
380 452 12
186 452 10
114 452 9
395 452 12
216 453 11
453 649 7
453 677 8
239 454 11
112 454 14
61 454 9
317 454 9
454 468 10
269 455 10
455 708 9
456 708 9
307 456 8
456 721 11
234 456 14
457 515 13
185 457 14
457 587 9
137 458 12
458 467 12
271 458 11
459 695 8
359 459 9
459 713 10
460 693 13
460 695 12
460 669 12
461 613 10
462 674 9
462 645 12
321 462 9
227 462 10
463 631 12
337 463 14
418 464 14
464 542 14
465 554 8
94 465 14
141 466 8
123 467 9
83 467 13
467 594 10
403 468 14
427 468 10
468 641 13
239 469 13
291 469 14
6 469 13
470 720 9
308 470 8
470 504 9
470 599 12
212 470 11
96 471 11
193 471 8
471 534 11
387 471 10
276 472 8
472 569 13
22 472 11
322 473 11
474 720 9
125 474 12
374 475 12
181 476 8
362 476 11
114 476 12
90 477 12
320 477 11
477 498 12
32 478 10
478 749 11
478 715 9
344 479 10
160 479 14
479 728 13
479 605 11
480 709 10
184 480 13
466 480 8
296 480 8
405 481 10
110 481 9
481 690 9
481 518 12
482 533 7
222 482 9
259 482 13
439 482 9
199 483 11
92 483 12
423 483 12
6 483 10
123 483 10
349 484 9
305 484 10
427 484 12
484 603 9
298 485 9
486 518 11
36 486 6
326 487 14
390 487 10
371 487 8
170 488 13
488 627 10
267 488 10
58 489 9
489 663 12
489 700 10
489 647 12
489 512 8
256 490 8
177 490 13
419 490 9
176 490 10
134 491 9
491 711 7
96 492 12
3 492 11
493 569 12
321 493 8
295 493 11
148 493 11
494 652 9
285 494 11
495 639 18
62 495 9
496 658 10
496 655 12
496 609 9
497 640 9
497 621 9
497 670 14
498 572 13
498 631 9
273 498 12
499 676 10
283 499 11
133 500 7
463 500 8
427 501 13
501 566 9
237 501 14
79 502 11
502 529 6
353 503 11
478 503 10
409 503 9
67 504 10
359 504 13
60 504 9
504 572 12
392 505 10
505 627 9
146 506 12
312 506 10
423 506 12
506 529 12
475 507 8
288 507 10
375 508 12
83 509 9
509 696 13
174 509 10
184 510 10
321 510 9
30 510 10
465 511 9
156 511 10
511 729 11
511 586 11
414 512 12
507 512 14
216 512 13
512 672 12
377 513 10
226 513 10
460 513 12
440 513 13
120 514 9
488 514 11
349 514 13
515 586 11
515 739 11
241 515 5
81 516 10
516 543 13
380 517 11
504 517 9
517 604 9
417 517 7
395 518 8
413 518 12
442 519 13
28 519 13
369 520 13
390 520 12
242 520 11
460 521 8
504 521 10
146 521 11
522 600 13
522 745 12
295 522 11
172 523 9
331 523 9
290 524 9
262 525 7
88 525 11
127 525 12
462 525 10
526 728 11
276 526 12
526 571 9
155 527 6
527 601 10
119 527 13
487 528 12
261 528 10
190 528 12
528 533 11
36 529 11
137 529 10
254 529 9
52 530 10
443 531 11
97 532 11
532 659 12
225 533 8
496 533 8
533 552 13
111 534 11
495 534 11
334 535 13
286 535 9
536 694 11
447 536 11
170 536 12
420 536 11
428 537 9
512 537 12
537 620 9
538 653 8
52 538 10
308 538 11
359 539 11
539 578 8
337 539 8
246 539 10
540 689 8
459 540 14
353 541 8
511 541 13
84 541 9
92 541 11
542 599 9
198 542 7
542 629 8
391 542 12
453 543 12
169 543 7
543 670 10
492 544 8
439 544 11
382 544 10
459 544 15
0 545 12
68 545 6
17 545 11
546 585 13
546 718 10
309 547 13
76 547 10
354 547 8
352 547 10
98 548 11
169 548 12
548 666 8
308 548 11
91 548 11
478 549 11
549 588 10
357 549 14
529 549 13
550 719 12
394 550 8
551 608 13
142 551 13
519 551 12
30 551 9
374 552 14
87 552 9
553 728 10
492 553 7
553 710 8
1 554 12
554 577 12
532 555 9
459 555 12
317 556 10
556 647 10
218 557 11
313 557 10
558 692 11
512 559 7
32 559 9
517 559 10
252 559 10
405 560 13
261 560 10
251 560 10
544 561 8
561 603 6
200 561 7
21 562 14
111 562 15
316 562 9
563 679 11
242 563 12
282 563 11
380 563 7
335 564 11
147 564 11
176 564 8
130 565 11
566 677 7
202 566 10
348 566 8
221 566 12
446 567 10
199 567 12
567 619 8
562 567 9
481 568 11
63 568 12
228 568 12
224 568 9
568 577 11
251 569 11
569 595 10
434 569 14
162 569 10
570 600 11
570 673 8
138 570 10
570 749 8
526 570 9
571 693 9
272 571 11
151 571 10
571 729 10
148 572 11
572 703 10
545 572 8
573 650 9
40 573 10
574 643 13
429 574 12
223 574 12
464 575 10
35 575 8
37 575 12
16 575 7
370 576 10
576 580 10
369 576 8
35 576 13
214 577 10
61 577 13
20 578 12
185 578 8
578 671 14
157 579 14
579 687 12
182 579 10
405 579 9
579 736 11
580 662 8
308 580 11
532 580 11
581 735 9
581 660 11
288 582 9
270 582 12
481 582 12
407 583 14
369 583 10
124 583 10
51 584 10
396 585 12
37 585 12
65 585 14
490 585 12
25 585 12
83 586 5
586 704 11
122 587 11
587 689 11
450 587 13
300 587 10
366 588 10
328 589 14
194 589 9
590 733 9
521 590 9
41 591 11
591 641 9
591 707 12
77 591 8
516 591 10
332 592 11
74 592 9
279 592 11
552 593 11
593 600 11
497 594 6
594 643 12
52 595 14
37 595 10
595 638 7
72 595 9
391 595 12
196 596 12
513 596 12
560 596 10
404 597 12
368 597 10
458 598 6
568 598 11
599 677 12
133 599 12
319 600 13
468 600 11
392 601 10
39 602 10
419 602 10
603 693 10
310 603 13
440 603 11
373 603 10
604 618 8
405 604 13
215 604 11
26 605 12
33 605 8
605 709 12
606 730 16
583 606 11
407 606 9
455 607 11
305 607 13
411 607 8
518 607 13
98 607 9
105 608 13
434 608 9
142 608 13
368 608 13
37 609 11
609 634 9
429 610 10
610 669 10
287 611 15
506 611 11
612 665 10
308 612 7
612 659 12
334 612 11
320 612 12
613 687 14
18 613 9
132 613 11
250 613 7
72 613 8
614 715 9
22 614 9
56 614 14
297 615 11
316 615 12
213 615 8
330 615 8
123 615 12
476 616 12
323 616 9
617 747 11
396 617 13
78 617 9
487 618 7
618 746 8
9 618 10
619 635 9
214 619 13
545 620 10
448 620 12
461 620 6
352 621 10
316 621 10
555 621 11
528 622 11
104 622 14
591 623 9
266 623 9
430 623 14
188 624 12
451 624 13
13 625 15
226 625 9
565 625 10
317 625 11
601 625 11
147 626 9
559 626 9
103 627 11
571 628 14
72 629 13
374 629 8
629 704 9
521 629 8
330 630 11
244 630 9
447 630 11
630 715 7
392 631 14
64 631 11
617 632 12
226 632 12
92 633 12
280 633 11
466 634 10
634 714 11
199 635 13
52 635 10
462 635 11
356 636 12
566 636 7
636 704 12
551 636 9
611 637 9
245 637 11
66 637 15
384 638 13
613 638 12
289 638 5
35 639 13
411 639 13
577 640 11
422 640 10
500 640 11
211 641 15
630 641 12
368 641 11
63 641 6
286 642 15
387 642 11
169 642 14
61 643 14
393 643 11
340 643 9
13 643 14
239 644 9
533 644 12
405 644 13
44 645 13
108 645 11
506 646 14
488 646 12
263 646 12
364 647 9
468 647 9
120 647 11
324 647 15
380 648 7
169 648 11
648 691 14
389 649 11
236 649 10
195 649 11
560 650 11
450 650 13
196 651 11
298 651 7
304 651 10
173 651 13
651 668 11
281 652 9
56 653 9
375 653 12
616 654 9
277 654 11
427 655 11
275 655 8
319 655 11
218 656 10
167 656 10
656 681 11
463 657 11
342 657 11
284 657 10
390 658 13
443 658 6
569 658 10
505 658 12
112 659 13
62 659 12
513 660 10
115 661 7
394 661 12
424 661 11
119 661 12
4 662 14
166 662 9
134 662 9
663 673 12
194 663 13
285 663 10
664 675 8
39 664 11
96 665 9
538 665 7
665 734 11
267 666 10
531 666 9
304 666 8
5 667 8
141 667 9
668 712 7
214 668 11
639 669 13
492 669 11
447 669 11
355 670 8
219 670 11
639 670 9
383 671 12
368 671 7
657 671 10
671 684 10
672 737 9
175 672 9
550 672 8
265 673 9
125 673 10
673 729 13
350 674 9
400 674 9
121 675 7
432 675 11
561 675 10
119 676 15
186 676 11
635 677 8
677 690 11
305 677 9
179 678 8
137 678 9
345 679 9
32 679 10
115 679 10
315 679 17
315 680 11
112 680 9
349 680 12
351 681 10
133 681 8
681 708 10
230 681 9
156 682 10
306 682 8
630 682 11
594 683 8
220 683 14
586 683 12
263 683 8
684 743 12
606 684 6
673 684 9
112 685 8
139 685 9
320 685 9
27 685 11
247 686 10
474 686 8
335 686 8
376 686 11
238 687 16
108 687 9
641 687 13
603 687 11
631 688 8
688 721 14
295 688 11
288 688 15
596 688 6
138 689 11
448 689 13
689 748 12
494 690 12
366 690 9
520 690 10
431 691 9
311 691 12
369 691 12
24 691 7
692 706 7
113 692 13
401 693 10
409 693 15
46 693 11
576 694 9
653 694 13
618 694 12
106 694 12
694 695 9
15 695 10
409 696 12
269 696 12
277 697 11
565 697 7
54 697 12
343 698 10
584 698 6
336 698 12
263 699 11
509 699 9
624 699 11
699 733 10
234 700 8
346 700 13
358 700 10
15 700 13
565 701 10
562 701 12
702 720 10
198 702 12
617 703 13
386 703 13
71 704 10
655 704 9
496 705 14
119 705 7
689 705 12
138 705 14
705 740 11
503 706 12
95 706 8
543 706 11
415 706 13
322 706 13
616 707 11
602 707 13
222 708 13
615 708 12
594 709 13
94 709 9
541 710 11
112 710 9
66 711 12
232 711 11
199 711 9
250 712 9
481 712 11
448 713 11
344 713 10
362 713 10
525 714 8
556 714 12
523 714 13
406 715 10
355 715 11
287 716 8
196 716 13
663 716 10
713 717 9
646 717 9
687 717 10
584 717 9
437 718 12
510 718 8
225 718 11
304 719 9
486 719 14
681 719 8
38 720 12
620 720 9
250 720 12
81 720 10
476 721 13
281 721 12
293 722 7
121 722 11
350 722 8
600 723 11
99 723 12
293 723 16
398 724 11
436 724 12
692 724 13
320 725 10
144 725 10
314 725 9
16 726 8
240 726 12
419 726 12
727 749 11
545 728 12
246 728 8
390 728 10
247 728 12
260 728 10
280 729 10
141 729 9
687 729 12
173 729 12
338 730 12
567 730 9
421 730 15
116 731 12
159 731 7
57 732 10
203 732 11
581 732 11
127 733 9
673 733 7
364 733 9
376 734 9
320 734 9
341 734 10
688 734 11
408 735 11
37 735 8
322 735 9
421 736 16
197 736 9
115 736 13
435 737 8
451 737 12
209 737 10
532 737 10
562 738 11
731 738 9
395 739 7
15 739 11
247 740 10
373 740 11
605 741 10
237 741 10
66 741 8
105 742 11
331 742 9
465 742 14
631 742 10
396 743 12
289 743 9
628 743 11
259 743 11
542 744 9
17 744 10
536 744 13
46 744 6
480 745 10
729 745 8
629 745 10
78 746 14
285 746 12
23 747 12
700 747 10
370 747 13
726 747 10
195 747 11
131 748 10
460 748 11
258 748 9
370 749 8
249 749 12
