750
0
3
5
8
6
2
8
7
5
3
1
5
9
4
6
10
1
6
5
2
4
4
5
8
7
8
6
7
7
3
1
3
8
4
2
5
10
6
7
7
1
4
8
10
6
5
4
5
10
8
8
9
6
2
4
3
9
10
9
2
3
2
2
9
5
5
3
5
4
4
9
4
8
9
9
4
1
4
5
3
4
2
1
3
3
8
7
7
3
7
7
6
4
10
9
2
5
1
6
2
6
7
4
3
5
6
4
7
4
8
2
7
4
7
8
7
6
9
8
6
6
4
3
8
3
8
3
3
4
4
8
7
1
9
2
10
4
7
3
2
3
8
8
7
2
10
4
6
6
2
2
2
6
7
1
8
7
4
1
4
4
10
5
2
2
9
10
1
1
10
5
2
4
7
6
8
1
3
6
2
7
8
6
2
7
5
6
2
9
5
2
7
2
4
2
5
3
9
8
9
3
9
9
8
3
9
7
7
9
4
2
3
3
10
9
7
4
1
2
5
4
4
8
7
6
9
2
8
8
3
4
7
2
6
4
5
5
8
3
5
7
9
1
1
9
2
4
3
2
4
9
3
7
2
7
2
5
4
7
8
9
7
7
7
5
2
7
1
9
7
9
5
4
2
3
5
3
3
6
10
9
1
8
2
9
7
6
10
6
8
5
8
1
6
3
10
7
10
4
3
9
6
8
2
3
9
5
3
2
3
7
1
4
4
6
10
8
4
7
9
4
10
1
4
8
4
4
3
8
8
6
2
7
10
5
1
4
6
7
1
8
5
5
8
8
10
1
5
10
5
5
2
3
8
7
2
8
3
5
5
8
5
2
1
4
7
3
5
4
6
6
1
7
3
7
5
10
8
2
4
1
6
10
7
8
4
9
10
10
9
5
7
7
9
2
6
9
4
3
10
8
2
6
7
5
8
8
8
7
8
2
9
3
5
7
8
3
9
7
4
10
3
5
4
10
5
5
3
5
10
3
8
4
8
1
4
6
6
2
2
2
7
3
2
2
10
2
3
3
7
3
9
1
9
3
9
6
7
9
7
2
10
3
10
3
4
4
5
5
5
1
5
9
4
10
6
8
2
4
9
7
5
8
3
2
3
3
1
3
8
3
1
9
9
6
3
6
8
4
10
3
6
9
2
6
8
5
10
6
6
9
10
7
10
6
5
10
4
6
6
7
7
2
1
4
6
2
5
9
10
1
10
4
5
5
4
5
8
2
8
9
5
2
3
7
3
3
9
3
5
3
8
4
8
7
3
8
8
5
9
10
8
9
3
4
7
5
7
2
10
1
8
4
7
6
2
10
5
3
8
3
8
4
7
3
6
4
7
10
9
3
3
7
5
1
1
5
8
3
7
2
4
8
9
4
1
4
2
4
8
10
2
8
2
4
4
8
4
4
2
6
2
3
5
7
3
6
1
5
4
3
5
8
2
2
7
2
6
3
5
8
3
8
5
9
3
4
9
7
6
5
7
5
4
5
7
2
5
5
6
7
7
6
9
9
3
1
4
2
8
3
2
6
4
9
2
9
2
5
2
1
6
6
10
2
4
7
3
1
2
5
1
9
7
9
2
5
4
3
3
5
10
2
8
7
3
1
7
9
1
2
8
7
10
9
8
6
7
9
5
7
1
2
9
2
5
3
9
4
4
1
7
7
1
8
7
7
3
10
10
2
2
1
2
2
3
5
10
5
7
0 58 13
0 378 9
0 507 12
0 365 11
0 733 12
1 389 8
1 189 6
1 573 11
1 653 9
1 293 6
2 101 10
2 546 13
2 447 11
2 528 9
2 722 12
3 156 10
3 668 11
3 477 5
3 77 8
3 703 10
4 269 9
4 150 10
4 281 13
5 597 10
5 131 11
5 427 9
5 631 7
5 78 11
6 333 8
6 699 12
6 445 9
6 602 11
6 176 9
7 536 11
7 691 9
7 208 11
7 358 11
7 69 10
8 9 10
8 92 10
8 673 10
8 33 11
8 306 12
9 175 9
9 456 10
9 230 11
10 707 10
10 275 12
10 680 10
10 80 9
10 708 10
11 727 7
11 362 10
11 473 10
11 311 9
11 78 10
12 551 15
12 472 10
12 56 9
12 311 9
12 592 9
13 648 11
13 81 7
13 84 9
13 501 11
13 119 10
14 600 15
14 453 12
14 630 12
14 398 14
14 214 9
14 742 10
15 608 9
15 229 11
15 346 8
15 422 12
15 708 7
15 257 9
16 30 10
16 284 12
16 548 8
16 552 13
16 321 11
17 420 9
17 499 9
17 336 8
17 647 13
5 18 10
18 600 9
18 610 8
18 386 10
18 697 9
18 149 11
19 111 9
19 543 10
19 144 13
19 474 11
19 55 8
19 237 12
20 622 11
20 717 9
20 424 14
20 616 6
20 137 12
21 255 11
21 700 10
21 597 8
21 106 12
21 464 11
21 205 11
21 280 13
22 124 11
22 189 11
23 368 12
23 517 11
23 527 7
23 557 10
23 619 8
24 418 5
24 688 9
24 668 11
25 621 10
25 639 12
25 193 8
25 328 14
25 408 9
25 715 12
26 274 11
26 719 10
26 625 11
26 686 14
26 564 11
27 28 9
27 742 12
27 366 9
28 625 11
28 42 13
28 235 16
28 88 11
29 571 7
29 430 13
29 84 6
29 538 10
29 325 9
30 60 13
30 93 12
30 533 12
30 623 12
30 43 12
31 279 12
31 689 11
31 665 10
31 222 11
31 283 12
32 491 11
32 438 10
32 636 10
32 420 9
33 183 7
33 127 10
33 232 9
33 570 11
34 316 15
34 295 14
34 163 10
34 383 12
35 657 8
35 229 11
35 542 15
35 606 12
36 244 10
36 143 12
36 645 14
36 506 14
37 217 10
37 434 14
37 733 10
37 266 11
37 300 7
37 131 9
38 554 12
38 626 11
38 735 9
39 252 9
39 526 12
39 171 7
40 225 9
40 318 10
40 483 10
40 67 10
41 712 10
41 486 9
41 749 11
41 491 10
41 336 14
41 694 9
42 711 8
42 570 11
42 579 11
42 640 12
42 274 10
42 141 14
43 435 10
43 627 12
43 371 13
43 428 10
43 339 11
5 43 11
44 81 9
44 350 13
44 238 12
44 711 10
44 443 15
44 553 9
44 311 11
45 337 10
2 45 6
45 732 10
45 74 10
45 384 12
46 716 10
46 606 18
46 183 11
46 284 9
47 564 11
47 333 14
39 47 7
47 237 8
18 48 13
48 587 14
48 383 10
48 182 10
48 264 11
49 540 10
49 681 11
49 660 10
49 596 12
49 477 9
49 139 8
49 153 10
50 278 10
50 259 8
50 320 9
50 362 12
50 744 9
50 68 8
51 277 12
51 95 13
51 609 12
51 555 8
51 669 13
52 86 15
52 730 11
52 291 8
52 531 7
52 649 10
12 52 11
52 156 14
53 393 10
53 547 8
53 86 12
53 703 9
53 278 13
53 725 10
54 448 10
54 187 13
54 171 9
54 285 14
54 120 9
54 263 11
10 55 10
55 94 12
55 552 12
55 89 8
55 328 8
56 213 13
56 400 11
56 114 9
56 282 12
56 735 12
56 234 12
56 183 9
36 57 13
57 59 12
57 149 11
57 282 6
57 587 11
58 308 10
58 409 11
58 581 13
42 58 15
58 219 10
59 435 10
59 738 11
59 72 13
59 280 10
60 634 13
60 431 11
60 661 11
60 589 14
60 521 13
60 445 7
61 604 9
61 367 11
61 276 8
61 664 11
61 80 12
61 498 14
61 608 10
62 591 10
62 402 12
62 482 12
62 282 11
62 217 8
63 416 9
63 382 11
63 131 11
63 381 10
63 515 13
64 282 13
64 483 10
64 286 10
64 336 11
65 505 11
65 245 10
65 221 10
65 675 10
45 65 7
65 278 12
66 528 11
66 504 9
10 66 7
66 207 10
66 165 7
56 66 7
67 600 10
67 356 12
67 282 9
67 463 8
67 553 9
67 634 9
68 123 14
68 371 10
68 351 11
2 68 14
69 559 13
69 264 16
69 437 10
69 568 12
69 300 8
69 739 10
51 70 10
70 79 9
60 70 8
28 70 11
70 397 10
71 74 12
71 566 9
55 71 9
71 671 6
61 72 13
72 738 10
72 644 13
72 340 12
73 217 10
73 380 12
73 107 6
73 302 8
73 519 10
74 260 12
74 360 11
74 608 14
74 108 11
74 336 14
75 341 13
75 723 11
31 75 15
75 658 11
76 494 15
76 349 7
76 487 11
76 302 12
76 294 10
76 674 11
77 135 8
77 476 13
77 497 11
77 178 10
77 341 8
77 305 9
77 187 9
77 516 16
78 744 17
78 83 9
78 713 9
78 173 10
78 113 7
7 79 11
79 600 12
79 385 10
79 350 13
79 264 12
67 80 9
80 703 11
80 474 11
80 285 13
25 80 7
81 686 10
81 441 7
81 683 7
5 81 8
79 81 15
81 111 10
82 573 11
82 630 10
82 484 8
82 472 12
83 348 11
83 460 10
83 265 9
38 83 7
83 650 12
84 705 10
84 699 9
84 319 15
18 85 9
85 591 9
85 606 12
85 186 12
86 261 10
86 198 9
86 237 13
86 312 10
3 87 10
87 496 14
87 654 12
87 116 9
87 710 10
87 102 13
15 88 12
88 230 10
88 252 12
88 370 8
89 643 10
89 713 9
89 266 8
89 219 10
50 89 10
90 141 11
90 643 12
38 90 12
90 424 12
90 397 13
91 160 10
68 91 9
91 373 8
91 653 10
91 132 12
92 537 12
92 732 12
92 649 9
93 479 8
93 161 10
73 93 12
93 349 9
93 469 11
94 544 9
94 274 8
94 452 11
14 94 10
7 94 10
95 118 10
90 95 13
95 603 5
95 97 12
95 393 10
95 503 9
12 96 9
96 265 10
78 96 12
97 508 11
97 313 7
97 629 9
97 354 10
97 626 10
97 407 7
98 550 7
98 128 12
98 744 10
98 439 11
98 433 10
99 132 13
42 99 10
99 384 7
99 220 11
99 595 9
100 117 9
100 434 11
100 646 9
100 444 14
100 418 9
101 586 6
101 303 9
101 643 10
101 276 9
101 281 6
102 593 12
102 113 11
102 351 8
103 215 16
103 265 12
103 201 13
103 107 11
104 182 11
104 428 11
1 104 8
104 439 12
104 310 11
104 435 11
105 570 5
105 697 12
105 721 10
105 329 12
105 196 10
94 105 9
105 137 11
106 658 16
106 360 10
106 695 9
106 118 10
106 244 15
107 234 10
26 107 9
107 129 12
47 107 10
108 146 13
108 436 10
108 411 11
108 251 12
108 224 12
108 218 12
108 424 11
109 278 8
109 340 9
109 610 12
109 132 10
110 323 12
110 527 8
110 625 13
110 723 14
69 110 9
110 565 10
111 706 10
111 603 9
111 191 14
111 733 12
111 331 13
112 233 11
112 354 9
112 311 8
112 191 12
112 652 12
112 740 9
113 705 10
113 749 8
113 247 9
113 580 9
114 354 14
114 685 11
114 172 7
114 348 12
114 669 14
104 114 10
38 115 15
115 197 10
115 515 10
115 288 12
115 403 8
116 321 11
69 116 13
116 598 9
116 265 8
117 375 9
110 117 10
117 345 10
117 716 10
117 577 10
118 410 8
118 230 9
118 350 9
118 189 14
90 118 11
118 288 13
119 587 11
0 119 14
119 179 6
119 672 5
120 224 12
120 738 10
120 478 6
120 212 13
120 563 10
120 244 9
121 262 7
121 411 11
121 692 9
121 594 9
121 289 9
121 354 13
121 610 13
122 486 8
122 189 8
122 435 12
122 639 10
123 240 11
123 134 10
123 365 9
123 290 9
32 124 12
124 238 8
124 395 13
124 283 10
124 534 9
125 548 12
31 125 10
125 437 8
125 315 7
126 350 11
126 505 10
126 640 7
126 572 10
127 239 12
127 568 10
118 127 12
127 672 13
127 577 10
33 128 6
128 265 9
11 128 7
128 142 14
128 166 11
129 284 11
129 702 13
129 685 10
129 475 8
130 462 11
130 214 16
130 619 9
103 130 17
130 672 10
131 517 10
131 391 6
131 439 8
131 701 6
131 694 9
132 391 10
132 283 11
132 588 10
9 132 11
133 153 12
133 618 10
133 318 9
133 669 10
30 134 11
134 500 10
134 632 14
89 134 11
134 634 13
135 469 12
135 388 10
135 716 6
74 135 10
135 622 7
136 411 11
136 143 14
136 698 12
136 283 8
136 199 13
136 568 10
137 234 8
137 685 12
47 137 12
137 476 13
137 241 7
137 248 10
137 303 9
138 541 13
138 537 11
138 151 12
8 138 8
138 241 12
139 212 8
139 326 10
139 587 9
138 139 10
118 139 10
140 355 9
140 485 6
140 515 8
140 494 11
141 578 9
141 374 11
56 141 16
141 740 13
142 181 11
142 316 9
142 341 11
142 327 7
142 326 13
143 359 11
143 614 12
143 574 13
143 474 14
143 550 8
9 143 6
144 627 9
144 191 12
144 334 9
144 735 11
144 154 7
145 646 13
145 252 9
145 212 7
145 260 10
145 549 14
145 465 8
146 441 11
111 146 13
146 728 11
146 626 13
19 146 11
146 384 14
147 174 10
147 169 10
147 164 9
68 147 14
147 494 15
62 147 7
148 627 12
148 634 11
148 729 13
148 708 12
140 148 11
148 681 12
148 688 10
149 310 11
32 149 11
149 445 13
150 557 9
150 510 8
150 387 11
150 152 7
150 196 14
57 151 9
151 742 12
151 220 13
152 454 10
152 505 11
152 484 10
153 226 9
153 357 9
56 153 11
153 447 12
153 629 10
154 560 12
154 648 13
154 430 8
154 532 11
154 203 13
154 508 7
155 678 10
155 373 12
155 705 12
155 213 12
156 574 14
156 644 10
156 518 12
156 656 9
157 221 12
157 322 11
157 644 13
157 649 15
32 157 7
158 409 12
35 158 14
158 466 9
158 281 9
158 496 12
159 646 7
159 488 10
74 159 8
159 465 13
159 408 10
160 310 7
160 676 11
160 554 9
160 615 7
124 160 8
62 161 12
161 612 12
161 202 8
161 208 12
161 493 10
43 162 9
162 265 11
162 574 10
162 621 15
162 733 12
162 323 10
3 163 9
163 375 10
163 271 9
163 685 9
163 672 8
164 208 11
120 164 8
164 524 12
105 164 13
164 630 16
165 514 10
139 165 9
165 464 15
165 655 10
165 611 8
165 416 13
166 494 10
31 166 10
166 659 8
166 364 10
166 682 8
167 356 9
167 254 12
167 379 7
167 341 12
168 745 11
168 410 10
168 502 12
151 168 13
168 568 10
70 169 11
169 255 12
169 454 10
169 526 12
79 170 11
170 406 9
170 224 10
170 485 13
170 468 10
171 229 7
171 539 10
24 171 7
171 658 9
171 358 11
172 317 8
172 696 10
118 172 7
172 378 10
173 241 7
20 173 9
62 173 10
173 570 11
173 441 9
152 174 15
164 174 12
174 438 12
23 174 9
174 313 12
174 310 11
103 175 13
121 175 12
175 420 12
176 299 11
176 436 13
176 340 10
176 479 10
177 455 10
177 586 13
177 433 10
177 468 12
177 401 11
177 643 13
177 351 12
178 523 9
178 574 14
178 661 12
178 222 9
179 188 10
144 179 7
117 179 9
177 179 9
179 294 8
179 563 7
180 245 8
180 687 12
180 594 9
180 683 10
43 180 9
180 617 10
181 442 9
181 538 12
32 181 8
181 381 12
15 182 12
182 599 9
182 495 14
16 183 7
183 462 6
183 617 14
183 506 10
131 183 12
67 184 9
184 466 6
184 245 10
184 353 12
185 470 12
185 603 11
185 652 9
185 438 8
185 545 9
23 186 5
104 186 11
186 384 12
186 536 8
166 186 8
187 671 15
187 517 13
187 368 7
188 569 9
77 188 9
188 654 8
188 336 7
7 188 9
189 538 12
181 189 11
189 357 9
189 666 13
189 474 9
189 353 9
107 189 13
190 704 12
190 499 9
190 233 9
190 366 11
190 576 8
190 554 11
191 686 12
139 191 11
128 191 8
191 471 13
192 213 9
142 192 7
192 349 13
192 212 10
192 306 15
193 500 10
193 517 10
193 388 9
193 219 10
152 193 10
194 276 14
194 674 7
52 194 9
194 237 10
194 337 9
195 692 9
178 195 10
175 195 11
195 714 10
195 329 11
196 441 6
5 196 11
196 613 13
38 196 9
152 196 9
16 197 12
89 197 9
11 197 11
125 197 8
131 198 11
56 198 14
60 198 10
198 230 12
199 379 8
107 199 10
66 199 13
199 711 11
199 596 14
200 364 11
200 493 9
200 488 11
200 396 10
200 618 14
201 331 10
201 518 8
112 201 12
201 625 12
201 697 9
178 202 10
142 202 10
202 214 11
29 202 8
202 571 7
202 460 9
197 202 8
203 545 11
203 267 9
112 203 6
203 402 12
151 203 11
203 325 14
204 339 8
204 617 10
204 372 12
182 204 12
28 205 7
205 416 10
186 205 11
205 645 9
205 555 7
205 699 10
46 206 13
206 444 6
174 206 10
206 544 6
206 716 8
206 400 10
207 594 13
207 289 14
207 539 10
156 207 11
207 311 10
207 436 10
208 240 10
208 665 12
208 734 11
208 391 14
155 208 16
208 286 8
209 375 9
209 328 10
128 209 10
209 378 11
209 459 7
29 210 12
210 355 12
210 723 13
45 210 12
210 302 15
64 210 13
211 314 10
211 302 14
112 211 14
211 269 12
151 211 10
211 362 11
212 545 10
212 381 12
212 556 8
212 572 11
212 527 13
212 540 8
198 213 11
213 276 12
213 742 12
213 440 11
214 383 11
214 319 10
214 532 11
101 214 12
214 570 12
215 629 9
185 215 9
18 215 6
102 215 11
215 249 12
216 600 11
3 216 9
216 595 12
32 216 12
216 313 8
69 217 10
217 457 6
217 656 15
217 552 15
217 738 7
217 583 12
33 218 12
218 725 10
218 310 9
219 308 12
219 252 8
44 219 15
219 677 14
133 219 13
19 220 12
220 339 8
220 271 12
208 220 11
190 220 9
221 399 10
221 573 9
77 221 11
221 333 7
181 221 7
221 643 11
222 741 8
222 618 12
119 222 12
222 557 11
222 623 7
223 314 13
204 223 13
223 294 10
223 342 13
223 382 9
122 224 11
224 444 10
224 328 11
224 674 10
92 224 10
225 578 7
225 657 9
225 464 12
116 225 8
226 491 11
172 226 10
226 426 9
226 583 12
227 272 11
227 674 13
227 302 10
227 285 10
227 381 10
227 416 7
138 228 12
228 515 9
228 650 8
229 355 8
229 376 7
229 476 10
229 381 7
229 288 10
129 230 12
230 625 10
230 319 9
230 394 9
230 292 9
231 663 14
47 231 10
231 546 8
231 356 13
231 424 10
232 331 14
170 232 11
138 232 10
207 232 11
118 232 9
232 405 10
233 659 8
51 233 7
233 650 11
233 512 14
233 361 12
233 496 11
128 234 9
234 454 11
234 661 8
234 485 10
30 234 8
205 234 12
235 407 10
36 235 9
233 235 11
31 235 11
148 235 11
235 459 10
236 705 9
39 236 11
105 236 7
236 729 12
236 709 14
72 236 13
237 289 10
237 370 10
137 237 11
237 518 13
40 238 12
238 659 13
238 675 10
235 238 9
238 306 9
106 238 9
239 401 9
239 375 14
239 386 12
187 239 7
240 748 8
240 661 11
163 240 11
241 722 10
241 431 10
117 241 11
241 679 12
200 241 11
241 526 12
242 528 9
213 242 13
242 677 7
242 557 9
243 427 12
243 444 14
243 250 11
243 700 11
33 243 10
243 338 7
244 472 9
244 503 9
244 562 13
244 327 9
46 244 11
69 244 11
245 428 11
245 352 12
161 245 13
245 440 12
44 245 7
246 503 11
246 353 10
246 665 12
202 246 10
65 247 10
247 685 11
247 285 12
247 655 12
247 439 8
248 563 10
248 283 11
237 248 10
248 619 11
136 249 12
249 422 11
249 710 8
211 249 13
249 359 16
250 626 11
250 660 7
162 250 10
101 250 6
250 634 10
204 250 10
251 437 9
127 251 8
251 637 9
251 370 10
251 496 10
48 252 8
62 252 9
252 738 11
252 285 11
252 349 9
253 395 11
253 361 12
253 671 10
123 253 10
253 543 13
254 396 11
254 519 9
83 254 9
254 652 10
254 576 9
254 622 14
255 330 9
170 255 9
255 544 9
255 661 13
255 419 10
255 418 14
81 256 13
256 696 9
256 589 9
256 622 6
256 658 10
257 731 12
257 564 10
257 724 9
257 693 11
257 491 10
243 257 10
160 258 11
258 316 10
258 524 14
258 616 12
258 406 10
259 582 10
16 259 13
87 259 9
155 259 11
259 693 11
260 551 11
260 518 11
260 611 11
261 691 7
96 261 10
261 438 12
261 271 9
261 716 8
261 562 13
262 566 11
262 327 10
241 262 7
262 303 10
262 423 12
262 710 8
263 598 12
263 330 10
88 263 16
199 264 5
99 264 10
264 580 12
264 306 11
168 265 12
265 455 12
265 598 8
121 265 8
266 667 10
35 266 12
266 684 11
267 460 10
267 673 9
267 711 11
265 268 13
190 268 10
116 268 12
268 348 10
268 490 10
268 453 10
269 383 7
219 269 12
269 348 11
269 500 13
269 329 10
119 269 11
270 591 8
153 270 8
270 575 8
270 358 9
157 270 9
270 637 10
271 520 9
271 649 8
271 390 9
272 491 9
272 605 8
272 419 10
272 477 9
245 272 11
27 272 11
127 272 14
273 391 8
273 501 12
93 273 9
273 310 10
274 507 11
22 274 13
274 402 11
274 311 10
103 274 12
274 425 10
275 528 10
158 275 8
205 275 13
117 275 11
275 381 14
197 275 12
245 276 11
159 276 12
276 675 9
129 276 10
111 276 11
277 430 8
277 515 11
150 277 11
277 390 5
278 439 11
278 511 11
123 278 11
278 732 7
278 457 10
279 592 11
279 730 11
40 279 7
279 695 11
279 311 11
280 494 11
280 625 10
280 720 11
280 592 12
280 587 12
102 281 10
281 519 11
112 281 13
281 743 10
257 282 13
282 398 12
233 282 10
282 616 11
282 604 11
283 496 10
234 283 12
283 453 11
283 632 12
283 374 7
34 284 11
284 435 10
247 284 12
166 284 10
94 284 12
75 284 12
284 360 10
136 285 8
268 285 8
285 461 11
285 286 13
62 285 13
285 715 9
285 362 9
177 286 12
56 286 8
94 286 14
286 498 11
286 335 8
158 287 12
270 287 10
287 326 11
287 550 11
39 287 8
287 315 9
288 732 12
89 288 10
155 288 10
288 597 9
176 288 11
74 289 12
83 289 11
289 523 10
278 289 13
290 687 11
290 308 8
290 459 8
290 550 8
35 290 7
30 291 8
196 291 7
291 442 9
291 369 11
291 597 10
292 521 9
132 292 10
292 436 14
69 292 15
292 439 15
20 293 13
293 697 9
280 293 11
293 570 11
293 360 15
294 370 12
294 632 12
16 294 10
269 294 10
294 562 8
295 564 11
295 720 12
295 502 6
157 295 8
295 310 9
295 484 8
296 407 9
296 630 11
296 564 8
46 296 11
109 296 9
195 297 12
182 297 12
94 297 11
297 373 9
298 302 10
298 351 10
298 345 10
298 483 10
298 438 16
168 298 12
158 299 9
299 579 11
299 746 11
299 428 9
299 517 9
72 299 9
299 518 10
300 594 13
86 300 11
300 475 10
129 300 13
300 512 10
300 367 11
73 301 9
301 716 9
301 396 9
16 302 11
302 465 9
302 690 13
54 302 12
132 302 14
282 303 8
303 507 14
303 714 9
3 304 8
300 304 5
304 350 11
304 559 9
305 531 11
232 305 12
305 677 10
305 550 10
221 305 13
255 305 13
306 612 10
52 306 10
51 306 13
306 373 9
306 513 11
119 307 8
270 307 11
307 679 11
307 449 13
307 399 9
308 325 7
308 395 12
305 308 11
308 605 10
308 375 13
308 617 11
184 309 6
229 309 10
309 427 9
309 551 9
246 310 10
3 310 10
256 310 11
310 588 8
310 590 11
112 310 9
311 423 7
292 311 8
311 671 13
311 387 9
45 311 10
312 335 13
312 502 6
312 469 9
312 320 12
312 677 11
312 652 11
313 733 7
18 313 10
313 380 10
167 313 12
314 441 8
274 314 8
314 418 11
260 314 11
104 314 7
314 455 12
257 314 8
315 449 13
315 529 9
29 315 15
288 315 10
315 702 12
315 378 12
316 465 12
18 316 7
99 316 10
143 316 10
317 575 10
317 603 14
77 317 13
317 348 10
23 317 8
318 476 12
64 318 15
318 612 9
318 329 8
318 447 8
319 562 10
319 508 12
319 383 9
319 421 13
319 446 13
157 320 13
320 453 9
320 646 12
320 596 11
320 472 11
127 320 11
69 321 11
321 468 11
321 416 8
35 321 12
192 322 10
134 322 9
322 526 11
231 322 11
322 456 9
82 322 9
153 323 10
37 323 10
323 607 8
323 420 13
1 323 8
233 323 9
324 425 12
165 324 14
324 615 9
324 360 13
199 325 11
117 325 9
325 707 10
325 623 10
315 325 8
326 554 10
326 398 8
215 326 13
211 326 13
326 624 12
145 327 13
327 556 11
306 327 8
196 327 15
327 660 14
252 328 10
113 328 13
328 529 13
328 655 10
172 328 11
42 328 11
329 560 11
288 329 12
329 500 10
329 624 10
294 329 9
329 448 10
220 330 13
283 330 13
330 680 11
30 330 10
330 569 11
331 357 11
331 343 11
331 560 9
212 331 15
332 586 5
261 332 10
332 379 7
332 417 12
333 493 7
119 333 12
94 333 11
333 341 8
144 333 9
73 333 11
333 397 12
211 334 10
19 334 9
100 334 8
114 334 13
250 334 9
211 335 15
69 335 9
335 471 11
335 447 9
305 336 11
84 336 13
195 336 9
336 439 12
125 337 12
337 626 11
337 742 12
262 337 12
337 605 7
71 337 14
268 338 11
146 338 15
157 338 8
338 348 11
265 339 11
25 339 8
14 339 8
11 339 13
339 402 10
339 577 12
340 686 9
213 340 11
340 363 8
210 340 12
253 340 8
341 463 12
341 421 11
128 341 9
341 655 9
332 341 10
285 341 9
306 341 8
342 607 13
286 342 11
318 342 12
342 549 11
342 527 12
343 554 11
181 343 13
224 343 13
160 343 13
133 344 12
2 344 11
344 726 10
29 344 12
344 358 13
345 477 13
345 699 10
345 678 10
345 472 11
345 421 10
345 485 8
199 346 10
346 586 10
346 699 7
100 346 10
346 557 14
138 347 10
235 347 12
164 347 7
332 347 12
341 347 12
348 615 10
348 614 10
161 348 11
348 688 8
307 348 11
176 349 14
211 349 9
349 396 7
349 611 7
349 503 7
119 349 13
350 398 10
350 645 11
350 406 12
237 350 10
77 351 13
80 351 10
351 645 7
351 529 11
76 351 10
251 352 7
131 352 9
352 696 8
148 352 8
124 352 9
197 353 12
329 353 12
164 353 13
82 353 14
353 617 9
222 353 11
354 649 8
354 606 14
354 534 12
354 503 11
354 603 11
355 624 12
148 355 7
355 648 12
355 734 8
356 588 10
283 356 9
183 356 11
357 556 13
357 518 12
357 358 8
357 387 9
357 454 11
358 366 12
358 678 9
204 358 11
358 719 12
71 359 12
359 692 11
242 359 11
132 359 9
199 360 10
340 360 11
360 426 8
352 360 12
216 360 10
361 543 10
226 361 10
69 361 9
361 455 10
337 361 11
362 634 11
362 385 11
362 579 12
362 537 13
362 483 5
362 412 8
363 696 7
348 363 10
363 657 9
363 720 10
363 503 9
145 363 8
363 414 12
364 718 11
320 364 13
364 391 9
178 364 11
365 732 12
276 365 12
355 365 11
260 365 11
365 494 11
366 602 14
140 366 13
186 366 10
282 366 14
366 633 12
366 533 8
366 619 9
185 367 12
367 658 11
367 442 15
335 367 9
368 738 12
175 368 12
368 601 10
368 592 13
368 671 12
262 368 12
288 369 9
265 369 12
369 487 9
180 369 11
35 370 10
131 370 13
370 659 12
370 742 12
284 371 7
118 371 11
142 371 14
48 371 10
323 371 11
372 537 11
274 372 12
372 552 11
372 399 12
226 372 10
117 373 12
5 373 12
373 500 7
67 373 7
374 611 10
90 374 9
125 374 7
26 374 8
362 374 8
374 741 8
194 374 8
375 646 11
375 669 12
375 533 10
238 375 11
85 375 11
376 625 11
351 376 10
376 409 10
215 376 9
376 520 12
334 377 11
87 377 12
335 377 8
377 459 8
27 377 10
378 730 12
378 692 12
263 378 12
378 716 11
378 656 11
148 379 14
379 626 9
379 666 14
289 379 9
379 627 12
272 379 10
380 738 9
376 380 9
380 742 11
151 380 11
381 473 11
381 596 9
381 654 8
381 549 7
381 430 10
382 665 12
382 609 8
382 745 10
137 382 11
275 382 14
36 383 9
383 454 10
383 516 12
383 517 12
383 417 7
383 441 14
384 405 9
214 384 9
384 606 8
26 384 9
384 591 13
111 384 14
385 530 9
258 385 15
335 385 12
385 666 13
84 385 9
385 674 7
386 580 12
271 386 8
386 552 5
230 387 8
387 593 14
167 387 9
47 387 13
51 387 11
388 566 10
13 388 12
388 492 12
386 388 9
380 388 9
385 389 8
389 562 14
389 414 12
179 389 11
85 390 6
138 390 11
75 390 7
390 574 15
391 731 15
391 426 9
391 522 9
294 391 13
213 391 12
211 392 7
392 706 11
392 584 10
82 392 12
347 392 8
392 491 8
159 393 12
47 393 13
288 393 10
393 599 12
325 393 10
328 394 13
394 555 13
394 511 7
394 466 8
394 438 8
395 537 7
395 580 7
108 395 11
395 562 12
395 543 11
396 742 9
360 396 6
396 462 10
271 396 7
157 397 10
397 412 11
397 425 10
173 397 10
335 397 9
398 520 6
76 398 14
398 517 7
84 398 8
398 727 5
399 679 13
22 399 12
399 724 11
399 569 9
399 439 13
37 400 11
50 400 10
400 558 11
400 506 15
52 400 11
232 400 5
359 401 14
401 719 8
258 401 12
401 428 14
315 401 12
401 439 9
114 402 9
83 402 6
402 403 13
402 499 10
166 402 13
332 403 5
403 680 8
368 403 14
150 403 11
403 515 14
403 474 10
269 404 12
404 710 12
122 404 9
246 404 12
106 404 10
405 416 13
405 488 12
405 571 10
405 624 11
94 406 11
232 406 9
406 697 9
322 406 11
406 618 11
406 650 10
250 407 12
157 407 10
81 407 12
371 407 11
407 671 9
408 483 11
295 408 13
234 408 11
408 476 11
408 734 13
409 460 11
193 409 13
409 497 11
322 410 10
410 703 9
410 509 12
41 410 8
410 433 10
410 516 10
279 411 8
411 421 8
411 540 11
41 411 13
175 411 11
93 411 10
412 749 11
192 412 10
270 412 7
178 412 8
412 509 8
413 447 8
120 413 10
343 413 11
330 413 9
6 413 9
414 610 8
308 414 9
97 414 11
72 414 8
194 414 12
415 574 13
52 415 10
384 415 11
415 478 13
415 653 10
416 436 8
275 416 6
416 652 12
412 416 7
197 416 7
416 427 10
313 417 11
133 417 13
171 417 12
167 417 11
417 550 15
109 417 9
418 425 13
400 418 11
418 467 10
418 717 12
40 418 10
419 696 11
399 419 9
419 473 10
419 666 11
419 699 9
178 420 11
420 524 11
420 553 14
6 420 11
420 526 9
420 484 9
359 421 12
87 421 13
176 421 15
168 421 8
422 704 8
422 461 12
230 422 11
19 422 12
413 423 9
248 423 9
423 614 11
367 423 14
424 700 9
424 679 11
424 743 13
147 424 13
424 479 10
424 593 11
223 425 12
425 487 9
425 453 11
336 425 12
117 426 12
91 426 5
373 426 12
204 426 9
426 583 11
87 427 10
14 427 7
427 601 10
73 427 8
295 427 11
428 673 10
187 428 11
228 428 11
338 428 12
178 428 11
391 428 9
415 429 13
222 429 11
279 429 13
355 429 11
138 430 11
83 430 11
153 430 15
430 691 13
242 431 11
338 431 9
371 431 11
431 436 9
431 458 10
429 431 12
432 576 14
432 583 12
432 611 10
19 432 15
88 432 9
432 646 10
433 571 11
252 433 9
235 433 10
84 433 13
434 583 13
434 510 11
208 434 8
427 435 7
127 435 7
259 435 8
138 435 12
163 435 8
264 436 13
436 466 11
436 474 8
79 436 9
436 547 10
122 437 9
204 437 12
185 437 12
437 712 9
438 582 10
115 438 12
438 735 10
278 438 12
308 438 10
106 438 8
283 438 11
438 634 10
439 653 11
42 439 11
40 439 13
412 439 11
149 439 8
440 465 10
195 440 8
440 613 10
42 440 11
128 441 12
317 441 8
250 441 13
147 441 12
77 441 13
11 441 11
263 442 12
442 691 9
379 442 12
391 442 8
84 442 10
266 443 10
382 443 9
401 443 14
226 443 8
443 720 12
11 443 10
136 444 14
444 500 12
444 734 8
444 679 11
444 538 5
199 444 10
115 445 9
8 445 9
445 745 9
244 445 8
160 445 11
446 661 8
446 725 14
446 527 12
68 446 15
446 463 12
217 447 10
368 447 13
119 447 11
100 447 8
447 560 11
448 713 12
448 542 8
389 448 10
323 448 8
449 604 12
384 449 12
125 449 11
114 449 7
450 692 13
436 450 12
213 450 11
194 450 15
450 529 10
101 451 10
451 508 13
402 451 13
23 451 12
102 451 10
46 451 8
452 464 7
320 452 12
402 452 13
85 452 11
452 671 9
453 688 13
453 655 13
453 550 11
453 535 11
106 453 10
269 453 10
454 507 9
454 490 7
5 454 9
450 454 14
454 596 10
454 539 12
454 731 11
418 455 14
399 455 7
297 455 9
147 455 11
456 614 8
456 488 9
153 456 6
456 729 16
145 457 10
457 654 9
194 457 12
450 457 9
390 457 9
458 690 12
458 659 13
382 458 12
77 458 8
459 488 12
219 459 9
144 459 13
459 463 10
459 748 8
459 535 14
460 677 12
460 510 9
460 505 15
15 460 7
174 461 10
461 747 9
108 461 13
188 461 13
390 461 13
462 620 10
415 462 11
248 462 14
336 462 9
11 463 12
463 473 11
463 484 11
463 716 10
157 463 8
45 463 13
209 464 14
315 464 10
175 464 12
464 676 10
465 584 9
465 722 9
149 465 12
108 465 10
294 465 12
148 466 11
138 466 12
466 651 10
270 466 10
467 722 13
10 467 9
360 467 8
467 699 8
467 595 9
245 467 10
468 548 11
468 532 10
468 575 12
468 615 10
468 501 14
215 469 12
469 516 11
385 469 13
469 651 12
74 470 8
350 470 7
306 470 10
8 470 10
471 538 13
19 471 12
300 471 9
113 471 12
315 471 10
467 471 6
454 472 11
115 472 12
472 688 11
128 472 9
133 472 10
334 472 10
157 473 10
41 473 16
204 473 9
473 662 11
165 473 10
417 473 11
290 473 12
82 474 10
474 619 12
474 725 11
14 474 12
315 474 10
199 474 15
10 474 10
57 475 10
188 475 13
90 475 10
19 475 14
437 476 13
216 476 11
299 476 10
476 583 10
477 639 8
443 477 10
314 477 12
213 477 10
324 477 14
478 649 13
340 478 13
19 478 13
478 559 11
478 515 6
479 588 9
253 479 9
75 479 8
274 479 10
480 673 11
193 480 11
126 480 8
267 480 14
184 480 8
480 611 12
481 622 9
374 481 13
169 481 8
72 481 11
351 482 11
112 482 10
482 640 9
482 628 9
18 483 8
27 483 10
294 483 8
483 610 10
483 647 11
483 580 10
175 484 12
106 484 10
419 484 8
38 485 14
485 553 8
444 485 8
485 641 11
313 485 10
485 633 14
413 486 10
404 486 10
486 695 11
486 512 11
487 710 11
24 487 13
460 487 8
481 487 11
140 488 13
489 744 10
286 489 13
429 489 9
489 678 12
459 489 8
490 628 10
85 490 12
135 490 8
253 490 10
189 490 10
35 490 11
490 539 10
491 523 15
321 491 8
219 491 7
399 492 12
189 492 12
492 661 9
492 597 9
275 493 13
154 493 10
493 651 12
493 686 11
494 502 11
67 494 14
423 494 13
8 494 12
401 494 10
469 495 13
495 534 12
189 495 11
495 659 12
495 624 12
496 616 12
455 496 8
496 548 10
217 496 14
496 735 13
287 497 13
497 539 12
224 497 12
460 497 8
93 497 10
497 561 11
59 497 9
139 498 11
498 666 11
498 584 11
383 498 12
498 534 11
498 624 13
216 499 11
252 499 12
406 499 13
136 499 10
321 500 9
25 500 12
500 632 11
500 609 15
410 500 8
410 501 11
501 534 9
401 501 9
321 501 9
461 502 8
238 502 7
195 502 12
345 503 7
136 503 10
503 629 12
263 503 9
99 503 7
503 509 11
91 504 8
504 636 11
360 504 10
153 504 10
504 572 11
439 504 9
37 505 12
146 505 13
310 505 11
440 505 8
438 505 12
506 672 10
309 506 9
469 506 7
34 506 10
84 506 14
149 507 12
208 507 9
478 507 10
473 507 7
507 586 10
183 507 10
163 507 11
337 507 12
62 508 10
508 690 12
262 508 11
508 747 10
92 508 12
125 509 9
509 623 11
509 516 12
326 509 8
329 509 10
278 510 13
510 522 6
510 550 7
293 510 12
510 634 9
286 511 10
472 511 8
511 650 12
22 511 9
81 512 13
117 512 11
512 513 16
461 512 12
378 513 7
513 654 11
513 606 9
145 513 11
513 528 9
303 513 13
1 514 8
514 603 11
19 514 11
205 514 12
514 693 9
211 515 9
515 605 8
515 655 8
515 573 11
127 515 15
200 516 8
10 516 7
516 647 11
249 516 8
332 517 11
517 602 10
166 517 8
517 693 10
322 517 11
33 518 11
518 542 9
383 518 11
193 518 13
78 518 8
519 677 6
382 519 13
130 519 9
520 742 12
520 697 7
32 520 8
264 520 9
259 521 10
396 521 13
190 521 10
107 521 13
521 529 12
521 719 15
522 574 11
522 605 13
328 522 11
522 589 12
302 522 10
523 714 8
452 523 10
523 559 10
137 523 9
523 704 6
236 524 10
524 621 6
431 525 11
104 525 9
177 525 12
14 525 10
526 717 12
526 544 14
526 576 12
171 526 9
380 526 11
527 532 12
527 596 12
171 527 10
245 527 13
527 623 9
166 528 9
249 528 11
528 570 8
281 528 14
63 528 5
428 528 14
458 528 12
288 529 11
342 529 11
529 597 7
530 624 6
530 628 9
433 530 11
106 530 14
498 530 10
531 707 9
531 600 11
531 688 10
117 531 13
531 749 9
8 531 10
532 653 10
333 532 13
532 638 11
222 532 11
479 532 11
233 533 11
533 734 7
440 533 8
533 679 8
363 534 14
119 534 8
221 534 9
319 534 12
534 585 13
534 571 9
58 535 10
156 535 8
522 535 10
535 537 8
536 728 8
536 659 8
536 671 9
353 536 9
536 617 10
349 536 10
532 537 9
242 537 10
537 546 10
420 537 11
151 537 8
374 537 14
423 538 8
538 664 13
538 674 10
326 538 10
538 571 8
247 539 10
315 539 11
539 608 7
539 733 10
539 737 11
265 539 7
540 564 8
187 540 7
351 540 10
449 540 9
131 540 8
506 541 9
541 604 15
531 541 14
541 660 11
541 616 9
380 542 11
66 542 9
542 630 11
473 542 10
542 622 10
542 664 15
167 542 7
133 543 12
376 543 9
220 543 13
543 576 15
239 543 9
544 712 8
158 544 9
358 544 11
544 560 13
7 545 11
545 612 8
533 545 12
116 545 8
78 545 12
144 545 11
546 645 11
13 546 9
546 547 8
478 546 13
41 547 13
496 547 8
547 705 12
547 699 10
151 547 8
547 586 9
153 547 7
476 548 8
436 548 9
232 548 8
446 548 9
225 549 10
156 549 12
413 549 12
479 549 9
70 549 9
509 549 7
550 597 12
161 550 7
550 562 13
550 668 13
469 550 10
519 550 12
45 551 13
551 687 15
402 551 11
416 551 11
551 628 9
292 552 11
199 552 10
276 552 9
552 747 12
140 552 10
552 736 9
208 553 8
378 553 10
553 705 9
152 553 15
357 553 8
204 553 13
525 554 7
385 554 13
215 554 13
554 573 11
554 681 9
505 555 14
398 555 12
33 555 12
555 723 11
320 556 9
237 556 10
63 556 10
248 556 11
405 556 10
557 580 8
279 557 11
547 557 11
479 557 10
557 559 12
137 558 13
364 558 12
181 558 12
445 558 10
391 558 11
201 558 13
182 559 7
559 693 12
142 559 9
329 559 10
147 559 12
518 560 11
70 560 11
560 679 11
560 739 8
472 560 10
561 748 11
325 561 11
496 561 7
114 562 8
310 562 10
386 562 13
168 562 13
323 562 7
562 595 13
178 563 12
190 563 7
198 563 11
563 726 9
499 563 10
20 564 13
53 564 6
564 740 11
290 564 14
565 708 8
261 565 10
256 565 12
565 694 11
405 565 12
566 615 10
180 566 12
326 566 11
566 644 10
404 566 11
566 620 9
567 713 11
467 567 8
567 627 11
567 661 9
316 567 13
490 567 14
568 590 9
568 663 10
201 568 12
568 708 11
390 569 10
569 719 9
0 569 10
569 669 7
510 570 12
570 734 7
51 570 13
287 570 13
128 570 10
571 608 6
347 571 10
550 571 11
175 571 8
572 699 10
141 572 10
572 637 12
27 572 14
212 573 13
573 657 9
573 647 11
573 702 10
54 573 8
389 574 7
167 574 9
574 665 15
574 658 8
194 574 9
524 574 16
424 575 13
564 575 12
485 575 8
128 575 11
46 575 11
24 576 12
67 576 11
461 576 7
577 692 9
112 577 11
577 702 10
452 577 10
33 577 9
372 578 7
356 578 12
416 578 8
578 609 14
151 578 11
531 578 11
331 579 11
579 721 12
282 579 10
579 621 11
43 579 10
435 580 10
349 580 8
519 580 14
287 580 10
380 580 12
226 581 10
581 593 13
581 611 8
581 656 9
448 582 14
355 582 9
284 582 12
299 582 10
520 582 11
399 583 9
80 583 11
84 583 10
119 583 12
147 583 11
164 584 12
78 584 13
503 584 10
511 584 10
314 584 12
373 584 15
585 681 11
585 641 12
530 585 9
287 585 15
543 585 13
586 620 14
408 586 9
137 586 12
99 586 11
586 731 7
536 586 9
516 587 6
26 587 11
0 587 12
78 587 8
245 588 9
588 711 11
587 588 12
117 589 7
589 741 9
135 589 13
589 597 10
40 590 12
314 590 12
321 590 11
225 590 11
590 733 7
78 591 10
205 591 10
86 591 8
311 591 10
591 608 10
84 591 7
529 592 9
499 592 12
344 592 12
289 593 10
587 593 10
593 606 12
593 632 10
96 594 10
594 727 9
225 594 11
509 594 11
594 704 9
22 595 13
38 595 14
390 595 6
595 644 13
250 596 9
585 596 13
596 740 11
129 596 11
521 596 10
568 596 11
293 597 13
597 619 9
296 597 12
370 597 8
359 597 10
377 598 12
511 598 9
174 598 9
152 598 9
436 598 8
119 598 10
599 665 10
599 675 12
599 646 13
122 599 12
518 599 9
599 672 10
600 658 7
600 618 12
140 600 9
550 600 14
132 600 8
209 601 9
601 669 10
309 601 8
445 601 12
505 601 14
242 602 12
563 602 8
244 602 10
602 679 13
602 723 11
212 602 11
301 603 13
323 603 9
365 603 9
603 636 10
255 603 14
46 604 10
53 604 11
383 604 10
604 662 10
503 605 14
248 605 11
22 605 12
38 605 9
489 605 9
556 605 11
606 739 10
179 606 9
606 705 11
606 669 13
299 607 8
160 607 11
497 607 7
129 607 11
517 607 8
145 608 7
532 608 9
608 687 12
430 608 8
572 609 11
348 609 11
464 609 9
32 609 12
610 655 12
610 681 9
610 630 8
526 610 11
607 610 11
611 746 9
315 611 12
217 611 12
567 611 12
538 611 13
82 611 13
330 612 11
277 612 15
612 653 10
506 612 13
257 612 9
161 613 9
471 613 11
389 613 11
613 709 12
308 613 14
81 613 10
343 614 14
30 614 11
465 614 12
336 614 13
329 614 7
615 688 13
615 686 12
407 615 11
401 615 12
616 710 8
616 705 9
183 616 9
532 617 11
617 743 7
346 617 12
75 617 12
298 618 9
278 618 9
402 618 10
192 618 13
569 618 11
67 619 11
619 652 12
579 619 8
122 619 11
383 620 14
620 719 14
325 620 13
470 620 9
141 620 12
620 680 10
54 621 8
338 621 8
14 621 7
256 621 10
433 622 16
622 693 8
230 622 10
588 622 9
64 622 8
386 623 9
600 623 11
144 623 11
546 623 11
318 623 7
285 624 11
65 624 12
243 624 12
581 624 8
624 715 13
546 625 12
472 625 10
340 625 9
250 625 11
16 626 12
413 626 9
104 626 6
139 626 11
626 663 8
57 626 14
174 627 12
627 628 12
358 627 14
627 676 8
562 628 13
130 628 7
94 628 7
406 628 12
141 629 10
395 629 12
89 629 12
39 629 11
393 629 12
350 629 11
560 630 10
630 743 8
630 724 12
305 630 9
630 685 11
472 631 12
631 740 13
593 631 14
268 631 9
217 631 9
476 632 9
518 632 10
245 632 11
551 632 10
632 713 11
283 633 9
459 633 12
426 633 11
633 704 10
8 634 11
567 634 13
634 653 14
309 634 10
450 635 3
549 635 11
112 635 8
597 635 12
486 635 11
292 636 10
52 636 13
636 644 12
567 636 12
122 636 16
228 637 11
611 637 12
402 637 7
439 637 11
637 703 8
622 638 8
375 638 6
91 638 9
14 638 10
0 639 11
423 639 13
198 639 10
639 749 12
640 695 11
320 640 10
366 640 11
579 641 11
134 641 9
124 641 12
460 641 8
641 653 11
449 642 9
591 642 12
67 642 10
642 747 9
173 642 11
141 643 13
228 643 10
198 643 10
355 643 11
498 643 14
112 644 13
100 644 10
403 644 12
250 644 11
180 644 11
493 644 9
645 716 8
204 645 12
398 645 11
485 645 13
538 645 13
400 645 7
252 646 12
646 656 10
230 646 13
42 646 7
591 647 8
487 647 12
434 647 11
89 647 12
183 647 12
626 648 11
648 692 14
181 648 12
639 648 11
101 648 14
14 649 11
649 689 9
468 649 14
516 649 12
557 649 10
650 732 11
344 650 9
71 650 8
532 650 8
374 651 9
651 739 15
314 651 11
383 651 9
651 724 6
181 651 10
296 652 10
652 740 11
178 652 11
530 652 10
495 652 11
430 652 11
197 653 10
626 653 8
653 655 15
424 653 10
236 653 12
283 654 12
290 654 13
461 654 8
618 654 12
655 744 12
270 655 11
136 655 12
655 689 12
510 655 7
18 656 11
469 656 10
409 656 8
571 656 7
353 656 13
503 656 11
495 656 8
128 657 11
349 657 14
184 657 11
508 657 12
213 657 7
477 658 14
650 658 8
149 658 8
658 740 10
573 659 10
659 691 15
496 659 11
391 659 10
85 659 14
317 660 11
630 660 8
570 660 14
298 660 13
542 660 10
430 660 12
383 661 12
293 661 11
111 661 11
96 661 12
288 661 14
561 662 10
501 662 7
92 662 11
308 662 8
570 662 7
309 663 9
26 663 10
60 663 12
663 664 10
602 663 8
251 663 7
415 663 14
568 664 15
115 664 10
459 664 13
33 664 13
664 714 12
521 665 13
320 665 12
327 665 10
665 713 7
49 665 10
436 666 11
10 666 10
126 666 13
666 708 10
310 666 9
241 667 10
635 667 13
627 667 10
343 667 8
305 667 13
463 668 10
139 668 9
535 668 13
434 668 13
310 668 11
148 668 17
154 669 12
563 669 11
313 669 14
83 669 11
47 669 8
170 670 9
96 670 12
670 701 12
670 717 9
584 670 11
620 671 12
35 671 9
421 671 10
230 672 11
165 672 11
72 672 10
500 672 9
672 712 10
363 672 11
278 673 12
668 673 8
144 673 12
450 673 14
521 673 9
87 673 9
589 674 8
305 674 9
463 674 10
674 693 9
112 674 11
390 675 10
321 675 10
472 675 10
356 675 11
676 743 12
563 676 12
579 676 10
166 676 15
497 676 10
35 677 10
269 677 9
435 677 10
52 677 10
627 677 11
206 678 9
170 678 12
123 678 10
355 678 10
456 679 15
502 679 7
675 679 12
213 679 11
508 679 12
501 680 8
680 708 12
644 680 8
535 680 12
219 681 9
681 748 10
681 713 12
284 681 10
23 681 10
518 682 11
438 682 13
375 682 11
556 682 13
8 683 8
683 719 8
584 683 14
233 683 10
431 683 8
668 683 11
623 684 10
667 684 10
296 684 11
114 684 11
286 684 15
32 685 11
204 685 9
385 685 12
78 685 13
655 686 12
144 686 9
71 686 10
154 686 10
284 687 8
207 687 9
19 687 11
143 687 11
131 687 10
26 688 12
225 688 14
204 688 11
496 688 10
340 689 8
664 689 13
308 689 11
273 689 9
283 690 11
183 690 10
409 690 10
489 691 10
244 691 8
324 691 11
200 691 12
62 691 11
622 691 11
692 704 13
692 699 12
261 692 12
413 692 11
274 692 11
25 692 12
305 693 12
479 693 13
4 694 10
694 743 11
349 694 12
595 694 8
501 694 7
383 695 13
610 695 9
196 695 9
277 695 11
652 695 11
303 695 12
215 696 13
200 696 11
579 696 11
150 696 12
238 697 8
186 697 7
475 697 11
350 697 13
356 698 12
2 698 13
433 698 13
698 723 10
618 698 10
577 699 10
548 699 11
171 699 11
216 699 11
67 700 13
700 736 11
114 700 9
267 701 7
328 701 10
302 701 13
693 701 7
449 701 11
331 702 13
695 702 11
672 702 9
556 702 12
702 712 10
204 703 9
115 703 12
191 703 8
572 703 11
30 703 10
276 703 11
597 704 11
704 712 8
547 704 12
442 704 9
278 704 9
239 704 12
442 705 7
670 705 8
446 705 12
466 706 12
652 706 10
606 706 8
156 707 13
606 707 8
338 707 14
41 707 12
337 707 11
229 708 9
384 708 5
499 708 8
154 708 9
556 708 16
166 709 12
709 724 11
709 727 13
263 709 12
176 709 11
674 710 12
7 710 12
551 710 9
40 710 9
710 714 7
377 711 11
85 711 5
645 711 9
103 711 12
249 712 10
111 712 9
296 712 10
122 712 9
553 712 11
612 712 10
600 713 5
713 741 14
647 713 15
686 713 10
608 713 8
168 714 11
464 714 13
175 714 9
257 714 9
222 714 9
176 714 10
111 715 10
627 715 8
611 715 7
169 715 11
705 715 11
680 716 12
350 716 9
341 716 12
602 716 9
252 716 9
608 716 9
298 717 9
654 717 11
397 717 8
426 717 6
395 718 12
19 718 15
109 718 12
625 718 13
437 718 13
430 718 10
719 744 7
152 719 8
632 719 11
498 719 11
714 719 11
385 719 16
127 720 12
152 720 9
571 720 7
193 720 9
522 720 9
363 721 10
318 721 7
113 721 9
329 721 9
119 721 10
168 721 12
545 722 10
265 722 9
206 722 14
621 722 12
514 722 12
10 723 11
448 723 13
188 723 10
112 723 8
210 724 11
552 724 13
404 724 7
604 724 10
588 725 12
500 725 12
670 725 11
12 725 13
316 725 10
682 725 9
31 726 10
259 726 10
201 726 10
104 726 9
581 727 9
113 727 11
217 727 15
390 727 9
277 727 10
257 728 10
407 728 11
416 728 7
93 728 12
476 728 6
3 728 9
229 729 11
471 729 8
277 729 12
56 729 14
718 729 9
563 730 10
190 730 14
125 730 13
443 730 8
332 730 14
356 731 8
78 731 12
128 731 11
431 731 12
471 731 8
269 732 9
178 732 9
131 732 9
580 732 10
92 733 12
433 733 11
582 733 11
327 733 12
271 733 9
249 733 14
690 734 10
212 734 10
432 734 14
261 734 8
341 734 8
397 735 11
571 735 10
601 735 9
486 735 8
380 736 8
550 736 7
52 736 11
279 736 12
274 737 6
72 737 13
444 737 8
164 737 14
16 737 16
209 738 3
170 738 10
331 738 8
706 738 13
344 739 9
739 745 11
166 739 14
222 739 11
147 739 10
140 740 10
582 740 12
709 740 9
678 740 9
338 740 12
27 741 13
688 741 9
396 741 13
437 741 10
628 741 9
604 741 6
240 742 7
659 742 10
141 742 10
343 742 9
472 743 13
399 743 11
626 743 11
159 743 10
623 743 11
236 744 9
629 744 8
661 744 7
177 744 10
300 744 9
471 745 10
7 745 9
467 745 14
531 745 9
84 745 12
28 745 16
658 746 12
214 746 11
513 746 11
27 746 11
316 747 13
506 747 14
65 747 15
436 747 14
76 747 12
256 747 13
370 748 7
532 748 7
315 748 11
679 748 7
716 749 11
3 749 11
617 749 8
336 749 10
238 749 8
