750
0
8
8
5
3
5
7
4
8
9
10
1
6
7
4
1
2
8
9
7
9
5
10
7
10
7
3
7
4
5
3
9
2
3
6
7
5
3
7
4
6
8
2
1
4
6
4
2
9
3
5
4
3
4
8
4
9
2
9
2
4
9
6
2
5
2
6
8
9
3
8
7
7
1
7
7
2
4
2
1
8
4
10
6
3
8
5
1
2
4
9
6
3
9
2
1
10
7
4
10
5
9
4
2
6
5
9
6
3
8
10
2
2
4
7
1
4
10
4
6
7
10
7
9
10
6
6
7
6
4
5
5
1
8
4
3
7
2
3
4
6
6
5
5
4
5
6
3
7
6
8
5
10
6
2
4
4
4
3
8
10
4
4
7
6
2
7
10
1
2
6
2
6
6
1
2
8
7
8
2
7
6
8
7
6
5
5
10
9
5
5
6
4
5
1
9
10
1
7
8
7
4
1
3
6
6
10
2
2
8
5
6
3
5
3
3
8
5
5
9
9
4
4
5
2
9
7
6
1
10
10
6
8
10
4
3
6
10
7
10
7
9
7
8
9
4
10
4
2
9
2
3
8
4
4
3
4
9
3
8
4
9
10
2
3
5
6
9
1
10
8
2
4
3
9
6
5
6
4
7
10
9
5
2
4
6
6
9
4
1
8
3
5
6
2
8
1
6
2
8
6
10
4
8
5
2
7
6
5
6
7
5
3
7
2
10
1
8
9
4
8
7
3
2
3
10
2
7
6
9
5
2
6
4
8
10
7
5
9
9
3
3
5
9
7
8
6
2
2
2
7
4
4
6
3
2
1
2
4
4
7
3
4
9
3
5
2
4
10
1
7
4
9
5
7
6
3
3
5
7
10
7
9
7
3
4
2
4
8
4
6
5
4
6
1
5
4
4
1
10
2
1
5
5
4
7
5
5
9
2
2
2
5
8
3
2
1
1
6
3
3
10
10
8
6
2
10
8
7
9
2
6
3
9
8
2
9
9
3
9
8
8
9
9
4
1
9
3
1
7
2
10
3
5
3
8
6
1
5
1
9
2
7
8
1
4
8
3
2
1
7
8
5
2
8
3
6
2
8
7
6
9
2
7
3
8
7
10
6
1
4
2
6
5
3
7
4
4
6
3
9
9
7
8
10
8
8
6
6
1
7
2
2
4
7
1
6
9
4
7
6
10
10
9
1
8
6
4
3
4
10
6
7
2
9
10
8
2
5
6
5
5
6
5
6
1
4
6
2
2
7
2
1
6
8
9
9
5
2
4
2
4
6
6
3
7
1
7
4
2
4
9
3
9
10
4
5
4
10
8
2
3
10
8
1
2
6
5
4
4
10
1
3
7
9
10
2
5
6
9
8
2
3
10
6
4
6
2
4
4
10
2
7
2
2
5
5
4
9
3
3
5
8
9
5
8
2
9
6
1
7
5
6
9
2
3
8
6
9
4
9
3
4
7
4
3
5
5
2
10
6
2
10
4
1
3
3
5
5
5
4
7
3
8
3
2
9
6
5
6
2
4
9
3
7
8
5
5
6
9
3
7
8
6
3
3
2
4
5
7
5
8
3
4
3
2
3
6
4
9
7
8
1
7
9
8
6
9
8
4
10
3
4
6
5
3
4
8
9
8
4
4
9
2
4
8
4
8
10
4
4
5
5
8
5
9
7
6
6
5
10
6
2
2
9
2
8
6
7
8
0 296 15
0 31 11
0 502 8
1 298 11
1 699 11
2 286 12
2 593 11
3 30 8
3 501 14
4 605 13
4 136 13
4 498 9
5 139 10
5 293 10
5 272 12
5 24 14
6 77 10
6 576 11
6 660 10
6 74 13
7 307 7
7 634 11
8 241 9
8 519 9
8 510 12
9 421 13
9 66 10
9 556 11
10 219 9
10 275 9
11 244 10
11 163 10
11 506 15
12 698 8
12 149 10
12 622 11
12 469 7
13 216 12
13 277 9
13 256 7
13 53 14
14 179 8
14 731 12
14 723 9
14 391 9
15 279 13
15 732 10
15 361 9
16 485 13
16 386 11
16 360 13
16 711 10
16 553 8
17 381 13
17 195 8
17 363 10
17 193 12
18 363 9
18 476 12
18 176 7
18 519 8
18 324 13
19 698 10
19 450 10
20 167 11
20 148 12
20 487 9
20 261 10
21 296 7
12 22 11
22 192 8
23 363 13
23 437 10
23 403 13
23 404 13
24 447 9
8 24 11
24 78 10
25 180 11
25 731 11
25 129 11
25 690 8
26 449 10
26 463 10
26 45 9
27 170 10
27 148 13
27 160 10
28 124 12
28 180 9
28 725 13
29 576 6
29 150 12
30 254 11
30 520 9
30 656 9
30 555 9
31 704 11
31 306 11
1 32 10
32 301 10
32 547 13
33 596 12
33 523 11
33 742 11
33 86 15
34 702 11
34 47 14
35 733 10
35 195 7
36 410 11
36 457 10
36 679 8
36 374 6
37 527 10
37 221 14
38 549 12
38 333 9
38 484 10
38 60 7
39 389 11
39 575 10
39 354 11
39 398 9
40 286 12
40 352 8
40 191 11
41 663 14
41 197 10
41 579 13
42 43 11
42 502 14
42 679 10
42 727 10
42 383 8
43 151 12
43 369 10
43 154 14
44 471 7
44 494 11
44 116 11
45 323 8
45 221 10
46 603 10
27 46 12
47 281 10
47 339 9
48 446 11
48 151 8
49 684 11
50 454 9
50 286 13
50 717 12
51 602 10
5 51 11
52 554 8
40 52 8
52 465 8
53 636 10
53 608 12
54 356 11
38 54 8
54 393 11
55 96 15
55 565 13
55 500 8
56 181 8
56 483 9
56 243 10
56 251 9
57 730 10
57 512 9
20 57 10
57 496 14
58 614 14
58 455 13
58 688 7
58 709 8
59 135 12
59 99 10
60 697 9
60 195 8
60 231 11
60 74 7
61 568 7
61 544 8
62 392 10
62 688 8
62 319 10
63 400 10
63 260 12
6 63 14
64 276 8
64 192 11
12 64 9
64 310 12
65 702 6
65 193 9
66 507 8
66 455 14
67 363 11
67 664 14
68 79 11
68 505 8
68 238 9
68 319 11
5 69 9
69 614 9
69 463 12
69 288 13
70 82 7
70 139 14
70 136 13
70 516 11
71 644 11
71 143 8
72 640 8
72 650 12
72 680 12
73 500 8
73 693 9
74 435 8
74 78 9
52 74 11
75 149 12
75 474 11
75 199 12
75 157 12
76 283 9
76 350 13
76 220 10
77 308 12
77 320 12
77 322 8
77 693 12
2 77 13
78 637 13
78 245 10
79 684 11
79 586 12
79 335 10
80 175 11
80 221 13
58 81 8
81 240 11
81 474 9
82 129 13
83 685 9
83 549 13
83 409 5
83 164 11
83 538 11
49 84 15
84 483 8
60 84 12
85 582 12
85 642 7
85 652 12
86 649 10
86 309 10
48 86 12
87 320 8
87 291 9
87 502 11
79 88 14
88 468 14
31 88 9
88 196 10
88 148 10
75 89 8
89 402 11
89 533 10
90 676 11
90 399 14
90 654 11
90 544 8
91 617 10
91 612 10
91 650 11
91 183 9
92 491 13
92 126 11
10 92 10
93 302 8
50 93 9
93 468 13
93 431 11
94 398 12
94 312 9
94 546 13
94 425 10
95 297 12
95 359 11
95 257 10
91 96 9
29 96 8
96 737 12
97 565 9
97 671 10
98 364 8
98 273 10
98 591 11
99 451 10
25 99 13
100 165 9
100 561 8
16 100 7
101 642 11
101 517 9
102 225 10
26 102 13
102 660 14
102 686 9
103 519 8
103 383 12
79 103 9
104 407 12
104 478 9
104 500 13
105 111 11
106 429 13
106 526 12
107 465 10
107 563 12
107 682 9
107 391 11
107 587 12
107 544 13
108 304 7
108 319 11
108 401 9
109 548 12
109 258 10
109 677 13
110 614 14
110 364 9
110 121 12
111 332 13
93 111 11
65 112 10
0 112 12
112 284 9
113 357 11
113 291 8
113 304 12
114 651 10
114 288 9
114 210 11
115 125 10
103 115 11
116 148 10
116 552 9
116 290 14
78 117 11
86 117 12
82 118 11
109 118 8
118 586 12
118 279 13
93 119 11
83 119 10
119 298 10
120 340 10
16 120 13
120 625 10
113 121 11
121 413 7
121 266 8
122 696 10
122 713 10
122 620 11
122 602 12
6 123 12
123 418 14
99 123 10
124 137 13
124 354 12
124 183 11
124 604 13
125 619 12
125 290 12
125 395 16
126 274 8
126 636 13
62 126 10
127 548 13
127 675 9
127 134 8
127 297 12
128 610 12
128 284 11
128 544 7
128 405 10
129 626 12
129 403 9
72 129 10
129 572 8
81 130 9
130 747 9
64 131 10
131 450 10
131 364 12
40 132 12
132 214 12
132 262 12
133 227 9
133 416 9
133 165 12
133 720 8
134 220 13
134 361 9
134 334 11
134 285 11
39 135 9
3 136 13
136 689 8
136 715 14
18 136 8
137 364 10
137 692 10
137 740 12
137 624 10
137 160 12
138 466 11
138 605 9
138 661 7
138 254 10
139 707 12
139 519 9
139 183 10
140 484 10
140 633 9
140 282 13
141 157 11
142 525 13
40 142 9
143 432 11
91 143 11
124 143 12
143 575 11
12 144 12
144 192 11
144 327 10
144 600 13
55 145 10
145 584 9
145 525 11
145 507 9
146 732 5
146 527 9
36 146 11
147 390 11
147 602 9
147 367 14
148 474 10
148 248 11
24 148 11
7 148 15
149 462 13
149 518 12
150 594 8
150 247 8
26 151 11
151 340 7
151 379 9
151 172 13
152 263 7
152 446 13
89 152 14
16 153 8
75 153 9
153 653 9
153 402 9
154 200 7
154 446 9
155 454 13
155 345 10
155 439 10
156 391 10
156 570 13
156 274 12
157 199 9
157 193 11
157 401 9
157 374 13
158 496 10
158 522 10
158 622 11
29 159 8
159 662 14
159 689 9
160 259 13
160 216 11
160 222 10
160 324 8
161 457 12
161 747 9
161 318 9
97 162 11
162 513 11
163 387 13
163 336 10
163 434 7
164 235 11
164 263 9
165 507 11
165 653 9
165 589 11
166 368 11
166 522 11
167 439 11
167 515 8
168 434 13
92 168 10
168 306 9
169 567 10
170 197 11
170 359 10
5 170 14
171 530 8
171 733 10
171 727 10
157 172 14
119 173 7
173 407 12
173 321 10
173 719 11
174 607 11
174 203 10
174 426 10
174 294 9
175 712 13
98 175 11
175 506 13
176 350 12
177 182 12
177 187 8
178 644 11
153 178 10
178 701 10
178 555 9
179 658 10
179 202 10
179 570 14
180 410 13
180 728 14
180 331 9
181 394 10
181 694 10
182 436 9
182 527 8
182 497 12
117 182 11
183 558 11
183 375 9
183 437 10
184 191 10
184 411 10
115 184 11
185 412 11
186 233 13
186 605 12
187 655 11
187 609 11
187 639 11
188 627 10
188 608 8
188 708 11
189 251 14
13 189 9
190 651 10
190 231 13
158 191 15
191 389 10
191 448 9
191 506 8
192 656 10
23 192 11
193 722 10
193 380 9
104 193 10
193 535 12
194 333 10
194 227 10
194 485 13
151 195 10
195 460 11
196 372 13
196 257 12
114 196 11
197 231 17
197 225 10
198 373 8
198 451 12
198 314 12
198 477 7
199 682 10
199 468 6
161 199 13
36 200 10
200 361 9
200 560 9
77 201 10
201 218 8
201 576 11
202 502 17
202 242 9
203 207 7
203 383 11
203 362 14
203 234 8
197 204 9
204 578 9
205 626 9
205 637 8
205 303 13
1 205 9
206 321 11
206 525 9
34 207 13
208 414 9
123 208 14
208 287 12
208 512 5
14 208 9
209 732 12
210 229 11
210 612 10
210 461 10
211 655 13
211 627 9
141 211 8
211 682 11
211 327 9
30 212 11
212 582 10
212 671 8
213 530 11
213 590 11
214 716 11
214 490 7
214 613 10
215 510 14
215 480 10
215 476 13
216 388 10
216 668 9
86 217 10
189 217 7
19 217 14
218 349 12
218 287 10
218 668 10
219 505 10
220 737 10
220 743 8
162 220 14
221 512 11
209 221 13
221 571 9
222 516 8
196 222 11
111 222 11
223 533 10
223 506 13
79 223 10
224 634 8
224 505 9
224 252 9
26 225 7
225 460 11
226 576 8
113 227 10
227 728 8
227 675 11
227 589 11
228 297 11
228 281 11
228 276 13
229 569 13
229 723 10
230 492 7
230 517 13
67 230 13
231 235 11
32 231 10
172 231 10
92 231 12
232 466 8
35 232 8
233 645 9
233 562 12
233 612 9
216 233 14
234 590 11
226 234 8
234 444 8
21 235 10
235 699 10
9 235 9
235 628 11
236 420 13
236 448 7
27 236 7
205 236 13
95 237 13
237 709 9
232 237 12
238 258 13
238 257 12
239 681 9
239 656 9
193 239 12
240 366 7
240 341 11
240 507 7
56 241 10
209 242 9
242 376 7
242 738 11
243 441 11
153 243 11
243 524 11
49 244 10
244 605 8
52 244 11
201 244 11
244 578 9
21 245 12
245 278 11
245 285 12
245 642 4
246 306 11
246 475 10
246 441 11
247 685 11
247 274 11
247 551 9
181 248 10
98 248 8
248 439 10
249 469 11
140 249 8
249 346 7
250 548 9
251 719 10
247 251 7
251 354 12
144 251 13
212 251 8
251 416 12
35 252 12
252 577 10
252 442 11
253 368 10
120 253 11
253 591 10
253 658 11
119 254 9
132 255 10
255 493 11
225 255 12
141 256 10
226 257 8
201 257 11
257 657 7
257 631 7
52 258 12
158 258 12
258 446 9
191 259 12
173 259 9
259 713 9
260 642 11
260 623 13
260 659 10
260 493 10
261 424 9
95 262 9
249 262 13
175 262 11
263 371 12
263 577 12
87 263 11
97 264 11
144 264 10
264 513 10
265 306 11
265 291 9
132 266 8
266 609 12
266 596 10
167 267 12
267 534 7
268 507 7
160 268 10
118 269 9
269 410 10
269 288 11
269 501 8
270 509 7
270 412 13
271 541 11
271 416 13
257 271 10
130 272 8
272 660 9
272 739 11
272 519 14
172 273 6
273 699 10
273 683 8
264 273 12
234 274 10
274 400 9
274 443 9
274 476 12
275 603 7
249 275 9
2 276 9
276 297 11
276 327 12
277 691 9
277 677 12
142 277 12
278 306 13
185 278 6
136 279 12
279 470 6
279 441 12
144 279 15
280 520 9
280 642 12
280 683 7
55 281 12
103 281 10
258 281 10
282 448 9
169 282 10
282 583 12
186 283 12
284 341 9
275 284 14
284 404 9
284 637 8
285 695 11
285 581 10
285 716 12
285 631 11
192 286 11
286 492 9
67 287 12
287 465 14
287 436 11
110 288 11
157 288 11
288 352 10
289 459 11
289 632 14
289 679 10
289 350 11
290 637 11
281 290 13
176 290 10
288 291 9
291 704 12
292 383 10
292 508 10
292 737 9
293 624 10
293 499 13
293 437 11
103 294 11
294 369 12
133 295 13
163 295 12
295 612 14
103 295 10
296 712 13
182 296 12
296 369 10
21 297 9
294 298 10
298 622 7
297 299 14
98 299 12
299 327 10
299 678 8
213 300 11
300 542 8
301 591 10
243 301 13
53 301 11
302 578 10
26 302 10
302 627 11
303 537 11
113 303 12
303 669 7
303 550 8
304 588 12
242 304 10
304 748 9
159 305 11
305 609 12
305 562 12
148 306 12
306 447 7
297 306 11
307 733 10
307 527 13
307 398 13
2 307 12
18 308 11
308 626 11
59 308 11
287 309 7
310 410 10
310 746 8
182 311 10
311 637 13
311 630 12
312 547 12
110 312 12
78 312 10
77 312 10
217 313 13
313 442 7
297 313 9
314 582 11
220 314 12
70 314 8
152 315 12
315 500 10
315 496 11
316 499 12
241 316 12
207 316 11
269 317 10
138 317 14
318 558 9
300 318 8
156 318 9
319 422 14
320 450 10
320 462 13
290 320 11
186 320 10
131 321 13
321 400 7
321 618 13
322 588 11
20 322 13
323 355 12
323 731 8
108 323 9
324 329 13
67 324 12
132 324 10
132 325 11
21 325 10
325 409 11
325 414 10
254 326 9
326 470 8
105 327 12
327 539 11
99 328 11
328 382 11
329 459 11
233 329 10
329 563 6
294 329 12
330 658 10
330 724 12
331 336 12
331 470 15
331 541 11
332 479 11
100 332 10
333 401 10
283 333 12
334 595 12
335 483 12
305 335 13
336 574 8
337 374 9
337 540 10
337 594 12
262 337 11
337 582 8
229 338 5
270 338 11
296 338 10
21 339 10
339 465 11
340 747 7
340 482 8
20 340 13
341 430 10
341 415 9
342 673 11
342 382 9
62 343 12
303 343 15
153 343 10
30 344 17
344 500 9
344 349 10
344 572 9
345 393 11
345 373 9
345 502 11
346 397 9
279 347 11
75 347 13
347 528 8
347 679 9
348 590 10
348 638 11
162 348 8
29 348 8
86 348 9
349 473 10
20 349 11
349 735 13
349 548 11
129 349 10
137 350 9
311 350 11
227 350 10
350 694 12
351 352 8
351 677 10
351 505 7
352 572 11
352 686 10
188 352 7
353 590 7
168 353 8
176 354 10
175 354 9
354 604 8
355 676 9
355 475 9
93 355 8
22 356 12
356 624 7
158 357 14
357 651 9
161 357 10
317 358 8
358 377 9
102 358 10
33 359 9
359 590 10
85 360 12
360 441 8
361 644 11
169 361 10
44 362 12
362 480 12
362 478 12
211 362 13
175 362 15
109 363 8
80 363 11
363 570 10
363 445 9
364 401 11
49 364 12
365 518 9
347 365 13
160 365 11
96 366 8
278 366 9
367 457 11
367 706 10
367 605 9
130 367 11
367 545 14
368 436 9
368 586 11
368 476 9
287 368 12
368 555 9
366 369 9
270 369 10
225 369 11
370 412 12
370 686 12
256 370 12
370 540 10
216 371 11
359 371 8
137 371 11
129 372 12
372 540 13
57 372 9
346 372 9
373 635 7
111 373 10
373 434 11
374 631 10
30 374 13
374 704 7
374 712 12
375 410 10
375 384 8
375 608 7
270 375 11
376 395 9
148 376 11
377 499 10
327 377 14
160 378 11
308 378 6
378 469 13
38 378 6
379 495 12
379 701 10
379 676 11
379 690 8
230 379 10
291 380 14
248 380 8
220 380 12
112 380 11
115 381 12
263 381 6
382 403 10
382 537 12
383 649 11
383 489 12
10 384 12
75 384 12
385 700 11
385 414 11
386 495 10
94 386 6
387 684 10
224 387 12
387 655 10
126 388 9
223 388 9
1 389 7
389 748 11
346 389 12
390 615 11
88 390 14
66 390 11
69 390 11
391 576 10
391 582 9
106 391 9
391 417 10
66 392 7
392 711 9
393 645 9
28 393 11
356 393 11
393 616 10
197 394 12
256 394 11
394 650 9
329 395 12
395 510 9
395 445 9
395 706 11
396 697 10
396 663 12
394 397 9
173 397 13
368 397 12
398 544 15
118 398 11
159 398 11
268 398 13
174 398 8
399 409 9
399 585 7
399 528 10
155 399 11
399 658 12
400 641 10
238 400 12
225 400 12
401 422 9
268 401 10
401 525 11
274 402 9
248 402 7
402 429 9
387 402 9
403 470 14
403 629 10
403 614 12
382 404 10
404 551 12
69 404 13
404 420 10
278 404 11
405 648 13
405 734 9
405 702 5
125 405 8
248 406 13
406 721 11
407 741 10
127 407 10
356 407 11
298 407 10
230 407 10
142 408 11
312 408 12
41 408 10
86 408 13
15 409 10
409 607 12
4 409 10
409 592 10
410 730 9
395 410 9
410 577 13
260 410 14
195 410 12
297 411 12
276 411 12
411 456 11
411 441 10
311 411 14
412 639 9
345 412 6
412 440 11
412 466 10
206 413 9
282 413 9
413 435 12
414 635 8
414 431 12
414 513 7
414 611 13
231 415 11
235 415 10
129 415 9
135 415 10
416 703 9
100 416 8
416 740 13
90 417 10
93 417 12
417 652 9
213 418 11
418 587 9
125 418 10
71 419 10
380 419 10
419 675 9
419 589 13
269 419 12
419 504 11
412 420 9
420 706 9
287 421 8
261 421 8
421 452 9
422 431 7
422 436 14
423 719 9
143 423 6
423 631 10
424 720 9
424 650 9
417 424 9
251 425 7
406 425 10
208 425 11
185 425 12
426 616 10
426 703 13
426 682 7
248 426 11
67 426 13
363 427 13
358 427 8
91 427 11
356 428 7
254 428 9
327 428 11
195 428 11
36 428 10
68 429 11
340 429 8
387 429 10
99 429 7
358 430 10
430 465 14
431 684 12
209 431 9
431 573 11
432 704 9
71 432 10
40 432 10
433 731 11
352 433 13
181 433 11
173 434 14
434 491 11
105 434 10
434 709 11
340 435 11
435 614 9
436 687 10
315 437 10
437 624 13
437 688 7
166 438 9
366 438 9
439 570 8
309 439 14
208 439 11
439 487 10
440 466 10
440 471 10
4 440 13
114 440 8
441 653 9
441 626 9
341 441 7
425 442 11
82 442 11
443 657 10
443 487 11
282 443 13
220 444 11
444 659 9
60 445 8
445 718 9
445 548 13
446 449 12
446 546 12
430 446 10
253 447 12
447 647 10
448 736 12
289 448 12
448 622 10
448 533 10
290 449 8
202 449 10
69 449 9
213 450 13
401 450 7
434 450 10
57 450 11
179 451 11
138 451 10
299 452 13
452 742 14
341 452 12
233 452 7
409 453 14
453 716 7
453 558 10
453 679 9
37 453 13
454 645 11
282 454 7
355 454 12
160 455 15
440 455 8
275 456 9
456 539 11
442 456 11
424 457 10
418 457 11
457 551 9
457 572 11
458 643 12
458 626 7
234 458 10
459 493 10
276 459 11
94 460 8
460 726 10
208 460 13
461 514 10
461 727 9
140 461 10
451 462 9
142 462 9
49 463 11
463 526 10
59 463 9
464 666 10
464 633 9
48 464 12
414 465 11
465 609 9
465 729 13
279 466 14
437 466 6
360 467 9
352 467 11
219 467 13
232 468 13
468 600 12
364 468 14
469 610 8
469 574 9
125 470 12
25 470 11
140 470 11
470 740 13
242 471 17
137 471 13
115 471 7
472 677 10
473 496 10
158 473 12
82 473 11
473 592 9
217 474 10
474 717 11
190 474 13
119 474 8
241 474 13
475 519 12
40 475 12
475 618 9
412 476 14
476 515 7
477 624 9
477 655 12
12 478 12
401 478 11
348 479 13
479 666 14
479 649 12
480 644 9
267 480 8
344 480 13
480 698 12
283 481 13
115 482 10
39 482 9
482 717 8
483 656 8
213 483 7
346 483 8
327 484 14
218 484 10
188 485 7
475 485 11
486 671 9
486 554 12
384 486 11
34 486 10
487 522 8
487 490 11
487 499 8
487 727 13
69 488 9
63 488 11
38 488 10
122 488 10
222 489 10
447 489 9
197 489 13
489 738 8
490 583 10
247 490 11
301 490 7
255 490 8
354 491 12
363 491 14
316 491 14
365 492 14
74 492 9
381 492 8
331 492 11
246 493 10
493 728 8
344 493 12
493 532 11
40 494 14
79 494 11
159 494 9
495 679 10
251 495 10
326 495 9
158 495 9
61 496 10
44 497 13
352 497 8
284 497 11
498 528 9
13 498 12
237 499 9
499 647 12
499 673 8
262 499 8
500 624 11
500 737 7
501 628 14
170 501 10
502 735 8
502 505 9
502 507 9
406 503 12
503 601 10
504 699 12
504 707 11
198 504 11
185 504 10
505 715 8
505 697 12
248 506 13
12 506 10
506 551 9
507 525 9
12 507 8
495 507 13
480 507 9
370 508 10
508 686 14
129 508 11
275 509 10
17 509 10
162 509 11
234 510 10
353 510 14
160 511 11
511 746 11
6 512 9
289 512 9
287 512 9
513 672 11
513 704 8
238 514 11
514 743 14
514 566 10
514 697 11
217 514 9
238 515 13
169 515 13
308 515 7
97 515 8
82 516 9
100 516 16
173 516 10
94 517 10
95 517 10
492 517 13
518 625 13
518 736 11
519 570 8
519 526 9
519 597 12
173 520 11
520 720 12
404 520 14
359 521 14
521 705 11
102 521 11
108 522 8
303 522 9
397 523 11
480 523 8
81 524 8
524 591 12
459 525 9
55 525 11
516 525 10
525 632 5
526 727 12
526 590 8
356 526 11
149 526 12
434 527 7
527 628 9
153 527 13
423 527 10
528 627 9
390 528 14
529 601 13
164 529 10
488 529 11
387 530 10
531 632 9
177 531 10
462 532 9
105 532 9
306 533 8
533 591 11
92 533 12
456 534 10
323 534 13
161 535 7
16 535 13
323 536 9
229 536 8
537 628 9
220 537 9
90 537 12
534 537 12
486 537 8
54 538 13
528 539 11
8 539 12
2 540 14
14 540 11
357 541 9
429 541 7
542 604 9
120 542 9
308 543 14
429 543 11
14 543 14
544 727 11
335 544 13
534 545 8
511 545 13
86 545 9
44 545 13
48 546 11
496 546 10
233 546 11
264 547 11
62 547 9
356 547 9
395 548 11
537 548 12
382 548 12
549 720 11
549 618 5
550 692 14
550 589 12
114 550 7
472 550 11
470 551 9
433 551 11
551 695 11
317 552 13
552 738 8
524 552 12
552 588 11
521 553 14
533 553 10
486 553 8
142 554 10
554 698 10
554 735 9
58 554 14
165 555 9
556 721 10
180 556 11
485 556 13
122 557 12
554 557 10
155 558 11
380 558 13
408 558 10
498 558 13
516 559 8
520 559 8
131 559 11
373 560 12
125 561 10
98 561 11
487 561 8
25 561 12
200 562 9
409 562 8
375 562 9
212 563 10
48 563 11
97 563 11
447 564 9
368 564 13
270 564 12
565 589 9
565 634 12
59 565 15
161 566 9
566 610 8
566 727 14
442 567 12
43 567 9
568 736 8
315 568 8
568 748 11
10 569 11
217 569 12
553 569 7
261 569 13
131 570 10
200 570 10
315 570 7
367 571 9
572 598 12
272 572 9
318 572 15
211 573 10
573 748 10
414 573 9
546 574 8
296 574 11
262 575 10
304 575 12
527 575 10
31 575 10
576 645 13
358 576 8
158 577 8
578 678 11
24 578 10
578 704 9
579 678 11
217 579 13
430 579 11
25 580 9
301 581 7
374 581 9
581 591 12
471 581 11
33 582 10
500 582 9
27 582 12
494 583 13
583 633 12
157 583 8
222 583 13
584 691 7
532 584 6
342 584 7
452 585 9
431 586 10
328 586 11
168 586 11
462 586 13
170 587 12
76 587 12
501 587 11
588 677 9
588 716 8
462 588 10
336 589 8
589 629 9
508 590 16
82 590 7
521 591 9
166 591 12
591 618 8
592 595 10
344 593 9
593 689 10
593 607 8
594 724 9
594 658 11
594 729 9
226 595 10
400 595 6
270 596 11
409 596 10
328 597 9
597 622 9
597 657 12
533 597 10
598 617 10
147 598 12
125 598 11
598 605 9
218 599 11
83 599 11
599 629 11
256 599 13
76 599 8
600 708 8
600 639 10
601 612 10
602 689 11
172 602 9
603 748 13
473 603 8
516 604 12
128 604 10
176 604 5
301 605 9
76 605 12
605 641 10
88 606 13
559 606 12
511 606 11
539 607 10
181 607 10
158 608 11
608 627 10
341 609 8
354 609 10
391 609 7
137 609 9
610 644 11
395 611 12
129 611 8
543 611 9
307 611 13
59 612 11
612 671 6
97 612 9
277 612 9
545 612 12
289 613 9
613 733 10
413 613 9
405 614 7
94 614 9
11 615 10
552 615 9
571 615 12
5 616 14
170 616 11
22 616 10
27 617 10
346 617 12
51 617 7
617 671 13
435 618 12
391 618 8
357 618 13
569 619 11
77 619 10
594 619 12
367 619 8
620 621 10
329 620 11
27 620 12
334 620 12
119 621 10
326 621 12
435 621 9
622 674 13
80 622 8
501 622 12
307 622 12
232 622 9
564 622 10
201 623 14
478 623 10
623 742 7
623 662 11
411 624 12
422 624 11
492 624 13
624 687 10
364 625 11
600 625 7
546 626 9
171 626 10
595 626 6
522 626 10
615 626 11
248 627 12
250 627 9
628 659 9
188 628 10
175 628 7
471 629 12
370 629 9
78 630 10
481 630 10
630 672 12
179 631 12
395 631 11
631 676 11
632 684 7
253 632 14
555 632 9
200 632 10
306 633 11
353 633 9
132 633 11
482 634 9
585 634 10
634 694 9
512 634 11
437 635 7
245 635 11
3 635 12
478 636 8
493 636 12
637 714 12
532 637 11
24 637 6
593 638 10
156 638 10
112 638 10
285 638 8
330 639 13
568 639 11
184 639 10
41 639 12
224 640 11
612 641 12
427 641 10
642 746 10
620 642 12
642 649 10
150 642 13
88 642 9
347 643 9
302 643 7
492 643 10
139 644 11
482 644 11
449 644 10
624 645 12
413 645 9
219 645 10
489 645 10
522 646 8
646 648 7
21 646 10
130 646 11
12 647 11
578 647 10
528 648 13
122 648 12
469 648 10
272 649 12
649 674 9
66 649 13
339 650 12
593 650 6
344 650 10
625 651 9
173 651 10
619 651 12
264 652 10
405 652 10
653 675 10
507 653 10
496 653 4
653 699 7
514 653 12
646 654 9
528 654 9
579 654 11
100 654 14
535 655 13
249 655 7
225 655 14
337 656 11
656 658 10
252 656 8
502 656 11
657 699 6
289 657 9
657 738 12
290 657 9
437 658 9
115 658 12
25 658 12
626 659 14
126 659 10
268 659 12
105 659 11
631 660 10
650 660 12
93 661 13
198 661 13
337 661 9
234 662 13
130 662 13
3 662 10
621 662 11
81 663 11
76 663 12
664 744 11
183 665 10
631 665 10
666 742 7
324 666 9
162 667 8
367 667 12
59 667 13
619 668 10
469 668 12
606 668 8
667 668 9
143 669 8
342 669 10
132 669 12
130 670 13
289 670 8
279 670 10
137 670 14
671 735 8
131 671 12
335 672 13
673 716 10
432 673 8
589 674 9
674 685 12
485 674 7
96 675 10
269 675 13
518 676 12
565 676 10
326 676 12
210 677 9
177 677 7
668 678 11
678 705 14
599 678 7
84 679 11
13 679 9
355 679 9
480 679 10
604 680 14
629 680 12
547 680 11
681 716 8
441 681 10
674 681 12
558 682 12
86 683 10
325 683 9
42 683 10
59 684 9
640 684 10
384 684 14
60 684 8
236 685 14
327 685 9
543 685 10
320 685 10
686 706 10
238 686 9
686 744 12
61 687 10
536 687 9
276 687 12
275 687 12
177 687 13
477 688 11
268 688 14
17 688 8
299 688 7
689 720 12
369 689 10
592 689 13
176 689 7
334 690 10
563 690 11
468 691 10
560 691 10
161 691 15
107 692 12
504 692 9
227 693 10
397 693 10
285 693 9
532 694 11
334 694 13
655 695 16
441 696 10
332 696 12
282 696 12
548 696 9
245 697 10
146 697 11
134 697 10
366 697 9
44 698 10
559 698 7
55 698 6
518 698 9
675 699 10
355 699 13
417 699 9
253 699 6
680 699 11
383 700 12
180 700 10
498 700 11
399 701 9
452 701 11
75 701 14
415 701 9
541 702 11
378 702 11
174 702 10
221 702 10
462 703 9
50 703 13
346 704 9
562 704 13
14 704 12
365 705 11
423 705 14
536 705 9
236 705 8
376 706 8
403 706 9
422 706 8
465 707 9
707 739 13
26 707 9
397 707 10
419 708 15
431 708 10
47 708 7
509 708 10
694 708 7
504 709 9
451 709 12
275 710 9
207 710 10
279 710 9
517 711 9
144 711 11
191 711 12
90 711 8
660 712 13
713 716 6
709 713 13
581 714 10
124 714 9
210 714 11
471 715 12
216 715 8
269 715 8
622 715 8
111 716 11
579 716 11
377 717 11
226 717 10
28 718 11
291 718 9
421 718 9
353 719 10
87 719 11
283 719 8
633 719 9
148 719 12
155 720 11
327 720 10
93 720 9
256 721 10
721 724 10
360 721 10
546 721 10
538 722 9
388 722 10
294 722 6
690 723 9
706 723 13
137 723 11
106 724 11
695 724 11
546 724 11
189 724 10
678 725 11
640 725 13
669 726 11
586 726 13
392 726 12
109 727 11
181 728 12
684 728 12
40 729 8
729 741 10
277 730 13
447 730 9
509 730 7
392 731 11
185 731 10
357 731 11
224 732 11
368 732 11
410 733 9
391 734 7
236 734 11
261 734 9
524 735 10
684 735 10
18 735 10
357 736 8
2 736 9
498 737 10
407 737 9
116 737 9
509 737 11
566 737 11
163 738 10
500 738 7
344 738 8
456 739 12
637 739 12
734 739 11
26 740 8
263 740 12
702 740 8
378 740 11
80 741 11
6 741 10
621 741 10
95 742 18
391 742 13
640 742 15
60 742 10
443 742 10
30 743 9
10 743 9
587 744 14
414 744 12
516 744 5
614 745 9
670 745 12
480 746 12
3 746 14
299 747 13
691 747 8
707 747 15
337 747 10
332 748 10
2 748 13
739 748 11
274 749 10
418 749 9
