750
0
6
6
7
4
5
4
3
5
5
6
5
3
7
6
8
7
4
9
5
3
1
6
3
4
6
6
8
8
5
5
8
3
4
7
9
5
5
9
3
7
2
3
8
4
2
6
1
3
10
5
1
10
4
4
7
9
2
5
9
8
6
6
5
7
5
9
10
9
4
4
8
9
2
7
9
5
8
6
4
2
6
8
4
6
6
4
5
2
9
5
10
9
7
3
2
8
7
6
5
4
8
6
4
6
3
1
9
8
9
3
8
6
2
10
4
2
10
3
7
4
6
4
10
1
2
2
4
4
4
5
3
8
10
5
5
9
1
5
3
4
2
7
7
2
9
4
6
9
7
2
5
7
5
9
7
5
10
9
4
9
4
6
4
1
8
5
5
2
2
4
4
2
10
9
7
5
7
3
4
2
2
9
10
4
2
2
4
1
5
1
8
5
5
4
5
10
7
8
6
9
4
5
2
5
5
9
4
5
2
2
5
5
5
3
8
1
8
1
1
6
2
8
5
9
4
9
4
4
5
7
8
1
8
6
4
4
10
10
10
3
6
7
4
6
10
8
2
3
2
3
4
1
9
7
2
4
1
8
10
7
3
1
7
1
2
1
9
3
6
4
5
5
8
9
8
8
4
5
7
8
10
2
5
3
3
3
7
2
5
7
2
8
3
9
7
5
4
7
3
6
3
4
1
4
7
6
6
3
6
5
5
10
2
10
9
2
9
7
8
5
5
8
9
8
2
5
6
9
3
4
5
4
2
10
9
6
2
5
8
4
9
3
5
9
8
10
3
2
3
1
7
3
9
5
6
2
8
7
4
8
3
6
5
3
2
9
7
8
1
10
7
4
2
5
9
2
2
3
5
6
7
5
8
3
5
7
7
9
7
4
7
9
8
6
1
2
2
9
3
6
5
2
5
8
9
2
3
3
7
8
8
9
5
4
4
7
7
9
3
10
7
5
6
3
4
6
9
3
5
6
4
10
5
6
7
9
2
2
7
3
3
6
5
7
5
8
4
7
7
2
7
4
5
6
3
2
4
7
6
6
1
8
8
9
1
5
5
8
2
2
1
5
5
2
10
1
5
1
2
6
10
10
8
8
3
5
7
9
2
7
6
1
5
2
8
8
9
1
5
2
10
10
10
2
9
6
1
7
2
2
1
4
9
9
7
4
4
5
2
7
3
8
8
2
7
8
7
8
8
5
9
4
5
6
2
4
4
2
10
2
8
9
2
8
7
2
4
7
7
5
7
3
6
10
9
2
2
9
8
8
3
3
2
7
7
6
5
6
5
8
6
2
5
6
7
8
9
7
9
1
4
9
7
4
10
9
10
3
8
10
7
7
1
6
7
7
2
9
3
2
3
7
4
6
9
8
2
6
4
1
3
1
4
4
5
1
2
1
6
3
8
8
7
7
2
2
3
9
3
2
8
6
10
8
3
3
5
7
4
1
10
6
8
6
8
7
1
2
3
7
10
9
5
2
3
2
7
9
2
2
8
9
6
10
10
8
3
3
8
7
10
4
4
10
5
3
5
1
6
10
4
7
4
10
4
7
3
5
2
1
4
2
10
9
2
9
5
7
7
2
10
3
4
10
2
2
3
5
7
9
8
2
8
2
1
5
5
7
2
6
3
7
9
7
2
3
8
2
2
9
3
2
8
5
6
8
3
6
5
5
7
8
7
9
4
5
8
8
3
0 616 8
0 726 11
0 604 11
0 184 11
1 23 9
1 441 9
1 150 10
2 175 8
2 53 13
2 529 10
2 140 11
3 644 13
3 395 13
3 17 12
3 323 8
3 406 13
3 517 8
4 32 7
4 88 8
4 567 11
4 541 10
5 723 11
5 129 11
5 748 9
5 219 7
5 398 13
6 121 14
6 346 12
6 657 12
7 520 9
8 508 10
8 622 12
8 679 8
9 328 15
9 162 11
9 429 9
10 472 11
10 373 13
10 426 15
11 590 10
11 630 10
12 613 11
12 539 11
12 403 10
1 13 6
13 507 11
13 113 9
14 516 7
14 92 9
14 398 9
15 701 8
16 369 9
16 669 8
17 505 12
17 122 11
17 516 8
17 64 10
18 480 10
18 204 13
19 189 11
19 643 9
19 107 9
19 341 13
20 702 10
21 679 12
22 661 14
22 253 8
23 444 8
23 284 15
24 29 10
24 462 7
24 552 9
25 68 12
25 265 13
25 130 9
25 672 9
26 43 12
26 612 8
26 351 11
26 190 8
27 90 9
27 375 10
27 140 14
28 647 10
28 394 11
28 514 8
29 453 6
29 77 12
9 29 9
30 335 11
30 305 12
30 411 11
31 566 10
31 462 13
31 222 11
31 298 11
32 621 11
32 617 14
32 610 8
33 325 11
33 603 10
33 548 11
34 434 14
34 402 10
34 557 12
35 226 5
36 680 8
36 257 12
36 638 9
37 262 14
37 269 8
37 137 7
37 456 12
37 335 12
38 617 10
34 38 9
1 38 9
39 463 11
39 481 7
34 39 12
39 229 9
40 397 11
40 699 11
41 166 9
41 658 10
41 727 8
42 255 10
42 191 11
42 562 12
42 312 10
43 89 9
43 157 10
43 736 12
43 385 9
44 178 10
24 44 12
45 146 11
45 210 9
46 455 12
46 624 8
46 289 12
11 47 11
47 121 10
47 522 10
47 701 11
47 710 12
48 338 10
48 576 9
48 606 9
49 552 7
49 330 11
49 150 11
49 294 12
50 119 11
50 377 11
50 702 14
51 240 8
51 675 13
51 536 10
51 184 12
51 501 10
52 579 10
52 697 8
53 176 13
19 53 12
53 625 13
54 544 9
54 671 9
50 54 12
55 112 9
55 311 12
55 396 12
56 631 10
56 350 11
56 683 11
56 515 9
56 580 10
57 658 10
57 170 13
57 587 8
58 190 9
58 259 12
58 521 8
59 268 8
59 606 13
60 101 12
60 648 11
60 739 12
61 180 10
61 196 10
62 329 8
42 62 12
62 633 14
63 706 11
63 657 9
63 700 9
64 248 11
64 637 11
64 208 8
65 386 9
65 282 14
65 346 13
66 194 10
66 322 11
67 365 14
67 249 8
67 479 8
67 261 16
19 68 11
68 462 11
69 100 12
70 543 10
71 258 5
71 178 12
71 355 9
72 679 11
72 468 7
72 111 8
73 547 10
74 198 10
74 376 13
75 374 11
75 648 9
75 641 10
75 87 6
76 452 10
76 198 9
76 181 8
77 442 7
77 137 9
77 221 13
78 735 11
78 275 12
79 713 4
79 396 9
79 635 13
80 570 8
80 117 10
81 221 10
81 692 11
81 582 14
82 644 10
83 291 7
83 478 13
83 680 10
70 84 10
84 274 10
84 703 11
85 322 11
85 366 10
86 327 11
86 602 9
38 87 11
87 383 8
88 453 12
88 383 7
88 327 8
88 529 10
89 168 8
89 588 11
89 361 14
89 165 8
90 218 11
90 521 11
90 426 14
90 368 11
91 386 8
91 388 8
40 91 10
70 92 9
92 155 8
92 461 12
93 154 12
93 389 5
94 367 8
20 94 13
27 94 9
86 94 8
95 584 12
95 519 12
95 641 11
95 698 10
96 180 11
96 598 5
96 496 9
97 261 10
97 705 13
98 99 11
98 378 12
98 608 11
99 488 8
99 155 7
99 566 13
43 99 11
100 248 9
100 497 11
100 424 6
101 178 13
101 230 10
101 297 11
101 743 12
101 576 14
102 502 7
102 135 14
102 336 15
102 194 10
102 651 12
103 473 11
32 103 9
103 531 10
103 692 11
103 452 10
104 539 12
104 441 11
105 334 12
105 444 10
105 703 12
106 307 12
106 468 12
106 247 11
107 522 12
107 210 9
79 107 10
108 556 10
3 108 9
108 456 11
109 356 8
110 647 8
86 110 10
80 110 9
110 712 9
111 316 11
2 111 12
111 410 10
14 112 6
112 362 12
112 591 11
113 709 10
113 557 11
113 712 10
113 630 15
114 530 12
114 570 10
29 114 9
115 226 12
37 115 6
115 410 12
116 255 7
116 391 9
117 129 6
117 679 11
118 608 9
118 622 14
118 738 12
118 529 10
119 453 9
119 246 11
119 458 12
119 434 9
119 717 12
109 120 9
121 620 7
121 278 12
7 122 12
122 198 12
123 462 12
29 123 10
121 124 7
124 278 9
116 124 12
120 125 10
125 201 12
125 408 11
56 126 10
126 395 10
126 349 11
127 148 9
121 127 9
99 128 12
128 708 14
22 129 11
129 635 9
56 129 9
130 598 11
127 130 12
130 247 11
49 130 14
86 131 8
87 131 10
131 438 8
132 732 15
132 340 11
132 296 10
133 667 10
133 223 13
93 133 15
133 314 10
134 397 10
80 134 7
134 276 10
135 260 9
130 135 12
135 562 13
135 687 10
135 149 10
136 692 11
136 220 12
35 136 13
137 154 15
137 586 12
137 465 10
34 138 10
138 148 10
139 180 11
139 539 10
140 626 12
140 435 7
140 295 8
53 140 9
141 741 12
141 639 10
142 612 8
142 379 12
142 449 10
70 143 12
143 453 10
143 446 14
144 573 10
144 699 9
144 667 8
76 145 13
145 401 12
146 304 11
146 485 13
146 418 11
146 149 10
145 147 11
147 238 9
147 303 12
148 531 11
148 690 12
148 401 12
148 680 8
71 149 11
149 609 12
149 381 8
149 198 12
150 463 14
150 578 9
150 715 11
150 202 13
35 151 11
151 347 12
151 293 8
84 152 10
131 153 13
153 649 13
153 743 13
153 635 9
154 317 12
154 208 10
154 281 7
106 154 6
155 413 12
156 533 10
156 580 9
156 682 9
135 157 9
157 206 18
3 157 12
157 441 10
158 504 11
158 277 14
159 578 10
159 476 11
159 513 10
160 475 10
160 573 15
160 705 12
161 641 10
148 161 11
133 162 12
148 162 12
163 669 8
2 163 12
163 592 12
163 708 11
154 164 11
164 304 9
164 705 15
113 164 10
165 477 12
165 609 11
165 342 8
165 727 13
166 197 10
166 366 11
166 546 13
167 470 11
167 203 10
167 371 13
164 168 14
33 168 11
168 683 11
168 384 9
169 744 12
47 169 8
169 644 8
169 238 10
170 209 12
170 306 9
171 596 15
41 171 12
172 596 12
172 583 12
172 696 11
173 357 8
173 197 10
174 355 8
174 391 12
175 644 11
175 495 10
175 652 11
175 373 12
176 596 11
176 542 11
142 176 9
78 176 8
177 671 16
177 318 13
47 177 11
129 178 8
178 245 10
178 595 7
178 447 12
179 492 11
179 528 9
179 416 11
180 389 12
180 734 9
169 180 12
54 181 8
56 181 15
117 182 10
182 366 6
183 247 12
183 503 6
184 436 9
184 581 11
184 284 11
170 185 11
185 317 12
185 412 9
107 186 8
186 218 11
187 393 6
187 511 11
187 260 10
188 528 9
188 352 11
112 188 14
188 641 13
189 553 10
189 429 11
124 189 10
189 296 10
79 190 10
190 554 12
8 191 9
191 586 12
122 192 9
192 262 8
192 490 6
192 727 8
193 261 11
193 356 8
27 193 12
193 524 9
194 662 12
194 477 13
194 426 9
45 195 9
195 682 13
195 328 7
195 200 12
196 498 9
110 196 13
196 572 8
197 704 8
121 197 9
197 659 11
198 661 13
198 508 9
198 622 12
198 431 6
199 350 10
47 199 15
199 534 13
155 200 13
200 276 8
200 397 8
200 411 10
49 201 13
201 701 12
202 288 11
202 591 14
54 202 9
203 390 13
203 341 9
203 205 12
203 335 10
204 683 6
204 376 12
204 594 10
205 485 12
205 365 13
22 205 14
206 638 11
7 206 13
39 206 15
207 300 8
208 250 9
125 208 10
130 209 13
44 209 13
209 504 15
210 579 9
210 707 14
210 517 11
183 211 12
72 211 9
150 212 12
212 708 10
213 324 9
214 731 10
183 214 9
215 695 12
215 713 9
215 467 11
29 216 12
216 455 7
216 735 9
216 272 12
138 216 9
217 358 10
217 475 10
217 628 10
217 566 9
155 218 9
218 281 9
218 703 10
218 220 9
218 738 10
219 550 10
219 226 11
220 535 9
220 327 13
220 601 11
11 220 11
221 450 5
142 221 13
17 221 13
222 650 10
38 222 10
222 594 11
223 735 9
223 551 6
223 681 11
223 485 11
224 692 11
224 508 11
54 225 11
185 225 10
133 225 9
226 665 11
226 674 11
226 481 12
130 227 11
227 503 13
228 385 8
228 257 11
229 462 11
229 418 12
230 708 13
225 230 7
230 641 14
157 230 8
231 564 11
231 727 5
231 290 9
231 725 10
232 491 12
232 549 12
182 232 9
199 232 12
233 315 9
88 233 10
210 234 9
39 234 13
234 594 10
234 357 9
235 531 13
202 235 10
235 379 10
88 235 11
146 236 14
236 244 13
236 237 10
88 237 13
237 536 12
72 238 9
229 239 8
8 239 10
47 240 10
240 729 10
90 240 8
196 241 10
241 540 9
241 748 9
241 521 10
229 242 12
242 346 13
152 242 8
242 494 8
242 541 10
150 243 11
243 440 11
243 467 10
244 526 15
244 369 11
244 381 11
245 385 11
68 245 10
124 245 9
246 497 11
247 733 14
180 247 7
248 303 11
229 248 12
3 249 13
249 306 14
179 250 11
250 622 13
251 559 10
251 383 7
251 266 11
252 271 14
252 553 9
253 636 9
253 275 11
80 253 9
254 593 11
254 591 11
255 282 13
117 255 9
255 733 10
256 393 8
256 350 13
256 307 6
257 609 8
189 257 12
257 679 13
108 258 10
258 536 14
258 528 9
259 671 10
259 732 9
259 285 11
260 526 12
170 260 12
260 582 15
261 513 8
261 441 9
261 295 9
261 446 12
262 695 9
262 365 11
79 262 11
200 263 11
263 497 12
14 263 11
72 264 12
264 559 11
139 264 11
53 264 11
34 265 10
265 531 10
265 691 9
265 389 11
266 474 13
266 660 12
215 267 14
103 267 9
267 392 9
94 267 10
267 411 10
268 700 8
268 463 11
269 428 13
185 269 4
269 675 10
54 269 9
270 641 13
270 699 11
271 280 12
198 271 11
119 271 15
272 319 8
170 272 11
273 363 10
93 273 11
273 697 10
196 274 11
274 436 11
274 495 11
274 435 8
274 406 9
275 659 11
84 275 13
1 275 13
276 597 13
276 462 12
120 276 11
6 277 9
277 585 15
47 277 14
265 277 10
207 277 9
156 278 10
278 424 16
278 718 11
279 309 12
279 610 11
279 642 15
250 279 13
147 280 15
48 280 13
281 352 11
281 648 14
281 328 9
282 637 9
283 480 9
283 469 10
283 698 10
93 283 12
284 496 9
284 705 10
284 726 8
225 284 8
42 285 13
285 423 11
32 286 9
286 341 10
286 725 9
286 489 14
287 743 10
287 627 10
287 727 10
166 288 10
288 412 8
289 370 5
234 289 12
290 579 6
61 290 12
167 290 12
138 291 13
291 588 12
291 698 12
286 292 14
202 293 6
293 343 11
180 293 12
213 293 8
294 335 12
178 294 12
36 295 15
295 558 10
112 295 12
153 296 12
296 345 12
297 479 8
297 542 7
298 733 10
298 635 10
298 741 7
299 436 9
299 642 12
284 299 13
299 744 9
183 300 6
126 300 8
301 473 8
89 301 13
196 302 7
143 302 12
16 302 8
303 600 10
303 674 9
303 663 11
304 418 10
59 304 8
304 720 13
305 646 12
252 305 14
245 305 6
150 305 12
261 305 14
306 353 11
34 306 6
306 519 10
306 641 9
38 307 14
308 398 10
308 463 9
308 554 11
239 308 7
309 618 8
24 309 9
310 525 13
48 310 10
204 310 11
311 552 9
311 590 8
311 708 10
312 619 6
312 683 13
313 459 10
313 479 11
314 457 9
314 512 9
315 650 12
316 514 12
317 501 11
317 469 10
318 632 8
318 555 12
319 633 9
319 664 9
115 319 12
155 319 11
319 359 13
320 458 8
320 422 11
320 398 13
43 321 15
321 377 9
141 321 9
106 322 14
322 573 11
139 322 13
322 547 10
323 512 14
145 323 13
212 323 12
323 599 9
323 743 13
324 355 14
324 476 10
324 698 12
265 324 10
325 712 10
325 708 10
131 326 15
326 378 12
326 401 10
326 413 8
274 327 13
90 328 14
184 329 8
329 434 11
165 330 9
330 443 12
137 330 14
325 331 10
139 331 11
118 332 10
332 390 7
192 332 10
333 714 11
333 384 8
25 333 11
333 580 15
334 494 12
64 334 7
292 334 11
151 335 8
313 335 9
3 335 8
241 336 10
318 336 7
337 423 9
337 609 10
309 337 11
338 555 11
338 370 11
338 667 10
40 339 13
219 339 9
339 544 9
306 339 7
340 584 9
340 590 9
193 341 14
80 341 10
342 466 13
231 342 14
343 431 15
212 343 9
343 596 9
344 529 10
344 352 11
344 713 12
81 345 13
345 428 12
345 662 13
48 345 8
53 346 9
346 405 9
346 631 13
346 539 10
347 408 8
224 347 13
347 692 12
348 572 10
251 348 12
348 699 7
348 451 10
348 717 7
349 484 9
231 349 10
349 491 8
349 740 8
220 350 9
2 350 8
350 729 10
350 560 9
351 680 9
0 351 9
351 633 11
244 352 7
128 352 11
352 491 12
353 376 10
353 422 5
64 353 12
353 523 11
338 354 8
234 354 13
354 735 13
354 355 12
355 592 13
355 373 10
355 365 12
355 418 11
184 356 10
356 702 10
30 356 8
357 732 12
164 357 11
176 357 11
102 358 13
148 358 12
358 735 10
74 359 10
132 359 8
83 359 12
360 492 9
142 360 13
116 360 11
277 361 11
176 361 13
96 361 10
38 362 14
362 478 11
57 362 11
362 630 14
363 563 10
364 514 9
91 364 8
365 406 11
46 365 12
365 614 10
164 366 13
61 366 10
366 521 10
361 367 8
368 735 12
98 368 8
194 368 13
219 369 11
369 726 10
370 424 9
297 370 13
305 370 9
62 371 8
284 371 13
371 547 11
195 371 14
372 568 14
198 372 8
9 372 10
372 427 10
373 555 9
373 508 10
165 373 10
110 373 9
373 656 12
303 374 9
374 673 9
159 374 9
118 374 9
219 374 9
375 384 9
119 375 13
266 375 12
56 375 9
354 375 10
7 376 9
376 399 12
139 377 11
377 533 14
216 378 11
378 492 13
327 378 11
378 410 13
178 379 14
379 624 8
159 379 11
380 739 11
380 599 9
381 558 11
197 381 9
382 681 11
383 499 13
303 383 12
324 383 11
383 435 10
384 721 9
384 402 11
384 407 13
367 384 9
364 384 11
385 665 10
325 385 11
226 385 11
94 386 7
355 386 12
292 386 9
144 387 11
388 432 8
388 454 11
104 389 13
139 389 9
390 612 10
391 653 12
391 746 11
391 532 9
374 391 11
392 424 13
392 711 10
219 392 10
392 700 10
302 392 9
393 659 10
394 657 10
394 599 9
394 563 12
395 449 10
395 622 15
395 696 9
123 396 15
396 459 11
396 607 12
61 397 9
196 397 9
45 398 11
398 645 12
399 595 11
399 402 11
9 400 9
400 616 12
67 400 12
282 400 11
73 401 8
401 619 8
383 401 11
54 402 12
402 634 14
252 402 10
403 604 9
30 403 11
403 524 8
317 403 10
404 564 13
162 404 8
363 405 10
264 405 7
203 406 10
406 581 14
111 406 10
406 556 8
80 407 8
407 570 9
217 407 9
408 708 9
408 706 8
113 408 5
344 408 9
409 418 8
348 409 12
258 409 10
410 696 10
305 410 9
410 708 11
411 440 10
238 411 12
411 680 12
412 415 12
412 674 12
262 412 13
49 412 15
413 641 10
91 413 13
83 413 14
414 584 7
414 644 12
414 543 10
160 415 9
415 676 11
416 486 10
118 416 9
151 417 8
417 685 10
87 417 6
283 417 10
66 418 9
276 418 9
418 627 7
368 418 11
137 419 10
419 678 12
419 621 10
420 732 9
258 420 8
416 421 10
421 637 12
345 421 16
257 421 10
421 533 10
421 569 12
324 422 12
345 422 9
423 702 13
108 423 12
232 423 14
424 590 9
424 468 10
218 424 11
354 424 10
88 425 9
374 425 10
339 425 8
7 426 12
426 727 13
356 426 11
426 722 11
427 646 13
353 427 11
357 427 11
184 427 11
214 427 9
428 636 10
428 742 14
324 428 11
124 428 5
394 429 9
429 564 9
429 706 11
429 449 8
328 430 10
430 517 9
430 510 10
155 430 11
296 430 8
111 431 9
427 431 11
136 432 10
386 432 10
376 432 15
432 581 10
198 433 8
433 491 7
10 433 11
122 434 10
434 477 10
133 434 10
434 473 10
435 551 11
435 517 8
250 435 10
435 483 13
227 435 10
29 436 8
244 436 11
313 436 11
365 436 10
436 597 8
324 437 11
192 437 11
437 739 12
437 583 8
420 438 7
438 604 10
439 616 10
403 439 10
425 439 11
439 521 8
192 439 9
440 697 10
440 472 11
65 440 10
440 631 11
87 441 8
24 441 10
442 489 12
442 449 9
442 741 9
30 442 11
87 443 8
356 443 10
384 444 10
444 521 15
67 444 12
110 444 12
445 507 10
445 685 11
35 445 14
446 575 10
446 613 9
446 747 12
412 447 10
70 447 6
447 480 9
448 553 9
448 456 11
389 449 11
449 666 13
449 513 11
449 694 16
409 450 11
105 450 12
233 450 7
451 518 10
437 451 10
451 720 11
68 452 11
426 452 11
427 453 8
453 631 9
453 644 8
453 663 9
454 702 11
128 454 11
454 460 11
454 728 11
299 455 12
455 566 11
455 685 11
165 455 8
456 537 12
79 456 10
91 457 9
457 631 12
263 457 13
447 457 9
243 457 11
136 458 10
430 458 12
123 459 7
47 459 12
459 529 10
459 544 10
460 674 10
460 731 10
460 545 11
460 667 10
461 502 8
462 674 10
427 462 11
78 462 10
161 462 10
111 463 13
303 463 9
414 463 12
68 464 15
152 464 9
419 464 7
464 547 11
143 464 8
432 465 9
269 465 13
465 577 12
465 587 7
176 465 13
466 744 12
466 582 11
150 467 10
341 467 9
467 493 13
304 467 10
358 468 10
78 468 12
469 622 12
105 469 11
2 470 10
470 605 11
356 471 7
314 471 6
471 538 9
446 471 8
460 472 13
4 472 10
287 472 12
357 473 13
53 473 11
96 473 14
30 474 9
474 522 12
474 692 12
475 585 10
342 475 9
41 475 13
369 476 11
285 476 12
476 516 13
477 671 11
104 477 10
212 477 8
477 732 7
1 478 12
357 478 12
291 479 11
117 479 11
144 480 9
480 693 7
352 480 13
480 671 13
274 481 10
166 481 15
258 481 11
314 481 8
435 482 6
384 482 10
482 636 12
483 533 8
68 483 11
483 595 11
483 702 10
61 483 9
190 484 11
484 606 9
484 626 8
450 484 7
484 685 12
485 717 8
472 485 8
117 485 16
486 539 13
429 486 10
337 486 7
316 487 10
487 546 11
66 487 8
104 488 11
2 488 11
328 489 9
264 489 8
346 490 8
491 503 11
491 636 12
492 554 12
479 492 11
384 492 9
412 493 12
493 559 12
268 493 12
398 494 10
494 588 8
494 729 10
185 495 8
109 495 9
496 709 13
88 496 11
496 582 14
497 513 11
349 497 10
498 583 11
498 692 8
312 498 9
347 499 11
299 499 9
240 499 10
499 579 13
500 680 11
152 500 8
500 558 9
500 564 8
79 501 13
501 529 11
501 547 8
502 683 9
438 502 11
426 502 12
503 601 13
178 503 11
99 503 9
384 504 11
439 504 10
123 504 12
505 594 11
505 600 8
195 506 13
235 507 8
137 507 11
412 507 10
353 507 11
508 662 13
231 508 10
402 508 10
167 508 10
358 508 10
71 509 11
495 509 10
311 509 14
510 659 9
208 510 12
510 635 13
251 511 11
243 511 9
233 511 10
511 681 12
318 512 8
512 711 12
259 512 10
437 512 14
400 513 8
513 736 10
513 655 8
91 513 10
514 516 11
8 514 10
318 514 13
515 695 10
65 515 10
473 516 9
13 516 12
103 516 10
364 517 12
439 517 13
211 518 10
151 518 15
430 518 12
519 649 11
161 519 9
211 519 12
138 519 12
520 563 7
520 552 12
415 520 13
520 659 12
482 521 10
507 521 12
217 521 9
32 522 11
343 522 9
522 636 11
388 523 9
321 523 9
467 523 12
523 607 12
524 586 11
505 524 9
92 524 13
524 630 7
525 581 10
55 525 10
291 525 12
323 525 12
431 525 11
343 526 12
459 527 12
527 624 10
503 527 9
345 527 10
528 661 8
528 561 10
528 548 12
180 528 7
151 528 16
211 529 14
326 529 10
529 620 10
303 530 11
200 530 14
378 530 13
87 530 11
397 531 12
526 531 7
531 668 13
350 531 10
204 532 12
507 532 6
331 532 8
366 533 14
533 584 11
386 533 12
71 533 12
329 534 12
154 534 11
534 715 10
535 555 9
517 535 16
110 535 10
514 536 15
364 536 7
536 706 9
46 536 8
190 537 11
537 634 7
439 537 12
537 601 9
392 538 16
104 538 11
269 539 9
429 539 12
99 539 10
540 673 7
2 540 8
431 540 8
540 741 11
181 540 6
541 650 14
541 729 13
541 664 11
263 541 9
202 542 10
72 542 15
481 543 11
395 543 10
330 543 12
307 543 8
457 544 9
544 580 9
426 544 11
134 544 11
12 545 12
499 546 12
23 546 8
546 625 9
42 546 8
547 559 9
213 547 9
148 547 13
302 547 9
49 548 14
548 622 10
35 548 11
549 733 9
549 623 12
186 549 10
436 550 12
104 550 12
211 551 15
378 551 13
369 551 10
286 551 11
124 551 13
281 552 11
96 552 9
270 552 10
60 552 9
553 575 10
415 553 13
279 553 10
467 553 8
370 554 13
329 555 10
255 555 14
262 556 14
556 714 10
556 569 10
557 587 10
558 631 10
238 558 10
557 558 10
329 559 12
383 559 7
521 559 8
560 622 9
294 560 8
59 560 7
561 625 13
311 562 9
356 562 10
318 562 10
7 562 10
500 562 9
563 728 16
563 581 13
564 712 10
564 613 12
341 565 9
565 602 11
234 566 4
281 566 10
47 567 8
217 567 12
143 567 11
79 567 9
385 567 10
488 568 9
76 568 12
568 585 7
569 636 8
249 569 11
182 569 13
422 569 9
250 570 10
527 570 10
394 570 12
135 571 11
110 571 6
523 571 12
490 572 10
480 572 12
57 572 12
154 573 11
291 573 10
478 573 11
573 628 10
565 574 12
574 718 9
199 574 11
532 574 12
345 575 10
352 575 11
404 575 9
338 576 8
576 603 14
536 576 10
406 577 10
577 651 5
488 577 9
168 578 13
578 686 11
578 610 7
342 578 11
324 579 12
564 579 11
579 721 12
580 636 12
196 580 10
302 580 10
436 580 13
312 580 10
203 581 13
581 715 10
582 600 11
103 582 10
582 636 9
448 583 14
493 583 11
181 583 13
584 682 9
584 635 9
557 584 10
127 585 12
585 719 14
4 585 9
405 586 11
409 587 12
166 588 11
588 677 11
91 589 11
195 589 10
151 589 14
586 589 8
590 611 8
39 590 9
492 590 10
561 590 9
33 591 9
592 689 12
4 592 8
493 592 13
94 592 10
592 603 9
403 593 9
329 593 11
593 716 8
96 593 12
74 594 12
436 594 13
393 595 11
491 595 10
137 595 9
208 596 7
31 596 9
152 597 10
573 597 10
546 597 9
584 597 8
597 711 9
598 673 10
16 598 13
1 599 10
145 599 12
507 600 12
98 600 9
504 600 15
270 601 12
301 601 7
549 601 10
601 672 16
486 601 8
317 602 11
298 602 12
17 602 12
265 603 9
586 603 14
12 603 15
603 725 11
603 614 10
368 604 10
604 632 12
224 604 13
429 604 9
149 605 13
605 630 11
350 605 11
373 605 12
202 606 9
606 720 7
118 607 12
563 607 11
282 607 15
501 608 10
335 608 10
163 608 12
608 723 14
392 609 8
202 609 7
209 609 9
609 615 6
98 609 10
184 610 12
146 610 13
137 611 13
373 611 11
305 611 8
611 743 12
372 611 11
612 728 12
612 636 7
169 612 9
105 612 8
601 613 8
422 613 10
613 653 11
562 613 11
102 614 10
468 614 12
95 614 11
557 614 11
342 615 12
197 615 11
616 703 10
267 616 12
305 616 10
339 617 9
301 617 10
189 617 12
164 618 12
618 695 13
45 618 10
345 619 11
96 619 14
289 620 13
242 620 10
225 621 9
592 621 7
121 621 10
308 621 12
201 622 12
622 630 11
258 622 7
145 623 9
567 624 10
193 624 10
181 624 8
442 624 12
543 625 7
206 625 15
183 625 14
626 643 10
527 626 8
17 626 10
627 724 8
137 627 9
149 627 11
627 727 10
230 628 10
586 628 12
223 628 12
546 628 10
527 629 11
560 629 11
566 629 15
237 630 12
125 630 16
630 705 11
496 631 13
351 631 13
519 631 14
480 632 9
33 632 11
397 633 13
559 633 11
3 633 11
633 735 11
471 634 8
195 634 16
40 634 12
635 681 9
362 635 13
454 635 12
636 712 10
47 636 8
636 651 9
268 637 7
557 637 13
626 638 12
74 638 10
430 638 11
177 638 9
437 639 6
639 738 6
374 640 13
267 640 11
566 641 14
73 641 8
437 642 5
205 642 11
642 712 10
49 643 8
643 666 9
643 670 10
643 680 9
335 643 9
563 644 8
201 645 11
109 645 8
5 645 10
426 646 10
88 646 10
251 646 10
587 646 13
629 647 12
565 647 9
647 709 9
647 662 11
364 648 8
226 648 10
130 648 15
648 683 11
426 649 8
385 649 8
488 650 11
393 650 11
323 651 9
537 651 13
616 651 10
33 651 12
651 709 13
364 652 12
103 652 12
89 652 8
148 652 10
513 653 12
503 653 6
289 653 11
119 653 10
654 724 8
26 654 10
451 654 12
466 654 11
348 655 7
649 655 5
27 656 9
584 656 10
573 656 10
418 657 9
325 657 10
657 730 13
323 658 11
503 658 14
445 658 15
107 659 12
548 659 9
633 660 10
336 660 10
248 661 8
381 661 11
2 661 12
314 662 10
306 662 12
241 662 7
662 686 10
525 663 7
663 711 10
153 663 6
141 664 9
277 664 13
340 664 11
70 664 11
439 665 11
296 665 13
466 665 12
278 665 10
135 666 12
203 666 9
142 666 9
417 667 10
667 724 6
6 668 11
466 668 11
148 668 10
663 669 11
80 669 12
642 669 11
33 669 8
151 670 12
119 670 8
194 670 12
123 671 10
80 671 11
73 672 9
74 672 13
468 673 10
304 673 13
430 673 10
664 673 15
666 674 4
139 674 11
614 674 14
505 674 11
238 674 10
649 675 12
675 707 14
455 675 9
428 675 12
420 676 11
272 676 10
111 676 11
101 677 10
626 677 10
210 677 9
334 678 13
114 678 11
430 679 11
267 679 13
507 679 10
340 679 14
345 680 12
504 681 9
55 681 12
93 682 6
144 682 10
447 682 10
402 682 10
454 683 11
579 683 8
524 683 12
50 683 12
340 684 10
420 684 11
592 684 10
28 685 7
419 686 10
686 736 11
563 686 12
347 687 9
584 687 8
663 687 12
446 688 11
333 688 10
7 688 11
585 688 14
145 688 13
5 688 8
385 689 13
689 739 13
575 689 10
204 689 13
471 690 11
459 690 10
325 690 12
466 691 12
679 691 12
171 692 10
491 692 10
123 692 10
9 693 12
92 693 13
176 693 12
600 694 15
496 694 9
70 694 6
516 694 8
95 695 11
236 696 10
356 696 8
231 696 13
518 697 12
594 697 14
526 697 14
189 698 10
340 698 8
698 726 12
512 699 9
622 699 10
466 699 12
125 700 10
382 700 9
695 701 10
702 745 7
15 702 9
590 703 11
638 703 16
275 703 13
95 704 9
580 704 17
689 704 11
581 704 11
319 704 10
571 705 10
407 705 9
228 705 9
382 705 12
369 705 11
31 706 14
232 706 11
689 707 7
523 707 14
707 730 11
486 708 11
98 708 11
641 708 8
156 708 11
320 708 15
133 709 9
19 709 11
152 710 11
322 710 11
390 710 11
399 710 7
333 711 14
14 711 12
658 711 11
672 712 8
47 712 9
170 713 11
14 713 14
187 714 11
388 715 6
633 715 11
87 715 10
478 715 9
382 716 11
367 716 10
716 720 7
716 732 8
137 716 11
111 717 12
390 717 10
689 717 9
597 718 11
292 718 9
442 718 6
611 719 11
10 719 11
464 720 9
189 720 11
340 720 8
263 721 14
67 721 9
125 721 11
148 721 12
684 721 9
79 722 11
431 722 15
191 723 11
188 723 11
232 723 11
197 723 9
144 723 13
368 724 13
379 724 10
590 724 14
202 724 13
303 725 10
672 725 12
345 725 12
570 725 11
682 725 9
38 726 8
525 726 9
584 726 10
292 726 9
88 727 13
530 727 12
536 727 7
589 728 11
530 728 9
349 728 11
385 729 9
388 729 9
484 729 11
597 729 13
150 730 10
305 730 13
378 730 7
96 731 13
402 731 11
213 731 9
620 732 11
496 732 12
369 732 10
243 732 13
342 732 12
17 733 9
558 733 8
440 733 13
176 734 9
512 734 12
118 734 10
446 735 10
103 735 11
260 736 11
609 736 9
602 737 12
684 737 9
56 737 11
612 737 9
632 737 7
160 738 11
31 738 7
634 739 14
173 739 11
677 739 11
599 739 11
683 740 11
32 740 10
355 740 10
706 740 11
387 741 15
708 741 10
241 741 8
247 742 11
80 742 13
262 742 12
547 742 10
465 743 8
95 743 12
679 743 13
318 743 10
606 744 7
428 744 16
500 744 10
207 744 11
544 745 9
426 745 13
331 746 11
461 746 11
91 747 10
449 747 10
162 747 12
290 748 11
20 748 10
363 748 13
638 749 10
249 749 9
354 749 12
