750
0
8
3
4
4
9
2
9
4
7
4
3
2
2
9
3
8
9
5
8
1
6
2
3
9
3
8
9
8
6
2
2
5
6
3
8
8
9
8
10
4
4
7
2
6
2
9
6
5
4
8
7
8
6
5
5
8
2
1
5
7
1
2
7
5
7
7
5
7
5
5
7
5
7
7
1
7
3
4
7
3
6
10
4
2
3
7
9
4
4
10
7
10
2
6
6
7
6
9
9
10
2
6
8
5
3
4
7
2
8
4
2
4
6
6
5
4
5
5
5
9
6
3
3
5
5
4
3
7
6
2
4
6
10
7
7
2
2
9
5
3
5
8
5
4
4
8
2
7
7
1
5
4
1
7
9
5
7
6
8
5
1
10
2
2
8
1
3
3
8
2
4
9
6
6
8
9
4
7
9
9
10
5
2
1
8
7
3
1
10
3
2
4
6
10
5
9
8
5
5
2
2
5
7
6
7
8
7
9
3
5
10
8
7
3
5
2
7
3
6
2
5
9
4
8
3
3
6
9
7
1
2
4
4
2
7
3
4
8
6
2
6
4
8
7
8
4
2
8
4
9
3
9
10
9
5
7
5
7
4
1
10
3
4
2
4
8
9
9
7
6
8
5
6
2
7
1
7
4
3
2
10
5
6
6
8
7
7
6
10
4
2
8
8
7
3
3
3
4
8
4
6
3
3
10
9
2
6
7
5
4
3
5
9
6
4
4
6
8
8
2
3
9
1
1
7
7
6
4
6
9
1
5
8
4
1
2
7
2
1
6
3
9
2
3
2
3
3
10
1
9
1
5
5
10
9
10
6
8
9
7
2
5
8
8
8
3
2
8
8
7
5
10
4
4
3
3
10
4
4
8
8
3
8
3
9
8
5
7
9
4
6
1
9
8
2
10
4
7
2
6
2
8
5
3
9
3
10
5
8
9
5
7
9
9
4
4
4
3
5
4
10
10
5
3
4
8
3
4
7
2
5
2
7
5
7
9
5
8
5
2
10
6
3
6
4
3
1
8
4
3
2
7
8
1
9
4
4
8
4
9
9
2
2
6
7
8
5
6
2
8
3
8
1
5
8
2
1
5
5
3
6
7
5
7
4
8
1
3
5
3
8
9
3
6
9
2
10
3
8
8
7
9
9
7
1
2
10
1
8
2
8
5
6
3
9
6
9
9
6
7
8
4
9
4
5
9
5
4
8
6
10
5
1
3
5
3
1
5
9
3
3
10
3
7
8
10
5
8
8
8
8
5
7
10
3
3
9
2
1
6
4
4
6
3
3
2
5
8
4
1
4
7
7
9
9
6
8
5
4
4
9
10
10
2
7
8
9
9
3
9
9
9
3
4
7
6
9
8
9
8
8
2
6
1
8
6
3
4
2
2
2
2
3
10
5
8
5
9
6
7
2
5
9
7
10
4
6
2
8
2
2
9
2
3
8
5
1
7
3
4
8
2
6
5
9
3
6
3
3
3
7
7
2
2
9
4
2
8
8
1
3
1
10
4
4
6
10
8
8
3
7
2
6
6
6
6
8
6
5
3
7
7
5
7
2
3
2
4
8
5
2
7
5
3
9
6
8
9
3
4
6
6
10
9
9
7
2
6
4
5
2
6
2
1
10
3
1
10
8
5
4
6
2
2
9
2
5
2
9
8
6
1
4
6
7
6
3
6
5
5
3
4
5
6
3
8
6
9
9
0 116 11
0 324 8
0 512 9
0 715 11
0 493 13
0 476 13
1 487 12
1 275 13
1 211 9
1 357 9
1 85 7
1 397 7
2 83 9
2 49 10
2 581 10
2 369 11
2 302 11
3 255 12
3 576 7
3 572 12
3 89 10
3 241 9
4 659 8
4 82 10
4 647 11
4 88 9
4 35 9
5 301 13
5 388 9
5 13 9
5 579 15
5 667 9
6 499 14
6 272 14
6 576 12
6 56 8
6 589 11
7 636 15
7 601 11
7 255 7
7 204 12
7 588 9
8 303 7
8 395 12
8 729 8
4 8 15
8 451 13
9 227 13
9 247 12
9 437 8
9 517 9
9 156 11
9 68 11
10 135 10
10 505 12
10 417 9
10 279 11
10 23 10
11 183 11
11 724 17
11 199 12
11 385 6
11 344 11
11 505 12
12 109 10
12 427 9
12 460 9
12 575 11
12 654 9
12 71 10
12 217 12
13 383 5
13 98 12
13 333 9
13 723 14
13 610 13
13 430 8
14 411 8
14 600 13
14 477 13
14 103 10
15 693 13
15 353 8
15 695 10
15 34 12
15 295 12
16 526 14
16 250 11
16 242 10
16 590 13
16 321 11
17 267 15
17 123 10
17 45 11
17 579 9
17 432 10
17 317 9
18 206 14
18 552 8
18 449 6
18 163 8
19 626 12
19 189 6
19 602 14
19 55 13
19 550 12
20 730 10
20 125 7
20 581 12
20 430 9
21 346 9
21 528 10
21 739 14
21 300 9
21 450 10
22 666 5
22 379 7
22 216 12
22 235 11
22 418 10
22 732 13
23 57 11
23 450 8
23 616 9
23 461 11
1 23 10
24 590 10
24 399 8
24 454 9
24 631 13
24 379 10
25 576 13
25 560 15
25 76 9
25 54 7
19 25 13
25 284 10
26 401 11
26 258 10
26 728 9
26 197 10
27 85 10
27 742 10
27 68 10
27 157 11
28 203 11
28 555 8
28 49 13
28 512 10
28 237 8
29 254 12
29 592 11
27 29 11
29 492 11
30 335 11
30 623 9
30 673 12
30 688 10
31 307 13
31 232 10
31 498 11
31 732 8
32 526 8
32 487 8
32 462 11
32 207 12
32 625 10
33 616 12
33 427 12
3 33 11
33 404 12
33 493 9
33 530 9
34 718 9
34 452 9
34 205 9
34 135 9
34 526 9
35 350 13
35 726 11
35 528 11
35 548 8
35 608 8
36 129 11
36 739 13
36 194 11
36 329 14
36 158 9
36 175 6
36 291 5
37 535 9
37 714 8
37 46 11
37 110 11
0 38 12
37 38 7
38 715 12
21 38 11
38 567 8
27 39 8
39 291 9
39 194 12
39 191 10
39 563 8
39 425 13
39 106 14
40 419 10
40 459 12
40 309 13
40 475 11
41 439 8
41 141 10
41 120 10
41 321 9
41 234 12
41 316 11
42 649 15
42 708 12
42 616 9
42 437 10
42 635 10
43 584 7
43 101 10
43 610 9
43 188 10
43 674 8
43 535 13
44 241 9
44 457 13
44 372 8
44 519 11
44 317 10
45 278 10
45 686 9
45 312 10
45 335 11
46 249 11
46 715 12
46 562 12
46 89 13
46 469 8
47 569 11
47 291 7
47 299 9
47 57 10
48 690 9
4 48 12
48 517 9
48 719 9
48 263 14
48 311 5
49 375 12
49 261 12
49 458 10
49 70 14
49 518 10
50 553 13
50 348 6
50 349 8
50 673 14
51 450 10
38 51 5
51 216 10
52 640 13
52 571 10
52 452 10
52 124 9
52 626 9
53 417 12
53 370 11
53 301 11
53 152 10
53 499 11
53 195 11
53 87 12
4 54 10
54 254 8
45 54 15
54 501 12
55 284 8
6 55 7
55 157 14
38 55 12
55 500 14
56 628 10
56 150 12
56 187 10
56 247 10
56 550 9
56 478 8
57 554 11
52 57 9
57 536 10
57 504 9
57 132 10
57 126 12
58 576 7
58 124 14
58 681 9
58 660 12
59 237 9
59 465 8
59 451 13
59 744 10
59 450 11
2 60 10
60 386 11
60 411 9
21 60 13
60 127 13
60 466 9
61 70 12
61 383 13
61 667 5
61 590 10
61 378 12
3 62 10
62 126 12
62 689 10
62 537 12
62 455 9
63 340 12
63 580 10
63 692 10
63 388 12
63 120 13
64 617 9
64 181 12
64 665 10
64 588 12
64 537 9
65 594 8
65 548 8
65 599 12
65 533 16
65 469 11
66 185 9
66 346 10
66 511 11
66 106 13
66 391 9
66 506 14
67 664 10
67 170 15
67 347 9
6 67 11
67 245 10
67 276 7
68 250 10
68 460 7
14 68 10
68 282 14
69 532 12
69 521 11
69 580 9
69 281 12
69 340 6
69 216 15
70 350 8
70 627 10
70 701 12
70 668 11
70 277 11
70 501 11
20 71 8
48 71 10
71 559 8
43 71 9
71 166 8
71 295 11
72 710 10
72 92 12
72 215 11
72 625 9
72 186 9
73 467 10
73 140 13
73 200 9
73 415 10
73 86 13
73 665 9
74 600 6
74 674 8
74 526 9
74 490 11
74 533 10
74 255 10
75 336 12
75 92 8
75 389 12
75 164 9
75 443 11
76 485 11
76 727 9
76 297 8
76 473 8
76 670 15
77 505 11
77 98 12
77 155 11
77 119 9
78 279 9
78 426 12
78 534 9
78 401 10
78 590 11
78 588 11
78 709 8
79 283 13
79 320 12
79 373 14
79 660 14
16 79 10
5 80 12
45 80 10
80 747 8
80 126 11
80 729 11
81 236 13
81 376 8
81 746 12
81 262 14
16 81 15
82 677 13
82 146 14
82 535 10
83 703 11
83 391 10
83 387 14
83 347 9
83 144 7
83 151 11
83 589 12
84 102 10
84 737 11
84 653 10
84 373 12
85 686 11
85 524 8
85 577 11
85 677 11
85 651 10
86 407 10
86 115 10
86 331 7
86 298 12
50 86 8
86 483 9
87 289 11
87 411 11
87 651 12
87 675 10
88 499 14
20 88 10
88 414 12
88 155 11
88 316 12
89 542 8
89 487 9
89 654 9
89 425 11
89 424 11
89 397 8
90 228 11
90 724 13
90 100 4
90 158 11
90 593 9
90 679 13
90 666 12
48 91 13
46 91 7
91 243 12
91 454 14
91 519 12
92 528 11
92 545 13
92 564 7
92 138 11
93 381 12
93 632 9
93 703 8
69 93 12
5 93 14
94 335 11
94 181 11
94 384 9
94 659 10
94 255 11
94 265 13
95 728 7
13 95 11
95 181 9
95 331 10
95 127 15
95 363 14
96 636 15
96 644 11
96 292 12
96 720 12
97 413 14
97 207 12
91 97 8
97 241 15
97 228 14
98 119 6
98 272 15
78 98 9
98 290 16
99 638 10
99 512 10
99 234 13
99 419 11
99 444 10
97 99 14
100 604 9
100 272 12
100 344 11
100 571 10
101 248 15
101 710 9
101 644 8
101 157 13
101 448 9
101 502 7
101 103 12
102 262 9
102 117 11
102 104 11
102 602 15
103 251 12
5 103 13
103 490 8
103 389 8
103 274 7
103 211 5
104 190 12
104 488 10
104 457 12
104 269 10
104 547 9
105 387 11
105 330 9
105 455 11
105 584 12
105 303 10
105 241 12
105 206 11
75 106 9
106 707 11
94 106 9
106 279 10
106 577 9
107 343 12
107 495 13
2 107 13
107 542 6
108 489 9
108 268 10
108 486 9
108 170 12
108 743 11
109 702 10
109 573 9
109 553 9
109 543 9
110 582 11
110 749 9
110 486 11
110 270 9
110 423 14
110 336 13
111 636 8
111 274 13
111 716 12
71 111 9
40 111 9
111 368 11
87 111 10
112 510 9
112 376 11
112 349 14
71 112 12
32 112 11
113 258 12
113 361 12
113 591 11
113 612 8
113 403 10
113 683 10
84 113 11
114 181 9
114 156 8
114 172 12
114 663 11
114 407 10
114 713 7
115 419 13
115 575 9
115 262 9
115 544 13
115 515 9
84 116 10
116 737 10
116 331 12
116 163 8
116 167 14
39 116 13
117 486 11
117 200 9
117 352 10
117 301 11
117 320 9
118 547 11
118 414 6
118 471 13
118 189 9
118 402 8
118 626 11
118 254 7
119 500 10
7 119 12
119 427 11
119 155 12
120 238 8
120 499 10
74 120 12
120 622 10
120 266 9
6 121 7
121 580 11
121 464 15
122 599 12
56 122 11
122 337 13
122 252 13
122 439 13
122 307 11
123 274 11
123 162 12
123 495 12
123 618 11
123 213 10
124 455 8
124 448 9
124 233 10
124 589 10
125 492 9
125 422 12
125 714 11
125 155 10
126 516 12
126 660 9
126 441 11
126 365 9
126 501 15
74 126 11
127 342 9
127 198 11
127 694 9
127 281 12
127 302 9
8 128 10
128 450 12
128 505 9
128 260 10
106 128 12
128 638 14
129 640 15
3 129 10
129 572 12
130 585 14
130 657 12
130 187 7
51 130 7
131 306 8
131 696 12
131 308 9
132 642 10
54 132 10
41 132 10
132 291 9
132 639 10
133 379 11
133 306 10
133 642 16
112 133 13
10 133 9
133 212 10
133 477 10
6 134 9
134 421 12
134 611 9
134 444 9
134 667 10
131 135 10
135 161 8
135 251 10
54 135 7
135 371 11
136 169 9
71 136 14
136 403 10
136 680 11
136 648 8
137 331 11
137 362 8
137 179 8
137 637 12
137 248 8
58 138 12
138 490 14
138 600 11
138 724 13
139 670 11
139 429 12
139 674 13
139 194 11
139 228 12
139 686 11
137 140 13
30 140 13
114 140 9
140 235 14
140 671 12
140 459 13
141 563 9
141 555 9
141 587 10
141 392 11
141 405 14
141 395 12
141 252 6
142 411 9
3 142 11
48 142 13
142 280 14
119 142 9
7 143 10
143 509 10
143 666 14
143 697 11
77 143 8
144 293 14
144 230 11
144 405 8
144 232 10
144 483 13
145 655 8
145 443 10
145 448 12
93 145 10
146 551 10
49 146 13
128 146 13
59 146 11
146 455 13
46 146 10
50 147 9
114 147 12
147 197 6
147 224 11
147 437 12
148 380 10
148 706 10
148 333 9
78 148 12
148 748 11
149 386 9
149 626 10
149 365 11
149 174 10
149 366 14
150 601 12
150 266 14
150 215 9
150 450 13
150 686 11
150 723 11
150 323 9
151 523 10
151 507 8
151 620 7
151 668 12
151 549 12
151 534 11
152 653 11
50 152 9
152 394 14
2 152 10
152 591 14
153 286 10
11 153 11
153 233 7
23 153 11
153 622 11
153 453 13
154 524 8
154 431 12
154 178 15
154 607 13
151 155 9
155 292 10
143 155 9
155 410 8
155 391 11
82 156 10
156 413 7
156 198 8
156 657 10
156 180 12
156 207 11
157 222 11
157 639 11
157 226 7
157 582 11
157 241 8
158 295 12
158 392 8
65 158 12
158 678 8
158 275 10
30 158 11
158 312 12
159 394 7
159 577 8
159 665 9
159 382 12
159 439 12
159 209 13
160 579 9
160 617 11
160 468 10
83 160 9
160 379 10
12 161 11
161 190 10
161 609 8
161 434 15
161 557 10
162 164 10
128 162 7
162 596 9
27 162 14
162 456 11
143 162 9
163 686 12
143 163 7
132 163 13
163 515 11
148 164 13
164 356 13
164 607 10
164 676 10
164 518 12
152 165 7
165 329 9
165 331 7
166 637 13
166 516 12
166 564 10
84 166 10
166 328 10
166 205 12
167 233 10
25 167 10
167 666 9
167 301 10
72 167 7
167 567 10
167 692 13
168 196 14
168 377 11
168 482 13
168 502 11
169 687 10
169 339 11
169 632 12
170 181 8
31 170 13
171 404 13
171 265 11
171 362 14
126 171 14
172 237 10
172 310 9
26 172 8
172 404 11
173 519 15
173 459 9
173 241 12
173 375 12
174 650 13
174 573 10
174 189 15
174 261 8
174 696 10
175 218 9
175 306 9
175 209 8
175 335 6
175 660 12
175 718 11
176 658 10
176 265 10
176 508 13
176 736 12
176 191 13
20 177 9
177 198 12
177 630 8
177 327 8
170 177 9
177 294 8
178 634 12
116 178 10
178 264 12
178 271 11
179 353 9
179 656 9
179 493 11
77 179 15
179 383 6
179 307 11
180 672 13
180 643 15
157 180 13
82 180 9
181 531 12
181 305 10
181 396 12
140 181 9
181 534 11
181 589 13
182 290 11
182 407 11
166 182 10
183 552 13
183 431 10
183 517 14
183 592 13
183 579 12
184 704 14
12 184 14
82 184 10
184 241 12
157 184 13
184 351 7
185 620 11
65 185 9
18 185 12
32 185 13
185 685 11
186 531 11
186 589 11
186 244 9
187 568 11
174 187 9
187 363 10
58 187 12
188 204 13
104 188 6
112 188 10
188 238 10
188 521 8
188 654 9
188 544 13
153 189 12
189 372 10
189 369 9
151 189 15
189 296 11
190 273 10
152 190 11
190 655 16
190 547 10
190 307 10
7 190 13
10 191 11
49 191 9
190 191 11
191 273 10
191 490 13
190 192 10
192 366 12
192 433 10
192 428 8
192 567 8
139 192 12
192 310 11
193 372 9
114 193 12
193 393 13
112 193 10
96 193 11
193 490 13
63 194 11
3 194 12
194 235 9
195 276 10
195 408 10
195 467 12
195 596 10
196 401 9
93 196 8
196 710 10
196 402 10
196 592 10
23 196 12
197 512 9
197 326 9
86 197 9
197 235 8
103 198 12
198 399 9
198 406 13
198 447 9
198 286 7
198 377 9
199 515 13
199 479 14
199 395 11
199 430 10
199 748 14
199 573 11
199 385 9
200 713 8
200 551 12
51 200 10
79 200 9
144 200 9
201 237 9
151 201 13
201 319 13
201 434 11
159 201 15
201 340 11
202 405 10
202 290 11
88 202 10
202 387 13
203 549 12
203 651 10
203 520 11
203 300 11
203 338 12
203 226 11
204 530 10
204 515 12
204 644 8
204 631 12
204 709 11
205 238 11
205 425 9
106 205 14
146 205 11
205 259 12
206 502 10
172 206 13
88 206 11
206 355 7
206 687 10
206 520 11
207 683 9
207 643 16
98 207 11
207 441 11
207 384 12
208 540 13
57 208 9
208 724 10
208 748 13
208 391 9
38 208 10
208 275 11
7 208 9
209 341 11
38 209 10
209 383 8
209 742 10
210 508 14
154 210 14
211 667 11
195 211 8
156 211 10
211 363 8
211 304 8
211 275 11
212 340 11
212 635 12
212 223 12
139 212 10
213 277 13
213 465 7
213 300 11
19 213 13
175 213 11
214 514 9
28 214 14
214 349 13
41 214 12
196 214 9
214 571 7
215 295 13
207 215 11
215 586 11
215 564 10
178 215 4
215 731 12
216 301 11
216 547 12
216 395 12
203 216 14
216 450 10
216 353 9
98 217 9
217 394 9
217 349 9
106 217 10
217 514 12
132 217 10
218 237 12
218 471 12
218 366 9
119 218 9
218 473 12
218 370 10
219 295 9
219 458 9
153 219 10
175 219 11
219 672 9
37 219 10
220 465 11
220 503 7
220 689 11
220 343 10
220 364 11
221 256 10
221 493 8
221 726 12
221 376 8
92 221 8
135 221 10
222 639 10
222 748 9
222 479 10
222 234 10
223 265 9
188 223 12
6 223 12
98 223 7
126 223 9
223 414 10
131 224 10
224 630 8
224 231 12
224 738 8
224 278 11
225 294 11
225 717 11
142 225 11
225 722 10
50 225 11
225 733 11
226 669 14
226 365 10
226 650 6
226 337 13
226 244 11
226 452 11
227 335 11
227 391 12
227 418 13
227 688 9
228 747 9
228 742 9
150 228 9
228 229 12
229 694 9
229 703 10
229 556 11
229 674 8
230 286 10
230 741 12
230 642 10
230 348 9
230 459 13
230 666 9
230 354 9
197 231 9
3 231 13
231 319 9
118 231 10
179 231 11
232 332 10
176 232 10
232 488 13
83 232 9
232 266 15
233 699 12
22 233 8
199 233 12
233 364 9
93 233 10
233 408 11
234 715 9
165 234 12
234 340 8
235 418 8
235 488 8
235 694 10
235 740 9
236 379 13
114 236 13
236 591 14
236 534 9
168 236 11
54 236 12
168 237 13
237 664 9
237 525 8
237 733 10
237 265 12
65 238 11
238 696 9
238 530 9
238 343 12
238 404 9
239 300 6
239 261 11
239 651 11
68 239 8
239 513 9
240 289 10
240 460 10
25 240 14
42 240 11
240 370 8
153 241 10
241 411 11
152 241 12
132 241 13
241 583 10
135 241 9
241 617 11
242 570 14
181 242 11
242 522 8
242 374 8
243 711 12
243 420 12
138 243 15
243 597 14
4 244 8
244 402 9
244 543 11
22 244 10
86 244 10
244 476 11
245 558 12
245 441 10
245 708 7
245 506 11
245 612 14
245 650 10
246 553 8
246 538 12
144 246 7
246 736 9
162 246 14
246 709 11
21 247 11
247 315 10
247 270 7
50 247 9
98 248 11
248 374 14
95 248 11
114 248 12
248 476 10
249 405 10
249 311 11
207 249 13
250 455 8
250 724 12
214 250 11
250 463 7
251 552 11
251 675 11
54 251 9
251 307 13
251 630 8
187 252 10
252 696 9
252 724 10
252 503 11
55 252 8
252 641 9
63 253 14
51 253 10
145 253 10
253 611 13
19 253 15
254 584 9
254 446 7
254 362 9
254 523 7
254 479 9
254 400 5
84 254 8
255 662 13
255 393 9
234 255 11
255 612 14
256 363 10
176 256 12
256 385 14
256 531 14
256 300 11
255 256 14
256 358 9
257 487 12
257 699 10
180 257 7
63 257 11
257 642 11
105 258 7
258 648 12
258 627 12
258 285 9
198 258 14
91 259 8
259 398 10
259 374 8
259 277 8
93 259 11
259 266 7
137 259 11
259 653 9
260 288 11
260 301 7
260 481 8
261 290 8
261 636 10
261 646 7
261 534 7
262 271 12
262 404 13
262 691 9
105 262 11
262 297 10
262 397 13
263 370 9
230 263 7
263 403 11
74 263 11
263 718 6
17 263 8
264 597 12
264 328 12
58 264 12
5 264 10
230 264 12
264 641 11
265 486 8
265 421 9
238 265 12
265 660 8
110 265 13
266 308 10
266 747 10
266 350 11
266 711 9
266 616 12
119 266 8
226 266 12
267 422 13
267 724 13
267 660 11
267 438 14
267 638 11
267 471 11
268 651 17
165 268 10
134 268 8
63 268 10
269 399 9
269 405 12
269 744 8
51 269 14
269 589 11
77 270 11
154 270 9
4 270 11
31 270 12
271 415 8
271 744 13
271 550 13
271 736 10
271 336 8
271 725 10
272 698 10
203 272 6
272 527 10
272 572 9
272 329 10
273 745 9
111 273 9
18 273 11
273 465 10
273 379 10
273 459 13
274 648 12
274 728 11
274 713 13
274 606 9
274 363 11
224 274 12
275 404 10
275 302 11
275 567 13
275 696 12
275 665 11
175 275 14
189 275 6
107 276 10
40 276 9
276 297 13
276 481 12
276 729 10
276 426 8
277 362 10
277 477 13
277 724 9
103 277 8
277 286 10
278 483 10
278 546 7
278 507 6
137 278 11
278 397 11
254 278 14
124 279 9
279 602 11
279 362 14
279 540 9
181 279 9
228 280 13
280 711 12
280 460 8
280 323 11
280 625 11
281 418 11
281 594 7
281 625 15
281 419 10
282 490 7
282 359 14
282 628 11
282 303 9
282 569 8
283 736 9
283 655 8
283 466 8
284 348 7
284 496 10
245 284 8
23 284 12
284 393 11
285 338 8
285 641 7
158 285 11
285 367 10
285 704 9
190 286 13
286 412 13
114 286 11
219 286 13
286 555 9
169 287 11
287 426 14
209 287 11
262 287 10
287 384 11
241 288 10
288 492 11
288 336 10
289 643 10
81 289 12
58 289 12
289 345 13
289 606 10
287 289 12
290 441 7
290 393 10
290 670 12
290 451 11
55 290 10
250 291 12
291 441 11
23 291 11
291 392 7
291 568 11
292 748 10
62 292 10
292 439 6
292 644 11
292 455 11
292 373 11
293 434 12
293 440 5
293 405 16
293 413 11
245 293 11
294 435 11
294 688 11
227 294 11
281 294 15
23 294 12
295 297 11
273 295 9
7 295 12
295 408 11
100 296 10
296 613 12
296 415 8
296 414 11
290 297 10
297 731 10
297 510 13
65 297 11
298 361 9
10 298 9
298 717 8
298 679 11
176 298 12
299 449 7
299 697 11
299 314 13
299 386 9
191 299 8
299 356 15
300 465 13
300 311 9
300 326 9
41 300 12
68 301 13
301 671 11
218 301 13
301 640 9
57 302 13
302 643 9
277 302 11
52 302 10
302 720 10
303 651 15
303 506 13
76 303 10
303 701 12
68 304 13
304 442 12
304 315 8
143 304 9
304 741 13
239 304 9
305 631 8
305 311 7
305 650 8
305 579 12
306 387 11
167 306 8
306 548 12
306 736 12
306 396 10
306 643 12
307 693 13
307 630 13
197 307 15
307 716 11
307 343 11
307 747 12
308 613 7
178 308 9
308 594 11
308 636 12
308 355 10
308 692 11
158 309 14
230 309 11
309 451 9
309 380 11
150 309 13
310 414 10
301 310 9
212 310 9
23 310 11
310 523 11
183 311 13
218 311 11
311 441 11
187 311 9
311 427 10
311 606 12
311 483 10
312 601 9
196 312 14
205 312 8
312 663 8
248 313 9
182 313 7
234 313 13
313 641 8
313 645 10
192 313 11
218 314 9
314 509 11
163 314 10
314 695 9
314 479 11
314 492 10
83 315 8
315 403 8
114 315 10
282 315 11
315 544 8
316 673 9
49 316 11
118 316 12
316 545 9
316 487 8
316 667 10
317 674 11
317 496 13
189 317 11
317 394 9
302 317 10
317 644 11
58 318 11
147 318 10
318 410 11
42 319 12
258 319 9
319 439 8
22 319 6
91 319 8
319 461 10
71 319 12
320 331 10
29 320 8
320 428 12
320 473 8
320 373 12
320 616 16
320 599 10
240 321 12
209 321 10
321 368 8
321 476 12
275 321 13
321 526 10
322 549 13
322 540 7
180 322 15
0 322 9
233 322 7
184 322 7
323 690 8
323 400 10
291 323 8
14 323 18
244 323 11
319 324 11
324 532 10
30 324 9
324 595 11
260 324 13
325 610 10
248 325 13
325 450 12
71 325 10
325 498 8
326 360 9
326 362 9
326 637 9
326 732 9
327 718 12
98 327 11
327 663 12
100 327 9
327 487 10
327 597 15
328 575 10
304 328 10
328 629 14
328 376 12
222 328 10
329 626 12
65 329 10
31 329 10
329 409 16
329 478 12
329 541 16
330 603 10
200 330 11
330 581 12
330 550 10
330 480 10
330 570 11
203 331 9
261 331 13
248 331 12
158 331 13
237 332 10
35 332 10
332 425 13
333 655 12
300 333 8
201 333 10
333 419 12
333 695 9
47 333 10
96 334 13
264 334 11
37 334 10
334 549 11
334 516 6
335 674 9
325 335 13
335 528 13
300 335 10
335 658 11
119 335 9
336 355 11
336 712 13
98 336 10
335 336 11
336 677 11
336 441 12
337 412 6
196 337 10
150 337 11
337 642 13
324 337 11
338 407 15
141 338 8
307 338 13
326 338 9
174 338 10
117 338 14
218 339 8
244 339 13
114 339 8
340 418 8
35 340 10
333 340 9
340 626 9
340 432 10
340 555 7
341 745 14
341 719 8
224 341 10
242 341 8
341 373 13
341 741 14
342 668 11
37 342 12
342 680 10
224 342 9
44 342 12
343 547 11
343 417 6
343 748 13
343 501 13
241 343 11
76 343 16
344 565 9
201 344 12
344 744 12
123 344 14
344 397 11
344 382 14
345 530 14
81 345 10
160 345 12
10 345 10
345 622 11
346 516 11
346 693 11
346 428 11
346 383 12
84 346 14
346 469 10
347 613 9
107 347 11
93 347 5
169 347 15
191 348 12
348 717 14
183 348 11
46 348 8
348 634 13
348 644 10
47 349 10
94 349 12
349 615 11
303 350 10
101 350 12
350 391 7
350 710 9
16 350 13
351 633 11
351 577 10
351 511 12
351 564 13
352 570 7
164 352 10
352 476 11
238 353 8
149 353 10
353 497 12
265 353 13
61 353 8
276 354 11
354 527 9
12 354 12
261 354 9
354 675 11
354 374 11
354 598 7
355 598 10
37 355 6
117 355 14
177 355 10
326 356 11
74 356 8
356 545 9
356 715 11
93 357 11
285 357 12
13 357 15
4 357 10
39 357 10
126 358 10
358 663 13
358 539 9
299 358 9
115 358 9
359 475 7
251 359 10
359 444 8
211 359 9
359 749 14
359 364 11
360 686 12
316 360 12
101 360 10
360 494 13
68 360 9
356 360 11
178 361 12
361 595 10
361 669 11
361 376 11
361 474 11
164 362 11
362 701 10
362 470 10
362 612 11
262 362 10
363 749 11
363 581 14
114 363 11
363 476 12
9 363 9
9 364 12
364 427 6
364 499 11
262 364 12
84 364 10
365 496 12
264 365 11
123 365 13
365 392 12
365 713 12
365 374 9
366 402 7
103 366 11
366 730 11
56 366 8
46 366 9
367 741 9
367 481 12
307 367 13
367 678 11
348 368 4
368 429 12
51 368 11
17 369 12
369 744 14
369 551 14
369 520 9
234 370 10
113 370 13
370 472 13
106 370 12
370 726 12
197 371 11
371 643 12
371 378 11
33 371 9
371 595 12
230 372 10
372 418 6
372 573 11
373 731 11
130 373 10
46 373 12
288 373 12
92 373 7
374 582 7
374 733 11
374 589 5
374 687 13
324 374 8
375 391 12
294 375 11
70 375 6
118 375 12
376 684 13
376 496 10
336 376 8
376 613 9
228 377 14
244 377 8
327 377 12
72 377 9
377 667 5
10 378 10
378 713 9
378 550 11
213 378 8
378 551 10
379 440 12
379 665 11
379 736 10
379 539 12
215 379 14
380 402 8
380 480 11
203 380 7
380 500 11
310 381 10
381 403 13
204 381 10
52 381 10
381 450 9
7 381 9
44 382 13
382 617 12
302 382 9
245 382 11
46 382 8
383 551 13
11 383 9
322 383 13
170 383 10
101 383 13
383 554 11
163 384 12
363 384 13
384 638 10
15 385 11
306 385 11
385 538 11
385 519 10
116 385 9
385 675 12
340 386 11
315 386 15
386 575 12
386 499 11
387 708 12
387 531 11
387 546 10
387 412 9
387 436 10
387 416 9
388 564 14
275 388 10
148 388 12
388 648 10
240 388 10
388 492 11
389 460 7
235 389 11
289 389 11
389 412 12
389 542 7
238 389 12
390 489 10
314 390 11
390 506 11
390 407 7
338 390 12
390 723 14
391 450 9
391 596 8
357 391 9
391 730 11
292 391 8
3 391 9
391 614 9
392 655 12
234 392 8
390 392 10
392 426 9
130 392 9
16 392 6
118 393 13
220 393 10
393 598 11
393 562 13
302 394 11
394 657 11
100 394 10
88 394 10
394 602 11
394 565 14
115 395 10
395 737 12
395 535 9
395 644 10
327 396 11
396 711 11
287 396 10
387 396 9
50 396 10
285 397 8
397 739 9
337 397 8
311 397 11
397 407 12
239 398 9
167 398 13
398 587 6
229 398 11
220 398 8
398 615 13
370 398 8
362 399 9
399 409 10
333 399 11
345 399 9
400 662 10
400 493 12
400 594 9
400 605 7
219 400 11
334 401 9
401 495 13
401 569 11
401 473 13
401 566 12
401 433 10
402 492 11
357 402 10
16 402 9
242 402 10
166 402 9
46 403 10
403 467 13
403 461 11
403 589 10
80 403 9
404 749 14
112 404 11
260 404 9
83 404 9
404 638 9
405 624 10
405 518 12
295 405 11
102 405 13
23 406 5
405 406 9
406 626 14
406 734 11
406 529 10
406 588 10
10 407 13
347 407 12
272 407 12
78 407 11
407 595 7
253 407 14
408 728 8
360 408 8
408 716 10
408 464 12
158 409 11
2 409 6
409 500 11
82 409 8
56 410 10
112 410 9
410 704 14
410 673 10
227 410 11
410 652 6
410 552 10
55 411 9
196 411 10
350 411 9
97 411 10
411 561 9
165 412 14
412 535 13
412 458 13
412 726 10
413 615 12
153 413 8
330 413 9
413 644 13
381 413 15
230 414 10
414 731 12
414 711 11
414 740 12
415 454 7
352 415 9
415 494 12
77 415 8
404 415 10
415 481 7
416 590 11
373 416 12
416 723 9
416 456 10
416 482 12
318 416 12
417 712 6
417 621 8
297 417 10
119 417 10
418 599 13
418 421 11
418 487 9
418 591 10
419 645 10
419 624 12
133 419 12
106 419 12
295 419 11
162 419 9
419 492 12
420 609 11
381 420 11
420 620 11
420 536 9
349 420 11
40 421 9
242 421 11
204 421 11
180 421 9
107 421 10
295 422 10
244 422 11
422 627 15
203 422 13
285 422 7
369 423 11
63 423 9
423 552 7
87 423 8
46 423 14
424 455 9
424 507 8
348 424 6
424 568 12
424 714 11
47 424 16
33 425 13
183 425 7
425 593 10
425 697 10
426 496 8
323 426 10
213 426 9
426 468 12
65 426 11
426 543 13
426 537 8
427 573 10
191 427 12
427 740 10
427 592 13
427 647 8
295 427 8
320 427 11
286 428 7
428 464 10
292 428 13
428 718 10
31 428 11
378 429 12
3 429 7
417 429 11
256 429 13
109 429 9
107 429 13
91 430 10
402 430 8
430 513 11
202 431 14
293 431 11
118 431 12
432 645 9
432 553 10
115 432 9
432 556 13
433 723 9
433 600 8
182 433 12
307 433 6
433 515 13
118 433 9
136 434 15
434 565 9
434 604 7
200 435 6
435 522 8
334 435 11
21 435 13
252 435 14
366 436 12
403 436 11
436 708 13
301 436 13
65 436 13
436 619 11
436 492 9
205 437 9
437 673 11
3 437 8
341 437 9
87 437 10
437 509 12
438 629 12
201 438 11
302 438 10
229 438 13
350 439 11
242 439 13
192 439 9
77 439 12
424 440 11
96 440 11
383 440 11
291 440 7
440 734 17
440 743 10
387 441 11
441 597 14
39 441 10
441 529 8
442 551 9
294 442 11
18 442 11
442 558 9
442 637 9
78 443 12
443 498 11
443 620 13
136 443 11
443 693 8
113 444 11
406 444 12
444 682 9
444 502 11
444 553 7
444 668 9
41 445 9
369 445 11
445 488 12
265 446 9
446 508 15
446 748 11
446 588 12
447 472 18
447 540 7
256 447 8
447 692 6
221 447 11
96 447 13
447 641 12
448 498 11
234 448 12
374 448 10
448 662 8
448 474 9
449 497 8
318 449 13
449 597 11
36 449 6
450 495 12
227 450 8
450 629 10
251 450 12
441 450 11
451 464 9
451 455 13
164 451 14
281 451 11
452 501 13
382 452 10
95 452 8
452 652 12
452 731 13
238 453 9
453 462 12
453 725 6
328 453 12
453 581 9
453 523 5
111 453 14
454 550 12
454 534 10
273 454 12
198 454 7
298 454 12
94 455 11
394 455 11
412 455 15
455 456 11
455 616 13
454 456 8
74 456 10
118 456 10
456 508 14
38 456 11
135 456 9
21 456 10
457 479 14
67 457 13
46 457 13
188 457 11
457 470 16
218 457 12
375 458 8
445 458 11
458 656 13
409 458 11
181 458 11
358 458 7
371 458 11
459 725 10
295 459 7
183 459 12
200 459 10
459 631 9
321 460 13
299 460 12
249 460 10
130 460 8
102 460 12
461 689 10
461 473 6
175 461 13
129 461 12
109 461 10
160 461 12
67 462 9
142 462 10
462 471 7
115 462 10
40 462 12
463 502 9
328 463 6
463 618 8
463 576 9
463 467 9
464 674 10
464 524 11
464 585 12
464 745 12
464 704 12
464 500 11
318 464 12
465 709 13
82 465 7
39 465 10
395 465 11
301 465 10
290 465 9
466 705 12
335 466 6
466 706 10
422 466 12
230 467 11
234 467 6
242 467 11
467 476 7
36 467 15
468 671 9
468 564 9
256 468 12
468 620 11
66 468 11
272 468 14
93 469 10
360 469 9
469 686 14
469 722 11
469 484 15
445 469 7
470 500 10
232 470 12
470 472 13
227 470 11
424 470 10
77 471 10
471 521 12
213 471 11
471 480 9
471 712 8
118 472 9
472 539 12
472 607 13
472 743 15
472 703 9
454 473 13
473 606 8
336 473 12
309 473 10
473 532 5
473 717 11
377 474 11
474 727 11
304 474 7
7 474 10
195 474 10
351 475 7
310 475 9
255 475 9
465 475 7
246 475 8
439 475 12
422 476 8
476 535 9
105 476 8
177 476 10
298 476 7
477 497 13
477 683 10
477 607 8
414 477 11
460 478 10
116 478 10
478 616 8
478 561 13
55 478 11
478 515 10
391 479 9
479 711 9
384 479 6
59 479 9
479 621 9
474 479 13
331 480 12
409 480 14
353 480 13
480 618 6
457 480 11
336 481 10
282 481 11
481 684 10
206 481 10
351 481 7
356 481 9
95 482 11
97 482 7
71 482 7
482 647 11
483 534 10
162 483 12
277 483 11
231 483 10
484 656 9
484 557 6
484 487 11
232 484 11
484 514 11
131 485 14
126 485 12
354 485 6
485 698 9
152 485 10
275 486 13
86 486 10
284 486 10
486 659 10
148 486 14
49 486 11
312 486 11
487 739 8
153 487 10
390 487 8
274 488 11
488 741 13
409 488 9
488 548 7
488 527 11
488 699 16
283 489 10
427 489 12
489 568 14
261 489 8
196 490 10
267 490 10
163 490 11
151 490 9
20 490 14
130 490 11
491 691 11
10 491 14
317 491 11
301 491 14
414 491 9
277 492 11
89 492 11
492 743 6
492 497 9
141 492 8
492 662 13
493 692 6
409 493 13
493 696 12
433 493 10
266 494 11
22 494 9
197 494 11
494 580 13
170 494 12
494 606 11
495 737 9
257 495 11
141 495 8
496 654 8
223 496 12
234 496 10
112 496 13
496 748 10
355 497 10
64 497 11
436 497 12
1 497 11
131 497 12
202 498 11
69 498 12
16 498 10
498 615 13
498 611 9
499 647 10
237 499 9
363 499 9
299 499 12
56 499 10
219 500 11
195 500 9
73 500 12
483 500 9
500 706 12
386 501 14
501 680 12
472 501 13
159 501 13
14 501 12
88 502 12
502 652 8
459 502 14
502 523 11
502 528 12
22 503 11
503 608 8
146 503 7
504 578 8
504 532 12
407 504 15
464 504 11
504 543 10
33 505 9
505 506 14
244 505 12
184 505 15
323 505 12
145 506 10
22 506 10
259 506 10
231 506 11
492 506 10
418 506 12
367 506 11
123 507 9
61 507 11
21 507 11
371 507 10
54 507 11
507 703 14
207 508 10
480 508 11
508 685 9
508 514 8
316 509 9
186 509 8
98 509 7
282 509 11
164 509 14
376 509 12
322 509 12
510 607 10
439 510 9
325 510 9
346 510 10
225 510 9
511 609 10
305 511 11
511 645 10
199 511 9
366 512 14
185 512 10
162 512 8
488 512 12
212 512 14
105 512 11
236 513 9
513 565 12
513 578 12
513 639 8
514 618 8
513 514 10
247 514 9
56 514 10
117 515 9
225 515 8
29 515 10
515 593 10
145 515 9
515 743 8
279 516 7
429 516 9
516 712 12
517 707 9
18 517 10
270 517 8
101 517 9
296 518 7
518 590 10
119 518 12
347 518 12
257 519 7
519 669 10
519 527 10
139 519 11
519 744 13
520 614 9
520 538 15
86 520 14
520 688 10
333 520 11
388 521 11
509 521 12
521 679 12
521 746 12
211 522 15
466 522 6
176 522 14
522 604 11
197 523 11
53 523 13
16 523 13
403 523 10
283 523 11
8 524 6
315 524 9
324 524 10
524 543 11
491 524 9
52 525 9
511 525 9
209 525 11
523 525 13
525 546 8
525 609 8
526 534 10
28 526 10
153 526 12
155 526 10
526 633 14
383 527 13
360 527 9
527 591 9
67 527 9
441 527 11
460 528 11
239 528 10
464 528 11
43 528 10
224 528 12
528 717 14
39 528 14
529 716 9
121 529 6
159 529 8
9 530 8
530 553 12
162 530 10
530 534 11
80 530 13
249 530 7
531 707 12
355 531 11
90 531 10
271 531 7
532 654 11
60 532 9
151 532 12
432 532 13
148 533 13
28 533 10
69 533 12
143 533 14
534 586 6
169 534 9
282 534 10
182 534 6
164 534 11
300 535 9
535 680 10
358 535 11
535 666 11
342 535 14
535 556 8
143 536 10
536 618 7
287 536 12
536 547 11
536 736 8
376 537 9
372 537 10
283 537 12
89 537 9
26 538 12
538 659 13
401 538 8
538 737 11
168 538 9
274 539 13
539 660 7
539 730 12
539 724 10
539 594 11
104 539 14
501 540 9
287 540 7
352 540 11
540 730 10
159 540 12
540 641 10
2 541 7
280 541 7
201 541 10
541 738 9
248 542 8
542 572 15
542 744 9
518 542 9
230 543 14
54 543 10
444 543 8
543 617 14
438 543 15
544 688 16
434 544 9
292 544 10
248 544 12
545 727 11
545 610 8
484 546 10
471 546 11
155 546 10
287 546 5
540 546 12
546 669 10
395 547 9
350 547 10
432 547 8
547 666 12
106 547 11
547 557 8
365 548 10
300 548 12
548 594 11
391 548 10
321 548 11
407 548 12
549 577 9
265 549 10
243 549 10
250 549 13
61 549 11
354 549 9
36 549 12
425 549 10
211 550 11
513 550 12
550 633 14
296 550 12
147 550 9
406 550 9
103 551 12
239 551 6
551 628 11
551 670 9
197 551 14
313 551 10
401 552 9
552 670 13
243 552 12
542 552 12
261 552 13
387 552 9
553 556 12
451 553 13
395 553 13
448 553 12
285 553 8
418 554 12
112 554 13
138 554 11
459 554 10
554 638 11
354 555 10
494 555 12
1 555 13
555 650 7
72 555 11
163 556 10
479 556 10
500 556 8
213 556 11
29 556 13
556 735 7
380 557 11
440 557 9
452 557 8
58 557 8
247 558 10
146 558 8
508 558 13
153 558 11
558 684 13
25 558 13
559 611 9
559 606 11
559 577 8
426 559 9
559 560 7
240 559 10
278 560 12
560 657 8
496 560 9
560 719 12
300 561 10
307 561 7
376 561 13
461 561 9
37 561 11
399 561 10
130 562 10
44 562 9
562 608 11
124 563 10
515 563 12
563 698 10
563 619 12
94 563 13
110 564 9
564 655 11
373 564 9
7 564 12
222 564 8
565 670 12
565 569 10
27 565 9
38 565 12
3 566 9
316 566 9
29 566 10
194 566 14
354 566 10
158 566 15
293 567 14
4 567 8
376 567 11
169 567 11
567 741 14
241 568 6
568 723 7
445 568 8
201 568 8
224 568 10
569 670 9
64 569 6
569 664 12
569 595 9
570 587 11
515 570 11
208 570 11
435 570 10
571 653 10
398 571 13
68 571 11
571 629 14
363 571 11
16 571 10
404 572 10
437 572 10
385 572 7
572 692 7
351 572 13
573 623 8
171 573 11
101 573 10
180 573 9
438 573 12
322 573 11
402 574 12
25 574 8
535 574 7
197 574 9
466 574 13
511 575 10
438 575 12
575 676 14
106 575 13
576 685 8
576 749 8
567 576 7
102 576 9
100 576 13
153 576 11
545 577 13
379 577 9
577 675 12
577 684 11
577 680 11
75 577 9
5 578 10
578 589 11
290 578 8
578 638 14
169 579 7
6 579 11
579 584 9
579 708 12
57 579 11
390 580 12
371 580 13
418 580 9
580 748 11
30 580 12
581 673 7
85 581 12
344 581 11
58 581 10
553 581 12
187 581 10
582 672 12
582 608 10
523 582 9
291 582 13
583 681 11
583 591 10
9 583 11
233 583 12
365 584 10
148 584 11
501 584 13
32 584 12
585 727 14
22 585 10
426 585 7
508 585 10
387 585 12
37 585 9
52 586 7
586 626 12
566 586 14
275 586 14
586 748 11
345 586 11
437 586 15
82 587 8
408 587 8
543 587 14
537 587 10
519 587 12
96 588 9
188 588 7
62 588 10
51 588 6
429 588 12
47 589 11
278 589 9
499 589 12
480 589 10
589 696 11
538 590 11
44 590 9
590 730 10
590 641 11
591 635 9
467 591 14
591 629 12
350 591 8
581 592 12
592 631 8
513 592 10
592 622 13
86 592 10
408 592 14
459 593 11
569 593 12
564 593 11
193 593 8
580 593 14
225 593 11
587 594 8
51 594 9
450 594 9
290 594 11
565 594 11
594 745 7
595 680 10
595 743 10
66 595 9
528 595 14
484 595 6
562 596 13
596 719 10
100 596 11
341 596 11
93 596 11
514 596 7
268 597 10
597 641 14
33 597 10
597 718 8
532 597 12
157 598 6
207 598 12
532 598 8
383 598 12
218 599 9
599 610 11
517 599 10
599 617 10
370 599 8
561 600 12
78 600 10
459 600 13
475 600 10
164 600 12
344 600 7
319 601 10
19 601 10
601 696 10
595 601 11
509 601 9
446 601 10
223 601 11
160 602 12
162 602 8
382 602 11
602 705 13
59 603 13
601 603 13
270 603 9
456 603 5
603 626 8
604 633 10
278 604 10
281 604 6
91 604 9
157 605 9
605 659 9
605 618 10
479 605 10
188 606 13
441 606 12
89 606 9
567 606 10
604 606 10
598 606 12
555 607 9
424 607 12
607 727 8
157 607 10
315 607 11
608 685 10
168 608 10
56 608 9
567 608 10
99 608 9
147 609 8
609 687 10
481 609 11
388 609 14
492 609 9
119 610 14
528 610 11
198 610 8
224 610 9
285 611 12
239 611 9
611 664 10
611 647 13
611 662 13
120 611 11
611 731 12
612 734 9
431 612 13
499 612 12
439 612 9
559 613 12
183 613 13
585 613 14
589 613 10
614 659 8
280 614 8
102 614 12
209 614 11
245 614 11
55 615 9
508 615 13
91 615 13
615 709 13
130 615 10
616 618 12
616 721 14
464 616 10
278 616 9
617 721 9
610 617 8
321 617 14
58 617 6
261 618 13
299 618 9
216 618 10
618 745 11
53 618 9
619 629 15
54 619 10
520 619 11
354 619 10
608 619 10
542 619 9
619 744 9
367 620 15
613 620 13
620 695 11
22 620 8
272 620 10
530 620 7
389 620 12
548 621 11
218 621 9
621 657 12
620 621 14
334 621 12
583 621 11
143 621 14
430 622 9
622 671 13
497 622 9
516 622 11
602 623 8
192 623 9
49 623 6
93 623 12
608 624 11
180 624 11
167 624 12
391 624 12
445 624 15
276 625 10
150 625 10
60 625 12
368 625 10
272 625 10
425 625 10
423 625 7
457 626 9
626 638 10
312 626 9
509 626 11
401 626 11
371 626 9
536 627 13
3 627 11
568 627 12
303 627 12
490 628 13
267 628 11
486 628 10
628 636 13
628 727 12
629 747 7
220 629 8
529 629 12
269 629 8
235 630 10
277 630 8
138 630 12
19 631 8
358 631 7
157 631 9
99 631 11
304 631 9
316 631 10
151 631 10
420 632 13
323 632 7
214 632 9
310 632 11
24 633 10
77 633 11
16 633 8
498 633 13
325 633 8
111 634 15
28 634 10
135 634 9
47 634 9
582 634 11
586 634 13
18 635 9
301 635 9
635 696 12
182 635 10
366 635 13
189 635 12
131 635 12
374 636 9
324 636 11
84 636 11
636 744 10
636 724 8
636 707 11
444 637 9
38 637 10
545 637 12
216 637 8
272 637 15
146 637 11
390 638 11
13 638 9
113 638 10
270 638 10
196 638 10
365 638 6
55 639 11
412 639 11
256 639 11
639 694 11
178 639 10
269 639 15
554 640 9
43 640 11
475 640 12
605 640 11
429 640 8
26 641 13
237 641 10
641 683 14
139 642 13
211 642 9
564 642 9
642 744 10
513 642 10
329 643 12
6 643 10
643 704 9
229 643 10
570 643 10
83 644 7
320 644 8
344 644 13
587 644 8
213 645 11
517 645 11
391 645 8
329 645 9
306 646 12
326 646 11
643 646 7
356 646 11
486 647 11
220 647 12
647 700 10
438 647 10
425 647 9
648 680 11
188 648 12
520 648 12
324 648 10
587 649 9
434 649 9
40 649 10
632 649 12
649 734 7
639 650 12
650 735 12
489 650 11
650 726 9
593 651 9
398 651 12
600 651 10
651 744 7
161 651 13
359 652 10
652 668 13
652 719 9
652 662 10
589 652 11
293 652 10
601 652 12
327 653 12
653 726 10
527 653 10
319 653 10
343 653 10
625 653 11
553 654 12
654 745 11
368 654 7
639 654 7
654 658 9
655 706 12
373 655 11
448 655 9
96 655 10
376 656 8
292 656 12
254 656 12
533 656 10
421 657 9
423 657 13
548 657 13
242 657 12
552 657 11
658 692 10
630 658 12
372 658 8
506 658 10
658 709 11
41 659 12
277 659 12
11 659 11
659 718 8
588 659 12
488 660 11
602 660 14
484 660 10
385 660 14
346 660 12
660 686 11
147 661 10
368 661 13
216 661 7
252 661 13
251 661 11
443 662 16
475 662 16
28 662 10
662 674 11
87 662 9
565 663 8
15 663 10
663 696 9
309 663 7
653 663 13
589 663 10
663 747 11
262 664 13
148 664 12
73 664 12
45 664 8
466 664 10
359 664 9
138 664 12
145 665 9
515 665 9
70 665 9
377 665 9
222 665 9
367 665 8
277 666 11
287 666 8
361 666 11
63 666 8
327 667 8
295 667 11
594 667 6
473 667 10
396 667 8
153 668 14
659 668 11
377 668 11
547 668 11
65 668 11
668 676 13
157 669 13
669 717 9
334 669 7
574 669 12
131 670 9
670 712 10
71 670 8
355 670 11
248 670 14
391 671 12
668 671 12
264 671 11
553 671 10
120 671 15
510 672 14
672 680 10
494 672 9
447 672 7
157 672 8
149 673 9
229 673 9
152 673 10
412 673 11
175 673 13
415 674 11
567 674 10
674 689 8
509 674 11
373 675 10
511 675 11
573 675 8
256 675 12
502 676 12
32 676 13
44 676 9
458 676 11
368 676 9
677 718 12
173 677 9
485 677 11
495 677 10
79 677 8
242 678 8
655 678 12
320 678 10
26 678 14
408 678 13
296 678 9
99 679 8
323 679 9
113 679 14
117 679 11
174 679 9
510 679 8
214 680 9
585 680 11
680 733 10
615 680 12
169 680 13
35 680 10
354 681 13
253 681 12
597 681 11
217 681 6
40 682 9
368 682 12
51 682 11
288 683 8
56 683 12
598 683 12
159 683 13
659 683 13
250 684 12
102 684 10
282 684 10
684 728 13
498 684 11
627 684 11
214 685 11
259 685 12
516 685 9
685 702 7
116 685 8
81 686 10
646 686 7
511 686 9
377 686 12
687 701 11
687 698 9
379 687 13
666 687 13
335 688 10
590 688 10
688 698 8
150 688 9
436 688 11
599 689 7
542 689 7
458 689 8
298 689 9
649 689 12
256 689 12
280 690 11
350 690 13
17 690 11
199 690 9
688 690 5
326 691 11
81 691 10
368 691 14
632 691 8
394 691 12
448 691 10
671 691 11
692 729 9
127 692 9
321 692 7
519 692 15
69 692 13
83 692 10
254 693 11
558 693 11
196 693 13
173 693 9
604 693 13
3 694 8
30 694 12
479 694 10
358 694 11
604 694 13
19 694 7
689 694 11
102 695 10
275 695 6
650 695 12
272 695 12
695 697 10
205 696 11
60 696 11
190 696 12
644 696 11
592 696 10
177 696 12
692 697 9
385 697 10
6 697 9
654 697 10
186 698 11
337 698 10
483 698 9
446 698 12
362 698 7
489 698 11
588 699 8
222 699 9
678 699 10
663 699 8
376 699 10
200 700 14
65 700 12
88 700 12
27 700 9
664 700 13
673 701 13
209 701 10
346 701 14
243 701 15
424 701 12
701 721 11
533 702 10
17 702 9
84 702 16
397 702 10
217 702 12
250 702 12
34 703 11
32 703 8
157 703 14
622 703 9
40 703 8
689 703 12
39 704 7
667 704 9
54 704 9
628 704 11
74 704 7
388 705 15
449 705 13
424 705 11
141 705 8
454 705 11
524 706 8
499 706 11
706 713 11
145 706 8
685 706 8
285 706 14
388 706 8
225 707 10
171 707 12
177 707 12
516 707 10
478 707 10
406 707 9
187 707 9
25 708 12
252 708 12
141 708 10
298 708 13
200 708 10
655 709 9
337 709 11
304 709 9
375 710 8
311 710 7
175 710 12
615 710 9
139 710 13
166 710 11
29 711 13
630 711 13
591 711 13
200 711 10
82 711 9
619 711 9
703 712 11
494 712 9
258 712 12
238 712 12
557 712 12
6 713 12
520 713 14
501 713 11
312 713 9
201 714 10
663 714 13
314 714 8
508 714 8
672 714 6
377 715 9
403 715 11
715 742 9
255 715 8
715 721 11
579 716 10
645 716 9
151 716 12
228 716 13
175 716 12
400 716 10
203 717 8
492 717 10
89 717 13
328 717 12
95 718 11
98 718 13
649 718 10
663 718 9
496 719 8
239 719 7
671 719 13
476 719 10
165 719 11
20 719 8
592 720 9
500 720 10
455 720 11
26 720 13
523 720 13
686 721 12
145 721 9
584 721 10
626 721 11
413 721 12
618 722 14
532 722 11
393 722 10
119 722 10
461 723 13
99 723 14
90 723 10
677 723 9
196 723 10
328 724 9
215 724 10
374 724 12
381 724 11
414 724 9
141 725 10
157 725 12
601 725 11
725 736 11
133 726 8
102 726 13
124 726 11
30 726 13
586 726 11
553 727 11
117 727 11
187 727 9
337 727 13
301 727 12
653 728 10
368 728 8
531 728 10
496 729 7
290 729 8
729 749 12
381 729 13
36 730 12
481 730 10
418 730 9
113 730 8
48 730 10
491 731 8
644 731 10
224 731 7
279 731 11
702 731 10
639 732 8
685 732 13
405 732 9
406 732 13
368 732 10
211 733 8
520 733 10
345 733 10
321 733 12
427 733 4
703 733 13
131 733 9
588 734 13
174 734 13
144 734 13
290 734 13
410 734 10
338 734 11
157 735 10
578 735 15
495 735 13
97 735 10
54 735 11
666 736 10
186 736 10
362 736 14
656 736 11
74 736 9
350 736 11
575 737 9
133 737 12
267 737 8
403 737 8
257 737 10
257 738 9
283 738 12
105 738 8
220 738 10
591 738 9
341 739 10
184 739 12
140 739 8
691 739 12
517 740 6
330 740 10
574 740 10
661 740 6
271 740 11
350 740 14
430 741 9
122 741 12
11 741 9
563 741 8
694 741 11
182 742 10
738 742 6
537 742 10
325 742 8
574 742 10
342 743 12
443 743 9
9 743 8
489 743 10
177 743 11
99 744 11
64 744 9
382 744 12
674 744 10
354 744 14
96 745 13
167 745 11
164 745 12
255 745 12
71 745 13
496 745 12
738 745 9
108 746 7
38 746 10
375 746 11
632 746 11
519 746 9
346 747 13
485 747 9
584 747 10
613 747 14
570 748 10
416 748 13
147 748 14
444 748 9
26 748 5
725 749 12
637 749 12
564 749 10
701 749 9
