750
0
6
9
3
6
5
10
7
4
1
7
5
1
8
4
6
1
9
6
2
2
7
8
5
5
7
8
2
7
3
8
5
5
3
7
8
5
7
9
9
8
8
7
2
2
6
7
2
7
7
6
8
7
10
7
8
9
7
8
3
5
2
6
8
9
7
1
7
6
3
8
5
6
6
5
6
8
4
10
10
8
5
5
8
3
8
4
9
7
2
9
3
8
4
6
2
2
8
9
8
6
8
8
3
9
6
4
1
8
6
6
6
7
2
9
7
6
6
1
4
5
6
7
10
4
9
9
5
2
7
2
4
9
6
7
6
3
4
2
2
9
4
1
7
2
7
4
3
10
4
7
5
6
10
9
6
9
2
3
4
6
5
1
4
4
8
4
3
3
8
10
7
4
3
6
6
4
2
3
9
4
3
5
8
2
9
4
10
9
2
6
7
9
7
4
3
1
3
5
7
5
4
5
7
2
4
8
4
5
4
9
4
2
1
7
8
3
2
9
10
7
2
1
3
2
5
6
10
3
4
9
9
8
7
2
8
4
5
2
4
5
9
7
9
7
2
4
9
10
9
5
9
2
6
10
9
5
8
8
3
4
6
9
5
8
2
2
5
7
5
10
9
8
5
9
2
3
10
4
6
9
7
4
5
7
9
6
6
5
6
5
7
4
7
5
8
6
2
2
6
5
9
1
4
6
2
5
3
4
8
3
10
1
9
9
7
7
4
6
5
3
4
9
8
8
3
2
9
6
2
2
6
5
2
9
3
9
5
2
10
5
4
6
1
5
5
4
9
9
7
9
6
10
1
2
7
8
7
5
7
3
2
8
6
3
5
6
7
3
3
8
5
2
1
8
1
5
4
5
3
3
3
8
7
10
9
4
5
7
2
4
1
10
9
6
4
2
9
5
5
4
6
8
7
2
8
6
9
3
4
6
7
6
5
10
1
4
6
5
3
9
4
3
7
2
4
2
7
4
2
8
5
2
6
3
8
8
6
10
6
1
5
1
10
4
1
6
8
7
6
6
6
2
5
8
5
8
3
6
9
7
1
4
3
3
6
1
2
3
4
8
6
5
7
7
2
7
2
9
4
1
8
9
8
8
3
4
5
8
4
8
4
3
3
3
7
10
4
4
10
1
10
7
2
1
8
1
5
8
9
8
8
6
8
5
2
5
4
5
1
9
3
4
8
6
10
4
9
2
9
3
2
7
5
9
6
3
5
6
10
9
6
1
1
8
5
1
10
4
9
1
9
3
3
7
6
3
2
2
9
7
6
6
5
1
3
3
2
8
3
6
8
5
6
7
2
5
1
2
8
2
3
2
10
7
9
8
2
7
6
6
5
3
4
6
9
4
3
2
3
4
9
8
3
1
8
10
6
2
5
7
6
7
5
6
7
7
1
5
2
8
8
6
6
8
7
8
9
2
2
4
3
3
5
9
6
8
10
1
5
8
4
3
7
4
3
5
7
4
8
2
5
6
2
7
7
2
7
6
6
7
8
8
2
3
5
3
2
7
7
6
3
4
9
5
1
8
3
2
2
2
1
2
4
5
7
3
9
9
5
3
8
2
1
6
8
6
2
7
4
5
10
9
7
4
6
2
3
6
5
8
7
7
4
7
9
7
3
5
9
2
6
1
9
8
7
10
2
2
2
1
6
2
7
4
3
6
7
3
8
2
9
6
5
4
7
5
7
2
8
0 387 10
1 719 10
1 145 9
2 240 10
2 307 8
3 168 8
1 3 11
4 123 9
4 660 12
4 362 11
5 591 11
5 596 13
5 419 12
5 161 9
6 584 10
6 259 13
7 405 13
7 513 10
7 537 9
8 662 11
8 399 8
2 8 9
9 370 10
9 638 11
9 257 11
10 388 10
10 229 12
10 74 11
11 416 14
11 594 11
11 299 13
11 586 10
11 741 13
12 395 11
12 595 11
12 101 11
12 398 12
13 727 10
13 63 12
14 209 9
14 286 9
15 188 10
15 661 8
15 617 8
15 707 9
16 352 13
16 186 11
16 200 9
16 493 11
17 68 8
17 143 14
17 560 8
17 175 8
18 90 11
18 233 10
18 100 8
18 675 11
19 548 9
19 411 10
20 84 13
20 265 9
20 128 10
21 566 10
21 349 11
22 345 13
22 151 12
22 374 10
22 245 11
23 451 11
23 737 9
12 23 11
24 373 10
24 645 12
24 271 10
25 290 10
25 274 12
25 689 6
26 240 8
26 230 12
26 710 10
27 319 10
27 151 12
27 619 12
28 163 8
28 528 9
28 453 9
28 619 9
29 571 7
29 647 10
30 129 13
30 715 8
30 243 12
30 551 8
30 80 11
31 637 10
31 59 9
32 667 10
11 32 11
32 82 11
33 368 11
33 356 10
34 314 13
34 186 11
35 473 11
18 35 12
35 61 13
35 178 10
35 431 10
36 333 9
36 77 11
36 653 10
36 129 13
36 570 12
37 299 8
37 137 12
38 656 12
38 353 11
38 337 8
39 289 10
39 156 7
39 420 10
39 496 14
40 72 13
40 282 10
41 549 11
41 209 9
41 716 11
41 610 12
42 711 9
42 319 7
43 228 14
43 246 8
44 553 9
45 451 10
45 354 9
45 368 8
45 531 6
46 377 10
46 700 12
46 201 8
46 254 13
46 590 12
47 198 13
47 408 8
47 496 10
47 119 10
48 499 10
48 691 8
48 542 15
48 428 8
48 432 11
49 483 9
49 417 10
49 408 11
50 168 10
50 681 8
51 670 12
51 539 13
51 696 14
52 349 11
52 719 11
52 650 9
53 506 11
53 734 11
53 396 11
53 347 7
54 117 12
54 122 11
54 129 12
55 611 14
55 407 7
55 474 12
56 352 7
57 304 11
57 408 9
57 369 14
1 58 10
58 553 12
10 59 9
59 570 11
59 655 11
60 99 13
60 624 8
60 302 15
60 686 10
61 148 10
61 258 8
5 61 10
62 80 7
62 358 12
63 725 10
63 320 8
63 462 7
64 371 13
64 326 12
64 462 7
65 690 13
19 65 10
65 203 13
65 302 9
4 66 10
66 147 13
67 441 10
67 275 12
67 541 10
68 480 12
68 723 7
69 110 13
69 190 12
69 139 10
70 366 11
68 70 10
70 313 4
71 561 11
71 499 9
71 385 8
2 71 15
72 459 14
72 732 13
66 73 8
73 526 8
60 73 13
73 618 8
74 450 11
74 343 12
74 587 7
74 367 11
75 472 13
29 75 12
75 599 5
75 741 12
60 76 10
76 578 12
76 319 11
70 77 13
77 81 12
77 403 11
78 198 14
78 732 9
79 156 11
79 518 11
79 202 12
79 116 12
79 686 9
80 124 9
81 202 13
81 133 13
81 641 11
82 618 7
82 114 15
83 128 14
83 93 11
83 353 9
83 618 12
83 146 9
84 290 13
84 328 12
10 85 10
85 699 9
85 559 9
86 434 7
86 94 8
86 655 11
87 128 7
87 654 15
72 87 9
88 235 13
88 580 10
87 88 11
88 116 9
89 167 10
89 633 13
90 192 10
91 544 12
91 641 9
91 461 12
92 585 13
92 643 9
53 93 11
93 386 13
94 645 10
94 524 9
94 198 10
94 454 14
95 634 14
95 630 12
96 176 9
96 188 13
96 101 8
96 112 11
97 216 8
97 303 10
97 251 11
98 189 12
43 98 11
99 595 13
99 620 11
100 470 12
100 378 7
100 138 14
101 109 11
101 131 11
70 101 10
101 655 9
102 741 10
102 564 4
103 322 10
103 570 15
104 142 8
104 644 14
104 126 11
104 212 8
77 105 12
105 217 13
105 561 13
106 617 10
106 319 14
107 117 9
107 285 12
107 453 11
100 107 10
107 705 11
108 527 11
109 535 11
109 367 9
109 663 10
110 130 14
110 195 12
110 593 12
110 305 8
111 629 13
111 277 13
106 111 8
111 299 12
112 159 11
113 146 11
113 707 12
114 586 12
114 490 8
114 164 10
59 114 13
107 115 6
114 115 8
116 162 10
116 400 9
116 270 10
116 355 8
117 245 13
117 727 8
117 237 9
117 316 11
118 334 10
118 618 9
118 583 12
119 504 9
86 119 11
119 299 7
119 124 11
119 599 9
120 355 12
120 716 10
120 573 9
121 506 13
121 610 10
40 122 11
122 362 11
122 317 9
123 533 10
123 678 10
123 493 13
123 453 11
124 343 11
124 469 13
124 392 8
125 648 9
54 125 6
126 477 11
126 619 10
126 439 10
126 461 6
127 592 11
127 343 12
128 682 11
128 621 8
128 742 11
129 491 11
90 129 13
130 171 10
130 254 13
27 130 12
130 168 11
131 561 10
131 310 13
132 733 9
132 142 13
133 219 9
102 133 12
133 367 13
134 366 8
134 666 12
134 221 10
134 382 11
135 299 9
135 375 11
135 568 9
136 749 13
136 445 11
136 506 10
137 616 11
106 138 16
138 434 12
138 492 9
139 586 11
139 542 12
140 212 8
140 167 14
140 474 8
141 720 12
141 639 13
141 457 9
142 189 15
142 352 14
142 174 10
143 249 9
143 633 8
144 403 12
144 333 11
144 376 12
144 322 8
145 456 12
10 145 12
145 380 8
146 685 11
10 146 12
147 719 11
147 536 13
147 665 14
148 313 10
148 367 14
148 570 9
148 521 11
149 428 8
149 589 13
149 573 10
150 316 12
150 348 11
150 482 12
151 625 10
133 151 12
152 336 14
4 152 8
7 152 13
152 232 11
153 741 11
32 153 10
153 660 12
154 358 13
154 607 11
26 155 11
155 456 13
155 566 9
155 674 12
156 355 10
33 156 12
156 316 10
156 569 12
157 538 13
157 453 11
23 158 15
158 166 15
158 656 9
158 546 14
159 269 5
159 310 11
159 260 12
159 483 12
160 182 9
160 165 8
97 160 11
160 262 11
130 161 12
119 161 12
162 237 9
137 162 12
162 255 11
162 332 11
163 617 9
163 318 11
49 163 14
164 462 10
164 689 10
164 746 9
165 679 12
165 633 11
165 249 10
165 610 13
166 552 10
166 500 9
166 490 13
166 336 12
167 408 11
167 495 11
167 516 12
75 167 12
168 578 11
39 168 11
11 168 11
106 169 8
169 529 12
169 274 13
170 476 11
170 403 9
171 461 13
65 171 10
172 458 13
172 187 7
172 233 8
172 298 9
2 173 13
173 338 8
138 173 10
174 535 11
174 706 10
174 392 8
174 531 11
175 357 15
10 175 10
175 713 9
176 373 9
86 176 12
176 357 13
139 176 13
177 500 11
177 570 12
177 607 11
177 426 11
178 492 10
178 471 12
178 298 13
178 727 12
179 420 11
179 290 7
179 582 7
180 475 9
126 180 8
180 594 9
177 181 11
106 182 10
182 366 8
85 182 9
182 621 10
163 183 14
183 419 12
183 644 11
184 618 8
184 486 12
184 488 11
185 217 11
185 477 11
185 632 10
186 435 11
186 414 7
187 605 11
187 469 8
187 576 11
188 727 10
188 699 10
188 362 10
17 189 8
189 308 8
190 647 11
73 190 10
190 667 9
190 492 12
178 191 9
191 466 10
192 707 10
153 192 11
192 715 9
192 567 9
183 193 11
163 193 7
193 251 11
194 526 9
194 504 8
136 195 12
195 407 9
195 576 14
196 336 11
196 670 8
196 634 11
197 520 9
181 197 9
198 338 11
198 460 11
198 748 10
90 199 8
200 696 9
171 200 8
200 581 12
7 200 9
153 200 10
201 599 11
63 201 9
42 201 9
202 382 13
202 337 15
202 433 14
60 203 12
98 203 11
203 447 9
203 630 11
203 706 12
66 204 9
191 204 10
204 532 9
3 204 8
205 542 10
205 608 9
41 205 8
206 249 10
206 727 8
206 443 10
206 350 10
206 312 8
207 474 14
207 444 12
188 207 10
207 516 14
208 554 11
209 541 12
209 573 8
53 210 10
210 460 12
114 210 10
74 211 11
211 676 11
211 502 12
89 212 11
212 510 11
212 214 12
213 462 11
214 313 12
214 386 9
6 214 11
214 555 12
215 608 10
215 247 10
216 443 8
216 293 12
216 255 8
216 292 10
59 217 13
217 641 13
217 406 10
218 625 13
47 218 10
219 722 14
220 374 10
220 385 12
220 272 10
221 355 11
61 221 9
222 555 7
222 459 9
223 393 12
22 223 8
46 223 13
224 595 9
197 224 10
224 720 8
83 225 10
225 645 12
226 716 9
32 226 13
226 287 12
226 711 13
104 227 12
227 350 6
227 507 8
227 311 12
228 239 11
228 695 7
228 688 9
37 228 11
229 729 9
126 229 3
229 702 13
153 229 9
222 230 11
230 652 11
174 230 9
108 231 10
231 444 12
177 232 11
232 373 14
188 232 10
233 688 7
234 541 9
234 587 11
234 642 10
112 235 12
7 236 10
236 440 11
236 334 12
158 236 9
237 542 9
42 237 9
237 643 10
237 259 10
238 693 10
54 238 11
238 591 7
107 238 10
239 252 9
88 239 10
239 654 10
240 413 14
240 707 12
108 240 12
241 422 11
147 241 13
241 697 12
16 242 12
242 616 9
243 422 11
243 490 11
243 312 8
243 546 7
211 244 12
88 244 7
244 579 11
58 244 10
245 443 13
168 245 11
245 425 14
246 501 12
247 584 10
155 247 11
247 607 9
247 624 12
248 519 14
186 248 12
248 452 8
16 249 10
249 740 8
249 271 8
71 250 10
250 316 14
250 279 10
20 251 9
251 492 11
251 433 9
251 550 8
166 252 13
252 534 11
253 529 13
105 253 12
253 324 10
253 720 12
214 254 11
254 508 12
254 495 9
254 355 8
254 718 6
255 363 10
255 364 7
246 255 11
256 683 8
138 256 11
18 256 9
157 256 11
134 257 8
257 328 9
200 257 7
195 257 13
258 684 6
258 376 14
258 516 10
258 519 13
209 259 5
77 259 10
225 260 10
260 361 10
260 386 10
260 695 11
261 583 11
261 477 11
262 339 10
262 563 12
262 392 12
263 543 13
243 263 11
143 263 12
263 347 9
263 395 11
264 622 8
264 740 12
171 265 10
258 265 7
266 562 11
177 266 8
266 276 7
132 266 11
69 267 15
267 334 11
69 268 11
268 274 12
268 426 7
108 268 7
268 713 11
269 673 8
269 360 9
66 270 14
270 612 12
270 431 11
271 531 10
271 609 12
38 272 9
195 272 12
272 369 9
272 287 8
130 273 16
273 278 15
273 552 13
274 406 11
275 664 11
275 656 10
53 275 11
276 652 5
276 737 11
116 276 12
276 656 13
276 494 12
82 277 13
277 507 11
277 433 10
278 334 13
91 278 12
279 549 11
25 279 7
280 482 14
280 514 7
280 429 10
281 610 15
281 364 11
35 281 8
281 641 7
282 441 8
159 282 10
7 282 11
69 283 9
283 705 12
284 486 11
284 336 14
58 284 12
7 285 10
285 719 11
97 285 13
286 304 7
286 314 11
287 590 10
287 395 9
287 548 8
288 533 11
288 508 14
66 288 6
103 288 9
289 573 12
119 289 11
200 289 11
211 289 11
290 457 14
110 291 9
275 291 10
292 570 12
292 339 7
292 717 14
292 678 10
236 293 11
293 418 10
147 293 13
59 293 11
23 294 9
73 294 15
75 294 8
2 294 13
63 295 11
122 295 12
295 381 12
295 416 11
199 295 12
296 612 16
296 370 12
98 296 10
265 297 12
197 297 10
220 297 10
298 743 10
298 543 9
298 613 9
298 686 8
298 569 9
211 299 11
183 299 10
300 695 12
300 393 10
300 304 14
300 698 11
301 464 16
281 301 11
302 457 8
115 302 10
141 302 5
91 302 11
303 589 11
303 581 8
303 676 12
187 304 9
110 304 11
304 433 12
305 545 14
243 305 6
241 306 8
91 306 11
14 306 9
306 495 10
161 306 9
41 307 13
307 331 11
307 488 13
131 307 14
307 690 8
92 308 8
213 308 12
308 492 9
308 572 9
309 358 11
309 704 10
309 548 13
309 347 9
309 736 13
310 644 13
284 310 11
310 533 13
310 409 7
311 684 11
311 379 11
312 484 10
301 312 12
313 476 10
313 729 9
314 342 13
314 495 6
83 315 9
131 315 10
315 718 10
316 746 14
316 614 11
181 317 10
317 628 12
318 539 12
254 318 10
318 445 11
187 319 10
319 625 11
319 421 9
292 320 10
320 355 12
321 570 13
321 490 9
321 386 9
321 471 10
224 322 10
322 575 12
29 322 11
322 328 11
323 604 8
34 323 11
324 743 11
325 696 9
147 325 12
294 325 13
326 520 11
326 389 10
237 327 11
327 745 10
327 625 6
263 328 11
328 587 12
329 371 9
323 329 10
329 489 12
256 329 7
330 437 8
108 330 8
330 657 11
138 330 11
38 331 10
159 331 11
332 348 10
332 420 7
98 333 6
333 658 12
243 334 9
334 691 11
33 335 12
335 402 11
335 459 11
336 645 14
108 336 9
321 336 11
336 476 9
337 547 8
248 337 9
337 577 9
338 741 13
339 478 8
85 340 10
340 579 8
174 340 13
341 668 9
341 359 10
207 341 9
50 341 11
341 556 14
166 341 10
342 592 12
342 594 11
256 342 9
214 343 10
343 592 13
256 343 7
343 451 10
290 344 9
344 600 11
344 494 11
344 472 11
159 345 8
228 345 12
345 701 12
49 345 13
51 346 10
346 430 10
83 346 13
347 555 10
347 451 12
319 347 8
142 348 11
212 348 11
58 349 14
321 349 12
322 349 10
350 422 14
350 410 12
165 351 14
204 351 8
219 352 8
352 630 13
352 580 13
353 605 12
353 420 9
353 595 9
353 571 14
186 354 10
113 354 7
84 354 13
264 355 10
185 355 11
356 507 11
135 356 8
356 469 11
297 356 12
69 357 11
273 357 11
357 368 12
318 357 11
358 703 10
7 359 12
126 359 8
360 693 9
68 360 6
360 710 8
361 672 10
361 505 11
361 412 11
353 361 13
132 362 9
169 362 9
329 362 11
362 709 9
363 734 11
363 705 10
363 547 11
363 481 13
46 364 15
64 364 12
210 364 13
365 619 9
365 704 10
366 738 15
88 366 13
366 577 8
47 367 10
287 367 9
367 691 10
56 367 10
367 670 10
46 368 11
368 445 14
105 368 12
61 369 9
131 369 8
369 638 12
369 598 9
370 695 10
370 660 10
109 371 10
371 373 12
372 411 13
372 519 7
372 665 11
372 435 8
373 457 9
183 373 10
374 396 10
374 495 10
375 656 12
254 375 9
375 512 7
375 747 12
375 508 11
376 461 9
140 376 9
138 376 9
376 701 11
376 501 11
365 377 10
377 503 10
347 377 12
358 378 10
378 601 12
378 529 11
208 379 13
45 379 10
379 622 9
379 478 7
349 380 9
380 546 11
380 613 11
249 381 11
381 707 9
381 699 8
359 382 10
345 382 12
383 554 9
7 383 11
383 629 12
19 384 10
231 384 10
149 385 9
385 708 14
386 569 11
343 386 10
386 725 10
387 719 10
368 387 9
219 387 9
282 388 9
326 388 8
388 556 15
388 479 12
388 600 9
267 389 10
389 475 9
389 622 14
390 722 10
58 390 12
391 623 10
17 392 11
392 455 8
392 691 7
129 393 10
128 393 6
162 394 10
395 570 13
282 395 10
395 457 12
253 396 9
293 396 8
396 622 12
396 462 12
277 397 7
397 419 10
397 613 15
397 644 10
398 706 9
368 398 9
398 479 15
187 399 10
399 485 13
399 471 10
251 400 8
390 400 7
180 400 15
177 401 11
401 585 12
401 651 12
402 558 10
363 402 10
42 402 9
20 402 11
226 402 11
315 403 11
403 618 8
403 542 11
403 409 8
377 404 8
404 493 10
148 404 10
87 404 10
405 485 9
406 687 13
406 724 12
407 606 11
407 633 11
408 411 11
71 408 8
262 408 9
177 409 12
92 409 9
409 734 10
42 410 9
410 613 7
271 410 9
287 411 12
377 411 10
231 411 10
412 712 16
412 744 10
413 589 12
296 413 10
97 413 11
216 414 13
414 482 7
294 414 11
217 415 10
157 415 13
416 565 12
416 547 11
416 452 12
416 440 10
417 568 13
417 481 13
391 417 11
140 417 8
125 418 12
418 582 11
84 418 12
307 418 13
390 419 8
182 419 10
420 667 8
420 712 10
354 420 9
420 520 11
65 420 12
366 421 11
421 565 7
421 460 9
352 422 10
305 422 13
423 668 12
13 423 12
424 466 12
105 424 13
121 424 13
425 601 9
294 425 9
425 599 10
426 727 10
343 426 14
242 426 11
418 427 10
308 427 12
50 427 10
317 427 13
368 428 10
342 429 9
323 429 11
168 429 10
111 429 13
275 430 13
119 430 9
286 431 13
431 438 11
62 431 11
141 432 12
432 556 14
25 433 9
433 479 13
394 433 12
187 433 6
434 502 12
434 556 10
434 503 10
435 617 11
12 435 11
430 435 13
318 436 8
392 436 10
16 436 11
343 437 11
438 668 9
385 438 7
398 438 9
166 439 12
439 521 11
364 439 11
326 440 11
261 440 10
441 675 11
161 441 13
189 442 11
442 690 9
216 442 9
218 443 10
163 443 10
5 443 13
337 444 10
138 444 10
445 694 9
445 588 8
445 719 8
67 446 12
332 446 12
48 446 10
283 446 9
390 447 11
305 447 12
447 483 13
447 602 9
34 448 10
348 448 12
112 448 13
449 616 11
41 449 13
335 449 10
348 450 13
450 516 12
244 451 7
451 734 9
451 619 10
452 609 8
383 452 10
373 452 8
453 475 10
453 496 9
453 695 9
454 499 14
360 454 9
119 454 13
277 454 8
255 454 8
455 618 14
455 631 11
322 456 12
331 456 11
456 460 13
159 456 11
68 457 12
83 457 7
458 672 11
342 458 12
458 612 8
225 459 6
439 459 11
313 460 8
125 461 9
425 461 11
450 461 10
144 461 10
273 461 10
129 462 13
399 462 12
462 706 11
462 626 10
463 606 15
342 463 10
142 464 10
464 745 10
169 464 11
204 465 14
465 743 9
432 465 9
177 466 11
466 624 9
319 467 11
302 467 12
436 467 11
394 467 11
8 468 11
468 661 10
102 469 11
395 469 13
469 493 10
470 476 11
206 470 14
155 471 9
46 471 9
471 589 14
471 630 10
118 472 14
472 520 10
462 472 13
472 491 11
473 543 8
120 474 12
474 574 10
145 474 10
247 475 9
475 668 10
476 501 12
422 476 14
207 477 8
477 583 9
380 478 6
293 478 6
74 478 8
148 479 12
467 479 10
469 479 9
480 669 9
480 733 10
9 481 8
349 481 10
116 481 9
14 482 12
124 482 9
400 482 11
255 482 11
218 483 11
483 491 12
410 483 12
483 645 7
180 484 12
484 560 10
10 484 7
300 485 10
173 485 13
291 486 11
486 606 9
487 581 11
487 723 11
53 487 10
219 487 16
488 606 11
50 488 10
487 488 10
147 489 10
328 489 13
242 490 13
136 491 12
117 491 12
492 737 12
427 493 12
400 493 8
493 640 11
32 494 15
5 494 9
494 631 6
244 495 8
492 495 13
147 495 11
325 495 8
442 496 15
481 496 7
416 497 9
191 497 10
215 497 11
428 497 10
192 498 11
499 693 12
64 500 11
231 500 8
500 594 11
501 603 9
293 501 9
501 720 9
174 501 10
273 501 9
502 544 7
484 502 12
53 503 9
503 679 12
170 504 10
504 622 14
86 504 12
104 505 9
279 505 11
315 505 10
506 538 8
368 506 9
506 722 12
102 507 12
460 507 12
508 720 12
507 508 12
365 508 10
509 647 11
184 510 9
427 510 9
277 510 11
460 511 13
191 511 10
298 511 9
279 512 9
43 512 10
512 596 7
183 513 7
494 513 11
261 513 13
514 576 8
422 514 9
499 514 8
135 514 13
515 690 9
63 515 11
201 515 9
516 666 14
196 516 12
349 516 11
516 644 15
375 516 10
407 517 11
299 517 9
517 600 9
518 526 11
351 519 12
78 519 12
519 678 11
520 656 8
413 520 8
520 611 9
319 521 6
522 721 14
521 522 15
522 585 8
225 523 11
249 523 11
523 534 12
79 524 12
270 524 10
410 524 8
159 524 9
336 525 12
236 525 13
169 525 12
494 525 11
408 526 10
384 526 12
74 527 7
527 702 9
527 555 9
294 527 9
208 527 8
8 528 8
444 528 14
299 529 9
384 529 11
289 529 12
334 530 13
28 530 10
304 530 10
445 530 10
257 531 11
531 695 13
409 531 9
532 555 10
532 672 11
456 532 10
144 533 13
533 620 12
214 533 12
44 534 9
199 534 7
419 534 10
313 534 13
164 535 8
330 535 9
521 535 12
536 624 10
536 623 12
536 696 7
536 628 10
205 537 11
537 566 9
486 537 12
141 537 13
538 718 10
323 538 9
87 538 11
539 650 13
421 539 13
254 540 11
540 604 9
275 540 13
370 541 10
292 541 11
541 571 10
495 542 13
542 670 10
248 542 12
518 543 13
254 543 9
543 582 11
257 543 11
240 544 9
93 544 12
545 666 10
33 546 9
9 546 8
547 615 11
73 548 12
129 548 10
35 549 10
175 549 11
120 549 9
48 550 11
550 618 11
264 550 8
144 551 13
384 551 9
341 551 10
552 610 12
33 552 9
552 740 10
80 553 11
531 553 9
244 553 11
468 553 9
16 553 11
279 554 14
554 559 14
239 555 10
396 555 10
516 555 8
555 736 9
470 556 12
8 556 9
175 557 9
352 557 10
110 557 11
62 557 11
83 558 11
488 558 11
427 558 15
559 651 13
540 559 11
373 560 10
449 560 9
561 589 10
500 561 12
561 679 10
160 562 15
562 691 7
491 562 11
444 563 10
214 563 13
465 563 10
464 564 8
564 651 13
343 564 12
564 666 13
180 565 9
14 566 10
519 566 9
286 566 10
249 567 16
34 567 14
567 603 9
320 568 13
119 568 12
42 569 9
258 569 10
569 585 9
191 570 12
173 570 15
524 570 12
371 571 10
314 571 13
49 571 14
514 572 7
17 572 11
23 573 10
114 573 14
504 573 13
176 573 11
99 574 10
473 574 9
209 574 11
575 696 13
479 575 12
518 576 7
524 576 13
480 577 11
264 577 8
504 578 12
535 578 9
382 579 9
158 579 8
579 713 8
545 580 11
580 718 11
535 580 12
538 581 10
52 581 7
314 581 14
274 582 9
187 582 8
24 583 13
448 583 12
584 620 9
96 585 9
585 749 11
240 586 11
587 719 12
75 587 7
587 681 13
414 587 6
561 588 11
384 588 9
528 588 10
300 588 9
589 688 11
327 589 10
589 711 12
58 589 12
288 589 10
239 590 11
257 590 9
320 591 10
316 591 14
337 591 8
592 745 10
592 727 11
592 738 9
592 651 14
95 593 9
126 593 7
498 593 13
594 681 10
123 594 8
3 595 10
54 595 10
458 595 13
200 595 16
405 596 9
506 596 10
333 596 11
533 596 10
254 597 11
345 597 11
96 598 8
577 598 8
536 598 10
599 602 10
394 599 10
200 599 10
210 600 9
118 600 10
329 601 11
601 672 8
390 601 14
602 664 9
602 711 14
91 602 9
602 736 13
603 727 13
603 648 14
603 677 8
168 603 10
604 678 11
220 604 12
282 604 7
40 604 7
163 604 9
404 605 13
547 605 13
605 611 9
601 606 6
606 732 9
522 606 13
375 606 7
48 607 8
482 607 12
608 712 9
515 608 11
608 630 14
59 609 11
523 609 10
142 609 6
610 687 11
585 610 11
205 611 11
236 611 10
443 612 10
243 613 12
80 613 9
231 614 8
392 614 10
3 614 11
449 615 9
468 615 10
475 615 11
223 615 11
106 616 8
616 635 12
617 637 10
598 617 11
602 617 12
559 617 13
404 618 11
607 618 10
94 618 12
37 618 13
360 618 10
434 618 10
201 619 10
72 619 11
41 619 11
513 620 13
620 746 10
556 621 9
188 621 8
473 621 12
97 622 11
590 622 12
326 622 11
72 623 10
494 623 12
311 623 10
0 624 16
309 624 11
624 695 8
142 625 11
143 625 10
120 625 10
299 625 11
55 626 13
145 626 12
626 663 9
627 749 12
68 627 12
393 627 14
542 627 12
29 627 10
259 628 10
628 714 11
183 629 10
135 629 10
10 629 12
249 629 13
29 630 14
242 630 14
175 630 7
89 631 11
390 631 10
439 632 13
399 632 10
632 717 9
17 633 8
176 634 11
56 634 13
598 634 9
226 634 11
37 635 11
635 652 11
221 635 10
350 636 11
636 718 7
515 636 11
282 637 10
235 637 9
637 701 11
524 637 11
345 638 12
639 677 13
549 639 9
3 639 8
452 640 13
378 640 10
431 641 11
225 641 10
439 641 9
227 642 8
554 642 8
642 739 11
333 643 9
68 643 10
409 643 10
644 661 12
644 725 11
143 644 14
645 697 10
617 645 14
192 645 13
593 645 10
645 695 11
413 646 12
322 646 10
647 720 8
116 647 9
332 647 13
647 658 10
337 647 11
648 698 9
532 648 9
425 648 11
173 649 10
649 719 10
514 649 14
346 650 13
650 727 11
170 650 11
588 651 8
555 651 12
387 651 10
129 652 11
213 653 13
643 653 11
93 653 8
90 653 14
551 654 12
298 654 11
654 681 9
145 655 12
426 655 13
363 655 10
489 656 10
656 693 7
60 656 15
478 657 12
533 657 11
12 657 10
424 657 10
373 658 11
92 658 12
223 658 12
654 659 10
293 659 11
587 659 10
640 660 15
362 660 8
195 661 12
223 661 9
567 661 11
366 662 8
361 662 9
260 662 13
430 662 9
290 662 11
436 663 7
663 671 13
307 663 12
582 663 12
108 664 9
215 664 10
547 665 10
31 665 8
67 665 13
322 665 11
636 666 11
558 666 13
57 666 10
287 666 15
15 666 16
462 667 8
220 667 14
96 667 9
133 668 8
668 703 12
669 728 9
374 669 10
669 730 14
411 669 11
392 670 8
517 670 11
46 671 11
533 671 12
389 672 12
639 672 13
470 673 12
150 673 8
381 673 11
376 673 13
523 673 12
507 674 9
400 674 7
155 675 13
613 675 11
87 675 13
115 675 11
248 676 10
384 676 6
125 676 9
113 677 14
434 677 9
675 677 5
55 678 12
472 678 13
43 678 14
638 678 10
532 679 12
25 679 13
652 680 10
17 681 10
488 681 9
649 682 14
451 682 12
316 682 6
33 683 17
683 691 10
121 683 8
393 683 12
522 684 10
56 684 9
626 684 9
671 685 11
35 685 10
559 685 10
160 685 11
331 686 10
637 686 11
413 686 12
492 687 10
687 706 8
687 721 9
316 687 8
351 687 10
89 687 5
26 688 10
373 688 12
515 688 14
545 689 12
441 689 14
689 730 11
343 690 10
87 690 9
261 690 9
389 691 9
136 691 8
122 691 11
132 692 12
374 692 9
88 692 9
45 693 9
268 693 12
131 693 8
533 693 11
424 694 10
679 694 12
491 694 10
558 694 12
472 695 14
87 695 10
223 695 13
562 696 8
96 696 10
169 696 12
500 697 8
102 697 13
593 698 9
228 698 10
627 698 13
377 699 12
429 699 13
367 699 13
353 700 11
659 700 11
50 701 11
552 701 10
702 710 9
540 702 9
680 703 7
640 703 11
615 704 12
599 704 10
663 704 7
627 704 13
535 704 10
428 705 14
45 705 15
623 705 8
382 706 11
392 706 14
192 706 14
472 707 10
19 707 13
86 708 10
48 708 10
374 708 9
151 709 10
314 709 8
533 710 7
631 710 14
57 710 13
144 710 13
624 711 13
280 711 15
656 711 10
80 711 10
596 711 11
281 712 12
127 712 10
328 712 9
491 713 11
24 713 13
663 713 11
29 714 12
456 714 8
67 715 10
531 715 11
566 715 10
495 715 7
17 716 9
64 716 6
581 716 14
585 717 6
645 717 11
183 718 9
66 718 11
418 719 12
347 719 13
126 720 8
76 720 9
582 721 12
81 721 12
171 721 11
588 722 10
620 722 12
422 722 10
3 722 13
12 722 9
200 723 12
436 723 13
266 723 11
313 723 10
307 724 10
724 747 10
451 725 12
441 725 8
473 726 12
484 726 11
664 727 10
558 727 13
648 727 10
255 727 11
562 728 9
381 728 10
228 729 13
683 729 10
694 729 12
370 730 11
95 731 8
500 731 14
514 731 6
291 731 11
271 732 13
29 732 16
397 732 12
232 733 11
583 733 7
251 733 14
135 734 10
267 734 13
55 734 10
182 734 8
566 734 12
455 735 12
637 735 10
683 735 10
177 735 13
118 736 12
119 736 14
277 736 11
607 736 12
156 737 7
214 738 12
628 738 14
510 739 13
288 739 10
606 739 13
739 746 12
573 740 12
65 740 13
645 740 11
222 741 10
216 741 11
698 741 8
702 741 12
319 742 8
63 742 11
296 742 13
259 743 10
647 743 13
480 743 7
141 743 11
617 744 11
218 744 10
231 744 12
208 745 11
557 745 10
729 745 10
10 746 12
467 746 9
601 746 11
330 746 12
77 747 10
709 747 9
722 747 11
180 748 11
328 748 9
213 748 15
376 749 8
667 749 8
216 749 11
690 749 8
