750
0
7
4
7
6
2
5
3
9
7
8
6
9
7
10
5
3
6
7
6
8
5
7
10
4
1
4
2
2
2
6
4
5
6
9
4
6
7
3
7
4
5
9
2
9
9
9
4
7
3
6
8
9
2
9
2
3
3
8
10
7
1
1
5
1
4
8
4
4
2
8
4
7
10
8
2
9
3
5
7
10
6
3
3
9
8
3
10
7
2
2
2
5
3
3
2
4
5
3
6
9
9
6
3
2
1
6
8
4
2
4
3
2
10
7
7
3
1
5
4
6
3
4
7
1
2
4
8
7
1
4
8
8
3
4
9
3
2
9
7
4
5
3
8
8
10
5
6
6
1
2
3
5
9
2
5
2
3
10
7
8
10
4
4
7
5
4
2
4
6
9
5
10
1
8
8
1
2
5
6
2
7
10
1
5
1
3
5
6
2
5
4
8
5
7
10
7
7
5
9
4
3
7
5
9
3
10
4
8
6
8
4
8
7
3
8
6
3
8
9
4
8
7
3
10
10
9
6
2
2
10
4
8
3
8
9
4
8
9
3
6
1
8
4
8
1
10
1
10
5
2
3
4
1
3
4
10
8
8
3
5
2
7
2
8
9
7
6
4
8
5
6
2
4
8
3
1
4
3
6
7
5
7
6
6
4
1
8
9
10
2
10
8
9
6
7
9
9
3
7
9
8
2
6
10
5
1
2
1
5
5
5
2
8
7
3
9
5
7
4
3
5
6
3
6
8
9
3
3
4
9
4
5
3
5
8
7
1
9
4
9
8
7
4
6
7
9
5
4
8
10
9
10
5
10
7
4
5
8
8
2
4
6
1
8
8
4
5
6
4
7
2
7
4
8
7
3
8
7
7
8
2
7
2
4
3
2
5
3
5
9
5
10
3
3
5
2
6
1
7
4
7
8
1
6
2
4
4
10
4
8
10
6
3
9
2
8
8
3
6
2
3
2
2
5
4
4
9
3
9
4
10
2
6
8
6
8
5
3
3
2
5
9
6
9
5
8
1
8
1
4
8
8
8
3
3
9
7
5
8
8
7
3
4
10
2
5
10
9
2
5
4
8
3
9
2
4
5
5
2
4
8
4
5
4
3
2
9
8
8
8
6
5
8
3
9
8
7
2
4
7
4
6
4
4
7
8
5
7
3
4
6
10
4
4
6
3
8
2
10
4
10
3
8
2
6
10
4
4
6
3
7
2
3
9
8
3
6
7
6
6
5
3
5
8
2
9
2
2
10
7
3
7
3
8
3
2
7
9
4
5
3
5
9
2
2
8
3
2
3
9
6
9
3
4
6
7
7
9
4
6
9
7
2
6
9
7
2
8
5
8
5
7
3
7
8
1
9
5
9
8
8
6
4
3
4
7
4
3
5
7
6
1
3
8
7
3
3
4
2
10
9
1
9
6
1
4
10
3
7
9
4
10
10
5
6
4
2
5
5
1
7
6
7
8
7
7
2
8
2
1
5
5
1
2
1
10
5
7
10
6
7
9
2
4
3
10
8
3
9
2
3
4
6
9
9
3
9
3
3
8
7
6
5
3
9
5
6
1
7
2
5
8
9
2
7
6
1
6
2
7
2
10
7
2
6
9
8
5
3
2
4
8
2
1
7
8
4
4
9
7
9
3
3
3
10
5
2
2
9
8
4
7
7
6
10
4
7
10
10
4
10
9
3
7
5
7
8
5
7
0 515 6
0 589 12
1 509 8
1 331 10
1 568 9
2 472 12
2 500 11
2 544 11
2 157 9
2 734 11
3 160 8
3 702 11
4 210 10
4 301 10
5 489 12
5 600 12
5 397 11
6 284 6
6 389 9
7 707 13
7 650 12
7 580 13
8 186 10
8 711 12
8 733 10
9 496 11
9 635 12
10 511 10
10 139 9
11 349 11
11 616 14
11 415 12
11 594 12
12 304 12
12 38 11
12 224 14
13 698 13
13 743 7
13 17 12
13 37 10
14 56 11
14 426 10
14 717 8
14 167 9
15 310 13
15 642 10
16 234 11
17 174 10
17 611 9
18 53 7
18 362 10
18 430 9
19 61 11
20 176 12
20 591 9
21 719 10
21 666 8
21 638 11
22 743 9
22 178 8
22 48 10
23 296 11
23 589 9
23 110 13
24 638 10
24 227 12
25 140 12
25 681 13
25 342 10
26 497 8
26 659 8
26 258 12
27 671 12
27 199 11
27 456 5
28 584 10
28 179 13
28 661 9
29 227 9
29 274 10
29 194 11
30 133 11
30 699 17
31 155 9
31 275 9
32 335 12
32 686 11
32 126 6
32 503 11
33 216 11
33 214 12
33 362 9
34 682 14
34 430 10
34 316 10
35 341 12
35 569 12
35 627 6
36 522 14
36 710 8
26 36 10
37 67 13
37 91 10
37 568 13
38 720 9
38 101 10
38 424 12
38 292 11
39 568 14
39 261 13
39 114 8
39 512 13
40 137 13
40 573 10
40 738 11
40 198 14
41 253 14
41 57 9
0 41 9
41 120 13
42 706 7
42 508 9
42 732 11
43 554 11
43 159 13
43 651 11
43 657 7
43 383 13
44 597 7
44 610 11
44 190 11
44 399 9
45 228 11
45 268 10
45 683 12
46 179 9
46 91 10
46 555 10
47 666 8
47 135 11
47 587 15
48 399 9
48 357 11
48 94 11
49 387 13
49 494 10
49 651 11
49 643 16
49 451 11
50 314 9
50 519 10
50 677 10
50 343 7
51 361 8
42 51 8
51 231 12
51 405 8
52 500 9
52 470 11
53 247 6
53 524 12
41 53 10
54 169 11
54 639 10
28 54 6
55 520 10
55 114 12
55 491 12
56 424 17
57 701 14
57 116 12
57 660 13
57 587 13
58 374 16
58 260 12
14 58 13
59 719 9
59 350 11
59 198 10
60 467 10
60 187 8
4 60 9
61 253 11
61 453 7
61 587 10
62 187 10
62 332 8
62 623 6
62 555 13
62 707 9
63 587 11
63 380 12
63 249 10
63 609 9
64 510 10
64 169 10
64 344 9
65 179 8
65 296 9
66 123 9
66 638 8
9 67 14
67 495 10
67 130 12
8 68 11
68 262 10
56 69 12
69 738 10
69 639 8
70 461 10
37 70 13
71 255 12
71 396 12
71 646 11
72 504 9
41 72 11
73 265 11
73 620 12
74 634 11
74 701 13
74 498 9
74 739 8
75 141 10
75 258 10
75 524 11
76 347 10
76 343 14
76 502 9
76 384 10
76 253 10
77 455 12
77 155 10
1 78 11
78 701 6
10 78 10
79 673 9
79 687 9
79 272 9
80 709 12
81 265 13
81 140 14
81 256 10
82 106 11
82 306 9
82 212 14
83 680 9
83 315 12
83 693 11
83 401 13
84 713 14
84 405 14
84 530 11
84 584 13
85 416 9
85 398 12
86 118 9
86 388 11
83 86 10
86 312 8
87 222 12
87 194 15
88 439 9
88 286 11
88 390 11
88 358 10
88 574 7
87 89 12
89 606 10
89 105 11
89 92 11
90 276 11
90 616 10
0 91 9
91 501 12
92 307 12
92 146 11
92 289 13
92 172 9
92 635 11
93 702 9
93 556 12
93 436 13
93 179 9
94 180 12
94 495 11
94 229 12
94 601 13
94 432 8
95 140 9
95 620 9
95 580 11
96 479 11
96 524 11
96 298 12
97 584 10
97 514 11
98 139 11
40 98 10
3 98 11
55 98 15
98 637 12
97 99 11
99 236 10
19 99 12
99 497 7
100 109 9
100 643 10
100 424 10
90 101 12
60 101 5
101 603 10
102 634 11
102 579 14
102 294 12
103 318 6
103 727 10
104 724 10
104 253 13
105 705 9
105 505 14
105 158 10
106 369 11
34 106 9
106 237 9
106 125 10
107 135 12
107 110 11
107 119 9
107 618 8
108 704 10
108 232 11
108 582 15
109 265 11
109 621 11
110 571 10
110 367 10
53 111 7
111 477 10
26 111 13
112 250 13
112 185 5
112 564 13
112 584 11
112 406 8
113 718 11
113 312 11
114 360 6
114 376 7
114 272 12
114 427 13
115 659 10
115 592 13
115 706 12
116 557 10
116 684 11
116 128 10
116 672 11
117 304 10
117 337 10
118 147 9
118 720 15
118 569 13
119 538 9
119 644 13
120 303 10
120 620 6
121 298 11
121 133 10
122 166 8
122 443 12
123 351 10
123 142 7
124 414 11
124 358 6
124 416 9
125 342 7
125 420 6
125 539 11
67 126 11
126 670 9
127 544 9
127 137 10
127 191 12
128 349 12
128 401 11
128 298 11
128 394 9
128 545 10
129 565 9
76 129 10
129 171 10
129 330 11
129 321 11
130 271 13
130 266 14
78 130 10
131 391 12
131 237 9
131 289 7
131 141 8
132 673 10
132 189 8
132 688 14
133 341 10
25 133 13
133 148 10
134 589 12
134 331 9
134 450 8
135 541 15
135 255 10
135 248 11
135 337 8
136 412 12
136 142 5
136 274 14
137 544 15
137 426 8
138 580 9
138 202 9
138 323 7
138 310 7
138 149 11
139 220 16
54 139 14
139 444 13
140 350 12
140 156 8
140 230 8
116 140 11
141 560 11
141 617 11
142 643 13
142 555 7
142 615 11
143 390 11
143 702 12
143 732 11
11 144 12
144 673 7
144 747 10
145 232 13
145 367 11
146 590 8
146 194 9
147 273 9
147 518 7
147 200 11
148 666 8
148 607 11
122 148 13
148 624 11
149 595 12
149 612 9
149 455 12
150 735 10
150 358 7
150 284 13
77 150 13
151 514 11
57 151 8
152 547 12
152 498 14
152 338 6
153 616 10
153 490 9
11 154 11
154 309 10
155 523 11
71 155 11
155 219 10
156 471 10
156 613 10
156 245 10
156 600 13
157 270 11
157 234 12
157 194 7
157 345 13
158 574 8
158 719 11
103 158 11
158 634 7
159 707 12
130 159 8
160 478 14
160 640 11
160 433 11
161 443 8
161 512 10
162 525 10
4 162 9
162 628 8
162 469 12
162 746 13
111 163 9
98 163 9
164 745 11
164 301 14
164 719 8
53 165 11
165 666 11
165 629 10
165 732 13
85 166 6
166 340 9
166 294 9
166 370 12
80 167 9
131 167 9
168 593 8
168 636 6
169 419 12
169 462 8
169 311 11
65 170 12
170 338 12
170 610 5
96 170 11
170 705 13
171 260 11
0 171 11
3 172 10
37 172 8
100 172 13
173 656 11
173 646 11
26 173 13
173 726 14
174 639 10
79 174 11
24 174 14
175 613 11
65 175 12
31 176 12
176 297 13
176 677 12
80 176 10
176 573 14
177 212 9
177 188 13
148 178 9
178 413 7
57 178 11
178 708 10
178 567 11
102 178 11
179 258 15
179 677 14
179 712 10
180 395 10
180 575 9
180 456 8
181 692 14
126 181 12
182 343 10
182 734 15
182 350 12
183 439 14
138 183 11
172 183 9
52 184 8
184 305 11
185 708 12
185 278 13
185 204 12
33 186 14
186 276 10
186 586 7
19 186 9
187 433 9
187 735 7
158 187 9
187 673 7
188 528 10
188 281 12
189 744 8
189 531 10
189 243 13
189 272 10
190 226 13
182 190 12
191 360 11
191 734 9
191 399 12
81 191 9
192 745 13
192 211 13
3 192 10
37 193 9
193 569 9
193 608 8
193 696 11
64 194 10
194 385 7
195 633 8
196 718 11
196 712 12
197 748 10
197 671 12
197 626 7
197 480 10
197 647 11
198 453 10
198 539 8
198 688 14
199 737 11
157 199 12
199 310 10
200 717 11
200 406 13
200 527 10
102 200 9
201 721 12
201 540 8
201 217 8
202 314 13
202 482 11
203 697 10
203 337 11
204 665 12
204 554 13
204 478 13
205 336 13
205 618 11
45 206 10
206 350 10
207 293 10
207 570 7
207 595 9
207 616 9
207 550 12
207 223 12
208 562 9
208 315 8
208 519 10
209 727 9
209 416 10
210 486 12
210 648 11
132 210 13
210 323 8
211 239 11
211 589 5
0 211 11
27 212 10
18 212 13
212 358 12
212 214 10
89 212 10
213 528 9
213 448 13
213 454 9
214 708 11
26 214 10
2 214 13
215 472 11
138 215 8
52 215 9
215 409 15
216 496 12
216 472 11
216 650 7
137 217 11
217 645 10
217 489 7
218 520 13
218 674 12
219 485 10
219 539 4
102 219 7
219 455 10
220 524 14
220 278 9
220 656 12
140 220 8
2 221 13
221 628 12
221 247 12
221 417 12
222 580 10
222 246 8
222 262 11
223 361 10
223 406 10
223 312 12
224 442 10
224 719 7
224 286 9
225 339 12
225 352 7
226 596 7
57 226 8
227 647 12
227 737 11
227 622 8
228 278 11
228 554 13
228 584 12
229 251 12
84 229 11
229 287 10
90 229 12
183 230 10
173 230 8
230 646 12
151 230 11
231 467 11
231 260 11
231 453 12
59 232 11
232 730 11
233 374 6
233 517 9
173 233 9
75 233 11
234 464 10
64 234 10
234 307 4
221 235 10
212 235 12
236 384 11
236 499 12
236 290 10
237 627 14
237 277 13
237 549 15
237 582 8
124 237 12
238 598 11
238 579 13
239 269 12
240 696 10
240 449 12
240 386 13
4 240 12
241 446 12
87 241 11
238 242 14
242 490 13
242 384 7
243 463 10
243 361 13
151 244 14
244 693 10
244 647 7
244 334 13
244 290 14
245 621 9
246 538 9
246 330 11
247 405 11
222 247 12
247 498 9
248 707 12
248 273 11
248 435 9
248 486 11
104 248 12
249 330 11
242 249 11
249 293 10
21 249 12
249 739 8
37 250 10
250 688 8
119 250 12
110 251 9
58 251 11
251 655 10
170 251 7
114 252 12
103 252 11
135 253 14
253 465 13
253 417 14
83 254 8
254 673 10
254 259 9
226 255 13
255 421 12
255 708 13
256 363 11
122 256 9
256 591 12
257 320 9
257 526 10
258 740 8
258 587 9
258 484 10
259 657 12
177 259 6
259 314 7
259 542 10
165 260 13
260 489 10
261 329 10
41 261 12
261 715 11
162 261 10
95 262 9
262 480 15
142 262 10
263 543 12
258 263 8
250 263 9
245 263 11
68 263 12
98 264 11
35 264 9
264 399 11
265 321 14
265 319 9
190 265 12
265 461 11
266 481 12
205 266 6
10 267 9
267 476 13
267 299 9
246 268 7
268 646 11
269 415 12
57 269 13
130 270 11
177 270 11
103 271 9
96 271 9
271 728 14
272 441 5
273 308 12
273 566 9
273 567 9
274 362 9
152 274 10
274 484 10
15 274 10
275 649 11
275 334 6
276 538 9
157 276 11
276 498 11
277 522 11
277 331 10
277 409 7
277 314 13
278 527 11
241 278 9
279 377 11
279 503 5
90 280 8
280 443 11
281 310 13
281 702 10
226 281 10
132 281 10
84 282 11
16 282 12
1 283 11
283 721 10
283 471 11
283 434 10
284 693 10
284 327 11
110 284 11
285 665 10
213 285 11
285 375 8
284 285 13
286 294 12
286 491 9
286 628 11
286 437 10
287 371 8
287 575 11
105 287 5
287 749 12
287 744 8
279 288 12
92 288 9
288 428 10
93 289 12
289 664 9
289 308 14
290 634 13
291 550 13
291 697 12
237 291 9
291 743 12
66 292 12
292 518 13
293 492 12
293 647 8
293 307 5
294 392 11
127 294 9
295 552 13
295 716 11
189 295 12
59 296 12
296 373 9
296 628 13
296 355 8
120 297 9
297 658 12
297 619 11
100 298 9
298 696 10
298 554 11
298 329 10
299 302 10
299 670 11
299 482 9
299 554 10
3 300 11
300 309 13
300 344 11
95 301 8
301 346 14
272 302 8
58 302 10
302 662 10
303 427 10
51 304 10
304 592 7
304 743 14
15 304 10
305 511 9
0 305 10
305 415 11
130 306 11
306 456 11
98 306 9
306 579 12
307 617 13
307 666 9
307 589 10
3 307 13
238 307 12
267 308 12
51 308 11
308 731 8
309 357 12
309 533 12
310 431 11
213 310 9
108 310 8
310 579 13
236 310 11
158 311 8
311 446 10
311 394 15
20 312 8
302 312 9
313 316 14
160 313 8
43 313 8
313 414 14
314 459 10
314 562 10
279 315 10
315 502 10
9 316 6
38 316 13
317 704 11
317 436 11
317 542 10
297 317 12
317 526 8
318 495 10
318 609 11
294 318 9
318 598 12
318 375 7
318 448 13
12 319 8
299 319 9
201 320 10
320 516 8
268 320 11
50 320 5
169 320 11
321 522 10
94 321 9
322 705 11
322 641 8
323 429 13
246 323 10
239 324 11
322 325 9
325 704 14
8 325 8
191 326 11
76 326 12
246 326 12
250 326 12
273 327 12
327 504 10
328 549 11
328 451 8
328 552 9
328 654 10
329 514 8
329 505 10
330 529 11
330 548 13
331 674 9
331 372 10
125 331 10
162 332 12
332 416 11
332 575 10
333 543 7
210 333 11
334 433 10
192 334 9
169 334 10
335 701 8
335 525 9
2 335 11
24 335 12
288 336 10
336 526 12
323 336 9
286 337 8
337 549 9
36 338 8
338 389 6
338 738 10
339 683 7
139 340 12
174 340 10
36 341 17
23 341 9
162 341 14
324 341 12
29 342 10
75 342 7
111 342 8
343 721 8
343 604 10
343 665 10
344 626 9
344 627 7
233 345 10
154 345 8
345 456 10
346 545 12
346 623 11
273 346 11
347 492 7
113 347 12
150 348 13
315 348 11
349 691 7
349 622 9
349 497 12
350 482 7
239 350 10
351 480 10
351 618 9
1 351 14
192 351 9
351 665 6
223 352 9
352 464 9
148 352 10
198 353 10
33 353 11
353 683 12
354 556 9
354 587 11
355 404 10
168 355 12
173 356 7
62 356 12
51 356 13
156 357 10
357 393 10
357 744 12
358 732 10
137 358 10
358 391 15
359 590 11
359 421 11
49 360 8
1 361 15
278 361 11
361 547 10
176 362 12
23 362 9
57 362 9
108 362 12
137 363 14
363 748 12
47 364 9
217 364 13
364 394 14
364 602 12
194 365 12
129 365 10
365 642 10
366 658 7
279 366 9
366 571 10
167 366 7
367 745 14
278 367 12
305 367 12
19 368 12
368 571 14
18 368 9
368 703 6
99 369 9
211 369 9
369 437 13
370 462 9
370 597 11
370 636 10
371 570 13
71 371 14
289 371 12
372 436 12
372 701 12
372 705 10
373 638 11
353 373 6
373 377 12
373 739 12
204 374 11
374 702 12
216 374 11
38 374 11
375 470 15
375 414 12
289 376 11
376 524 12
376 613 10
33 376 10
377 606 10
377 456 9
334 377 8
377 497 9
378 615 10
378 529 6
378 710 13
37 379 11
379 398 17
380 432 10
332 380 10
336 380 11
381 638 8
6 381 12
125 381 14
116 382 11
341 382 10
300 383 11
383 671 11
85 383 11
253 384 11
262 384 12
350 385 10
157 386 15
386 645 8
387 658 10
42 387 11
327 387 9
132 388 14
60 388 12
389 636 9
389 599 12
223 389 8
84 389 10
313 390 9
390 412 14
100 390 9
37 390 13
390 422 11
318 391 8
143 391 11
307 391 9
392 608 11
130 392 13
26 392 11
74 393 9
393 454 12
394 442 9
122 394 13
6 394 8
395 741 12
384 395 12
72 396 10
344 396 10
396 547 13
249 396 7
396 593 9
121 397 14
290 398 5
273 398 12
398 432 14
209 399 12
399 729 8
319 399 11
399 576 11
198 400 12
237 400 10
282 401 8
210 401 12
44 401 6
384 401 11
145 402 7
375 402 7
402 457 8
72 403 10
384 403 14
84 403 11
403 602 9
209 403 10
386 403 11
404 681 12
404 470 9
329 404 11
366 404 10
304 404 11
133 404 12
405 643 14
405 543 12
58 406 10
340 406 12
44 406 9
407 527 7
407 637 13
118 407 13
65 408 7
408 471 9
399 408 15
409 560 10
409 589 14
409 566 10
194 409 9
350 410 10
133 410 10
410 451 9
118 411 9
117 411 12
335 411 11
126 412 13
188 412 7
283 412 10
413 716 8
206 413 7
413 702 9
414 741 11
107 414 12
414 546 9
341 415 12
119 415 12
68 416 13
201 416 10
416 619 11
417 662 10
239 417 9
352 417 12
417 731 8
137 418 9
418 445 10
44 418 6
367 419 10
94 419 11
193 419 14
78 420 9
150 420 10
420 508 11
421 583 12
159 421 12
374 421 9
422 495 14
274 422 13
62 422 10
423 693 11
89 423 12
423 437 11
378 424 10
305 424 13
425 643 6
425 626 9
237 426 9
109 426 12
159 426 6
426 462 14
365 427 8
107 427 9
427 607 7
47 427 12
354 427 14
401 428 11
428 744 12
428 708 10
429 547 10
183 429 13
429 533 8
430 613 11
430 436 13
265 430 13
264 431 12
431 563 10
49 431 12
431 560 10
432 701 8
238 432 10
323 432 13
433 574 13
408 433 11
433 560 10
313 433 14
73 434 11
250 434 10
305 435 11
66 435 12
46 435 13
436 584 6
431 436 10
97 436 12
48 436 12
437 595 13
438 692 8
438 640 10
438 593 12
439 493 7
125 439 12
439 563 12
347 439 10
440 581 8
440 536 9
440 670 9
277 441 11
14 441 10
442 535 6
442 678 11
443 599 11
208 443 13
59 443 12
135 444 11
186 445 10
83 445 10
104 446 13
446 476 8
446 648 9
119 447 11
183 448 11
448 733 12
448 482 14
81 448 10
424 448 7
65 449 11
449 730 8
165 449 7
153 450 13
324 451 13
276 451 8
451 732 12
188 451 9
451 495 9
136 452 9
205 452 13
166 453 7
439 453 11
453 505 11
235 453 10
454 574 11
454 691 11
455 585 12
455 634 9
84 455 12
434 455 9
365 456 11
448 456 11
456 599 12
457 672 7
457 627 13
457 624 7
20 457 8
72 458 9
458 627 11
196 458 12
372 458 10
432 458 7
341 459 10
265 459 9
459 682 9
227 460 12
159 460 10
308 460 10
460 475 10
461 636 15
461 627 10
461 530 11
285 462 11
194 462 12
462 723 10
78 463 8
463 571 9
351 463 11
307 463 11
464 669 9
136 464 12
464 661 11
464 698 9
244 464 8
246 465 12
374 465 10
342 465 10
465 472 12
465 588 10
466 684 11
466 533 10
17 466 14
467 530 12
467 630 12
292 467 9
139 467 6
91 468 11
332 468 12
177 468 12
277 468 11
182 469 11
469 617 12
470 595 9
345 470 9
212 471 12
327 471 13
366 471 9
113 471 9
472 588 11
472 485 11
110 472 13
102 473 11
473 718 13
474 553 11
474 741 10
141 474 13
475 597 11
475 530 11
475 708 11
323 476 10
75 476 10
278 476 11
477 609 13
294 477 11
478 544 10
212 478 10
435 478 11
410 479 11
279 480 10
480 498 9
219 481 11
338 481 11
482 596 14
147 482 11
252 482 13
483 692 10
205 484 10
484 684 15
484 604 8
484 677 11
264 485 10
485 745 14
53 485 12
196 485 12
485 527 11
486 552 9
486 628 10
393 486 11
21 486 7
95 487 9
343 487 11
280 487 11
488 550 11
488 678 11
489 743 10
439 489 10
9 489 9
490 739 13
491 712 12
491 550 9
422 492 12
492 693 11
493 632 11
385 493 11
467 493 9
493 694 14
275 494 14
494 498 10
138 494 9
495 645 10
283 495 11
136 496 12
75 496 12
70 496 10
496 589 7
114 497 11
33 497 9
260 497 9
241 498 8
498 550 14
148 498 9
246 499 9
499 500 11
0 499 15
436 500 14
500 623 8
11 500 9
258 501 12
501 634 9
480 501 11
201 501 14
257 502 14
416 502 10
144 502 12
182 503 11
206 503 8
503 726 12
41 504 12
110 504 11
38 504 12
159 504 13
505 632 10
404 505 8
272 506 12
506 618 12
506 706 11
507 561 12
507 586 11
493 507 12
154 507 8
508 654 10
189 509 9
257 509 7
209 509 10
510 586 8
459 510 7
389 511 12
122 511 10
251 511 12
511 605 11
135 512 11
306 512 7
198 513 11
244 514 10
514 555 8
514 659 10
462 515 10
487 515 9
120 515 9
475 515 10
436 516 12
516 739 13
38 516 8
516 608 8
516 627 10
444 517 13
162 517 10
181 518 7
112 518 11
518 720 12
73 518 9
519 697 11
519 738 10
240 520 9
303 521 10
244 521 12
73 522 11
220 522 9
393 522 8
338 523 13
414 523 7
214 523 13
145 523 14
436 524 10
133 524 10
9 524 8
270 524 11
521 525 12
36 525 11
229 526 10
222 526 13
210 526 9
169 527 9
240 527 16
277 527 10
95 528 9
419 528 10
514 528 7
529 562 11
529 640 10
285 529 11
98 530 10
447 530 6
83 530 13
120 530 10
313 531 12
347 531 9
106 532 9
532 580 12
493 532 9
296 532 10
303 532 10
54 533 10
533 709 10
133 533 5
439 533 10
226 534 10
486 534 10
534 668 9
535 560 11
535 661 9
535 576 15
124 536 8
536 636 11
131 536 10
393 537 12
491 538 11
538 744 10
469 538 8
539 637 8
344 539 11
37 539 8
357 539 11
274 540 14
540 626 10
537 541 10
218 541 13
313 541 10
218 542 11
219 542 12
327 542 9
542 700 9
543 547 12
67 543 10
436 543 9
83 544 11
544 650 12
8 544 10
377 544 13
79 545 13
422 545 11
545 678 9
36 545 10
546 607 9
546 650 12
331 547 10
191 547 7
547 738 8
171 547 11
439 547 10
383 548 11
21 548 9
193 548 11
401 549 12
29 549 9
157 549 9
339 550 12
235 550 14
550 605 13
163 551 9
35 551 9
551 713 7
552 625 10
552 712 12
429 552 10
82 553 13
174 553 12
96 553 8
239 553 10
220 553 11
405 554 7
4 554 16
294 554 10
246 554 12
346 555 9
520 555 13
555 589 12
539 556 7
157 556 10
557 677 8
483 557 10
557 639 11
218 557 12
502 558 10
190 558 10
307 558 10
219 559 11
559 577 11
320 559 8
56 559 10
560 577 12
560 600 8
135 561 8
561 599 6
561 701 10
488 561 5
56 562 10
562 686 10
547 563 10
132 563 12
534 563 10
563 578 11
564 688 11
409 564 10
374 564 10
421 565 6
565 664 12
565 710 8
555 566 9
478 566 11
449 566 7
567 675 8
562 567 8
519 567 9
386 567 8
295 568 12
568 688 10
112 568 7
569 712 10
350 569 13
248 569 11
160 570 11
570 713 11
319 570 11
22 571 9
542 571 12
55 571 8
571 675 11
469 572 12
427 572 11
524 572 13
395 572 12
573 661 9
265 573 9
573 744 12
251 574 10
574 653 6
273 574 9
119 574 11
494 575 7
517 575 11
136 575 11
391 576 11
538 576 7
576 699 10
147 576 11
540 577 10
283 577 10
457 577 8
578 704 10
338 578 10
288 579 9
450 579 7
330 580 9
76 580 12
346 580 10
78 581 14
581 601 11
72 581 13
118 582 9
459 582 10
178 582 10
410 582 10
382 583 14
312 583 8
583 749 10
580 583 11
341 583 13
0 584 11
503 584 9
246 584 10
585 718 10
186 585 8
585 741 12
504 585 9
585 745 9
585 631 13
75 586 13
223 586 11
345 586 8
403 586 11
14 587 9
83 587 7
588 736 11
319 589 9
589 643 9
589 623 11
96 590 13
590 723 12
89 590 12
72 590 12
399 590 10
79 591 12
591 636 7
310 591 11
100 591 11
92 592 14
592 601 11
580 592 10
593 604 11
362 593 9
208 593 9
512 594 13
472 594 8
365 594 10
487 595 12
117 595 10
508 595 9
234 595 11
568 595 17
596 724 8
192 596 9
597 710 9
598 611 11
426 598 10
598 642 11
598 672 12
233 599 9
475 599 12
249 599 10
348 600 8
600 659 10
325 600 13
338 600 8
60 601 8
331 601 7
447 601 13
576 602 10
165 602 10
452 602 10
310 603 10
603 745 10
390 603 11
545 604 8
541 604 10
603 605 9
605 629 9
530 605 8
451 605 6
410 606 8
514 606 13
334 606 7
405 607 11
166 607 13
218 607 9
502 607 11
478 608 16
210 608 10
225 608 11
225 609 8
270 609 10
331 609 9
570 610 11
402 610 13
564 610 11
37 610 13
67 611 9
284 611 12
433 611 10
527 611 8
463 612 12
600 612 8
612 680 13
118 612 12
612 620 11
534 613 8
613 691 13
113 613 9
278 613 10
492 614 13
13 614 10
203 615 11
371 615 11
98 615 13
103 616 15
455 616 11
610 616 11
111 617 8
64 617 10
189 618 10
618 635 7
618 621 12
619 668 9
260 619 8
182 619 12
620 699 13
510 620 11
621 720 10
346 621 9
565 622 14
27 622 10
561 622 11
623 746 11
5 623 12
623 745 9
561 624 10
540 624 10
267 624 13
31 624 10
174 624 10
563 625 14
398 625 13
44 625 13
49 626 7
139 626 11
167 627 12
220 627 10
537 627 10
542 627 10
545 628 10
547 628 8
518 629 8
547 629 11
202 630 9
630 651 9
273 631 7
193 631 12
134 631 9
631 745 12
242 632 8
271 633 9
337 633 11
469 633 9
177 633 10
386 634 10
450 634 11
635 656 11
570 635 9
596 635 9
89 636 13
435 636 10
212 637 9
352 637 11
300 637 7
39 637 6
141 637 9
538 638 9
586 639 14
639 691 12
622 639 9
314 640 11
513 640 10
121 641 10
290 641 8
571 642 11
343 642 10
403 643 8
155 643 16
601 643 11
524 643 9
644 661 10
79 644 11
586 644 12
101 645 10
645 710 9
265 645 9
298 645 9
389 646 7
357 646 6
647 738 10
631 647 8
191 647 10
415 648 10
107 648 9
353 648 12
112 649 7
360 649 11
551 650 12
0 650 15
424 650 8
445 651 11
336 651 11
320 651 7
293 651 9
651 657 13
467 652 11
64 652 11
140 652 9
499 652 10
365 652 9
302 652 12
316 653 10
510 653 11
529 653 11
148 653 9
416 653 6
313 654 9
652 654 10
299 654 13
654 721 6
432 655 6
412 655 11
484 655 10
382 656 11
421 656 14
547 656 12
297 657 11
367 657 11
397 658 10
65 658 12
4 658 13
214 658 12
659 729 11
659 747 12
81 659 12
111 660 10
660 674 10
76 660 10
523 660 10
125 661 9
92 661 13
37 661 11
363 661 6
512 662 10
128 662 8
566 662 12
662 705 9
407 663 12
101 663 14
206 663 13
476 663 12
310 664 10
242 664 10
459 664 9
466 664 7
434 665 10
408 665 12
657 665 12
440 665 12
482 666 11
523 666 5
96 667 11
225 667 13
667 705 10
15 668 11
478 668 14
114 668 8
5 669 10
642 669 10
21 670 10
640 670 9
285 670 11
671 678 12
671 701 8
457 671 13
200 672 9
233 672 9
673 717 10
432 673 10
513 673 9
598 674 8
88 675 12
646 675 12
153 675 10
122 676 8
181 676 11
676 738 12
109 676 14
224 676 9
202 676 9
447 677 11
401 677 10
494 677 9
147 678 14
93 679 11
135 679 9
456 679 11
178 680 10
676 680 9
640 680 11
589 681 14
554 681 11
58 681 9
296 682 11
479 682 12
682 707 13
500 682 13
123 683 11
315 683 12
199 684 11
409 684 10
684 724 14
164 685 10
182 685 10
80 685 12
685 686 13
33 686 13
225 686 7
292 686 12
182 687 7
88 687 9
514 688 8
279 688 9
637 689 12
538 689 8
418 689 8
94 690 9
496 690 14
656 690 12
25 690 13
632 691 9
586 691 12
228 692 11
582 693 9
360 693 14
250 693 9
495 693 10
525 694 10
190 694 12
179 695 14
68 695 12
365 695 11
187 696 9
327 696 14
696 702 9
654 697 13
533 697 11
284 698 11
588 698 8
683 698 8
690 698 9
134 698 11
315 699 10
350 699 14
410 699 9
11 699 11
154 700 10
287 701 10
701 737 8
676 701 7
664 702 12
14 703 9
357 703 10
336 703 15
172 704 11
533 704 11
492 704 10
499 704 10
319 705 13
40 705 9
706 745 11
590 706 10
591 707 14
205 707 7
707 730 10
60 708 12
659 708 11
513 709 10
202 709 11
172 709 11
289 710 12
63 710 10
196 710 10
487 710 11
698 710 10
314 710 14
606 711 12
205 711 11
287 712 8
93 713 11
405 713 11
382 713 9
173 713 10
287 714 8
401 714 7
320 714 4
38 715 12
326 715 13
30 715 10
401 715 11
218 716 11
166 716 11
40 716 9
622 717 13
220 717 10
347 717 7
431 717 11
676 718 9
283 718 11
327 718 10
17 719 10
420 719 12
85 719 10
398 719 11
607 720 10
148 720 10
315 721 9
296 721 9
540 721 10
722 726 12
360 722 8
389 723 13
682 723 13
318 723 12
110 724 11
114 724 12
636 724 11
685 725 13
516 725 11
360 725 10
170 726 7
726 731 6
682 726 13
530 727 11
727 740 11
605 728 12
359 728 12
717 728 11
412 728 14
104 729 8
523 729 12
126 730 11
514 730 13
85 730 14
478 730 13
576 731 7
410 731 11
402 732 13
331 732 12
335 732 10
475 733 11
423 733 9
264 733 10
686 734 12
635 734 11
112 734 12
683 734 7
81 735 11
561 735 12
222 736 9
211 736 12
94 737 9
249 737 9
418 737 10
381 738 13
361 739 8
444 739 10
336 739 9
211 739 7
688 740 12
717 740 10
435 740 10
715 741 9
653 741 10
266 741 10
412 742 14
491 742 8
53 743 8
508 743 14
371 743 7
608 744 9
156 744 10
51 744 11
697 744 11
77 744 14
199 745 11
131 745 9
122 745 9
457 746 7
62 746 11
478 747 14
661 747 8
379 747 9
258 747 10
60 748 11
204 748 10
699 748 5
559 748 10
28 749 9
721 749 11
