750
0
4
10
2
7
2
2
9
8
3
6
4
6
9
9
4
6
7
5
8
7
7
9
7
3
2
3
4
7
4
2
1
9
10
1
5
8
1
2
9
2
10
1
5
7
6
7
3
7
6
5
7
9
9
4
4
9
3
3
5
3
1
9
2
9
2
7
3
6
9
2
6
4
2
2
6
6
6
4
2
9
8
1
4
9
2
2
2
7
9
10
3
7
7
7
4
9
1
9
9
2
7
1
7
9
4
9
5
3
10
9
4
9
9
2
4
4
9
8
2
3
8
3
7
4
9
6
8
3
5
7
6
5
9
7
3
2
10
3
10
2
9
5
6
7
8
9
6
7
5
7
7
10
7
8
4
7
2
7
4
7
7
9
6
5
6
5
7
5
2
5
1
8
9
1
2
9
7
2
8
8
8
10
4
7
10
9
4
7
8
5
10
5
2
1
9
8
4
4
7
5
3
2
7
9
10
8
4
5
3
3
2
8
2
9
2
6
4
4
7
7
5
9
3
6
6
2
6
3
2
4
10
2
2
2
2
7
8
4
6
2
6
1
7
6
2
7
5
8
3
9
8
6
7
4
2
1
9
4
3
5
9
2
7
5
5
5
4
1
4
9
4
7
6
5
4
6
10
6
8
10
3
5
7
10
6
1
7
1
5
9
7
1
2
6
6
3
3
7
10
1
8
5
5
9
2
1
2
6
6
4
3
9
3
8
10
8
6
8
10
2
7
3
3
7
9
5
8
3
9
2
6
2
3
2
1
3
5
3
7
8
6
7
4
4
9
4
7
8
9
5
1
8
2
1
8
7
9
6
5
6
9
8
2
7
4
2
3
7
9
2
4
9
8
1
9
2
3
6
2
4
9
4
7
7
2
6
4
5
8
4
3
6
10
1
6
5
7
8
9
2
5
1
4
9
3
8
3
3
5
7
10
5
6
5
9
10
10
9
4
5
9
5
9
2
1
2
1
9
4
4
4
7
6
7
9
8
6
9
4
5
8
5
9
2
3
8
4
6
4
7
7
7
8
2
9
2
9
1
5
7
3
5
5
3
7
7
8
8
5
9
9
3
3
10
6
4
10
2
1
5
2
3
4
8
1
2
8
3
7
8
6
6
4
5
1
4
9
4
10
4
1
6
10
7
4
7
8
3
3
4
3
8
7
10
6
5
5
5
5
8
2
1
3
3
6
3
4
2
1
1
3
8
7
2
6
3
9
3
2
2
6
4
8
8
9
9
7
3
5
7
6
8
8
4
4
6
3
6
10
6
9
9
6
5
6
9
3
2
5
2
6
8
2
3
4
4
4
6
4
9
1
10
10
1
8
10
3
5
3
10
9
4
2
2
4
3
6
7
10
9
2
4
7
5
8
5
8
8
4
2
6
2
6
2
6
4
2
8
4
7
7
6
7
8
10
6
3
8
7
8
8
7
6
4
9
5
9
8
8
7
9
5
6
4
7
5
4
8
10
6
4
1
3
8
4
9
1
9
4
9
2
2
10
4
6
10
4
3
4
1
9
6
2
10
3
8
5
2
7
2
5
4
7
3
3
8
5
2
5
9
7
3
5
6
10
8
7
2
2
8
7
10
6
5
3
5
10
8
9
5
6
5
2
4
10
7
9
10
3
6
2
6
4
8
3
10
8
7
2
2
2
2
1
1
3
6
4
10
5
3
3
5
2
4
8
5
5
2
9
0 528 10
0 378 12
1 385 9
1 704 10
1 645 10
1 677 14
2 412 11
2 437 13
2 287 12
2 145 11
2 648 10
3 454 14
3 351 12
3 432 11
4 740 11
4 27 6
4 310 11
5 736 10
5 413 11
6 689 10
6 73 13
7 415 8
7 255 13
7 457 11
7 110 9
7 672 8
8 578 9
8 610 10
8 119 12
8 648 11
9 714 10
9 667 14
9 237 11
10 620 11
10 598 12
10 743 9
10 261 11
11 370 12
11 243 9
11 567 9
12 600 10
12 44 9
12 353 9
13 697 9
13 687 8
13 106 10
13 630 12
14 378 11
14 498 8
14 25 12
14 606 14
14 88 11
15 31 12
15 194 12
15 518 10
15 484 9
16 534 12
16 268 13
16 555 11
17 282 11
17 704 9
17 133 11
18 110 13
18 198 11
18 592 10
19 614 13
19 405 9
19 646 11
20 518 14
20 578 9
20 696 9
20 189 9
21 46 10
21 22 8
21 700 6
21 387 9
21 465 14
22 285 12
17 22 9
22 39 11
23 503 13
23 248 12
23 90 12
24 469 8
24 627 10
24 400 10
24 622 12
25 651 10
25 356 11
26 164 12
26 441 10
26 331 13
26 585 9
27 125 11
27 567 12
27 184 10
27 586 13
28 364 12
28 491 11
28 687 9
28 398 11
29 643 9
30 135 15
30 227 11
30 379 12
30 374 12
31 245 10
31 466 13
31 75 10
31 692 10
32 441 10
32 358 11
32 732 6
33 262 11
33 101 9
33 391 12
34 599 5
34 724 9
34 419 8
34 45 13
35 472 12
35 194 8
35 302 12
35 708 9
36 397 10
37 522 9
37 742 12
37 285 10
11 38 7
38 228 11
38 602 10
38 44 10
39 397 11
39 681 10
40 700 11
40 47 11
40 280 9
40 451 11
40 646 10
41 661 10
41 330 13
41 611 9
41 701 12
42 203 12
42 56 9
8 43 12
43 584 12
43 336 9
44 677 11
44 420 13
44 126 11
44 300 13
45 233 14
45 713 11
46 241 10
46 371 11
47 270 9
47 410 14
47 697 8
48 133 7
48 744 9
48 69 9
48 234 12
48 595 11
39 49 10
49 533 11
49 101 8
49 193 12
49 628 10
50 631 8
27 50 11
50 207 10
51 399 12
51 183 11
51 304 6
52 397 11
52 539 11
52 708 12
53 83 13
53 213 12
54 621 9
54 314 12
54 281 13
55 312 10
55 463 8
55 535 10
55 686 12
56 467 10
56 379 9
56 64 17
56 498 14
5 56 7
57 387 10
57 684 10
57 589 13
58 721 15
58 687 8
8 58 13
59 330 7
38 59 9
60 223 10
60 99 9
60 294 12
61 628 8
61 414 11
61 717 10
62 147 8
62 494 10
62 724 13
62 182 7
63 188 10
63 402 9
63 585 10
64 699 10
64 413 9
64 725 12
64 199 10
65 437 9
7 65 6
66 260 6
66 189 10
66 167 12
19 66 9
15 67 8
67 546 11
67 374 12
67 644 12
67 443 9
68 659 10
68 110 13
68 82 11
68 319 12
68 70 8
69 497 11
56 69 10
69 173 6
70 399 11
70 685 12
70 640 6
70 534 10
8 71 9
72 460 8
72 208 12
73 348 9
73 598 11
73 406 9
74 622 11
74 249 12
74 218 8
74 627 12
75 123 10
76 319 8
76 423 10
76 678 8
76 383 11
77 396 10
78 213 7
78 555 11
79 584 8
79 413 12
75 79 14
80 664 7
80 693 9
80 311 10
80 198 9
81 178 7
63 81 10
81 742 10
81 376 11
16 82 9
82 592 12
82 384 13
38 82 12
82 155 11
83 312 11
83 580 11
84 290 15
84 156 11
84 323 11
84 291 11
85 94 12
77 85 8
86 179 10
86 163 8
87 728 11
87 422 11
88 503 13
88 281 9
89 684 15
89 443 8
89 196 11
65 89 9
90 622 10
78 91 11
50 91 9
91 584 12
91 725 11
92 274 10
92 291 10
93 123 13
93 173 10
94 455 9
90 94 9
94 448 9
95 508 10
95 581 9
95 319 11
96 365 12
54 96 9
86 96 9
96 739 7
97 597 9
97 650 12
98 433 12
98 347 15
98 345 10
99 716 10
99 459 10
100 172 13
100 171 8
100 624 11
101 741 9
101 707 12
102 422 9
102 218 6
102 630 12
103 646 8
103 568 10
54 104 12
104 488 9
104 582 11
104 218 7
105 448 12
105 653 10
105 121 13
9 105 11
22 105 9
106 556 8
106 154 9
106 736 11
106 324 9
107 577 14
74 107 11
108 369 12
108 399 16
70 109 14
109 366 6
110 723 8
110 427 12
110 596 11
111 332 10
112 440 13
112 390 9
112 231 9
113 242 11
113 574 12
113 141 12
44 114 15
114 269 7
114 402 11
115 639 11
115 174 13
116 582 16
116 528 12
116 739 10
116 735 11
117 186 10
117 267 11
117 262 10
117 376 9
118 131 13
118 667 10
119 620 11
119 399 11
119 168 12
119 685 10
77 120 12
61 120 14
93 120 12
120 204 9
121 542 7
121 187 13
121 721 6
122 365 9
122 213 9
122 293 8
122 647 9
122 220 10
123 157 12
13 123 11
123 164 11
124 419 12
124 642 8
124 178 7
77 125 7
73 126 14
126 450 9
4 127 8
127 520 12
127 378 12
127 356 10
128 714 12
128 242 9
128 204 10
129 562 11
129 209 13
129 542 11
129 432 12
56 129 15
130 192 14
130 274 6
130 452 10
131 581 12
96 131 12
131 562 12
126 132 10
22 132 16
35 132 12
133 347 14
89 133 13
133 466 10
133 307 11
134 287 12
134 372 11
134 201 11
134 567 8
134 478 9
135 568 12
135 637 7
135 199 10
136 512 12
136 576 11
136 137 12
136 651 11
136 510 9
137 626 10
137 283 12
137 492 10
138 630 11
138 260 11
138 237 13
139 323 9
92 139 8
139 623 9
134 139 11
140 298 10
140 702 12
141 372 10
141 508 12
142 599 10
142 375 11
142 363 12
143 481 11
143 226 9
143 235 7
143 396 12
143 717 16
144 207 12
99 144 13
144 314 11
144 198 10
145 619 13
146 506 10
146 741 12
146 262 14
146 746 13
147 485 6
92 147 12
148 426 8
147 148 8
9 148 11
148 564 13
148 218 11
149 612 12
149 306 12
149 241 9
94 150 8
151 333 9
151 173 11
142 151 12
129 151 9
152 312 9
152 591 10
152 279 11
153 417 11
153 211 11
154 506 12
154 357 13
29 155 8
155 223 10
155 428 10
156 227 11
156 481 13
156 321 10
126 157 9
158 644 14
158 328 12
158 505 11
38 159 13
159 556 11
28 160 10
160 446 13
160 564 10
153 160 11
161 727 10
161 302 14
91 161 8
162 742 14
162 406 9
163 240 8
72 163 10
163 375 14
163 705 7
164 500 9
164 177 14
165 225 7
165 237 11
166 207 8
166 398 12
166 596 11
97 166 10
167 620 12
116 167 11
167 217 16
168 360 10
168 192 10
169 171 9
169 315 11
13 169 13
169 619 10
170 198 13
170 413 11
127 171 10
171 555 12
171 329 9
172 676 9
172 247 13
17 172 12
173 423 9
173 506 12
173 353 9
174 532 11
55 175 12
175 304 12
107 176 10
176 238 10
125 176 9
177 308 12
177 600 13
177 430 9
52 177 12
127 178 12
178 728 12
178 376 12
121 179 11
180 622 8
180 250 10
8 181 9
143 181 10
60 181 8
182 355 11
182 636 10
183 308 9
34 183 10
183 222 12
183 216 13
177 184 9
185 740 13
185 442 12
186 218 15
186 623 7
186 651 11
185 187 7
187 307 11
187 288 6
188 523 13
152 188 11
189 688 7
189 748 13
155 190 8
190 276 12
132 190 9
191 277 7
191 529 7
191 192 13
192 677 10
95 192 16
192 746 9
192 430 4
193 491 13
69 194 10
194 538 18
194 381 12
195 692 8
114 195 16
195 618 11
195 280 12
196 280 14
196 476 11
196 228 5
196 582 11
196 385 12
197 502 13
197 733 9
197 674 8
197 270 9
198 670 9
198 357 6
198 286 12
199 682 9
199 567 9
199 424 11
90 199 11
199 538 11
200 335 12
57 200 8
201 683 12
201 667 12
103 201 12
162 201 9
202 276 10
202 215 13
202 546 11
202 457 14
85 203 11
203 697 11
203 243 11
203 616 7
204 518 12
98 204 9
204 723 10
204 679 6
205 413 10
123 205 11
205 271 7
206 421 11
206 427 10
207 714 12
207 382 10
207 272 12
207 422 10
208 281 9
201 208 11
209 484 12
209 373 11
187 210 8
177 210 11
17 210 12
211 739 10
211 490 11
211 464 13
211 365 11
211 487 10
48 212 8
212 505 10
67 212 7
212 235 6
213 343 11
213 678 8
213 357 11
214 581 9
214 382 14
214 647 5
61 215 12
181 215 12
215 601 11
139 215 11
215 515 10
216 660 10
216 342 12
217 549 11
217 563 13
106 217 13
218 519 12
14 218 9
219 370 7
219 544 11
219 269 14
219 549 15
219 577 9
101 220 9
167 221 12
195 221 14
222 310 9
223 359 9
7 223 10
224 675 9
224 557 12
224 443 8
225 729 7
129 226 8
3 226 10
226 656 15
227 431 5
20 227 7
103 227 8
227 669 8
227 272 9
228 291 11
228 525 9
228 502 14
229 740 11
222 229 13
229 593 12
218 230 12
230 247 11
230 550 11
100 231 10
231 284 15
38 231 12
231 508 7
232 611 12
170 232 10
233 574 11
233 552 8
233 578 12
233 507 9
234 583 10
234 588 13
234 289 11
234 337 8
7 235 13
20 235 9
235 732 13
142 236 9
236 641 11
236 580 7
225 237 7
103 237 10
237 718 14
238 541 7
238 477 10
17 238 10
239 424 12
80 239 11
239 375 11
240 715 10
240 477 11
42 240 8
10 240 12
241 468 11
241 312 12
241 315 10
241 592 10
242 743 12
44 242 12
242 458 8
243 453 14
243 469 11
95 243 12
243 372 13
244 590 12
244 713 9
244 315 12
244 419 11
70 244 7
245 608 10
245 574 12
246 341 10
246 613 10
12 246 8
33 246 8
27 247 11
247 655 11
248 439 14
248 558 12
248 710 10
249 624 11
250 261 9
250 530 11
165 250 6
190 251 14
43 251 7
62 251 10
252 719 15
252 335 15
253 513 7
142 253 9
190 253 8
253 492 10
174 253 13
254 736 11
218 254 7
222 254 9
254 453 10
191 255 9
29 256 9
257 277 9
257 546 12
117 258 10
258 602 12
200 259 12
259 411 12
259 740 13
259 672 11
217 260 11
219 260 11
260 680 10
136 261 12
261 468 11
261 744 5
8 261 11
262 575 12
262 357 12
262 334 13
262 592 10
262 270 11
73 263 9
263 533 12
263 623 9
263 436 10
79 264 12
264 525 12
264 649 13
264 337 13
130 265 12
265 495 14
265 399 8
265 671 11
265 472 15
266 459 8
266 451 17
248 266 11
267 322 11
267 693 12
66 267 14
14 268 11
18 268 8
232 268 9
54 269 11
270 301 9
270 486 8
129 271 13
271 280 13
153 271 10
272 459 8
273 574 8
249 273 11
273 330 11
75 274 11
274 362 13
1 275 11
276 591 8
116 276 8
277 563 12
174 277 10
277 328 10
278 456 11
193 278 12
278 618 12
278 541 12
115 279 7
279 486 10
279 626 10
280 398 9
280 464 8
178 280 13
231 281 12
281 688 13
281 452 11
63 282 13
282 576 10
259 283 11
283 616 8
283 384 11
279 284 7
284 350 13
284 711 10
147 284 9
0 284 12
285 656 7
268 285 10
285 664 12
139 285 13
286 661 11
131 287 11
287 292 9
182 287 10
287 307 12
215 288 9
289 661 13
289 692 10
289 567 14
227 290 10
88 290 12
46 291 11
212 291 8
291 678 8
69 291 14
141 292 13
292 684 15
247 292 7
222 293 12
293 726 10
293 520 13
115 294 11
294 495 13
228 294 10
294 663 11
294 410 8
295 400 12
271 295 13
295 720 10
282 295 14
223 296 7
180 296 10
297 424 6
297 554 12
37 297 13
298 635 12
298 518 14
23 298 14
75 298 10
24 298 8
10 299 10
299 615 11
132 299 14
300 324 11
300 674 11
251 300 9
301 341 12
226 302 11
268 302 7
162 302 7
303 505 11
99 303 15
115 304 10
169 304 12
305 363 9
305 653 10
305 594 15
305 537 14
306 693 12
163 306 9
306 449 9
307 727 9
123 307 9
307 653 12
123 308 6
64 308 13
308 433 9
102 309 12
309 339 10
309 741 10
309 712 12
310 488 10
104 310 8
76 310 9
311 654 12
311 507 7
259 312 14
312 718 9
96 312 10
312 611 6
12 313 14
215 313 9
313 328 14
314 323 14
314 472 14
315 599 12
298 315 15
18 315 8
130 315 8
273 316 11
285 316 12
283 316 10
317 599 9
317 499 10
318 567 7
318 603 15
319 632 8
319 732 10
319 422 13
319 484 15
150 320 8
209 320 12
146 320 7
320 683 12
321 395 6
321 726 9
124 322 9
322 467 10
323 479 12
85 323 11
206 323 9
323 347 10
323 541 14
324 435 10
288 324 8
324 606 12
221 324 11
325 712 11
325 634 12
82 325 8
320 326 9
212 326 10
327 556 11
173 327 8
327 681 11
320 327 11
327 601 12
328 450 13
232 328 10
329 726 11
329 349 10
15 329 13
330 730 10
330 601 9
330 384 9
18 330 5
331 357 9
332 440 11
332 737 13
332 699 11
231 333 10
333 519 10
156 334 14
334 556 12
334 656 9
335 341 10
335 457 11
336 406 10
161 336 13
336 364 7
336 683 11
337 552 9
110 337 12
337 396 9
337 746 8
338 446 14
338 672 11
34 338 12
128 338 9
339 702 8
339 504 8
339 575 9
11 340 14
340 536 9
341 623 11
341 641 12
341 449 10
342 454 9
342 722 11
69 342 9
47 343 7
343 639 10
343 702 12
343 699 12
224 344 12
1 344 10
32 344 9
262 345 9
345 479 10
345 526 7
345 749 8
167 346 12
346 515 10
346 364 11
225 347 12
347 566 8
20 347 9
345 348 10
110 348 11
107 348 12
348 649 12
349 513 11
290 349 9
347 349 12
349 500 8
66 350 8
350 549 12
210 350 6
278 351 9
135 351 12
267 351 9
351 491 8
21 352 11
6 352 9
9 352 10
238 353 12
81 353 10
206 353 11
353 502 8
354 651 9
134 354 12
354 747 8
354 562 9
33 355 13
355 363 14
355 575 9
112 356 8
356 496 10
356 519 10
183 356 13
357 586 9
358 628 8
30 358 13
188 358 12
185 359 11
359 595 11
359 384 10
359 725 12
360 642 13
360 522 9
360 409 9
140 361 13
62 361 11
361 362 10
362 432 10
33 362 12
362 659 12
362 610 14
269 363 12
276 363 14
364 458 11
364 513 14
365 726 11
365 544 8
131 365 12
188 365 9
170 366 12
366 615 12
171 366 6
29 367 8
367 736 11
367 678 10
159 367 10
338 368 10
368 594 9
9 368 9
226 368 9
94 369 11
369 594 11
98 370 12
370 457 10
371 423 13
372 443 7
257 372 10
188 372 12
369 373 13
373 648 8
373 594 12
373 390 11
374 703 11
240 374 9
312 374 11
295 374 9
375 561 8
178 375 11
376 624 8
376 493 9
376 564 11
376 623 5
377 709 10
149 377 8
378 445 10
378 701 13
77 378 13
379 455 11
228 379 13
363 379 11
121 379 10
278 380 13
336 380 9
380 511 10
78 381 10
302 381 15
381 518 13
364 381 9
382 680 12
382 438 9
382 676 11
382 641 14
352 382 11
308 383 11
383 719 12
383 684 8
383 731 11
384 672 9
119 384 11
384 540 12
227 384 14
240 384 12
385 556 9
385 414 13
385 410 10
273 386 13
294 386 11
386 570 12
387 716 6
138 387 12
371 387 14
344 388 10
195 388 10
352 388 11
141 389 8
389 489 13
109 389 12
2 390 12
390 622 11
390 402 6
391 414 9
175 391 8
112 391 12
392 495 11
350 392 13
392 574 9
392 540 11
393 617 11
393 576 8
358 394 14
394 556 9
67 394 9
319 394 10
65 395 13
364 395 6
7 395 12
396 459 10
317 396 10
396 688 9
75 397 10
397 586 9
397 507 10
112 397 9
253 398 9
130 398 7
319 398 14
336 398 12
399 706 10
309 399 8
357 399 9
86 399 12
202 399 9
399 730 11
400 703 8
400 505 11
400 444 10
158 401 9
401 671 8
235 402 11
151 403 11
60 403 11
403 491 9
404 627 12
73 404 10
404 505 11
328 405 6
167 405 11
405 634 11
405 571 13
116 405 9
274 405 10
183 406 9
86 406 9
406 685 13
31 407 10
90 407 9
240 407 9
408 656 7
408 648 13
128 409 11
86 409 15
273 409 11
279 410 16
410 433 12
97 410 15
410 747 10
411 712 13
16 411 8
53 411 8
412 631 9
34 412 7
412 465 11
264 412 13
413 491 14
354 413 9
196 413 14
378 413 13
40 413 10
414 669 15
193 414 12
23 414 11
317 415 9
339 415 11
4 416 9
0 416 9
404 416 9
417 430 9
417 723 10
338 417 15
417 608 9
196 418 9
106 418 12
418 470 10
419 683 10
126 420 9
420 432 5
421 683 10
344 421 12
371 421 10
421 608 12
421 677 11
422 632 9
378 422 15
423 515 9
74 423 7
181 423 8
193 423 11
242 424 12
264 424 11
341 425 9
42 425 9
425 729 11
426 613 8
376 426 9
329 426 13
427 563 9
211 427 13
428 490 9
75 428 10
405 428 11
182 429 11
275 429 13
429 702 9
35 430 12
181 430 15
13 430 6
430 718 10
130 430 11
430 537 10
431 679 10
431 537 15
117 431 13
159 431 12
10 431 11
431 547 10
432 661 13
432 729 13
433 720 11
157 433 9
433 560 15
65 434 7
348 434 6
434 612 13
101 435 12
435 522 11
436 703 10
387 436 10
436 713 13
437 487 10
57 437 10
438 485 13
439 592 10
439 636 9
51 440 14
177 440 13
441 677 11
128 441 12
398 442 11
442 536 14
162 442 14
147 442 10
395 443 11
443 687 10
443 484 9
297 444 13
392 444 12
444 670 9
98 444 10
436 444 10
445 546 11
330 445 13
316 445 12
131 445 12
374 445 13
446 713 9
446 748 9
76 447 11
447 739 9
447 555 13
448 680 10
192 448 11
148 448 12
122 449 10
168 449 11
449 667 10
127 449 8
383 450 9
450 644 13
450 562 12
450 672 11
240 451 9
451 660 12
452 498 11
452 487 11
452 673 10
453 667 10
453 739 9
162 453 11
336 454 6
95 454 9
167 454 10
245 455 11
313 455 13
455 639 9
282 456 10
266 456 11
56 457 13
458 601 11
8 458 11
459 581 7
459 557 10
84 459 14
85 460 11
460 747 9
143 460 11
425 460 10
460 478 12
461 731 8
25 461 10
461 722 9
188 462 10
191 462 9
407 463 15
369 463 11
455 464 11
464 715 13
236 464 8
23 465 10
312 465 10
465 626 10
129 465 14
22 466 11
466 660 7
312 466 10
452 467 8
3 467 8
6 467 11
467 654 11
468 643 8
468 543 11
468 681 10
469 497 10
154 469 14
396 469 10
54 469 10
470 628 10
302 470 12
470 573 8
471 671 8
361 471 11
260 471 14
191 472 13
473 664 10
19 473 9
313 474 14
325 474 11
320 474 15
474 535 8
130 475 12
36 475 13
74 475 12
19 475 11
476 632 9
171 477 9
477 488 10
72 477 9
478 519 7
408 478 12
479 614 11
28 479 10
324 479 12
479 508 9
184 479 8
90 480 11
453 480 7
421 480 12
38 481 12
481 636 9
481 551 11
185 481 7
374 482 12
482 598 14
297 482 9
483 548 12
204 484 10
484 550 12
80 484 9
485 512 12
374 485 8
153 485 11
311 486 9
192 486 10
486 618 8
16 487 7
487 536 16
138 487 6
328 488 11
355 488 13
53 488 9
77 488 12
489 728 11
1 489 9
489 639 10
190 489 15
386 490 13
324 490 14
172 490 10
40 490 11
70 491 12
456 491 11
388 491 10
492 685 11
258 492 17
439 492 6
367 492 12
323 493 8
246 493 12
198 494 10
385 494 15
360 494 14
494 629 8
495 513 10
495 613 12
287 496 12
144 496 13
123 496 10
166 497 11
497 523 13
88 497 9
335 498 12
498 616 6
498 528 8
456 498 16
81 499 8
389 499 13
499 727 9
47 500 12
429 500 12
339 500 10
501 687 9
76 501 13
501 557 8
502 642 14
484 502 10
343 502 12
503 601 10
103 503 13
503 700 9
428 504 8
504 607 15
78 504 9
311 505 12
266 505 11
61 506 6
506 680 14
507 547 10
148 507 11
334 507 10
507 544 4
507 609 8
104 508 11
34 508 11
508 741 13
509 650 10
329 509 9
258 509 14
494 509 8
510 619 10
510 703 8
511 625 12
499 511 11
382 511 11
493 511 13
61 511 10
512 534 14
7 512 11
201 513 13
513 635 10
50 514 11
515 556 11
515 661 9
515 619 10
252 515 11
516 746 7
509 516 15
84 516 10
517 641 9
24 517 10
410 517 9
518 622 12
518 565 10
519 749 12
235 519 13
423 519 11
520 565 13
521 642 7
521 593 12
151 521 11
90 522 11
522 572 9
522 588 10
52 522 12
250 523 11
523 675 11
351 523 9
524 685 12
524 680 12
524 744 12
34 525 13
469 525 13
525 736 9
159 526 11
140 526 14
477 526 10
128 526 13
527 580 11
60 527 9
140 528 15
528 674 11
368 528 8
291 528 11
272 529 12
384 529 12
301 529 12
135 529 9
248 530 12
181 530 12
368 530 12
313 531 8
152 531 8
36 532 10
506 532 11
358 532 10
202 532 11
533 716 8
533 540 11
77 533 10
306 533 11
118 533 10
64 534 10
408 535 9
369 535 12
246 535 10
187 535 10
364 536 10
345 537 12
28 537 11
385 537 12
159 537 12
373 538 11
207 538 10
538 544 9
472 538 12
522 538 12
338 539 12
448 539 9
370 539 9
539 594 7
363 540 10
540 711 11
540 747 12
191 540 12
183 541 13
541 614 9
541 650 11
165 542 10
542 662 13
305 542 14
365 543 9
43 543 11
237 543 9
322 543 12
495 543 7
543 672 8
298 544 12
544 687 8
122 544 15
97 545 6
545 733 11
214 546 11
546 713 11
546 730 13
186 546 10
19 547 8
517 547 9
104 547 16
547 643 11
259 548 10
285 548 7
548 567 9
112 549 8
549 712 11
456 549 9
113 549 8
169 550 9
550 682 9
550 577 12
455 550 10
436 551 9
551 635 13
54 552 11
68 552 9
552 581 8
109 553 13
553 621 6
306 553 12
553 737 15
180 554 13
554 694 8
334 554 12
153 555 12
405 555 8
506 555 15
73 555 13
297 556 9
80 556 9
239 556 9
556 593 10
463 557 9
499 557 8
16 557 10
346 557 8
303 558 11
233 558 14
148 558 15
305 558 13
37 559 9
560 606 8
374 560 11
299 560 10
105 560 14
560 700 10
519 561 7
220 561 12
302 561 12
375 562 11
405 562 10
55 562 10
378 563 13
448 563 11
168 563 8
564 744 10
386 564 10
565 577 12
565 588 8
207 565 8
566 692 6
360 566 7
556 567 13
176 567 11
171 568 11
568 651 12
149 568 10
568 688 9
72 568 12
420 569 12
543 569 12
69 569 9
401 569 11
10 569 16
570 656 6
557 570 10
144 570 8
235 570 12
9 571 8
448 571 13
339 571 11
360 572 11
572 662 10
266 573 11
540 573 12
554 573 8
309 573 10
319 574 10
176 574 10
58 574 9
51 575 13
151 575 8
498 575 11
319 575 11
465 576 10
276 576 9
576 581 10
397 576 12
82 577 9
38 577 7
545 577 12
228 577 9
558 578 12
223 578 9
513 578 7
90 578 9
13 579 11
517 579 12
265 579 9
64 580 12
348 581 13
581 630 8
581 692 9
581 711 9
262 582 11
227 582 9
83 582 12
582 661 9
247 583 13
218 583 8
583 652 14
197 584 11
499 584 11
94 584 11
184 584 10
527 585 10
183 585 12
474 585 13
326 585 10
185 586 11
350 586 10
587 733 9
245 587 11
237 587 9
166 588 10
558 588 14
21 589 7
400 589 6
589 714 12
245 589 14
252 590 5
590 712 13
317 590 12
11 591 7
179 591 7
591 717 10
592 660 11
174 592 9
275 592 13
341 592 9
232 593 10
413 593 11
593 731 15
165 593 11
135 594 11
30 594 11
461 595 8
21 595 11
595 684 10
432 595 9
100 595 12
350 596 8
582 596 11
225 597 11
284 597 13
333 598 10
586 598 13
154 599 10
599 626 13
67 600 10
600 624 11
13 600 12
557 601 9
580 601 10
601 631 11
592 602 13
374 603 9
603 713 13
377 603 10
604 631 11
62 604 9
190 604 9
5 604 10
414 605 11
605 619 14
400 606 9
567 606 13
477 606 11
449 607 13
40 607 8
607 678 9
225 608 12
212 608 13
16 608 8
361 609 8
609 741 12
414 610 6
560 610 8
611 669 10
85 612 8
381 612 12
167 612 12
613 633 9
373 613 7
257 614 8
455 614 10
232 614 7
543 615 8
550 615 13
37 615 10
6 616 11
356 616 9
477 616 13
606 616 11
79 617 12
407 617 12
586 618 9
224 618 11
482 618 11
475 619 10
53 619 7
497 619 10
117 620 11
291 620 11
11 621 14
578 621 9
16 621 9
436 622 10
26 622 12
500 623 14
594 623 11
623 661 10
449 623 8
623 655 10
303 624 11
551 624 9
367 624 15
624 744 11
223 625 12
426 625 10
526 625 10
522 626 11
327 626 7
626 691 11
481 627 10
532 627 7
357 627 12
511 627 7
628 699 11
628 716 10
208 628 8
628 631 9
629 635 8
404 629 13
629 720 12
112 629 12
96 630 10
293 630 6
630 666 8
476 631 9
329 631 11
411 631 12
587 632 9
249 632 10
130 632 9
411 633 8
633 739 9
475 634 9
399 634 10
539 635 13
402 635 7
352 635 9
173 636 7
227 636 7
23 636 10
605 636 10
392 637 11
256 637 9
136 637 15
170 638 11
400 638 11
638 739 11
18 639 13
174 639 11
452 639 12
244 640 10
632 641 10
213 641 8
480 641 8
205 642 11
582 642 10
538 642 10
407 643 14
643 663 12
24 643 12
138 643 11
399 644 11
368 644 13
466 644 14
486 645 9
645 684 12
204 645 7
427 646 8
577 646 11
149 646 12
614 646 14
272 647 11
412 647 10
192 648 11
444 648 9
314 648 12
199 649 10
323 649 14
242 649 12
391 650 11
446 650 10
605 650 8
380 651 13
640 651 11
137 651 9
207 651 13
311 652 11
512 652 10
318 652 12
148 652 6
653 669 12
17 653 9
199 653 12
654 676 11
123 654 10
91 654 11
324 654 10
452 655 10
86 655 11
481 655 14
656 673 9
414 656 9
89 656 13
450 657 10
250 657 13
412 658 11
100 658 10
139 658 10
90 658 11
477 658 10
440 659 10
511 659 9
633 660 11
41 660 12
631 661 11
506 661 8
214 661 8
343 662 15
239 662 11
212 662 11
527 662 13
663 677 10
609 664 14
664 732 8
162 664 9
661 664 8
608 665 11
158 665 14
134 665 11
602 666 9
86 666 7
29 666 10
227 667 9
35 667 8
439 667 13
667 669 10
81 667 14
298 668 11
483 668 13
313 668 9
548 668 11
231 669 9
295 669 13
535 669 13
296 669 11
660 670 11
463 670 10
456 671 11
558 672 13
511 672 9
387 673 9
18 673 9
514 673 7
305 673 11
674 710 10
603 674 7
602 674 14
675 724 13
328 675 12
162 675 13
157 676 13
570 676 9
506 676 12
576 677 11
677 729 10
398 678 11
321 678 6
400 678 10
349 678 12
422 679 9
653 679 10
252 680 8
533 680 7
3 680 13
321 681 9
40 681 7
682 745 11
140 682 11
682 736 8
92 683 10
454 683 12
54 683 9
575 684 11
134 684 9
103 684 12
302 684 11
262 685 9
379 685 10
205 686 11
71 686 10
4 687 12
359 687 11
400 687 15
302 688 10
11 688 10
242 688 8
158 689 8
488 689 10
435 689 9
360 690 10
593 690 8
227 690 6
369 691 11
523 691 11
463 692 10
113 692 12
32 693 9
459 693 11
97 693 9
498 694 11
254 694 10
511 694 11
436 694 11
371 695 10
83 696 10
367 696 14
305 697 10
288 697 13
330 697 10
163 698 12
678 698 13
640 698 8
427 698 8
523 699 6
697 699 14
84 700 12
700 735 11
274 701 10
352 701 11
424 701 13
222 702 12
118 702 8
494 702 7
254 702 10
702 709 8
523 703 11
74 704 9
321 704 12
159 705 10
53 706 10
148 706 10
53 707 11
137 707 9
598 707 11
8 708 7
190 708 12
105 709 6
449 709 10
282 709 11
533 709 7
182 710 8
556 710 7
50 710 9
710 732 11
58 711 11
534 711 11
458 712 8
557 712 14
441 712 7
9 712 9
713 732 11
77 713 6
523 714 13
397 714 11
430 714 12
148 714 9
712 715 10
116 715 14
228 716 12
179 716 9
278 716 10
345 716 10
698 717 9
636 717 10
663 717 7
354 718 10
665 718 8
86 718 8
236 719 12
146 719 13
438 719 10
102 720 5
709 720 11
338 720 8
480 721 11
346 721 7
719 721 12
498 722 8
105 722 9
614 722 14
298 722 12
133 723 12
547 723 4
594 723 9
493 724 16
224 724 9
144 724 12
670 725 8
202 725 12
66 725 10
605 725 9
687 726 9
98 726 9
671 726 12
59 727 12
279 727 9
510 727 10
714 728 12
57 728 13
511 728 7
241 729 9
55 729 12
435 730 12
239 730 8
418 730 9
235 730 12
351 731 13
392 731 11
624 731 11
336 732 9
361 732 14
657 732 7
315 733 8
357 733 8
295 733 10
126 734 11
673 734 11
683 734 7
734 745 9
117 735 9
517 735 11
728 735 11
485 735 10
358 735 9
302 736 12
130 736 11
519 736 10
472 737 9
569 737 14
372 737 11
80 738 9
376 738 13
458 738 11
738 748 13
679 739 11
698 739 7
11 740 10
430 740 8
485 740 8
295 740 11
595 741 14
415 741 12
474 741 10
207 741 13
108 742 10
210 742 10
655 742 12
277 742 10
229 743 10
713 743 12
650 744 12
507 744 9
247 744 11
540 744 8
231 745 10
369 745 13
623 745 12
45 745 10
192 745 14
27 746 9
164 746 12
171 747 10
651 747 7
624 747 13
121 748 10
456 748 12
563 748 12
451 748 11
21 748 13
261 749 12
549 749 12
604 749 11
